{
  "field" : "golden",
  "symmetry" : "icosahedral",
  "orientations" : [ [ 1.0, 0.0, 0.0, 0.0, 0.0, 1.0, 0.0, 0.0, 0.0, 0.0, 1.0, 0.0, 0.0, 0.0, 0.0, 1.0 ], [ 0.0, 0.0, 1.0, 0.0, 1.0, 0.0, 0.0, 0.0, 0.0, 1.0, 0.0, 0.0, 0.0, 0.0, 0.0, 1.0 ], [ 0.0, 1.0, 0.0, 0.0, 0.0, 0.0, 1.0, 0.0, 1.0, 0.0, 0.0, 0.0, 0.0, 0.0, 0.0, 1.0 ], [ 0.809017, 0.309017, 0.5, 0.0, 0.309017, 0.5, -0.809017, 0.0, -0.5, 0.809017, 0.309017, 0.0, 0.0, 0.0, 0.0, 1.0 ], [ -0.5, 0.809017, 0.309017, 0.0, 0.809017, 0.309017, 0.5, 0.0, 0.309017, 0.5, -0.809017, 0.0, 0.0, 0.0, 0.0, 1.0 ], [ 0.309017, 0.5, -0.809017, 0.0, -0.5, 0.809017, 0.309017, 0.0, 0.809017, 0.309017, 0.5, 0.0, 0.0, 0.0, 0.0, 1.0 ], [ 0.5, 0.809017, 0.309017, 0.0, 0.809017, -0.309017, -0.5, 0.0, -0.309017, 0.5, -0.809017, 0.0, 0.0, 0.0, 0.0, 1.0 ], [ -0.309017, 0.5, -0.809017, 0.0, 0.5, 0.809017, 0.309017, 0.0, 0.809017, -0.309017, -0.5, 0.0, 0.0, 0.0, 0.0, 1.0 ], [ 0.809017, -0.309017, -0.5, 0.0, -0.309017, 0.5, -0.809017, 0.0, 0.5, 0.809017, 0.309017, 0.0, 0.0, 0.0, 0.0, 1.0 ], [ 0.5, 0.809017, -0.309017, 0.0, 0.809017, -0.309017, 0.5, 0.0, 0.309017, -0.5, -0.809017, 0.0, 0.0, 0.0, 0.0, 1.0 ], [ 0.309017, -0.5, -0.809017, 0.0, 0.5, 0.809017, -0.309017, 0.0, 0.809017, -0.309017, 0.5, 0.0, 0.0, 0.0, 0.0, 1.0 ], [ 0.809017, -0.309017, 0.5, 0.0, 0.309017, -0.5, -0.809017, 0.0, 0.5, 0.809017, -0.309017, 0.0, 0.0, 0.0, 0.0, 1.0 ], [ 0.809017, 0.309017, -0.5, 0.0, 0.309017, 0.5, 0.809017, 0.0, 0.5, -0.809017, 0.309017, 0.0, 0.0, 0.0, 0.0, 1.0 ], [ 0.5, -0.809017, 0.309017, 0.0, 0.809017, 0.309017, -0.5, 0.0, 0.309017, 0.5, 0.809017, 0.0, 0.0, 0.0, 0.0, 1.0 ], [ 0.309017, 0.5, 0.809017, 0.0, 0.5, -0.809017, 0.309017, 0.0, 0.809017, 0.309017, -0.5, 0.0, 0.0, 0.0, 0.0, 1.0 ], [ 1.0, 0.0, 0.0, 0.0, 0.0, -1.0, 0.0, 0.0, 0.0, 0.0, -1.0, 0.0, 0.0, 0.0, 0.0, 1.0 ], [ 0.0, 0.0, 1.0, 0.0, -1.0, 0.0, 0.0, 0.0, 0.0, -1.0, 0.0, 0.0, 0.0, 0.0, 0.0, 1.0 ], [ 0.0, 1.0, 0.0, 0.0, 0.0, 0.0, -1.0, 0.0, -1.0, 0.0, 0.0, 0.0, 0.0, 0.0, 0.0, 1.0 ], [ 0.809017, 0.309017, 0.5, 0.0, -0.309017, -0.5, 0.809017, 0.0, 0.5, -0.809017, -0.309017, 0.0, 0.0, 0.0, 0.0, 1.0 ], [ -0.5, 0.809017, 0.309017, 0.0, -0.809017, -0.309017, -0.5, 0.0, -0.309017, -0.5, 0.809017, 0.0, 0.0, 0.0, 0.0, 1.0 ], [ 0.309017, 0.5, -0.809017, 0.0, 0.5, -0.809017, -0.309017, 0.0, -0.809017, -0.309017, -0.5, 0.0, 0.0, 0.0, 0.0, 1.0 ], [ 0.5, 0.809017, 0.309017, 0.0, -0.809017, 0.309017, 0.5, 0.0, 0.309017, -0.5, 0.809017, 0.0, 0.0, 0.0, 0.0, 1.0 ], [ -0.309017, 0.5, -0.809017, 0.0, -0.5, -0.809017, -0.309017, 0.0, -0.809017, 0.309017, 0.5, 0.0, 0.0, 0.0, 0.0, 1.0 ], [ 0.809017, -0.309017, -0.5, 0.0, 0.309017, -0.5, 0.809017, 0.0, -0.5, -0.809017, -0.309017, 0.0, 0.0, 0.0, 0.0, 1.0 ], [ 0.5, 0.809017, -0.309017, 0.0, -0.809017, 0.309017, -0.5, 0.0, -0.309017, 0.5, 0.809017, 0.0, 0.0, 0.0, 0.0, 1.0 ], [ 0.309017, -0.5, -0.809017, 0.0, -0.5, -0.809017, 0.309017, 0.0, -0.809017, 0.309017, -0.5, 0.0, 0.0, 0.0, 0.0, 1.0 ], [ 0.809017, -0.309017, 0.5, 0.0, -0.309017, 0.5, 0.809017, 0.0, -0.5, -0.809017, 0.309017, 0.0, 0.0, 0.0, 0.0, 1.0 ], [ 0.809017, 0.309017, -0.5, 0.0, -0.309017, -0.5, -0.809017, 0.0, -0.5, 0.809017, -0.309017, 0.0, 0.0, 0.0, 0.0, 1.0 ], [ 0.5, -0.809017, 0.309017, 0.0, -0.809017, -0.309017, 0.5, 0.0, -0.309017, -0.5, -0.809017, 0.0, 0.0, 0.0, 0.0, 1.0 ], [ 0.309017, 0.5, 0.809017, 0.0, -0.5, 0.809017, -0.309017, 0.0, -0.809017, -0.309017, 0.5, 0.0, 0.0, 0.0, 0.0, 1.0 ], [ -1.0, 0.0, 0.0, 0.0, 0.0, -1.0, 0.0, 0.0, 0.0, 0.0, 1.0, 0.0, 0.0, 0.0, 0.0, 1.0 ], [ 0.0, 0.0, -1.0, 0.0, -1.0, 0.0, 0.0, 0.0, 0.0, 1.0, 0.0, 0.0, 0.0, 0.0, 0.0, 1.0 ], [ 0.0, -1.0, 0.0, 0.0, 0.0, 0.0, -1.0, 0.0, 1.0, 0.0, 0.0, 0.0, 0.0, 0.0, 0.0, 1.0 ], [ -0.809017, -0.309017, -0.5, 0.0, -0.309017, -0.5, 0.809017, 0.0, -0.5, 0.809017, 0.309017, 0.0, 0.0, 0.0, 0.0, 1.0 ], [ 0.5, -0.809017, -0.309017, 0.0, -0.809017, -0.309017, -0.5, 0.0, 0.309017, 0.5, -0.809017, 0.0, 0.0, 0.0, 0.0, 1.0 ], [ -0.309017, -0.5, 0.809017, 0.0, 0.5, -0.809017, -0.309017, 0.0, 0.809017, 0.309017, 0.5, 0.0, 0.0, 0.0, 0.0, 1.0 ], [ -0.5, -0.809017, -0.309017, 0.0, -0.809017, 0.309017, 0.5, 0.0, -0.309017, 0.5, -0.809017, 0.0, 0.0, 0.0, 0.0, 1.0 ], [ 0.309017, -0.5, 0.809017, 0.0, -0.5, -0.809017, -0.309017, 0.0, 0.809017, -0.309017, -0.5, 0.0, 0.0, 0.0, 0.0, 1.0 ], [ -0.809017, 0.309017, 0.5, 0.0, 0.309017, -0.5, 0.809017, 0.0, 0.5, 0.809017, 0.309017, 0.0, 0.0, 0.0, 0.0, 1.0 ], [ -0.5, -0.809017, 0.309017, 0.0, -0.809017, 0.309017, -0.5, 0.0, 0.309017, -0.5, -0.809017, 0.0, 0.0, 0.0, 0.0, 1.0 ], [ -0.309017, 0.5, 0.809017, 0.0, -0.5, -0.809017, 0.309017, 0.0, 0.809017, -0.309017, 0.5, 0.0, 0.0, 0.0, 0.0, 1.0 ], [ -0.809017, 0.309017, -0.5, 0.0, -0.309017, 0.5, 0.809017, 0.0, 0.5, 0.809017, -0.309017, 0.0, 0.0, 0.0, 0.0, 1.0 ], [ -0.809017, -0.309017, 0.5, 0.0, -0.309017, -0.5, -0.809017, 0.0, 0.5, -0.809017, 0.309017, 0.0, 0.0, 0.0, 0.0, 1.0 ], [ -0.5, 0.809017, -0.309017, 0.0, -0.809017, -0.309017, 0.5, 0.0, 0.309017, 0.5, 0.809017, 0.0, 0.0, 0.0, 0.0, 1.0 ], [ -0.309017, -0.5, -0.809017, 0.0, -0.5, 0.809017, -0.309017, 0.0, 0.809017, 0.309017, -0.5, 0.0, 0.0, 0.0, 0.0, 1.0 ], [ -1.0, 0.0, 0.0, 0.0, 0.0, 1.0, 0.0, 0.0, 0.0, 0.0, -1.0, 0.0, 0.0, 0.0, 0.0, 1.0 ], [ 0.0, 0.0, -1.0, 0.0, 1.0, 0.0, 0.0, 0.0, 0.0, -1.0, 0.0, 0.0, 0.0, 0.0, 0.0, 1.0 ], [ 0.0, -1.0, 0.0, 0.0, 0.0, 0.0, 1.0, 0.0, -1.0, 0.0, 0.0, 0.0, 0.0, 0.0, 0.0, 1.0 ], [ -0.809017, -0.309017, -0.5, 0.0, 0.309017, 0.5, -0.809017, 0.0, 0.5, -0.809017, -0.309017, 0.0, 0.0, 0.0, 0.0, 1.0 ], [ 0.5, -0.809017, -0.309017, 0.0, 0.809017, 0.309017, 0.5, 0.0, -0.309017, -0.5, 0.809017, 0.0, 0.0, 0.0, 0.0, 1.0 ], [ -0.309017, -0.5, 0.809017, 0.0, -0.5, 0.809017, 0.309017, 0.0, -0.809017, -0.309017, -0.5, 0.0, 0.0, 0.0, 0.0, 1.0 ], [ -0.5, -0.809017, -0.309017, 0.0, 0.809017, -0.309017, -0.5, 0.0, 0.309017, -0.5, 0.809017, 0.0, 0.0, 0.0, 0.0, 1.0 ], [ 0.309017, -0.5, 0.809017, 0.0, 0.5, 0.809017, 0.309017, 0.0, -0.809017, 0.309017, 0.5, 0.0, 0.0, 0.0, 0.0, 1.0 ], [ -0.809017, 0.309017, 0.5, 0.0, -0.309017, 0.5, -0.809017, 0.0, -0.5, -0.809017, -0.309017, 0.0, 0.0, 0.0, 0.0, 1.0 ], [ -0.5, -0.809017, 0.309017, 0.0, 0.809017, -0.309017, 0.5, 0.0, -0.309017, 0.5, 0.809017, 0.0, 0.0, 0.0, 0.0, 1.0 ], [ -0.309017, 0.5, 0.809017, 0.0, 0.5, 0.809017, -0.309017, 0.0, -0.809017, 0.309017, -0.5, 0.0, 0.0, 0.0, 0.0, 1.0 ], [ -0.809017, 0.309017, -0.5, 0.0, 0.309017, -0.5, -0.809017, 0.0, -0.5, -0.809017, 0.309017, 0.0, 0.0, 0.0, 0.0, 1.0 ], [ -0.809017, -0.309017, 0.5, 0.0, 0.309017, 0.5, 0.809017, 0.0, -0.5, 0.809017, -0.309017, 0.0, 0.0, 0.0, 0.0, 1.0 ], [ -0.5, 0.809017, -0.309017, 0.0, 0.809017, 0.309017, -0.5, 0.0, -0.309017, -0.5, -0.809017, 0.0, 0.0, 0.0, 0.0, 1.0 ], [ -0.309017, -0.5, -0.809017, 0.0, 0.5, -0.809017, 0.309017, 0.0, -0.809017, -0.309017, 0.5, 0.0, 0.0, 0.0, 0.0, 1.0 ] ],
  "lights" : {
    "directionalLights" : [ {
      "direction" : {
        "x" : 1.0,
        "y" : -1.0,
        "z" : -1.0
      },
      "color" : "#EBEBE4"
    }, {
      "direction" : {
        "x" : -1.0,
        "y" : 0.0,
        "z" : 0.0
      },
      "color" : "#E4E4EB"
    }, {
      "direction" : {
        "x" : 0.0,
        "y" : 0.0,
        "z" : -1.0
      },
      "color" : "#1E1E1E"
    } ],
    "backgroundColor" : "#AFC8DC",
    "ambientColor" : "#292929"
  },
  "camera" : {
    "nearClipDistance" : 0.52593106,
    "viewDistance" : 210.37245,
    "farClipDistance" : 420.74484,
    "lookAtPoint" : {
      "x" : -4.236068,
      "y" : -8.472136,
      "z" : 1.618034
    },
    "perspective" : true,
    "fieldOfView" : 0.44262883,
    "lookDirection" : {
      "x" : 0.21850802,
      "y" : -0.7905694,
      "z" : 0.5720614
    },
    "upDirection" : {
      "x" : -0.97103685,
      "y" : -0.2342163,
      "z" : 0.047224116
    },
    "stereo" : false,
    "position" : {
      "x" : -50.204136,
      "y" : 157.84189,
      "z" : -118.72793
    },
    "width" : 94.667595
  },
  "embedding" : [ 1.0, 0.0, 0.0, 0.0, 0.0, 1.0, 0.0, 0.0, 0.0, 0.0, 1.0, 0.0, 0.0, 0.0, 0.0, 1.0 ],
  "shapes" : [ {
    "id" : "3a87c53f-e4bd-4132-b7a5-58b395ef67ca",
    "vertices" : [ {
      "x" : 10.781153,
      "y" : 4.118034,
      "z" : -1.572949
    }, {
      "x" : 10.399187,
      "y" : 3.663119,
      "z" : -1.381966
    }, {
      "x" : 10.236068,
      "y" : 3.927051,
      "z" : -1.809017
    }, {
      "x" : 10.163119,
      "y" : 4.190983,
      "z" : -1.618034
    }, {
      "x" : 0.85410196,
      "y" : 0.309017,
      "z" : 0.19098301
    }, {
      "x" : 0.690983,
      "y" : 0.572949,
      "z" : -0.23606798
    }, {
      "x" : 0.309017,
      "y" : 0.11803399,
      "z" : -0.045084972
    }, {
      "x" : 0.76393205,
      "y" : 0.309017,
      "z" : -0.42705098
    }, {
      "x" : 0.927051,
      "y" : 0.045084972,
      "z" : 0.0
    }, {
      "x" : 10.326238,
      "y" : 3.927051,
      "z" : -1.190983
    }, {
      "x" : 11.09017,
      "y" : 4.236068,
      "z" : -1.618034
    } ],
    "faces" : [ {
      "vertices" : [ 2, 7, 5 ]
    }, {
      "vertices" : [ 2, 5, 3 ]
    }, {
      "vertices" : [ 1, 8, 7 ]
    }, {
      "vertices" : [ 1, 7, 2 ]
    }, {
      "vertices" : [ 4, 6, 8 ]
    }, {
      "vertices" : [ 5, 7, 6 ]
    }, {
      "vertices" : [ 0, 1, 2 ]
    }, {
      "vertices" : [ 0, 2, 3 ]
    }, {
      "vertices" : [ 6, 7, 8 ]
    }, {
      "vertices" : [ 3, 5, 4 ]
    }, {
      "vertices" : [ 3, 4, 9 ]
    }, {
      "vertices" : [ 1, 9, 4 ]
    }, {
      "vertices" : [ 1, 4, 8 ]
    }, {
      "vertices" : [ 0, 9, 1 ]
    }, {
      "vertices" : [ 0, 3, 9 ]
    }, {
      "vertices" : [ 4, 5, 6 ]
    } ]
  }, {
    "id" : "dc590479-c0b8-4a46-ad8f-813188f778aa",
    "vertices" : [ {
      "x" : -0.309017,
      "y" : -0.19098301,
      "z" : 0.0
    }, {
      "x" : -0.309017,
      "y" : 0.19098301,
      "z" : 0.0
    }, {
      "x" : -0.19098301,
      "y" : 0.0,
      "z" : -0.309017
    }, {
      "x" : -0.19098301,
      "y" : 0.0,
      "z" : 0.309017
    }, {
      "x" : 0.0,
      "y" : -0.309017,
      "z" : -0.19098301
    }, {
      "x" : 0.0,
      "y" : -0.309017,
      "z" : 0.19098301
    }, {
      "x" : 0.0,
      "y" : 0.309017,
      "z" : -0.19098301
    }, {
      "x" : 0.0,
      "y" : 0.309017,
      "z" : 0.19098301
    }, {
      "x" : 0.19098301,
      "y" : 0.0,
      "z" : -0.309017
    }, {
      "x" : 0.19098301,
      "y" : 0.0,
      "z" : 0.309017
    }, {
      "x" : 0.309017,
      "y" : -0.19098301,
      "z" : 0.0
    }, {
      "x" : 0.309017,
      "y" : 0.19098301,
      "z" : 0.0
    } ],
    "faces" : [ {
      "vertices" : [ 0, 1, 2 ]
    }, {
      "vertices" : [ 0, 3, 1 ]
    }, {
      "vertices" : [ 0, 2, 4 ]
    }, {
      "vertices" : [ 0, 5, 3 ]
    }, {
      "vertices" : [ 0, 4, 5 ]
    }, {
      "vertices" : [ 1, 6, 2 ]
    }, {
      "vertices" : [ 1, 3, 7 ]
    }, {
      "vertices" : [ 1, 7, 6 ]
    }, {
      "vertices" : [ 2, 8, 4 ]
    }, {
      "vertices" : [ 2, 6, 8 ]
    }, {
      "vertices" : [ 3, 5, 9 ]
    }, {
      "vertices" : [ 3, 9, 7 ]
    }, {
      "vertices" : [ 4, 10, 5 ]
    }, {
      "vertices" : [ 4, 8, 10 ]
    }, {
      "vertices" : [ 5, 10, 9 ]
    }, {
      "vertices" : [ 6, 7, 11 ]
    }, {
      "vertices" : [ 6, 11, 8 ]
    }, {
      "vertices" : [ 7, 9, 11 ]
    }, {
      "vertices" : [ 8, 11, 10 ]
    }, {
      "vertices" : [ 9, 10, 11 ]
    } ]
  }, {
    "id" : "fc9b1d59-f698-4804-8377-e0666e0fb64f",
    "vertices" : [ {
      "x" : 1.0,
      "y" : 0.309017,
      "z" : 0.19098301
    }, {
      "x" : 1.0,
      "y" : -0.309017,
      "z" : 0.19098301
    }, {
      "x" : 7.472136,
      "y" : -0.309017,
      "z" : 0.19098301
    }, {
      "x" : 7.472136,
      "y" : 0.309017,
      "z" : 0.19098301
    }, {
      "x" : 7.472136,
      "y" : -0.309017,
      "z" : -0.19098301
    }, {
      "x" : 7.472136,
      "y" : 0.309017,
      "z" : -0.19098301
    }, {
      "x" : 8.09017,
      "y" : 0.0,
      "z" : 0.0
    }, {
      "x" : 0.38196602,
      "y" : 0.0,
      "z" : 0.0
    }, {
      "x" : 1.0,
      "y" : 0.309017,
      "z" : -0.19098301
    }, {
      "x" : 1.0,
      "y" : -0.309017,
      "z" : -0.19098301
    }, {
      "x" : 8.472136,
      "y" : 0.0,
      "z" : 0.0
    } ],
    "faces" : [ {
      "vertices" : [ 1, 9, 4 ]
    }, {
      "vertices" : [ 1, 4, 2 ]
    }, {
      "vertices" : [ 0, 3, 5 ]
    }, {
      "vertices" : [ 0, 5, 8 ]
    }, {
      "vertices" : [ 1, 7, 9 ]
    }, {
      "vertices" : [ 0, 1, 2 ]
    }, {
      "vertices" : [ 0, 2, 3 ]
    }, {
      "vertices" : [ 7, 8, 9 ]
    }, {
      "vertices" : [ 0, 7, 1 ]
    }, {
      "vertices" : [ 4, 9, 8 ]
    }, {
      "vertices" : [ 4, 8, 5 ]
    }, {
      "vertices" : [ 2, 6, 3 ]
    }, {
      "vertices" : [ 2, 4, 6 ]
    }, {
      "vertices" : [ 3, 6, 5 ]
    }, {
      "vertices" : [ 4, 5, 6 ]
    }, {
      "vertices" : [ 0, 8, 7 ]
    } ]
  }, {
    "id" : "befe638f-80f2-48bc-83dc-b302fdfccd15",
    "vertices" : [ {
      "x" : -2.618034,
      "y" : -2.618034,
      "z" : 28.034441
    }, {
      "x" : -11.09017,
      "y" : -2.618034,
      "z" : 28.034441
    }, {
      "x" : -11.09017,
      "y" : -11.09017,
      "z" : 28.034441
    }, {
      "x" : -2.618034,
      "y" : -11.09017,
      "z" : 28.034441
    } ],
    "faces" : [ {
      "vertices" : [ 0, 1, 2 ]
    }, {
      "vertices" : [ 0, 2, 3 ]
    }, {
      "vertices" : [ 0, 3, 2 ]
    }, {
      "vertices" : [ 0, 2, 1 ]
    } ]
  }, {
    "id" : "93a2ac47-1940-40a8-8149-e5e8f4055733",
    "vertices" : [ {
      "x" : 4.236068,
      "y" : 0.0,
      "z" : -23.798374
    }, {
      "x" : -2.618034,
      "y" : -2.618034,
      "z" : -14.326238
    }, {
      "x" : -2.618034,
      "y" : -11.09017,
      "z" : -14.326238
    }, {
      "x" : 4.236068,
      "y" : -8.472136,
      "z" : -23.798374
    } ],
    "faces" : [ {
      "vertices" : [ 0, 1, 2 ]
    }, {
      "vertices" : [ 0, 2, 3 ]
    }, {
      "vertices" : [ 0, 3, 2 ]
    }, {
      "vertices" : [ 0, 2, 1 ]
    } ]
  }, {
    "id" : "649a2f25-4b6d-445b-a77c-fe406d1e0467",
    "vertices" : [ {
      "x" : 4.236068,
      "y" : 0.0,
      "z" : 18.562305
    }, {
      "x" : -4.236068,
      "y" : 0.0,
      "z" : 18.562305
    }, {
      "x" : -11.09017,
      "y" : -2.618034,
      "z" : 28.034441
    }, {
      "x" : -2.618034,
      "y" : -2.618034,
      "z" : 28.034441
    } ],
    "faces" : [ {
      "vertices" : [ 0, 1, 2 ]
    }, {
      "vertices" : [ 0, 2, 3 ]
    }, {
      "vertices" : [ 0, 3, 2 ]
    }, {
      "vertices" : [ 0, 2, 1 ]
    } ]
  }, {
    "id" : "c2d9a948-1a8f-4f18-a8df-57e14fd051f8",
    "vertices" : [ {
      "x" : -11.09017,
      "y" : -11.09017,
      "z" : 28.034441
    }, {
      "x" : -11.09017,
      "y" : -2.618034,
      "z" : 28.034441
    }, {
      "x" : -4.236068,
      "y" : 0.0,
      "z" : 18.562305
    }, {
      "x" : -4.236068,
      "y" : -8.472136,
      "z" : 18.562305
    } ],
    "faces" : [ {
      "vertices" : [ 0, 1, 2 ]
    }, {
      "vertices" : [ 0, 2, 3 ]
    }, {
      "vertices" : [ 0, 3, 2 ]
    }, {
      "vertices" : [ 0, 2, 1 ]
    } ]
  }, {
    "id" : "efe58056-1c77-4265-a176-8a59e2ed0338",
    "vertices" : [ {
      "x" : 6.913119,
      "y" : -11.09017,
      "z" : 2.618034
    }, {
      "x" : 6.913119,
      "y" : -11.09017,
      "z" : 11.09017
    }, {
      "x" : 6.913119,
      "y" : -2.618034,
      "z" : 11.09017
    }, {
      "x" : 6.913119,
      "y" : -2.618034,
      "z" : 2.618034
    } ],
    "faces" : [ {
      "vertices" : [ 0, 1, 2 ]
    }, {
      "vertices" : [ 0, 2, 3 ]
    }, {
      "vertices" : [ 0, 3, 2 ]
    }, {
      "vertices" : [ 0, 2, 1 ]
    } ]
  }, {
    "id" : "4a0c5d0e-0fca-4848-8812-bf0bf4b835aa",
    "vertices" : [ {
      "x" : 4.236068,
      "y" : -14.826238,
      "z" : -6.854102
    }, {
      "x" : -4.236068,
      "y" : -14.826238,
      "z" : -6.854102
    }, {
      "x" : -4.236068,
      "y" : -14.826238,
      "z" : 1.618034
    }, {
      "x" : 4.236068,
      "y" : -14.826238,
      "z" : 1.618034
    } ],
    "faces" : [ {
      "vertices" : [ 0, 1, 2 ]
    }, {
      "vertices" : [ 0, 2, 3 ]
    }, {
      "vertices" : [ 0, 3, 2 ]
    }, {
      "vertices" : [ 0, 2, 1 ]
    } ]
  }, {
    "id" : "80cc5ae6-73ce-47dd-9440-b0916c095e9c",
    "vertices" : [ {
      "x" : 4.236068,
      "y" : 6.354102,
      "z" : -6.854102
    }, {
      "x" : -2.618034,
      "y" : 3.736068,
      "z" : 2.618034
    }, {
      "x" : -11.09017,
      "y" : 3.736068,
      "z" : 2.618034
    }, {
      "x" : -4.236068,
      "y" : 6.354102,
      "z" : -6.854102
    } ],
    "faces" : [ {
      "vertices" : [ 0, 1, 2 ]
    }, {
      "vertices" : [ 0, 2, 3 ]
    }, {
      "vertices" : [ 0, 3, 2 ]
    }, {
      "vertices" : [ 0, 2, 1 ]
    } ]
  }, {
    "id" : "0c367a97-9138-47a9-aef1-507f5ffd69f2",
    "vertices" : [ {
      "x" : 9.376644,
      "y" : 1.9635255,
      "z" : -13.958204
    }, {
      "x" : 0.9045085,
      "y" : 1.9635255,
      "z" : -13.958204
    }, {
      "x" : 0.9045085,
      "y" : 1.9635255,
      "z" : -5.486068
    }, {
      "x" : 9.376644,
      "y" : 1.9635255,
      "z" : -5.486068
    } ],
    "faces" : [ {
      "vertices" : [ 0, 1, 2 ]
    }, {
      "vertices" : [ 0, 2, 3 ]
    }, {
      "vertices" : [ 0, 3, 2 ]
    }, {
      "vertices" : [ 0, 2, 1 ]
    } ]
  }, {
    "id" : "d1cd41f5-75ff-49ac-a80f-117f1f94972b",
    "vertices" : [ {
      "x" : -7.7586102,
      "y" : -4.5815597,
      "z" : 9.722136
    }, {
      "x" : -7.7586102,
      "y" : -13.053696,
      "z" : 9.722136
    }, {
      "x" : -16.230747,
      "y" : -13.053696,
      "z" : 9.722136
    }, {
      "x" : -16.230747,
      "y" : -4.5815597,
      "z" : 9.722136
    } ],
    "faces" : [ {
      "vertices" : [ 0, 1, 2 ]
    }, {
      "vertices" : [ 0, 2, 3 ]
    }, {
      "vertices" : [ 0, 3, 2 ]
    }, {
      "vertices" : [ 0, 2, 1 ]
    } ]
  }, {
    "id" : "2ca298b9-65a7-4f27-8155-16750bee4cc7",
    "vertices" : [ {
      "x" : -2.618034,
      "y" : -17.444271,
      "z" : 11.09017
    }, {
      "x" : 4.236068,
      "y" : -14.826238,
      "z" : 1.618034
    }, {
      "x" : -4.236068,
      "y" : -14.826238,
      "z" : 1.618034
    }, {
      "x" : -11.09017,
      "y" : -17.444271,
      "z" : 11.09017
    } ],
    "faces" : [ {
      "vertices" : [ 0, 1, 2 ]
    }, {
      "vertices" : [ 0, 2, 3 ]
    }, {
      "vertices" : [ 0, 3, 2 ]
    }, {
      "vertices" : [ 0, 2, 1 ]
    } ]
  }, {
    "id" : "db25f116-1dbd-4d44-9e50-1e0a882a1562",
    "vertices" : [ {
      "x" : -7.7586102,
      "y" : -4.5815597,
      "z" : 18.194271
    }, {
      "x" : -7.7586102,
      "y" : -13.053696,
      "z" : 18.194271
    }, {
      "x" : -7.7586102,
      "y" : -13.053696,
      "z" : 9.722136
    }, {
      "x" : -7.7586102,
      "y" : -4.5815597,
      "z" : 9.722136
    } ],
    "faces" : [ {
      "vertices" : [ 0, 1, 2 ]
    }, {
      "vertices" : [ 0, 2, 3 ]
    }, {
      "vertices" : [ 0, 3, 2 ]
    }, {
      "vertices" : [ 0, 2, 1 ]
    } ]
  }, {
    "id" : "17f7f24c-23ea-4f9f-a737-b27de7ee4578",
    "vertices" : [ {
      "x" : 9.376644,
      "y" : 1.9635255,
      "z" : -5.486068
    }, {
      "x" : 0.9045085,
      "y" : 1.9635255,
      "z" : -5.486068
    }, {
      "x" : 0.9045085,
      "y" : -6.5086102,
      "z" : -5.486068
    }, {
      "x" : 9.376644,
      "y" : -6.5086102,
      "z" : -5.486068
    } ],
    "faces" : [ {
      "vertices" : [ 0, 1, 2 ]
    }, {
      "vertices" : [ 0, 2, 3 ]
    }, {
      "vertices" : [ 0, 3, 2 ]
    }, {
      "vertices" : [ 0, 2, 1 ]
    } ]
  }, {
    "id" : "6abd3f4e-8e51-41a3-bc8d-92769d8f3e14",
    "vertices" : [ {
      "x" : -20.621323,
      "y" : -2.618034,
      "z" : 2.618034
    }, {
      "x" : -20.621323,
      "y" : -2.618034,
      "z" : 11.09017
    }, {
      "x" : -13.7672205,
      "y" : 0.0,
      "z" : 1.618034
    }, {
      "x" : -13.7672205,
      "y" : 0.0,
      "z" : -6.854102
    } ],
    "faces" : [ {
      "vertices" : [ 0, 1, 2 ]
    }, {
      "vertices" : [ 0, 2, 3 ]
    }, {
      "vertices" : [ 0, 3, 2 ]
    }, {
      "vertices" : [ 0, 2, 1 ]
    } ]
  }, {
    "id" : "7ee47aee-9f01-455f-aeaf-236ce053a51a",
    "vertices" : [ {
      "x" : 4.236068,
      "y" : 6.354102,
      "z" : -6.854102
    }, {
      "x" : 4.236068,
      "y" : 6.354102,
      "z" : 1.618034
    }, {
      "x" : -2.618034,
      "y" : 3.736068,
      "z" : 11.09017
    }, {
      "x" : -2.618034,
      "y" : 3.736068,
      "z" : 2.618034
    } ],
    "faces" : [ {
      "vertices" : [ 0, 1, 2 ]
    }, {
      "vertices" : [ 0, 2, 3 ]
    }, {
      "vertices" : [ 0, 3, 2 ]
    }, {
      "vertices" : [ 0, 2, 1 ]
    } ]
  }, {
    "id" : "40aa2d7f-ece6-48d7-8c58-95aee2ca2c9c",
    "vertices" : [ {
      "x" : -4.236068,
      "y" : 0.0,
      "z" : -23.798374
    }, {
      "x" : -11.09017,
      "y" : -2.618034,
      "z" : -14.326238
    }, {
      "x" : -2.618034,
      "y" : -2.618034,
      "z" : -14.326238
    }, {
      "x" : 4.236068,
      "y" : 0.0,
      "z" : -23.798374
    } ],
    "faces" : [ {
      "vertices" : [ 0, 1, 2 ]
    }, {
      "vertices" : [ 0, 2, 3 ]
    }, {
      "vertices" : [ 0, 3, 2 ]
    }, {
      "vertices" : [ 0, 2, 1 ]
    } ]
  }, {
    "id" : "63c9734a-cae1-4401-9cd0-de40aafea29e",
    "vertices" : [ {
      "x" : -11.09017,
      "y" : 3.736068,
      "z" : 11.09017
    }, {
      "x" : -4.236068,
      "y" : 6.354102,
      "z" : 1.618034
    }, {
      "x" : -4.236068,
      "y" : 6.354102,
      "z" : -6.854102
    }, {
      "x" : -11.09017,
      "y" : 3.736068,
      "z" : 2.618034
    } ],
    "faces" : [ {
      "vertices" : [ 0, 1, 2 ]
    }, {
      "vertices" : [ 0, 2, 3 ]
    }, {
      "vertices" : [ 0, 3, 2 ]
    }, {
      "vertices" : [ 0, 2, 1 ]
    } ]
  }, {
    "id" : "ac309cdd-7e17-4058-b65c-c61a741f7eed",
    "vertices" : [ {
      "x" : -16.230747,
      "y" : -4.5815597,
      "z" : 18.194271
    }, {
      "x" : -7.7586102,
      "y" : -4.5815597,
      "z" : 18.194271
    }, {
      "x" : -7.7586102,
      "y" : -4.5815597,
      "z" : 9.722136
    }, {
      "x" : -16.230747,
      "y" : -4.5815597,
      "z" : 9.722136
    } ],
    "faces" : [ {
      "vertices" : [ 0, 1, 2 ]
    }, {
      "vertices" : [ 0, 2, 3 ]
    }, {
      "vertices" : [ 0, 3, 2 ]
    }, {
      "vertices" : [ 0, 2, 1 ]
    } ]
  }, {
    "id" : "0b1f8b58-aa20-4794-83ae-069a88d1edbd",
    "vertices" : [ {
      "x" : 4.236068,
      "y" : -14.826238,
      "z" : 1.618034
    }, {
      "x" : -2.618034,
      "y" : -17.444271,
      "z" : 11.09017
    }, {
      "x" : -2.618034,
      "y" : -17.444271,
      "z" : 2.618034
    }, {
      "x" : 4.236068,
      "y" : -14.826238,
      "z" : -6.854102
    } ],
    "faces" : [ {
      "vertices" : [ 0, 1, 2 ]
    }, {
      "vertices" : [ 0, 2, 3 ]
    }, {
      "vertices" : [ 0, 3, 2 ]
    }, {
      "vertices" : [ 0, 2, 1 ]
    } ]
  }, {
    "id" : "9ca39f77-9f1b-4cd9-92b9-a0922b686eda",
    "vertices" : [ {
      "x" : -4.236068,
      "y" : -8.472136,
      "z" : -23.798374
    }, {
      "x" : 4.236068,
      "y" : -8.472136,
      "z" : -23.798374
    }, {
      "x" : -2.618034,
      "y" : -11.09017,
      "z" : -14.326238
    }, {
      "x" : -11.09017,
      "y" : -11.09017,
      "z" : -14.326238
    } ],
    "faces" : [ {
      "vertices" : [ 0, 1, 2 ]
    }, {
      "vertices" : [ 0, 2, 3 ]
    }, {
      "vertices" : [ 0, 3, 2 ]
    }, {
      "vertices" : [ 0, 2, 1 ]
    } ]
  }, {
    "id" : "f5616521-4ee8-494e-a50c-35cef13f1d81",
    "vertices" : [ {
      "x" : -4.236068,
      "y" : -8.472136,
      "z" : -23.798374
    }, {
      "x" : -11.09017,
      "y" : -11.09017,
      "z" : -14.326238
    }, {
      "x" : -11.09017,
      "y" : -2.618034,
      "z" : -14.326238
    }, {
      "x" : -4.236068,
      "y" : 0.0,
      "z" : -23.798374
    } ],
    "faces" : [ {
      "vertices" : [ 0, 1, 2 ]
    }, {
      "vertices" : [ 0, 2, 3 ]
    }, {
      "vertices" : [ 0, 3, 2 ]
    }, {
      "vertices" : [ 0, 2, 1 ]
    } ]
  }, {
    "id" : "ed79ce38-76ee-40fd-9a56-3c69eb4c9dd5",
    "vertices" : [ {
      "x" : 0.9045085,
      "y" : 1.9635255,
      "z" : -13.958204
    }, {
      "x" : 9.376644,
      "y" : 1.9635255,
      "z" : -13.958204
    }, {
      "x" : 9.376644,
      "y" : -6.5086102,
      "z" : -13.958204
    }, {
      "x" : 0.9045085,
      "y" : -6.5086102,
      "z" : -13.958204
    } ],
    "faces" : [ {
      "vertices" : [ 0, 1, 2 ]
    }, {
      "vertices" : [ 0, 2, 3 ]
    }, {
      "vertices" : [ 0, 3, 2 ]
    }, {
      "vertices" : [ 0, 2, 1 ]
    } ]
  }, {
    "id" : "c87c7922-1232-48ff-adce-e76dee01a38a",
    "vertices" : [ {
      "x" : -13.7672205,
      "y" : -8.472136,
      "z" : 1.618034
    }, {
      "x" : -20.621323,
      "y" : -11.09017,
      "z" : 11.09017
    }, {
      "x" : -20.621323,
      "y" : -11.09017,
      "z" : 2.618034
    }, {
      "x" : -13.7672205,
      "y" : -8.472136,
      "z" : -6.854102
    } ],
    "faces" : [ {
      "vertices" : [ 0, 1, 2 ]
    }, {
      "vertices" : [ 0, 2, 3 ]
    }, {
      "vertices" : [ 0, 3, 2 ]
    }, {
      "vertices" : [ 0, 2, 1 ]
    } ]
  }, {
    "id" : "32086c63-917c-4e2e-9ac6-6d044490fb52",
    "vertices" : [ {
      "x" : 13.7672205,
      "y" : 0.0,
      "z" : 1.618034
    }, {
      "x" : 13.7672205,
      "y" : 0.0,
      "z" : -6.854102
    }, {
      "x" : 6.913119,
      "y" : -2.618034,
      "z" : 2.618034
    }, {
      "x" : 6.913119,
      "y" : -2.618034,
      "z" : 11.09017
    } ],
    "faces" : [ {
      "vertices" : [ 0, 1, 2 ]
    }, {
      "vertices" : [ 0, 2, 3 ]
    }, {
      "vertices" : [ 0, 3, 2 ]
    }, {
      "vertices" : [ 0, 2, 1 ]
    } ]
  }, {
    "id" : "c023e2c7-08e9-4df8-b1ee-d732e7dbe9af",
    "vertices" : [ {
      "x" : -13.7672205,
      "y" : 0.0,
      "z" : -6.854102
    }, {
      "x" : -13.7672205,
      "y" : -8.472136,
      "z" : -6.854102
    }, {
      "x" : -20.621323,
      "y" : -11.09017,
      "z" : 2.618034
    }, {
      "x" : -20.621323,
      "y" : -2.618034,
      "z" : 2.618034
    } ],
    "faces" : [ {
      "vertices" : [ 0, 1, 2 ]
    }, {
      "vertices" : [ 0, 2, 3 ]
    }, {
      "vertices" : [ 0, 3, 2 ]
    }, {
      "vertices" : [ 0, 2, 1 ]
    } ]
  }, {
    "id" : "bbc16e10-fe29-4da0-8396-2cb860c40c32",
    "vertices" : [ {
      "x" : -11.09017,
      "y" : 3.736068,
      "z" : 11.09017
    }, {
      "x" : -2.618034,
      "y" : 3.736068,
      "z" : 11.09017
    }, {
      "x" : 4.236068,
      "y" : 6.354102,
      "z" : 1.618034
    }, {
      "x" : -4.236068,
      "y" : 6.354102,
      "z" : 1.618034
    } ],
    "faces" : [ {
      "vertices" : [ 0, 1, 2 ]
    }, {
      "vertices" : [ 0, 2, 3 ]
    }, {
      "vertices" : [ 0, 3, 2 ]
    }, {
      "vertices" : [ 0, 2, 1 ]
    } ]
  }, {
    "id" : "cff8f8ab-77df-41a1-9db8-a28028b96db8",
    "vertices" : [ {
      "x" : 13.7672205,
      "y" : -8.472136,
      "z" : -6.854102
    }, {
      "x" : 6.913119,
      "y" : -11.09017,
      "z" : 2.618034
    }, {
      "x" : 6.913119,
      "y" : -2.618034,
      "z" : 2.618034
    }, {
      "x" : 13.7672205,
      "y" : 0.0,
      "z" : -6.854102
    } ],
    "faces" : [ {
      "vertices" : [ 0, 1, 2 ]
    }, {
      "vertices" : [ 0, 2, 3 ]
    }, {
      "vertices" : [ 0, 3, 2 ]
    }, {
      "vertices" : [ 0, 2, 1 ]
    } ]
  }, {
    "id" : "0e1c1b81-378b-4556-b959-652b68eee52c",
    "vertices" : [ {
      "x" : 4.236068,
      "y" : -8.472136,
      "z" : 18.562305
    }, {
      "x" : 4.236068,
      "y" : 0.0,
      "z" : 18.562305
    }, {
      "x" : -4.236068,
      "y" : 0.0,
      "z" : 18.562305
    }, {
      "x" : -4.236068,
      "y" : -8.472136,
      "z" : 18.562305
    } ],
    "faces" : [ {
      "vertices" : [ 0, 1, 2 ]
    }, {
      "vertices" : [ 0, 2, 3 ]
    }, {
      "vertices" : [ 0, 3, 2 ]
    }, {
      "vertices" : [ 0, 2, 1 ]
    } ]
  }, {
    "id" : "dc530cea-84ff-499d-b1a3-a3c8e6cc97e5",
    "vertices" : [ {
      "x" : -2.618034,
      "y" : -17.444271,
      "z" : 11.09017
    }, {
      "x" : -11.09017,
      "y" : -17.444271,
      "z" : 11.09017
    }, {
      "x" : -11.09017,
      "y" : -17.444271,
      "z" : 2.618034
    }, {
      "x" : -2.618034,
      "y" : -17.444271,
      "z" : 2.618034
    } ],
    "faces" : [ {
      "vertices" : [ 0, 1, 2 ]
    }, {
      "vertices" : [ 0, 2, 3 ]
    }, {
      "vertices" : [ 0, 3, 2 ]
    }, {
      "vertices" : [ 0, 2, 1 ]
    } ]
  }, {
    "id" : "47f39317-f0e7-4e1d-a856-29566a4ceb79",
    "vertices" : [ {
      "x" : -4.236068,
      "y" : 6.354102,
      "z" : 1.618034
    }, {
      "x" : 4.236068,
      "y" : 6.354102,
      "z" : 1.618034
    }, {
      "x" : 4.236068,
      "y" : 6.354102,
      "z" : -6.854102
    }, {
      "x" : -4.236068,
      "y" : 6.354102,
      "z" : -6.854102
    } ],
    "faces" : [ {
      "vertices" : [ 0, 1, 2 ]
    }, {
      "vertices" : [ 0, 2, 3 ]
    }, {
      "vertices" : [ 0, 3, 2 ]
    }, {
      "vertices" : [ 0, 2, 1 ]
    } ]
  }, {
    "id" : "06d7f003-51e4-4f6e-ba6a-aeb626f1e236",
    "vertices" : [ {
      "x" : -20.621323,
      "y" : -11.09017,
      "z" : 11.09017
    }, {
      "x" : -13.7672205,
      "y" : -8.472136,
      "z" : 1.618034
    }, {
      "x" : -13.7672205,
      "y" : 0.0,
      "z" : 1.618034
    }, {
      "x" : -20.621323,
      "y" : -2.618034,
      "z" : 11.09017
    } ],
    "faces" : [ {
      "vertices" : [ 0, 1, 2 ]
    }, {
      "vertices" : [ 0, 2, 3 ]
    }, {
      "vertices" : [ 0, 3, 2 ]
    }, {
      "vertices" : [ 0, 2, 1 ]
    } ]
  }, {
    "id" : "e2271143-aee0-4c3e-9324-025dd0eaca67",
    "vertices" : [ {
      "x" : -20.621323,
      "y" : -11.09017,
      "z" : 2.618034
    }, {
      "x" : -20.621323,
      "y" : -11.09017,
      "z" : 11.09017
    }, {
      "x" : -20.621323,
      "y" : -2.618034,
      "z" : 11.09017
    }, {
      "x" : -20.621323,
      "y" : -2.618034,
      "z" : 2.618034
    } ],
    "faces" : [ {
      "vertices" : [ 0, 1, 2 ]
    }, {
      "vertices" : [ 0, 2, 3 ]
    }, {
      "vertices" : [ 0, 3, 2 ]
    }, {
      "vertices" : [ 0, 2, 1 ]
    } ]
  }, {
    "id" : "75253ac3-61ac-4ff7-9232-28a701cb7c67",
    "vertices" : [ {
      "x" : -16.230747,
      "y" : -13.053696,
      "z" : 18.194271
    }, {
      "x" : -16.230747,
      "y" : -13.053696,
      "z" : 9.722136
    }, {
      "x" : -7.7586102,
      "y" : -13.053696,
      "z" : 9.722136
    }, {
      "x" : -7.7586102,
      "y" : -13.053696,
      "z" : 18.194271
    } ],
    "faces" : [ {
      "vertices" : [ 0, 1, 2 ]
    }, {
      "vertices" : [ 0, 2, 3 ]
    }, {
      "vertices" : [ 0, 3, 2 ]
    }, {
      "vertices" : [ 0, 2, 1 ]
    } ]
  }, {
    "id" : "4bcc97d5-6faa-4e3d-b1bc-41a987372e05",
    "vertices" : [ {
      "x" : 9.376644,
      "y" : -6.5086102,
      "z" : -13.958204
    }, {
      "x" : 9.376644,
      "y" : 1.9635255,
      "z" : -13.958204
    }, {
      "x" : 9.376644,
      "y" : 1.9635255,
      "z" : -5.486068
    }, {
      "x" : 9.376644,
      "y" : -6.5086102,
      "z" : -5.486068
    } ],
    "faces" : [ {
      "vertices" : [ 0, 1, 2 ]
    }, {
      "vertices" : [ 0, 2, 3 ]
    }, {
      "vertices" : [ 0, 3, 2 ]
    }, {
      "vertices" : [ 0, 2, 1 ]
    } ]
  }, {
    "id" : "9c8f3136-68e5-4ff0-9c05-3e9cec8a685e",
    "vertices" : [ {
      "x" : -4.236068,
      "y" : 0.0,
      "z" : -23.798374
    }, {
      "x" : 4.236068,
      "y" : 0.0,
      "z" : -23.798374
    }, {
      "x" : 4.236068,
      "y" : -8.472136,
      "z" : -23.798374
    }, {
      "x" : -4.236068,
      "y" : -8.472136,
      "z" : -23.798374
    } ],
    "faces" : [ {
      "vertices" : [ 0, 1, 2 ]
    }, {
      "vertices" : [ 0, 2, 3 ]
    }, {
      "vertices" : [ 0, 3, 2 ]
    }, {
      "vertices" : [ 0, 2, 1 ]
    } ]
  }, {
    "id" : "34e805fb-1cd2-4032-9119-d58c14d5dc5f",
    "vertices" : [ {
      "x" : -2.618034,
      "y" : -11.09017,
      "z" : 28.034441
    }, {
      "x" : -11.09017,
      "y" : -11.09017,
      "z" : 28.034441
    }, {
      "x" : -4.236068,
      "y" : -8.472136,
      "z" : 18.562305
    }, {
      "x" : 4.236068,
      "y" : -8.472136,
      "z" : 18.562305
    } ],
    "faces" : [ {
      "vertices" : [ 0, 1, 2 ]
    }, {
      "vertices" : [ 0, 2, 3 ]
    }, {
      "vertices" : [ 0, 3, 2 ]
    }, {
      "vertices" : [ 0, 2, 1 ]
    } ]
  }, {
    "id" : "0f5ac04a-f743-468b-a1ce-785cb34721e0",
    "vertices" : [ {
      "x" : -11.09017,
      "y" : 3.736068,
      "z" : 11.09017
    }, {
      "x" : -2.618034,
      "y" : 3.736068,
      "z" : 11.09017
    }, {
      "x" : -2.618034,
      "y" : 3.736068,
      "z" : 2.618034
    }, {
      "x" : -11.09017,
      "y" : 3.736068,
      "z" : 2.618034
    } ],
    "faces" : [ {
      "vertices" : [ 0, 1, 2 ]
    }, {
      "vertices" : [ 0, 2, 3 ]
    }, {
      "vertices" : [ 0, 3, 2 ]
    }, {
      "vertices" : [ 0, 2, 1 ]
    } ]
  }, {
    "id" : "5ae468d7-5f86-41ba-aaa8-cb17953ae9a6",
    "vertices" : [ {
      "x" : 9.376644,
      "y" : -6.5086102,
      "z" : -13.958204
    }, {
      "x" : 9.376644,
      "y" : -6.5086102,
      "z" : -5.486068
    }, {
      "x" : 0.9045085,
      "y" : -6.5086102,
      "z" : -5.486068
    }, {
      "x" : 0.9045085,
      "y" : -6.5086102,
      "z" : -13.958204
    } ],
    "faces" : [ {
      "vertices" : [ 0, 1, 2 ]
    }, {
      "vertices" : [ 0, 2, 3 ]
    }, {
      "vertices" : [ 0, 3, 2 ]
    }, {
      "vertices" : [ 0, 2, 1 ]
    } ]
  }, {
    "id" : "2ddf9d51-7539-44e0-a9df-92e01397ae98",
    "vertices" : [ {
      "x" : 13.7672205,
      "y" : -8.472136,
      "z" : 1.618034
    }, {
      "x" : 13.7672205,
      "y" : 0.0,
      "z" : 1.618034
    }, {
      "x" : 6.913119,
      "y" : -2.618034,
      "z" : 11.09017
    }, {
      "x" : 6.913119,
      "y" : -11.09017,
      "z" : 11.09017
    } ],
    "faces" : [ {
      "vertices" : [ 0, 1, 2 ]
    }, {
      "vertices" : [ 0, 2, 3 ]
    }, {
      "vertices" : [ 0, 3, 2 ]
    }, {
      "vertices" : [ 0, 2, 1 ]
    } ]
  }, {
    "id" : "3bff63b6-e2b2-4759-8c85-511d08d8425c",
    "vertices" : [ {
      "x" : 4.236068,
      "y" : -8.472136,
      "z" : 18.562305
    }, {
      "x" : 4.236068,
      "y" : 0.0,
      "z" : 18.562305
    }, {
      "x" : -2.618034,
      "y" : -2.618034,
      "z" : 28.034441
    }, {
      "x" : -2.618034,
      "y" : -11.09017,
      "z" : 28.034441
    } ],
    "faces" : [ {
      "vertices" : [ 0, 1, 2 ]
    }, {
      "vertices" : [ 0, 2, 3 ]
    }, {
      "vertices" : [ 0, 3, 2 ]
    }, {
      "vertices" : [ 0, 2, 1 ]
    } ]
  }, {
    "id" : "9eea8bcd-cf68-4a93-aff7-4e32723ae9f9",
    "vertices" : [ {
      "x" : -2.618034,
      "y" : -11.09017,
      "z" : -14.326238
    }, {
      "x" : -2.618034,
      "y" : -2.618034,
      "z" : -14.326238
    }, {
      "x" : -11.09017,
      "y" : -2.618034,
      "z" : -14.326238
    }, {
      "x" : -11.09017,
      "y" : -11.09017,
      "z" : -14.326238
    } ],
    "faces" : [ {
      "vertices" : [ 0, 1, 2 ]
    }, {
      "vertices" : [ 0, 2, 3 ]
    }, {
      "vertices" : [ 0, 3, 2 ]
    }, {
      "vertices" : [ 0, 2, 1 ]
    } ]
  }, {
    "id" : "780b8dde-1b7b-4e52-9ee3-968e2a4728dd",
    "vertices" : [ {
      "x" : -16.230747,
      "y" : -4.5815597,
      "z" : 18.194271
    }, {
      "x" : -16.230747,
      "y" : -4.5815597,
      "z" : 9.722136
    }, {
      "x" : -16.230747,
      "y" : -13.053696,
      "z" : 9.722136
    }, {
      "x" : -16.230747,
      "y" : -13.053696,
      "z" : 18.194271
    } ],
    "faces" : [ {
      "vertices" : [ 0, 1, 2 ]
    }, {
      "vertices" : [ 0, 2, 3 ]
    }, {
      "vertices" : [ 0, 3, 2 ]
    }, {
      "vertices" : [ 0, 2, 1 ]
    } ]
  }, {
    "id" : "de2b8106-9045-4dff-ad87-120aaaf5548d",
    "vertices" : [ {
      "x" : -4.236068,
      "y" : -14.826238,
      "z" : 1.618034
    }, {
      "x" : -4.236068,
      "y" : -14.826238,
      "z" : -6.854102
    }, {
      "x" : -11.09017,
      "y" : -17.444271,
      "z" : 2.618034
    }, {
      "x" : -11.09017,
      "y" : -17.444271,
      "z" : 11.09017
    } ],
    "faces" : [ {
      "vertices" : [ 0, 1, 2 ]
    }, {
      "vertices" : [ 0, 2, 3 ]
    }, {
      "vertices" : [ 0, 3, 2 ]
    }, {
      "vertices" : [ 0, 2, 1 ]
    } ]
  }, {
    "id" : "10cb8b75-17f4-4b8f-8136-668b252906e5",
    "vertices" : [ {
      "x" : -16.230747,
      "y" : -4.5815597,
      "z" : 18.194271
    }, {
      "x" : -16.230747,
      "y" : -13.053696,
      "z" : 18.194271
    }, {
      "x" : -7.7586102,
      "y" : -13.053696,
      "z" : 18.194271
    }, {
      "x" : -7.7586102,
      "y" : -4.5815597,
      "z" : 18.194271
    } ],
    "faces" : [ {
      "vertices" : [ 0, 1, 2 ]
    }, {
      "vertices" : [ 0, 2, 3 ]
    }, {
      "vertices" : [ 0, 3, 2 ]
    }, {
      "vertices" : [ 0, 2, 1 ]
    } ]
  }, {
    "id" : "d3440168-6846-45c6-8b73-8990f4043aa2",
    "vertices" : [ {
      "x" : 13.7672205,
      "y" : -8.472136,
      "z" : -6.854102
    }, {
      "x" : 13.7672205,
      "y" : 0.0,
      "z" : -6.854102
    }, {
      "x" : 13.7672205,
      "y" : 0.0,
      "z" : 1.618034
    }, {
      "x" : 13.7672205,
      "y" : -8.472136,
      "z" : 1.618034
    } ],
    "faces" : [ {
      "vertices" : [ 0, 1, 2 ]
    }, {
      "vertices" : [ 0, 2, 3 ]
    }, {
      "vertices" : [ 0, 3, 2 ]
    }, {
      "vertices" : [ 0, 2, 1 ]
    } ]
  }, {
    "id" : "4da20ecd-a3cc-4851-860c-93a36860f773",
    "vertices" : [ {
      "x" : 6.913119,
      "y" : -11.09017,
      "z" : 2.618034
    }, {
      "x" : 13.7672205,
      "y" : -8.472136,
      "z" : -6.854102
    }, {
      "x" : 13.7672205,
      "y" : -8.472136,
      "z" : 1.618034
    }, {
      "x" : 6.913119,
      "y" : -11.09017,
      "z" : 11.09017
    } ],
    "faces" : [ {
      "vertices" : [ 0, 1, 2 ]
    }, {
      "vertices" : [ 0, 2, 3 ]
    }, {
      "vertices" : [ 0, 3, 2 ]
    }, {
      "vertices" : [ 0, 2, 1 ]
    } ]
  }, {
    "id" : "b7404654-85e5-4954-87d5-cd9a59303dfb",
    "vertices" : [ {
      "x" : -2.618034,
      "y" : -17.444271,
      "z" : 2.618034
    }, {
      "x" : -11.09017,
      "y" : -17.444271,
      "z" : 2.618034
    }, {
      "x" : -4.236068,
      "y" : -14.826238,
