{
  "field" : "golden",
  "symmetry" : "icosahedral",
  "orientations" : [ [ 1.0, 0.0, 0.0, 0.0, 0.0, 1.0, 0.0, 0.0, 0.0, 0.0, 1.0, 0.0, 0.0, 0.0, 0.0, 1.0 ], [ 0.0, 0.0, 1.0, 0.0, 1.0, 0.0, 0.0, 0.0, 0.0, 1.0, 0.0, 0.0, 0.0, 0.0, 0.0, 1.0 ], [ 0.0, 1.0, 0.0, 0.0, 0.0, 0.0, 1.0, 0.0, 1.0, 0.0, 0.0, 0.0, 0.0, 0.0, 0.0, 1.0 ], [ 0.809017, 0.309017, 0.5, 0.0, 0.309017, 0.5, -0.809017, 0.0, -0.5, 0.809017, 0.309017, 0.0, 0.0, 0.0, 0.0, 1.0 ], [ -0.5, 0.809017, 0.309017, 0.0, 0.809017, 0.309017, 0.5, 0.0, 0.309017, 0.5, -0.809017, 0.0, 0.0, 0.0, 0.0, 1.0 ], [ 0.309017, 0.5, -0.809017, 0.0, -0.5, 0.809017, 0.309017, 0.0, 0.809017, 0.309017, 0.5, 0.0, 0.0, 0.0, 0.0, 1.0 ], [ 0.5, 0.809017, 0.309017, 0.0, 0.809017, -0.309017, -0.5, 0.0, -0.309017, 0.5, -0.809017, 0.0, 0.0, 0.0, 0.0, 1.0 ], [ -0.309017, 0.5, -0.809017, 0.0, 0.5, 0.809017, 0.309017, 0.0, 0.809017, -0.309017, -0.5, 0.0, 0.0, 0.0, 0.0, 1.0 ], [ 0.809017, -0.309017, -0.5, 0.0, -0.309017, 0.5, -0.809017, 0.0, 0.5, 0.809017, 0.309017, 0.0, 0.0, 0.0, 0.0, 1.0 ], [ 0.5, 0.809017, -0.309017, 0.0, 0.809017, -0.309017, 0.5, 0.0, 0.309017, -0.5, -0.809017, 0.0, 0.0, 0.0, 0.0, 1.0 ], [ 0.309017, -0.5, -0.809017, 0.0, 0.5, 0.809017, -0.309017, 0.0, 0.809017, -0.309017, 0.5, 0.0, 0.0, 0.0, 0.0, 1.0 ], [ 0.809017, -0.309017, 0.5, 0.0, 0.309017, -0.5, -0.809017, 0.0, 0.5, 0.809017, -0.309017, 0.0, 0.0, 0.0, 0.0, 1.0 ], [ 0.809017, 0.309017, -0.5, 0.0, 0.309017, 0.5, 0.809017, 0.0, 0.5, -0.809017, 0.309017, 0.0, 0.0, 0.0, 0.0, 1.0 ], [ 0.5, -0.809017, 0.309017, 0.0, 0.809017, 0.309017, -0.5, 0.0, 0.309017, 0.5, 0.809017, 0.0, 0.0, 0.0, 0.0, 1.0 ], [ 0.309017, 0.5, 0.809017, 0.0, 0.5, -0.809017, 0.309017, 0.0, 0.809017, 0.309017, -0.5, 0.0, 0.0, 0.0, 0.0, 1.0 ], [ 1.0, 0.0, 0.0, 0.0, 0.0, -1.0, 0.0, 0.0, 0.0, 0.0, -1.0, 0.0, 0.0, 0.0, 0.0, 1.0 ], [ 0.0, 0.0, 1.0, 0.0, -1.0, 0.0, 0.0, 0.0, 0.0, -1.0, 0.0, 0.0, 0.0, 0.0, 0.0, 1.0 ], [ 0.0, 1.0, 0.0, 0.0, 0.0, 0.0, -1.0, 0.0, -1.0, 0.0, 0.0, 0.0, 0.0, 0.0, 0.0, 1.0 ], [ 0.809017, 0.309017, 0.5, 0.0, -0.309017, -0.5, 0.809017, 0.0, 0.5, -0.809017, -0.309017, 0.0, 0.0, 0.0, 0.0, 1.0 ], [ -0.5, 0.809017, 0.309017, 0.0, -0.809017, -0.309017, -0.5, 0.0, -0.309017, -0.5, 0.809017, 0.0, 0.0, 0.0, 0.0, 1.0 ], [ 0.309017, 0.5, -0.809017, 0.0, 0.5, -0.809017, -0.309017, 0.0, -0.809017, -0.309017, -0.5, 0.0, 0.0, 0.0, 0.0, 1.0 ], [ 0.5, 0.809017, 0.309017, 0.0, -0.809017, 0.309017, 0.5, 0.0, 0.309017, -0.5, 0.809017, 0.0, 0.0, 0.0, 0.0, 1.0 ], [ -0.309017, 0.5, -0.809017, 0.0, -0.5, -0.809017, -0.309017, 0.0, -0.809017, 0.309017, 0.5, 0.0, 0.0, 0.0, 0.0, 1.0 ], [ 0.809017, -0.309017, -0.5, 0.0, 0.309017, -0.5, 0.809017, 0.0, -0.5, -0.809017, -0.309017, 0.0, 0.0, 0.0, 0.0, 1.0 ], [ 0.5, 0.809017, -0.309017, 0.0, -0.809017, 0.309017, -0.5, 0.0, -0.309017, 0.5, 0.809017, 0.0, 0.0, 0.0, 0.0, 1.0 ], [ 0.309017, -0.5, -0.809017, 0.0, -0.5, -0.809017, 0.309017, 0.0, -0.809017, 0.309017, -0.5, 0.0, 0.0, 0.0, 0.0, 1.0 ], [ 0.809017, -0.309017, 0.5, 0.0, -0.309017, 0.5, 0.809017, 0.0, -0.5, -0.809017, 0.309017, 0.0, 0.0, 0.0, 0.0, 1.0 ], [ 0.809017, 0.309017, -0.5, 0.0, -0.309017, -0.5, -0.809017, 0.0, -0.5, 0.809017, -0.309017, 0.0, 0.0, 0.0, 0.0, 1.0 ], [ 0.5, -0.809017, 0.309017, 0.0, -0.809017, -0.309017, 0.5, 0.0, -0.309017, -0.5, -0.809017, 0.0, 0.0, 0.0, 0.0, 1.0 ], [ 0.309017, 0.5, 0.809017, 0.0, -0.5, 0.809017, -0.309017, 0.0, -0.809017, -0.309017, 0.5, 0.0, 0.0, 0.0, 0.0, 1.0 ], [ -1.0, 0.0, 0.0, 0.0, 0.0, -1.0, 0.0, 0.0, 0.0, 0.0, 1.0, 0.0, 0.0, 0.0, 0.0, 1.0 ], [ 0.0, 0.0, -1.0, 0.0, -1.0, 0.0, 0.0, 0.0, 0.0, 1.0, 0.0, 0.0, 0.0, 0.0, 0.0, 1.0 ], [ 0.0, -1.0, 0.0, 0.0, 0.0, 0.0, -1.0, 0.0, 1.0, 0.0, 0.0, 0.0, 0.0, 0.0, 0.0, 1.0 ], [ -0.809017, -0.309017, -0.5, 0.0, -0.309017, -0.5, 0.809017, 0.0, -0.5, 0.809017, 0.309017, 0.0, 0.0, 0.0, 0.0, 1.0 ], [ 0.5, -0.809017, -0.309017, 0.0, -0.809017, -0.309017, -0.5, 0.0, 0.309017, 0.5, -0.809017, 0.0, 0.0, 0.0, 0.0, 1.0 ], [ -0.309017, -0.5, 0.809017, 0.0, 0.5, -0.809017, -0.309017, 0.0, 0.809017, 0.309017, 0.5, 0.0, 0.0, 0.0, 0.0, 1.0 ], [ -0.5, -0.809017, -0.309017, 0.0, -0.809017, 0.309017, 0.5, 0.0, -0.309017, 0.5, -0.809017, 0.0, 0.0, 0.0, 0.0, 1.0 ], [ 0.309017, -0.5, 0.809017, 0.0, -0.5, -0.809017, -0.309017, 0.0, 0.809017, -0.309017, -0.5, 0.0, 0.0, 0.0, 0.0, 1.0 ], [ -0.809017, 0.309017, 0.5, 0.0, 0.309017, -0.5, 0.809017, 0.0, 0.5, 0.809017, 0.309017, 0.0, 0.0, 0.0, 0.0, 1.0 ], [ -0.5, -0.809017, 0.309017, 0.0, -0.809017, 0.309017, -0.5, 0.0, 0.309017, -0.5, -0.809017, 0.0, 0.0, 0.0, 0.0, 1.0 ], [ -0.309017, 0.5, 0.809017, 0.0, -0.5, -0.809017, 0.309017, 0.0, 0.809017, -0.309017, 0.5, 0.0, 0.0, 0.0, 0.0, 1.0 ], [ -0.809017, 0.309017, -0.5, 0.0, -0.309017, 0.5, 0.809017, 0.0, 0.5, 0.809017, -0.309017, 0.0, 0.0, 0.0, 0.0, 1.0 ], [ -0.809017, -0.309017, 0.5, 0.0, -0.309017, -0.5, -0.809017, 0.0, 0.5, -0.809017, 0.309017, 0.0, 0.0, 0.0, 0.0, 1.0 ], [ -0.5, 0.809017, -0.309017, 0.0, -0.809017, -0.309017, 0.5, 0.0, 0.309017, 0.5, 0.809017, 0.0, 0.0, 0.0, 0.0, 1.0 ], [ -0.309017, -0.5, -0.809017, 0.0, -0.5, 0.809017, -0.309017, 0.0, 0.809017, 0.309017, -0.5, 0.0, 0.0, 0.0, 0.0, 1.0 ], [ -1.0, 0.0, 0.0, 0.0, 0.0, 1.0, 0.0, 0.0, 0.0, 0.0, -1.0, 0.0, 0.0, 0.0, 0.0, 1.0 ], [ 0.0, 0.0, -1.0, 0.0, 1.0, 0.0, 0.0, 0.0, 0.0, -1.0, 0.0, 0.0, 0.0, 0.0, 0.0, 1.0 ], [ 0.0, -1.0, 0.0, 0.0, 0.0, 0.0, 1.0, 0.0, -1.0, 0.0, 0.0, 0.0, 0.0, 0.0, 0.0, 1.0 ], [ -0.809017, -0.309017, -0.5, 0.0, 0.309017, 0.5, -0.809017, 0.0, 0.5, -0.809017, -0.309017, 0.0, 0.0, 0.0, 0.0, 1.0 ], [ 0.5, -0.809017, -0.309017, 0.0, 0.809017, 0.309017, 0.5, 0.0, -0.309017, -0.5, 0.809017, 0.0, 0.0, 0.0, 0.0, 1.0 ], [ -0.309017, -0.5, 0.809017, 0.0, -0.5, 0.809017, 0.309017, 0.0, -0.809017, -0.309017, -0.5, 0.0, 0.0, 0.0, 0.0, 1.0 ], [ -0.5, -0.809017, -0.309017, 0.0, 0.809017, -0.309017, -0.5, 0.0, 0.309017, -0.5, 0.809017, 0.0, 0.0, 0.0, 0.0, 1.0 ], [ 0.309017, -0.5, 0.809017, 0.0, 0.5, 0.809017, 0.309017, 0.0, -0.809017, 0.309017, 0.5, 0.0, 0.0, 0.0, 0.0, 1.0 ], [ -0.809017, 0.309017, 0.5, 0.0, -0.309017, 0.5, -0.809017, 0.0, -0.5, -0.809017, -0.309017, 0.0, 0.0, 0.0, 0.0, 1.0 ], [ -0.5, -0.809017, 0.309017, 0.0, 0.809017, -0.309017, 0.5, 0.0, -0.309017, 0.5, 0.809017, 0.0, 0.0, 0.0, 0.0, 1.0 ], [ -0.309017, 0.5, 0.809017, 0.0, 0.5, 0.809017, -0.309017, 0.0, -0.809017, 0.309017, -0.5, 0.0, 0.0, 0.0, 0.0, 1.0 ], [ -0.809017, 0.309017, -0.5, 0.0, 0.309017, -0.5, -0.809017, 0.0, -0.5, -0.809017, 0.309017, 0.0, 0.0, 0.0, 0.0, 1.0 ], [ -0.809017, -0.309017, 0.5, 0.0, 0.309017, 0.5, 0.809017, 0.0, -0.5, 0.809017, -0.309017, 0.0, 0.0, 0.0, 0.0, 1.0 ], [ -0.5, 0.809017, -0.309017, 0.0, 0.809017, 0.309017, -0.5, 0.0, -0.309017, -0.5, -0.809017, 0.0, 0.0, 0.0, 0.0, 1.0 ], [ -0.309017, -0.5, -0.809017, 0.0, 0.5, -0.809017, 0.309017, 0.0, -0.809017, -0.309017, 0.5, 0.0, 0.0, 0.0, 0.0, 1.0 ] ],
  "lights" : {
    "directionalLights" : [ {
      "direction" : {
        "x" : 1.0,
        "y" : -1.0,
        "z" : -1.0
      },
      "color" : "#EBEBE4"
    }, {
      "direction" : {
        "x" : -1.0,
        "y" : 0.0,
        "z" : 0.0
      },
      "color" : "#E4E4EB"
    }, {
      "direction" : {
        "x" : 0.0,
        "y" : 0.0,
        "z" : -1.0
      },
      "color" : "#1E1E1E"
    } ],
    "ambientColor" : "#292929",
    "backgroundColor" : "#AFC8DC"
  },
  "camera" : {
    "position" : {
      "x" : -6.3712,
      "y" : -148.33209,
      "z" : -87.972084
    },
    "width" : 75.97254,
    "lookAtPoint" : {
      "x" : -6.854102,
      "y" : -4.236068,
      "z" : 0.0
    },
    "viewDistance" : 168.82784,
    "perspective" : false,
    "fieldOfView" : 0.44262898,
    "farClipDistance" : 337.65555,
    "nearClipDistance" : 0.42206964,
    "stereo" : false,
    "upDirection" : {
      "x" : 0.8580982,
      "y" : 0.26966023,
      "z" : -0.43698636
    },
    "lookDirection" : {
      "x" : -0.0028603226,
      "y" : 0.8535087,
      "z" : 0.5210757
    }
  },
  "embedding" : [ 1.0, 0.0, 0.0, 0.0, 0.0, 1.0, 0.0, 0.0, 0.0, 0.0, 1.0, 0.0, 0.0, 0.0, 0.0, 1.0 ],
  "shapes" : [ {
    "id" : "dcf9a3a9-e0f6-4002-af15-e3d779470436",
    "vertices" : [ {
      "x" : 1.0,
      "y" : 0.309017,
      "z" : 0.19098301
    }, {
      "x" : 1.0,
      "y" : -0.309017,
      "z" : 0.19098301
    }, {
      "x" : 7.472136,
      "y" : -0.309017,
      "z" : 0.19098301
    }, {
      "x" : 7.472136,
      "y" : 0.309017,
      "z" : 0.19098301
    }, {
      "x" : 7.472136,
      "y" : -0.309017,
      "z" : -0.19098301
    }, {
      "x" : 7.472136,
      "y" : 0.309017,
      "z" : -0.19098301
    }, {
      "x" : 8.09017,
      "y" : 0.0,
      "z" : 0.0
    }, {
      "x" : 0.38196602,
      "y" : 0.0,
      "z" : 0.0
    }, {
      "x" : 1.0,
      "y" : 0.309017,
      "z" : -0.19098301
    }, {
      "x" : 1.0,
      "y" : -0.309017,
      "z" : -0.19098301
    }, {
      "x" : 8.472136,
      "y" : 0.0,
      "z" : 0.0
    } ],
    "faces" : [ {
      "vertices" : [ 1, 9, 4 ]
    }, {
      "vertices" : [ 1, 4, 2 ]
    }, {
      "vertices" : [ 0, 3, 5 ]
    }, {
      "vertices" : [ 0, 5, 8 ]
    }, {
      "vertices" : [ 1, 7, 9 ]
    }, {
      "vertices" : [ 0, 1, 2 ]
    }, {
      "vertices" : [ 0, 2, 3 ]
    }, {
      "vertices" : [ 7, 8, 9 ]
    }, {
      "vertices" : [ 0, 7, 1 ]
    }, {
      "vertices" : [ 4, 9, 8 ]
    }, {
      "vertices" : [ 4, 8, 5 ]
    }, {
      "vertices" : [ 2, 6, 3 ]
    }, {
      "vertices" : [ 2, 4, 6 ]
    }, {
      "vertices" : [ 3, 6, 5 ]
    }, {
      "vertices" : [ 4, 5, 6 ]
    }, {
      "vertices" : [ 0, 8, 7 ]
    } ]
  }, {
    "id" : "b126670a-bc8d-4010-9a03-608df4821913",
    "vertices" : [ {
      "x" : 0.309017,
      "y" : -0.309017,
      "z" : -0.309017
    }, {
      "x" : 0.5,
      "y" : 0.0,
      "z" : -0.19098301
    }, {
      "x" : 0.5,
      "y" : 0.0,
      "z" : 0.19098301
    }, {
      "x" : 0.309017,
      "y" : -0.309017,
      "z" : 0.309017
    }, {
      "x" : 0.19098301,
      "y" : -0.5,
      "z" : 0.0
    }, {
      "x" : 0.0,
      "y" : 0.19098301,
      "z" : 0.5
    }, {
      "x" : 0.0,
      "y" : -0.19098301,
      "z" : 0.5
    }, {
      "x" : 0.309017,
      "y" : 0.309017,
      "z" : 0.309017
    }, {
      "x" : -0.309017,
      "y" : -0.309017,
      "z" : 0.309017
    }, {
      "x" : -0.309017,
      "y" : 0.309017,
      "z" : 0.309017
    }, {
      "x" : -0.5,
      "y" : 0.0,
      "z" : 0.19098301
    }, {
      "x" : 0.0,
      "y" : -0.19098301,
      "z" : -0.5
    }, {
      "x" : 0.0,
      "y" : 0.19098301,
      "z" : -0.5
    }, {
      "x" : 0.309017,
      "y" : 0.309017,
      "z" : -0.309017
    }, {
      "x" : -0.309017,
      "y" : -0.309017,
      "z" : -0.309017
    }, {
      "x" : -0.19098301,
      "y" : -0.5,
      "z" : 0.0
    }, {
      "x" : -0.5,
      "y" : 0.0,
      "z" : -0.19098301
    }, {
      "x" : 0.19098301,
      "y" : 0.5,
      "z" : 0.0
    }, {
      "x" : -0.309017,
      "y" : 0.309017,
      "z" : -0.309017
    }, {
      "x" : 0.0,
      "y" : 0.0,
      "z" : 0.0
    }, {
      "x" : -0.19098301,
      "y" : 0.5,
      "z" : 0.0
    } ],
    "faces" : [ {
      "vertices" : [ 12, 18, 20 ]
    }, {
      "vertices" : [ 12, 20, 17 ]
    }, {
      "vertices" : [ 12, 17, 13 ]
    }, {
      "vertices" : [ 3, 6, 8 ]
    }, {
      "vertices" : [ 3, 8, 15 ]
    }, {
      "vertices" : [ 3, 15, 4 ]
    }, {
      "vertices" : [ 0, 11, 12 ]
    }, {
      "vertices" : [ 0, 12, 13 ]
    }, {
      "vertices" : [ 0, 13, 1 ]
    }, {
      "vertices" : [ 5, 9, 10 ]
    }, {
      "vertices" : [ 5, 10, 8 ]
    }, {
      "vertices" : [ 5, 8, 6 ]
    }, {
      "vertices" : [ 2, 7, 5 ]
    }, {
      "vertices" : [ 2, 5, 6 ]
    }, {
      "vertices" : [ 2, 6, 3 ]
    }, {
      "vertices" : [ 11, 14, 16 ]
    }, {
      "vertices" : [ 11, 16, 18 ]
    }, {
      "vertices" : [ 11, 18, 12 ]
    }, {
      "vertices" : [ 1, 13, 17 ]
    }, {
      "vertices" : [ 1, 17, 7 ]
    }, {
      "vertices" : [ 1, 7, 2 ]
    }, {
      "vertices" : [ 9, 20, 18 ]
    }, {
      "vertices" : [ 9, 18, 16 ]
    }, {
      "vertices" : [ 9, 16, 10 ]
    }, {
      "vertices" : [ 0, 1, 2 ]
    }, {
      "vertices" : [ 0, 2, 3 ]
    }, {
      "vertices" : [ 0, 3, 4 ]
    }, {
      "vertices" : [ 5, 7, 17 ]
    }, {
      "vertices" : [ 5, 17, 20 ]
    }, {
      "vertices" : [ 5, 20, 9 ]
    }, {
      "vertices" : [ 0, 4, 15 ]
    }, {
      "vertices" : [ 0, 15, 14 ]
    }, {
      "vertices" : [ 0, 14, 11 ]
    }, {
      "vertices" : [ 8, 10, 16 ]
    }, {
      "vertices" : [ 8, 16, 14 ]
    }, {
      "vertices" : [ 8, 14, 15 ]
    } ]
  } ],
  "instances" : [ {
    "shape" : "dcf9a3a9-e0f6-4002-af15-e3d779470436",
    "color" : "#007695",
    "position" : {
      "x" : -13.708204,
      "y" : -13.708204,
      "z" : -3.236068
    },
    "orientation" : 26
  }, {
    "shape" : "dcf9a3a9-e0f6-4002-af15-e3d779470436",
    "color" : "#FFFF00",
    "position" : {
      "x" : -6.854102,
      "y" : -11.09017,
      "z" : -4.236068
    },
    "orientation" : 54
  }, {
    "shape" : "dcf9a3a9-e0f6-4002-af15-e3d779470436",
    "color" : "#007695",
    "position" : {
      "x" : 4.236068,
      "y" : -6.854102,
      "z" : -5.854102
    },
    "orientation" : 39
  }, {
    "shape" : "dcf9a3a9-e0f6-4002-af15-e3d779470436",
    "color" : "#007695",
    "position" : {
      "x" : -17.944271,
      "y" : -6.854102,
      "z" : -5.854102
    },
    "orientation" : 21
  }, {
    "shape" : "dcf9a3a9-e0f6-4002-af15-e3d779470436",
    "color" : "#007695",
    "position" : {
      "x" : -2.618034,
      "y" : -9.472136,
      "z" : -10.09017
    },
    "orientation" : 45
  }, {
    "shape" : "dcf9a3a9-e0f6-4002-af15-e3d779470436",
    "color" : "#FFFF00",
    "position" : {
      "x" : -2.618034,
      "y" : -4.236068,
      "z" : -6.854102
    },
    "orientation" : 39
  }, {
    "shape" : "dcf9a3a9-e0f6-4002-af15-e3d779470436",
    "color" : "#FFFF00",
    "position" : {
      "x" : 0.0,
      "y" : 0.0,
      "z" : 0.0
    },
    "orientation" : 16
  }, {
    "shape" : "dcf9a3a9-e0f6-4002-af15-e3d779470436",
    "color" : "#007695",
    "position" : {
      "x" : 4.236068,
      "y" : -6.854102,
      "z" : -5.854102
    },
    "orientation" : 2
  }, {
    "shape" : "dcf9a3a9-e0f6-4002-af15-e3d779470436",
    "color" : "#FFFF00",
    "position" : {
      "x" : 0.0,
      "y" : 0.0,
      "z" : 0.0
    },
    "orientation" : 40
  }, {
    "shape" : "dcf9a3a9-e0f6-4002-af15-e3d779470436",
    "color" : "#007695",
    "position" : {
      "x" : -6.854102,
      "y" : -11.09017,
      "z" : 9.472136
    },
    "orientation" : 54
  }, {
    "shape" : "dcf9a3a9-e0f6-4002-af15-e3d779470436",
    "color" : "#FFFF00",
    "position" : {
      "x" : -11.09017,
      "y" : -4.236068,
      "z" : 6.854102
    },
    "orientation" : 0
  }, {
    "shape" : "b126670a-bc8d-4010-9a03-608df4821913",
    "color" : "#FFFFFF",
    "position" : {
      "x" : -17.944271,
      "y" : -6.854102,
      "z" : 2.618034
    }
  }, {
    "shape" : "dcf9a3a9-e0f6-4002-af15-e3d779470436",
    "color" : "#FFFF00",
    "position" : {
      "x" : -13.708204,
      "y" : 0.0,
      "z" : 0.0
    },
    "orientation" : 37
  }, {
    "shape" : "dcf9a3a9-e0f6-4002-af15-e3d779470436",
    "color" : "#FFFF00",
    "position" : {
      "x" : -11.09017,
      "y" : -4.236068,
      "z" : 6.854102
    },
    "orientation" : 24
  }, {
    "shape" : "dcf9a3a9-e0f6-4002-af15-e3d779470436",
    "color" : "#FFFF00",
    "position" : {
      "x" : -2.618034,
      "y" : -4.236068,
      "z" : 6.854102
    },
    "orientation" : 25
  }, {
    "shape" : "dcf9a3a9-e0f6-4002-af15-e3d779470436",
    "color" : "#007695",
    "position" : {
      "x" : -13.708204,
      "y" : 0.0,
      "z" : -8.472136
    },
    "orientation" : 11
  }, {
    "shape" : "b126670a-bc8d-4010-9a03-608df4821913",
    "color" : "#FFFFFF",
    "position" : {
      "x" : -6.854102,
      "y" : -16.326239,
      "z" : -7.472136
    }
  }, {
    "shape" : "b126670a-bc8d-4010-9a03-608df4821913",
    "color" : "#FFFFFF",
    "position" : {
      "x" : 0.0,
      "y" : -13.708204,
      "z" : -3.236068
    }
  }, {
    "shape" : "dcf9a3a9-e0f6-4002-af15-e3d779470436",
    "color" : "#007695",
    "position" : {
      "x" : -6.854102,
      "y" : -16.326239,
      "z" : -7.472136
    },
    "orientation" : 54
  }, {
    "shape" : "b126670a-bc8d-4010-9a03-608df4821913",
    "color" : "#FFFFFF",
    "position" : {
      "x" : -13.708204,
      "y" : 0.0,
      "z" : -8.472136
    }
  }, {
    "shape" : "dcf9a3a9-e0f6-4002-af15-e3d779470436",
    "color" : "#FFFF00",
    "position" : {
      "x" : -13.708204,
      "y" : 0.0,
      "z" : 0.0
    },
    "orientation" : 16
  }, {
    "shape" : "dcf9a3a9-e0f6-4002-af15-e3d779470436",
    "color" : "#007695",
    "position" : {
      "x" : 0.0,
      "y" : 0.0,
      "z" : -8.472136
    },
    "orientation" : 21
  }, {
    "shape" : "b126670a-bc8d-4010-9a03-608df4821913",
    "color" : "#FFFF00",
    "position" : {
      "x" : -11.09017,
      "y" : -4.236068,
      "z" : 6.854102
    }
  }, {
    "shape" : "dcf9a3a9-e0f6-4002-af15-e3d779470436",
    "color" : "#007695",
    "position" : {
      "x" : -6.854102,
      "y" : -11.09017,
      "z" : 9.472136
    },
    "orientation" : 53
  }, {
    "shape" : "dcf9a3a9-e0f6-4002-af15-e3d779470436",
    "color" : "#FFFF00",
    "position" : {
      "x" : 0.0,
      "y" : -8.472136,
      "z" : 0.0
    },
    "orientation" : 53
  }, {
    "shape" : "dcf9a3a9-e0f6-4002-af15-e3d779470436",
    "color" : "#007695",
    "position" : {
      "x" : 4.236068,
      "y" : -6.854102,
      "z" : 2.618034
    },
    "orientation" : 38
  }, {
    "shape" : "dcf9a3a9-e0f6-4002-af15-e3d779470436",
    "color" : "#FFFF00",
    "position" : {
      "x" : -2.618034,
      "y" : -4.236068,
      "z" : 6.854102
    },
    "orientation" : 36
  }, {
    "shape" : "dcf9a3a9-e0f6-4002-af15-e3d779470436",
    "color" : "#FFFF00",
    "position" : {
      "x" : -6.854102,
      "y" : 2.618034,
      "z" : -4.236068
    },
    "orientation" : 41
  }, {
    "shape" : "b126670a-bc8d-4010-9a03-608df4821913",
    "color" : "#FFFFFF",
    "position" : {
      "x" : -13.708204,
      "y" : -13.708204,
      "z" : -3.236068
    }
  }, {
    "shape" : "dcf9a3a9-e0f6-4002-af15-e3d779470436",
    "color" : "#007695",
    "position" : {
      "x" : -2.618034,
      "y" : -9.472136,
      "z" : -10.09017
    },
    "orientation" : 39
  }, {
    "shape" : "dcf9a3a9-e0f6-4002-af15-e3d779470436",
    "color" : "#007695",
    "position" : {
      "x" : 4.236068,
      "y" : -6.854102,
      "z" : 2.618034
    },
    "orientation" : 39
  }, {
    "shape" : "dcf9a3a9-e0f6-4002-af15-e3d779470436",
    "color" : "#FFFF00",
    "position" : {
      "x" : -2.618034,
      "y" : -4.236068,
      "z" : -6.854102
    },
    "orientation" : 37
  }, {
    "shape" : "dcf9a3a9-e0f6-4002-af15-e3d779470436",
    "color" : "#FFFF00",
    "position" : {
      "x" : -11.09017,
      "y" : -4.236068,
      "z" : -6.854102
    },
    "orientation" : 9
  }, {
    "shape" : "dcf9a3a9-e0f6-4002-af15-e3d779470436",
    "color" : "#FFFF00",
    "position" : {
      "x" : 0.0,
      "y" : 0.0,
      "z" : 0.0
    },
    "orientation" : 56
  }, {
    "shape" : "dcf9a3a9-e0f6-4002-af15-e3d779470436",
    "color" : "#007695",
    "position" : {
      "x" : -2.618034,
      "y" : -4.236068,
      "z" : 6.854102
    },
    "orientation" : 39
  }, {
    "shape" : "dcf9a3a9-e0f6-4002-af15-e3d779470436",
    "color" : "#007695",
    "position" : {
      "x" : -17.944271,
      "y" : -6.854102,
      "z" : 2.618034
    },
    "orientation" : 47
  }, {
    "shape" : "b126670a-bc8d-4010-9a03-608df4821913",
    "color" : "#FFFF00",
    "position" : {
      "x" : -2.618034,
      "y" : -4.236068,
      "z" : -6.854102
    }
  }, {
    "shape" : "b126670a-bc8d-4010-9a03-608df4821913",
    "color" : "#FFFF00",
    "position" : {
      "x" : -6.854102,
      "y" : -11.09017,
      "z" : 4.236068
    }
  }, {
    "shape" : "dcf9a3a9-e0f6-4002-af15-e3d779470436",
    "color" : "#007695",
    "position" : {
      "x" : 0.0,
      "y" : -13.708204,
      "z" : 5.236068
    },
    "orientation" : 38
  }, {
    "shape" : "dcf9a3a9-e0f6-4002-af15-e3d779470436",
    "color" : "#007695",
    "position" : {
      "x" : 4.236068,
      "y" : -6.854102,
      "z" : -5.854102
    },
    "orientation" : 53
  }, {
    "shape" : "b126670a-bc8d-4010-9a03-608df4821913",
    "color" : "#FFFF00",
    "position" : {
      "x" : -2.618034,
      "y" : -4.236068,
      "z" : 6.854102
    }
  }, {
    "shape" : "dcf9a3a9-e0f6-4002-af15-e3d779470436",
    "color" : "#007695",
    "position" : {
      "x" : -6.854102,
      "y" : -16.326239,
      "z" : -7.472136
    },
    "orientation" : 2
  }, {
    "shape" : "dcf9a3a9-e0f6-4002-af15-e3d779470436",
    "color" : "#FFFF00",
    "position" : {
      "x" : 0.0,
      "y" : -8.472136,
      "z" : 0.0
    },
    "orientation" : 41
  }, {
    "shape" : "b126670a-bc8d-4010-9a03-608df4821913",
    "color" : "#FFFFFF",
    "position" : {
      "x" : 4.236068,
      "y" : -6.854102,
      "z" : -5.854102
    }
  }, {
    "shape" : "dcf9a3a9-e0f6-4002-af15-e3d779470436",
    "color" : "#007695",
    "position" : {
      "x" : -17.944271,
      "y" : -6.854102,
      "z" : -5.854102
    },
    "orientation" : 6
  }, {
    "shape" : "dcf9a3a9-e0f6-4002-af15-e3d779470436",
    "color" : "#FFFF00",
    "position" : {
      "x" : -13.708204,
      "y" : 0.0,
      "z" : 0.0
    },
    "orientation" : 25
  }, {
    "shape" : "dcf9a3a9-e0f6-4002-af15-e3d779470436",
    "color" : "#FFFF00",
    "position" : {
      "x" : -13.708204,
      "y" : -8.472136,
      "z" : 0.0
    },
    "orientation" : 26
  }, {
    "shape" : "dcf9a3a9-e0f6-4002-af15-e3d779470436",
    "color" : "#FFFF00",
    "position" : {
      "x" : -13.708204,
      "y" : 0.0,
      "z" : 0.0
    },
    "orientation" : 11
  }, {
    "shape" : "b126670a-bc8d-4010-9a03-608df4821913",
    "color" : "#FFFFFF",
    "position" : {
      "x" : -6.854102,
      "y" : -11.09017,
      "z" : 9.472136
    }
  }, {
    "shape" : "dcf9a3a9-e0f6-4002-af15-e3d779470436",
    "color" : "#007695",
    "position" : {
      "x" : -17.944271,
      "y" : -6.854102,
      "z" : 2.618034
    },
    "orientation" : 6
  }, {
    "shape" : "dcf9a3a9-e0f6-4002-af15-e3d779470436",
    "color" : "#007695",
    "position" : {
      "x" : -11.09017,
      "y" : -9.472136,
      "z" : -10.09017
    },
    "orientation" : 38
  }, {
    "shape" : "dcf9a3a9-e0f6-4002-af15-e3d779470436",
    "color" : "#007695",
    "position" : {
      "x" : 0.0,
      "y" : 0.0,
      "z" : 0.0
    },
    "orientation" : 47
  }, {
    "shape" : "dcf9a3a9-e0f6-4002-af15-e3d779470436",
    "color" : "#007695",
    "position" : {
      "x" : 0.0,
      "y" : -13.708204,
      "z" : -3.236068
    },
    "orientation" : 2
  }, {
    "shape" : "b126670a-bc8d-4010-9a03-608df4821913",
    "color" : "#FFFF00",
    "position" : {
      "x" : -13.708204,
      "y" : -8.472136,
      "z" : 0.0
    }
  }, {
    "shape" : "b126670a-bc8d-4010-9a03-608df4821913",
    "color" : "#FFFF00",
    "position" : {
      "x" : 0.0,
      "y" : -8.472136,
      "z" : 0.0
    }
  }, {
    "shape" : "b126670a-bc8d-4010-9a03-608df4821913",
    "color" : "#FFFFFF",
    "position" : {
      "x" : -6.854102,
      "y" : -16.326239,
      "z" : 1.0
    }
  }, {
    "shape" : "dcf9a3a9-e0f6-4002-af15-e3d779470436",
    "color" : "#007695",
    "position" : {
      "x" : -6.854102,
      "y" : -16.326239,
      "z" : 1.0
    },
    "orientation" : 11
  }, {
    "shape" : "b126670a-bc8d-4010-9a03-608df4821913",
    "color" : "#FFFF00",
    "position" : {
      "x" : -6.854102,
      "y" : -11.09017,
      "z" : -4.236068
    }
  }, {
    "shape" : "b126670a-bc8d-4010-9a03-608df4821913",
    "color" : "#FFFFFF",
    "position" : {
      "x" : 0.0,
      "y" : 0.0,
      "z" : 0.0
    }
  }, {
    "shape" : "dcf9a3a9-e0f6-4002-af15-e3d779470436",
    "color" : "#FFFF00",
    "position" : {
      "x" : -6.854102,
      "y" : 2.618034,
      "z" : 4.236068
    },
    "orientation" : 47
  }, {
    "shape" : "b126670a-bc8d-4010-9a03-608df4821913",
    "color" : "#FFFF00",
    "position" : {
      "x" : -13.708204,
      "y" : 0.0,
      "z" : 0.0
    }
  }, {
    "shape" : "dcf9a3a9-e0f6-4002-af15-e3d779470436",
    "color" : "#007695",
    "position" : {
      "x" : -13.708204,
      "y" : 0.0,
      "z" : -8.472136
    },
    "orientation" : 26
  }, {
    "shape" : "dcf9a3a9-e0f6-4002-af15-e3d779470436",
    "color" : "#FFFF00",
    "position" : {
      "x" : -2.618034,
      "y" : -4.236068,
      "z" : -6.854102
    },
    "orientation" : 51
  }, {
    "shape" : "b126670a-bc8d-4010-9a03-608df4821913",
    "color" : "#FFFFFF",
    "position" : {
      "x" : -6.854102,
      "y" : -2.618034,
      "z" : -12.708204
    }
  }, {
    "shape" : "b126670a-bc8d-4010-9a03-608df4821913",
    "color" : "#FFFFFF",
    "position" : {
      "x" : -13.708204,
      "y" : -13.708204,
      "z" : 5.236068
    }
  }, {
    "shape" : "b126670a-bc8d-4010-9a03-608df4821913",
    "color" : "#FFFF00",
    "position" : {
      "x" : -6.854102,
      "y" : 2.618034,
      "z" : -4.236068
    }
  }, {
    "shape" : "dcf9a3a9-e0f6-4002-af15-e3d779470436",
    "color" : "#007695",
    "position" : {
      "x" : 0.0,
      "y" : -13.708204,
      "z" : -3.236068
    },
    "orientation" : 41
  }, {
    "shape" : "dcf9a3a9-e0f6-4002-af15-e3d779470436",
    "color" : "#FFFF00",
    "position" : {
      "x" : -13.708204,
      "y" : -8.472136,
      "z" : 0.0
    },
    "orientation" : 52
  }, {
    "shape" : "dcf9a3a9-e0f6-4002-af15-e3d779470436",
    "color" : "#007695",
    "position" : {
      "x" : -13.708204,
      "y" : -13.708204,
      "z" : -3.236068
    },
    "orientation" : 52
  }, {
    "shape" : "b126670a-bc8d-4010-9a03-608df4821913",
    "color" : "#FFFFFF",
    "position" : {
      "x" : 0.0,
      "y" : -13.708204,
      "z" : 5.236068
    }
  }, {
    "shape" : "dcf9a3a9-e0f6-4002-af15-e3d779470436",
    "color" : "#007695",
    "position" : {
      "x" : 0.0,
      "y" : 0.0,
      "z" : -8.472136
    },
    "orientation" : 53
  }, {
    "shape" : "dcf9a3a9-e0f6-4002-af15-e3d779470436",
    "color" : "#FFFF00",
    "position" : {
      "x" : -13.708204,
      "y" : -8.472136,
      "z" : 0.0
    },
    "orientation" : 8
  }, {
    "shape" : "dcf9a3a9-e0f6-4002-af15-e3d779470436",
    "color" : "#007695",
    "position" : {
      "x" : -6.854102,
      "y" : 2.618034,
      "z" : -4.236068
    },
    "orientation" : 26
  }, {
    "shape" : "dcf9a3a9-e0f6-4002-af15-e3d779470436",
    "color" : "#FFFF00",
    "position" : {
      "x" : -11.09017,
      "y" : -4.236068,
      "z" : -6.854102
    },
    "orientation" : 0
  }, {
    "shape" : "dcf9a3a9-e0f6-4002-af15-e3d779470436",
    "color" : "#007695",
    "position" : {
      "x" : -11.09017,
      "y" : -9.472136,
      "z" : -10.09017
    },
    "orientation" : 6
  }, {
    "shape" : "b126670a-bc8d-4010-9a03-608df4821913",
    "color" : "#FFFFFF",
    "position" : {
      "x" : -11.09017,
      "y" : -9.472136,
      "z" : -10.09017
    }
  }, {
    "shape" : "dcf9a3a9-e0f6-4002-af15-e3d779470436",
    "color" : "#007695",
    "position" : {
      "x" : 0.0,
      "y" : 0.0,
      "z" : 0.0
    },
    "orientation" : 21
  }, {
    "shape" : "b126670a-bc8d-4010-9a03-608df4821913",
    "color" : "#FFFF00",
    "position" : {
      "x" : -6.854102,
      "y" : 2.618034,
      "z" : 4.236068
    }
  }, {
    "shape" : "dcf9a3a9-e0f6-4002-af15-e3d779470436",
    "color" : "#007695",
    "position" : {
      "x" : 0.0,
      "y" : -13.708204,
      "z" : -3.236068
    },
    "orientation" : 53
  }, {
    "shape" : "dcf9a3a9-e0f6-4002-af15-e3d779470436",
    "color" : "#FFFF00",
    "position" : {
      "x" : 0.0,
      "y" : 0.0,
      "z" : 0.0
    },
    "orientation" : 38
  }, {
    "shape" : "b126670a-bc8d-4010-9a03-608df4821913",
    "color" : "#FFFFFF",
    "position" : {
      "x" : 0.0,
      "y" : 0.0,
      "z" : -8.472136
    }
  }, {
    "shape" : "dcf9a3a9-e0f6-4002-af15-e3d779470436",
    "color" : "#007695",
    "position" : {
      "x" : -13.708204,
      "y" : -13.708204,
      "z" : -3.236068
    },
    "orientation" : 2
  }, {
    "shape" : "dcf9a3a9-e0f6-4002-af15-e3d779470436",
    "color" : "#FFFF00",
    "position" : {
      "x" : -11.09017,
      "y" : -4.236068,
      "z" : 6.854102
    },
    "orientation" : 6
  }, {
    "shape" : "b126670a-bc8d-4010-9a03-608df4821913",
    "color" : "#FFFFFF",
    "position" : {
      "x" : -17.944271,
      "y" : -6.854102,
      "z" : -5.854102
    }
  }, {
    "shape" : "dcf9a3a9-e0f6-4002-af15-e3d779470436",
    "color" : "#FFFF00",
    "position" : {
      "x" : -6.854102,
      "y" : -11.09017,
      "z" : -4.236068
    },
    "orientation" : 2
  }, {
    "shape" : "dcf9a3a9-e0f6-4002-af15-e3d779470436",
    "color" : "#FFFF00",
    "position" : {
      "x" : -11.09017,
      "y" : -4.236068,
      "z" : 6.854102
    },
    "orientation" : 22
  }, {
    "shape" : "b126670a-bc8d-4010-9a03-608df4821913",
    "color" : "#FFFF00",
    "position" : {
      "x" : -11.09017,
      "y" : -4.236068,
      "z" : -6.854102
    }
  }, {
    "shape" : "dcf9a3a9-e0f6-4002-af15-e3d779470436",
    "color" : "#FFFF00",
    "position" : {
      "x" : -2.618034,
      "y" : -4.236068,
      "z" : 6.854102
    },
    "orientation" : 54
  }, {
    "shape" : "dcf9a3a9-e0f6-4002-af15-e3d779470436",
    "color" : "#007695",
    "position" : {
      "x" : -11.09017,
      "y" : -4.236068,
      "z" : 6.854102
    },
    "orientation" : 53
  }, {
    "shape" : "dcf9a3a9-e0f6-4002-af15-e3d779470436",
    "color" : "#007695",
    "position" : {
      "x" : -6.854102,
      "y" : -2.618034,
      "z" : -12.708204
    },
    "orientation" : 21
  }, {
    "shape" : "b126670a-bc8d-4010-9a03-608df4821913",
    "color" : "#FFFFFF",
    "position" : {
      "x" : -2.618034,
      "y" : -9.472136,
      "z" : -10.09017
    }
  }, {
    "shape" : "b126670a-bc8d-4010-9a03-608df4821913",
    "color" : "#FFFFFF",
    "position" : {
      "x" : 4.236068,
      "y" : -6.854102,
      "z" : 2.618034
    }
  }, {
    "shape" : "dcf9a3a9-e0f6-4002-af15-e3d779470436",
    "color" : "#FFFF00",
    "position" : {
      "x" : 0.0,
      "y" : 0.0,
      "z" : 0.0
    },
    "orientation" : 22
  }, {
    "shape" : "dcf9a3a9-e0f6-4002-af15-e3d779470436",
    "color" : "#007695",
    "position" : {
      "x" : -13.708204,
      "y" : -13.708204,
      "z" : 5.236068
    },
    "orientation" : 54
  }, {
    "shape" : "dcf9a3a9-e0f6-4002-af15-e3d779470436",
    "color" : "#007695",
    "position" : {
      "x" : -6.854102,
      "y" : -16.326239,
      "z" : 1.0
    },
    "orientation" : 56
  }, {
    "shape" : "dcf9a3a9-e0f6-4002-af15-e3d779470436",
    "color" : "#007695",
    "position" : {
      "x" : -13.708204,
      "y" : 0.0,
      "z" : 0.0
    },
    "orientation" : 47
  }, {
    "shape" : "dcf9a3a9-e0f6-4002-af15-e3d779470436",
    "color" : "#007695",
    "position" : {
      "x" : -6.854102,
      "y" : -16.326239,
      "z" : 1.0
    },
    "orientation" : 38
  } ]
}