{
  "polygons" : "true",
  "field" : "golden",
  "symmetry" : "icosahedral",
  "orientations" : [ [ 1.0, 0.0, 0.0, 0.0, 0.0, 1.0, 0.0, 0.0, 0.0, 0.0, 1.0, 0.0, 0.0, 0.0, 0.0, 1.0 ], [ 0.0, 0.0, 1.0, 0.0, 1.0, 0.0, 0.0, 0.0, 0.0, 1.0, 0.0, 0.0, 0.0, 0.0, 0.0, 1.0 ], [ 0.0, 1.0, 0.0, 0.0, 0.0, 0.0, 1.0, 0.0, 1.0, 0.0, 0.0, 0.0, 0.0, 0.0, 0.0, 1.0 ], [ 0.809017, 0.309017, 0.5, 0.0, 0.309017, 0.5, -0.809017, 0.0, -0.5, 0.809017, 0.309017, 0.0, 0.0, 0.0, 0.0, 1.0 ], [ -0.5, 0.809017, 0.309017, 0.0, 0.809017, 0.309017, 0.5, 0.0, 0.309017, 0.5, -0.809017, 0.0, 0.0, 0.0, 0.0, 1.0 ], [ 0.309017, 0.5, -0.809017, 0.0, -0.5, 0.809017, 0.309017, 0.0, 0.809017, 0.309017, 0.5, 0.0, 0.0, 0.0, 0.0, 1.0 ], [ 0.5, 0.809017, 0.309017, 0.0, 0.809017, -0.309017, -0.5, 0.0, -0.309017, 0.5, -0.809017, 0.0, 0.0, 0.0, 0.0, 1.0 ], [ -0.309017, 0.5, -0.809017, 0.0, 0.5, 0.809017, 0.309017, 0.0, 0.809017, -0.309017, -0.5, 0.0, 0.0, 0.0, 0.0, 1.0 ], [ 0.809017, -0.309017, -0.5, 0.0, -0.309017, 0.5, -0.809017, 0.0, 0.5, 0.809017, 0.309017, 0.0, 0.0, 0.0, 0.0, 1.0 ], [ 0.5, 0.809017, -0.309017, 0.0, 0.809017, -0.309017, 0.5, 0.0, 0.309017, -0.5, -0.809017, 0.0, 0.0, 0.0, 0.0, 1.0 ], [ 0.309017, -0.5, -0.809017, 0.0, 0.5, 0.809017, -0.309017, 0.0, 0.809017, -0.309017, 0.5, 0.0, 0.0, 0.0, 0.0, 1.0 ], [ 0.809017, -0.309017, 0.5, 0.0, 0.309017, -0.5, -0.809017, 0.0, 0.5, 0.809017, -0.309017, 0.0, 0.0, 0.0, 0.0, 1.0 ], [ 0.809017, 0.309017, -0.5, 0.0, 0.309017, 0.5, 0.809017, 0.0, 0.5, -0.809017, 0.309017, 0.0, 0.0, 0.0, 0.0, 1.0 ], [ 0.5, -0.809017, 0.309017, 0.0, 0.809017, 0.309017, -0.5, 0.0, 0.309017, 0.5, 0.809017, 0.0, 0.0, 0.0, 0.0, 1.0 ], [ 0.309017, 0.5, 0.809017, 0.0, 0.5, -0.809017, 0.309017, 0.0, 0.809017, 0.309017, -0.5, 0.0, 0.0, 0.0, 0.0, 1.0 ], [ 1.0, 0.0, 0.0, 0.0, 0.0, -1.0, 0.0, 0.0, 0.0, 0.0, -1.0, 0.0, 0.0, 0.0, 0.0, 1.0 ], [ 0.0, 0.0, 1.0, 0.0, -1.0, 0.0, 0.0, 0.0, 0.0, -1.0, 0.0, 0.0, 0.0, 0.0, 0.0, 1.0 ], [ 0.0, 1.0, 0.0, 0.0, 0.0, 0.0, -1.0, 0.0, -1.0, 0.0, 0.0, 0.0, 0.0, 0.0, 0.0, 1.0 ], [ 0.809017, 0.309017, 0.5, 0.0, -0.309017, -0.5, 0.809017, 0.0, 0.5, -0.809017, -0.309017, 0.0, 0.0, 0.0, 0.0, 1.0 ], [ -0.5, 0.809017, 0.309017, 0.0, -0.809017, -0.309017, -0.5, 0.0, -0.309017, -0.5, 0.809017, 0.0, 0.0, 0.0, 0.0, 1.0 ], [ 0.309017, 0.5, -0.809017, 0.0, 0.5, -0.809017, -0.309017, 0.0, -0.809017, -0.309017, -0.5, 0.0, 0.0, 0.0, 0.0, 1.0 ], [ 0.5, 0.809017, 0.309017, 0.0, -0.809017, 0.309017, 0.5, 0.0, 0.309017, -0.5, 0.809017, 0.0, 0.0, 0.0, 0.0, 1.0 ], [ -0.309017, 0.5, -0.809017, 0.0, -0.5, -0.809017, -0.309017, 0.0, -0.809017, 0.309017, 0.5, 0.0, 0.0, 0.0, 0.0, 1.0 ], [ 0.809017, -0.309017, -0.5, 0.0, 0.309017, -0.5, 0.809017, 0.0, -0.5, -0.809017, -0.309017, 0.0, 0.0, 0.0, 0.0, 1.0 ], [ 0.5, 0.809017, -0.309017, 0.0, -0.809017, 0.309017, -0.5, 0.0, -0.309017, 0.5, 0.809017, 0.0, 0.0, 0.0, 0.0, 1.0 ], [ 0.309017, -0.5, -0.809017, 0.0, -0.5, -0.809017, 0.309017, 0.0, -0.809017, 0.309017, -0.5, 0.0, 0.0, 0.0, 0.0, 1.0 ], [ 0.809017, -0.309017, 0.5, 0.0, -0.309017, 0.5, 0.809017, 0.0, -0.5, -0.809017, 0.309017, 0.0, 0.0, 0.0, 0.0, 1.0 ], [ 0.809017, 0.309017, -0.5, 0.0, -0.309017, -0.5, -0.809017, 0.0, -0.5, 0.809017, -0.309017, 0.0, 0.0, 0.0, 0.0, 1.0 ], [ 0.5, -0.809017, 0.309017, 0.0, -0.809017, -0.309017, 0.5, 0.0, -0.309017, -0.5, -0.809017, 0.0, 0.0, 0.0, 0.0, 1.0 ], [ 0.309017, 0.5, 0.809017, 0.0, -0.5, 0.809017, -0.309017, 0.0, -0.809017, -0.309017, 0.5, 0.0, 0.0, 0.0, 0.0, 1.0 ], [ -1.0, 0.0, 0.0, 0.0, 0.0, -1.0, 0.0, 0.0, 0.0, 0.0, 1.0, 0.0, 0.0, 0.0, 0.0, 1.0 ], [ 0.0, 0.0, -1.0, 0.0, -1.0, 0.0, 0.0, 0.0, 0.0, 1.0, 0.0, 0.0, 0.0, 0.0, 0.0, 1.0 ], [ 0.0, -1.0, 0.0, 0.0, 0.0, 0.0, -1.0, 0.0, 1.0, 0.0, 0.0, 0.0, 0.0, 0.0, 0.0, 1.0 ], [ -0.809017, -0.309017, -0.5, 0.0, -0.309017, -0.5, 0.809017, 0.0, -0.5, 0.809017, 0.309017, 0.0, 0.0, 0.0, 0.0, 1.0 ], [ 0.5, -0.809017, -0.309017, 0.0, -0.809017, -0.309017, -0.5, 0.0, 0.309017, 0.5, -0.809017, 0.0, 0.0, 0.0, 0.0, 1.0 ], [ -0.309017, -0.5, 0.809017, 0.0, 0.5, -0.809017, -0.309017, 0.0, 0.809017, 0.309017, 0.5, 0.0, 0.0, 0.0, 0.0, 1.0 ], [ -0.5, -0.809017, -0.309017, 0.0, -0.809017, 0.309017, 0.5, 0.0, -0.309017, 0.5, -0.809017, 0.0, 0.0, 0.0, 0.0, 1.0 ], [ 0.309017, -0.5, 0.809017, 0.0, -0.5, -0.809017, -0.309017, 0.0, 0.809017, -0.309017, -0.5, 0.0, 0.0, 0.0, 0.0, 1.0 ], [ -0.809017, 0.309017, 0.5, 0.0, 0.309017, -0.5, 0.809017, 0.0, 0.5, 0.809017, 0.309017, 0.0, 0.0, 0.0, 0.0, 1.0 ], [ -0.5, -0.809017, 0.309017, 0.0, -0.809017, 0.309017, -0.5, 0.0, 0.309017, -0.5, -0.809017, 0.0, 0.0, 0.0, 0.0, 1.0 ], [ -0.309017, 0.5, 0.809017, 0.0, -0.5, -0.809017, 0.309017, 0.0, 0.809017, -0.309017, 0.5, 0.0, 0.0, 0.0, 0.0, 1.0 ], [ -0.809017, 0.309017, -0.5, 0.0, -0.309017, 0.5, 0.809017, 0.0, 0.5, 0.809017, -0.309017, 0.0, 0.0, 0.0, 0.0, 1.0 ], [ -0.809017, -0.309017, 0.5, 0.0, -0.309017, -0.5, -0.809017, 0.0, 0.5, -0.809017, 0.309017, 0.0, 0.0, 0.0, 0.0, 1.0 ], [ -0.5, 0.809017, -0.309017, 0.0, -0.809017, -0.309017, 0.5, 0.0, 0.309017, 0.5, 0.809017, 0.0, 0.0, 0.0, 0.0, 1.0 ], [ -0.309017, -0.5, -0.809017, 0.0, -0.5, 0.809017, -0.309017, 0.0, 0.809017, 0.309017, -0.5, 0.0, 0.0, 0.0, 0.0, 1.0 ], [ -1.0, 0.0, 0.0, 0.0, 0.0, 1.0, 0.0, 0.0, 0.0, 0.0, -1.0, 0.0, 0.0, 0.0, 0.0, 1.0 ], [ 0.0, 0.0, -1.0, 0.0, 1.0, 0.0, 0.0, 0.0, 0.0, -1.0, 0.0, 0.0, 0.0, 0.0, 0.0, 1.0 ], [ 0.0, -1.0, 0.0, 0.0, 0.0, 0.0, 1.0, 0.0, -1.0, 0.0, 0.0, 0.0, 0.0, 0.0, 0.0, 1.0 ], [ -0.809017, -0.309017, -0.5, 0.0, 0.309017, 0.5, -0.809017, 0.0, 0.5, -0.809017, -0.309017, 0.0, 0.0, 0.0, 0.0, 1.0 ], [ 0.5, -0.809017, -0.309017, 0.0, 0.809017, 0.309017, 0.5, 0.0, -0.309017, -0.5, 0.809017, 0.0, 0.0, 0.0, 0.0, 1.0 ], [ -0.309017, -0.5, 0.809017, 0.0, -0.5, 0.809017, 0.309017, 0.0, -0.809017, -0.309017, -0.5, 0.0, 0.0, 0.0, 0.0, 1.0 ], [ -0.5, -0.809017, -0.309017, 0.0, 0.809017, -0.309017, -0.5, 0.0, 0.309017, -0.5, 0.809017, 0.0, 0.0, 0.0, 0.0, 1.0 ], [ 0.309017, -0.5, 0.809017, 0.0, 0.5, 0.809017, 0.309017, 0.0, -0.809017, 0.309017, 0.5, 0.0, 0.0, 0.0, 0.0, 1.0 ], [ -0.809017, 0.309017, 0.5, 0.0, -0.309017, 0.5, -0.809017, 0.0, -0.5, -0.809017, -0.309017, 0.0, 0.0, 0.0, 0.0, 1.0 ], [ -0.5, -0.809017, 0.309017, 0.0, 0.809017, -0.309017, 0.5, 0.0, -0.309017, 0.5, 0.809017, 0.0, 0.0, 0.0, 0.0, 1.0 ], [ -0.309017, 0.5, 0.809017, 0.0, 0.5, 0.809017, -0.309017, 0.0, -0.809017, 0.309017, -0.5, 0.0, 0.0, 0.0, 0.0, 1.0 ], [ -0.809017, 0.309017, -0.5, 0.0, 0.309017, -0.5, -0.809017, 0.0, -0.5, -0.809017, 0.309017, 0.0, 0.0, 0.0, 0.0, 1.0 ], [ -0.809017, -0.309017, 0.5, 0.0, 0.309017, 0.5, 0.809017, 0.0, -0.5, 0.809017, -0.309017, 0.0, 0.0, 0.0, 0.0, 1.0 ], [ -0.5, 0.809017, -0.309017, 0.0, 0.809017, 0.309017, -0.5, 0.0, -0.309017, -0.5, -0.809017, 0.0, 0.0, 0.0, 0.0, 1.0 ], [ -0.309017, -0.5, -0.809017, 0.0, 0.5, -0.809017, 0.309017, 0.0, -0.809017, -0.309017, 0.5, 0.0, 0.0, 0.0, 0.0, 1.0 ] ],
  "lights" : {
    "directionalLights" : [ {
      "direction" : [ 1.0, -1.0, -1.0 ],
      "color" : "#EBEBE4"
    }, {
      "direction" : [ -1.0, 0.0, 0.0 ],
      "color" : "#E4E4EB"
    }, {
      "direction" : [ 0.0, 0.0, -1.0 ],
      "color" : "#1E1E1E"
    } ],
    "ambientColor" : "#292929",
    "backgroundColor" : "#AFC8DC"
  },
  "camera" : {
    "position" : {
      "x" : 98.46017,
      "y" : -102.748405,
      "z" : 70.908585
    },
    "width" : 71.548225,
    "nearClipDistance" : 0.39749017,
    "fieldOfView" : 0.44262886,
    "farClipDistance" : 317.992,
    "lookAtPoint" : {
      "x" : 0.0,
      "y" : 0.0,
      "z" : 0.0
    },
    "perspective" : true,
    "viewDistance" : 158.99606,
    "lookDirection" : {
      "x" : -0.6192617,
      "y" : 0.64623237,
      "z" : -0.44597697
    },
    "upDirection" : {
      "x" : 0.49096683,
      "y" : -0.12456375,
      "z" : -0.86222494
    },
    "stereo" : false
  },
  "embedding" : [ 1.0, 0.0, 0.0, 0.0, 0.0, 1.0, 0.0, 0.0, 0.0, 0.0, 1.0, 0.0, 0.0, 0.0, 0.0, 1.0 ],
  "shapes" : [ {
    "id" : "1038fd75-12a6-4aef-bfa4-757070087dd3",
    "orbit" : "24",
    "name" : "long",
    "vertices" : [ {
      "x" : 2.8706443,
      "y" : 0.13333334,
      "z" : -13.074124
    }, {
      "x" : 2.9706442,
      "y" : -0.26666668,
      "z" : -13.174125
    }, {
      "x" : 0.36542365,
      "y" : -0.13333334,
      "z" : -0.63407916
    }, {
      "x" : 0.26542366,
      "y" : 0.26666668,
      "z" : -0.53407913
    }, {
      "x" : 3.2706444,
      "y" : -0.13333334,
      "z" : -12.940791
    }, {
      "x" : 3.1706443,
      "y" : 0.26666668,
      "z" : -12.840792
    }, {
      "x" : -0.034576353,
      "y" : 0.13333334,
      "z" : -0.7674125
    }, {
      "x" : 0.065423645,
      "y" : -0.26666668,
      "z" : -0.8674125
    } ],
    "faces" : [ {
      "vertices" : [ 2, 3, 6, 7 ]
    }, {
      "vertices" : [ 0, 5, 4, 1 ]
    }, {
      "vertices" : [ 2, 4, 5, 3 ]
    }, {
      "vertices" : [ 0, 6, 3, 5 ]
    }, {
      "vertices" : [ 0, 1, 7, 6 ]
    }, {
      "vertices" : [ 1, 4, 2, 7 ]
    } ]
  }, {
    "id" : "a15dbaee-760f-4f8b-b035-caa86081de1a",
    "name" : "ball",
    "vertices" : [ {
      "x" : 0.309017,
      "y" : -0.309017,
      "z" : -0.309017
    }, {
      "x" : 0.5,
      "y" : 0.0,
      "z" : -0.19098301
    }, {
      "x" : 0.5,
      "y" : 0.0,
      "z" : 0.19098301
    }, {
      "x" : 0.309017,
      "y" : -0.309017,
      "z" : 0.309017
    }, {
      "x" : 0.19098301,
      "y" : -0.5,
      "z" : 0.0
    }, {
      "x" : 0.0,
      "y" : 0.19098301,
      "z" : 0.5
    }, {
      "x" : 0.0,
      "y" : -0.19098301,
      "z" : 0.5
    }, {
      "x" : 0.309017,
      "y" : 0.309017,
      "z" : 0.309017
    }, {
      "x" : -0.309017,
      "y" : -0.309017,
      "z" : 0.309017
    }, {
      "x" : -0.309017,
      "y" : 0.309017,
      "z" : 0.309017
    }, {
      "x" : -0.5,
      "y" : 0.0,
      "z" : 0.19098301
    }, {
      "x" : 0.0,
      "y" : -0.19098301,
      "z" : -0.5
    }, {
      "x" : 0.0,
      "y" : 0.19098301,
      "z" : -0.5
    }, {
      "x" : 0.309017,
      "y" : 0.309017,
      "z" : -0.309017
    }, {
      "x" : -0.309017,
      "y" : -0.309017,
      "z" : -0.309017
    }, {
      "x" : -0.19098301,
      "y" : -0.5,
      "z" : 0.0
    }, {
      "x" : -0.5,
      "y" : 0.0,
      "z" : -0.19098301
    }, {
      "x" : 0.19098301,
      "y" : 0.5,
      "z" : 0.0
    }, {
      "x" : -0.309017,
      "y" : 0.309017,
      "z" : -0.309017
    }, {
      "x" : 0.0,
      "y" : 0.0,
      "z" : 0.0
    }, {
      "x" : -0.19098301,
      "y" : 0.5,
      "z" : 0.0
    } ],
    "faces" : [ {
      "vertices" : [ 12, 18, 20, 17, 13 ]
    }, {
      "vertices" : [ 3, 6, 8, 15, 4 ]
    }, {
      "vertices" : [ 0, 11, 12, 13, 1 ]
    }, {
      "vertices" : [ 5, 9, 10, 8, 6 ]
    }, {
      "vertices" : [ 2, 7, 5, 6, 3 ]
    }, {
      "vertices" : [ 11, 14, 16, 18, 12 ]
    }, {
      "vertices" : [ 1, 13, 17, 7, 2 ]
    }, {
      "vertices" : [ 9, 20, 18, 16, 10 ]
    }, {
      "vertices" : [ 0, 1, 2, 3, 4 ]
    }, {
      "vertices" : [ 5, 7, 17, 20, 9 ]
    }, {
      "vertices" : [ 0, 4, 15, 14, 11 ]
    }, {
      "vertices" : [ 8, 10, 16, 14, 15 ]
    } ]
  }, {
    "id" : "358188cc-719a-49a9-8388-9419fedbbe4c",
    "orbit" : "blue",
    "name" : " :-4 +7/2*phi",
    "vertices" : [ {
      "x" : 1.0,
      "y" : 0.309017,
      "z" : 0.19098301
    }, {
      "x" : 1.0,
      "y" : -0.309017,
      "z" : 0.19098301
    }, {
      "x" : 13.09017,
      "y" : -0.309017,
      "z" : 0.19098301
    }, {
      "x" : 13.09017,
      "y" : 0.309017,
      "z" : 0.19098301
    }, {
      "x" : 13.09017,
      "y" : -0.309017,
      "z" : -0.19098301
    }, {
      "x" : 13.09017,
      "y" : 0.309017,
      "z" : -0.19098301
    }, {
      "x" : 13.708204,
      "y" : 0.0,
      "z" : 0.0
    }, {
      "x" : 0.38196602,
      "y" : 0.0,
      "z" : 0.0
    }, {
      "x" : 1.0,
      "y" : 0.309017,
      "z" : -0.19098301
    }, {
      "x" : 1.0,
      "y" : -0.309017,
      "z" : -0.19098301
    }, {
      "x" : 14.09017,
      "y" : 0.0,
      "z" : 0.0
    } ],
    "faces" : [ {
      "vertices" : [ 1, 9, 4, 2 ]
    }, {
      "vertices" : [ 0, 3, 5, 8 ]
    }, {
      "vertices" : [ 1, 7, 9 ]
    }, {
      "vertices" : [ 0, 1, 2, 3 ]
    }, {
      "vertices" : [ 7, 8, 9 ]
    }, {
      "vertices" : [ 0, 7, 1 ]
    }, {
      "vertices" : [ 4, 9, 8, 5 ]
    }, {
      "vertices" : [ 2, 6, 3 ]
    }, {
      "vertices" : [ 2, 4, 6 ]
    }, {
      "vertices" : [ 3, 6, 5 ]
    }, {
      "vertices" : [ 4, 5, 6 ]
    }, {
      "vertices" : [ 0, 8, 7 ]
    } ]
  }, {
    "id" : "7b9c8500-588b-42f2-9155-f9e45b2054f0",
    "orbit" : "23",
    "name" : "long",
    "vertices" : [ {
      "x" : 13.074124,
      "y" : 0.13333334,
      "z" : 2.8706443
    }, {
      "x" : 13.174125,
      "y" : -0.26666668,
      "z" : 2.9706442
    }, {
      "x" : 0.63407916,
      "y" : -0.13333334,
      "z" : 0.36542365
    }, {
      "x" : 0.53407913,
      "y" : 0.26666668,
      "z" : 0.26542366
    }, {
      "x" : 12.940791,
      "y" : -0.13333334,
      "z" : 3.2706444
    }, {
      "x" : 12.840792,
      "y" : 0.26666668,
      "z" : 3.1706443
    }, {
      "x" : 0.7674125,
      "y" : 0.13333334,
      "z" : -0.034576353
    }, {
      "x" : 0.8674125,
      "y" : -0.26666668,
      "z" : 0.065423645
    } ],
    "faces" : [ {
      "vertices" : [ 2, 3, 6, 7 ]
    }, {
      "vertices" : [ 0, 5, 4, 1 ]
    }, {
      "vertices" : [ 2, 4, 5, 3 ]
    }, {
      "vertices" : [ 0, 6, 3, 5 ]
    }, {
      "vertices" : [ 0, 1, 7, 6 ]
    }, {
      "vertices" : [ 1, 4, 2, 7 ]
    } ]
  }, {
    "id" : "b4f0496b-4b27-4a02-9496-9e8d57de3606",
    "orbit" : "36",
    "name" : "long",
    "vertices" : [ {
      "x" : 0.09596252,
      "y" : 13.1809,
      "z" : 2.9722438
    }, {
      "x" : 0.4959625,
      "y" : 13.0809,
      "z" : 2.8722436
    }, {
      "x" : 0.2860035,
      "y" : 0.52730405,
      "z" : 0.26382425
    }, {
      "x" : -0.113996506,
      "y" : 0.627304,
      "z" : 0.36382425
    }, {
      "x" : 0.6292958,
      "y" : 12.847567,
      "z" : 3.1722438
    }, {
      "x" : 0.22929585,
      "y" : 12.947567,
      "z" : 3.2722437
    }, {
      "x" : -0.24732983,
      "y" : 0.86063737,
      "z" : 0.06382426
    }, {
      "x" : 0.15267016,
      "y" : 0.7606374,
      "z" : -0.03617574
    } ],
    "faces" : [ {
      "vertices" : [ 2, 3, 6, 7 ]
    }, {
      "vertices" : [ 0, 5, 4, 1 ]
    }, {
      "vertices" : [ 2, 4, 5, 3 ]
    }, {
      "vertices" : [ 0, 6, 3, 5 ]
    }, {
      "vertices" : [ 0, 1, 7, 6 ]
    }, {
      "vertices" : [ 1, 4, 2, 7 ]
    } ]
  }, {
    "id" : "038bea25-ec61-4ae4-a6e3-b24e282df4d3",
    "orbit" : "blue",
    "name" : "b2",
    "vertices" : [ {
      "x" : 1.0,
      "y" : 0.309017,
      "z" : 0.19098301
    }, {
      "x" : 1.0,
      "y" : -0.309017,
      "z" : 0.19098301
    }, {
      "x" : 12.708204,
      "y" : -0.309017,
      "z" : 0.19098301
    }, {
      "x" : 12.708204,
      "y" : 0.309017,
      "z" : 0.19098301
    }, {
      "x" : 12.708204,
      "y" : -0.309017,
      "z" : -0.19098301
    }, {
      "x" : 12.708204,
      "y" : 0.309017,
      "z" : -0.19098301
    }, {
      "x" : 13.326238,
      "y" : 0.0,
      "z" : 0.0
    }, {
      "x" : 0.38196602,
      "y" : 0.0,
      "z" : 0.0
    }, {
      "x" : 1.0,
      "y" : 0.309017,
      "z" : -0.19098301
    }, {
      "x" : 1.0,
      "y" : -0.309017,
      "z" : -0.19098301
    }, {
      "x" : 13.708204,
      "y" : 0.0,
      "z" : 0.0
    } ],
    "faces" : [ {
      "vertices" : [ 1, 9, 4, 2 ]
    }, {
      "vertices" : [ 0, 3, 5, 8 ]
    }, {
      "vertices" : [ 1, 7, 9 ]
    }, {
      "vertices" : [ 0, 1, 2, 3 ]
    }, {
      "vertices" : [ 7, 8, 9 ]
    }, {
      "vertices" : [ 0, 7, 1 ]
    }, {
      "vertices" : [ 4, 9, 8, 5 ]
    }, {
      "vertices" : [ 2, 6, 3 ]
    }, {
      "vertices" : [ 2, 4, 6 ]
    }, {
      "vertices" : [ 3, 6, 5 ]
    }, {
      "vertices" : [ 4, 5, 6 ]
    }, {
      "vertices" : [ 0, 8, 7 ]
    } ]
  }, {
    "id" : "ceee5b1b-0e55-43cc-88a2-1fa27e3ac428",
    "orbit" : "35",
    "name" : "long",
    "vertices" : [ {
      "x" : 0.09596252,
      "y" : -2.9722438,
      "z" : 13.1809
    }, {
      "x" : 0.4959625,
      "y" : -2.8722436,
      "z" : 13.0809
    }, {
      "x" : 0.2860035,
      "y" : -0.26382425,
      "z" : 0.52730405
    }, {
      "x" : -0.113996506,
      "y" : -0.36382425,
      "z" : 0.627304
    }, {
      "x" : 0.6292958,
      "y" : -3.1722438,
      "z" : 12.847567
    }, {
      "x" : 0.22929585,
      "y" : -3.2722437,
      "z" : 12.947567
    }, {
      "x" : -0.24732983,
      "y" : -0.06382426,
      "z" : 0.86063737
    }, {
      "x" : 0.15267016,
      "y" : 0.03617574,
      "z" : 0.7606374
    } ],
    "faces" : [ {
      "vertices" : [ 2, 3, 6, 7 ]
    }, {
      "vertices" : [ 0, 5, 4, 1 ]
    }, {
      "vertices" : [ 2, 4, 5, 3 ]
    }, {
      "vertices" : [ 0, 6, 3, 5 ]
    }, {
      "vertices" : [ 0, 1, 7, 6 ]
    }, {
      "vertices" : [ 1, 4, 2, 7 ]
    } ]
  }, {
    "id" : "29952a58-bb60-424b-947e-df4f85a7912b",
    "orbit" : "red",
    "name" : " :-4 +4*phi",
    "vertices" : [ {
      "x" : 0.9045085,
      "y" : 0.3454915,
      "z" : 0.25
    }, {
      "x" : 16.230747,
      "y" : 9.817628,
      "z" : 0.25
    }, {
      "x" : 16.039762,
      "y" : 10.126644,
      "z" : 0.25
    }, {
      "x" : 0.7135255,
      "y" : 0.6545085,
      "z" : 0.25
    }, {
      "x" : 0.809017,
      "y" : 0.5,
      "z" : -0.309017
    }, {
      "x" : 0.9635255,
      "y" : 0.25,
      "z" : -0.095491506
    }, {
      "x" : 0.309017,
      "y" : 0.19098301,
      "z" : 0.0
    }, {
      "x" : 16.635256,
      "y" : 10.281153,
      "z" : 0.0
    }, {
      "x" : 15.980746,
      "y" : 10.222136,
      "z" : -0.095491506
    }, {
      "x" : 16.135256,
      "y" : 9.972136,
      "z" : -0.309017
    }, {
      "x" : 16.944271,
      "y" : 10.472136,
      "z" : 0.0
    }, {
      "x" : 0.6545085,
      "y" : 0.75,
      "z" : -0.095491506
    }, {
      "x" : 16.289762,
      "y" : 9.722136,
      "z" : -0.095491506
    } ],
    "faces" : [ {
      "vertices" : [ 4, 11, 8, 9 ]
    }, {
      "vertices" : [ 0, 1, 2, 3 ]
    }, {
      "vertices" : [ 0, 3, 6 ]
    }, {
      "vertices" : [ 1, 7, 2 ]
    }, {
      "vertices" : [ 0, 6, 5 ]
    }, {
      "vertices" : [ 4, 5, 6 ]
    }, {
      "vertices" : [ 2, 7, 8 ]
    }, {
      "vertices" : [ 0, 5, 12, 1 ]
    }, {
      "vertices" : [ 1, 12, 7 ]
    }, {
      "vertices" : [ 3, 11, 6 ]
    }, {
      "vertices" : [ 4, 6, 11 ]
    }, {
      "vertices" : [ 7, 9, 8 ]
    }, {
      "vertices" : [ 2, 8, 11, 3 ]
    }, {
      "vertices" : [ 7, 12, 9 ]
    }, {
      "vertices" : [ 4, 9, 12, 5 ]
    } ]
  } ],
  "instances" : [ {
    "shape" : "1038fd75-12a6-4aef-bfa4-757070087dd3",
    "color" : "#3333FF",
    "position" : {
      "x" : -5.236068,
      "y" : -8.472136,
      "z" : 0.38196602
    },
    "orientation" : 46
  }, {
    "shape" : "1038fd75-12a6-4aef-bfa4-757070087dd3",
    "color" : "#FF6666",
    "position" : {
      "x" : -5.236068,
      "y" : -13.708204,
      "z" : 8.472136
    },
    "orientation" : 30
  }, {
    "shape" : "a15dbaee-760f-4f8b-b035-caa86081de1a",
    "color" : "#FFFFFF",
    "position" : {
      "x" : 8.472136,
      "y" : 13.708204,
      "z" : -5.236068
    }
  }, {
    "shape" : "358188cc-719a-49a9-8388-9419fedbbe4c",
    "color" : "#FF6666",
    "position" : {
      "x" : 5.236068,
      "y" : -13.708204,
      "z" : -8.472136
    },
    "orientation" : 1
  }, {
    "shape" : "a15dbaee-760f-4f8b-b035-caa86081de1a",
    "color" : "#FFFFFF",
    "position" : {
      "x" : -5.236068,
      "y" : -8.472136,
      "z" : -13.708204
    }
  }, {
    "shape" : "1038fd75-12a6-4aef-bfa4-757070087dd3",
    "color" : "#99FF99",
    "position" : {
      "x" : -13.708204,
      "y" : -8.472136,
      "z" : 5.236068
    },
    "orientation" : 32
  }, {
    "shape" : "a15dbaee-760f-4f8b-b035-caa86081de1a",
    "color" : "#FFFFFF",
    "position" : {
      "x" : 5.236068,
      "y" : 8.472136,
      "z" : 0.38196602
    }
  }, {
    "shape" : "358188cc-719a-49a9-8388-9419fedbbe4c",
    "color" : "#FF6666",
    "position" : {
      "x" : -5.236068,
      "y" : -13.708204,
      "z" : 8.472136
    },
    "orientation" : 1
  }, {
    "shape" : "7b9c8500-588b-42f2-9155-f9e45b2054f0",
    "color" : "#FF6666",
    "position" : {
      "x" : 8.472136,
      "y" : 0.38196602,
      "z" : 5.236068
    },
    "orientation" : 30
  }, {
    "shape" : "a15dbaee-760f-4f8b-b035-caa86081de1a",
    "color" : "#FFFFFF",
    "position" : {
      "x" : 13.708204,
      "y" : -8.472136,
      "z" : -5.236068
    }
  }, {
    "shape" : "358188cc-719a-49a9-8388-9419fedbbe4c",
    "color" : "#99FF99",
    "position" : {
      "x" : -13.708204,
      "y" : -8.472136,
      "z" : 5.236068
    },
    "orientation" : 0
  }, {
    "shape" : "7b9c8500-588b-42f2-9155-f9e45b2054f0",
    "color" : "#99FF99",
    "position" : {
      "x" : -13.708204,
      "y" : 5.236068,
      "z" : 8.472136
    },
    "orientation" : 47
  }, {
    "shape" : "7b9c8500-588b-42f2-9155-f9e45b2054f0",
    "color" : "#FFFF00",
    "position" : {
      "x" : -5.236068,
      "y" : 8.472136,
      "z" : -0.38196602
    },
    "orientation" : 31
  }, {
    "shape" : "7b9c8500-588b-42f2-9155-f9e45b2054f0",
    "color" : "#FFFF00",
    "position" : {
      "x" : 5.236068,
      "y" : -8.472136,
      "z" : -0.38196602
    },
    "orientation" : 1
  }, {
    "shape" : "b4f0496b-4b27-4a02-9496-9e8d57de3606",
    "color" : "#99FF99",
    "position" : {
      "x" : 0.0,
      "y" : -5.236068,
      "z" : -8.472136
    },
    "orientation" : 0
  }, {
    "shape" : "1038fd75-12a6-4aef-bfa4-757070087dd3",
    "color" : "#99FF99",
    "position" : {
      "x" : -13.708204,
      "y" : -5.236068,
      "z" : -8.472136
    },
    "orientation" : 32
  }, {
    "shape" : "1038fd75-12a6-4aef-bfa4-757070087dd3",
    "color" : "#FFFFFF",
    "position" : {
      "x" : 5.236068,
      "y" : -0.38196602,
      "z" : 8.472136
    },
    "orientation" : 0
  }, {
    "shape" : "358188cc-719a-49a9-8388-9419fedbbe4c",
    "color" : "#FF6666",
    "position" : {
      "x" : 8.472136,
      "y" : -13.708204,
      "z" : 5.236068
    },
    "orientation" : 1
  }, {
    "shape" : "7b9c8500-588b-42f2-9155-f9e45b2054f0",
    "color" : "#FFFFFF",
    "position" : {
      "x" : -8.472136,
      "y" : -0.38196602,
      "z" : 5.236068
    },
    "orientation" : 0
  }, {
    "shape" : "1038fd75-12a6-4aef-bfa4-757070087dd3",
    "color" : "#000000",
    "position" : {
      "x" : -0.38196602,
      "y" : 8.472136,
      "z" : 5.236068
    },
    "orientation" : 2
  }, {
    "shape" : "358188cc-719a-49a9-8388-9419fedbbe4c",
    "color" : "#FFFFFF",
    "position" : {
      "x" : 8.472136,
      "y" : 13.708204,
      "z" : -5.236068
    },
    "orientation" : 16
  }, {
    "shape" : "7b9c8500-588b-42f2-9155-f9e45b2054f0",
    "color" : "#FFFF00",
    "position" : {
      "x" : 5.236068,
      "y" : -8.472136,
      "z" : 13.708204
    },
    "orientation" : 1
  }, {
    "shape" : "358188cc-719a-49a9-8388-9419fedbbe4c",
    "color" : "#3333FF",
    "position" : {
      "x" : 8.472136,
      "y" : -5.236068,
      "z" : -13.708204
    },
    "orientation" : 2
  }, {
    "shape" : "a15dbaee-760f-4f8b-b035-caa86081de1a",
    "color" : "#FFFFFF",
    "position" : {
      "x" : -5.236068,
      "y" : -0.38196602,
      "z" : -8.472136
    }
  }, {
    "shape" : "1038fd75-12a6-4aef-bfa4-757070087dd3",
    "color" : "#FFFF00",
    "position" : {
      "x" : -5.236068,
      "y" : 8.472136,
      "z" : 13.708204
    },
    "orientation" : 31
  }, {
    "shape" : "a15dbaee-760f-4f8b-b035-caa86081de1a",
    "color" : "#FFFFFF",
    "position" : {
      "x" : -5.236068,
      "y" : 13.708204,
      "z" : -8.472136
    }
  }, {
    "shape" : "a15dbaee-760f-4f8b-b035-caa86081de1a",
    "color" : "#FFFFFF",
    "position" : {
      "x" : -0.38196602,
      "y" : 5.236068,
      "z" : -8.472136
    }
  }, {
    "shape" : "1038fd75-12a6-4aef-bfa4-757070087dd3",
    "color" : "#FFFF00",
    "position" : {
      "x" : -8.472136,
      "y" : -5.236068,
      "z" : -0.38196602
    },
    "orientation" : 31
  }, {
    "shape" : "a15dbaee-760f-4f8b-b035-caa86081de1a",
    "color" : "#FFFFFF",
    "position" : {
      "x" : -8.472136,
      "y" : -5.236068,
      "z" : -0.38196602
    }
  }, {
    "shape" : "a15dbaee-760f-4f8b-b035-caa86081de1a",
    "color" : "#FFFFFF",
    "position" : {
      "x" : 13.708204,
      "y" : 5.236068,
      "z" : -8.472136
    }
  }, {
    "shape" : "7b9c8500-588b-42f2-9155-f9e45b2054f0",
    "color" : "#000000",
    "position" : {
      "x" : -0.38196602,
      "y" : 5.236068,
      "z" : -8.472136
    },
    "orientation" : 2
  }, {
    "shape" : "358188cc-719a-49a9-8388-9419fedbbe4c",
    "color" : "#FFFFFF",
    "position" : {
      "x" : -5.236068,
      "y" : 13.708204,
      "z" : -8.472136
    },
    "orientation" : 16
  }, {
    "shape" : "1038fd75-12a6-4aef-bfa4-757070087dd3",
    "color" : "#3333FF",
    "position" : {
      "x" : 8.472136,
      "y" : -5.236068,
      "z" : -13.708204
    },
    "orientation" : 16
  }, {
    "shape" : "a15dbaee-760f-4f8b-b035-caa86081de1a",
    "color" : "#FFFFFF",
    "position" : {
      "x" : -5.236068,
      "y" : -13.708204,
      "z" : 8.472136
    }
  }, {
    "shape" : "7b9c8500-588b-42f2-9155-f9e45b2054f0",
    "color" : "#000000",
    "position" : {
      "x" : -0.38196602,
      "y" : -5.236068,
      "z" : 8.472136
    },
    "orientation" : 17
  }, {
    "shape" : "1038fd75-12a6-4aef-bfa4-757070087dd3",
    "color" : "#FFFFFF",
    "position" : {
      "x" : -8.472136,
      "y" : 13.708204,
      "z" : 5.236068
    },
    "orientation" : 0
  }, {
    "shape" : "1038fd75-12a6-4aef-bfa4-757070087dd3",
    "color" : "#000000",
    "position" : {
      "x" : -0.38196602,
      "y" : -8.472136,
      "z" : -5.236068
    },
    "orientation" : 17
  }, {
    "shape" : "a15dbaee-760f-4f8b-b035-caa86081de1a",
    "color" : "#FFFFFF",
    "position" : {
      "x" : 8.472136,
      "y" : -0.38196602,
      "z" : -5.236068
    }
  }, {
    "shape" : "7b9c8500-588b-42f2-9155-f9e45b2054f0",
    "color" : "#FF6666",
    "position" : {
      "x" : -8.472136,
      "y" : 0.38196602,
      "z" : -5.236068
    },
    "orientation" : 15
  }, {
    "shape" : "a15dbaee-760f-4f8b-b035-caa86081de1a",
    "color" : "#FFFFFF",
    "position" : {
      "x" : 5.236068,
      "y" : -13.708204,
      "z" : -8.472136
    }
  }, {
    "shape" : "a15dbaee-760f-4f8b-b035-caa86081de1a",
    "color" : "#FFFFFF",
    "position" : {
      "x" : -13.708204,
      "y" : 8.472136,
      "z" : -5.236068
    }
  }, {
    "shape" : "a15dbaee-760f-4f8b-b035-caa86081de1a",
    "color" : "#FFFFFF",
    "position" : {
      "x" : -13.708204,
      "y" : -5.236068,
      "z" : -8.472136
    }
  }, {
    "shape" : "358188cc-719a-49a9-8388-9419fedbbe4c",
    "color" : "#3333FF",
    "position" : {
      "x" : 5.236068,
      "y" : 8.472136,
      "z" : -13.708204
    },
    "orientation" : 2
  }, {
    "shape" : "a15dbaee-760f-4f8b-b035-caa86081de1a",
    "color" : "#FFFFFF",
    "position" : {
      "x" : 0.38196602,
      "y" : 5.236068,
      "z" : 8.472136
    }
  }, {
    "shape" : "1038fd75-12a6-4aef-bfa4-757070087dd3",
    "color" : "#FF6666",
    "position" : {
      "x" : -5.236068,
      "y" : 0.38196602,
      "z" : 8.472136
    },
    "orientation" : 30
  }, {
    "shape" : "a15dbaee-760f-4f8b-b035-caa86081de1a",
    "color" : "#FFFFFF",
    "position" : {
      "x" : -8.472136,
      "y" : 0.38196602,
      "z" : -5.236068
    }
  }, {
    "shape" : "a15dbaee-760f-4f8b-b035-caa86081de1a",
    "color" : "#FFFFFF",
    "position" : {
      "x" : -5.236068,
      "y" : 0.38196602,
      "z" : 8.472136
    }
  }, {
    "shape" : "038bea25-ec61-4ae4-a6e3-b24e282df4d3",
    "color" : "#99FF99",
    "position" : {
      "x" : -13.708204,
      "y" : -5.236068,
      "z" : -8.472136
    },
    "orientation" : 0
  }, {
    "shape" : "358188cc-719a-49a9-8388-9419fedbbe4c",
    "color" : "#99FF99",
    "position" : {
      "x" : -13.708204,
      "y" : 8.472136,
      "z" : -5.236068
    },
    "orientation" : 0
  }, {
    "shape" : "a15dbaee-760f-4f8b-b035-caa86081de1a",
    "color" : "#FFFFFF",
    "position" : {
      "x" : -0.38196602,
      "y" : 8.472136,
      "z" : 5.236068
    }
  }, {
    "shape" : "1038fd75-12a6-4aef-bfa4-757070087dd3",
    "color" : "#FFFF00",
    "position" : {
      "x" : 5.236068,
      "y" : -8.472136,
      "z" : 13.708204
    },
    "orientation" : 1
  }, {
    "shape" : "a15dbaee-760f-4f8b-b035-caa86081de1a",
    "color" : "#FFFFFF",
    "position" : {
      "x" : 8.472136,
      "y" : 5.236068,
      "z" : -0.38196602
    }
  }, {
    "shape" : "7b9c8500-588b-42f2-9155-f9e45b2054f0",
    "color" : "#000000",
    "position" : {
      "x" : 13.708204,
      "y" : 8.472136,
      "z" : 5.236068
    },
    "orientation" : 17
  }, {
    "shape" : "358188cc-719a-49a9-8388-9419fedbbe4c",
    "color" : "#FFFFFF",
    "position" : {
      "x" : 5.236068,
      "y" : 13.708204,
      "z" : 8.472136
    },
    "orientation" : 16
  }, {
    "shape" : "a15dbaee-760f-4f8b-b035-caa86081de1a",
    "color" : "#FFFFFF",
    "position" : {
      "x" : 13.708204,
      "y" : -5.236068,
      "z" : 8.472136
    }
  }, {
    "shape" : "7b9c8500-588b-42f2-9155-f9e45b2054f0",
    "color" : "#FF6666",
    "position" : {
      "x" : 8.472136,
      "y" : -13.708204,
      "z" : 5.236068
    },
    "orientation" : 30
  }, {
    "shape" : "a15dbaee-760f-4f8b-b035-caa86081de1a",
    "color" : "#FFFFFF",
    "position" : {
      "x" : -13.708204,
      "y" : -8.472136,
      "z" : 5.236068
    }
  }, {
    "shape" : "7b9c8500-588b-42f2-9155-f9e45b2054f0",
    "color" : "#99FF99",
    "position" : {
      "x" : -13.708204,
      "y" : -5.236068,
      "z" : -8.472136
    },
    "orientation" : 32
  }, {
    "shape" : "1038fd75-12a6-4aef-bfa4-757070087dd3",
    "color" : "#FF6666",
    "position" : {
      "x" : 5.236068,
      "y" : 0.38196602,
      "z" : -8.472136
    },
    "orientation" : 15
  }, {
    "shape" : "1038fd75-12a6-4aef-bfa4-757070087dd3",
    "color" : "#FFFFFF",
    "position" : {
      "x" : 5.236068,
      "y" : 13.708204,
      "z" : 8.472136
    },
    "orientation" : 0
  }, {
    "shape" : "358188cc-719a-49a9-8388-9419fedbbe4c",
    "color" : "#000000",
    "position" : {
      "x" : 13.708204,
      "y" : -8.472136,
      "z" : -5.236068
    },
    "orientation" : 45
  }, {
    "shape" : "a15dbaee-760f-4f8b-b035-caa86081de1a",
    "color" : "#FFFFFF",
    "position" : {
      "x" : -13.708204,
      "y" : 5.236068,
      "z" : 8.472136
    }
  }, {
    "shape" : "358188cc-719a-49a9-8388-9419fedbbe4c",
    "color" : "#000000",
    "position" : {
      "x" : 13.708204,
      "y" : -5.236068,
      "z" : 8.472136
    },
    "orientation" : 45
  }, {
    "shape" : "a15dbaee-760f-4f8b-b035-caa86081de1a",
    "color" : "#FFFFFF",
    "position" : {
      "x" : 8.472136,
      "y" : 0.38196602,
      "z" : 5.236068
    }
  }, {
    "shape" : "7b9c8500-588b-42f2-9155-f9e45b2054f0",
    "color" : "#FFFFFF",
    "position" : {
      "x" : -5.236068,
      "y" : 13.708204,
      "z" : -8.472136
    },
    "orientation" : 0
  }, {
    "shape" : "a15dbaee-760f-4f8b-b035-caa86081de1a",
    "color" : "#FFFFFF",
    "position" : {
      "x" : 5.236068,
      "y" : 13.708204,
      "z" : 8.472136
    }
  }, {
    "shape" : "7b9c8500-588b-42f2-9155-f9e45b2054f0",
    "color" : "#FF6666",
    "position" : {
      "x" : -8.472136,
      "y" : -13.708204,
      "z" : -5.236068
    },
    "orientation" : 15
  }, {
    "shape" : "358188cc-719a-49a9-8388-9419fedbbe4c",
    "color" : "#FFFF00",
    "position" : {
      "x" : -5.236068,
      "y" : 8.472136,
      "z" : 13.708204
    },
    "orientation" : 47
  }, {
    "shape" : "a15dbaee-760f-4f8b-b035-caa86081de1a",
    "color" : "#FFFFFF",
    "position" : {
      "x" : 8.472136,
      "y" : -13.708204,
      "z" : 5.236068
    }
  }, {
    "shape" : "1038fd75-12a6-4aef-bfa4-757070087dd3",
    "color" : "#000000",
    "position" : {
      "x" : 13.708204,
      "y" : 5.236068,
      "z" : -8.472136
    },
    "orientation" : 2
  }, {
    "shape" : "a15dbaee-760f-4f8b-b035-caa86081de1a",
    "color" : "#FFFFFF",
    "position" : {
      "x" : 5.236068,
      "y" : 8.472136,
      "z" : -13.708204
    }
  }, {
    "shape" : "7b9c8500-588b-42f2-9155-f9e45b2054f0",
    "color" : "#FFFFFF",
    "position" : {
      "x" : -8.472136,
      "y" : 13.708204,
      "z" : 5.236068
    },
    "orientation" : 0
  }, {
    "shape" : "a15dbaee-760f-4f8b-b035-caa86081de1a",
    "color" : "#FFFFFF",
    "position" : {
      "x" : 8.472136,
      "y" : -5.236068,
      "z" : 0.38196602
    }
  }, {
    "shape" : "a15dbaee-760f-4f8b-b035-caa86081de1a",
    "color" : "#FFFFFF",
    "position" : {
      "x" : -8.472136,
      "y" : 5.236068,
      "z" : 0.38196602
    }
  }, {
    "shape" : "ceee5b1b-0e55-43cc-88a2-1fa27e3ac428",
    "color" : "#99FF99",
    "position" : {
      "x" : 0.0,
      "y" : -5.236068,
      "z" : -8.472136
    },
    "orientation" : 0
  }, {
    "shape" : "1038fd75-12a6-4aef-bfa4-757070087dd3",
    "color" : "#000000",
    "position" : {
      "x" : 13.708204,
      "y" : 8.472136,
      "z" : 5.236068
    },
    "orientation" : 2
  }, {
    "shape" : "a15dbaee-760f-4f8b-b035-caa86081de1a",
    "color" : "#FFFFFF",
    "position" : {
      "x" : -8.472136,
      "y" : 13.708204,
      "z" : 5.236068
    }
  }, {
    "shape" : "358188cc-719a-49a9-8388-9419fedbbe4c",
    "color" : "#000000",
    "position" : {
      "x" : 13.708204,
      "y" : 8.472136,
      "z" : 5.236068
    },
    "orientation" : 45
  }, {
    "shape" : "7b9c8500-588b-42f2-9155-f9e45b2054f0",
    "color" : "#FFFF00",
    "position" : {
      "x" : -8.472136,
      "y" : -5.236068,
      "z" : 13.708204
    },
    "orientation" : 1
  }, {
    "shape" : "a15dbaee-760f-4f8b-b035-caa86081de1a",
    "color" : "#FFFFFF",
    "position" : {
      "x" : 5.236068,
      "y" : 0.38196602,
      "z" : -8.472136
    }
  }, {
    "shape" : "1038fd75-12a6-4aef-bfa4-757070087dd3",
    "color" : "#99FF99",
    "position" : {
      "x" : 0.38196602,
      "y" : 5.236068,
      "z" : 8.472136
    },
    "orientation" : 47
  }, {
    "shape" : "7b9c8500-588b-42f2-9155-f9e45b2054f0",
    "color" : "#000000",
    "position" : {
      "x" : 13.708204,
      "y" : -5.236068,
      "z" : 8.472136
    },
    "orientation" : 17
  }, {
    "shape" : "7b9c8500-588b-42f2-9155-f9e45b2054f0",
    "color" : "#3333FF",
    "position" : {
      "x" : -5.236068,
      "y" : -8.472136,
      "z" : 0.38196602
    },
    "orientation" : 46
  }, {
    "shape" : "358188cc-719a-49a9-8388-9419fedbbe4c",
    "color" : "#FFFFFF",
    "position" : {
      "x" : -8.472136,
      "y" : 13.708204,
      "z" : 5.236068
    },
    "orientation" : 16
  }, {
    "shape" : "a15dbaee-760f-4f8b-b035-caa86081de1a",
    "color" : "#FFFFFF",
    "position" : {
      "x" : -5.236068,
      "y" : 8.472136,
      "z" : 13.708204
    }
  }, {
    "shape" : "a15dbaee-760f-4f8b-b035-caa86081de1a",
    "color" : "#FFFFFF",
    "position" : {
      "x" : 0.38196602,
      "y" : -8.472136,
      "z" : 5.236068
    }
  }, {
    "shape" : "a15dbaee-760f-4f8b-b035-caa86081de1a",
    "color" : "#FFFFFF",
    "position" : {
      "x" : -8.472136,
      "y" : -13.708204,
      "z" : -5.236068
    }
  }, {
    "shape" : "358188cc-719a-49a9-8388-9419fedbbe4c",
    "color" : "#FFFF00",
    "position" : {
      "x" : 8.472136,
      "y" : 5.236068,
      "z" : 13.708204
    },
    "orientation" : 47
  }, {
    "shape" : "a15dbaee-760f-4f8b-b035-caa86081de1a",
    "color" : "#FFFFFF",
    "position" : {
      "x" : 0.0,
      "y" : -5.236068,
      "z" : -8.472136
    }
  }, {
    "shape" : "1038fd75-12a6-4aef-bfa4-757070087dd3",
    "color" : "#3333FF",
    "position" : {
      "x" : -8.472136,
      "y" : 5.236068,
      "z" : 0.38196602
    },
    "orientation" : 46
  }, {
    "shape" : "358188cc-719a-49a9-8388-9419fedbbe4c",
    "color" : "#007695",
    "position" : {
      "x" : 13.708204,
      "y" : 5.236068,
      "z" : -8.472136
    },
    "orientation" : 45
  }, {
    "shape" : "7b9c8500-588b-42f2-9155-f9e45b2054f0",
    "color" : "#3333FF",
    "position" : {
      "x" : -5.236068,
      "y" : -8.472136,
      "z" : -13.708204
    },
    "orientation" : 46
  }, {
    "shape" : "358188cc-719a-49a9-8388-9419fedbbe4c",
    "color" : "#FFFF00",
    "position" : {
      "x" : -8.472136,
      "y" : -5.236068,
      "z" : 13.708204
    },
    "orientation" : 47
  }, {
    "shape" : "358188cc-719a-49a9-8388-9419fedbbe4c",
    "color" : "#FF6666",
    "position" : {
      "x" : -8.472136,
      "y" : -13.708204,
      "z" : -5.236068
    },
    "orientation" : 1
  }, {
    "shape" : "1038fd75-12a6-4aef-bfa4-757070087dd3",
    "color" : "#FFFFFF",
    "position" : {
      "x" : -5.236068,
      "y" : -0.38196602,
      "z" : -8.472136
    },
    "orientation" : 45
  }, {
    "shape" : "7b9c8500-588b-42f2-9155-f9e45b2054f0",
    "color" : "#99FF99",
    "position" : {
      "x" : 0.38196602,
      "y" : 5.236068,
      "z" : 8.472136
    },
    "orientation" : 47
  }, {
    "shape" : "a15dbaee-760f-4f8b-b035-caa86081de1a",
    "color" : "#FFFFFF",
    "position" : {
      "x" : -8.472136,
      "y" : 5.236068,
      "z" : -13.708204
    }
  }, {
    "shape" : "a15dbaee-760f-4f8b-b035-caa86081de1a",
    "color" : "#FFFFFF",
    "position" : {
      "x" : 5.236068,
      "y" : -8.472136,
      "z" : 13.708204
    }
  }, {
    "shape" : "a15dbaee-760f-4f8b-b035-caa86081de1a",
    "color" : "#FFFFFF",
    "position" : {
      "x" : 8.472136,
      "y" : 5.236068,
      "z" : 13.708204
    }
  }, {
    "shape" : "a15dbaee-760f-4f8b-b035-caa86081de1a",
    "color" : "#FFFFFF",
    "position" : {
      "x" : 13.708204,
      "y" : 8.472136,
      "z" : 5.236068
    }
  }, {
    "shape" : "7b9c8500-588b-42f2-9155-f9e45b2054f0",
    "color" : "#3333FF",
    "position" : {
      "x" : 5.236068,
      "y" : 8.472136,
      "z" : -13.708204
    },
    "orientation" : 16
  }, {
    "shape" : "358188cc-719a-49a9-8388-9419fedbbe4c",
    "color" : "#99FF99",
    "position" : {
      "x" : -13.708204,
      "y" : 5.236068,
      "z" : 8.472136
    },
    "orientation" : 0
  }, {
