{
  "polygons" : "true",
  "field" : "golden",
  "symmetry" : "icosahedral",
  "orientations" : [ [ 1.0, 0.0, 0.0, 0.0, 0.0, 1.0, 0.0, 0.0, 0.0, 0.0, 1.0, 0.0, 0.0, 0.0, 0.0, 1.0 ], [ 0.0, 0.0, 1.0, 0.0, 1.0, 0.0, 0.0, 0.0, 0.0, 1.0, 0.0, 0.0, 0.0, 0.0, 0.0, 1.0 ], [ 0.0, 1.0, 0.0, 0.0, 0.0, 0.0, 1.0, 0.0, 1.0, 0.0, 0.0, 0.0, 0.0, 0.0, 0.0, 1.0 ], [ 0.809017, 0.309017, 0.5, 0.0, 0.309017, 0.5, -0.809017, 0.0, -0.5, 0.809017, 0.309017, 0.0, 0.0, 0.0, 0.0, 1.0 ], [ -0.5, 0.809017, 0.309017, 0.0, 0.809017, 0.309017, 0.5, 0.0, 0.309017, 0.5, -0.809017, 0.0, 0.0, 0.0, 0.0, 1.0 ], [ 0.309017, 0.5, -0.809017, 0.0, -0.5, 0.809017, 0.309017, 0.0, 0.809017, 0.309017, 0.5, 0.0, 0.0, 0.0, 0.0, 1.0 ], [ 0.5, 0.809017, 0.309017, 0.0, 0.809017, -0.309017, -0.5, 0.0, -0.309017, 0.5, -0.809017, 0.0, 0.0, 0.0, 0.0, 1.0 ], [ -0.309017, 0.5, -0.809017, 0.0, 0.5, 0.809017, 0.309017, 0.0, 0.809017, -0.309017, -0.5, 0.0, 0.0, 0.0, 0.0, 1.0 ], [ 0.809017, -0.309017, -0.5, 0.0, -0.309017, 0.5, -0.809017, 0.0, 0.5, 0.809017, 0.309017, 0.0, 0.0, 0.0, 0.0, 1.0 ], [ 0.5, 0.809017, -0.309017, 0.0, 0.809017, -0.309017, 0.5, 0.0, 0.309017, -0.5, -0.809017, 0.0, 0.0, 0.0, 0.0, 1.0 ], [ 0.309017, -0.5, -0.809017, 0.0, 0.5, 0.809017, -0.309017, 0.0, 0.809017, -0.309017, 0.5, 0.0, 0.0, 0.0, 0.0, 1.0 ], [ 0.809017, -0.309017, 0.5, 0.0, 0.309017, -0.5, -0.809017, 0.0, 0.5, 0.809017, -0.309017, 0.0, 0.0, 0.0, 0.0, 1.0 ], [ 0.809017, 0.309017, -0.5, 0.0, 0.309017, 0.5, 0.809017, 0.0, 0.5, -0.809017, 0.309017, 0.0, 0.0, 0.0, 0.0, 1.0 ], [ 0.5, -0.809017, 0.309017, 0.0, 0.809017, 0.309017, -0.5, 0.0, 0.309017, 0.5, 0.809017, 0.0, 0.0, 0.0, 0.0, 1.0 ], [ 0.309017, 0.5, 0.809017, 0.0, 0.5, -0.809017, 0.309017, 0.0, 0.809017, 0.309017, -0.5, 0.0, 0.0, 0.0, 0.0, 1.0 ], [ 1.0, 0.0, 0.0, 0.0, 0.0, -1.0, 0.0, 0.0, 0.0, 0.0, -1.0, 0.0, 0.0, 0.0, 0.0, 1.0 ], [ 0.0, 0.0, 1.0, 0.0, -1.0, 0.0, 0.0, 0.0, 0.0, -1.0, 0.0, 0.0, 0.0, 0.0, 0.0, 1.0 ], [ 0.0, 1.0, 0.0, 0.0, 0.0, 0.0, -1.0, 0.0, -1.0, 0.0, 0.0, 0.0, 0.0, 0.0, 0.0, 1.0 ], [ 0.809017, 0.309017, 0.5, 0.0, -0.309017, -0.5, 0.809017, 0.0, 0.5, -0.809017, -0.309017, 0.0, 0.0, 0.0, 0.0, 1.0 ], [ -0.5, 0.809017, 0.309017, 0.0, -0.809017, -0.309017, -0.5, 0.0, -0.309017, -0.5, 0.809017, 0.0, 0.0, 0.0, 0.0, 1.0 ], [ 0.309017, 0.5, -0.809017, 0.0, 0.5, -0.809017, -0.309017, 0.0, -0.809017, -0.309017, -0.5, 0.0, 0.0, 0.0, 0.0, 1.0 ], [ 0.5, 0.809017, 0.309017, 0.0, -0.809017, 0.309017, 0.5, 0.0, 0.309017, -0.5, 0.809017, 0.0, 0.0, 0.0, 0.0, 1.0 ], [ -0.309017, 0.5, -0.809017, 0.0, -0.5, -0.809017, -0.309017, 0.0, -0.809017, 0.309017, 0.5, 0.0, 0.0, 0.0, 0.0, 1.0 ], [ 0.809017, -0.309017, -0.5, 0.0, 0.309017, -0.5, 0.809017, 0.0, -0.5, -0.809017, -0.309017, 0.0, 0.0, 0.0, 0.0, 1.0 ], [ 0.5, 0.809017, -0.309017, 0.0, -0.809017, 0.309017, -0.5, 0.0, -0.309017, 0.5, 0.809017, 0.0, 0.0, 0.0, 0.0, 1.0 ], [ 0.309017, -0.5, -0.809017, 0.0, -0.5, -0.809017, 0.309017, 0.0, -0.809017, 0.309017, -0.5, 0.0, 0.0, 0.0, 0.0, 1.0 ], [ 0.809017, -0.309017, 0.5, 0.0, -0.309017, 0.5, 0.809017, 0.0, -0.5, -0.809017, 0.309017, 0.0, 0.0, 0.0, 0.0, 1.0 ], [ 0.809017, 0.309017, -0.5, 0.0, -0.309017, -0.5, -0.809017, 0.0, -0.5, 0.809017, -0.309017, 0.0, 0.0, 0.0, 0.0, 1.0 ], [ 0.5, -0.809017, 0.309017, 0.0, -0.809017, -0.309017, 0.5, 0.0, -0.309017, -0.5, -0.809017, 0.0, 0.0, 0.0, 0.0, 1.0 ], [ 0.309017, 0.5, 0.809017, 0.0, -0.5, 0.809017, -0.309017, 0.0, -0.809017, -0.309017, 0.5, 0.0, 0.0, 0.0, 0.0, 1.0 ], [ -1.0, 0.0, 0.0, 0.0, 0.0, -1.0, 0.0, 0.0, 0.0, 0.0, 1.0, 0.0, 0.0, 0.0, 0.0, 1.0 ], [ 0.0, 0.0, -1.0, 0.0, -1.0, 0.0, 0.0, 0.0, 0.0, 1.0, 0.0, 0.0, 0.0, 0.0, 0.0, 1.0 ], [ 0.0, -1.0, 0.0, 0.0, 0.0, 0.0, -1.0, 0.0, 1.0, 0.0, 0.0, 0.0, 0.0, 0.0, 0.0, 1.0 ], [ -0.809017, -0.309017, -0.5, 0.0, -0.309017, -0.5, 0.809017, 0.0, -0.5, 0.809017, 0.309017, 0.0, 0.0, 0.0, 0.0, 1.0 ], [ 0.5, -0.809017, -0.309017, 0.0, -0.809017, -0.309017, -0.5, 0.0, 0.309017, 0.5, -0.809017, 0.0, 0.0, 0.0, 0.0, 1.0 ], [ -0.309017, -0.5, 0.809017, 0.0, 0.5, -0.809017, -0.309017, 0.0, 0.809017, 0.309017, 0.5, 0.0, 0.0, 0.0, 0.0, 1.0 ], [ -0.5, -0.809017, -0.309017, 0.0, -0.809017, 0.309017, 0.5, 0.0, -0.309017, 0.5, -0.809017, 0.0, 0.0, 0.0, 0.0, 1.0 ], [ 0.309017, -0.5, 0.809017, 0.0, -0.5, -0.809017, -0.309017, 0.0, 0.809017, -0.309017, -0.5, 0.0, 0.0, 0.0, 0.0, 1.0 ], [ -0.809017, 0.309017, 0.5, 0.0, 0.309017, -0.5, 0.809017, 0.0, 0.5, 0.809017, 0.309017, 0.0, 0.0, 0.0, 0.0, 1.0 ], [ -0.5, -0.809017, 0.309017, 0.0, -0.809017, 0.309017, -0.5, 0.0, 0.309017, -0.5, -0.809017, 0.0, 0.0, 0.0, 0.0, 1.0 ], [ -0.309017, 0.5, 0.809017, 0.0, -0.5, -0.809017, 0.309017, 0.0, 0.809017, -0.309017, 0.5, 0.0, 0.0, 0.0, 0.0, 1.0 ], [ -0.809017, 0.309017, -0.5, 0.0, -0.309017, 0.5, 0.809017, 0.0, 0.5, 0.809017, -0.309017, 0.0, 0.0, 0.0, 0.0, 1.0 ], [ -0.809017, -0.309017, 0.5, 0.0, -0.309017, -0.5, -0.809017, 0.0, 0.5, -0.809017, 0.309017, 0.0, 0.0, 0.0, 0.0, 1.0 ], [ -0.5, 0.809017, -0.309017, 0.0, -0.809017, -0.309017, 0.5, 0.0, 0.309017, 0.5, 0.809017, 0.0, 0.0, 0.0, 0.0, 1.0 ], [ -0.309017, -0.5, -0.809017, 0.0, -0.5, 0.809017, -0.309017, 0.0, 0.809017, 0.309017, -0.5, 0.0, 0.0, 0.0, 0.0, 1.0 ], [ -1.0, 0.0, 0.0, 0.0, 0.0, 1.0, 0.0, 0.0, 0.0, 0.0, -1.0, 0.0, 0.0, 0.0, 0.0, 1.0 ], [ 0.0, 0.0, -1.0, 0.0, 1.0, 0.0, 0.0, 0.0, 0.0, -1.0, 0.0, 0.0, 0.0, 0.0, 0.0, 1.0 ], [ 0.0, -1.0, 0.0, 0.0, 0.0, 0.0, 1.0, 0.0, -1.0, 0.0, 0.0, 0.0, 0.0, 0.0, 0.0, 1.0 ], [ -0.809017, -0.309017, -0.5, 0.0, 0.309017, 0.5, -0.809017, 0.0, 0.5, -0.809017, -0.309017, 0.0, 0.0, 0.0, 0.0, 1.0 ], [ 0.5, -0.809017, -0.309017, 0.0, 0.809017, 0.309017, 0.5, 0.0, -0.309017, -0.5, 0.809017, 0.0, 0.0, 0.0, 0.0, 1.0 ], [ -0.309017, -0.5, 0.809017, 0.0, -0.5, 0.809017, 0.309017, 0.0, -0.809017, -0.309017, -0.5, 0.0, 0.0, 0.0, 0.0, 1.0 ], [ -0.5, -0.809017, -0.309017, 0.0, 0.809017, -0.309017, -0.5, 0.0, 0.309017, -0.5, 0.809017, 0.0, 0.0, 0.0, 0.0, 1.0 ], [ 0.309017, -0.5, 0.809017, 0.0, 0.5, 0.809017, 0.309017, 0.0, -0.809017, 0.309017, 0.5, 0.0, 0.0, 0.0, 0.0, 1.0 ], [ -0.809017, 0.309017, 0.5, 0.0, -0.309017, 0.5, -0.809017, 0.0, -0.5, -0.809017, -0.309017, 0.0, 0.0, 0.0, 0.0, 1.0 ], [ -0.5, -0.809017, 0.309017, 0.0, 0.809017, -0.309017, 0.5, 0.0, -0.309017, 0.5, 0.809017, 0.0, 0.0, 0.0, 0.0, 1.0 ], [ -0.309017, 0.5, 0.809017, 0.0, 0.5, 0.809017, -0.309017, 0.0, -0.809017, 0.309017, -0.5, 0.0, 0.0, 0.0, 0.0, 1.0 ], [ -0.809017, 0.309017, -0.5, 0.0, 0.309017, -0.5, -0.809017, 0.0, -0.5, -0.809017, 0.309017, 0.0, 0.0, 0.0, 0.0, 1.0 ], [ -0.809017, -0.309017, 0.5, 0.0, 0.309017, 0.5, 0.809017, 0.0, -0.5, 0.809017, -0.309017, 0.0, 0.0, 0.0, 0.0, 1.0 ], [ -0.5, 0.809017, -0.309017, 0.0, 0.809017, 0.309017, -0.5, 0.0, -0.309017, -0.5, -0.809017, 0.0, 0.0, 0.0, 0.0, 1.0 ], [ -0.309017, -0.5, -0.809017, 0.0, 0.5, -0.809017, 0.309017, 0.0, -0.809017, -0.309017, 0.5, 0.0, 0.0, 0.0, 0.0, 1.0 ] ],
  "lights" : {
    "directionalLights" : [ {
      "direction" : [ 1.0, -1.0, -1.0 ],
      "color" : "#EBEBE4"
    }, {
      "direction" : [ -1.0, 0.0, 0.0 ],
      "color" : "#E4E4EB"
    }, {
      "direction" : [ 0.0, 0.0, -1.0 ],
      "color" : "#1E1E1E"
    } ],
    "backgroundColor" : "#AFC8DC",
    "ambientColor" : "#292929"
  },
  "camera" : {
    "width" : 71.54824,
    "stereo" : false,
    "position" : {
      "x" : 50.391083,
      "y" : -75.087234,
      "z" : 130.77588
    },
    "viewDistance" : 158.99606,
    "upDirectionRV" : {
      "x" : 0.8428617,
      "y" : 0.53789943,
      "z" : -0.015931118,
      "zero" : false
    },
    "lookAtPointRV" : {
      "x" : 0.0,
      "y" : 0.0,
      "z" : 0.0,
      "zero" : true
    },
    "lookDirectionRV" : {
      "x" : -0.3169329,
      "y" : 0.47225845,
      "z" : -0.8225101,
      "zero" : false
    },
    "perspective" : true,
    "fieldOfView" : 0.44262895,
    "farClipDistance" : 317.99213,
    "lookAtPoint" : {
      "x" : 0.0,
      "y" : 0.0,
      "z" : 0.0
    },
    "lookDirection" : {
      "x" : -0.3169329,
      "y" : 0.47225845,
      "z" : -0.8225101
    },
    "upDirection" : {
      "x" : 0.8428617,
      "y" : 0.53789943,
      "z" : -0.015931118
    },
    "nearClipDistance" : 0.3974902
  },
  "embedding" : [ 1.0, 0.0, 0.0, 0.0, 0.0, 1.0, 0.0, 0.0, 0.0, 0.0, 1.0, 0.0, 0.0, 0.0, 0.0, 1.0 ],
  "shapes" : [ {
    "id" : "ff4baa57-ae88-442b-b9ce-5f32c7193e3f",
    "orbit" : "blue",
    "orbitC" : "[[0,0,1],[0,0,1]]",
    "length" : "[1,0,1]",
    "name" : "b1",
    "vertices" : [ {
      "x" : 7.472136,
      "y" : 0.309017,
      "z" : 0.19098301
    }, {
      "x" : 7.472136,
      "y" : 0.309017,
      "z" : -0.19098301
    }, {
      "x" : 1.0,
      "y" : 0.309017,
      "z" : -0.19098301
    }, {
      "x" : 1.0,
      "y" : 0.309017,
      "z" : 0.19098301
    }, {
      "x" : 7.472136,
      "y" : -0.309017,
      "z" : 0.19098301
    }, {
      "x" : 1.0,
      "y" : -0.309017,
      "z" : 0.19098301
    }, {
      "x" : 1.0,
      "y" : -0.309017,
      "z" : -0.19098301
    }, {
      "x" : 7.472136,
      "y" : -0.309017,
      "z" : -0.19098301
    }, {
      "x" : 8.472136,
      "y" : 0.0,
      "z" : 0.0
    } ],
    "faces" : [ {
      "vertices" : [ 1, 7, 6, 2 ]
    }, {
      "vertices" : [ 0, 1, 2, 3 ]
    }, {
      "vertices" : [ 4, 5, 6, 7 ]
    }, {
      "vertices" : [ 0, 3, 5, 4 ]
    } ]
  }, {
    "id" : "d1c4b1f5-47b8-4f07-a63e-7325d4a09b09",
    "vertices" : [ {
      "x" : 0.0,
      "y" : 0.0,
      "z" : 0.0
    }, {
      "x" : -4.959675,
      "y" : -0.4472136,
      "z" : 6.854102
    }, {
      "x" : 2.618034,
      "y" : -4.236068,
      "z" : 6.854102
    } ],
    "faces" : [ {
      "vertices" : [ 0, 1, 2 ]
    }, {
      "vertices" : [ 0, 2, 1 ]
    } ]
  }, {
    "id" : "12dd2db2-89ec-45d9-8092-b93f3165bbea",
    "name" : "ball",
    "vertices" : [ {
      "x" : 0.309017,
      "y" : -0.809017,
      "z" : 0.618034
    }, {
      "x" : 0.809017,
      "y" : -0.618034,
      "z" : 0.309017
    }, {
      "x" : 0.618034,
      "y" : -0.309017,
      "z" : 0.809017
    }, {
      "x" : 1.0,
      "y" : 0.309017,
      "z" : 0.19098301
    }, {
      "x" : 0.809017,
      "y" : 0.618034,
      "z" : 0.309017
    }, {
      "x" : 0.618034,
      "y" : 0.309017,
      "z" : 0.809017
    }, {
      "x" : 0.809017,
      "y" : 0.0,
      "z" : 0.690983
    }, {
      "x" : 0.19098301,
      "y" : -1.0,
      "z" : 0.309017
    }, {
      "x" : -0.19098301,
      "y" : -1.0,
      "z" : 0.309017
    }, {
      "x" : -0.19098301,
      "y" : -1.0,
      "z" : -0.309017
    }, {
      "x" : 0.19098301,
      "y" : -1.0,
      "z" : -0.309017
    }, {
      "x" : 1.0,
      "y" : -0.309017,
      "z" : -0.19098301
    }, {
      "x" : 0.809017,
      "y" : -0.618034,
      "z" : -0.309017
    }, {
      "x" : 0.618034,
      "y" : -0.309017,
      "z" : -0.809017
    }, {
      "x" : 0.809017,
      "y" : 0.0,
      "z" : -0.690983
    }, {
      "x" : 0.0,
      "y" : 0.690983,
      "z" : -0.809017
    }, {
      "x" : 0.309017,
      "y" : 0.809017,
      "z" : -0.618034
    }, {
      "x" : 0.618034,
      "y" : 0.309017,
      "z" : -0.809017
    }, {
      "x" : 0.309017,
      "y" : 0.19098301,
      "z" : -1.0
    }, {
      "x" : 1.0,
      "y" : 0.309017,
      "z" : -0.19098301
    }, {
      "x" : -0.309017,
      "y" : -0.809017,
      "z" : 0.618034
    }, {
      "x" : 0.0,
      "y" : -0.690983,
      "z" : 0.809017
    }, {
      "x" : 0.809017,
      "y" : 0.618034,
      "z" : -0.309017
    }, {
      "x" : 0.690983,
      "y" : 0.809017,
      "z" : 0.0
    }, {
      "x" : -0.690983,
      "y" : 0.809017,
      "z" : 0.0
    }, {
      "x" : -0.809017,
      "y" : 0.618034,
      "z" : 0.309017
    }, {
      "x" : -0.309017,
      "y" : 0.809017,
      "z" : 0.618034
    }, {
      "x" : -0.19098301,
      "y" : 1.0,
      "z" : 0.309017
    }, {
      "x" : 0.309017,
      "y" : -0.19098301,
      "z" : -1.0
    }, {
      "x" : 0.19098301,
      "y" : 1.0,
      "z" : 0.309017
    }, {
      "x" : 0.309017,
      "y" : 0.809017,
      "z" : 0.618034
    }, {
      "x" : -0.809017,
      "y" : -0.618034,
      "z" : 0.309017
    }, {
      "x" : -0.690983,
      "y" : -0.809017,
      "z" : 0.0
    }, {
      "x" : 0.0,
      "y" : 0.690983,
      "z" : 0.809017
    }, {
      "x" : 0.309017,
      "y" : -0.809017,
      "z" : -0.618034
    }, {
      "x" : 0.0,
      "y" : -0.690983,
      "z" : -0.809017
    }, {
      "x" : -1.0,
      "y" : 0.309017,
      "z" : 0.19098301
    }, {
      "x" : -0.809017,
      "y" : 0.0,
      "z" : 0.690983
    }, {
      "x" : -0.618034,
      "y" : 0.309017,
      "z" : 0.809017
    }, {
      "x" : 1.0,
      "y" : -0.309017,
      "z" : 0.19098301
    }, {
      "x" : -0.309017,
      "y" : -0.809017,
      "z" : -0.618034
    }, {
      "x" : -1.0,
      "y" : 0.309017,
      "z" : -0.19098301
    }, {
      "x" : -1.0,
      "y" : -0.309017,
      "z" : -0.19098301
    }, {
      "x" : -1.0,
      "y" : -0.309017,
      "z" : 0.19098301
    }, {
      "x" : 0.19098301,
      "y" : 1.0,
      "z" : -0.309017
    }, {
      "x" : -0.809017,
      "y" : 0.618034,
      "z" : -0.309017
    }, {
      "x" : -0.19098301,
      "y" : 1.0,
      "z" : -0.309017
    }, {
      "x" : -0.309017,
      "y" : 0.809017,
      "z" : -0.618034
    }, {
      "x" : -0.618034,
      "y" : -0.309017,
      "z" : 0.809017
    }, {
      "x" : 0.309017,
      "y" : 0.19098301,
      "z" : 1.0
    }, {
      "x" : -0.309017,
      "y" : 0.19098301,
      "z" : -1.0
    }, {
      "x" : -0.309017,
      "y" : 0.19098301,
      "z" : 1.0
    }, {
      "x" : -0.309017,
      "y" : -0.19098301,
      "z" : 1.0
    }, {
      "x" : 0.309017,
      "y" : -0.19098301,
      "z" : 1.0
    }, {
      "x" : 0.690983,
      "y" : -0.809017,
      "z" : 0.0
    }, {
      "x" : -0.809017,
      "y" : 0.0,
      "z" : -0.690983
    }, {
      "x" : -0.618034,
      "y" : -0.309017,
      "z" : -0.809017
    }, {
      "x" : -0.309017,
      "y" : -0.19098301,
      "z" : -1.0
    }, {
      "x" : -0.618034,
      "y" : 0.309017,
      "z" : -0.809017
    }, {
      "x" : -0.809017,
      "y" : -0.618034,
      "z" : -0.309017
    } ],
    "faces" : [ {
      "vertices" : [ 9, 40, 35, 34, 10 ]
    }, {
      "vertices" : [ 0, 1, 2 ]
    }, {
      "vertices" : [ 33, 51, 49 ]
    }, {
      "vertices" : [ 25, 36, 37, 38 ]
    }, {
      "vertices" : [ 41, 55, 42 ]
    }, {
      "vertices" : [ 9, 32, 59, 40 ]
    }, {
      "vertices" : [ 20, 21, 52, 48 ]
    }, {
      "vertices" : [ 26, 33, 30, 29, 27 ]
    }, {
      "vertices" : [ 3, 4, 5, 6 ]
    }, {
      "vertices" : [ 27, 29, 44, 46 ]
    }, {
      "vertices" : [ 50, 57, 56, 55, 58 ]
    }, {
      "vertices" : [ 26, 38, 51, 33 ]
    }, {
      "vertices" : [ 45, 47, 58 ]
    }, {
      "vertices" : [ 18, 28, 57, 50 ]
    }, {
      "vertices" : [ 40, 59, 56 ]
    }, {
      "vertices" : [ 31, 48, 37, 43 ]
    }, {
      "vertices" : [ 7, 8, 9, 10 ]
    }, {
      "vertices" : [ 36, 41, 42, 43 ]
    }, {
      "vertices" : [ 24, 46, 47, 45 ]
    }, {
      "vertices" : [ 4, 30, 5 ]
    }, {
      "vertices" : [ 15, 47, 46, 44, 16 ]
    }, {
      "vertices" : [ 15, 50, 58, 47 ]
    }, {
      "vertices" : [ 24, 45, 41, 36, 25 ]
    }, {
      "vertices" : [ 11, 14, 19 ]
    }, {
      "vertices" : [ 3, 6, 39 ]
    }, {
      "vertices" : [ 1, 39, 6, 2 ]
    }, {
      "vertices" : [ 8, 32, 9 ]
    }, {
      "vertices" : [ 11, 12, 13, 14 ]
    }, {
      "vertices" : [ 16, 22, 17 ]
    }, {
      "vertices" : [ 0, 21, 20, 8, 7 ]
    }, {
      "vertices" : [ 12, 34, 13 ]
    }, {
      "vertices" : [ 35, 40, 56, 57 ]
    }, {
      "vertices" : [ 0, 7, 54, 1 ]
    }, {
      "vertices" : [ 15, 16, 17, 18 ]
    }, {
      "vertices" : [ 3, 19, 22, 23, 4 ]
    }, {
      "vertices" : [ 7, 10, 54 ]
    }, {
      "vertices" : [ 41, 45, 58, 55 ]
    }, {
      "vertices" : [ 3, 39, 11, 19 ]
    }, {
      "vertices" : [ 14, 17, 22, 19 ]
    }, {
      "vertices" : [ 0, 2, 53, 21 ]
    }, {
      "vertices" : [ 49, 51, 52, 53 ]
    }, {
      "vertices" : [ 31, 43, 42, 59, 32 ]
    }, {
      "vertices" : [ 15, 18, 50 ]
    }, {
      "vertices" : [ 42, 55, 56, 59 ]
    }, {
      "vertices" : [ 4, 23, 29, 30 ]
    }, {
      "vertices" : [ 25, 38, 26 ]
    }, {
      "vertices" : [ 13, 28, 18, 17, 14 ]
    }, {
      "vertices" : [ 8, 20, 31, 32 ]
    }, {
      "vertices" : [ 23, 44, 29 ]
    }, {
      "vertices" : [ 24, 27, 46 ]
    }, {
      "vertices" : [ 37, 48, 52, 51, 38 ]
    }, {
      "vertices" : [ 20, 48, 31 ]
    }, {
      "vertices" : [ 24, 25, 26, 27 ]
    }, {
      "vertices" : [ 16, 44, 23, 22 ]
    }, {
      "vertices" : [ 13, 34, 35, 28 ]
    }, {
      "vertices" : [ 10, 34, 12, 54 ]
    }, {
      "vertices" : [ 2, 6, 5, 49, 53 ]
    }, {
      "vertices" : [ 36, 43, 37 ]
    }, {
      "vertices" : [ 5, 30, 33, 49 ]
    }, {
      "vertices" : [ 1, 54, 12, 11, 39 ]
    }, {
      "vertices" : [ 28, 35, 57 ]
    }, {
      "vertices" : [ 21, 53, 52 ]
    } ]
  }, {
    "id" : "f85631a0-6182-46b9-b3dc-a4cc2bd26fbd",
    "orbit" : "0",
    "orbitC" : "[[-8,5,1],[-11,7,1]]",
    "length" : "[1,0,1]",
    "name" : "short",
    "vertices" : [ {
      "x" : -7.5421386,
      "y" : -0.39837924,
      "z" : -2.3061585
    }, {
      "x" : -7.4421387,
      "y" : -0.79837924,
      "z" : -2.2061586
    }, {
      "x" : -0.48278376,
      "y" : -0.3252276,
      "z" : -0.31187534
    }, {
      "x" : -0.58278376,
      "y" : 0.074772425,
      "z" : -0.41187537
    }, {
      "x" : -7.208805,
      "y" : -0.93171257,
      "z" : -2.5061586
    }, {
      "x" : -7.3088055,
      "y" : -0.53171253,
      "z" : -2.6061587
    }, {
      "x" : -0.8161171,
      "y" : 0.20810576,
      "z" : -0.111875355
    }, {
      "x" : -0.7161171,
      "y" : -0.19189425,
      "z" : -0.011875356
    } ],
    "faces" : [ {
      "vertices" : [ 2, 3, 6, 7 ]
    }, {
      "vertices" : [ 0, 5, 4, 1 ]
    }, {
      "vertices" : [ 2, 4, 5, 3 ]
    }, {
      "vertices" : [ 0, 6, 3, 5 ]
    }, {
      "vertices" : [ 0, 1, 7, 6 ]
    }, {
      "vertices" : [ 1, 4, 2, 7 ]
    } ]
  }, {
    "id" : "a1327449-333c-4d06-af0a-d3b0a955e70b",
    "vertices" : [ {
      "x" : 0.0,
      "y" : 0.0,
      "z" : 0.0
    }, {
      "x" : 2.618034,
      "y" : 4.236068,
      "z" : 6.854102
    }, {
      "x" : 2.618034,
      "y" : -4.236068,
      "z" : 6.854102
    } ],
    "faces" : [ {
      "vertices" : [ 0, 1, 2 ]
    }, {
      "vertices" : [ 0, 2, 1 ]
    } ]
  }, {
    "id" : "d9d04f32-c5f9-4f6e-8713-c1c175c1d42c",
    "vertices" : [ {
      "x" : 0.0,
      "y" : 0.0,
      "z" : 0.0
    }, {
      "x" : 0.0,
      "y" : 8.472136,
      "z" : 0.0
    }, {
      "x" : 0.0,
      "y" : 8.472136,
      "z" : 8.472136
    }, {
      "x" : 0.0,
      "y" : 0.0,
      "z" : 8.472136
    } ],
    "faces" : [ {
      "vertices" : [ 0, 1, 2, 3 ]
    }, {
      "vertices" : [ 0, 3, 2, 1 ]
    } ]
  }, {
    "id" : "f6033fc9-f7c1-496b-acd5-cda0364e093c",
    "orbit" : "1",
    "orbitC" : "[[1,0,2],[0,0,1]]",
    "length" : "[1,0,1]",
    "name" : "short",
    "vertices" : [ {
      "x" : 4.463249,
      "y" : 0.14480127,
      "z" : 6.4729223
    }, {
      "x" : 4.3632493,
      "y" : 0.5448013,
      "z" : 6.372922
    }, {
      "x" : 0.49642542,
      "y" : 0.30241233,
      "z" : 0.3811798
    }, {
      "x" : 0.5964254,
      "y" : -0.097587675,
      "z" : 0.4811798
    }, {
      "x" : 4.6632495,
      "y" : 0.6781346,
      "z" : 6.139589
    }, {
      "x" : 4.7632494,
      "y" : 0.2781346,
      "z" : 6.2395887
    }, {
      "x" : 0.29642543,
      "y" : -0.230921,
      "z" : 0.7145131
    }, {
      "x" : 0.19642544,
      "y" : 0.16907899,
      "z" : 0.61451316
    } ],
    "faces" : [ {
      "vertices" : [ 2, 3, 6, 7 ]
    }, {
      "vertices" : [ 0, 5, 4, 1 ]
    }, {
      "vertices" : [ 2, 4, 5, 3 ]
    }, {
      "vertices" : [ 0, 6, 3, 5 ]
    }, {
      "vertices" : [ 0, 1, 7, 6 ]
    }, {
      "vertices" : [ 1, 4, 2, 7 ]
    } ]
  }, {
    "id" : "941bf855-21b3-4c51-8222-567e57262abb",
    "vertices" : [ {
      "x" : 0.0,
      "y" : 0.0,
      "z" : 0.0
    }, {
      "x" : 7.5777087,
      "y" : -3.7888544,
      "z" : 0.0
    }, {
      "x" : 4.959675,
      "y" : 0.4472136,
      "z" : -6.854102
    } ],
    "faces" : [ {
      "vertices" : [ 0, 1, 2 ]
    }, {
      "vertices" : [ 0, 2, 1 ]
    } ]
  }, {
    "id" : "8acd8a71-ce48-4a9e-b1fe-d4454764bfc2",
    "vertices" : [ {
      "x" : 0.0,
      "y" : 0.0,
      "z" : 0.0
    }, {
      "x" : -2.618034,
      "y" : 4.236068,
      "z" : 6.854102
    }, {
      "x" : -1.8944272,
      "y" : 11.537383,
      "z" : 2.618034
    }, {
      "x" : 0.7236068,
      "y" : 7.301316,
      "z" : -4.236068
    } ],
    "faces" : [ {
      "vertices" : [ 0, 1, 2, 3 ]
    }, {
      "vertices" : [ 0, 3, 2, 1 ]
    } ]
  }, {
    "id" : "60449a6c-b9c9-44f3-9e34-e9194d36a672",
    "vertices" : [ {
      "x" : 0.0,
      "y" : 0.0,
      "z" : 0.0
    }, {
      "x" : -8.024922,
      "y" : -0.7236068,
      "z" : -2.618034
    }, {
      "x" : -5.4068885,
      "y" : -4.959675,
      "z" : 4.236068
    } ],
    "faces" : [ {
      "vertices" : [ 0, 1, 2 ]
    }, {
      "vertices" : [ 0, 2, 1 ]
    } ]
  }, {
    "id" : "f99d16ab-8f7e-4ed9-8bdf-1effac993216",
    "vertices" : [ {
      "x" : 0.0,
      "y" : 0.0,
      "z" : 0.0
    }, {
      "x" : -2.618034,
      "y" : 4.236068,
      "z" : -6.854102
    }, {
      "x" : -7.5777087,
      "y" : 3.7888544,
      "z" : 0.0
    } ],
    "faces" : [ {
      "vertices" : [ 0, 1, 2 ]
    }, {
      "vertices" : [ 0, 2, 1 ]
    } ]
  }, {
    "id" : "5507dadc-549b-4856-8712-d871419abd55",
    "vertices" : [ {
      "x" : 0.0,
      "y" : 0.0,
      "z" : 0.0
    }, {
      "x" : 2.618034,
      "y" : -4.236068,
      "z" : -6.854102
    }, {
      "x" : 1.8944272,
      "y" : -11.537383,
      "z" : -2.618034
    }, {
      "x" : -0.7236068,
      "y" : -7.301316,
      "z" : 4.236068
    } ],
    "faces" : [ {
      "vertices" : [ 0, 1, 2, 3 ]
    }, {
      "vertices" : [ 0, 3, 2, 1 ]
    } ]
  }, {
    "id" : "09ed6f8d-2b53-44fe-a0e8-589adf826d78",
    "vertices" : [ {
      "x" : 0.0,
      "y" : 0.0,
      "z" : 0.0
    }, {
      "x" : 4.236068,
      "y" : -6.854102,
      "z" : -2.618034
    }, {
      "x" : 4.236068,
      "y" : -6.854102,
      "z" : -11.09017
    }, {
      "x" : 0.0,
      "y" : 0.0,
      "z" : -13.708204
    }, {
      "x" : -2.618034,
      "y" : 4.236068,
      "z" : -6.854102
    } ],
    "faces" : [ {
      "vertices" : [ 0, 1, 2, 3, 4 ]
    }, {
      "vertices" : [ 0, 4, 3, 2, 1 ]
    } ]
  }, {
    "id" : "362c6966-4ca7-4516-b592-13b2f6f138d2",
    "vertices" : [ {
      "x" : 0.0,
      "y" : 0.0,
      "z" : 0.0
    }, {
      "x" : 4.236068,
      "y" : -6.854102,
      "z" : 2.618034
    }, {
      "x" : 6.854102,
      "y" : -11.09017,
      "z" : -4.236068
    }, {
      "x" : 4.236068,
      "y" : -6.854102,
      "z" : -11.09017
    }, {
      "x" : 0.0,
      "y" : 0.0,
      "z" : -8.472136
    } ],
    "faces" : [ {
      "vertices" : [ 0, 1, 2, 3, 4 ]
    }, {
      "vertices" : [ 0, 4, 3, 2, 1 ]
    } ]
  }, {
    "id" : "644b3ca9-3a50-4728-97fb-d721dedcb5fa",
    "vertices" : [ {
      "x" : 0.0,
      "y" : 0.0,
      "z" : 0.0
    }, {
      "x" : -0.7236068,
      "y" : -7.301316,
      "z" : 4.236068
    }, {
      "x" : -3.3416407,
      "y" : -3.0652475,
      "z" : 11.09017
    }, {
      "x" : -2.618034,
      "y" : 4.236068,
      "z" : 6.854102
    } ],
    "faces" : [ {
      "vertices" : [ 0, 1, 2, 3 ]
    }, {
      "vertices" : [ 0, 3, 2, 1 ]
    } ]
  }, {
    "id" : "ea00bc42-2519-415d-b804-40ce2f192217",
    "vertices" : [ {
      "x" : 0.0,
      "y" : 0.0,
      "z" : 0.0
    }, {
      "x" : 0.0,
      "y" : 8.472136,
      "z" : 0.0
    }, {
      "x" : 2.618034,
      "y" : 4.236068,
      "z" : 6.854102
    } ],
    "faces" : [ {
      "vertices" : [ 0, 1, 2 ]
    }, {
      "vertices" : [ 0, 2, 1 ]
    } ]
  }, {
    "id" : "cbb2f66c-b8f9-4ec7-b5a5-6f807075ab2d",
    "vertices" : [ {
      "x" : 0.0,
      "y" : 0.0,
      "z" : 0.0
    }, {
      "x" : 2.618034,
      "y" : -4.236068,
      "z" : 6.854102
    }, {
      "x" : 0.0,
      "y" : -8.472136,
      "z" : 0.0
    } ],
    "faces" : [ {
      "vertices" : [ 0, 1, 2 ]
    }, {
      "vertices" : [ 0, 2, 1 ]
    } ]
  }, {
    "id" : "b043f131-4258-43ce-9ffe-7945174297f4",
    "vertices" : [ {
      "x" : 0.0,
      "y" : 0.0,
      "z" : 0.0
    }, {
      "x" : 0.0,
      "y" : -8.472136,
      "z" : 0.0
    }, {
      "x" : 0.0,
      "y" : -8.472136,
      "z" : -8.472136
    }, {
      "x" : 0.0,
      "y" : 0.0,
      "z" : -8.472136
    } ],
    "faces" : [ {
      "vertices" : [ 0, 1, 2, 3 ]
    }, {
      "vertices" : [ 0, 3, 2, 1 ]
    } ]
  }, {
    "id" : "206c494e-3c8c-4c57-b7ab-75bf80b134ac",
    "vertices" : [ {
      "x" : 0.0,
      "y" : 0.0,
      "z" : 0.0
    }, {
      "x" : -4.959675,
      "y" : -0.4472136,
      "z" : -6.854102
    }, {
      "x" : -12.984597,
      "y" : -1.1708204,
      "z" : -4.236068
    }, {
      "x" : -12.984597,
      "y" : -1.1708204,
      "z" : 4.236068
    }, {
      "x" : -4.959675,
      "y" : -0.4472136,
      "z" : 6.854102
    } ],
    "faces" : [ {
      "vertices" : [ 0, 1, 2, 3, 4 ]
    }, {
      "vertices" : [ 0, 4, 3, 2, 1 ]
    } ]
  }, {
    "id" : "34be9455-f51f-48e4-a5c1-9f1696c6c5e1",
    "vertices" : [ {
      "x" : 0.0,
      "y" : 0.0,
      "z" : 0.0
    }, {
      "x" : 0.0,
      "y" : 0.0,
      "z" : 8.472136
    }, {
      "x" : 0.0,
      "y" : -8.472136,
      "z" : 8.472136
    }, {
      "x" : 0.0,
      "y" : -8.472136,
      "z" : 0.0
    } ],
    "faces" : [ {
      "vertices" : [ 0, 1, 2, 3 ]
    }, {
      "vertices" : [ 0, 3, 2, 1 ]
    } ]
  }, {
    "id" : "d16bcedc-488d-492f-95b4-6c0e1ecb649e",
    "vertices" : [ {
      "x" : 0.0,
      "y" : 0.0,
      "z" : 0.0
    }, {
      "x" : 0.0,
      "y" : 0.0,
      "z" : 8.472136
    }, {
      "x" : 4.236068,
      "y" : -6.854102,
      "z" : 11.09017
    }, {
      "x" : 6.854102,
      "y" : -11.09017,
      "z" : 4.236068
    }, {
      "x" : 4.236068,
      "y" : -6.854102,
      "z" : -2.618034
    } ],
    "faces" : [ {
      "vertices" : [ 0, 1, 2, 3, 4 ]
    }, {
      "vertices" : [ 0, 4, 3, 2, 1 ]
    } ]
  }, {
    "id" : "b4c84ae2-d613-49fb-8422-d1d0f258096d",
    "vertices" : [ {
      "x" : 0.0,
      "y" : 0.0,
      "z" : 0.0
    }, {
      "x" : 2.618034,
      "y" : -4.236068,
      "z" : -6.854102
    }, {
      "x" : 0.0,
      "y" : 0.0,
      "z" : -13.708204
    }, {
      "x" : -4.236068,
      "y" : 6.854102,
      "z" : -11.09017
    }, {
      "x" : -4.236068,
      "y" : 6.854102,
      "z" : -2.618034
    } ],
    "faces" : [ {
      "vertices" : [ 0, 1, 2, 3, 4 ]
    }, {
      "vertices" : [ 0, 4, 3, 2, 1 ]
    } ]
  }, {
    "id" : "3a51a2e6-ab92-4241-95f7-687ddbe32bad",
    "vertices" : [ {
      "x" : 0.0,
      "y" : 0.0,
      "z" : 0.0
    }, {
      "x" : 0.0,
      "y" : 0.0,
      "z" : -8.472136
    }, {
      "x" : -4.236068,
      "y" : 6.854102,
      "z" : -11.09017
    }, {
      "x" : -6.854102,
      "y" : 11.09017,
      "z" : -4.236068
    }, {
      "x" : -4.236068,
      "y" : 6.854102,
      "z" : 2.618034
    } ],
    "faces" : [ {
      "vertices" : [ 0, 1, 2, 3, 4 ]
    }, {
      "vertices" : [ 0, 4, 3, 2, 1 ]
    } ]
  }, {
    "id" : "59d2fa36-fb37-4055-8255-8c344b82fe98",
    "vertices" : [ {
      "x" : 0.0,
      "y" : 0.0,
      "z" : 0.0
    }, {
      "x" : -8.024922,
      "y" : -0.7236068,
      "z" : 2.618034
    }, {
      "x" : -8.024922,
      "y" : -0.7236068,
      "z" : 11.09017
    }, {
      "x" : 0.0,
      "y" : 0.0,
      "z" : 13.708204
    }, {
      "x" : 4.959675,
      "y" : 0.4472136,
      "z" : 6.854102
    } ],
    "faces" : [ {
      "vertices" : [ 0, 1, 2, 3, 4 ]
    }, {
      "vertices" : [ 0, 4, 3, 2, 1 ]
    } ]
  }, {
    "id" : "106d3f5e-b885-4f98-88a2-66332c4820b9",
    "vertices" : [ {
      "x" : 0.0,
      "y" : 0.0,
      "z" : 0.0
    }, {
      "x" : 2.618034,
      "y" : -4.236068,
      "z" : 6.854102
    }, {
      "x" : 8.024922,
      "y" : 0.7236068,
      "z" : 2.618034
    } ],
    "faces" : [ {
      "vertices" : [ 0, 1, 2 ]
    }, {
      "vertices" : [ 0, 2, 1 ]
    } ]
  }, {
    "id" : "36217efa-4ebb-4cbd-9de6-e0aa4fd8d6b3",
    "vertices" : [ {
      "x" : 0.0,
      "y" : 0.0,
      "z" : 0.0
    }, {
      "x" : 0.0,
      "y" : 0.0,
      "z" : -8.472136
    }, {
      "x" : 0.0,
      "y" : 8.472136,
      "z" : -8.472136
    }, {
      "x" : 0.0,
      "y" : 8.472136,
      "z" : 0.0
    } ],
    "faces" : [ {
      "vertices" : [ 0, 1, 2, 3 ]
    }, {
      "vertices" : [ 0, 3, 2, 1 ]
    } ]
  }, {
    "id" : "f3bf18e3-e317-440a-95cd-33d6469072f1",
    "vertices" : [ {
      "x" : 0.0,
      "y" : 0.0,
      "z" : 0.0
    }, {
      "x" : -2.618034,
      "y" : -4.236068,
      "z" : -6.854102
    }, {
      "x" : -2.618034,
      "y" : 4.236068,
      "z" : -6.854102
    } ],
    "faces" : [ {
      "vertices" : [ 0, 1, 2 ]
    }, {
      "vertices" : [ 0, 2, 1 ]
    } ]
  }, {
    "id" : "b16ecbca-7ce3-4732-9ebb-8961b677cdff",
    "vertices" : [ {
      "x" : 0.0,
      "y" : 0.0,
      "z" : 0.0
    }, {
      "x" : -2.618034,
      "y" : 4.236068,
      "z" : -6.854102
    }, {
      "x" : 0.0,
      "y" : 8.472136,
      "z" : 0.0
    } ],
    "faces" : [ {
      "vertices" : [ 0, 1, 2 ]
    }, {
      "vertices" : [ 0, 2, 1 ]
    } ]
  }, {
    "id" : "6993d0d1-038c-487f-a254-0ec380295db3",
    "vertices" : [ {
      "x" : 0.0,
      "y" : 0.0,
      "z" : 0.0
    }, {
      "x" : 4.959675,
      "y" : 0.4472136,
      "z" : -6.854102
    }, {
      "x" : 0.0,
      "y" : 0.0,
      "z" : -13.708204
    }, {
      "x" : -8.024922,
      "y" : -0.7236068,
      "z" : -11.09017
    }, {
      "x" : -8.024922,
      "y" : -0.7236068,
      "z" : -2.618034
    } ],
    "faces" : [ {
      "vertices" : [ 0, 1, 2, 3, 4 ]
    }, {
      "vertices" : [ 0, 4, 3, 2, 1 ]
    } ]
  }, {
    "id" : "4422719a-7373-4071-8004-7df28a75da48",
    "vertices" : [ {
      "x" : 0.0,
      "y" : 0.0,
      "z" : 0.0
    }, {
      "x" : 0.7236068,
      "y" : 7.301316,
      "z" : -4.236068
    }, {
      "x" : 3.3416407,
      "y" : 3.0652475,
      "z" : -11.09017
    }, {
      "x" : 2.618034,
      "y" : -4.236068,
      "z" : -6.854102
    } ],
    "faces" : [ {
      "vertices" : [ 0, 1, 2, 3 ]
    }, {
      "vertices" : [ 0, 3, 2, 1 ]
    } ]
  } ],
  "instances" : [ {
    "shape" : "ff4baa57-ae88-442b-b9ce-5f32c7193e3f",
    "color" : "#008EC2",
    "position" : {
      "x" : -16.77345,
      "y" : 4.959675,
      "z" : -4.236068
    },
    "orientation" : 11
  }, {
    "shape" : "d1c4b1f5-47b8-4f07-a63e-7325d4a09b09",
    "color" : "#FF69B4",
    "position" : {
      "x" : -8.024922,
      "y" : 4.512461,
      "z" : -11.09017
    },
    "orientation" : 30
  }, {
    "shape" : "ff4baa57-ae88-442b-b9ce-5f32c7193e3f",
    "color" : "#008EC2",
    "position" : {
      "x" : -14.155417,
      "y" : 0.7236068,
      "z" : 11.09017
    },
    "orientation" : 21
  }, {
    "shape" : "ff4baa57-ae88-442b-b9ce-5f32c7193e3f",
    "color" : "#008EC2",
    "position" : {
      "x" : -16.77345,
      "y" : 4.959675,
      "z" : 4.236068
    },
    "orientation" : 37
  }, {
    "shape" : "12dd2db2-89ec-45d9-8092-b93f3165bbea",
    "color" : "#F2F2F2",
    "position" : {
      "x" : 1.1708204,
      "y" : -10.366563,
      "z" : -6.854102
    }
  }, {
    "shape" : "ff4baa57-ae88-442b-b9ce-5f32c7193e3f",
    "color" : "#008EC2",
    "position" : {
      "x" : -7.301316,
      "y" : -1.8944272,
      "z" : 6.854102
    },
    "orientation" : 38
  }, {
    "shape" : "ff4baa57-ae88-442b-b9ce-5f32c7193e3f",
    "color" : "#008EC2",
    "position" : {
      "x" : -3.7888544,
      "y" : -2.3416407,
      "z" : 13.708204
    },
    "orientation" : 54
  }, {
    "shape" : "f85631a0-6182-46b9-b3dc-a4cc2bd26fbd",
    "color" : "#B0E0E6",
    "position" : {
      "x" : 0.4472136,
      "y" : -9.195743,
      "z" : -11.09017
    },
    "orientation" : 39
  }, {
    "shape" : "f85631a0-6182-46b9-b3dc-a4cc2bd26fbd",
    "color" : "#B0E0E6",
    "position" : {
      "x" : 4.236068,
      "y" : -1.618034,
      "z" : -11.09017
    },
    "orientation" : 0
  }, {
    "shape" : "12dd2db2-89ec-45d9-8092-b93f3165bbea",
    "color" : "#F2F2F2",
    "position" : {
      "x" : -16.77345,
      "y" : 4.959675,
      "z" : 4.236068
    }
  }, {
    "shape" : "ff4baa57-ae88-442b-b9ce-5f32c7193e3f",
    "color" : "#008EC2",
    "position" : {
      "x" : 1.1708204,
      "y" : -1.8944272,
      "z" : 6.854102
    },
    "orientation" : 16
  }, {
    "shape" : "a1327449-333c-4d06-af0a-d3b0a955e70b",
    "color" : "#FF0000",
    "position" : {
      "x" : 3.7888544,
      "y" : -6.130495,
      "z" : 0.0
    },
    "orientation" : 30
  }, {
    "shape" : "ff4baa57-ae88-442b-b9ce-5f32c7193e3f",
    "color" : "#008EC2",
    "position" : {
      "x" : -3.0652475,
      "y" : -17.220665,
      "z" : 4.236068
    },
    "orientation" : 1
  }, {
    "shape" : "d9d04f32-c5f9-4f6e-8713-c1c175c1d42c",
    "color" : "#FF69B4",
    "position" : {
      "x" : -9.91935,
      "y" : 2.3416407,
      "z" : 0.0
    },
    "orientation" : 39
  }, {
    "shape" : "12dd2db2-89ec-45d9-8092-b93f3165bbea",
    "color" : "#F2F2F2",
    "position" : {
      "x" : 0.4472136,
      "y" : -9.195743,
      "z" : 11.09017
    }
  }, {
    "shape" : "ff4baa57-ae88-442b-b9ce-5f32c7193e3f",
    "color" : "#008EC2",
    "position" : {
      "x" : -9.91935,
      "y" : -6.130495,
      "z" : -13.708204
    },
    "orientation" : 21
  }, {
    "shape" : "f6033fc9-f7c1-496b-acd5-cda0364e093c",
    "color" : "#B8860B",
    "position" : {
      "x" : 3.7888544,
      "y" : -6.130495,
      "z" : 0.0
    },
    "orientation" : 42
  }, {
    "shape" : "941bf855-21b3-4c51-8222-567e57262abb",
    "color" : "#FF69B4",
    "position" : {
      "x" : -3.0652475,
      "y" : 4.959675,
      "z" : 4.236068
    },
    "orientation" : 42
  }, {
    "shape" : "f6033fc9-f7c1-496b-acd5-cda0364e093c",
    "color" : "#B8860B",
    "position" : {
      "x" : -3.0652475,
      "y" : 4.959675,
      "z" : -4.236068
    },
    "orientation" : 33
  }, {
    "shape" : "12dd2db2-89ec-45d9-8092-b93f3165bbea",
    "color" : "#F2F2F2",
    "position" : {
      "x" : -3.0652475,
      "y" : -8.748529,
      "z" : -4.236068
    }
  }, {
    "shape" : "941bf855-21b3-4c51-8222-567e57262abb",
    "color" : "#FF0000",
    "position" : {
      "x" : -2.618034,
      "y" : 9.472136,
      "z" : -6.854102
    },
    "orientation" : 12
  }, {
    "shape" : "ff4baa57-ae88-442b-b9ce-5f32c7193e3f",
    "color" : "#008EC2",
    "position" : {
      "x" : 2.3416407,
      "y" : 9.91935,
      "z" : 0.0
    },
    "orientation" : 37
  }, {
    "shape" : "f6033fc9-f7c1-496b-acd5-cda0364e093c",
    "color" : "#B8860B",
    "position" : {
      "x" : 9.195743,
      "y" : -1.1708204,
      "z" : 4.236068
    },
    "orientation" : 30
  }, {
    "shape" : "ff4baa57-ae88-442b-b9ce-5f32c7193e3f",
    "color" : "#008EC2",
    "position" : {
      "x" : 4.959675,
      "y" : 5.6832814,
      "z" : -6.854102
    },
    "orientation" : 7
  }, {
    "shape" : "8acd8a71-ce48-4a9e-b1fe-d4454764bfc2",
    "color" : "#FF0000",
    "position" : {
      "x" : 0.4472136,
      "y" : -9.195743,
      "z" : -11.09017
    },
    "orientation" : 3
  }, {
    "shape" : "f85631a0-6182-46b9-b3dc-a4cc2bd26fbd",
    "color" : "#B0E0E6",
    "position" : {
      "x" : 3.0652475,
      "y" : -13.43181,
      "z" : -4.236068
    },
    "orientation" : 36
  }, {
    "shape" : "d1c4b1f5-47b8-4f07-a63e-7325d4a09b09",
    "color" : "#FF0000",
    "position" : {
      "x" : 9.195743,
      "y" : -1.1708204,
      "z" : 4.236068
    },
    "orientation" : 6
  }, {
    "shape" : "12dd2db2-89ec-45d9-8092-b93f3165bbea",
    "color" : "#F2F2F2",
    "position" : {
      "x" : -3.0652475,
      "y" : 4.959675,
      "z" : 4.236068
    }
  }, {
    "shape" : "60449a6c-b9c9-44f3-9e34-e9194d36a672",
    "color" : "#FF0000",
    "position" : {
      "x" : 8.472136,
      "y" : -8.472136,
      "z" : 0.0
    },
    "orientation" : 6
  }, {
    "shape" : "f99d16ab-8f7e-4ed9-8bdf-1effac993216",
    "color" : "#FF0000",
    "position" : {
      "x" : 9.195743,
      "y" : -1.1708204,
      "z" : 4.236068
    },
    "orientation" : 3
  }, {
    "shape" : "12dd2db2-89ec-45d9-8092-b93f3165bbea",
    "color" : "#F2F2F2",
    "position" : {
      "x" : -14.155417,
      "y" : 0.7236068,
      "z" : 11.09017
    }
  }, {
    "shape" : "5507dadc-549b-4856-8712-d871419abd55",
    "color" : "#FF0000",
    "position" : {
      "x" : -3.0652475,
      "y" : 4.959675,
      "z" : -4.236068
    },
    "orientation" : 9
  }, {
    "shape" : "12dd2db2-89ec-45d9-8092-b93f3165bbea",
    "color" : "#F2F2F2",
    "position" : {
      "x" : -5.6832814,
      "y" : 0.7236068,
      "z" : 11.09017
    }
  }, {
    "shape" : "ff4baa57-ae88-442b-b9ce-5f32c7193e3f",
    "color" : "#008EC2",
    "position" : {
      "x" : -10.642957,
      "y" : 8.748529,
      "z" : 4.236068
    },
    "orientation" : 47
  }, {
    "shape" : "ff4baa57-ae88-442b-b9ce-5f32c7193e3f",
    "color" : "#008EC2",
    "position" : {
      "x" : -3.0652475,
      "y" : -8.748529,
      "z" : -4.236068
    },
    "orientation" : 2
  }, {
    "shape" : "ff4baa57-ae88-442b-b9ce-5f32c7193e3f",
    "color" : "#008EC2",
    "position" : {
      "x" : -9.91935,
      "y" : -6.130495,
      "z" : -13.708204
    },
    "orientation" : 9
  }, {
    "shape" : "12dd2db2-89ec-45d9-8092-b93f3165bbea",
    "color" : "#F2F2F2",
    "position" : {
      "x" : -9.91935,
      "y" : 7.5777087,
      "z" : 0.0
    }
  }, {
    "shape" : "09ed6f8d-2b53-44fe-a0e8-589adf826d78",
    "color" : "#FF0000",
    "position" : {
      "x" : -5.6832814,
      "y" : -12.984597,
      "z" : -11.09017
    },
    "orientation" : 32
  }, {
    "shape" : "ff4baa57-ae88-442b-b9ce-5f32c7193e3f",
    "color" : "#008EC2",
    "position" : {
      "x" : -3.0652475,
      "y" : -17.220665,
      "z" : -4.236068
    },
    "orientation" : 1
  }, {
    "shape" : "12dd2db2-89ec-45d9-8092-b93f3165bbea",
    "color" : "#F2F2F2",
    "position" : {
      "x" : 3.7888544,
      "y" : -6.130495,
