{
  "field" : "golden",
  "symmetry" : "icosahedral",
  "orientations" : [ [ 1.0, 0.0, 0.0, 0.0, 0.0, 1.0, 0.0, 0.0, 0.0, 0.0, 1.0, 0.0, 0.0, 0.0, 0.0, 1.0 ], [ 0.0, 0.0, 1.0, 0.0, 1.0, 0.0, 0.0, 0.0, 0.0, 1.0, 0.0, 0.0, 0.0, 0.0, 0.0, 1.0 ], [ 0.0, 1.0, 0.0, 0.0, 0.0, 0.0, 1.0, 0.0, 1.0, 0.0, 0.0, 0.0, 0.0, 0.0, 0.0, 1.0 ], [ 0.809017, 0.309017, 0.5, 0.0, 0.309017, 0.5, -0.809017, 0.0, -0.5, 0.809017, 0.309017, 0.0, 0.0, 0.0, 0.0, 1.0 ], [ -0.5, 0.809017, 0.309017, 0.0, 0.809017, 0.309017, 0.5, 0.0, 0.309017, 0.5, -0.809017, 0.0, 0.0, 0.0, 0.0, 1.0 ], [ 0.309017, 0.5, -0.809017, 0.0, -0.5, 0.809017, 0.309017, 0.0, 0.809017, 0.309017, 0.5, 0.0, 0.0, 0.0, 0.0, 1.0 ], [ 0.5, 0.809017, 0.309017, 0.0, 0.809017, -0.309017, -0.5, 0.0, -0.309017, 0.5, -0.809017, 0.0, 0.0, 0.0, 0.0, 1.0 ], [ -0.309017, 0.5, -0.809017, 0.0, 0.5, 0.809017, 0.309017, 0.0, 0.809017, -0.309017, -0.5, 0.0, 0.0, 0.0, 0.0, 1.0 ], [ 0.809017, -0.309017, -0.5, 0.0, -0.309017, 0.5, -0.809017, 0.0, 0.5, 0.809017, 0.309017, 0.0, 0.0, 0.0, 0.0, 1.0 ], [ 0.5, 0.809017, -0.309017, 0.0, 0.809017, -0.309017, 0.5, 0.0, 0.309017, -0.5, -0.809017, 0.0, 0.0, 0.0, 0.0, 1.0 ], [ 0.309017, -0.5, -0.809017, 0.0, 0.5, 0.809017, -0.309017, 0.0, 0.809017, -0.309017, 0.5, 0.0, 0.0, 0.0, 0.0, 1.0 ], [ 0.809017, -0.309017, 0.5, 0.0, 0.309017, -0.5, -0.809017, 0.0, 0.5, 0.809017, -0.309017, 0.0, 0.0, 0.0, 0.0, 1.0 ], [ 0.809017, 0.309017, -0.5, 0.0, 0.309017, 0.5, 0.809017, 0.0, 0.5, -0.809017, 0.309017, 0.0, 0.0, 0.0, 0.0, 1.0 ], [ 0.5, -0.809017, 0.309017, 0.0, 0.809017, 0.309017, -0.5, 0.0, 0.309017, 0.5, 0.809017, 0.0, 0.0, 0.0, 0.0, 1.0 ], [ 0.309017, 0.5, 0.809017, 0.0, 0.5, -0.809017, 0.309017, 0.0, 0.809017, 0.309017, -0.5, 0.0, 0.0, 0.0, 0.0, 1.0 ], [ 1.0, 0.0, 0.0, 0.0, 0.0, -1.0, 0.0, 0.0, 0.0, 0.0, -1.0, 0.0, 0.0, 0.0, 0.0, 1.0 ], [ 0.0, 0.0, 1.0, 0.0, -1.0, 0.0, 0.0, 0.0, 0.0, -1.0, 0.0, 0.0, 0.0, 0.0, 0.0, 1.0 ], [ 0.0, 1.0, 0.0, 0.0, 0.0, 0.0, -1.0, 0.0, -1.0, 0.0, 0.0, 0.0, 0.0, 0.0, 0.0, 1.0 ], [ 0.809017, 0.309017, 0.5, 0.0, -0.309017, -0.5, 0.809017, 0.0, 0.5, -0.809017, -0.309017, 0.0, 0.0, 0.0, 0.0, 1.0 ], [ -0.5, 0.809017, 0.309017, 0.0, -0.809017, -0.309017, -0.5, 0.0, -0.309017, -0.5, 0.809017, 0.0, 0.0, 0.0, 0.0, 1.0 ], [ 0.309017, 0.5, -0.809017, 0.0, 0.5, -0.809017, -0.309017, 0.0, -0.809017, -0.309017, -0.5, 0.0, 0.0, 0.0, 0.0, 1.0 ], [ 0.5, 0.809017, 0.309017, 0.0, -0.809017, 0.309017, 0.5, 0.0, 0.309017, -0.5, 0.809017, 0.0, 0.0, 0.0, 0.0, 1.0 ], [ -0.309017, 0.5, -0.809017, 0.0, -0.5, -0.809017, -0.309017, 0.0, -0.809017, 0.309017, 0.5, 0.0, 0.0, 0.0, 0.0, 1.0 ], [ 0.809017, -0.309017, -0.5, 0.0, 0.309017, -0.5, 0.809017, 0.0, -0.5, -0.809017, -0.309017, 0.0, 0.0, 0.0, 0.0, 1.0 ], [ 0.5, 0.809017, -0.309017, 0.0, -0.809017, 0.309017, -0.5, 0.0, -0.309017, 0.5, 0.809017, 0.0, 0.0, 0.0, 0.0, 1.0 ], [ 0.309017, -0.5, -0.809017, 0.0, -0.5, -0.809017, 0.309017, 0.0, -0.809017, 0.309017, -0.5, 0.0, 0.0, 0.0, 0.0, 1.0 ], [ 0.809017, -0.309017, 0.5, 0.0, -0.309017, 0.5, 0.809017, 0.0, -0.5, -0.809017, 0.309017, 0.0, 0.0, 0.0, 0.0, 1.0 ], [ 0.809017, 0.309017, -0.5, 0.0, -0.309017, -0.5, -0.809017, 0.0, -0.5, 0.809017, -0.309017, 0.0, 0.0, 0.0, 0.0, 1.0 ], [ 0.5, -0.809017, 0.309017, 0.0, -0.809017, -0.309017, 0.5, 0.0, -0.309017, -0.5, -0.809017, 0.0, 0.0, 0.0, 0.0, 1.0 ], [ 0.309017, 0.5, 0.809017, 0.0, -0.5, 0.809017, -0.309017, 0.0, -0.809017, -0.309017, 0.5, 0.0, 0.0, 0.0, 0.0, 1.0 ], [ -1.0, 0.0, 0.0, 0.0, 0.0, -1.0, 0.0, 0.0, 0.0, 0.0, 1.0, 0.0, 0.0, 0.0, 0.0, 1.0 ], [ 0.0, 0.0, -1.0, 0.0, -1.0, 0.0, 0.0, 0.0, 0.0, 1.0, 0.0, 0.0, 0.0, 0.0, 0.0, 1.0 ], [ 0.0, -1.0, 0.0, 0.0, 0.0, 0.0, -1.0, 0.0, 1.0, 0.0, 0.0, 0.0, 0.0, 0.0, 0.0, 1.0 ], [ -0.809017, -0.309017, -0.5, 0.0, -0.309017, -0.5, 0.809017, 0.0, -0.5, 0.809017, 0.309017, 0.0, 0.0, 0.0, 0.0, 1.0 ], [ 0.5, -0.809017, -0.309017, 0.0, -0.809017, -0.309017, -0.5, 0.0, 0.309017, 0.5, -0.809017, 0.0, 0.0, 0.0, 0.0, 1.0 ], [ -0.309017, -0.5, 0.809017, 0.0, 0.5, -0.809017, -0.309017, 0.0, 0.809017, 0.309017, 0.5, 0.0, 0.0, 0.0, 0.0, 1.0 ], [ -0.5, -0.809017, -0.309017, 0.0, -0.809017, 0.309017, 0.5, 0.0, -0.309017, 0.5, -0.809017, 0.0, 0.0, 0.0, 0.0, 1.0 ], [ 0.309017, -0.5, 0.809017, 0.0, -0.5, -0.809017, -0.309017, 0.0, 0.809017, -0.309017, -0.5, 0.0, 0.0, 0.0, 0.0, 1.0 ], [ -0.809017, 0.309017, 0.5, 0.0, 0.309017, -0.5, 0.809017, 0.0, 0.5, 0.809017, 0.309017, 0.0, 0.0, 0.0, 0.0, 1.0 ], [ -0.5, -0.809017, 0.309017, 0.0, -0.809017, 0.309017, -0.5, 0.0, 0.309017, -0.5, -0.809017, 0.0, 0.0, 0.0, 0.0, 1.0 ], [ -0.309017, 0.5, 0.809017, 0.0, -0.5, -0.809017, 0.309017, 0.0, 0.809017, -0.309017, 0.5, 0.0, 0.0, 0.0, 0.0, 1.0 ], [ -0.809017, 0.309017, -0.5, 0.0, -0.309017, 0.5, 0.809017, 0.0, 0.5, 0.809017, -0.309017, 0.0, 0.0, 0.0, 0.0, 1.0 ], [ -0.809017, -0.309017, 0.5, 0.0, -0.309017, -0.5, -0.809017, 0.0, 0.5, -0.809017, 0.309017, 0.0, 0.0, 0.0, 0.0, 1.0 ], [ -0.5, 0.809017, -0.309017, 0.0, -0.809017, -0.309017, 0.5, 0.0, 0.309017, 0.5, 0.809017, 0.0, 0.0, 0.0, 0.0, 1.0 ], [ -0.309017, -0.5, -0.809017, 0.0, -0.5, 0.809017, -0.309017, 0.0, 0.809017, 0.309017, -0.5, 0.0, 0.0, 0.0, 0.0, 1.0 ], [ -1.0, 0.0, 0.0, 0.0, 0.0, 1.0, 0.0, 0.0, 0.0, 0.0, -1.0, 0.0, 0.0, 0.0, 0.0, 1.0 ], [ 0.0, 0.0, -1.0, 0.0, 1.0, 0.0, 0.0, 0.0, 0.0, -1.0, 0.0, 0.0, 0.0, 0.0, 0.0, 1.0 ], [ 0.0, -1.0, 0.0, 0.0, 0.0, 0.0, 1.0, 0.0, -1.0, 0.0, 0.0, 0.0, 0.0, 0.0, 0.0, 1.0 ], [ -0.809017, -0.309017, -0.5, 0.0, 0.309017, 0.5, -0.809017, 0.0, 0.5, -0.809017, -0.309017, 0.0, 0.0, 0.0, 0.0, 1.0 ], [ 0.5, -0.809017, -0.309017, 0.0, 0.809017, 0.309017, 0.5, 0.0, -0.309017, -0.5, 0.809017, 0.0, 0.0, 0.0, 0.0, 1.0 ], [ -0.309017, -0.5, 0.809017, 0.0, -0.5, 0.809017, 0.309017, 0.0, -0.809017, -0.309017, -0.5, 0.0, 0.0, 0.0, 0.0, 1.0 ], [ -0.5, -0.809017, -0.309017, 0.0, 0.809017, -0.309017, -0.5, 0.0, 0.309017, -0.5, 0.809017, 0.0, 0.0, 0.0, 0.0, 1.0 ], [ 0.309017, -0.5, 0.809017, 0.0, 0.5, 0.809017, 0.309017, 0.0, -0.809017, 0.309017, 0.5, 0.0, 0.0, 0.0, 0.0, 1.0 ], [ -0.809017, 0.309017, 0.5, 0.0, -0.309017, 0.5, -0.809017, 0.0, -0.5, -0.809017, -0.309017, 0.0, 0.0, 0.0, 0.0, 1.0 ], [ -0.5, -0.809017, 0.309017, 0.0, 0.809017, -0.309017, 0.5, 0.0, -0.309017, 0.5, 0.809017, 0.0, 0.0, 0.0, 0.0, 1.0 ], [ -0.309017, 0.5, 0.809017, 0.0, 0.5, 0.809017, -0.309017, 0.0, -0.809017, 0.309017, -0.5, 0.0, 0.0, 0.0, 0.0, 1.0 ], [ -0.809017, 0.309017, -0.5, 0.0, 0.309017, -0.5, -0.809017, 0.0, -0.5, -0.809017, 0.309017, 0.0, 0.0, 0.0, 0.0, 1.0 ], [ -0.809017, -0.309017, 0.5, 0.0, 0.309017, 0.5, 0.809017, 0.0, -0.5, 0.809017, -0.309017, 0.0, 0.0, 0.0, 0.0, 1.0 ], [ -0.5, 0.809017, -0.309017, 0.0, 0.809017, 0.309017, -0.5, 0.0, -0.309017, -0.5, -0.809017, 0.0, 0.0, 0.0, 0.0, 1.0 ], [ -0.309017, -0.5, -0.809017, 0.0, 0.5, -0.809017, 0.309017, 0.0, -0.809017, -0.309017, 0.5, 0.0, 0.0, 0.0, 0.0, 1.0 ] ],
  "lights" : {
    "directionalLights" : [ {
      "direction" : {
        "x" : 1.0,
        "y" : -1.0,
        "z" : -1.0
      },
      "color" : "#EBEBE4"
    }, {
      "direction" : {
        "x" : -1.0,
        "y" : 0.0,
        "z" : 0.0
      },
      "color" : "#E4E4EB"
    }, {
      "direction" : {
        "x" : 0.0,
        "y" : 0.0,
        "z" : -1.0
      },
      "color" : "#1E1E1E"
    } ],
    "backgroundColor" : "#AFC8DC",
    "ambientColor" : "#292929"
  },
  "camera" : {
    "position" : {
      "x" : 229.03564,
      "y" : -165.73175,
      "z" : -63.303898
    },
    "width" : 130.36935,
    "perspective" : true,
    "fieldOfView" : 0.44262883,
    "farClipDistance" : 579.4192,
    "viewDistance" : 289.70972,
    "lookAtPoint" : {
      "x" : 0.0,
      "y" : 0.0,
      "z" : 0.0
    },
    "nearClipDistance" : 0.7242742,
    "stereo" : false,
    "lookDirection" : {
      "x" : -0.7905694,
      "y" : 0.5720614,
      "z" : 0.21850802
    },
    "upDirection" : {
      "x" : -0.2342163,
      "y" : 0.047224116,
      "z" : -0.97103685
    }
  },
  "embedding" : [ 1.0, 0.0, 0.0, 0.0, 0.0, 1.0, 0.0, 0.0, 0.0, 0.0, 1.0, 0.0, 0.0, 0.0, 0.0, 1.0 ],
  "shapes" : [ {
    "id" : "0258168b-50cb-4a24-ae8d-e26fd08d8f7f",
    "vertices" : [ {
      "x" : 1.0,
      "y" : 0.309017,
      "z" : 0.19098301
    }, {
      "x" : 1.0,
      "y" : -0.309017,
      "z" : 0.19098301
    }, {
      "x" : 19.944271,
      "y" : -0.309017,
      "z" : 0.19098301
    }, {
      "x" : 19.944271,
      "y" : 0.309017,
      "z" : 0.19098301
    }, {
      "x" : 19.944271,
      "y" : -0.309017,
      "z" : -0.19098301
    }, {
      "x" : 19.944271,
      "y" : 0.309017,
      "z" : -0.19098301
    }, {
      "x" : 20.562305,
      "y" : 0.0,
      "z" : 0.0
    }, {
      "x" : 0.38196602,
      "y" : 0.0,
      "z" : 0.0
    }, {
      "x" : 1.0,
      "y" : 0.309017,
      "z" : -0.19098301
    }, {
      "x" : 1.0,
      "y" : -0.309017,
      "z" : -0.19098301
    }, {
      "x" : 20.944271,
      "y" : 0.0,
      "z" : 0.0
    } ],
    "faces" : [ {
      "vertices" : [ 1, 9, 4 ]
    }, {
      "vertices" : [ 1, 4, 2 ]
    }, {
      "vertices" : [ 0, 3, 5 ]
    }, {
      "vertices" : [ 0, 5, 8 ]
    }, {
      "vertices" : [ 1, 7, 9 ]
    }, {
      "vertices" : [ 0, 1, 2 ]
    }, {
      "vertices" : [ 0, 2, 3 ]
    }, {
      "vertices" : [ 7, 8, 9 ]
    }, {
      "vertices" : [ 0, 7, 1 ]
    }, {
      "vertices" : [ 4, 9, 8 ]
    }, {
      "vertices" : [ 4, 8, 5 ]
    }, {
      "vertices" : [ 2, 6, 3 ]
    }, {
      "vertices" : [ 2, 4, 6 ]
    }, {
      "vertices" : [ 3, 6, 5 ]
    }, {
      "vertices" : [ 4, 5, 6 ]
    }, {
      "vertices" : [ 0, 8, 7 ]
    } ]
  }, {
    "id" : "9a3df92e-b168-434e-8deb-2858e10729a9",
    "vertices" : [ {
      "x" : -0.309017,
      "y" : -0.19098301,
      "z" : 0.0
    }, {
      "x" : -0.309017,
      "y" : 0.19098301,
      "z" : 0.0
    }, {
      "x" : -0.19098301,
      "y" : 0.0,
      "z" : -0.309017
    }, {
      "x" : -0.19098301,
      "y" : 0.0,
      "z" : 0.309017
    }, {
      "x" : 0.0,
      "y" : -0.309017,
      "z" : -0.19098301
    }, {
      "x" : 0.0,
      "y" : -0.309017,
      "z" : 0.19098301
    }, {
      "x" : 0.0,
      "y" : 0.309017,
      "z" : -0.19098301
    }, {
      "x" : 0.0,
      "y" : 0.309017,
      "z" : 0.19098301
    }, {
      "x" : 0.19098301,
      "y" : 0.0,
      "z" : -0.309017
    }, {
      "x" : 0.19098301,
      "y" : 0.0,
      "z" : 0.309017
    }, {
      "x" : 0.309017,
      "y" : -0.19098301,
      "z" : 0.0
    }, {
      "x" : 0.309017,
      "y" : 0.19098301,
      "z" : 0.0
    } ],
    "faces" : [ {
      "vertices" : [ 0, 1, 2 ]
    }, {
      "vertices" : [ 0, 3, 1 ]
    }, {
      "vertices" : [ 0, 2, 4 ]
    }, {
      "vertices" : [ 0, 5, 3 ]
    }, {
      "vertices" : [ 0, 4, 5 ]
    }, {
      "vertices" : [ 1, 6, 2 ]
    }, {
      "vertices" : [ 1, 3, 7 ]
    }, {
      "vertices" : [ 1, 7, 6 ]
    }, {
      "vertices" : [ 2, 8, 4 ]
    }, {
      "vertices" : [ 2, 6, 8 ]
    }, {
      "vertices" : [ 3, 5, 9 ]
    }, {
      "vertices" : [ 3, 9, 7 ]
    }, {
      "vertices" : [ 4, 10, 5 ]
    }, {
      "vertices" : [ 4, 8, 10 ]
    }, {
      "vertices" : [ 5, 10, 9 ]
    }, {
      "vertices" : [ 6, 7, 11 ]
    }, {
      "vertices" : [ 6, 11, 8 ]
    }, {
      "vertices" : [ 7, 9, 11 ]
    }, {
      "vertices" : [ 8, 11, 10 ]
    }, {
      "vertices" : [ 9, 10, 11 ]
    } ]
  }, {
    "id" : "9b3fd1a2-cae7-428c-a760-8682ddd21803",
    "vertices" : [ {
      "x" : 1.0,
      "y" : 0.309017,
      "z" : 0.19098301
    }, {
      "x" : 1.0,
      "y" : -0.309017,
      "z" : 0.19098301
    }, {
      "x" : 9.472136,
      "y" : -0.309017,
      "z" : 0.19098301
    }, {
      "x" : 9.472136,
      "y" : 0.309017,
      "z" : 0.19098301
    }, {
      "x" : 9.472136,
      "y" : -0.309017,
      "z" : -0.19098301
    }, {
      "x" : 9.472136,
      "y" : 0.309017,
      "z" : -0.19098301
    }, {
      "x" : 10.09017,
      "y" : 0.0,
      "z" : 0.0
    }, {
      "x" : 0.38196602,
      "y" : 0.0,
      "z" : 0.0
    }, {
      "x" : 1.0,
      "y" : 0.309017,
      "z" : -0.19098301
    }, {
      "x" : 1.0,
      "y" : -0.309017,
      "z" : -0.19098301
    }, {
      "x" : 10.472136,
      "y" : 0.0,
      "z" : 0.0
    } ],
    "faces" : [ {
      "vertices" : [ 1, 9, 4 ]
    }, {
      "vertices" : [ 1, 4, 2 ]
    }, {
      "vertices" : [ 0, 3, 5 ]
    }, {
      "vertices" : [ 0, 5, 8 ]
    }, {
      "vertices" : [ 1, 7, 9 ]
    }, {
      "vertices" : [ 0, 1, 2 ]
    }, {
      "vertices" : [ 0, 2, 3 ]
    }, {
      "vertices" : [ 7, 8, 9 ]
    }, {
      "vertices" : [ 0, 7, 1 ]
    }, {
      "vertices" : [ 4, 9, 8 ]
    }, {
      "vertices" : [ 4, 8, 5 ]
    }, {
      "vertices" : [ 2, 6, 3 ]
    }, {
      "vertices" : [ 2, 4, 6 ]
    }, {
      "vertices" : [ 3, 6, 5 ]
    }, {
      "vertices" : [ 4, 5, 6 ]
    }, {
      "vertices" : [ 0, 8, 7 ]
    } ]
  }, {
    "id" : "bc6fa249-d0ed-4c89-a930-7655d209a755",
    "vertices" : [ {
      "x" : -26.18034,
      "y" : -5.236068,
      "z" : 5.236068
    }, {
      "x" : -26.18034,
      "y" : 5.236068,
      "z" : 5.236068
    }, {
      "x" : -31.416409,
      "y" : 10.472136,
      "z" : 10.472136
    }, {
      "x" : -31.416409,
      "y" : -10.472136,
      "z" : 10.472136
    } ],
    "faces" : [ {
      "vertices" : [ 0, 1, 2 ]
    }, {
      "vertices" : [ 0, 2, 3 ]
    }, {
      "vertices" : [ 0, 3, 2 ]
    }, {
      "vertices" : [ 0, 2, 1 ]
    } ]
  }, {
    "id" : "596abd47-39c3-458a-8850-cc8275f9b758",
    "vertices" : [ {
      "x" : 5.236068,
      "y" : 5.236068,
      "z" : 5.236068
    }, {
      "x" : 5.236068,
      "y" : -5.236068,
      "z" : 5.236068
    }, {
      "x" : 5.236068,
      "y" : -5.236068,
      "z" : -5.236068
    }, {
      "x" : 5.236068,
      "y" : 5.236068,
      "z" : -5.236068
    } ],
    "faces" : [ {
      "vertices" : [ 0, 1, 2 ]
    }, {
      "vertices" : [ 0, 2, 3 ]
    }, {
      "vertices" : [ 0, 3, 2 ]
    }, {
      "vertices" : [ 0, 2, 1 ]
    } ]
  }, {
    "id" : "e549dd20-f6ad-4c5b-a479-89bf484bc0eb",
    "vertices" : [ {
      "x" : -10.472136,
      "y" : 31.416409,
      "z" : -10.472136
    }, {
      "x" : -10.472136,
      "y" : 31.416409,
      "z" : 10.472136
    }, {
      "x" : 10.472136,
      "y" : 31.416409,
      "z" : 10.472136
    }, {
      "x" : 10.472136,
      "y" : 31.416409,
      "z" : -10.472136
    } ],
    "faces" : [ {
      "vertices" : [ 0, 1, 2 ]
    }, {
      "vertices" : [ 0, 2, 3 ]
    }, {
      "vertices" : [ 0, 3, 2 ]
    }, {
      "vertices" : [ 0, 2, 1 ]
    } ]
  }, {
    "id" : "817ea6e4-574d-440f-9feb-9d08168125b8",
    "vertices" : [ {
      "x" : 8.472136,
      "y" : 0.0,
      "z" : -3.236068
    }, {
      "x" : 8.163119,
      "y" : 0.0,
      "z" : -3.118034
    }, {
      "x" : 7.7586102,
      "y" : -0.1545085,
      "z" : -2.677051
    }, {
      "x" : 7.5676274,
      "y" : -0.1545085,
      "z" : -3.177051
    }, {
      "x" : 0.9045085,
      "y" : -0.1545085,
      "z" : -0.059016995
    }, {
      "x" : 0.809017,
      "y" : 0.309017,
      "z" : -0.309017
    }, {
      "x" : 0.309017,
      "y" : 0.0,
      "z" : -0.11803399
    }, {
      "x" : 7.663119,
      "y" : 0.309017,
      "z" : -2.927051
    }, {
      "x" : 0.7135255,
      "y" : -0.1545085,
      "z" : -0.559017
    } ],
    "faces" : [ {
      "vertices" : [ 2, 4, 8 ]
    }, {
      "vertices" : [ 2, 8, 3 ]
    }, {
      "vertices" : [ 2, 7, 5 ]
    }, {
      "vertices" : [ 2, 5, 4 ]
    }, {
      "vertices" : [ 4, 6, 8 ]
    }, {
      "vertices" : [ 5, 8, 6 ]
    }, {
      "vertices" : [ 1, 2, 3 ]
    }, {
      "vertices" : [ 3, 8, 5 ]
    }, {
      "vertices" : [ 3, 5, 7 ]
    }, {
      "vertices" : [ 1, 7, 2 ]
    }, {
      "vertices" : [ 1, 3, 7 ]
    }, {
      "vertices" : [ 4, 5, 6 ]
    } ]
  }, {
    "id" : "edd19867-49f2-4a79-9c85-f9339a795234",
    "vertices" : [ {
      "x" : -10.472136,
      "y" : 31.416409,
      "z" : 10.472136
    }, {
      "x" : -10.472136,
      "y" : 31.416409,
      "z" : -10.472136
    }, {
      "x" : -5.236068,
      "y" : 26.18034,
      "z" : -5.236068
    }, {
      "x" : -5.236068,
      "y" : 26.18034,
      "z" : 5.236068
    } ],
    "faces" : [ {
      "vertices" : [ 0, 1, 2 ]
    }, {
      "vertices" : [ 0, 2, 3 ]
    }, {
      "vertices" : [ 0, 3, 2 ]
    }, {
      "vertices" : [ 0, 2, 1 ]
    } ]
  }, {
    "id" : "f7d8e002-98a9-4c68-830e-4a406d4400d3",
    "vertices" : [ {
      "x" : -26.18034,
      "y" : 5.236068,
      "z" : -5.236068
    }, {
      "x" : -26.18034,
      "y" : 5.236068,
      "z" : 5.236068
    }, {
      "x" : -26.18034,
      "y" : -5.236068,
      "z" : 5.236068
    }, {
      "x" : -26.18034,
      "y" : -5.236068,
      "z" : -5.236068
    } ],
    "faces" : [ {
      "vertices" : [ 0, 1, 2 ]
    }, {
      "vertices" : [ 0, 2, 3 ]
    }, {
      "vertices" : [ 0, 3, 2 ]
    }, {
      "vertices" : [ 0, 2, 1 ]
    } ]
  }, {
    "id" : "44a62480-61f2-4bf4-9d9b-73dc263fce49",
    "vertices" : [ {
      "x" : 5.236068,
      "y" : 26.18034,
      "z" : 5.236068
    }, {
      "x" : -5.236068,
      "y" : 26.18034,
      "z" : 5.236068
    }, {
      "x" : -5.236068,
      "y" : 26.18034,
      "z" : -5.236068
    }, {
      "x" : 5.236068,
      "y" : 26.18034,
      "z" : -5.236068
    } ],
    "faces" : [ {
      "vertices" : [ 0, 1, 2 ]
    }, {
      "vertices" : [ 0, 2, 3 ]
    }, {
      "vertices" : [ 0, 3, 2 ]
    }, {
      "vertices" : [ 0, 2, 1 ]
    } ]
  }, {
    "id" : "aa354c50-e4ab-4902-9726-15e0871571b1",
    "vertices" : [ {
      "x" : 26.18034,
      "y" : 5.236068,
      "z" : 5.236068
    }, {
      "x" : 26.18034,
      "y" : 5.236068,
      "z" : -5.236068
    }, {
      "x" : 26.18034,
      "y" : -5.236068,
      "z" : -5.236068
    }, {
      "x" : 26.18034,
      "y" : -5.236068,
      "z" : 5.236068
    } ],
    "faces" : [ {
      "vertices" : [ 0, 1, 2 ]
    }, {
      "vertices" : [ 0, 2, 3 ]
    }, {
      "vertices" : [ 0, 3, 2 ]
    }, {
      "vertices" : [ 0, 2, 1 ]
    } ]
  }, {
    "id" : "2ced90d4-20e6-47c3-800a-08febad199f5",
    "vertices" : [ {
      "x" : 10.472136,
      "y" : -10.472136,
      "z" : 31.416409
    }, {
      "x" : 5.236068,
      "y" : -5.236068,
      "z" : 26.18034
    }, {
      "x" : 5.236068,
      "y" : 5.236068,
      "z" : 26.18034
    }, {
      "x" : 10.472136,
      "y" : 10.472136,
      "z" : 31.416409
    } ],
    "faces" : [ {
      "vertices" : [ 0, 1, 2 ]
    }, {
      "vertices" : [ 0, 2, 3 ]
    }, {
      "vertices" : [ 0, 3, 2 ]
    }, {
      "vertices" : [ 0, 2, 1 ]
    } ]
  }, {
    "id" : "194eaf0e-3305-44fd-a2c6-50ec65a3c360",
    "vertices" : [ {
      "x" : -31.416409,
      "y" : 10.472136,
      "z" : -10.472136
    }, {
      "x" : -31.416409,
      "y" : -10.472136,
      "z" : -10.472136
    }, {
      "x" : -31.416409,
      "y" : -10.472136,
      "z" : 10.472136
    }, {
      "x" : -31.416409,
      "y" : 10.472136,
      "z" : 10.472136
    } ],
    "faces" : [ {
      "vertices" : [ 0, 1, 2 ]
    }, {
      "vertices" : [ 0, 2, 3 ]
    }, {
      "vertices" : [ 0, 3, 2 ]
    }, {
      "vertices" : [ 0, 2, 1 ]
    } ]
  }, {
    "id" : "7830339d-f067-4df7-bfa1-dd94717e0c13",
    "vertices" : [ {
      "x" : 5.236068,
      "y" : -5.236068,
      "z" : 5.236068
    }, {
      "x" : -5.236068,
      "y" : -5.236068,
      "z" : 5.236068
    }, {
      "x" : -5.236068,
      "y" : -5.236068,
      "z" : -5.236068
    }, {
      "x" : 5.236068,
      "y" : -5.236068,
      "z" : -5.236068
    } ],
    "faces" : [ {
      "vertices" : [ 0, 1, 2 ]
    }, {
      "vertices" : [ 0, 2, 3 ]
    }, {
      "vertices" : [ 0, 3, 2 ]
    }, {
      "vertices" : [ 0, 2, 1 ]
    } ]
  }, {
    "id" : "edcab301-42f5-49da-9488-96a47c3c5b2a",
    "vertices" : [ {
      "x" : -5.236068,
      "y" : 5.236068,
      "z" : -5.236068
    }, {
      "x" : -5.236068,
      "y" : 5.236068,
      "z" : 5.236068
    }, {
      "x" : 5.236068,
      "y" : 5.236068,
      "z" : 5.236068
    }, {
      "x" : 5.236068,
      "y" : 5.236068,
      "z" : -5.236068
    } ],
    "faces" : [ {
      "vertices" : [ 0, 1, 2 ]
    }, {
      "vertices" : [ 0, 2, 3 ]
    }, {
      "vertices" : [ 0, 3, 2 ]
    }, {
      "vertices" : [ 0, 2, 1 ]
    } ]
  }, {
    "id" : "bd3779b3-9a3e-49fc-93c6-8aa5512402bc",
    "vertices" : [ {
      "x" : -5.236068,
      "y" : -5.236068,
      "z" : 26.18034
    }, {
      "x" : 5.236068,
      "y" : -5.236068,
      "z" : 26.18034
    }, {
      "x" : 10.472136,
      "y" : -10.472136,
      "z" : 31.416409
    }, {
      "x" : -10.472136,
      "y" : -10.472136,
      "z" : 31.416409
    } ],
    "faces" : [ {
      "vertices" : [ 0, 1, 2 ]
    }, {
      "vertices" : [ 0, 2, 3 ]
    }, {
      "vertices" : [ 0, 3, 2 ]
    }, {
      "vertices" : [ 0, 2, 1 ]
    } ]
  }, {
    "id" : "873319ff-6b5d-4046-a7fb-8a9e3026e1a3",
    "vertices" : [ {
      "x" : 31.416409,
      "y" : -10.472136,
      "z" : 10.472136
    }, {
      "x" : 26.18034,
      "y" : -5.236068,
      "z" : 5.236068
    }, {
      "x" : 26.18034,
      "y" : -5.236068,
      "z" : -5.236068
    }, {
      "x" : 31.416409,
      "y" : -10.472136,
      "z" : -10.472136
    } ],
    "faces" : [ {
      "vertices" : [ 0, 1, 2 ]
    }, {
      "vertices" : [ 0, 2, 3 ]
    }, {
      "vertices" : [ 0, 3, 2 ]
    }, {
      "vertices" : [ 0, 2, 1 ]
    } ]
  }, {
    "id" : "4ca50888-f11e-4214-bd49-42c3837c6727",
    "vertices" : [ {
      "x" : 31.416409,
      "y" : -10.472136,
      "z" : 10.472136
    }, {
      "x" : 31.416409,
      "y" : -10.472136,
      "z" : -10.472136
    }, {
      "x" : 31.416409,
      "y" : 10.472136,
      "z" : -10.472136
    }, {
      "x" : 31.416409,
      "y" : 10.472136,
      "z" : 10.472136
    } ],
    "faces" : [ {
      "vertices" : [ 0, 1, 2 ]
    }, {
      "vertices" : [ 0, 2, 3 ]
    }, {
      "vertices" : [ 0, 3, 2 ]
    }, {
      "vertices" : [ 0, 2, 1 ]
    } ]
  }, {
    "id" : "9dbe0c02-6f21-4803-8061-d072177d799f",
    "vertices" : [ {
      "x" : -10.472136,
      "y" : 10.472136,
      "z" : -31.416409
    }, {
      "x" : -5.236068,
      "y" : 5.236068,
      "z" : -26.18034
    }, {
      "x" : 5.236068,
      "y" : 5.236068,
      "z" : -26.18034
    }, {
      "x" : 10.472136,
      "y" : 10.472136,
      "z" : -31.416409
    } ],
    "faces" : [ {
      "vertices" : [ 0, 1, 2 ]
    }, {
      "vertices" : [ 0, 2, 3 ]
    }, {
      "vertices" : [ 0, 3, 2 ]
    }, {
      "vertices" : [ 0, 2, 1 ]
    } ]
  }, {
    "id" : "89ac58ad-2ef0-45e5-bf32-373b82190a4a",
    "vertices" : [ {
      "x" : 5.236068,
      "y" : -5.236068,
      "z" : -5.236068
    }, {
      "x" : -5.236068,
      "y" : -5.236068,
      "z" : -5.236068
    }, {
      "x" : -5.236068,
      "y" : 5.236068,
      "z" : -5.236068
    }, {
      "x" : 5.236068,
      "y" : 5.236068,
      "z" : -5.236068
    } ],
    "faces" : [ {
      "vertices" : [ 0, 1, 2 ]
    }, {
      "vertices" : [ 0, 2, 3 ]
    }, {
      "vertices" : [ 0, 3, 2 ]
    }, {
      "vertices" : [ 0, 2, 1 ]
    } ]
  }, {
    "id" : "0b33a534-627d-4aa0-9f8f-c60ece81f88b",
    "vertices" : [ {
      "x" : 10.472136,
      "y" : -31.416409,
      "z" : -10.472136
    }, {
      "x" : 10.472136,
      "y" : -31.416409,
      "z" : 10.472136
    }, {
      "x" : -10.472136,
      "y" : -31.416409,
      "z" : 10.472136
    }, {
      "x" : -10.472136,
      "y" : -31.416409,
      "z" : -10.472136
    } ],
    "faces" : [ {
      "vertices" : [ 0, 1, 2 ]
    }, {
      "vertices" : [ 0, 2, 3 ]
    }, {
      "vertices" : [ 0, 3, 2 ]
    }, {
      "vertices" : [ 0, 2, 1 ]
    } ]
  }, {
    "id" : "741f5ade-df92-464e-ae42-c2711ed51772",
    "vertices" : [ {
      "x" : -5.236068,
      "y" : -26.18034,
      "z" : -5.236068
    }, {
      "x" : -5.236068,
      "y" : -26.18034,
      "z" : 5.236068
    }, {
      "x" : -10.472136,
      "y" : -31.416409,
      "z" : 10.472136
    }, {
      "x" : -10.472136,
      "y" : -31.416409,
      "z" : -10.472136
    } ],
    "faces" : [ {
      "vertices" : [ 0, 1, 2 ]
    }, {
      "vertices" : [ 0, 2, 3 ]
    }, {
      "vertices" : [ 0, 3, 2 ]
    }, {
      "vertices" : [ 0, 2, 1 ]
    } ]
  }, {
    "id" : "608f8e63-dbe4-4321-b89b-e736ee4ccf37",
    "vertices" : [ {
      "x" : 5.236068,
      "y" : 5.236068,
      "z" : 26.18034
    }, {
      "x" : 5.236068,
      "y" : -5.236068,
      "z" : 26.18034
    }, {
      "x" : -5.236068,
      "y" : -5.236068,
      "z" : 26.18034
    }, {
      "x" : -5.236068,
      "y" : 5.236068,
      "z" : 26.18034
    } ],
    "faces" : [ {
      "vertices" : [ 0, 1, 2 ]
    }, {
      "vertices" : [ 0, 2, 3 ]
    }, {
      "vertices" : [ 0, 3, 2 ]
    }, {
      "vertices" : [ 0, 2, 1 ]
    } ]
  }, {
    "id" : "f6c3d06a-fb87-4771-9aa2-ed26977aab15",
    "vertices" : [ {
      "x" : -26.18034,
      "y" : 5.236068,
      "z" : -5.236068
    }, {
      "x" : -26.18034,
      "y" : -5.236068,
      "z" : -5.236068
    }, {
      "x" : -31.416409,
      "y" : -10.472136,
      "z" : -10.472136
    }, {
      "x" : -31.416409,
      "y" : 10.472136,
      "z" : -10.472136
    } ],
    "faces" : [ {
      "vertices" : [ 0, 1, 2 ]
    }, {
      "vertices" : [ 0, 2, 3 ]
    }, {
      "vertices" : [ 0, 3, 2 ]
    }, {
      "vertices" : [ 0, 2, 1 ]
    } ]
  }, {
    "id" : "b44bf625-eec1-4ac0-9fb7-8d8486899a84",
    "vertices" : [ {
      "x" : -10.472136,
      "y" : -10.472136,
      "z" : -31.416409
    }, {
      "x" : -5.236068,
      "y" : -5.236068,
      "z" : -26.18034
    }, {
      "x" : -5.236068,
      "y" : 5.236068,
      "z" : -26.18034
    }, {
      "x" : -10.472136,
      "y" : 10.472136,
      "z" : -31.416409
    } ],
    "faces" : [ {
      "vertices" : [ 0, 1, 2 ]
    }, {
      "vertices" : [ 0, 2, 3 ]
    }, {
      "vertices" : [ 0, 3, 2 ]
    }, {
      "vertices" : [ 0, 2, 1 ]
    } ]
  }, {
    "id" : "727b832a-f093-41be-bb83-f812cff808a9",
    "vertices" : [ {
      "x" : -10.472136,
      "y" : -10.472136,
      "z" : 31.416409
    }, {
      "x" : 10.472136,
      "y" : -10.472136,
      "z" : 31.416409
    }, {
      "x" : 10.472136,
      "y" : 10.472136,
      "z" : 31.416409
    }, {
      "x" : -10.472136,
      "y" : 10.472136,
      "z" : 31.416409
    } ],
    "faces" : [ {
      "vertices" : [ 0, 1, 2 ]
    }, {
      "vertices" : [ 0, 2, 3 ]
    }, {
      "vertices" : [ 0, 3, 2 ]
    }, {
      "vertices" : [ 0, 2, 1 ]
    } ]
  }, {
    "id" : "8e8b0eae-1da8-4c3f-9fd7-fa181793b60b",
    "vertices" : [ {
      "x" : -10.472136,
      "y" : 31.416409,
      "z" : 10.472136
    }, {
      "x" : -5.236068,
      "y" : 26.18034,
      "z" : 5.236068
    }, {
      "x" : 5.236068,
      "y" : 26.18034,
      "z" : 5.236068
    }, {
      "x" : 10.472136,
      "y" : 31.416409,
      "z" : 10.472136
    } ],
    "faces" : [ {
      "vertices" : [ 0, 1, 2 ]
    }, {
      "vertices" : [ 0, 2, 3 ]
    }, {
      "vertices" : [ 0, 3, 2 ]
    }, {
      "vertices" : [ 0, 2, 1 ]
    } ]
  }, {
    "id" : "c775f6d1-f507-4daa-9bc0-8580f326794c",
    "vertices" : [ {
      "x" : -26.18034,
      "y" : -5.236068,
      "z" : -5.236068
    }, {
      "x" : -26.18034,
      "y" : -5.236068,
      "z" : 5.236068
    }, {
      "x" : -31.416409,
      "y" : -10.472136,
      "z" : 10.472136
    }, {
      "x" : -31.416409,
      "y" : -10.472136,
      "z" : -10.472136
    } ],
    "faces" : [ {
      "vertices" : [ 0, 1, 2 ]
    }, {
      "vertices" : [ 0, 2, 3 ]
    }, {
      "vertices" : [ 0, 3, 2 ]
    }, {
      "vertices" : [ 0, 2, 1 ]
    } ]
  }, {
    "id" : "94ff2b1f-b870-45b1-8629-1a8e0fc7305a",
    "vertices" : [ {
      "x" : -5.236068,
      "y" : -26.18034,
      "z" : 5.236068
    }, {
      "x" : 5.236068,
      "y" : -26.18034,
      "z" : 5.236068
    }, {
      "x" : 5.236068,
      "y" : -26.18034,
      "z" : -5.236068
    }, {
      "x" : -5.236068,
      "y" : -26.18034,
      "z" : -5.236068
    } ],
    "faces" : [ {
      "vertices" : [ 0, 1, 2 ]
    }, {
      "vertices" : [ 0, 2, 3 ]
    }, {
      "vertices" : [ 0, 3, 2 ]
    }, {
      "vertices" : [ 0, 2, 1 ]
    } ]
  }, {
    "id" : "19cd736d-30dc-4a10-a5c4-d9f40e5664e6",
    "vertices" : [ {
      "x" : 31.416409,
      "y" : -10.472136,
      "z" : -10.472136
    }, {
      "x" : 26.18034,
      "y" : -5.236068,
      "z" : -5.236068
    }, {
      "x" : 26.18034,
      "y" : 5.236068,
      "z" : -5.236068
    }, {
      "x" : 31.416409,
      "y" : 10.472136,
      "z" : -10.472136
    } ],
    "faces" : [ {
      "vertices" : [ 0, 1, 2 ]
    }, {
      "vertices" : [ 0, 2, 3 ]
    }, {
      "vertices" : [ 0, 3, 2 ]
    }, {
      "vertices" : [ 0, 2, 1 ]
    } ]
  }, {
    "id" : "646675c6-72c2-47bd-8669-cc7db072332e",
    "vertices" : [ {
      "x" : 5.236068,
      "y" : 26.18034,
      "z" : -5.236068
    }, {
      "x" : -5.236068,
      "y" : 26.18034,
      "z" : -5.236068
    }, {
      "x" : -10.472136,
      "y" : 31.416409,
      "z" : -10.472136
    }, {
      "x" : 10.472136,
      "y" : 31.416409,
      "z" : -10.472136
    } ],
    "faces" : [ {
      "vertices" : [ 0, 1, 2 ]
    }, {
      "vertices" : [ 0, 2, 3 ]
    }, {
      "vertices" : [ 0, 3, 2 ]
    }, {
      "vertices" : [ 0, 2, 1 ]
    } ]
  }, {
    "id" : "da39c9e0-6d94-412a-97b1-2392902b658b",
    "vertices" : [ {
      "x" : 10.472136,
      "y" : -10.472136,
      "z" : -31.416409
    }, {
      "x" : -10.472136,
      "y" : -10.472136,
      "z" : -31.416409
    }, {
      "x" : -10.472136,
      "y" : 10.472136,
      "z" : -31.416409
    }, {
      "x" : 10.472136,
      "y" : 10.472136,
      "z" : -31.416409
    } ],
    "faces" : [ {
      "vertices" : [ 0, 1, 2 ]
    }, {
      "vertices" : [ 0, 2, 3 ]
    }, {
      "vertices" : [ 0, 3, 2 ]
    }, {
      "vertices" : [ 0, 2, 1 ]
    } ]
  }, {
    "id" : "c9cd224c-66a6-4b48-9474-55104e71660e",
    "vertices" : [ {
      "x" : 5.236068,
      "y" : -26.18034,
      "z" : 5.236068
    }, {
      "x" : 10.472136,
      "y" : -31.416409,
      "z" : 10.472136
    }, {
      "x" : 10.472136,
      "y" : -31.416409,
      "z" : -10.472136
    }, {
      "x" : 5.236068,
      "y" : -26.18034,
      "z" : -5.236068
    } ],
    "faces" : [ {
      "vertices" : [ 0, 1, 2 ]
    }, {
      "vertices" : [ 0, 2, 3 ]
    }, {
      "vertices" : [ 0, 3, 2 ]
    }, {
      "vertices" : [ 0, 2, 1 ]
    } ]
  }, {
    "id" : "50603605-4d89-4591-98cd-c3506700a051",
    "vertices" : [ {
      "x" : -26.18034,
      "y" : 5.236068,
      "z" : 5.236068
    }, {
      "x" : -26.18034,
      "y" : 5.236068,
      "z" : -5.236068
    }, {
      "x" : -31.416409,
      "y" : 10.472136,
      "z" : -10.472136
    }, {
      "x" : -31.416409,
      "y" : 10.472136,
      "z" : 10.472136
    } ],
    "faces" : [ {
      "vertices" : [ 0, 1, 2 ]
    }, {
      "vertices" : [ 0, 2, 3 ]
    }, {
      "vertices" : [ 0, 3, 2 ]
    }, {
      "vertices" : [ 0, 2, 1 ]
    } ]
  }, {
    "id" : "8eab0c02-6cab-4589-83d2-86035ffe4cee",
    "vertices" : [ {
      "x" : 10.472136,
      "y" : 10.472136,
      "z" : -31.416409
    }, {
      "x" : 5.236068,
      "y" : 5.236068,
      "z" : -26.18034
    }, {
      "x" : 5.236068,
      "y" : -5.236068,
      "z" : -26.18034
    }, {
      "x" : 10.472136,
      "y" : -10.472136,
      "z" : -31.416409
    } ],
    "faces" : [ {
      "vertices" : [ 0, 1, 2 ]
    }, {
      "vertices" : [ 0, 2, 3 ]
    }, {
      "vertices" : [ 0, 3, 2 ]
    }, {
      "vertices" : [ 0, 2, 1 ]
    } ]
  }, {
    "id" : "7883534a-3b71-4125-99bb-000aa5955de9",
    "vertices" : [ {
      "x" : -5.236068,
      "y" : -26.18034,
      "z" : -5.236068
    }, {
      "x" : 5.236068,
      "y" : -26.18034,
      "z" : -5.236068
    }, {
      "x" : 10.472136,
      "y" : -31.416409,
      "z" : -10.472136
    }, {
      "x" : -10.472136,
      "y" : -31.416409,
      "z" : -10.472136
    } ],
    "faces" : [ {
      "vertices" : [ 0, 1, 2 ]
    }, {
      "vertices" : [ 0, 2, 3 ]
    }, {
      "vertices" : [ 0, 3, 2 ]
    }, {
      "vertices" : [ 0, 2, 1 ]
    } ]
  }, {
    "id" : "f447809f-6759-4686-bd6a-19ec638b980c",
    "vertices" : [ {
      "x" : -5.236068,
      "y" : 5.236068,
      "z" : 5.236068
    }, {
      "x" : -5.236068,
      "y" : -5.236068,
      "z" : 5.236068
    }, {
      "x" : 5.236068,
      "y" : -5.236068,
      "z" : 5.236068
    }, {
      "x" : 5.236068,
      "y" : 5.236068,
      "z" : 5.236068
    } ],
    "faces" : [ {
      "vertices" : [ 0, 1, 2 ]
    }, {
      "vertices" : [ 0, 2, 3 ]
    }, {
      "vertices" : [ 0, 3, 2 ]
    }, {
      "vertices" : [ 0, 2, 1 ]
    } ]
  }, {
    "id" : "4173222b-e09d-482a-b33f-f680ff94782a",
    "vertices" : [ {
      "x" : -5.236068,
      "y" : -5.236068,
      "z" : -26.18034
    }, {
      "x" : 5.236068,
      "y" : -5.236068,
      "z" : -26.18034
    }, {
      "x" : 5.236068,
      "y" : 5.236068,
      "z" : -26.18034
    }, {
      "x" : -5.236068,
      "y" : 5.236068,
      "z" : -26.18034
    } ],
    "faces" : [ {
      "vertices" : [ 0, 1, 2 ]
    }, {
      "vertices" : [ 0, 2, 3 ]
    }, {
      "vertices" : [ 0, 3, 2 ]
    }, {
      "vertices" : [ 0, 2, 1 ]
    } ]
  }, {
    "id" : "0ff0ae43-5fe5-45a7-86ab-dd637d559992",
    "vertices" : [ {
      "x" : 10.472136,
      "y" : 10.472136,
      "z" : 31.416409
    }, {
      "x" : 5.236068,
      "y" : 5.236068,
      "z" : 26.18034
    }, {
      "x" : -5.236068,
      "y" : 5.236068,
      "z" : 26.18034
    }, {
      "x" : -10.472136,
      "y" : 10.472136,
      "z" : 31.416409
    } ],
    "faces" : [ {
      "vertices" : [ 0, 1, 2 ]
    }, {
      "vertices" : [ 0, 2, 3 ]
    }, {
      "vertices" : [ 0, 3, 2 ]
    }, {
      "vertices" : [ 0, 2, 1 ]
    } ]
  }, {
    "id" : "5a9a03fc-1323-4b90-a0f5-aaeaf395681b",
    "vertices" : [ {
      "x" : 31.416409,
      "y" : 10.472136,
      "z" : -10.472136
    }, {
      "x" : 26.18034,
      "y" : 5.236068,
      "z" : -5.236068
    }, {
      "x" : 26.18034,
      "y" : 5.236068,
      "z" : 5.236068
    }, {
      "x" : 31.416409,
      "y" : 10.472136,
      "z" : 10.472136
    } ],
    "faces" : [ {
      "vertices" : [ 0, 1, 2 ]
    }, {
      "vertices" : [ 0, 2, 3 ]
    }, {
      "vertices" : [ 0, 3, 2 ]
    }, {
      "vertices" : [ 0, 2, 1 ]
    } ]
  }, {
    "id" : "9b753491-2b00-4606-8db7-6af65e8a6c28",
    "vertices" : [ {
      "x" : 10.472136,
      "y" : 31.416409,
      "z" : 10.472136
    }, {
      "x" : 5.236068,
      "y" : 26.18034,
      "z" : 5.236068
    }, {
      "x" : 5.236068,
      "y" : 26.18034,
      "z" : -5.236068
    }, {
      "x" : 10.472136,
      "y" : 31.416409,
      "z" : -10.472136
    } ],
    "faces" : [ {
      "vertices" : [ 0, 1, 2 ]
    }, {
      "vertices" : [ 0, 2, 3 ]
    }, {
      "vertices" : [ 0, 3, 2 ]
    }, {
      "vertices" : [ 0, 2, 1 ]
    } ]
  }, {
    "id" : "87757041-ea73-47b2-bcca-aa6e1dcfedd4",
    "vertices" : [ {
      "x" : 10.472136,
      "y" : -10.472136,
      "z" : -31.416409
    }, {
      "x" : 5.236068,
      "y" : -5.236068,
      "z" : -26.18034
    }, {
      "x" : -5.236068,
      "y" : -5.236068,
      "z" : -26.18034
    }, {
      "x" : -10.472136,
      "y" : -10.472136,
      "z" : -31.416409
    } ],
    "faces" : [ {
      "vertices" : [ 0, 1, 2 ]
    }, {
      "vertices" : [ 0, 2, 3 ]
    }, {
      "vertices" : [ 0, 3, 2 ]
    }, {
      "vertices" : [ 0, 2, 1 ]
    } ]
  }, {
    "id" : "2f78d3f8-a5d0-4bf1-9774-810b49b9b474",
    "vertices" : [ {
      "x" : 5.236068,
      "y" : -26.18034,
      "z" : 5.236068
    }, {
      "x" : 10.472136,
      "y" : -31.416409,
      "z" : 10.472136
    }, {
      "x" : -10.472136,
      "y" : -31.416409,
      "z" : 10.472136
    }, {
      "x" : -5.236068,
      "y" : -26.18034,
      "z" : 5.236068
    } ],
    "faces" : [ {
      "vertices" : [ 0, 1, 2 ]
    }, {
      "vertices" : [ 0, 2, 3 ]
    }, {
      "vertices" : [ 0, 3, 2 ]
    }, {
      "vertices" : [ 0, 2, 1 ]
    } ]
  }, {
    "id" : "135215df-f71b-4db1-83b7-b185269a179c",
    "vertices" : [ {
      "x" : -5.236068,
      "y" : 5.236068,
      "z" : 26.18034
    }, {
      "x" : -5.236068,
      "y" : -5.236068,
      "z" : 26.18034
    }, {
      "x" : -10.472136,
      "y" : -10.472136,
      "z" : 31.416409
    }, {
      "x" : -10.472136,
      "y" : 10.472136,
      "z" : 31.416409
    } ],
    "faces" : [ {
      "vertices" : [ 0, 1, 2 ]
    }, {
      "vertices" : [ 0, 2, 3 ]
    }, {
      "vertices" : [ 0, 3, 2 ]
    }, {
      "vertices" : [ 0, 2, 1 ]
    } ]
  }, {
    "id" : "4fd45897-0a4a-4f81-9e28-bc14b849a4dd",
    "vertices" : [ {
      "x" : 31.416409,
      "y" : 10.472136,
      "z" : 10.472136
    }, {
      "x" : 26.18034,
      "y" : 5.236068,
      "z" : 5.236068
    }, {
      "x" : 26.18034,
      "y" : -5.236068,
      "z" : 5.236068
    }, {
      "x" : 31.416409,
      "y" : -10.472136,
      "z" : 10.472136
    } ],
    "faces" : [ {
      "vertices" : [ 0, 1, 2 ]
    }, {
      "vertices" : [ 0, 2, 3 ]
    }, {
      "vertices" : [ 0, 3, 2 ]
    }, {
      "vertices" : [ 0, 2, 1 ]
    } ]
  }, {
    "id" : "14fed1b0-5ada-4ddf-9953-3ea53fe8c866",
    "vertices" : [ {
      "x" : -5.236068,
      "y" : -5.236068,
      "z" : 5.236068
    }, {
      "x" : -5.236068,
      "y" : 5.236068,
      "z" : 5.236068
    }, {
      "x" : -5.236068,
      "y" : 5.236068,
      "z" : -5.236068
    }, {
      "x" : -5.236068,
      "y" : -5.236068,
      "z" : -5.236068
    } ],
    "faces" : [ {
      "vertices" : [ 0, 1, 2 ]
    }, {
      "vertices" : [ 0, 2, 3 ]
    }, {
      "vertices" : [ 0, 3, 2 ]
    }, {
      "vertices" : [ 0, 2, 1 ]
    } ]
  } ],
  "instances" : [ {
    "shape" : "0258168b-50cb-4a24-ae8d-e26fd08d8f7f",
    "color" : "#000000",
    "position" : {
      "x" : -10.472136,
      "y" : 10.472136,
      "z" : 31.416409
    },
    "orientation" : 0
  }, {
    "shape" : "9a3df92e-b168-434e-8deb-2858e10729a9",
    "color" : "#000000",
    "position" : {
      "x" : 10.472136,
      "y" : -31.416409,
      "z" : 10.472136
    }
  }, {
    "shape" : "0258168b-50cb-4a24-ae8d-e26fd08d8f7f",
    "color" : "#00FF00",
    "position" : {
      "x" : -10.472136,
      "y" : -10.472136,
      "z" : -10.472136
    },
    "orientation" : 1
  }, {
    "shape" : "9b3fd1a2-cae7-428c-a760-8682ddd21803",
