{
  "polygons" : "true",
  "field" : "golden",
  "symmetry" : "icosahedral",
  "orientations" : [ [ 1.0, 0.0, 0.0, 0.0, 0.0, 1.0, 0.0, 0.0, 0.0, 0.0, 1.0, 0.0, 0.0, 0.0, 0.0, 1.0 ], [ 0.0, 0.0, 1.0, 0.0, 1.0, 0.0, 0.0, 0.0, 0.0, 1.0, 0.0, 0.0, 0.0, 0.0, 0.0, 1.0 ], [ 0.0, 1.0, 0.0, 0.0, 0.0, 0.0, 1.0, 0.0, 1.0, 0.0, 0.0, 0.0, 0.0, 0.0, 0.0, 1.0 ], [ 0.809017, 0.309017, 0.5, 0.0, 0.309017, 0.5, -0.809017, 0.0, -0.5, 0.809017, 0.309017, 0.0, 0.0, 0.0, 0.0, 1.0 ], [ -0.5, 0.809017, 0.309017, 0.0, 0.809017, 0.309017, 0.5, 0.0, 0.309017, 0.5, -0.809017, 0.0, 0.0, 0.0, 0.0, 1.0 ], [ 0.309017, 0.5, -0.809017, 0.0, -0.5, 0.809017, 0.309017, 0.0, 0.809017, 0.309017, 0.5, 0.0, 0.0, 0.0, 0.0, 1.0 ], [ 0.5, 0.809017, 0.309017, 0.0, 0.809017, -0.309017, -0.5, 0.0, -0.309017, 0.5, -0.809017, 0.0, 0.0, 0.0, 0.0, 1.0 ], [ -0.309017, 0.5, -0.809017, 0.0, 0.5, 0.809017, 0.309017, 0.0, 0.809017, -0.309017, -0.5, 0.0, 0.0, 0.0, 0.0, 1.0 ], [ 0.809017, -0.309017, -0.5, 0.0, -0.309017, 0.5, -0.809017, 0.0, 0.5, 0.809017, 0.309017, 0.0, 0.0, 0.0, 0.0, 1.0 ], [ 0.5, 0.809017, -0.309017, 0.0, 0.809017, -0.309017, 0.5, 0.0, 0.309017, -0.5, -0.809017, 0.0, 0.0, 0.0, 0.0, 1.0 ], [ 0.309017, -0.5, -0.809017, 0.0, 0.5, 0.809017, -0.309017, 0.0, 0.809017, -0.309017, 0.5, 0.0, 0.0, 0.0, 0.0, 1.0 ], [ 0.809017, -0.309017, 0.5, 0.0, 0.309017, -0.5, -0.809017, 0.0, 0.5, 0.809017, -0.309017, 0.0, 0.0, 0.0, 0.0, 1.0 ], [ 0.809017, 0.309017, -0.5, 0.0, 0.309017, 0.5, 0.809017, 0.0, 0.5, -0.809017, 0.309017, 0.0, 0.0, 0.0, 0.0, 1.0 ], [ 0.5, -0.809017, 0.309017, 0.0, 0.809017, 0.309017, -0.5, 0.0, 0.309017, 0.5, 0.809017, 0.0, 0.0, 0.0, 0.0, 1.0 ], [ 0.309017, 0.5, 0.809017, 0.0, 0.5, -0.809017, 0.309017, 0.0, 0.809017, 0.309017, -0.5, 0.0, 0.0, 0.0, 0.0, 1.0 ], [ 1.0, 0.0, 0.0, 0.0, 0.0, -1.0, 0.0, 0.0, 0.0, 0.0, -1.0, 0.0, 0.0, 0.0, 0.0, 1.0 ], [ 0.0, 0.0, 1.0, 0.0, -1.0, 0.0, 0.0, 0.0, 0.0, -1.0, 0.0, 0.0, 0.0, 0.0, 0.0, 1.0 ], [ 0.0, 1.0, 0.0, 0.0, 0.0, 0.0, -1.0, 0.0, -1.0, 0.0, 0.0, 0.0, 0.0, 0.0, 0.0, 1.0 ], [ 0.809017, 0.309017, 0.5, 0.0, -0.309017, -0.5, 0.809017, 0.0, 0.5, -0.809017, -0.309017, 0.0, 0.0, 0.0, 0.0, 1.0 ], [ -0.5, 0.809017, 0.309017, 0.0, -0.809017, -0.309017, -0.5, 0.0, -0.309017, -0.5, 0.809017, 0.0, 0.0, 0.0, 0.0, 1.0 ], [ 0.309017, 0.5, -0.809017, 0.0, 0.5, -0.809017, -0.309017, 0.0, -0.809017, -0.309017, -0.5, 0.0, 0.0, 0.0, 0.0, 1.0 ], [ 0.5, 0.809017, 0.309017, 0.0, -0.809017, 0.309017, 0.5, 0.0, 0.309017, -0.5, 0.809017, 0.0, 0.0, 0.0, 0.0, 1.0 ], [ -0.309017, 0.5, -0.809017, 0.0, -0.5, -0.809017, -0.309017, 0.0, -0.809017, 0.309017, 0.5, 0.0, 0.0, 0.0, 0.0, 1.0 ], [ 0.809017, -0.309017, -0.5, 0.0, 0.309017, -0.5, 0.809017, 0.0, -0.5, -0.809017, -0.309017, 0.0, 0.0, 0.0, 0.0, 1.0 ], [ 0.5, 0.809017, -0.309017, 0.0, -0.809017, 0.309017, -0.5, 0.0, -0.309017, 0.5, 0.809017, 0.0, 0.0, 0.0, 0.0, 1.0 ], [ 0.309017, -0.5, -0.809017, 0.0, -0.5, -0.809017, 0.309017, 0.0, -0.809017, 0.309017, -0.5, 0.0, 0.0, 0.0, 0.0, 1.0 ], [ 0.809017, -0.309017, 0.5, 0.0, -0.309017, 0.5, 0.809017, 0.0, -0.5, -0.809017, 0.309017, 0.0, 0.0, 0.0, 0.0, 1.0 ], [ 0.809017, 0.309017, -0.5, 0.0, -0.309017, -0.5, -0.809017, 0.0, -0.5, 0.809017, -0.309017, 0.0, 0.0, 0.0, 0.0, 1.0 ], [ 0.5, -0.809017, 0.309017, 0.0, -0.809017, -0.309017, 0.5, 0.0, -0.309017, -0.5, -0.809017, 0.0, 0.0, 0.0, 0.0, 1.0 ], [ 0.309017, 0.5, 0.809017, 0.0, -0.5, 0.809017, -0.309017, 0.0, -0.809017, -0.309017, 0.5, 0.0, 0.0, 0.0, 0.0, 1.0 ], [ -1.0, 0.0, 0.0, 0.0, 0.0, -1.0, 0.0, 0.0, 0.0, 0.0, 1.0, 0.0, 0.0, 0.0, 0.0, 1.0 ], [ 0.0, 0.0, -1.0, 0.0, -1.0, 0.0, 0.0, 0.0, 0.0, 1.0, 0.0, 0.0, 0.0, 0.0, 0.0, 1.0 ], [ 0.0, -1.0, 0.0, 0.0, 0.0, 0.0, -1.0, 0.0, 1.0, 0.0, 0.0, 0.0, 0.0, 0.0, 0.0, 1.0 ], [ -0.809017, -0.309017, -0.5, 0.0, -0.309017, -0.5, 0.809017, 0.0, -0.5, 0.809017, 0.309017, 0.0, 0.0, 0.0, 0.0, 1.0 ], [ 0.5, -0.809017, -0.309017, 0.0, -0.809017, -0.309017, -0.5, 0.0, 0.309017, 0.5, -0.809017, 0.0, 0.0, 0.0, 0.0, 1.0 ], [ -0.309017, -0.5, 0.809017, 0.0, 0.5, -0.809017, -0.309017, 0.0, 0.809017, 0.309017, 0.5, 0.0, 0.0, 0.0, 0.0, 1.0 ], [ -0.5, -0.809017, -0.309017, 0.0, -0.809017, 0.309017, 0.5, 0.0, -0.309017, 0.5, -0.809017, 0.0, 0.0, 0.0, 0.0, 1.0 ], [ 0.309017, -0.5, 0.809017, 0.0, -0.5, -0.809017, -0.309017, 0.0, 0.809017, -0.309017, -0.5, 0.0, 0.0, 0.0, 0.0, 1.0 ], [ -0.809017, 0.309017, 0.5, 0.0, 0.309017, -0.5, 0.809017, 0.0, 0.5, 0.809017, 0.309017, 0.0, 0.0, 0.0, 0.0, 1.0 ], [ -0.5, -0.809017, 0.309017, 0.0, -0.809017, 0.309017, -0.5, 0.0, 0.309017, -0.5, -0.809017, 0.0, 0.0, 0.0, 0.0, 1.0 ], [ -0.309017, 0.5, 0.809017, 0.0, -0.5, -0.809017, 0.309017, 0.0, 0.809017, -0.309017, 0.5, 0.0, 0.0, 0.0, 0.0, 1.0 ], [ -0.809017, 0.309017, -0.5, 0.0, -0.309017, 0.5, 0.809017, 0.0, 0.5, 0.809017, -0.309017, 0.0, 0.0, 0.0, 0.0, 1.0 ], [ -0.809017, -0.309017, 0.5, 0.0, -0.309017, -0.5, -0.809017, 0.0, 0.5, -0.809017, 0.309017, 0.0, 0.0, 0.0, 0.0, 1.0 ], [ -0.5, 0.809017, -0.309017, 0.0, -0.809017, -0.309017, 0.5, 0.0, 0.309017, 0.5, 0.809017, 0.0, 0.0, 0.0, 0.0, 1.0 ], [ -0.309017, -0.5, -0.809017, 0.0, -0.5, 0.809017, -0.309017, 0.0, 0.809017, 0.309017, -0.5, 0.0, 0.0, 0.0, 0.0, 1.0 ], [ -1.0, 0.0, 0.0, 0.0, 0.0, 1.0, 0.0, 0.0, 0.0, 0.0, -1.0, 0.0, 0.0, 0.0, 0.0, 1.0 ], [ 0.0, 0.0, -1.0, 0.0, 1.0, 0.0, 0.0, 0.0, 0.0, -1.0, 0.0, 0.0, 0.0, 0.0, 0.0, 1.0 ], [ 0.0, -1.0, 0.0, 0.0, 0.0, 0.0, 1.0, 0.0, -1.0, 0.0, 0.0, 0.0, 0.0, 0.0, 0.0, 1.0 ], [ -0.809017, -0.309017, -0.5, 0.0, 0.309017, 0.5, -0.809017, 0.0, 0.5, -0.809017, -0.309017, 0.0, 0.0, 0.0, 0.0, 1.0 ], [ 0.5, -0.809017, -0.309017, 0.0, 0.809017, 0.309017, 0.5, 0.0, -0.309017, -0.5, 0.809017, 0.0, 0.0, 0.0, 0.0, 1.0 ], [ -0.309017, -0.5, 0.809017, 0.0, -0.5, 0.809017, 0.309017, 0.0, -0.809017, -0.309017, -0.5, 0.0, 0.0, 0.0, 0.0, 1.0 ], [ -0.5, -0.809017, -0.309017, 0.0, 0.809017, -0.309017, -0.5, 0.0, 0.309017, -0.5, 0.809017, 0.0, 0.0, 0.0, 0.0, 1.0 ], [ 0.309017, -0.5, 0.809017, 0.0, 0.5, 0.809017, 0.309017, 0.0, -0.809017, 0.309017, 0.5, 0.0, 0.0, 0.0, 0.0, 1.0 ], [ -0.809017, 0.309017, 0.5, 0.0, -0.309017, 0.5, -0.809017, 0.0, -0.5, -0.809017, -0.309017, 0.0, 0.0, 0.0, 0.0, 1.0 ], [ -0.5, -0.809017, 0.309017, 0.0, 0.809017, -0.309017, 0.5, 0.0, -0.309017, 0.5, 0.809017, 0.0, 0.0, 0.0, 0.0, 1.0 ], [ -0.309017, 0.5, 0.809017, 0.0, 0.5, 0.809017, -0.309017, 0.0, -0.809017, 0.309017, -0.5, 0.0, 0.0, 0.0, 0.0, 1.0 ], [ -0.809017, 0.309017, -0.5, 0.0, 0.309017, -0.5, -0.809017, 0.0, -0.5, -0.809017, 0.309017, 0.0, 0.0, 0.0, 0.0, 1.0 ], [ -0.809017, -0.309017, 0.5, 0.0, 0.309017, 0.5, 0.809017, 0.0, -0.5, 0.809017, -0.309017, 0.0, 0.0, 0.0, 0.0, 1.0 ], [ -0.5, 0.809017, -0.309017, 0.0, 0.809017, 0.309017, -0.5, 0.0, -0.309017, -0.5, -0.809017, 0.0, 0.0, 0.0, 0.0, 1.0 ], [ -0.309017, -0.5, -0.809017, 0.0, 0.5, -0.809017, 0.309017, 0.0, -0.809017, -0.309017, 0.5, 0.0, 0.0, 0.0, 0.0, 1.0 ] ],
  "lights" : {
    "directionalLights" : [ {
      "direction" : [ 1.0, -1.0, -1.0 ],
      "color" : "#EBEBE4"
    }, {
      "direction" : [ -1.0, 0.0, 0.0 ],
      "color" : "#E4E4EB"
    }, {
      "direction" : [ 0.0, 0.0, -1.0 ],
      "color" : "#1E1E1E"
    } ],
    "backgroundColor" : "#AFC8DC",
    "ambientColor" : "#292929"
  },
  "camera" : {
    "position" : {
      "x" : 125.48273,
      "y" : 43.267815,
      "z" : -4.3549943
    },
    "lookDirection" : {
      "x" : -0.9448667,
      "y" : -0.32580036,
      "z" : 0.032792475
    },
    "stereo" : false,
    "lookAtPoint" : {
      "x" : 0.0,
      "y" : 0.0,
      "z" : 0.0
    },
    "upDirection" : {
      "x" : -0.32664222,
      "y" : 0.930794,
      "z" : -0.16407895
    },
    "width" : 59.76211,
    "viewDistance" : 132.80469,
    "farClipDistance" : 265.60922,
    "perspective" : true,
    "fieldOfView" : 0.4426289,
    "nearClipDistance" : 0.33201182
  },
  "embedding" : [ 1.0, 0.0, 0.0, 0.0, 0.0, 1.0, 0.0, 0.0, 0.0, 0.0, 1.0, 0.0, 0.0, 0.0, 0.0, 1.0 ],
  "shapes" : [ {
    "id" : "6e14fe85-f8c4-4fe2-bb99-45452bf3a650",
    "orbit" : "24",
    "orbitC" : "[[-3,2,1],[0,0,1]]",
    "length" : "[1,1,1]",
    "name" : "long",
    "vertices" : [ {
      "x" : 2.8706443,
      "y" : 0.13333334,
      "z" : -13.074124
    }, {
      "x" : 2.9706442,
      "y" : -0.26666668,
      "z" : -13.174125
    }, {
      "x" : 0.36542365,
      "y" : -0.13333334,
      "z" : -0.63407916
    }, {
      "x" : 0.26542366,
      "y" : 0.26666668,
      "z" : -0.53407913
    }, {
      "x" : 3.2706444,
      "y" : -0.13333334,
      "z" : -12.940791
    }, {
      "x" : 3.1706443,
      "y" : 0.26666668,
      "z" : -12.840792
    }, {
      "x" : -0.034576353,
      "y" : 0.13333334,
      "z" : -0.7674125
    }, {
      "x" : 0.065423645,
      "y" : -0.26666668,
      "z" : -0.8674125
    } ],
    "faces" : [ {
      "vertices" : [ 2, 3, 6, 7 ]
    }, {
      "vertices" : [ 0, 5, 4, 1 ]
    }, {
      "vertices" : [ 2, 4, 5, 3 ]
    }, {
      "vertices" : [ 0, 6, 3, 5 ]
    }, {
      "vertices" : [ 0, 1, 7, 6 ]
    }, {
      "vertices" : [ 1, 4, 2, 7 ]
    } ]
  }, {
    "id" : "a0e4ecf1-5b8a-486a-82af-80592c67dd8c",
    "orbit" : "blue",
    "orbitC" : "[[0,0,1],[0,0,1]]",
    "length" : "[-8,7,2]",
    "name" : " :-4 +7/2*phi",
    "vertices" : [ {
      "x" : 1.0,
      "y" : 0.309017,
      "z" : 0.19098301
    }, {
      "x" : 1.0,
      "y" : -0.309017,
      "z" : 0.19098301
    }, {
      "x" : 13.09017,
      "y" : -0.309017,
      "z" : 0.19098301
    }, {
      "x" : 13.09017,
      "y" : 0.309017,
      "z" : 0.19098301
    }, {
      "x" : 13.09017,
      "y" : -0.309017,
      "z" : -0.19098301
    }, {
      "x" : 13.09017,
      "y" : 0.309017,
      "z" : -0.19098301
    }, {
      "x" : 13.708204,
      "y" : 0.0,
      "z" : 0.0
    }, {
      "x" : 0.38196602,
      "y" : 0.0,
      "z" : 0.0
    }, {
      "x" : 1.0,
      "y" : 0.309017,
      "z" : -0.19098301
    }, {
      "x" : 1.0,
      "y" : -0.309017,
      "z" : -0.19098301
    }, {
      "x" : 14.09017,
      "y" : 0.0,
      "z" : 0.0
    } ],
    "faces" : [ {
      "vertices" : [ 1, 9, 4, 2 ]
    }, {
      "vertices" : [ 0, 3, 5, 8 ]
    }, {
      "vertices" : [ 1, 7, 9 ]
    }, {
      "vertices" : [ 0, 1, 2, 3 ]
    }, {
      "vertices" : [ 7, 8, 9 ]
    }, {
      "vertices" : [ 0, 7, 1 ]
    }, {
      "vertices" : [ 4, 9, 8, 5 ]
    }, {
      "vertices" : [ 2, 6, 3 ]
    }, {
      "vertices" : [ 2, 4, 6 ]
    }, {
      "vertices" : [ 3, 6, 5 ]
    }, {
      "vertices" : [ 4, 5, 6 ]
    }, {
      "vertices" : [ 0, 8, 7 ]
    } ]
  }, {
    "id" : "7420a51d-f0f8-4239-8218-e434720bc44c",
    "orbit" : "blue",
    "orbitC" : "[[0,0,1],[0,0,1]]",
    "length" : "[8,-3,4]",
    "name" : " :2 -3/4*phi",
    "vertices" : [ {
      "x" : 1.0,
      "y" : 0.309017,
      "z" : 0.19098301
    }, {
      "x" : 1.0,
      "y" : -0.309017,
      "z" : 0.19098301
    }, {
      "x" : 5.663119,
      "y" : -0.309017,
      "z" : 0.19098301
    }, {
      "x" : 5.663119,
      "y" : 0.309017,
      "z" : 0.19098301
    }, {
      "x" : 5.663119,
      "y" : -0.309017,
      "z" : -0.19098301
    }, {
      "x" : 5.663119,
      "y" : 0.309017,
      "z" : -0.19098301
    }, {
      "x" : 6.2811527,
      "y" : 0.0,
      "z" : 0.0
    }, {
      "x" : 0.38196602,
      "y" : 0.0,
      "z" : 0.0
    }, {
      "x" : 1.0,
      "y" : 0.309017,
      "z" : -0.19098301
    }, {
      "x" : 1.0,
      "y" : -0.309017,
      "z" : -0.19098301
    }, {
      "x" : 6.663119,
      "y" : 0.0,
      "z" : 0.0
    } ],
    "faces" : [ {
      "vertices" : [ 1, 9, 4, 2 ]
    }, {
      "vertices" : [ 0, 3, 5, 8 ]
    }, {
      "vertices" : [ 1, 7, 9 ]
    }, {
      "vertices" : [ 0, 1, 2, 3 ]
    }, {
      "vertices" : [ 7, 8, 9 ]
    }, {
      "vertices" : [ 0, 7, 1 ]
    }, {
      "vertices" : [ 4, 9, 8, 5 ]
    }, {
      "vertices" : [ 2, 6, 3 ]
    }, {
      "vertices" : [ 2, 4, 6 ]
    }, {
      "vertices" : [ 3, 6, 5 ]
    }, {
      "vertices" : [ 4, 5, 6 ]
    }, {
      "vertices" : [ 0, 8, 7 ]
    } ]
  }, {
    "id" : "4c434bdc-adb5-452b-ac82-acfdbed7670e",
    "name" : "ball",
    "vertices" : [ {
      "x" : 0.309017,
      "y" : -0.309017,
      "z" : -0.309017
    }, {
      "x" : 0.5,
      "y" : 0.0,
      "z" : -0.19098301
    }, {
      "x" : 0.5,
      "y" : 0.0,
      "z" : 0.19098301
    }, {
      "x" : 0.309017,
      "y" : -0.309017,
      "z" : 0.309017
    }, {
      "x" : 0.19098301,
      "y" : -0.5,
      "z" : 0.0
    }, {
      "x" : 0.0,
      "y" : 0.19098301,
      "z" : 0.5
    }, {
      "x" : 0.0,
      "y" : -0.19098301,
      "z" : 0.5
    }, {
      "x" : 0.309017,
      "y" : 0.309017,
      "z" : 0.309017
    }, {
      "x" : -0.309017,
      "y" : -0.309017,
      "z" : 0.309017
    }, {
      "x" : -0.309017,
      "y" : 0.309017,
      "z" : 0.309017
    }, {
      "x" : -0.5,
      "y" : 0.0,
      "z" : 0.19098301
    }, {
      "x" : 0.0,
      "y" : -0.19098301,
      "z" : -0.5
    }, {
      "x" : 0.0,
      "y" : 0.19098301,
      "z" : -0.5
    }, {
      "x" : 0.309017,
      "y" : 0.309017,
      "z" : -0.309017
    }, {
      "x" : -0.309017,
      "y" : -0.309017,
      "z" : -0.309017
    }, {
      "x" : -0.19098301,
      "y" : -0.5,
      "z" : 0.0
    }, {
      "x" : -0.5,
      "y" : 0.0,
      "z" : -0.19098301
    }, {
      "x" : 0.19098301,
      "y" : 0.5,
      "z" : 0.0
    }, {
      "x" : -0.309017,
      "y" : 0.309017,
      "z" : -0.309017
    }, {
      "x" : 0.0,
      "y" : 0.0,
      "z" : 0.0
    }, {
      "x" : -0.19098301,
      "y" : 0.5,
      "z" : 0.0
    } ],
    "faces" : [ {
      "vertices" : [ 12, 18, 20, 17, 13 ]
    }, {
      "vertices" : [ 3, 6, 8, 15, 4 ]
    }, {
      "vertices" : [ 0, 11, 12, 13, 1 ]
    }, {
      "vertices" : [ 5, 9, 10, 8, 6 ]
    }, {
      "vertices" : [ 2, 7, 5, 6, 3 ]
    }, {
      "vertices" : [ 11, 14, 16, 18, 12 ]
    }, {
      "vertices" : [ 1, 13, 17, 7, 2 ]
    }, {
      "vertices" : [ 9, 20, 18, 16, 10 ]
    }, {
      "vertices" : [ 0, 1, 2, 3, 4 ]
    }, {
      "vertices" : [ 5, 7, 17, 20, 9 ]
    }, {
      "vertices" : [ 0, 4, 15, 14, 11 ]
    }, {
      "vertices" : [ 8, 10, 16, 14, 15 ]
    } ]
  }, {
    "id" : "aa9c943e-f356-4281-9d06-ef7aa2c9944e",
    "orbit" : "23",
    "orbitC" : "[[0,0,1],[-3,2,1]]",
    "length" : "[1,1,1]",
    "name" : "long",
    "vertices" : [ {
      "x" : 13.074124,
      "y" : 0.13333334,
      "z" : 2.8706443
    }, {
      "x" : 13.174125,
      "y" : -0.26666668,
      "z" : 2.9706442
    }, {
      "x" : 0.63407916,
      "y" : -0.13333334,
      "z" : 0.36542365
    }, {
      "x" : 0.53407913,
      "y" : 0.26666668,
      "z" : 0.26542366
    }, {
      "x" : 12.940791,
      "y" : -0.13333334,
      "z" : 3.2706444
    }, {
      "x" : 12.840792,
      "y" : 0.26666668,
      "z" : 3.1706443
    }, {
      "x" : 0.7674125,
      "y" : 0.13333334,
      "z" : -0.034576353
    }, {
      "x" : 0.8674125,
      "y" : -0.26666668,
      "z" : 0.065423645
    } ],
    "faces" : [ {
      "vertices" : [ 2, 3, 6, 7 ]
    }, {
      "vertices" : [ 0, 5, 4, 1 ]
    }, {
      "vertices" : [ 2, 4, 5, 3 ]
    }, {
      "vertices" : [ 0, 6, 3, 5 ]
    }, {
      "vertices" : [ 0, 1, 7, 6 ]
    }, {
      "vertices" : [ 1, 4, 2, 7 ]
    } ]
  }, {
    "id" : "d7f3ca75-b22c-476a-bd17-f0d21d8dc36e",
    "vertices" : [ {
      "x" : 0.0,
      "y" : 0.0,
      "z" : 0.0
    }, {
      "x" : -1.2725425,
      "y" : 8.722136,
      "z" : -3.3315594
    }, {
      "x" : 2.059017,
      "y" : 7.4495935,
      "z" : 5.3905764
    } ],
    "faces" : [ {
      "vertices" : [ 0, 1, 2 ]
    }, {
      "vertices" : [ 0, 2, 1 ]
    } ]
  }, {
    "id" : "7b15b0de-94a4-4021-8213-046a3b3d1a95",
    "orbit" : "green",
    "orbitC" : "[[2,-1,1],[5,-3,1]]",
    "length" : "[8,-3,4]",
    "name" : " :2 -3/4*phi",
    "vertices" : [ {
      "x" : 8.413119,
      "y" : 3.2135255,
      "z" : -1.2274575
    }, {
      "x" : 8.031153,
      "y" : 2.7586105,
      "z" : -1.0364745
    }, {
      "x" : 7.868034,
      "y" : 3.0225425,
      "z" : -1.4635255
    }, {
      "x" : 7.795085,
      "y" : 3.2864745,
      "z" : -1.2725425
    }, {
      "x" : 0.85410196,
      "y" : 0.309017,
      "z" : 0.19098301
    }, {
      "x" : 0.690983,
      "y" : 0.572949,
      "z" : -0.23606798
    }, {
      "x" : 0.309017,
      "y" : 0.11803399,
      "z" : -0.045084972
    }, {
      "x" : 0.76393205,
      "y" : 0.309017,
      "z" : -0.42705098
    }, {
      "x" : 0.927051,
      "y" : 0.045084972,
      "z" : 0.0
    }, {
      "x" : 7.958204,
      "y" : 3.0225425,
      "z" : -0.8454915
    }, {
      "x" : 8.722136,
      "y" : 3.3315594,
      "z" : -1.2725425
    } ],
    "faces" : [ {
      "vertices" : [ 2, 7, 5, 3 ]
    }, {
      "vertices" : [ 1, 8, 7, 2 ]
    }, {
      "vertices" : [ 4, 6, 8 ]
    }, {
      "vertices" : [ 5, 7, 6 ]
    }, {
      "vertices" : [ 0, 1, 2 ]
    }, {
      "vertices" : [ 0, 2, 3 ]
    }, {
      "vertices" : [ 6, 7, 8 ]
    }, {
      "vertices" : [ 3, 5, 4, 9 ]
    }, {
      "vertices" : [ 1, 9, 4, 8 ]
    }, {
      "vertices" : [ 0, 9, 1 ]
    }, {
      "vertices" : [ 0, 3, 9 ]
    }, {
      "vertices" : [ 4, 5, 6 ]
    } ]
  }, {
    "id" : "893c1180-5ec2-40ce-a0e6-905c7bdb144c",
    "orbit" : "blue",
    "orbitC" : "[[0,0,1],[0,0,1]]",
    "length" : "[0,1,1]",
    "name" : "b2",
    "vertices" : [ {
      "x" : 1.0,
      "y" : 0.309017,
      "z" : 0.19098301
    }, {
      "x" : 1.0,
      "y" : -0.309017,
      "z" : 0.19098301
    }, {
      "x" : 12.708204,
      "y" : -0.309017,
      "z" : 0.19098301
    }, {
      "x" : 12.708204,
      "y" : 0.309017,
      "z" : 0.19098301
    }, {
      "x" : 12.708204,
      "y" : -0.309017,
      "z" : -0.19098301
    }, {
      "x" : 12.708204,
      "y" : 0.309017,
      "z" : -0.19098301
    }, {
      "x" : 13.326238,
      "y" : 0.0,
      "z" : 0.0
    }, {
      "x" : 0.38196602,
      "y" : 0.0,
      "z" : 0.0
    }, {
      "x" : 1.0,
      "y" : 0.309017,
      "z" : -0.19098301
    }, {
      "x" : 1.0,
      "y" : -0.309017,
      "z" : -0.19098301
    }, {
      "x" : 13.708204,
      "y" : 0.0,
      "z" : 0.0
    } ],
    "faces" : [ {
      "vertices" : [ 1, 9, 4, 2 ]
    }, {
      "vertices" : [ 0, 3, 5, 8 ]
    }, {
      "vertices" : [ 1, 7, 9 ]
    }, {
      "vertices" : [ 0, 1, 2, 3 ]
    }, {
      "vertices" : [ 7, 8, 9 ]
    }, {
      "vertices" : [ 0, 7, 1 ]
    }, {
      "vertices" : [ 4, 9, 8, 5 ]
    }, {
      "vertices" : [ 2, 6, 3 ]
    }, {
      "vertices" : [ 2, 4, 6 ]
    }, {
      "vertices" : [ 3, 6, 5 ]
    }, {
      "vertices" : [ 4, 5, 6 ]
    }, {
      "vertices" : [ 0, 8, 7 ]
    } ]
  }, {
    "id" : "9965204e-1629-4d2c-99ad-b48352116dd0",
    "orbit" : "35",
    "orbitC" : "[[13,-8,2],[-3,2,1]]",
    "length" : "[1,1,1]",
    "name" : "long",
    "vertices" : [ {
      "x" : 0.09596252,
      "y" : -2.9722438,
      "z" : 13.1809
    }, {
      "x" : 0.4959625,
      "y" : -2.8722436,
      "z" : 13.0809
    }, {
      "x" : 0.2860035,
      "y" : -0.26382425,
      "z" : 0.52730405
    }, {
      "x" : -0.113996506,
      "y" : -0.36382425,
      "z" : 0.627304
    }, {
      "x" : 0.6292958,
      "y" : -3.1722438,
      "z" : 12.847567
    }, {
      "x" : 0.22929585,
      "y" : -3.2722437,
      "z" : 12.947567
    }, {
      "x" : -0.24732983,
      "y" : -0.06382426,
      "z" : 0.86063737
    }, {
      "x" : 0.15267016,
      "y" : 0.03617574,
      "z" : 0.7606374
    } ],
    "faces" : [ {
      "vertices" : [ 2, 3, 6, 7 ]
    }, {
      "vertices" : [ 0, 5, 4, 1 ]
    }, {
      "vertices" : [ 2, 4, 5, 3 ]
    }, {
      "vertices" : [ 0, 6, 3, 5 ]
    }, {
      "vertices" : [ 0, 1, 7, 6 ]
    }, {
      "vertices" : [ 1, 4, 2, 7 ]
    } ]
  }, {
    "id" : "ab26ee10-c949-42ce-9ce9-b05711e1d676",
    "vertices" : [ {
      "x" : 0.0,
      "y" : 0.0,
      "z" : 0.0
    }, {
      "x" : 2.059017,
      "y" : -7.4495935,
      "z" : 5.3905764
    }, {
      "x" : -1.2725425,
      "y" : -8.722136,
      "z" : -3.3315594
    } ],
    "faces" : [ {
      "vertices" : [ 0, 1, 2 ]
    }, {
      "vertices" : [ 0, 2, 1 ]
    } ]
  }, {
    "id" : "983e8340-cdbd-40de-83cf-546ef61047a5",
    "vertices" : [ {
      "x" : 0.0,
      "y" : 0.0,
      "z" : 0.0
    }, {
      "x" : 1.2725425,
      "y" : 8.722136,
      "z" : 3.3315594
    }, {
      "x" : 3.3315594,
      "y" : 1.2725425,
      "z" : 8.722136
    } ],
    "faces" : [ {
      "vertices" : [ 0, 1, 2 ]
    }, {
      "vertices" : [ 0, 2, 1 ]
    } ]
  }, {
    "id" : "722c398a-9e26-4390-acce-733cacf85d1e",
    "vertices" : [ {
      "x" : 0.0,
      "y" : 0.0,
      "z" : 0.0
    }, {
      "x" : -3.3315594,
      "y" : -1.2725425,
      "z" : -8.722136
    }, {
      "x" : -2.059017,
      "y" : 7.4495935,
      "z" : -5.3905764
    } ],
    "faces" : [ {
      "vertices" : [ 0, 1, 2 ]
    }, {
      "vertices" : [ 0, 2, 1 ]
    } ]
  }, {
    "id" : "3bb57210-dd0f-4f87-b164-4fa32323a237",
    "orbit" : "36",
    "orbitC" : "[[-3,2,1],[13,-8,2]]",
    "length" : "[1,1,1]",
    "name" : "long",
    "vertices" : [ {
      "x" : 0.09596252,
      "y" : 13.1809,
      "z" : 2.9722438
    }, {
      "x" : 0.4959625,
      "y" : 13.0809,
      "z" : 2.8722436
    }, {
      "x" : 0.2860035,
      "y" : 0.52730405,
      "z" : 0.26382425
    }, {
      "x" : -0.113996506,
      "y" : 0.627304,
      "z" : 0.36382425
    }, {
      "x" : 0.6292958,
      "y" : 12.847567,
      "z" : 3.1722438
    }, {
      "x" : 0.22929585,
      "y" : 12.947567,
      "z" : 3.2722437
    }, {
      "x" : -0.24732983,
      "y" : 0.86063737,
      "z" : 0.06382426
    }, {
      "x" : 0.15267016,
      "y" : 0.7606374,
      "z" : -0.03617574
    } ],
    "faces" : [ {
      "vertices" : [ 2, 3, 6, 7 ]
    }, {
      "vertices" : [ 0, 5, 4, 1 ]
    }, {
      "vertices" : [ 2, 4, 5, 3 ]
    }, {
      "vertices" : [ 0, 6, 3, 5 ]
    }, {
      "vertices" : [ 0, 1, 7, 6 ]
    }, {
      "vertices" : [ 1, 4, 2, 7 ]
    } ]
  }, {
    "id" : "1f636bed-dcc9-4da1-8b24-034a4f704ecb",
    "vertices" : [ {
      "x" : 0.0,
      "y" : 0.0,
      "z" : 0.0
    }, {
      "x" : -2.059017,
      "y" : -7.4495935,
      "z" : -5.3905764
    }, {
      "x" : -3.3315594,
      "y" : 1.2725425,
      "z" : -8.722136
    } ],
    "faces" : [ {
      "vertices" : [ 0, 1, 2 ]
    }, {
      "vertices" : [ 0, 2, 1 ]
    } ]
  }, {
    "id" : "b4f5f7bc-b4f0-4332-ad56-1e66368f2038",
    "orbit" : "blue",
    "orbitC" : "[[0,0,1],[0,0,1]]",
    "length" : "[24,-7,16]",
    "name" : " :3/2 -7/16*phi",
    "vertices" : [ {
      "x" : 1.0,
      "y" : 0.309017,
      "z" : 0.19098301
    }, {
      "x" : 1.0,
      "y" : -0.309017,
      "z" : 0.19098301
    }, {
      "x" : 5.7108645,
      "y" : -0.309017,
      "z" : 0.19098301
    }, {
      "x" : 5.7108645,
      "y" : 0.309017,
      "z" : 0.19098301
    }, {
      "x" : 5.7108645,
      "y" : -0.309017,
      "z" : -0.19098301
    }, {
      "x" : 5.7108645,
      "y" : 0.309017,
      "z" : -0.19098301
    }, {
      "x" : 6.328899,
      "y" : 0.0,
      "z" : 0.0
    }, {
      "x" : 0.38196602,
      "y" : 0.0,
      "z" : 0.0
    }, {
      "x" : 1.0,
      "y" : 0.309017,
      "z" : -0.19098301
    }, {
      "x" : 1.0,
      "y" : -0.309017,
      "z" : -0.19098301
    }, {
      "x" : 6.7108645,
      "y" : 0.0,
      "z" : 0.0
    } ],
    "faces" : [ {
      "vertices" : [ 1, 9, 4, 2 ]
    }, {
      "vertices" : [ 0, 3, 5, 8 ]
    }, {
      "vertices" : [ 1, 7, 9 ]
    }, {
      "vertices" : [ 0, 1, 2, 3 ]
    }, {
      "vertices" : [ 7, 8, 9 ]
    }, {
      "vertices" : [ 0, 7, 1 ]
    }, {
      "vertices" : [ 4, 9, 8, 5 ]
    }, {
      "vertices" : [ 2, 6, 3 ]
    }, {
      "vertices" : [ 2, 4, 6 ]
    }, {
      "vertices" : [ 3, 6, 5 ]
    }, {
      "vertices" : [ 4, 5, 6 ]
    }, {
      "vertices" : [ 0, 8, 7 ]
    } ]
  } ],
  "instances" : [ {
    "shape" : "6e14fe85-f8c4-4fe2-bb99-45452bf3a650",
    "color" : "#3333FF",
    "position" : {
      "x" : -8.472136,
      "y" : 5.236068,
      "z" : -13.708204
    },
    "orientation" : 46
  }, {
    "shape" : "a0e4ecf1-5b8a-486a-82af-80592c67dd8c",
    "color" : "#FFFF00",
    "position" : {
      "x" : 5.236068,
      "y" : -8.472136,
      "z" : 13.708204
    },
    "orientation" : 47
  }, {
    "shape" : "a0e4ecf1-5b8a-486a-82af-80592c67dd8c",
    "color" : "#FFFF00",
    "position" : {
      "x" : 8.472136,
      "y" : 5.236068,
      "z" : 13.708204
    },
    "orientation" : 47
  }, {
    "shape" : "7420a51d-f0f8-4239-8218-e434720bc44c",
    "color" : "#007695",
    "position" : {
      "x" : 0.0,
      "y" : 0.0,
      "z" : 0.0
    },
    "orientation" : 0
  }, {
    "shape" : "4c434bdc-adb5-452b-ac82-acfdbed7670e",
    "color" : "#FFFFFF",
    "position" : {
      "x" : 5.236068,
      "y" : -8.472136,
      "z" : 13.708204
    }
  }, {
    "shape" : "6e14fe85-f8c4-4fe2-bb99-45452bf3a650",
    "color" : "#99FF99",
    "position" : {
      "x" : 0.38196602,
      "y" : 5.236068,
      "z" : 8.472136
    },
    "orientation" : 47
  }, {
    "shape" : "aa9c943e-f356-4281-9d06-ef7aa2c9944e",
    "color" : "#000000",
    "position" : {
      "x" : -0.38196602,
      "y" : 5.236068,
      "z" : -8.472136
    },
    "orientation" : 2
  }, {
    "shape" : "6e14fe85-f8c4-4fe2-bb99-45452bf3a650",
    "color" : "#000000",
    "position" : {
      "x" : 13.708204,
      "y" : 8.472136,
      "z" : 5.236068
    },
    "orientation" : 2
  }, {
    "shape" : "4c434bdc-adb5-452b-ac82-acfdbed7670e",
    "color" : "#0000FF",
    "position" : {
      "x" : 0.0,
      "y" : 0.0,
      "z" : -6.663119
    }
  }, {
    "shape" : "6e14fe85-f8c4-4fe2-bb99-45452bf3a650",
    "color" : "#FFFFFF",
    "position" : {
      "x" : 5.236068,
      "y" : -0.38196602,
      "z" : 8.472136
    },
    "orientation" : 0
  }, {
    "shape" : "4c434bdc-adb5-452b-ac82-acfdbed7670e",
    "color" : "#FFFFFF",
    "position" : {
      "x" : -13.708204,
      "y" : -8.472136,
      "z" : 5.236068
    }
  }, {
    "shape" : "d7f3ca75-b22c-476a-bd17-f0d21d8dc36e",
    "color" : "#F7CF7F",
    "position" : {
      "x" : 0.0,
      "y" : 0.0,
      "z" : -6.663119
    },
    "orientation" : 3
  }, {
    "shape" : "aa9c943e-f356-4281-9d06-ef7aa2c9944e",
    "color" : "#000000",
    "position" : {
      "x" : 13.708204,
      "y" : 8.472136,
      "z" : 5.236068
    },
    "orientation" : 17
  }, {
    "shape" : "4c434bdc-adb5-452b-ac82-acfdbed7670e",
    "color" : "#FFFFFF",
    "position" : {
      "x" : 8.472136,
      "y" : 0.38196602,
      "z" : 5.236068
    }
  }, {
    "shape" : "4c434bdc-adb5-452b-ac82-acfdbed7670e",
    "color" : "#FFFF00",
    "position" : {
      "x" : 0.0,
      "y" : 0.0,
      "z" : 6.663119
    }
  }, {
    "shape" : "7b15b0de-94a4-4021-8213-046a3b3d1a95",
    "color" : "#008D36",
    "position" : {
      "x" : -6.663119,
      "y" : 0.0,
      "z" : 0.0
    },
    "orientation" : 8
  }, {
    "shape" : "6e14fe85-f8c4-4fe2-bb99-45452bf3a650",
    "color" : "#FFFF00",
    "position" : {
      "x" : 8.472136,
      "y" : 5.236068,
      "z" : -0.38196602
    },
    "orientation" : 1
  }, {
    "shape" : "aa9c943e-f356-4281-9d06-ef7aa2c9944e",
    "color" : "#000000",
    "position" : {
      "x" : 13.708204,
      "y" : -5.236068,
      "z" : 8.472136
    },
    "orientation" : 17
  }, {
    "shape" : "4c434bdc-adb5-452b-ac82-acfdbed7670e",
    "color" : "#000000",
    "position" : {
      "x" : 6.663119,
      "y" : 0.0,
      "z" : 0.0
    }
  }, {
    "shape" : "a0e4ecf1-5b8a-486a-82af-80592c67dd8c",
    "color" : "#99FF99",
    "position" : {
      "x" : -13.708204,
      "y" : 8.472136,
      "z" : -5.236068
    },
    "orientation" : 0
  }, {
    "shape" : "a0e4ecf1-5b8a-486a-82af-80592c67dd8c",
    "color" : "#FF6666",
    "position" : {
      "x" : -8.472136,
      "y" : -13.708204,
      "z" : -5.236068
    },
    "orientation" : 1
  }, {
    "shape" : "d7f3ca75-b22c-476a-bd17-f0d21d8dc36e",
    "color" : "#F7CF7F",
    "position" : {
      "x" : 0.0,
      "y" : -6.663119,
      "z" : 0.0
    },
    "orientation" : 5
  }, {
    "shape" : "4c434bdc-adb5-452b-ac82-acfdbed7670e",
    "color" : "#FFFFFF",
    "position" : {
      "x" : -5.236068,
      "y" : -8.472136,
      "z" : -13.708204
    }
  }, {
    "shape" : "4c434bdc-adb5-452b-ac82-acfdbed7670e",
    "color" : "#FFFFFF",
    "position" : {
      "x" : 0.0,
      "y" : -5.236068,
      "z" : -8.472136
    }
  }, {
    "shape" : "4c434bdc-adb5-452b-ac82-acfdbed7670e",
    "color" : "#FFFFFF",
    "position" : {
      "x" : 8.472136,
      "y" : 13.708204,
      "z" : -5.236068
    }
  }, {
    "shape" : "6e14fe85-f8c4-4fe2-bb99-45452bf3a650",
    "color" : "#FFFF00",
    "position" : {
      "x" : -8.472136,
      "y" : -5.236068,
      "z" : -0.38196602
    },
    "orientation" : 31
  }, {
    "shape" : "a0e4ecf1-5b8a-486a-82af-80592c67dd8c",
    "color" : "#000000",
    "position" : {
      "x" : 13.708204,
      "y" : 8.472136,
      "z" : 5.236068
    },
    "orientation" : 45
  }, {
    "shape" : "a0e4ecf1-5b8a-486a-82af-80592c67dd8c",
    "color" : "#FFFFFF",
    "position" : {
      "x" : -8.472136,
      "y" : 13.708204,
      "z" : 5.236068
    },
    "orientation" : 16
  }, {
    "shape" : "a0e4ecf1-5b8a-486a-82af-80592c67dd8c",
    "color" : "#FFFFFF",
    "position" : {
      "x" : -5.236068,
      "y" : 13.708204,
      "z" : -8.472136
    },
    "orientation" : 16
  }, {
    "shape" : "aa9c943e-f356-4281-9d06-ef7aa2c9944e",
    "color" : "#FFFF00",
    "position" : {
      "x" : 5.236068,
      "y" : -8.472136,
      "z" : 13.708204
    },
    "orientation" : 1
  }, {
    "shape" : "a0e4ecf1-5b8a-486a-82af-80592c67dd8c",
    "color" : "#FF6666",
    "position" : {
      "x" : -5.236068,
      "y" : -13.708204,
      "z" : 8.472136
    },
    "orientation" : 1
  }, {
    "shape" : "a0e4ecf1-5b8a-486a-82af-80592c67dd8c",
    "color" : "#99FF99",
    "position" : {
      "x" : -13.708204,
      "y" : 5.236068,
      "z" : 8.472136
    },
    "orientation" : 0
  }, {
    "shape" : "6e14fe85-f8c4-4fe2-bb99-45452bf3a650",
    "color" : "#000000",
    "position" : {
      "x" : -0.38196602,
      "y" : 8.472136,
      "z" : 5.236068
    },
    "orientation" : 2
  }, {
    "shape" : "4c434bdc-adb5-452b-ac82-acfdbed7670e",
    "color" : "#FFFFFF",
    "position" : {
      "x" : 13.708204,
      "y" : 5.236068,
      "z" : -8.472136
    }
  }, {
    "shape" : "7b15b0de-94a4-4021-8213-046a3b3d1a95",
    "color" : "#008D36",
    "position" : {
      "x" : 0.0,
      "y" : -6.663119,
      "z" : 0.0
    },
    "orientation" : 52
  }, {
    "shape" : "4c434bdc-adb5-452b-ac82-acfdbed7670e",
    "color" : "#FFFFFF",
    "position" : {
      "x" : -13.708204,
      "y" : -5.236068,
      "z" : -8.472136
    }
  }, {
    "shape" : "7b15b0de-94a4-4021-8213-046a3b3d1a95",
    "color" : "#008D36",
    "position" : {
      "x" : 0.0,
      "y" : 0.0,
      "z" : -6.663119
    },
    "orientation" : 38
  }, {
    "shape" : "aa9c943e-f356-4281-9d06-ef7aa2c9944e",
    "color" : "#FFFFFF",
    "position" : {
      "x" : -8.472136,
      "y" : 13.708204,
      "z" : 5.236068
    },
    "orientation" : 0
  }, {
    "shape" : "4c434bdc-adb5-452b-ac82-acfdbed7670e",
    "color" : "#FFFFFF",
    "position" : {
      "x" : -5.236068,
      "y" : 0.38196602,
      "z" : 8.472136
    }
  }, {
    "shape" : "893c1180-5ec2-40ce-a0e6-905c7bdb144c",
    "color" : "#99FF99",
    "position" : {
      "x" : -13.708204,
      "y" : -5.236068,
      "z" : -8.472136
    },
    "orientation" : 0
  }, {
    "shape" : "a0e4ecf1-5b8a-486a-82af-80592c67dd8c",
    "color" : "#FFFF00",
    "position" : {
      "x" : -8.472136,
      "y" : -5.236068,
      "z" : 13.708204
    },
    "orientation" : 47
  }, {
    "shape" : "aa9c943e-f356-4281-9d06-ef7aa2c9944e",
    "color" : "#3333FF",
    "position" : {
      "x" : -5.236068,
      "y" : -8.472136,
      "z" : 0.38196602
    },
    "orientation" : 46
  }, {
    "shape" : "4c434bdc-adb5-452b-ac82-acfdbed7670e",
    "color" : "#FFFFFF",
    "position" : {
      "x" : 8.472136,
      "y" : 5.236068,
      "z" : -0.38196602
    }
  }, {
    "shape" : "7b15b0de-94a4-4021-8213-046a3b3d1a95",
    "color" : "#008D36",
    "position" : {
      "x" : 6.663119,
      "y" : 0.0,
      "z" : 0.0
    },
    "orientation" : 53
  }, {
    "shape" : "6e14fe85-f8c4-4fe2-bb99-45452bf3a650",
    "color" : "#FFFFFF",
    "position" : {
      "x" : -8.472136,
      "y" : 13.708204,
      "z" : 5.236068
    },
    "orientation" : 0
  }, {
    "shape" : "a0e4ecf1-5b8a-486a-82af-80592c67dd8c",
    "color" : "#FFFFFF",
    "position" : {
      "x" : 8.472136,
      "y" : 13.708204,
      "z" : -5.236068
    },
    "orientation" : 16
  }, {
    "shape" : "4c434bdc-adb5-452b-ac82-acfdbed7670e",
    "color" : "#FFFFFF",
    "position" : {
      "x" : 5.236068,
      "y" : -0.38196602,
      "z" : 8.472136
    }
  }, {
    "shape" : "7420a51d-f0f8-4239-8218-e434720bc44c",
    "color" : "#007695",
    "position" : {
      "x" : 0.0,
      "y" : 0.0,
      "z" : 0.0
    },
    "orientation" : 1
  }, {
    "shape" : "4c434bdc-adb5-452b-ac82-acfdbed7670e",
    "color" : "#FFFFFF",
    "position" : {
      "x" : 13.708204,
      "y" : -5.236068,
      "z" : 8.472136
    }
  }, {
    "shape" : "4c434bdc-adb5-452b-ac82-acfdbed7670e",
    "color" : "#FFFFFF",
    "position" : {
      "x" : 0.0,
      "y" : 6.663119,
      "z" : 0.0
    }
  }, {
    "shape" : "6e14fe85-f8c4-4fe2-bb99-45452bf3a650",
    "color" : "#3333FF",
    "position" : {
      "x" : -8.472136,
      "y" : 5.236068,
      "z" : 0.38196602
    },
    "orientation" : 46
  }, {
    "shape" : "9965204e-1629-4d2c-99ad-b48352116dd0",
    "color" : "#99FF99",
    "position" : {
      "x" : 0.0,
      "y" : -5.236068,
      "z" : -8.472136
    },
    "orientation" : 0
  }, {
    "shape" : "aa9c943e-f356-4281-9d06-ef7aa2c9944e",
    "color" : "#FFFFFF",
    "position" : {
      "x" : -5.236068,
      "y" : 13.708204,
      "z" : -8.472136
    },
    "orientation" : 0
  }, {
    "shape" : "4c434bdc-adb5-452b-ac82-acfdbed7670e",
    "color" : "#FFFFFF",
    "position" : {
      "x" : 5.236068,
      "y" : -13.708204,
      "z" : -8.472136
    }
  }, {
    "shape" : "ab26ee10-c949-42ce-9ce9-b05711e1d676",
    "color" : "#F7CF7F",
    "position" : {
      "x" : -6.663119,
      "y" : 0.0,
      "z" : 0.0
    },
    "orientation" : 39
  }, {
    "shape" : "4c434bdc-adb5-452b-ac82-acfdbed7670e",
    "color" : "#FFFFFF",
    "position" : {
      "x" : -8.472136,
      "y" : 5.236068,
      "z" : -13.708204
    }
  }, {
    "shape" : "aa9c943e-f356-4281-9d06-ef7aa2c9944e",
    "color" : "#FFFFFF",
    "position" : {
      "x" : 8.472136,
      "y" : -0.38196602,
      "z" : -5.236068
    },
    "orientation" : 45
  }, {
    "shape" : "4c434bdc-adb5-452b-ac82-acfdbed7670e",
    "color" : "#FFFFFF",
    "position" : {
      "x" : 8.472136,
      "y" : -5.236068,
      "z" : 0.38196602
    }
  }, {
    "shape" : "a0e4ecf1-5b8a-486a-82af-80592c67dd8c",
    "color" : "#99FF99",
    "position" : {
      "x" : -13.708204,
      "y" : -8.472136,
      "z" : 5.236068
    },
    "orientation" : 0
  }, {
    "shape" : "4c434bdc-adb5-452b-ac82-acfdbed7670e",
    "color" : "#FF6666",
    "position" : {
      "x" : 0.0,
      "y" : -6.663119,
      "z" : 0.0
    }
  }, {
    "shape" : "a0e4ecf1-5b8a-486a-82af-80592c67dd8c",
    "color" : "#007695",
    "position" : {
      "x" : 13.708204,
      "y" : 5.236068,
      "z" : -8.472136
    },
    "orientation" : 45
  }, {
    "shape" : "4c434bdc-adb5-452b-ac82-acfdbed7670e",
    "color" : "#FFFFFF",
    "position" : {
      "x" : 8.472136,
      "y" : -0.38196602,
      "z" : -5.236068
    }
  }, {
    "shape" : "7b15b0de-94a4-4021-8213-046a3b3d1a95",
    "color" : "#008D36",
    "position" : {
      "x" : -6.663119,
      "y" : 0.0,
      "z" : 0.0
    },
    "orientation" : 21
  }, {
    "shape" : "aa9c943e-f356-4281-9d06-ef7aa2c9944e",
    "color" : "#FFFF00",
    "position" : {
      "x" : -5.236068,
      "y" : 8.472136,
      "z" : -0.38196602
    },
    "orientation" : 31
  }, {
    "shape" : "4c434bdc-adb5-452b-ac82-acfdbed7670e",
    "color" : "#99FF99",
    "position" : {
      "x" : -6.7108645,
      "y" : 0.0,
      "z" : 0.0
    }
  }, {
    "shape" : "aa9c943e-f356-4281-9d06-ef7aa2c9944e",
    "color" : "#99FF99",
    "position" : {
      "x" : 0.38196602,
      "y" : 5.236068,
      "z" : 8.472136
    },
    "orientation" : 47
  }, {
    "shape" : "6e14fe85-f8c4-4fe2-bb99-45452bf3a650",
    "color" : "#FF6666",
    "position" : {
      "x" : -5.236068,
      "y" : 0.38196602,
      "z" : 8.472136
    },
    "orientation" : 30
  }, {
    "shape" : "4c434bdc-adb5-452b-ac82-acfdbed7670e",
    "color" : "#FFFFFF",
    "position" : {
      "x" : -5.236068,
      "y" : 13.708204,
      "z" : -8.472136
    }
  }, {
    "shape" : "aa9c943e-f356-4281-9d06-ef7aa2c9944e",
    "color" : "#FFFFFF",
    "position" : {
      "x" : -8.472136,
      "y" : -0.38196602,
      "z" : 5.236068
    },
    "orientation" : 0
  }, {
    "shape" : "a0e4ecf1-5b8a-486a-82af-80592c67dd8c",
    "color" : "#3333FF",
    "position" : {
      "x" : 8.472136,
      "y" : -5.236068,
      "z" : -13.708204
    },
    "orientation" : 2
  }, {
    "shape" : "a0e4ecf1-5b8a-486a-82af-80592c67dd8c",
    "color" : "#FFFF00",
    "position" : {
      "x" : -5.236068,
      "y" : 8.472136,
      "z" : 13.708204
    },
    "orientation" : 47
  }, {
    "shape" : "4c434bdc-adb5-452b-ac82-acfdbed7670e",
    "color" : "#FFFFFF",
    "position" : {
      "x" : -5.236068,
      "y" : 8.472136,
      "z" : 13.708204
    }
  }, {
    "shape" : "6e14fe85-f8c4-4fe2-bb99-45452bf3a650",
    "color" : "#FF6666",
    "position" : {
      "x" : 5.236068,
      "y" : 0.38196602,
      "z" : -8.472136
    },
    "orientation" : 15
  }, {
    "shape" : "7b15b0de-94a4-4021-8213-046a3b3d1a95",
    "color" : "#008D36",
    "position" : {
      "x" : 0.0,
      "y" : 0.0,
      "z" : 6.663119
    },
    "orientation" : 52
  }, {
    "shape" : "6e14fe85-f8c4-4fe2-bb99-45452bf3a650",
    "color" : "#FFFF00",
    "position" : {
      "x" : 5.236068,
      "y" : -8.472136,
      "z" : 13.708204
    },
    "orientation" : 1
  }, {
    "shape" : "6e14fe85-f8c4-4fe2-bb99-45452bf3a650",
    "color" : "#000000",
    "position" : {
      "x" : -0.38196602,
      "y" : -8.472136,
      "z" : -5.236068
    },
