{
  "polygons" : "true",
  "field" : "golden",
  "symmetry" : "icosahedral",
  "orientations" : [ [ 1.0, 0.0, 0.0, 0.0, 0.0, 1.0, 0.0, 0.0, 0.0, 0.0, 1.0, 0.0, 0.0, 0.0, 0.0, 1.0 ], [ 0.0, 0.0, 1.0, 0.0, 1.0, 0.0, 0.0, 0.0, 0.0, 1.0, 0.0, 0.0, 0.0, 0.0, 0.0, 1.0 ], [ 0.0, 1.0, 0.0, 0.0, 0.0, 0.0, 1.0, 0.0, 1.0, 0.0, 0.0, 0.0, 0.0, 0.0, 0.0, 1.0 ], [ 0.809017, 0.309017, 0.5, 0.0, 0.309017, 0.5, -0.809017, 0.0, -0.5, 0.809017, 0.309017, 0.0, 0.0, 0.0, 0.0, 1.0 ], [ -0.5, 0.809017, 0.309017, 0.0, 0.809017, 0.309017, 0.5, 0.0, 0.309017, 0.5, -0.809017, 0.0, 0.0, 0.0, 0.0, 1.0 ], [ 0.309017, 0.5, -0.809017, 0.0, -0.5, 0.809017, 0.309017, 0.0, 0.809017, 0.309017, 0.5, 0.0, 0.0, 0.0, 0.0, 1.0 ], [ 0.5, 0.809017, 0.309017, 0.0, 0.809017, -0.309017, -0.5, 0.0, -0.309017, 0.5, -0.809017, 0.0, 0.0, 0.0, 0.0, 1.0 ], [ -0.309017, 0.5, -0.809017, 0.0, 0.5, 0.809017, 0.309017, 0.0, 0.809017, -0.309017, -0.5, 0.0, 0.0, 0.0, 0.0, 1.0 ], [ 0.809017, -0.309017, -0.5, 0.0, -0.309017, 0.5, -0.809017, 0.0, 0.5, 0.809017, 0.309017, 0.0, 0.0, 0.0, 0.0, 1.0 ], [ 0.5, 0.809017, -0.309017, 0.0, 0.809017, -0.309017, 0.5, 0.0, 0.309017, -0.5, -0.809017, 0.0, 0.0, 0.0, 0.0, 1.0 ], [ 0.309017, -0.5, -0.809017, 0.0, 0.5, 0.809017, -0.309017, 0.0, 0.809017, -0.309017, 0.5, 0.0, 0.0, 0.0, 0.0, 1.0 ], [ 0.809017, -0.309017, 0.5, 0.0, 0.309017, -0.5, -0.809017, 0.0, 0.5, 0.809017, -0.309017, 0.0, 0.0, 0.0, 0.0, 1.0 ], [ 0.809017, 0.309017, -0.5, 0.0, 0.309017, 0.5, 0.809017, 0.0, 0.5, -0.809017, 0.309017, 0.0, 0.0, 0.0, 0.0, 1.0 ], [ 0.5, -0.809017, 0.309017, 0.0, 0.809017, 0.309017, -0.5, 0.0, 0.309017, 0.5, 0.809017, 0.0, 0.0, 0.0, 0.0, 1.0 ], [ 0.309017, 0.5, 0.809017, 0.0, 0.5, -0.809017, 0.309017, 0.0, 0.809017, 0.309017, -0.5, 0.0, 0.0, 0.0, 0.0, 1.0 ], [ 1.0, 0.0, 0.0, 0.0, 0.0, -1.0, 0.0, 0.0, 0.0, 0.0, -1.0, 0.0, 0.0, 0.0, 0.0, 1.0 ], [ 0.0, 0.0, 1.0, 0.0, -1.0, 0.0, 0.0, 0.0, 0.0, -1.0, 0.0, 0.0, 0.0, 0.0, 0.0, 1.0 ], [ 0.0, 1.0, 0.0, 0.0, 0.0, 0.0, -1.0, 0.0, -1.0, 0.0, 0.0, 0.0, 0.0, 0.0, 0.0, 1.0 ], [ 0.809017, 0.309017, 0.5, 0.0, -0.309017, -0.5, 0.809017, 0.0, 0.5, -0.809017, -0.309017, 0.0, 0.0, 0.0, 0.0, 1.0 ], [ -0.5, 0.809017, 0.309017, 0.0, -0.809017, -0.309017, -0.5, 0.0, -0.309017, -0.5, 0.809017, 0.0, 0.0, 0.0, 0.0, 1.0 ], [ 0.309017, 0.5, -0.809017, 0.0, 0.5, -0.809017, -0.309017, 0.0, -0.809017, -0.309017, -0.5, 0.0, 0.0, 0.0, 0.0, 1.0 ], [ 0.5, 0.809017, 0.309017, 0.0, -0.809017, 0.309017, 0.5, 0.0, 0.309017, -0.5, 0.809017, 0.0, 0.0, 0.0, 0.0, 1.0 ], [ -0.309017, 0.5, -0.809017, 0.0, -0.5, -0.809017, -0.309017, 0.0, -0.809017, 0.309017, 0.5, 0.0, 0.0, 0.0, 0.0, 1.0 ], [ 0.809017, -0.309017, -0.5, 0.0, 0.309017, -0.5, 0.809017, 0.0, -0.5, -0.809017, -0.309017, 0.0, 0.0, 0.0, 0.0, 1.0 ], [ 0.5, 0.809017, -0.309017, 0.0, -0.809017, 0.309017, -0.5, 0.0, -0.309017, 0.5, 0.809017, 0.0, 0.0, 0.0, 0.0, 1.0 ], [ 0.309017, -0.5, -0.809017, 0.0, -0.5, -0.809017, 0.309017, 0.0, -0.809017, 0.309017, -0.5, 0.0, 0.0, 0.0, 0.0, 1.0 ], [ 0.809017, -0.309017, 0.5, 0.0, -0.309017, 0.5, 0.809017, 0.0, -0.5, -0.809017, 0.309017, 0.0, 0.0, 0.0, 0.0, 1.0 ], [ 0.809017, 0.309017, -0.5, 0.0, -0.309017, -0.5, -0.809017, 0.0, -0.5, 0.809017, -0.309017, 0.0, 0.0, 0.0, 0.0, 1.0 ], [ 0.5, -0.809017, 0.309017, 0.0, -0.809017, -0.309017, 0.5, 0.0, -0.309017, -0.5, -0.809017, 0.0, 0.0, 0.0, 0.0, 1.0 ], [ 0.309017, 0.5, 0.809017, 0.0, -0.5, 0.809017, -0.309017, 0.0, -0.809017, -0.309017, 0.5, 0.0, 0.0, 0.0, 0.0, 1.0 ], [ -1.0, 0.0, 0.0, 0.0, 0.0, -1.0, 0.0, 0.0, 0.0, 0.0, 1.0, 0.0, 0.0, 0.0, 0.0, 1.0 ], [ 0.0, 0.0, -1.0, 0.0, -1.0, 0.0, 0.0, 0.0, 0.0, 1.0, 0.0, 0.0, 0.0, 0.0, 0.0, 1.0 ], [ 0.0, -1.0, 0.0, 0.0, 0.0, 0.0, -1.0, 0.0, 1.0, 0.0, 0.0, 0.0, 0.0, 0.0, 0.0, 1.0 ], [ -0.809017, -0.309017, -0.5, 0.0, -0.309017, -0.5, 0.809017, 0.0, -0.5, 0.809017, 0.309017, 0.0, 0.0, 0.0, 0.0, 1.0 ], [ 0.5, -0.809017, -0.309017, 0.0, -0.809017, -0.309017, -0.5, 0.0, 0.309017, 0.5, -0.809017, 0.0, 0.0, 0.0, 0.0, 1.0 ], [ -0.309017, -0.5, 0.809017, 0.0, 0.5, -0.809017, -0.309017, 0.0, 0.809017, 0.309017, 0.5, 0.0, 0.0, 0.0, 0.0, 1.0 ], [ -0.5, -0.809017, -0.309017, 0.0, -0.809017, 0.309017, 0.5, 0.0, -0.309017, 0.5, -0.809017, 0.0, 0.0, 0.0, 0.0, 1.0 ], [ 0.309017, -0.5, 0.809017, 0.0, -0.5, -0.809017, -0.309017, 0.0, 0.809017, -0.309017, -0.5, 0.0, 0.0, 0.0, 0.0, 1.0 ], [ -0.809017, 0.309017, 0.5, 0.0, 0.309017, -0.5, 0.809017, 0.0, 0.5, 0.809017, 0.309017, 0.0, 0.0, 0.0, 0.0, 1.0 ], [ -0.5, -0.809017, 0.309017, 0.0, -0.809017, 0.309017, -0.5, 0.0, 0.309017, -0.5, -0.809017, 0.0, 0.0, 0.0, 0.0, 1.0 ], [ -0.309017, 0.5, 0.809017, 0.0, -0.5, -0.809017, 0.309017, 0.0, 0.809017, -0.309017, 0.5, 0.0, 0.0, 0.0, 0.0, 1.0 ], [ -0.809017, 0.309017, -0.5, 0.0, -0.309017, 0.5, 0.809017, 0.0, 0.5, 0.809017, -0.309017, 0.0, 0.0, 0.0, 0.0, 1.0 ], [ -0.809017, -0.309017, 0.5, 0.0, -0.309017, -0.5, -0.809017, 0.0, 0.5, -0.809017, 0.309017, 0.0, 0.0, 0.0, 0.0, 1.0 ], [ -0.5, 0.809017, -0.309017, 0.0, -0.809017, -0.309017, 0.5, 0.0, 0.309017, 0.5, 0.809017, 0.0, 0.0, 0.0, 0.0, 1.0 ], [ -0.309017, -0.5, -0.809017, 0.0, -0.5, 0.809017, -0.309017, 0.0, 0.809017, 0.309017, -0.5, 0.0, 0.0, 0.0, 0.0, 1.0 ], [ -1.0, 0.0, 0.0, 0.0, 0.0, 1.0, 0.0, 0.0, 0.0, 0.0, -1.0, 0.0, 0.0, 0.0, 0.0, 1.0 ], [ 0.0, 0.0, -1.0, 0.0, 1.0, 0.0, 0.0, 0.0, 0.0, -1.0, 0.0, 0.0, 0.0, 0.0, 0.0, 1.0 ], [ 0.0, -1.0, 0.0, 0.0, 0.0, 0.0, 1.0, 0.0, -1.0, 0.0, 0.0, 0.0, 0.0, 0.0, 0.0, 1.0 ], [ -0.809017, -0.309017, -0.5, 0.0, 0.309017, 0.5, -0.809017, 0.0, 0.5, -0.809017, -0.309017, 0.0, 0.0, 0.0, 0.0, 1.0 ], [ 0.5, -0.809017, -0.309017, 0.0, 0.809017, 0.309017, 0.5, 0.0, -0.309017, -0.5, 0.809017, 0.0, 0.0, 0.0, 0.0, 1.0 ], [ -0.309017, -0.5, 0.809017, 0.0, -0.5, 0.809017, 0.309017, 0.0, -0.809017, -0.309017, -0.5, 0.0, 0.0, 0.0, 0.0, 1.0 ], [ -0.5, -0.809017, -0.309017, 0.0, 0.809017, -0.309017, -0.5, 0.0, 0.309017, -0.5, 0.809017, 0.0, 0.0, 0.0, 0.0, 1.0 ], [ 0.309017, -0.5, 0.809017, 0.0, 0.5, 0.809017, 0.309017, 0.0, -0.809017, 0.309017, 0.5, 0.0, 0.0, 0.0, 0.0, 1.0 ], [ -0.809017, 0.309017, 0.5, 0.0, -0.309017, 0.5, -0.809017, 0.0, -0.5, -0.809017, -0.309017, 0.0, 0.0, 0.0, 0.0, 1.0 ], [ -0.5, -0.809017, 0.309017, 0.0, 0.809017, -0.309017, 0.5, 0.0, -0.309017, 0.5, 0.809017, 0.0, 0.0, 0.0, 0.0, 1.0 ], [ -0.309017, 0.5, 0.809017, 0.0, 0.5, 0.809017, -0.309017, 0.0, -0.809017, 0.309017, -0.5, 0.0, 0.0, 0.0, 0.0, 1.0 ], [ -0.809017, 0.309017, -0.5, 0.0, 0.309017, -0.5, -0.809017, 0.0, -0.5, -0.809017, 0.309017, 0.0, 0.0, 0.0, 0.0, 1.0 ], [ -0.809017, -0.309017, 0.5, 0.0, 0.309017, 0.5, 0.809017, 0.0, -0.5, 0.809017, -0.309017, 0.0, 0.0, 0.0, 0.0, 1.0 ], [ -0.5, 0.809017, -0.309017, 0.0, 0.809017, 0.309017, -0.5, 0.0, -0.309017, -0.5, -0.809017, 0.0, 0.0, 0.0, 0.0, 1.0 ], [ -0.309017, -0.5, -0.809017, 0.0, 0.5, -0.809017, 0.309017, 0.0, -0.809017, -0.309017, 0.5, 0.0, 0.0, 0.0, 0.0, 1.0 ] ],
  "lights" : {
    "directionalLights" : [ {
      "direction" : [ 1.0, -1.0, -1.0 ],
      "color" : "#EBEBE4"
    }, {
      "direction" : [ -1.0, 0.0, 0.0 ],
      "color" : "#E4E4EB"
    }, {
      "direction" : [ 0.0, 0.0, -1.0 ],
      "color" : "#1E1E1E"
    } ],
    "backgroundColor" : "#AFC8DC",
    "ambientColor" : "#292929"
  },
  "camera" : {
    "position" : {
      "x" : 49.21533,
      "y" : -231.98843,
      "z" : -187.65761
    },
    "width" : 141.22746,
    "nearClipDistance" : 0.784597,
    "viewDistance" : 313.83878,
    "farClipDistance" : 627.6774,
    "fieldOfView" : 0.44262892,
    "perspective" : false,
    "lookAtPoint" : {
      "x" : 0.0,
      "y" : 9.91935,
      "z" : 6.130495
    },
    "lookDirection" : {
      "x" : -0.15681723,
      "y" : 0.77080274,
      "z" : 0.6174766
    },
    "upDirection" : {
      "x" : -0.14312962,
      "y" : 0.60087353,
      "z" : -0.7864242
    },
    "stereo" : false
  },
  "embedding" : [ 1.0, 0.0, 0.0, 0.0, 0.0, 1.0, 0.0, 0.0, 0.0, 0.0, 1.0, 0.0, 0.0, 0.0, 0.0, 1.0 ],
  "shapes" : [ {
    "id" : "5722bfd3-07b3-4a9f-93cc-4a6d9b844007",
    "name" : "ball",
    "vertices" : [ {
      "x" : 0.309017,
      "y" : -0.809017,
      "z" : 0.618034
    }, {
      "x" : 0.809017,
      "y" : -0.618034,
      "z" : 0.309017
    }, {
      "x" : 0.618034,
      "y" : -0.309017,
      "z" : 0.809017
    }, {
      "x" : 1.0,
      "y" : 0.309017,
      "z" : 0.19098301
    }, {
      "x" : 0.809017,
      "y" : 0.618034,
      "z" : 0.309017
    }, {
      "x" : 0.618034,
      "y" : 0.309017,
      "z" : 0.809017
    }, {
      "x" : 0.809017,
      "y" : 0.0,
      "z" : 0.690983
    }, {
      "x" : 0.19098301,
      "y" : -1.0,
      "z" : 0.309017
    }, {
      "x" : -0.19098301,
      "y" : -1.0,
      "z" : 0.309017
    }, {
      "x" : -0.19098301,
      "y" : -1.0,
      "z" : -0.309017
    }, {
      "x" : 0.19098301,
      "y" : -1.0,
      "z" : -0.309017
    }, {
      "x" : 1.0,
      "y" : -0.309017,
      "z" : -0.19098301
    }, {
      "x" : 0.809017,
      "y" : -0.618034,
      "z" : -0.309017
    }, {
      "x" : 0.618034,
      "y" : -0.309017,
      "z" : -0.809017
    }, {
      "x" : 0.809017,
      "y" : 0.0,
      "z" : -0.690983
    }, {
      "x" : 0.0,
      "y" : 0.690983,
      "z" : -0.809017
    }, {
      "x" : 0.309017,
      "y" : 0.809017,
      "z" : -0.618034
    }, {
      "x" : 0.618034,
      "y" : 0.309017,
      "z" : -0.809017
    }, {
      "x" : 0.309017,
      "y" : 0.19098301,
      "z" : -1.0
    }, {
      "x" : 1.0,
      "y" : 0.309017,
      "z" : -0.19098301
    }, {
      "x" : -0.309017,
      "y" : -0.809017,
      "z" : 0.618034
    }, {
      "x" : 0.0,
      "y" : -0.690983,
      "z" : 0.809017
    }, {
      "x" : 0.809017,
      "y" : 0.618034,
      "z" : -0.309017
    }, {
      "x" : 0.690983,
      "y" : 0.809017,
      "z" : 0.0
    }, {
      "x" : -0.690983,
      "y" : 0.809017,
      "z" : 0.0
    }, {
      "x" : -0.809017,
      "y" : 0.618034,
      "z" : 0.309017
    }, {
      "x" : -0.309017,
      "y" : 0.809017,
      "z" : 0.618034
    }, {
      "x" : -0.19098301,
      "y" : 1.0,
      "z" : 0.309017
    }, {
      "x" : 0.309017,
      "y" : -0.19098301,
      "z" : -1.0
    }, {
      "x" : 0.19098301,
      "y" : 1.0,
      "z" : 0.309017
    }, {
      "x" : 0.309017,
      "y" : 0.809017,
      "z" : 0.618034
    }, {
      "x" : -0.809017,
      "y" : -0.618034,
      "z" : 0.309017
    }, {
      "x" : -0.690983,
      "y" : -0.809017,
      "z" : 0.0
    }, {
      "x" : 0.0,
      "y" : 0.690983,
      "z" : 0.809017
    }, {
      "x" : 0.309017,
      "y" : -0.809017,
      "z" : -0.618034
    }, {
      "x" : 0.0,
      "y" : -0.690983,
      "z" : -0.809017
    }, {
      "x" : -1.0,
      "y" : 0.309017,
      "z" : 0.19098301
    }, {
      "x" : -0.809017,
      "y" : 0.0,
      "z" : 0.690983
    }, {
      "x" : -0.618034,
      "y" : 0.309017,
      "z" : 0.809017
    }, {
      "x" : 1.0,
      "y" : -0.309017,
      "z" : 0.19098301
    }, {
      "x" : -0.309017,
      "y" : -0.809017,
      "z" : -0.618034
    }, {
      "x" : -1.0,
      "y" : 0.309017,
      "z" : -0.19098301
    }, {
      "x" : -1.0,
      "y" : -0.309017,
      "z" : -0.19098301
    }, {
      "x" : -1.0,
      "y" : -0.309017,
      "z" : 0.19098301
    }, {
      "x" : 0.19098301,
      "y" : 1.0,
      "z" : -0.309017
    }, {
      "x" : -0.809017,
      "y" : 0.618034,
      "z" : -0.309017
    }, {
      "x" : -0.19098301,
      "y" : 1.0,
      "z" : -0.309017
    }, {
      "x" : -0.309017,
      "y" : 0.809017,
      "z" : -0.618034
    }, {
      "x" : -0.618034,
      "y" : -0.309017,
      "z" : 0.809017
    }, {
      "x" : 0.309017,
      "y" : 0.19098301,
      "z" : 1.0
    }, {
      "x" : -0.309017,
      "y" : 0.19098301,
      "z" : -1.0
    }, {
      "x" : -0.309017,
      "y" : 0.19098301,
      "z" : 1.0
    }, {
      "x" : -0.309017,
      "y" : -0.19098301,
      "z" : 1.0
    }, {
      "x" : 0.309017,
      "y" : -0.19098301,
      "z" : 1.0
    }, {
      "x" : 0.690983,
      "y" : -0.809017,
      "z" : 0.0
    }, {
      "x" : -0.809017,
      "y" : 0.0,
      "z" : -0.690983
    }, {
      "x" : -0.618034,
      "y" : -0.309017,
      "z" : -0.809017
    }, {
      "x" : -0.309017,
      "y" : -0.19098301,
      "z" : -1.0
    }, {
      "x" : -0.618034,
      "y" : 0.309017,
      "z" : -0.809017
    }, {
      "x" : -0.809017,
      "y" : -0.618034,
      "z" : -0.309017
    } ],
    "faces" : [ {
      "vertices" : [ 9, 40, 35, 34, 10 ]
    }, {
      "vertices" : [ 0, 1, 2 ]
    }, {
      "vertices" : [ 33, 51, 49 ]
    }, {
      "vertices" : [ 25, 36, 37, 38 ]
    }, {
      "vertices" : [ 41, 55, 42 ]
    }, {
      "vertices" : [ 9, 32, 59, 40 ]
    }, {
      "vertices" : [ 20, 21, 52, 48 ]
    }, {
      "vertices" : [ 26, 33, 30, 29, 27 ]
    }, {
      "vertices" : [ 3, 4, 5, 6 ]
    }, {
      "vertices" : [ 27, 29, 44, 46 ]
    }, {
      "vertices" : [ 50, 57, 56, 55, 58 ]
    }, {
      "vertices" : [ 26, 38, 51, 33 ]
    }, {
      "vertices" : [ 45, 47, 58 ]
    }, {
      "vertices" : [ 18, 28, 57, 50 ]
    }, {
      "vertices" : [ 40, 59, 56 ]
    }, {
      "vertices" : [ 31, 48, 37, 43 ]
    }, {
      "vertices" : [ 7, 8, 9, 10 ]
    }, {
      "vertices" : [ 36, 41, 42, 43 ]
    }, {
      "vertices" : [ 24, 46, 47, 45 ]
    }, {
      "vertices" : [ 4, 30, 5 ]
    }, {
      "vertices" : [ 15, 47, 46, 44, 16 ]
    }, {
      "vertices" : [ 15, 50, 58, 47 ]
    }, {
      "vertices" : [ 24, 45, 41, 36, 25 ]
    }, {
      "vertices" : [ 11, 14, 19 ]
    }, {
      "vertices" : [ 3, 6, 39 ]
    }, {
      "vertices" : [ 1, 39, 6, 2 ]
    }, {
      "vertices" : [ 8, 32, 9 ]
    }, {
      "vertices" : [ 11, 12, 13, 14 ]
    }, {
      "vertices" : [ 16, 22, 17 ]
    }, {
      "vertices" : [ 0, 21, 20, 8, 7 ]
    }, {
      "vertices" : [ 12, 34, 13 ]
    }, {
      "vertices" : [ 35, 40, 56, 57 ]
    }, {
      "vertices" : [ 0, 7, 54, 1 ]
    }, {
      "vertices" : [ 15, 16, 17, 18 ]
    }, {
      "vertices" : [ 3, 19, 22, 23, 4 ]
    }, {
      "vertices" : [ 7, 10, 54 ]
    }, {
      "vertices" : [ 41, 45, 58, 55 ]
    }, {
      "vertices" : [ 3, 39, 11, 19 ]
    }, {
      "vertices" : [ 14, 17, 22, 19 ]
    }, {
      "vertices" : [ 0, 2, 53, 21 ]
    }, {
      "vertices" : [ 49, 51, 52, 53 ]
    }, {
      "vertices" : [ 31, 43, 42, 59, 32 ]
    }, {
      "vertices" : [ 15, 18, 50 ]
    }, {
      "vertices" : [ 42, 55, 56, 59 ]
    }, {
      "vertices" : [ 4, 23, 29, 30 ]
    }, {
      "vertices" : [ 25, 38, 26 ]
    }, {
      "vertices" : [ 13, 28, 18, 17, 14 ]
    }, {
      "vertices" : [ 8, 20, 31, 32 ]
    }, {
      "vertices" : [ 23, 44, 29 ]
    }, {
      "vertices" : [ 24, 27, 46 ]
    }, {
      "vertices" : [ 37, 48, 52, 51, 38 ]
    }, {
      "vertices" : [ 20, 48, 31 ]
    }, {
      "vertices" : [ 24, 25, 26, 27 ]
    }, {
      "vertices" : [ 16, 44, 23, 22 ]
    }, {
      "vertices" : [ 13, 34, 35, 28 ]
    }, {
      "vertices" : [ 10, 34, 12, 54 ]
    }, {
      "vertices" : [ 2, 6, 5, 49, 53 ]
    }, {
      "vertices" : [ 36, 43, 37 ]
    }, {
      "vertices" : [ 5, 30, 33, 49 ]
    }, {
      "vertices" : [ 1, 54, 12, 11, 39 ]
    }, {
      "vertices" : [ 28, 35, 57 ]
    }, {
      "vertices" : [ 21, 53, 52 ]
    } ]
  }, {
    "id" : "81b6d63f-0b87-4178-94da-8caa4d8d3bfd",
    "orbit" : "blue",
    "orbitC" : "[[0,0,1],[0,0,1]]",
    "length" : "[1,0,1]",
    "name" : "b1",
    "vertices" : [ {
      "x" : 7.472136,
      "y" : 0.309017,
      "z" : 0.19098301
    }, {
      "x" : 7.472136,
      "y" : 0.309017,
      "z" : -0.19098301
    }, {
      "x" : 1.0,
      "y" : 0.309017,
      "z" : -0.19098301
    }, {
      "x" : 1.0,
      "y" : 0.309017,
      "z" : 0.19098301
    }, {
      "x" : 7.472136,
      "y" : -0.309017,
      "z" : 0.19098301
    }, {
      "x" : 1.0,
      "y" : -0.309017,
      "z" : 0.19098301
    }, {
      "x" : 1.0,
      "y" : -0.309017,
      "z" : -0.19098301
    }, {
      "x" : 7.472136,
      "y" : -0.309017,
      "z" : -0.19098301
    }, {
      "x" : 8.472136,
      "y" : 0.0,
      "z" : 0.0
    } ],
    "faces" : [ {
      "vertices" : [ 1, 7, 6, 2 ]
    }, {
      "vertices" : [ 0, 1, 2, 3 ]
    }, {
      "vertices" : [ 4, 5, 6, 7 ]
    }, {
      "vertices" : [ 0, 3, 5, 4 ]
    } ]
  }, {
    "id" : "470884e7-d55c-44ac-a33f-77271bb748bf",
    "orbit" : "4",
    "orbitC" : "[[1,0,2],[0,0,1]]",
    "length" : "[1,0,1]",
    "name" : "short",
    "vertices" : [ {
      "x" : 3.8016107,
      "y" : 0.39980802,
      "z" : 6.8915095
    }, {
      "x" : 3.7016108,
      "y" : 0.799808,
      "z" : 6.7915096
    }, {
      "x" : 0.43445724,
      "y" : 0.32379878,
      "z" : 0.40980613
    }, {
      "x" : 0.53445727,
      "y" : -0.076201215,
      "z" : 0.50980616
    }, {
      "x" : 4.0016108,
      "y" : 0.93314135,
      "z" : 6.558176
    }, {
      "x" : 4.1016107,
      "y" : 0.5331413,
      "z" : 6.658176
    }, {
      "x" : 0.23445725,
      "y" : -0.20953454,
      "z" : 0.74313945
    }, {
      "x" : 0.13445726,
      "y" : 0.19046545,
      "z" : 0.6431395
    } ],
    "faces" : [ {
      "vertices" : [ 2, 3, 6, 7 ]
    }, {
      "vertices" : [ 0, 5, 4, 1 ]
    }, {
      "vertices" : [ 2, 4, 5, 3 ]
    }, {
      "vertices" : [ 0, 6, 3, 5 ]
    }, {
      "vertices" : [ 0, 1, 7, 6 ]
    }, {
      "vertices" : [ 1, 4, 2, 7 ]
    } ]
  }, {
    "id" : "11d7ffc9-9421-4ff4-b103-9ee9397ff427",
    "orbit" : "3",
    "orbitC" : "[[-8,5,1],[-11,7,1]]",
    "length" : "[1,1,2]",
    "name" : " :1/2 +1/2*phi",
    "vertices" : [ {
      "x" : -2.3061585,
      "y" : 7.5421386,
      "z" : 0.39837924
    }, {
      "x" : -2.2061586,
      "y" : 7.4421387,
      "z" : 0.79837924
    }, {
      "x" : -0.31187534,
      "y" : 0.48278376,
      "z" : 0.3252276
    }, {
      "x" : -0.41187537,
      "y" : 0.58278376,
      "z" : -0.074772425
    }, {
      "x" : -2.5061586,
      "y" : 7.208805,
      "z" : 0.93171257
    }, {
      "x" : -2.6061587,
      "y" : 7.3088055,
      "z" : 0.53171253
    }, {
      "x" : -0.111875355,
      "y" : 0.8161171,
      "z" : -0.20810576
    }, {
      "x" : -0.011875356,
      "y" : 0.7161171,
      "z" : 0.19189425
    } ],
    "faces" : [ {
      "vertices" : [ 2, 3, 6, 7 ]
    }, {
      "vertices" : [ 0, 5, 4, 1 ]
    }, {
      "vertices" : [ 2, 4, 5, 3 ]
    }, {
      "vertices" : [ 0, 6, 3, 5 ]
    }, {
      "vertices" : [ 0, 1, 7, 6 ]
    }, {
      "vertices" : [ 1, 4, 2, 7 ]
    } ]
  }, {
    "id" : "8dcf1bfa-418f-476c-8263-4d418dbff886",
    "orbit" : "6",
    "orbitC" : "[[18,-5,19],[61,-37,19]]",
    "length" : "[1,0,1]",
    "name" : "short",
    "vertices" : [ {
      "x" : -0.26666668,
      "y" : 6.392651,
      "z" : 4.5694885
    }, {
      "x" : 0.13333334,
      "y" : 6.292651,
      "z" : 4.4694886
    }, {
      "x" : 0.26666668,
      "y" : 0.38505748,
      "z" : 0.5137931
    }, {
      "x" : -0.13333334,
      "y" : 0.48505747,
      "z" : 0.6137931
    }, {
      "x" : 0.26666668,
      "y" : 6.059318,
      "z" : 4.7694883
    }, {
      "x" : -0.13333334,
      "y" : 6.159318,
      "z" : 4.8694882
    }, {
      "x" : -0.26666668,
      "y" : 0.7183908,
      "z" : 0.3137931
    }, {
      "x" : 0.13333334,
      "y" : 0.6183908,
      "z" : 0.2137931
    } ],
    "faces" : [ {
      "vertices" : [ 2, 3, 6, 7 ]
    }, {
      "vertices" : [ 0, 5, 4, 1 ]
    }, {
      "vertices" : [ 2, 4, 5, 3 ]
    }, {
      "vertices" : [ 0, 6, 3, 5 ]
    }, {
      "vertices" : [ 0, 1, 7, 6 ]
    }, {
      "vertices" : [ 1, 4, 2, 7 ]
    } ]
  }, {
    "id" : "343a1407-334e-4fda-a173-bd0ae2868c93",
    "orbit" : "5",
    "orbitC" : "[[68,-41,31],[-3,5,31]]",
    "length" : "[1,0,1]",
    "name" : "short",
    "vertices" : [ {
      "x" : 3.8074841,
      "y" : -5.8920984,
      "z" : 3.342312
    }, {
      "x" : 3.707484,
      "y" : -5.7920985,
      "z" : 3.7423122
    }, {
      "x" : 0.4285839,
      "y" : -0.31479007,
      "z" : 0.570149
    }, {
      "x" : 0.5285839,
      "y" : -0.41479006,
      "z" : 0.17014898
    }, {
      "x" : 4.007484,
      "y" : -5.558765,
      "z" : 3.8756456
    }, {
      "x" : 4.107484,
      "y" : -5.658765,
      "z" : 3.4756455
    }, {
      "x" : 0.22858389,
      "y" : -0.6481234,
      "z" : 0.036815643
    }, {
      "x" : 0.12858388,
      "y" : -0.5481234,
      "z" : 0.43681565
    } ],
    "faces" : [ {
      "vertices" : [ 2, 3, 6, 7 ]
    }, {
      "vertices" : [ 0, 5, 4, 1 ]
    }, {
      "vertices" : [ 2, 4, 5, 3 ]
    }, {
      "vertices" : [ 0, 6, 3, 5 ]
    }, {
      "vertices" : [ 0, 1, 7, 6 ]
    }, {
      "vertices" : [ 1, 4, 2, 7 ]
    } ]
  }, {
    "id" : "2ed10ae6-24db-4859-8a2f-7f50936fd2f6",
    "orbit" : "7",
    "orbitC" : "[[68,-41,5],[-11,7,5]]",
    "length" : "[1,0,1]",
    "name" : "short",
    "vertices" : [ {
      "x" : -3.8103092,
      "y" : -1.596178,
      "z" : 6.6782994
    }, {
      "x" : -3.7103093,
      "y" : -1.996178,
      "z" : 6.5782995
    }, {
      "x" : -0.42575878,
      "y" : -0.42185593,
      "z" : 0.37580237
    }, {
      "x" : -0.5257588,
      "y" : -0.021855935,
      "z" : 0.47580236
    }, {
      "x" : -4.010309,
      "y" : -2.1295114,
      "z" : 6.3449664
    }, {
      "x" : -4.110309,
      "y" : -1.7295114,
      "z" : 6.4449663
    }, {
      "x" : -0.22575878,
      "y" : 0.1114774,
      "z" : 0.7091357
    }, {
      "x" : -0.12575878,
      "y" : -0.2885226,
      "z" : 0.6091357
    } ],
    "faces" : [ {
      "vertices" : [ 2, 3, 6, 7 ]
    }, {
      "vertices" : [ 0, 5, 4, 1 ]
    }, {
      "vertices" : [ 2, 4, 5, 3 ]
    }, {
      "vertices" : [ 0, 6, 3, 5 ]
    }, {
      "vertices" : [ 0, 1, 7, 6 ]
    }, {
      "vertices" : [ 1, 4, 2, 7 ]
    } ]
  }, {
    "id" : "e826908a-6d4c-4e06-b379-09df36b730a3",
    "orbit" : "8",
    "orbitC" : "[[-52,35,31],[-41,27,31]]",
    "length" : "[1,0,1]",
    "name" : "short",
    "vertices" : [ {
      "x" : 2.5482912,
      "y" : 2.5134633,
      "z" : 6.9861193
    }, {
      "x" : 2.1482913,
      "y" : 2.6134632,
      "z" : 7.086119
    }, {
      "x" : 0.06974268,
      "y" : 0.4281776,
      "z" : 0.5151964
    }, {
      "x" : 0.4697427,
      "y" : 0.32817757,
      "z" : 0.4151964
    }, {
      "x" : 2.2816246,
      "y" : 2.913463,
      "z" : 6.852786
    }, {
      "x" : 2.6816247,
      "y" : 2.8134632,
      "z" : 6.7527857
    }, {
      "x" : 0.33640933,
      "y" : 0.028177585,
      "z" : 0.6485297
    }, {
      "x" : -0.06359066,
      "y" : 0.12817758,
      "z" : 0.74852973
    } ],
    "faces" : [ {
      "vertices" : [ 2, 3, 6, 7 ]
    }, {
      "vertices" : [ 0, 5, 4, 1 ]
    }, {
      "vertices" : [ 2, 4, 5, 3 ]
    }, {
      "vertices" : [ 0, 6, 3, 5 ]
    }, {
      "vertices" : [ 0, 1, 7, 6 ]
    }, {
      "vertices" : [ 1, 4, 2, 7 ]
    } ]
  }, {
    "id" : "35ef721a-86db-4dde-8304-50a549fc6b8a",
    "orbit" : "10",
    "orbitC" : "[[32,-19,5],[61,-37,5]]",
    "length" : "[1,0,1]",
    "name" : "short",
    "vertices" : [ {
      "x" : -0.26666668,
      "y" : -4.5694885,
      "z" : 6.392651
    }, {
      "x" : 0.13333334,
      "y" : -4.4694886,
      "z" : 6.292651
    }, {
      "x" : 0.26666668,
      "y" : -0.5137931,
      "z" : 0.38505748
    }, {
      "x" : -0.13333334,
      "y" : -0.6137931,
      "z" : 0.48505747
    }, {
      "x" : 0.26666668,
      "y" : -4.7694883,
      "z" : 6.059318
    }, {
      "x" : -0.13333334,
      "y" : -4.8694882,
      "z" : 6.159318
    }, {
      "x" : -0.26666668,
      "y" : -0.3137931,
      "z" : 0.7183908
    }, {
      "x" : 0.13333334,
      "y" : -0.2137931,
      "z" : 0.6183908
    } ],
    "faces" : [ {
      "vertices" : [ 2, 3, 6, 7 ]
    }, {
      "vertices" : [ 0, 5, 4, 1 ]
    }, {
      "vertices" : [ 2, 4, 5, 3 ]
    }, {
      "vertices" : [ 0, 6, 3, 5 ]
    }, {
      "vertices" : [ 0, 1, 7, 6 ]
    }, {
      "vertices" : [ 1, 4, 2, 7 ]
    } ]
  }, {
    "id" : "620c3dfa-3514-4bc3-8fb6-fd280ccbea40",
    "orbit" : "9",
    "orbitC" : "[[44,-23,79],[13,-5,79]]",
    "length" : "[1,0,1]",
    "name" : "short",
    "vertices" : [ {
      "x" : -6.4916453,
      "y" : 1.4110186,
      "z" : 4.1781726
    }, {
      "x" : -6.3916454,
      "y" : 1.8110187,
      "z" : 4.0781727
    }, {
      "x" : -0.36245662,
      "y" : 0.40701535,
      "z" : 0.4578954
    }, {
      "x" : -0.4624566,
      "y" : 0.0070153414,
      "z" : 0.5578954
    }, {
      "x" : -6.158312,
      "y" : 1.944352,
      "z" : 4.3781724
    }, {
      "x" : -6.258312,
      "y" : 1.5443519,
      "z" : 4.478173
    }, {
      "x" : -0.69578993,
      "y" : -0.126318,
      "z" : 0.2578954
    }, {
      "x" : -0.59578997,
      "y" : 0.273682,
      "z" : 0.1578954
    } ],
    "faces" : [ {
      "vertices" : [ 2, 3, 6, 7 ]
    }, {
      "vertices" : [ 0, 5, 4, 1 ]
    }, {
      "vertices" : [ 2, 4, 5, 3 ]
    }, {
      "vertices" : [ 0, 6, 3, 5 ]
    }, {
      "vertices" : [ 0, 1, 7, 6 ]
    }, {
      "vertices" : [ 1, 4, 2, 7 ]
    } ]
  } ],
  "instances" : [ {
    "shape" : "5722bfd3-07b3-4a9f-93cc-4a6d9b844007",
    "color" : "#FFFFFF",
    "position" : {
      "x" : 13.708204,
      "y" : 19.8387,
      "z" : 12.26099
    }
  }, {
    "shape" : "81b6d63f-0b87-4178-94da-8caa4d8d3bfd",
    "color" : "#007695",
    "position" : {
      "x" : 0.0,
      "y" : 0.0,
      "z" : 8.472136
    },
    "orientation" : 47
  }, {
    "shape" : "470884e7-d55c-44ac-a33f-77271bb748bf",
    "color" : "#B8860B",
    "position" : {
      "x" : 6.854102,
      "y" : 18.66788,
      "z" : 0.4472136
    },
    "orientation" : 42
  }, {
    "shape" : "11d7ffc9-9421-4ff4-b103-9ee9397ff427",
    "color" : "#B0E0E6",
    "position" : {
      "x" : 6.854102,
      "y" : 22.456734,
      "z" : 8.024922
    },
    "orientation" : 42
  }, {
    "shape" : "8dcf1bfa-418f-476c-8263-4d418dbff886",
    "color" : "#FFFFFF",
    "position" : {
      "x" : 0.0,
      "y" : 10.966563,
      "z" : 30.405262
    },
    "orientation" : 0
  }, {
    "shape" : "470884e7-d55c-44ac-a33f-77271bb748bf",
    "color" : "#B8860B",
    "position" : {
      "x" : 0.0,
      "y" : 13.708204,
      "z" : 0.0
    },
    "orientation" : 41
  }, {
    "shape" : "81b6d63f-0b87-4178-94da-8caa4d8d3bfd",
    "color" : "#007695",
    "position" : {
      "x" : -4.236068,
      "y" : 6.854102,
      "z" : 11.09017
    },
    "orientation" : 0
  }, {
    "shape" : "81b6d63f-0b87-4178-94da-8caa4d8d3bfd",
    "color" : "#007695",
    "position" : {
      "x" : 6.854102,
      "y" : 2.618034,
      "z" : 4.236068
    },
    "orientation" : 1
  }, {
    "shape" : "81b6d63f-0b87-4178-94da-8caa4d8d3bfd",
    "color" : "#007695",
    "position" : {
      "x" : 6.854102,
      "y" : 11.09017,
      "z" : 4.236068
    },
    "orientation" : 40
  }, {
    "shape" : "5722bfd3-07b3-4a9f-93cc-4a6d9b844007",
    "color" : "#FFFFFF",
    "position" : {
      "x" : 0.0,
      "y" : 12.26099,
      "z" : 16.049845
    }
  }, {
    "shape" : "81b6d63f-0b87-4178-94da-8caa4d8d3bfd",
    "color" : "#007695",
    "position" : {
      "x" : 4.236068,
      "y" : 6.854102,
      "z" : 11.09017
    },
    "orientation" : 25
  }, {
    "shape" : "5722bfd3-07b3-4a9f-93cc-4a6d9b844007",
    "color" : "#FFFFFF",
    "position" : {
      "x" : 11.537383,
      "y" : 15.773452,
      "z" : -8.024922
    }
  }, {
    "shape" : "5722bfd3-07b3-4a9f-93cc-4a6d9b844007",
    "color" : "#FFFFFF",
    "position" : {
      "x" : -4.236068,
      "y" : 32.823296,
      "z" : 13.43181
    }
  }, {
    "shape" : "81b6d63f-0b87-4178-94da-8caa4d8d3bfd",
    "color" : "#007695",
    "position" : {
      "x" : 4.236068,
      "y" : 12.984597,
      "z" : 23.35116
    },
    "orientation" : 45
  }, {
    "shape" : "470884e7-d55c-44ac-a33f-77271bb748bf",
    "color" : "#B8860B",
    "position" : {
      "x" : 11.09017,
      "y" : 27.86362,
      "z" : 12.984597
    },
    "orientation" : 41
  }, {
    "shape" : "5722bfd3-07b3-4a9f-93cc-4a6d9b844007",
    "color" : "#FFFFFF",
    "position" : {
      "x" : 0.0,
      "y" : 17.744272,
      "z" : 35.488544
    }
  }, {
    "shape" : "5722bfd3-07b3-4a9f-93cc-4a6d9b844007",
    "color" : "#FFFFFF",
    "position" : {
      "x" : -4.236068,
      "y" : 6.854102,
      "z" : 11.09017
    }
  }, {
    "shape" : "470884e7-d55c-44ac-a33f-77271bb748bf",
    "color" : "#B8860B",
    "position" : {
      "x" : 0.0,
      "y" : 27.416409,
      "z" : 8.472136
    },
    "orientation" : 37
  }, {
    "shape" : "11d7ffc9-9421-4ff4-b103-9ee9397ff427",
    "color" : "#B0E0E6",
    "position" : {
      "x" : -6.854102,
      "y" : 24.798374,
      "z" : 12.708204
    },
    "orientation" : 57
  }, {
    "shape" : "470884e7-d55c-44ac-a33f-77271bb748bf",
    "color" : "#B8860B",
    "position" : {
      "x" : -6.854102,
      "y" : 15.926238,
      "z" : 30.852476
    },
    "orientation" : 37
  }, {
    "shape" : "11d7ffc9-9421-4ff4-b103-9ee9397ff427",
    "color" : "#B0E0E6",
    "position" : {
      "x" : -6.854102,
      "y" : 18.66788,
      "z" : 0.4472136
    },
    "orientation" : 52
  }, {
    "shape" : "81b6d63f-0b87-4178-94da-8caa4d8d3bfd",
    "color" : "#007695",
    "position" : {
      "x" : -11.09017,
      "y" : 24.074766,
      "z" : 5.4068885
    },
    "orientation" : 23
  }, {
    "shape" : "5722bfd3-07b3-4a9f-93cc-4a6d9b844007",
    "color" : "#FFFFFF",
    "position" : {
      "x" : -11.09017,
      "y" : 11.813777,
      "z" : 11.537383
    }
  }, {
    "shape" : "81b6d63f-0b87-4178-94da-8caa4d8d3bfd",
    "color" : "#007695",
    "position" : {
      "x" : 0.0,
      "y" : 0.0,
      "z" : 8.472136
    },
    "orientation" : 51
  }, {
    "shape" : "11d7ffc9-9421-4ff4-b103-9ee9397ff427",
    "color" : "#B0E0E6",
    "position" : {
      "x" : 11.09017,
      "y" : 27.86362,
      "z" : 12.984597
    },
    "orientation" : 20
  }, {
    "shape" : "343a1407-334e-4fda-a173-bd0ae2868c93",
    "color" : "#FFFFFF",
    "position" : {
      "x" : -4.236068,
      "y" : 23.95116,
      "z" : 31.576082
    },
    "orientation" : 0
  }, {
    "shape" : "11d7ffc9-9421-4ff4-b103-9ee9397ff427",
    "color" : "#B0E0E6",
    "position" : {
      "x" : -4.236068,
      "y" : 26.6928,
      "z" : 1.1708204
    },
    "orientation" : 15
  }, {
    "shape" : "5722bfd3-07b3-4a9f-93cc-4a6d9b844007",
    "color" : "#FFFFFF",
    "position" : {
      "x" : -4.236068,
      "y" : 26.6928,
      "z" : 1.1708204
    }
  }, {
    "shape" : "81b6d63f-0b87-4178-94da-8caa4d8d3bfd",
    "color" : "#007695",
    "position" : {
      "x" : 4.236068,
      "y" : 6.854102,
      "z" : -2.618034
    },
    "orientation" : 39
  }, {
    "shape" : "81b6d63f-0b87-4178-94da-8caa4d8d3bfd",
    "color" : "#007695",
    "position" : {
      "x" : 6.854102,
      "y" : 22.456734,
      "z" : 8.024922
    },
    "orientation" : 8
  }, {
    "shape" : "5722bfd3-07b3-4a9f-93cc-4a6d9b844007",
    "color" : "#FFFFFF",
    "position" : {
      "x" : -17.497059,
      "y" : 7.5777087,
      "z" : -11.366563
    }
  }, {
    "shape" : "2ed10ae6-24db-4859-8a2f-7f50936fd2f6",
    "color" : "#FFFFFF",
    "position" : {
      "x" : 0.0,
      "y" : 25.969194,
      "z" : 24.52198
    },
    "orientation" : 0
  }, {
    "shape" : "5722bfd3-07b3-4a9f-93cc-4a6d9b844007",
    "color" : "#FFFFFF",
    "position" : {
      "x" : -21.733126,
      "y" : 6.854102,
      "z" : -18.66788
    }
  }, {
    "shape" : "e826908a-6d4c-4e06-b379-09df36b730a3",
    "color" : "#FFFFFF",
    "position" : {
      "x" : -6.854102,
      "y" : 15.926238,
      "z" : 30.852476
    },
    "orientation" : 15
  }, {
    "shape" : "5722bfd3-07b3-4a9f-93cc-4a6d9b844007",
    "color" : "#FFFFFF",
    "position" : {
      "x" : -6.854102,
      "y" : 28.587229,
      "z" : 20.285913
    }
  }, {
    "shape" : "5722bfd3-07b3-4a9f-93cc-4a6d9b844007",
    "color" : "#FFFFFF",
    "position" : {
      "x" : 6.854102,
      "y" : 18.66788,
      "z" : 0.4472136
    }
  }, {
    "shape" : "81b6d63f-0b87-4178-94da-8caa4d8d3bfd",
    "color" : "#007695",
    "position" : {
      "x" : -24.35116,
      "y" : -1.1708204,
      "z" : -19.391485
    },
    "orientation" : 37
  }, {
    "shape" : "5722bfd3-07b3-4a9f-93cc-4a6d9b844007",
    "color" : "#FFFFFF",
    "position" : {
      "x" : -6.854102,
      "y" : 2.618034,
      "z" : 4.236068
    }
  }, {
    "shape" : "81b6d63f-0b87-4178-94da-8caa4d8d3bfd",
    "color" : "#007695",
    "position" : {
      "x" : -6.854102,
      "y" : 2.618034,
      "z" : 4.236068
    },
    "orientation" : 26
  }, {
    "shape" : "5722bfd3-07b3-4a9f-93cc-4a6d9b844007",
    "color" : "#FFFFFF",
    "position" : {
      "x" : 11.09017,
      "y" : 27.86362,
      "z" : 12.984597
    }
  }, {
    "shape" : "5722bfd3-07b3-4a9f-93cc-4a6d9b844007",
    "color" : "#FFFFFF",
    "position" : {
      "x" : 25.245588,
      "y" : 21.00952,
      "z" : -16.497059
    }
  }, {
    "shape" : "5722bfd3-07b3-4a9f-93cc-4a6d9b844007",
    "color" : "#FFFFFF",
    "position" : {
      "x" : 25.6928,
      "y" : 14.155417,
      "z" : -11.537383
    }
  }, {
    "shape" : "81b6d63f-0b87-4178-94da-8caa4d8d3bfd",
    "color" : "#007695",
    "position" : {
      "x" : -6.854102,
      "y" : 2.618034,
      "z" : 4.236068
    },
    "orientation" : 8
  }, {
    "shape" : "5722bfd3-07b3-4a9f-93cc-4a6d9b844007",
    "color" : "#FFFFFF",
    "position" : {
      "x" : 6.854102,
      "y" : 2.618034,
      "z" : 4.236068
    }
  }, {
    "shape" : "470884e7-d55c-44ac-a33f-77271bb748bf",
    "color" : "#B8860B",
    "position" : {
      "x" : -4.236068,
      "y" : 26.6928,
      "z" : 1.1708204
    },
    "orientation" : 0
  }, {
    "shape" : "81b6d63f-0b87-4178-94da-8caa4d8d3bfd",
    "color" : "#007695",
    "position" : {
      "x" : -13.708204,
      "y" : 19.8387,
      "z" : 12.26099
    },
    "orientation" : 8
  }, {
    "shape" : "470884e7-d55c-44ac-a33f-77271bb748bf",
    "color" : "#B8860B",
    "position" : {
      "x" : 0.0,
      "y" : 25.969194,
      "z" : 24.52198
    },
    "orientation" : 37
  }, {
    "shape" : "81b6d63f-0b87-4178-94da-8caa4d8d3bfd",
    "color" : "#007695",
    "position" : {
      "x" : 4.236068,
      "y" : 26.6928,
      "z" : 1.1708204
    },
    "orientation" : 45
  }, {
    "shape" : "5722bfd3-07b3-4a9f-93cc-4a6d9b844007",
    "color" : "#FFFFFF",
    "position" : {
      "x" : -11.09017,
      "y" : 24.074766,
      "z" : 5.4068885
    }
  }, {
    "shape" : "5722bfd3-07b3-4a9f-93cc-4a6d9b844007",
    "color" : "#FFFFFF",
    "position" : {
      "x" : 6.854102,
      "y" : 28.587229,
      "z" : 20.285913
    }
  }, {
    "shape" : "470884e7-d55c-44ac-a33f-77271bb748bf",
    "color" : "#B8860B",
    "position" : {
      "x" : 25.245588,
      "y" : 21.00952,
      "z" : -16.497059
    },
    "orientation" : 24
  }, {
    "shape" : "5722bfd3-07b3-4a9f-93cc-4a6d9b844007",
    "color" : "#FFFFFF",
    "position" : {
      "x" : -13.708204,
      "y" : 19.8387,
      "z" : 12.26099
    }
  }, {
    "shape" : "5722bfd3-07b3-4a9f-93cc-4a6d9b844007",
    "color" : "#FFFFFF",
    "position" : {
      "x" : -6.854102,
      "y" : 11.09017,
      "z" : 4.236068
    }
  }, {
    "shape" : "5722bfd3-07b3-4a9f-93cc-4a6d9b844007",
    "color" : "#FFFFFF",
    "position" : {
      "x" : 17.944271,
      "y" : 25.245588,
      "z" : -17.220665
    }
  }, {
    "shape" : "81b6d63f-0b87-4178-94da-8caa4d8d3bfd",
    "color" : "#007695",
    "position" : {
      "x" : 0.0,
      "y" : 13.708204,
      "z" : 0.0
    },
    "orientation" : 24
  }, {
    "shape" : "81b6d63f-0b87-4178-94da-8caa4d8d3bfd",
    "color" : "#007695",
    "position" : {
      "x" : 0.0,
      "y" : 13.708204,
      "z" : 0.0
    },
    "orientation" : 41
  }, {
    "shape" : "81b6d63f-0b87-4178-94da-8caa4d8d3bfd",
    "color" : "#007695",
    "position" : {
      "x" : -4.236068,
      "y" : 12.984597,
      "z" : 23.35116
    },
    "orientation" : 55
  }, {
    "shape" : "5722bfd3-07b3-4a9f-93cc-4a6d9b844007",
    "color" : "#FFFFFF",
    "position" : {
      "x" : 4.236068,
      "y" : 6.854102,
      "z" : -2.618034
    }
  }, {
    "shape" : "11d7ffc9-9421-4ff4-b103-9ee9397ff427",
    "color" : "#B0E0E6",
    "position" : {
      "x" : 4.236068,
      "y" : 6.854102,
      "z" : 11.09017
    },
    "orientation" : 52
  }, {
    "shape" : "81b6d63f-0b87-4178-94da-8caa4d8d3bfd",
    "color" : "#007695",
    "position" : {
      "x" : 4.236068,
      "y" : 26.6928,
      "z" : 1.1708204
    },
    "orientation" : 37
  }, {
    "shape" : "5722bfd3-07b3-4a9f-93cc-4a6d9b844007",
    "color" : "#FFFFFF",
    "position" : {
      "x" : 0.0,
      "y" : 13.708204,
      "z" : 0.0
    }
  }, {
    "shape" : "81b6d63f-0b87-4178-94da-8caa4d8d3bfd",
    "color" : "#007695",
    "position" : {
      "x" : -6.854102,
      "y" : 11.09017,
      "z" : 4.236068
    },
    "orientation" : 16
  }, {
    "shape" : "470884e7-d55c-44ac-a33f-77271bb748bf",
    "color" : "#B8860B",
    "position" : {
      "x" : -6.854102,
      "y" : 17.220665,
      "z" : 16.497059
    },
    "orientation" : 57
  }, {
    "shape" : "11d7ffc9-9421-4ff4-b103-9ee9397ff427",
    "color" : "#B0E0E6",
    "position" : {
      "x" : -13.708204,
      "y" : 19.8387,
      "z" : 12.26099
    },
    "orientation" : 20
  }, {
    "shape" : "35ef721a-86db-4dde-8304-50a549fc6b8a",
    "color" : "#FFFFFF",
    "position" : {
      "x" : 6.854102,
      "y" : 21.00952,
      "z" : 24.074766
    },
    "orientation" : 0
  }, {
    "shape" : "5722bfd3-07b3-4a9f-93cc-4a6d9b844007",
    "color" : "#FFFFFF",
    "position" : {
      "x" : -24.35116,
      "y" : -1.1708204,
      "z" : -19.391485
    }
  }, {
    "shape" : "81b6d63f-0b87-4178-94da-8caa4d8d3bfd",
    "color" : "#007695",
    "position" : {
      "x" : -4.236068,
      "y" : 6.854102,
      "z" : 11.09017
    },
    "orientation" : 22
  }, {
    "shape" : "5722bfd3-07b3-4a9f-93cc-4a6d9b844007",
    "color" : "#FFFFFF",
    "position" : {
      "x" : 4.236068,
      "y" : 26.6928,
      "z" : 1.1708204
    }
  }, {
    "shape" : "5722bfd3-07b3-4a9f-93cc-4a6d9b844007",
    "color" : "#FFFFFF",
    "position" : {
      "x" : 6.854102,
      "y" : 11.09017,
      "z" : 4.236068
    }
  }, {
    "shape" : "5722bfd3-07b3-4a9f-93cc-4a6d9b844007",
    "color" : "#FFFFFF",
    "position" : {
      "x" : 6.854102,
      "y" : 14.8790245,
      "z" : 11.813777
    }
  }, {
    "shape" : "470884e7-d55c-44ac-a33f-77271bb748bf",
    "color" : "#B8860B",
    "position" : {
      "x" : 11.537383,
