{
  "field" : "golden",
  "symmetry" : "icosahedral",
  "orientations" : [ [ 1.0, 0.0, 0.0, 0.0, 0.0, 1.0, 0.0, 0.0, 0.0, 0.0, 1.0, 0.0, 0.0, 0.0, 0.0, 1.0 ], [ 0.0, 0.0, 1.0, 0.0, 1.0, 0.0, 0.0, 0.0, 0.0, 1.0, 0.0, 0.0, 0.0, 0.0, 0.0, 1.0 ], [ 0.0, 1.0, 0.0, 0.0, 0.0, 0.0, 1.0, 0.0, 1.0, 0.0, 0.0, 0.0, 0.0, 0.0, 0.0, 1.0 ], [ 0.809017, 0.309017, 0.5, 0.0, 0.309017, 0.5, -0.809017, 0.0, -0.5, 0.809017, 0.309017, 0.0, 0.0, 0.0, 0.0, 1.0 ], [ -0.5, 0.809017, 0.309017, 0.0, 0.809017, 0.309017, 0.5, 0.0, 0.309017, 0.5, -0.809017, 0.0, 0.0, 0.0, 0.0, 1.0 ], [ 0.309017, 0.5, -0.809017, 0.0, -0.5, 0.809017, 0.309017, 0.0, 0.809017, 0.309017, 0.5, 0.0, 0.0, 0.0, 0.0, 1.0 ], [ 0.5, 0.809017, 0.309017, 0.0, 0.809017, -0.309017, -0.5, 0.0, -0.309017, 0.5, -0.809017, 0.0, 0.0, 0.0, 0.0, 1.0 ], [ -0.309017, 0.5, -0.809017, 0.0, 0.5, 0.809017, 0.309017, 0.0, 0.809017, -0.309017, -0.5, 0.0, 0.0, 0.0, 0.0, 1.0 ], [ 0.809017, -0.309017, -0.5, 0.0, -0.309017, 0.5, -0.809017, 0.0, 0.5, 0.809017, 0.309017, 0.0, 0.0, 0.0, 0.0, 1.0 ], [ 0.5, 0.809017, -0.309017, 0.0, 0.809017, -0.309017, 0.5, 0.0, 0.309017, -0.5, -0.809017, 0.0, 0.0, 0.0, 0.0, 1.0 ], [ 0.309017, -0.5, -0.809017, 0.0, 0.5, 0.809017, -0.309017, 0.0, 0.809017, -0.309017, 0.5, 0.0, 0.0, 0.0, 0.0, 1.0 ], [ 0.809017, -0.309017, 0.5, 0.0, 0.309017, -0.5, -0.809017, 0.0, 0.5, 0.809017, -0.309017, 0.0, 0.0, 0.0, 0.0, 1.0 ], [ 0.809017, 0.309017, -0.5, 0.0, 0.309017, 0.5, 0.809017, 0.0, 0.5, -0.809017, 0.309017, 0.0, 0.0, 0.0, 0.0, 1.0 ], [ 0.5, -0.809017, 0.309017, 0.0, 0.809017, 0.309017, -0.5, 0.0, 0.309017, 0.5, 0.809017, 0.0, 0.0, 0.0, 0.0, 1.0 ], [ 0.309017, 0.5, 0.809017, 0.0, 0.5, -0.809017, 0.309017, 0.0, 0.809017, 0.309017, -0.5, 0.0, 0.0, 0.0, 0.0, 1.0 ], [ 1.0, 0.0, 0.0, 0.0, 0.0, -1.0, 0.0, 0.0, 0.0, 0.0, -1.0, 0.0, 0.0, 0.0, 0.0, 1.0 ], [ 0.0, 0.0, 1.0, 0.0, -1.0, 0.0, 0.0, 0.0, 0.0, -1.0, 0.0, 0.0, 0.0, 0.0, 0.0, 1.0 ], [ 0.0, 1.0, 0.0, 0.0, 0.0, 0.0, -1.0, 0.0, -1.0, 0.0, 0.0, 0.0, 0.0, 0.0, 0.0, 1.0 ], [ 0.809017, 0.309017, 0.5, 0.0, -0.309017, -0.5, 0.809017, 0.0, 0.5, -0.809017, -0.309017, 0.0, 0.0, 0.0, 0.0, 1.0 ], [ -0.5, 0.809017, 0.309017, 0.0, -0.809017, -0.309017, -0.5, 0.0, -0.309017, -0.5, 0.809017, 0.0, 0.0, 0.0, 0.0, 1.0 ], [ 0.309017, 0.5, -0.809017, 0.0, 0.5, -0.809017, -0.309017, 0.0, -0.809017, -0.309017, -0.5, 0.0, 0.0, 0.0, 0.0, 1.0 ], [ 0.5, 0.809017, 0.309017, 0.0, -0.809017, 0.309017, 0.5, 0.0, 0.309017, -0.5, 0.809017, 0.0, 0.0, 0.0, 0.0, 1.0 ], [ -0.309017, 0.5, -0.809017, 0.0, -0.5, -0.809017, -0.309017, 0.0, -0.809017, 0.309017, 0.5, 0.0, 0.0, 0.0, 0.0, 1.0 ], [ 0.809017, -0.309017, -0.5, 0.0, 0.309017, -0.5, 0.809017, 0.0, -0.5, -0.809017, -0.309017, 0.0, 0.0, 0.0, 0.0, 1.0 ], [ 0.5, 0.809017, -0.309017, 0.0, -0.809017, 0.309017, -0.5, 0.0, -0.309017, 0.5, 0.809017, 0.0, 0.0, 0.0, 0.0, 1.0 ], [ 0.309017, -0.5, -0.809017, 0.0, -0.5, -0.809017, 0.309017, 0.0, -0.809017, 0.309017, -0.5, 0.0, 0.0, 0.0, 0.0, 1.0 ], [ 0.809017, -0.309017, 0.5, 0.0, -0.309017, 0.5, 0.809017, 0.0, -0.5, -0.809017, 0.309017, 0.0, 0.0, 0.0, 0.0, 1.0 ], [ 0.809017, 0.309017, -0.5, 0.0, -0.309017, -0.5, -0.809017, 0.0, -0.5, 0.809017, -0.309017, 0.0, 0.0, 0.0, 0.0, 1.0 ], [ 0.5, -0.809017, 0.309017, 0.0, -0.809017, -0.309017, 0.5, 0.0, -0.309017, -0.5, -0.809017, 0.0, 0.0, 0.0, 0.0, 1.0 ], [ 0.309017, 0.5, 0.809017, 0.0, -0.5, 0.809017, -0.309017, 0.0, -0.809017, -0.309017, 0.5, 0.0, 0.0, 0.0, 0.0, 1.0 ], [ -1.0, 0.0, 0.0, 0.0, 0.0, -1.0, 0.0, 0.0, 0.0, 0.0, 1.0, 0.0, 0.0, 0.0, 0.0, 1.0 ], [ 0.0, 0.0, -1.0, 0.0, -1.0, 0.0, 0.0, 0.0, 0.0, 1.0, 0.0, 0.0, 0.0, 0.0, 0.0, 1.0 ], [ 0.0, -1.0, 0.0, 0.0, 0.0, 0.0, -1.0, 0.0, 1.0, 0.0, 0.0, 0.0, 0.0, 0.0, 0.0, 1.0 ], [ -0.809017, -0.309017, -0.5, 0.0, -0.309017, -0.5, 0.809017, 0.0, -0.5, 0.809017, 0.309017, 0.0, 0.0, 0.0, 0.0, 1.0 ], [ 0.5, -0.809017, -0.309017, 0.0, -0.809017, -0.309017, -0.5, 0.0, 0.309017, 0.5, -0.809017, 0.0, 0.0, 0.0, 0.0, 1.0 ], [ -0.309017, -0.5, 0.809017, 0.0, 0.5, -0.809017, -0.309017, 0.0, 0.809017, 0.309017, 0.5, 0.0, 0.0, 0.0, 0.0, 1.0 ], [ -0.5, -0.809017, -0.309017, 0.0, -0.809017, 0.309017, 0.5, 0.0, -0.309017, 0.5, -0.809017, 0.0, 0.0, 0.0, 0.0, 1.0 ], [ 0.309017, -0.5, 0.809017, 0.0, -0.5, -0.809017, -0.309017, 0.0, 0.809017, -0.309017, -0.5, 0.0, 0.0, 0.0, 0.0, 1.0 ], [ -0.809017, 0.309017, 0.5, 0.0, 0.309017, -0.5, 0.809017, 0.0, 0.5, 0.809017, 0.309017, 0.0, 0.0, 0.0, 0.0, 1.0 ], [ -0.5, -0.809017, 0.309017, 0.0, -0.809017, 0.309017, -0.5, 0.0, 0.309017, -0.5, -0.809017, 0.0, 0.0, 0.0, 0.0, 1.0 ], [ -0.309017, 0.5, 0.809017, 0.0, -0.5, -0.809017, 0.309017, 0.0, 0.809017, -0.309017, 0.5, 0.0, 0.0, 0.0, 0.0, 1.0 ], [ -0.809017, 0.309017, -0.5, 0.0, -0.309017, 0.5, 0.809017, 0.0, 0.5, 0.809017, -0.309017, 0.0, 0.0, 0.0, 0.0, 1.0 ], [ -0.809017, -0.309017, 0.5, 0.0, -0.309017, -0.5, -0.809017, 0.0, 0.5, -0.809017, 0.309017, 0.0, 0.0, 0.0, 0.0, 1.0 ], [ -0.5, 0.809017, -0.309017, 0.0, -0.809017, -0.309017, 0.5, 0.0, 0.309017, 0.5, 0.809017, 0.0, 0.0, 0.0, 0.0, 1.0 ], [ -0.309017, -0.5, -0.809017, 0.0, -0.5, 0.809017, -0.309017, 0.0, 0.809017, 0.309017, -0.5, 0.0, 0.0, 0.0, 0.0, 1.0 ], [ -1.0, 0.0, 0.0, 0.0, 0.0, 1.0, 0.0, 0.0, 0.0, 0.0, -1.0, 0.0, 0.0, 0.0, 0.0, 1.0 ], [ 0.0, 0.0, -1.0, 0.0, 1.0, 0.0, 0.0, 0.0, 0.0, -1.0, 0.0, 0.0, 0.0, 0.0, 0.0, 1.0 ], [ 0.0, -1.0, 0.0, 0.0, 0.0, 0.0, 1.0, 0.0, -1.0, 0.0, 0.0, 0.0, 0.0, 0.0, 0.0, 1.0 ], [ -0.809017, -0.309017, -0.5, 0.0, 0.309017, 0.5, -0.809017, 0.0, 0.5, -0.809017, -0.309017, 0.0, 0.0, 0.0, 0.0, 1.0 ], [ 0.5, -0.809017, -0.309017, 0.0, 0.809017, 0.309017, 0.5, 0.0, -0.309017, -0.5, 0.809017, 0.0, 0.0, 0.0, 0.0, 1.0 ], [ -0.309017, -0.5, 0.809017, 0.0, -0.5, 0.809017, 0.309017, 0.0, -0.809017, -0.309017, -0.5, 0.0, 0.0, 0.0, 0.0, 1.0 ], [ -0.5, -0.809017, -0.309017, 0.0, 0.809017, -0.309017, -0.5, 0.0, 0.309017, -0.5, 0.809017, 0.0, 0.0, 0.0, 0.0, 1.0 ], [ 0.309017, -0.5, 0.809017, 0.0, 0.5, 0.809017, 0.309017, 0.0, -0.809017, 0.309017, 0.5, 0.0, 0.0, 0.0, 0.0, 1.0 ], [ -0.809017, 0.309017, 0.5, 0.0, -0.309017, 0.5, -0.809017, 0.0, -0.5, -0.809017, -0.309017, 0.0, 0.0, 0.0, 0.0, 1.0 ], [ -0.5, -0.809017, 0.309017, 0.0, 0.809017, -0.309017, 0.5, 0.0, -0.309017, 0.5, 0.809017, 0.0, 0.0, 0.0, 0.0, 1.0 ], [ -0.309017, 0.5, 0.809017, 0.0, 0.5, 0.809017, -0.309017, 0.0, -0.809017, 0.309017, -0.5, 0.0, 0.0, 0.0, 0.0, 1.0 ], [ -0.809017, 0.309017, -0.5, 0.0, 0.309017, -0.5, -0.809017, 0.0, -0.5, -0.809017, 0.309017, 0.0, 0.0, 0.0, 0.0, 1.0 ], [ -0.809017, -0.309017, 0.5, 0.0, 0.309017, 0.5, 0.809017, 0.0, -0.5, 0.809017, -0.309017, 0.0, 0.0, 0.0, 0.0, 1.0 ], [ -0.5, 0.809017, -0.309017, 0.0, 0.809017, 0.309017, -0.5, 0.0, -0.309017, -0.5, -0.809017, 0.0, 0.0, 0.0, 0.0, 1.0 ], [ -0.309017, -0.5, -0.809017, 0.0, 0.5, -0.809017, 0.309017, 0.0, -0.809017, -0.309017, 0.5, 0.0, 0.0, 0.0, 0.0, 1.0 ] ],
  "lights" : {
    "directionalLights" : [ {
      "direction" : {
        "x" : 1.0,
        "y" : -1.0,
        "z" : -1.0
      },
      "color" : "#EBEBE4"
    }, {
      "direction" : {
        "x" : -1.0,
        "y" : 0.0,
        "z" : 0.0
      },
      "color" : "#E4E4EB"
    }, {
      "direction" : {
        "x" : 0.0,
        "y" : 0.0,
        "z" : -1.0
      },
      "color" : "#1E1E1E"
    } ],
    "backgroundColor" : "#FFFFFF",
    "ambientColor" : "#292929"
  },
  "camera" : {
    "position" : {
      "x" : -146.92903,
      "y" : 96.69815,
      "z" : 34.616802
    },
    "width" : 80.67041,
    "farClipDistance" : 358.5351,
    "nearClipDistance" : 0.44816887,
    "lookAtPoint" : {
      "x" : 0.0,
      "y" : 0.0,
      "z" : 0.0
    },
    "viewDistance" : 179.26756,
    "perspective" : false,
    "fieldOfView" : 0.44262892,
    "lookDirection" : {
      "x" : 0.81960744,
      "y" : -0.53940684,
      "z" : -0.19310132
    },
    "upDirection" : {
      "x" : 0.13234212,
      "y" : -0.14967637,
      "z" : 0.97983444
    },
    "stereo" : false
  },
  "embedding" : [ 1.0, 0.0, 0.0, 0.0, 0.0, 1.0, 0.0, 0.0, 0.0, 0.0, 1.0, 0.0, 0.0, 0.0, 0.0, 1.0 ],
  "shapes" : [ {
    "id" : "32a83888-1ca5-44e0-8f7b-5390078d9db3",
    "vertices" : [ {
      "x" : 1.0,
      "y" : 0.309017,
      "z" : 0.19098301
    }, {
      "x" : 1.0,
      "y" : -0.309017,
      "z" : 0.19098301
    }, {
      "x" : 15.944272,
      "y" : -0.309017,
      "z" : 0.19098301
    }, {
      "x" : 15.944272,
      "y" : 0.309017,
      "z" : 0.19098301
    }, {
      "x" : 15.944272,
      "y" : -0.309017,
      "z" : -0.19098301
    }, {
      "x" : 15.944272,
      "y" : 0.309017,
      "z" : -0.19098301
    }, {
      "x" : 16.562305,
      "y" : 0.0,
      "z" : 0.0
    }, {
      "x" : 0.38196602,
      "y" : 0.0,
      "z" : 0.0
    }, {
      "x" : 1.0,
      "y" : 0.309017,
      "z" : -0.19098301
    }, {
      "x" : 1.0,
      "y" : -0.309017,
      "z" : -0.19098301
    }, {
      "x" : 16.944271,
      "y" : 0.0,
      "z" : 0.0
    } ],
    "faces" : [ {
      "vertices" : [ 1, 9, 4 ]
    }, {
      "vertices" : [ 1, 4, 2 ]
    }, {
      "vertices" : [ 0, 3, 5 ]
    }, {
      "vertices" : [ 0, 5, 8 ]
    }, {
      "vertices" : [ 1, 7, 9 ]
    }, {
      "vertices" : [ 0, 1, 2 ]
    }, {
      "vertices" : [ 0, 2, 3 ]
    }, {
      "vertices" : [ 7, 8, 9 ]
    }, {
      "vertices" : [ 0, 7, 1 ]
    }, {
      "vertices" : [ 4, 9, 8 ]
    }, {
      "vertices" : [ 4, 8, 5 ]
    }, {
      "vertices" : [ 2, 6, 3 ]
    }, {
      "vertices" : [ 2, 4, 6 ]
    }, {
      "vertices" : [ 3, 6, 5 ]
    }, {
      "vertices" : [ 4, 5, 6 ]
    }, {
      "vertices" : [ 0, 8, 7 ]
    } ]
  }, {
    "id" : "f4e040ca-ff73-41eb-a6f8-82fb2bd53552",
    "vertices" : [ {
      "x" : -0.309017,
      "y" : -0.19098301,
      "z" : 0.0
    }, {
      "x" : -0.309017,
      "y" : 0.19098301,
      "z" : 0.0
    }, {
      "x" : -0.19098301,
      "y" : 0.0,
      "z" : -0.309017
    }, {
      "x" : -0.19098301,
      "y" : 0.0,
      "z" : 0.309017
    }, {
      "x" : 0.0,
      "y" : -0.309017,
      "z" : -0.19098301
    }, {
      "x" : 0.0,
      "y" : -0.309017,
      "z" : 0.19098301
    }, {
      "x" : 0.0,
      "y" : 0.309017,
      "z" : -0.19098301
    }, {
      "x" : 0.0,
      "y" : 0.309017,
      "z" : 0.19098301
    }, {
      "x" : 0.19098301,
      "y" : 0.0,
      "z" : -0.309017
    }, {
      "x" : 0.19098301,
      "y" : 0.0,
      "z" : 0.309017
    }, {
      "x" : 0.309017,
      "y" : -0.19098301,
      "z" : 0.0
    }, {
      "x" : 0.309017,
      "y" : 0.19098301,
      "z" : 0.0
    } ],
    "faces" : [ {
      "vertices" : [ 0, 1, 2 ]
    }, {
      "vertices" : [ 0, 3, 1 ]
    }, {
      "vertices" : [ 0, 2, 4 ]
    }, {
      "vertices" : [ 0, 5, 3 ]
    }, {
      "vertices" : [ 0, 4, 5 ]
    }, {
      "vertices" : [ 1, 6, 2 ]
    }, {
      "vertices" : [ 1, 3, 7 ]
    }, {
      "vertices" : [ 1, 7, 6 ]
    }, {
      "vertices" : [ 2, 8, 4 ]
    }, {
      "vertices" : [ 2, 6, 8 ]
    }, {
      "vertices" : [ 3, 5, 9 ]
    }, {
      "vertices" : [ 3, 9, 7 ]
    }, {
      "vertices" : [ 4, 10, 5 ]
    }, {
      "vertices" : [ 4, 8, 10 ]
    }, {
      "vertices" : [ 5, 10, 9 ]
    }, {
      "vertices" : [ 6, 7, 11 ]
    }, {
      "vertices" : [ 6, 11, 8 ]
    }, {
      "vertices" : [ 7, 9, 11 ]
    }, {
      "vertices" : [ 8, 11, 10 ]
    }, {
      "vertices" : [ 9, 10, 11 ]
    } ]
  }, {
    "id" : "847b40cd-42fc-4d13-8118-1fdd305c15c6",
    "vertices" : [ {
      "x" : -8.472136,
      "y" : -8.472136,
      "z" : 8.472136
    }, {
      "x" : 8.472136,
      "y" : -8.472136,
      "z" : 8.472136
    }, {
      "x" : 8.472136,
      "y" : -8.472136,
      "z" : -8.472136
    }, {
      "x" : -8.472136,
      "y" : -8.472136,
      "z" : -8.472136
    } ],
    "faces" : [ {
      "vertices" : [ 0, 1, 2 ]
    }, {
      "vertices" : [ 0, 2, 3 ]
    }, {
      "vertices" : [ 0, 3, 2 ]
    }, {
      "vertices" : [ 0, 2, 1 ]
    } ]
  }, {
    "id" : "7dd03ac1-38a2-46a0-b53f-b2499646e318",
    "vertices" : [ {
      "x" : 8.472136,
      "y" : 8.472136,
      "z" : 8.472136
    }, {
      "x" : 8.472136,
      "y" : 8.472136,
      "z" : -8.472136
    }, {
      "x" : 8.472136,
      "y" : -8.472136,
      "z" : -8.472136
    }, {
      "x" : 8.472136,
      "y" : -8.472136,
      "z" : 8.472136
    } ],
    "faces" : [ {
      "vertices" : [ 0, 1, 2 ]
    }, {
      "vertices" : [ 0, 2, 3 ]
    }, {
      "vertices" : [ 0, 3, 2 ]
    }, {
      "vertices" : [ 0, 2, 1 ]
    } ]
  }, {
    "id" : "a7c76577-8882-498c-9c3b-7ee48e93dea9",
    "vertices" : [ {
      "x" : -8.472136,
      "y" : 8.472136,
      "z" : 8.472136
    }, {
      "x" : 8.472136,
      "y" : 8.472136,
      "z" : 8.472136
    }, {
      "x" : 8.472136,
      "y" : -8.472136,
      "z" : 8.472136
    }, {
      "x" : -8.472136,
      "y" : -8.472136,
      "z" : 8.472136
    } ],
    "faces" : [ {
      "vertices" : [ 0, 1, 2 ]
    }, {
      "vertices" : [ 0, 2, 3 ]
    }, {
      "vertices" : [ 0, 3, 2 ]
    }, {
      "vertices" : [ 0, 2, 1 ]
    } ]
  }, {
    "id" : "147e151b-3b74-4206-b6c5-9793219c153f",
    "vertices" : [ {
      "x" : -8.472136,
      "y" : -8.472136,
      "z" : -8.472136
    }, {
      "x" : 8.472136,
      "y" : -8.472136,
      "z" : -8.472136
    }, {
      "x" : 8.472136,
      "y" : 8.472136,
      "z" : -8.472136
    }, {
      "x" : -8.472136,
      "y" : 8.472136,
      "z" : -8.472136
    } ],
    "faces" : [ {
      "vertices" : [ 0, 1, 2 ]
    }, {
      "vertices" : [ 0, 2, 3 ]
    }, {
      "vertices" : [ 0, 3, 2 ]
    }, {
      "vertices" : [ 0, 2, 1 ]
    } ]
  }, {
    "id" : "a61d0a3b-d4cc-4798-9d39-2c1489d4b79c",
    "vertices" : [ {
      "x" : -8.472136,
      "y" : 8.472136,
      "z" : 8.472136
    }, {
      "x" : -8.472136,
      "y" : 8.472136,
      "z" : -8.472136
    }, {
      "x" : 8.472136,
      "y" : 8.472136,
      "z" : -8.472136
    }, {
      "x" : 8.472136,
      "y" : 8.472136,
      "z" : 8.472136
    } ],
    "faces" : [ {
      "vertices" : [ 0, 1, 2 ]
    }, {
      "vertices" : [ 0, 2, 3 ]
    }, {
      "vertices" : [ 0, 3, 2 ]
    }, {
      "vertices" : [ 0, 2, 1 ]
    } ]
  }, {
    "id" : "c3a0e1e3-83ed-4300-91f2-e1077753ccab",
    "vertices" : [ {
      "x" : -8.472136,
      "y" : 8.472136,
      "z" : -8.472136
    }, {
      "x" : -8.472136,
      "y" : 8.472136,
      "z" : 8.472136
    }, {
      "x" : -8.472136,
      "y" : -8.472136,
      "z" : 8.472136
    }, {
      "x" : -8.472136,
      "y" : -8.472136,
      "z" : -8.472136
    } ],
    "faces" : [ {
      "vertices" : [ 0, 1, 2 ]
    }, {
      "vertices" : [ 0, 2, 3 ]
    }, {
      "vertices" : [ 0, 3, 2 ]
    }, {
      "vertices" : [ 0, 2, 1 ]
    } ]
  } ],
  "instances" : [ {
    "shape" : "32a83888-1ca5-44e0-8f7b-5390078d9db3",
    "color" : "#007695",
    "position" : {
      "x" : -8.472136,
      "y" : 8.472136,
      "z" : 8.472136
    },
    "orientation" : 47
  }, {
    "shape" : "f4e040ca-ff73-41eb-a6f8-82fb2bd53552",
    "color" : "#FFFFFF",
    "position" : {
      "x" : 8.472136,
      "y" : -8.472136,
      "z" : -8.472136
    }
  }, {
    "shape" : "32a83888-1ca5-44e0-8f7b-5390078d9db3",
    "color" : "#007695",
    "position" : {
      "x" : -8.472136,
      "y" : 8.472136,
      "z" : -8.472136
    },
    "orientation" : 16
  }, {
    "shape" : "f4e040ca-ff73-41eb-a6f8-82fb2bd53552",
    "color" : "#FFFFFF",
    "position" : {
      "x" : 8.472136,
      "y" : 8.472136,
      "z" : -8.472136
    }
  }, {
    "shape" : "32a83888-1ca5-44e0-8f7b-5390078d9db3",
    "color" : "#007695",
    "position" : {
      "x" : 8.472136,
      "y" : 8.472136,
      "z" : 8.472136
    },
    "orientation" : 16
  }, {
    "shape" : "32a83888-1ca5-44e0-8f7b-5390078d9db3",
    "color" : "#007695",
    "position" : {
      "x" : -8.472136,
      "y" : 8.472136,
      "z" : 8.472136
    },
    "orientation" : 16
  }, {
    "shape" : "847b40cd-42fc-4d13-8118-1fdd305c15c6",
    "color" : "#FFFFFF",
    "position" : {
      "x" : 0.0,
      "y" : 0.0,
      "z" : 0.0
    }
  }, {
    "shape" : "7dd03ac1-38a2-46a0-b53f-b2499646e318",
    "color" : "#FF0000",
    "position" : {
      "x" : 0.0,
      "y" : 0.0,
      "z" : 0.0
    }
  }, {
    "shape" : "32a83888-1ca5-44e0-8f7b-5390078d9db3",
    "color" : "#007695",
    "position" : {
      "x" : -8.472136,
      "y" : 8.472136,
      "z" : 8.472136
    },
    "orientation" : 0
  }, {
    "shape" : "a7c76577-8882-498c-9c3b-7ee48e93dea9",
    "color" : "#0000FF",
    "position" : {
      "x" : 0.0,
      "y" : 0.0,
      "z" : 0.0
    }
  }, {
    "shape" : "f4e040ca-ff73-41eb-a6f8-82fb2bd53552",
    "color" : "#FFFFFF",
    "position" : {
      "x" : -8.472136,
      "y" : -8.472136,
      "z" : 8.472136
    }
  }, {
    "shape" : "147e151b-3b74-4206-b6c5-9793219c153f",
    "color" : "#008000",
    "position" : {
      "x" : 0.0,
      "y" : 0.0,
      "z" : 0.0
    }
  }, {
    "shape" : "f4e040ca-ff73-41eb-a6f8-82fb2bd53552",
    "color" : "#FFFFFF",
    "position" : {
      "x" : 8.472136,
      "y" : -8.472136,
      "z" : 8.472136
    }
  }, {
    "shape" : "32a83888-1ca5-44e0-8f7b-5390078d9db3",
    "color" : "#007695",
    "position" : {
      "x" : 8.472136,
      "y" : 8.472136,
      "z" : -8.472136
    },
    "orientation" : 16
  }, {
    "shape" : "32a83888-1ca5-44e0-8f7b-5390078d9db3",
    "color" : "#007695",
    "position" : {
      "x" : -8.472136,
      "y" : -8.472136,
      "z" : 8.472136
    },
    "orientation" : 0
  }, {
    "shape" : "32a83888-1ca5-44e0-8f7b-5390078d9db3",
    "color" : "#007695",
    "position" : {
      "x" : 8.472136,
      "y" : 8.472136,
      "z" : -8.472136
    },
    "orientation" : 2
  }, {
    "shape" : "f4e040ca-ff73-41eb-a6f8-82fb2bd53552",
    "color" : "#FFFFFF",
    "position" : {
      "x" : 8.472136,
      "y" : 8.472136,
      "z" : 8.472136
    }
  }, {
    "shape" : "32a83888-1ca5-44e0-8f7b-5390078d9db3",
    "color" : "#007695",
    "position" : {
      "x" : -8.472136,
      "y" : 8.472136,
      "z" : -8.472136
    },
    "orientation" : 0
  }, {
    "shape" : "a61d0a3b-d4cc-4798-9d39-2c1489d4b79c",
    "color" : "#FFFF00",
    "position" : {
      "x" : 0.0,
      "y" : 0.0,
      "z" : 0.0
    }
  }, {
    "shape" : "32a83888-1ca5-44e0-8f7b-5390078d9db3",
    "color" : "#007695",
    "position" : {
      "x" : -8.472136,
      "y" : -8.472136,
      "z" : -8.472136
    },
    "orientation" : 0
  }, {
    "shape" : "c3a0e1e3-83ed-4300-91f2-e1077753ccab",
    "color" : "#FFA500",
    "position" : {
      "x" : 0.0,
      "y" : 0.0,
      "z" : 0.0
    }
  }, {
    "shape" : "f4e040ca-ff73-41eb-a6f8-82fb2bd53552",
    "color" : "#FFFFFF",
    "position" : {
      "x" : -8.472136,
      "y" : 8.472136,
      "z" : 8.472136
    }
  }, {
    "shape" : "f4e040ca-ff73-41eb-a6f8-82fb2bd53552",
    "color" : "#FFFFFF",
    "position" : {
      "x" : -8.472136,
      "y" : -8.472136,
      "z" : -8.472136
    }
  }, {
    "shape" : "32a83888-1ca5-44e0-8f7b-5390078d9db3",
    "color" : "#007695",
    "position" : {
      "x" : -8.472136,
      "y" : -8.472136,
      "z" : -8.472136
    },
    "orientation" : 2
  }, {
    "shape" : "f4e040ca-ff73-41eb-a6f8-82fb2bd53552",
    "color" : "#FFFFFF",
    "position" : {
      "x" : -8.472136,
      "y" : 8.472136,
      "z" : -8.472136
    }
  }, {
    "shape" : "32a83888-1ca5-44e0-8f7b-5390078d9db3",
    "color" : "#007695",
    "position" : {
      "x" : 8.472136,
      "y" : -8.472136,
      "z" : -8.472136
    },
    "orientation" : 2
  } ]
}