{
  "field" : "polygon12",
  "symmetry" : "octahedral",
  "orientations" : [ [ 1.0, 0.0, 0.0, 0.0, 0.0, 1.0, 0.0, 0.0, 0.0, 0.0, 1.0, 0.0, 0.0, 0.0, 0.0, 1.0 ], [ 1.0, 0.0, 0.0, 0.0, 0.0, 0.0, 1.0, 0.0, 0.0, -1.0, 0.0, 0.0, 0.0, 0.0, 0.0, 1.0 ], [ 1.0, 0.0, 0.0, 0.0, 0.0, -1.0, 0.0, 0.0, 0.0, 0.0, -1.0, 0.0, 0.0, 0.0, 0.0, 1.0 ], [ 1.0, 0.0, 0.0, 0.0, 0.0, 0.0, -1.0, 0.0, 0.0, 1.0, 0.0, 0.0, 0.0, 0.0, 0.0, 1.0 ], [ 0.0, 1.0, 0.0, 0.0, 0.0, 0.0, 1.0, 0.0, 1.0, 0.0, 0.0, 0.0, 0.0, 0.0, 0.0, 1.0 ], [ 0.0, 1.0, 0.0, 0.0, 1.0, 0.0, 0.0, 0.0, 0.0, 0.0, -1.0, 0.0, 0.0, 0.0, 0.0, 1.0 ], [ 0.0, 1.0, 0.0, 0.0, 0.0, 0.0, -1.0, 0.0, -1.0, 0.0, 0.0, 0.0, 0.0, 0.0, 0.0, 1.0 ], [ 0.0, 1.0, 0.0, 0.0, -1.0, 0.0, 0.0, 0.0, 0.0, 0.0, 1.0, 0.0, 0.0, 0.0, 0.0, 1.0 ], [ 0.0, 0.0, 1.0, 0.0, 1.0, 0.0, 0.0, 0.0, 0.0, 1.0, 0.0, 0.0, 0.0, 0.0, 0.0, 1.0 ], [ 0.0, 0.0, 1.0, 0.0, 0.0, 1.0, 0.0, 0.0, -1.0, 0.0, 0.0, 0.0, 0.0, 0.0, 0.0, 1.0 ], [ 0.0, 0.0, 1.0, 0.0, -1.0, 0.0, 0.0, 0.0, 0.0, -1.0, 0.0, 0.0, 0.0, 0.0, 0.0, 1.0 ], [ 0.0, 0.0, 1.0, 0.0, 0.0, -1.0, 0.0, 0.0, 1.0, 0.0, 0.0, 0.0, 0.0, 0.0, 0.0, 1.0 ], [ -1.0, 0.0, 0.0, 0.0, 0.0, -1.0, 0.0, 0.0, 0.0, 0.0, 1.0, 0.0, 0.0, 0.0, 0.0, 1.0 ], [ -1.0, 0.0, 0.0, 0.0, 0.0, 0.0, 1.0, 0.0, 0.0, 1.0, 0.0, 0.0, 0.0, 0.0, 0.0, 1.0 ], [ -1.0, 0.0, 0.0, 0.0, 0.0, 1.0, 0.0, 0.0, 0.0, 0.0, -1.0, 0.0, 0.0, 0.0, 0.0, 1.0 ], [ -1.0, 0.0, 0.0, 0.0, 0.0, 0.0, -1.0, 0.0, 0.0, -1.0, 0.0, 0.0, 0.0, 0.0, 0.0, 1.0 ], [ 0.0, -1.0, 0.0, 0.0, 0.0, 0.0, -1.0, 0.0, 1.0, 0.0, 0.0, 0.0, 0.0, 0.0, 0.0, 1.0 ], [ 0.0, -1.0, 0.0, 0.0, 1.0, 0.0, 0.0, 0.0, 0.0, 0.0, 1.0, 0.0, 0.0, 0.0, 0.0, 1.0 ], [ 0.0, -1.0, 0.0, 0.0, 0.0, 0.0, 1.0, 0.0, -1.0, 0.0, 0.0, 0.0, 0.0, 0.0, 0.0, 1.0 ], [ 0.0, -1.0, 0.0, 0.0, -1.0, 0.0, 0.0, 0.0, 0.0, 0.0, -1.0, 0.0, 0.0, 0.0, 0.0, 1.0 ], [ 0.0, 0.0, -1.0, 0.0, -1.0, 0.0, 0.0, 0.0, 0.0, 1.0, 0.0, 0.0, 0.0, 0.0, 0.0, 1.0 ], [ 0.0, 0.0, -1.0, 0.0, 0.0, 1.0, 0.0, 0.0, 1.0, 0.0, 0.0, 0.0, 0.0, 0.0, 0.0, 1.0 ], [ 0.0, 0.0, -1.0, 0.0, 1.0, 0.0, 0.0, 0.0, 0.0, -1.0, 0.0, 0.0, 0.0, 0.0, 0.0, 1.0 ], [ 0.0, 0.0, -1.0, 0.0, 0.0, -1.0, 0.0, 0.0, -1.0, 0.0, 0.0, 0.0, 0.0, 0.0, 0.0, 1.0 ] ],
  "lights" : {
    "directionalLights" : [ {
      "direction" : [ 1.0, -1.0, -1.0 ],
      "color" : "#EBEBE4"
    }, {
      "direction" : [ -1.0, 0.0, 0.0 ],
      "color" : "#E4E4EB"
    }, {
      "direction" : [ 0.0, 0.0, -1.0 ],
      "color" : "#1E1E1E"
    } ],
    "backgroundColor" : "#AFC8DC",
    "ambientColor" : "#292929"
  },
  "camera" : {
    "position" : {
      "x" : 0.0,
      "y" : 0.0,
      "z" : 138.22453
    },
    "width" : 62.201046,
    "nearClipDistance" : 0.34556133,
    "perspective" : false,
    "farClipDistance" : 276.44907,
    "lookAtPoint" : {
      "x" : 0.0,
      "y" : 0.0,
      "z" : 0.0
    },
    "viewDistance" : 138.22453,
    "fieldOfView" : 0.44262892,
    "lookDirection" : {
      "x" : 0.0,
      "y" : 0.0,
      "z" : -1.0
    },
    "upDirection" : {
      "x" : 0.0,
      "y" : 1.0,
      "z" : 0.0
    },
    "stereo" : false
  },
  "embedding" : [ 1.0, 0.0, 0.0, 0.0, 0.0, 1.0, 0.0, 0.0, 0.0, 0.0, 1.0, 0.0, 0.0, 0.0, 0.0, 1.0 ],
  "shapes" : [ {
    "id" : "46fd626f-e0d9-4316-b564-ee999287bb60",
    "vertices" : [ {
      "x" : -10.153144,
      "y" : 4.2663927,
      "z" : -2.9433756
    }, {
      "x" : -10.153144,
      "y" : -2.9433756,
      "z" : 4.2663927
    }, {
      "x" : -4.2663927,
      "y" : 2.9433756,
      "z" : 10.153144
    }, {
      "x" : -4.2663927,
      "y" : 10.153144,
      "z" : 2.9433756
    } ],
    "faces" : [ {
      "vertices" : [ 0, 1, 2 ]
    }, {
      "vertices" : [ 0, 2, 3 ]
    }, {
      "vertices" : [ 0, 3, 2 ]
    }, {
      "vertices" : [ 0, 2, 1 ]
    } ]
  }, {
    "id" : "6461fcf3-1c58-4ebc-8fcb-090150c00605",
    "vertices" : [ {
      "x" : -6.5482597,
      "y" : 13.096519,
      "z" : -6.5482597
    }, {
      "x" : -10.153144,
      "y" : 4.2663927,
      "z" : -2.9433756
    }, {
      "x" : -4.2663927,
      "y" : 10.153144,
      "z" : 2.9433756
    } ],
    "faces" : [ {
      "vertices" : [ 0, 1, 2 ]
    }, {
      "vertices" : [ 0, 2, 1 ]
    } ]
  }, {
    "id" : "15eb03ab-2195-4a3e-af68-0601422cc359",
    "vertices" : [ {
      "x" : 4.2663927,
      "y" : -10.153144,
      "z" : -2.9433756
    }, {
      "x" : 13.096519,
      "y" : -6.5482597,
      "z" : -6.5482597
    }, {
      "x" : 10.153144,
      "y" : -4.2663927,
      "z" : 2.9433756
    } ],
    "faces" : [ {
      "vertices" : [ 0, 1, 2 ]
    }, {
      "vertices" : [ 0, 2, 1 ]
    } ]
  }, {
    "id" : "cc310f45-4320-4670-9865-acec09b34af8",
    "vertices" : [ {
      "x" : -6.5482597,
      "y" : 13.096519,
      "z" : -6.5482597
    }, {
      "x" : -2.9433756,
      "y" : 4.2663927,
      "z" : -10.153144
    }, {
      "x" : -10.153144,
      "y" : 4.2663927,
      "z" : -2.9433756
    } ],
    "faces" : [ {
      "vertices" : [ 0, 1, 2 ]
    }, {
      "vertices" : [ 0, 2, 1 ]
    } ]
  }, {
    "id" : "bb09e1b8-16dc-4791-b9a7-fc3fbd6e2edb",
    "vertices" : [ {
      "x" : -6.5482597,
      "y" : 13.096519,
      "z" : -6.5482597
    }, {
      "x" : 2.9433756,
      "y" : 10.153144,
      "z" : -4.2663927
    }, {
      "x" : -2.9433756,
      "y" : 4.2663927,
      "z" : -10.153144
    } ],
    "faces" : [ {
      "vertices" : [ 0, 1, 2 ]
    }, {
      "vertices" : [ 0, 2, 1 ]
    } ]
  }, {
    "id" : "7cd36f86-790f-4c75-bc8e-eb496b535a70",
    "vertices" : [ {
      "x" : -4.2663927,
      "y" : 2.9433756,
      "z" : 10.153144
    }, {
      "x" : 2.9433756,
      "y" : -4.2663927,
      "z" : 10.153144
    }, {
      "x" : 10.153144,
      "y" : -4.2663927,
      "z" : 2.9433756
    }, {
      "x" : 10.153144,
      "y" : 2.9433756,
      "z" : -4.2663927
    }, {
      "x" : 2.9433756,
      "y" : 10.153144,
      "z" : -4.2663927
    }, {
      "x" : -4.2663927,
      "y" : 10.153144,
      "z" : 2.9433756
    } ],
    "faces" : [ {
      "vertices" : [ 0, 1, 2 ]
    }, {
      "vertices" : [ 0, 2, 3 ]
    }, {
      "vertices" : [ 0, 3, 4 ]
    }, {
      "vertices" : [ 0, 4, 5 ]
    }, {
      "vertices" : [ 0, 5, 4 ]
    }, {
      "vertices" : [ 0, 4, 3 ]
    }, {
      "vertices" : [ 0, 3, 2 ]
    }, {
      "vertices" : [ 0, 2, 1 ]
    } ]
  }, {
    "id" : "73078674-5b9a-443b-b167-be225aa46af2",
    "vertices" : [ {
      "x" : 2.9433756,
      "y" : 10.153144,
      "z" : -4.2663927
    }, {
      "x" : 10.153144,
      "y" : 2.9433756,
      "z" : -4.2663927
    }, {
      "x" : 4.2663927,
      "y" : -2.9433756,
      "z" : -10.153144
    }, {
      "x" : -2.9433756,
      "y" : 4.2663927,
      "z" : -10.153144
    } ],
    "faces" : [ {
      "vertices" : [ 0, 1, 2 ]
    }, {
      "vertices" : [ 0, 2, 3 ]
    }, {
      "vertices" : [ 0, 3, 2 ]
    }, {
      "vertices" : [ 0, 2, 1 ]
    } ]
  }, {
    "id" : "a3b1a6e0-1845-4595-aa7c-45253f326893",
    "vertices" : [ {
      "x" : 10.153144,
      "y" : 2.9433756,
      "z" : -4.2663927
    }, {
      "x" : 13.096519,
      "y" : -6.5482597,
      "z" : -6.5482597
    }, {
      "x" : 4.2663927,
      "y" : -2.9433756,
      "z" : -10.153144
    } ],
    "faces" : [ {
      "vertices" : [ 0, 1, 2 ]
    }, {
      "vertices" : [ 0, 2, 1 ]
    } ]
  }, {
    "id" : "6b24f36a-50ba-4e05-b62b-ef6064fc6a58",
    "vertices" : [ {
      "x" : 4.2663927,
      "y" : -2.9433756,
      "z" : -10.153144
    }, {
      "x" : 13.096519,
      "y" : -6.5482597,
      "z" : -6.5482597
    }, {
      "x" : 4.2663927,
      "y" : -10.153144,
      "z" : -2.9433756
    } ],
    "faces" : [ {
      "vertices" : [ 0, 1, 2 ]
    }, {
      "vertices" : [ 0, 2, 1 ]
    } ]
  }, {
    "id" : "2e9f1abd-12dc-4ceb-8f8a-adddf86874de",
    "vertices" : [ {
      "x" : -2.9433756,
      "y" : 4.2663927,
      "z" : -10.153144
    }, {
      "x" : 4.2663927,
      "y" : -2.9433756,
      "z" : -10.153144
    }, {
      "x" : 4.2663927,
      "y" : -10.153144,
      "z" : -2.9433756
    }, {
      "x" : -2.9433756,
      "y" : -10.153144,
      "z" : 4.2663927
    }, {
      "x" : -10.153144,
      "y" : -2.9433756,
      "z" : 4.2663927
    }, {
      "x" : -10.153144,
      "y" : 4.2663927,
      "z" : -2.9433756
    } ],
    "faces" : [ {
      "vertices" : [ 0, 1, 2 ]
    }, {
      "vertices" : [ 0, 2, 3 ]
    }, {
      "vertices" : [ 0, 3, 4 ]
    }, {
      "vertices" : [ 0, 4, 5 ]
    }, {
      "vertices" : [ 0, 5, 4 ]
    }, {
      "vertices" : [ 0, 4, 3 ]
    }, {
      "vertices" : [ 0, 3, 2 ]
    }, {
      "vertices" : [ 0, 2, 1 ]
    } ]
  }, {
    "id" : "5d784312-6fca-4ef7-a4b0-0ad168d6b7cf",
    "vertices" : [ {
      "x" : 2.9433756,
      "y" : -4.2663927,
      "z" : 10.153144
    }, {
      "x" : -2.9433756,
      "y" : -10.153144,
      "z" : 4.2663927
    }, {
      "x" : 4.2663927,
      "y" : -10.153144,
      "z" : -2.9433756
    }, {
      "x" : 10.153144,
      "y" : -4.2663927,
      "z" : 2.9433756
    } ],
    "faces" : [ {
      "vertices" : [ 0, 1, 2 ]
    }, {
      "vertices" : [ 0, 2, 3 ]
    }, {
      "vertices" : [ 0, 3, 2 ]
    }, {
      "vertices" : [ 0, 2, 1 ]
    } ]
  }, {
    "id" : "b9ee66d6-6458-42dd-a9c4-7b24b8cf546e",
    "vertices" : [ {
      "x" : -4.2663927,
      "y" : 10.153144,
      "z" : 2.9433756
    }, {
      "x" : 2.9433756,
      "y" : 10.153144,
      "z" : -4.2663927
    }, {
      "x" : -6.5482597,
      "y" : 13.096519,
      "z" : -6.5482597
    } ],
    "faces" : [ {
      "vertices" : [ 0, 1, 2 ]
    }, {
      "vertices" : [ 0, 2, 1 ]
    } ]
  }, {
    "id" : "73a75207-ead5-48b0-a787-6c0767d93119",
    "vertices" : [ {
      "x" : 10.153144,
      "y" : 2.9433756,
      "z" : -4.2663927
    }, {
      "x" : 10.153144,
      "y" : -4.2663927,
      "z" : 2.9433756
    }, {
      "x" : 13.096519,
      "y" : -6.5482597,
      "z" : -6.5482597
    } ],
    "faces" : [ {
      "vertices" : [ 0, 1, 2 ]
    }, {
      "vertices" : [ 0, 2, 1 ]
    } ]
  }, {
    "id" : "bb81c2f6-e014-47c5-b155-c0729a30cb4a",
    "vertices" : [ {
      "x" : 4.2663927,
      "y" : -10.153144,
      "z" : -2.9433756
    }, {
      "x" : 13.096519,
      "y" : -6.5482597,
      "z" : -6.5482597
    }, {
      "x" : 10.153144,
      "y" : -4.2663927,
      "z" : 2.9433756
    } ],
    "faces" : [ {
      "vertices" : [ 0, 1, 2 ]
    }, {
      "vertices" : [ 0, 2, 1 ]
    } ]
  }, {
    "id" : "4a58cbea-1b18-4658-bebd-dccdc300183c",
    "vertices" : [ {
      "x" : 4.2663927,
      "y" : -2.9433756,
      "z" : -10.153144
    }, {
      "x" : 13.096519,
      "y" : -6.5482597,
      "z" : -6.5482597
    }, {
      "x" : 4.2663927,
      "y" : -10.153144,
      "z" : -2.9433756
    } ],
    "faces" : [ {
      "vertices" : [ 0, 1, 2 ]
    }, {
      "vertices" : [ 0, 2, 1 ]
    } ]
  }, {
    "id" : "14fe0e66-2072-439e-b6e0-f5c57509b072",
    "vertices" : [ {
      "x" : -10.153144,
      "y" : -2.9433756,
      "z" : 4.2663927
    }, {
      "x" : -2.9433756,
      "y" : -10.153144,
      "z" : 4.2663927
    }, {
      "x" : -6.5482597,
      "y" : -6.5482597,
      "z" : 13.096519
    } ],
    "faces" : [ {
      "vertices" : [ 0, 1, 2 ]
    }, {
      "vertices" : [ 0, 2, 1 ]
    } ]
  }, {
    "id" : "c19bff09-e4f3-47bf-bd0c-768aeb8bf2b9",
    "vertices" : [ {
      "x" : -2.9433756,
      "y" : -10.153144,
      "z" : 4.2663927
    }, {
      "x" : 2.9433756,
      "y" : -4.2663927,
      "z" : 10.153144
    }, {
      "x" : -6.5482597,
      "y" : -6.5482597,
      "z" : 13.096519
    } ],
    "faces" : [ {
      "vertices" : [ 0, 1, 2 ]
    }, {
      "vertices" : [ 0, 2, 1 ]
    } ]
  }, {
    "id" : "c78e9e84-aa77-44dd-a675-569f12cd9b1f",
    "vertices" : [ {
      "x" : -4.2663927,
      "y" : 2.9433756,
      "z" : 10.153144
    }, {
      "x" : -6.5482597,
      "y" : -6.5482597,
      "z" : 13.096519
    }, {
      "x" : 2.9433756,
      "y" : -4.2663927,
      "z" : 10.153144
    } ],
    "faces" : [ {
      "vertices" : [ 0, 1, 2 ]
    }, {
      "vertices" : [ 0, 2, 1 ]
    } ]
  }, {
    "id" : "05dc9a1b-3899-4755-8a4f-0b636557cbef",
    "vertices" : [ {
      "x" : 2.9433756,
      "y" : -4.2663927,
      "z" : 10.153144
    }, {
      "x" : -2.9433756,
      "y" : -10.153144,
      "z" : 4.2663927
    }, {
      "x" : 4.2663927,
      "y" : -10.153144,
      "z" : -2.9433756
    }, {
      "x" : 10.153144,
      "y" : -4.2663927,
      "z" : 2.9433756
    } ],
    "faces" : [ {
      "vertices" : [ 0, 1, 2 ]
    }, {
      "vertices" : [ 0, 2, 3 ]
    }, {
      "vertices" : [ 0, 3, 2 ]
    }, {
      "vertices" : [ 0, 2, 1 ]
    } ]
  }, {
    "id" : "3c464004-ea48-41c9-be61-0ca2db80a817",
    "vertices" : [ {
      "x" : -4.2663927,
      "y" : 2.9433756,
      "z" : 10.153144
    }, {
      "x" : 2.9433756,
      "y" : -4.2663927,
      "z" : 10.153144
    }, {
      "x" : 10.153144,
      "y" : -4.2663927,
      "z" : 2.9433756
    }, {
      "x" : 10.153144,
      "y" : 2.9433756,
      "z" : -4.2663927
    }, {
      "x" : 2.9433756,
      "y" : 10.153144,
      "z" : -4.2663927
    }, {
      "x" : -4.2663927,
      "y" : 10.153144,
      "z" : 2.9433756
    } ],
    "faces" : [ {
      "vertices" : [ 0, 1, 2 ]
    }, {
      "vertices" : [ 0, 2, 3 ]
    }, {
      "vertices" : [ 0, 3, 4 ]
    }, {
      "vertices" : [ 0, 4, 5 ]
    }, {
      "vertices" : [ 0, 5, 4 ]
    }, {
      "vertices" : [ 0, 4, 3 ]
    }, {
      "vertices" : [ 0, 3, 2 ]
    }, {
      "vertices" : [ 0, 2, 1 ]
    } ]
  }, {
    "id" : "56f5567d-896c-4af5-9f0a-4e91ca645072",
    "vertices" : [ {
      "x" : 2.9433756,
      "y" : 10.153144,
      "z" : -4.2663927
    }, {
      "x" : 10.153144,
      "y" : 2.9433756,
      "z" : -4.2663927
    }, {
      "x" : 4.2663927,
      "y" : -2.9433756,
      "z" : -10.153144
    }, {
      "x" : -2.9433756,
      "y" : 4.2663927,
      "z" : -10.153144
    } ],
    "faces" : [ {
      "vertices" : [ 0, 1, 2 ]
    }, {
      "vertices" : [ 0, 2, 3 ]
    }, {
      "vertices" : [ 0, 3, 2 ]
    }, {
      "vertices" : [ 0, 2, 1 ]
    } ]
  }, {
    "id" : "3217f0fc-bc66-4199-982f-04cc55b16d1f",
    "vertices" : [ {
      "x" : -10.153144,
      "y" : 4.2663927,
      "z" : -2.9433756
    }, {
      "x" : -10.153144,
      "y" : -2.9433756,
      "z" : 4.2663927
    }, {
      "x" : -4.2663927,
      "y" : 2.9433756,
      "z" : 10.153144
    }, {
      "x" : -4.2663927,
      "y" : 10.153144,
      "z" : 2.9433756
    } ],
    "faces" : [ {
      "vertices" : [ 0, 1, 2 ]
    }, {
      "vertices" : [ 0, 2, 3 ]
    }, {
      "vertices" : [ 0, 3, 2 ]
    }, {
      "vertices" : [ 0, 2, 1 ]
    } ]
  }, {
    "id" : "c8f213e4-1ebf-46b7-a0c1-ab767e04ae6b",
    "vertices" : [ {
      "x" : -4.2663927,
      "y" : 2.9433756,
      "z" : 10.153144
    }, {
      "x" : -10.153144,
      "y" : -2.9433756,
      "z" : 4.2663927
    }, {
      "x" : -6.5482597,
      "y" : -6.5482597,
      "z" : 13.096519
    } ],
    "faces" : [ {
      "vertices" : [ 0, 1, 2 ]
    }, {
      "vertices" : [ 0, 2, 1 ]
    } ]
  }, {
    "id" : "d7224d44-b1a0-4fa0-8024-91f7843706d5",
    "vertices" : [ {
      "x" : -6.5482597,
      "y" : 13.096519,
      "z" : -6.5482597
    }, {
      "x" : 2.9433756,
      "y" : 10.153144,
      "z" : -4.2663927
    }, {
      "x" : -2.9433756,
      "y" : 4.2663927,
      "z" : -10.153144
    } ],
    "faces" : [ {
      "vertices" : [ 0, 1, 2 ]
    }, {
      "vertices" : [ 0, 2, 1 ]
    } ]
  }, {
    "id" : "0338c38a-9cc7-435c-acf5-0b2acb4b63f0",
    "vertices" : [ {
      "x" : -2.9433756,
      "y" : 4.2663927,
      "z" : -10.153144
    }, {
      "x" : 4.2663927,
      "y" : -2.9433756,
      "z" : -10.153144
    }, {
      "x" : 4.2663927,
      "y" : -10.153144,
      "z" : -2.9433756
    }, {
      "x" : -2.9433756,
      "y" : -10.153144,
      "z" : 4.2663927
    }, {
      "x" : -10.153144,
      "y" : -2.9433756,
      "z" : 4.2663927
    }, {
      "x" : -10.153144,
      "y" : 4.2663927,
      "z" : -2.9433756
    } ],
    "faces" : [ {
      "vertices" : [ 0, 1, 2 ]
    }, {
      "vertices" : [ 0, 2, 3 ]
    }, {
      "vertices" : [ 0, 3, 4 ]
    }, {
      "vertices" : [ 0, 4, 5 ]
    }, {
      "vertices" : [ 0, 5, 4 ]
    }, {
      "vertices" : [ 0, 4, 3 ]
    }, {
      "vertices" : [ 0, 3, 2 ]
    }, {
      "vertices" : [ 0, 2, 1 ]
    } ]
  }, {
    "id" : "c0ba9b9c-0cf1-4837-97cb-acdb320ab072",
    "vertices" : [ {
      "x" : 10.153144,
      "y" : 2.9433756,
      "z" : -4.2663927
    }, {
      "x" : 10.153144,
      "y" : -4.2663927,
      "z" : 2.9433756
    }, {
      "x" : 13.096519,
      "y" : -6.5482597,
      "z" : -6.5482597
    } ],
    "faces" : [ {
      "vertices" : [ 0, 1, 2 ]
    }, {
      "vertices" : [ 0, 2, 1 ]
    } ]
  }, {
    "id" : "f890f23f-7959-4f60-b6a9-708b47c050c2",
    "vertices" : [ {
      "x" : -6.5482597,
      "y" : 13.096519,
      "z" : -6.5482597
    }, {
      "x" : -10.153144,
      "y" : 4.2663927,
      "z" : -2.9433756
    }, {
      "x" : -4.2663927,
      "y" : 10.153144,
      "z" : 2.9433756
    } ],
    "faces" : [ {
      "vertices" : [ 0, 1, 2 ]
    }, {
      "vertices" : [ 0, 2, 1 ]
    } ]
  }, {
    "id" : "25758dd9-fdc4-4bbb-aa39-5ac9f305a7f2",
    "vertices" : [ {
      "x" : -4.2663927,
      "y" : 10.153144,
      "z" : 2.9433756
    }, {
      "x" : 2.9433756,
      "y" : 10.153144,
      "z" : -4.2663927
    }, {
      "x" : -6.5482597,
      "y" : 13.096519,
      "z" : -6.5482597
    } ],
    "faces" : [ {
      "vertices" : [ 0, 1, 2 ]
    }, {
      "vertices" : [ 0, 2, 1 ]
    } ]
  }, {
    "id" : "68976e24-f71e-47f7-84ba-f7d092661544",
    "vertices" : [ {
      "x" : 10.153144,
      "y" : 2.9433756,
      "z" : -4.2663927
    }, {
      "x" : 13.096519,
      "y" : -6.5482597,
      "z" : -6.5482597
    }, {
      "x" : 4.2663927,
      "y" : -2.9433756,
      "z" : -10.153144
    } ],
    "faces" : [ {
      "vertices" : [ 0, 1, 2 ]
    }, {
      "vertices" : [ 0, 2, 1 ]
    } ]
  }, {
    "id" : "ec2e697c-62ea-4c75-9d2e-6f81d7688f22",
    "vertices" : [ {
      "x" : -6.5482597,
      "y" : 13.096519,
      "z" : -6.5482597
    }, {
      "x" : -2.9433756,
      "y" : 4.2663927,
      "z" : -10.153144
    }, {
      "x" : -10.153144,
      "y" : 4.2663927,
      "z" : -2.9433756
    } ],
    "faces" : [ {
      "vertices" : [ 0, 1, 2 ]
    }, {
      "vertices" : [ 0, 2, 1 ]
    } ]
  }, {
    "id" : "8b131985-5fc5-40ad-9512-187f6169f3cf",
    "vertices" : [ {
      "x" : 0.5358984,
      "y" : 0.0,
      "z" : 0.0
    }, {
      "x" : -0.5358984,
      "y" : 0.0,
      "z" : 0.0
    }, {
      "x" : 0.0,
      "y" : 0.5358984,
      "z" : 0.0
    }, {
      "x" : 0.0,
      "y" : -0.5358984,
      "z" : 0.0
    }, {
      "x" : 0.0,
      "y" : 0.0,
      "z" : 0.5358984
    }, {
      "x" : 0.0,
      "y" : 0.0,
      "z" : -0.5358984
    } ],
    "faces" : [ {
      "vertices" : [ 0, 2, 4 ]
    }, {
      "vertices" : [ 0, 5, 2 ]
    }, {
      "vertices" : [ 0, 4, 3 ]
    }, {
      "vertices" : [ 1, 4, 2 ]
    }, {
      "vertices" : [ 0, 3, 5 ]
    }, {
      "vertices" : [ 1, 2, 5 ]
    }, {
      "vertices" : [ 1, 3, 4 ]
    }, {
      "vertices" : [ 1, 5, 3 ]
    } ]
  }, {
    "id" : "1fee129d-517c-4a77-850e-56e3a39804a7",
    "vertices" : [ {
      "x" : 3.272966,
      "y" : -3.1062992,
      "z" : -8.428712
    }, {
      "x" : 3.172966,
      "y" : -3.5062993,
      "z" : -8.328712
    }, {
      "x" : 0.33191836,
      "y" : -0.49858502,
      "z" : -0.40141496
    }, {
      "x" : 0.43191835,
      "y" : -0.098585024,
      "z" : -0.50141495
    }, {
      "x" : 3.472966,
      "y" : -3.6396325,
      "z" : -8.095379
    }, {
      "x" : 3.5729659,
      "y" : -3.2396326,
      "z" : -8.195378
    }, {
      "x" : 0.13191836,
      "y" : 0.03474831,
      "z" : -0.7347483
    }, {
      "x" : 0.031918358,
      "y" : -0.3652517,
      "z" : -0.6347483
    } ],
    "faces" : [ {
      "vertices" : [ 2, 3, 6 ]
    }, {
      "vertices" : [ 2, 6, 7 ]
    }, {
      "vertices" : [ 0, 5, 4 ]
    }, {
      "vertices" : [ 0, 4, 1 ]
    }, {
      "vertices" : [ 2, 4, 5 ]
    }, {
      "vertices" : [ 2, 5, 3 ]
    }, {
      "vertices" : [ 0, 6, 3 ]
    }, {
      "vertices" : [ 0, 3, 5 ]
    }, {
      "vertices" : [ 0, 1, 7 ]
    }, {
      "vertices" : [ 0, 7, 6 ]
    }, {
      "vertices" : [ 1, 4, 2 ]
    }, {
      "vertices" : [ 1, 2, 7 ]
    } ]
  }, {
    "id" : "52fdc105-b169-4b80-b70a-dd8c76f7d84e",
    "vertices" : [ {
      "x" : 5.653418,
      "y" : 5.386751,
      "z" : 5.2200847
    }, {
      "x" : 5.553418,
      "y" : 5.2867513,
      "z" : 5.620085
    }, {
      "x" : 0.23333333,
      "y" : 0.5,
      "z" : 0.6666667
    }, {
      "x" : 0.33333334,
      "y" : 0.6,
      "z" : 0.26666668
    }, {
      "x" : 5.3200846,
      "y" : 5.5867515,
      "z" : 5.753418
    }, {
      "x" : 5.4200845,
      "y" : 5.6867514,
      "z" : 5.353418
    }, {
      "x" : 0.56666666,
      "y" : 0.3,
      "z" : 0.13333334
    }, {
      "x" : 0.46666667,
      "y" : 0.2,
      "z" : 0.53333336
    } ],
    "faces" : [ {
      "vertices" : [ 2, 3, 6 ]
    }, {
      "vertices" : [ 2, 6, 7 ]
    }, {
      "vertices" : [ 0, 5, 4 ]
    }, {
      "vertices" : [ 0, 4, 1 ]
    }, {
      "vertices" : [ 2, 4, 5 ]
    }, {
      "vertices" : [ 2, 5, 3 ]
    }, {
      "vertices" : [ 0, 6, 3 ]
    }, {
      "vertices" : [ 0, 3, 5 ]
    }, {
      "vertices" : [ 0, 1, 7 ]
    }, {
      "vertices" : [ 0, 7, 6 ]
    }, {
      "vertices" : [ 1, 4, 2 ]
    }, {
      "vertices" : [ 1, 2, 7 ]
    } ]
  }, {
    "id" : "a53e3052-8688-4ea9-97d9-19316eff8ebf",
    "vertices" : [ {
      "x" : 6.7764354,
      "y" : 0.13333334,
      "z" : 6.5097685
    }, {
      "x" : 6.8764353,
      "y" : -0.26666668,
      "z" : 6.6097684
    }, {
      "x" : 0.43333334,
      "y" : -0.13333334,
      "z" : 0.7
    }, {
      "x" : 0.33333334,
      "y" : 0.26666668,
      "z" : 0.6
    }, {
      "x" : 6.6431017,
      "y" : -0.13333334,
      "z" : 6.9097686
    }, {
      "x" : 6.543102,
      "y" : 0.26666668,
      "z" : 6.8097687
    }, {
      "x" : 0.56666666,
      "y" : 0.13333334,
      "z" : 0.3
    }, {
      "x" : 0.6666667,
      "y" : -0.26666668,
      "z" : 0.4
    } ],
    "faces" : [ {
      "vertices" : [ 2, 3, 6 ]
    }, {
      "vertices" : [ 2, 6, 7 ]
    }, {
      "vertices" : [ 0, 5, 4 ]
    }, {
      "vertices" : [ 0, 4, 1 ]
    }, {
      "vertices" : [ 2, 4, 5 ]
    }, {
      "vertices" : [ 2, 5, 3 ]
    }, {
      "vertices" : [ 0, 6, 3 ]
    }, {
      "vertices" : [ 0, 3, 5 ]
    }, {
      "vertices" : [ 0, 1, 7 ]
    }, {
      "vertices" : [ 0, 7, 6 ]
    }, {
      "vertices" : [ 1, 4, 2 ]
    }, {
      "vertices" : [ 1, 2, 7 ]
    } ]
  }, {
    "id" : "dc9ea67e-04a3-428a-b5ba-e87d321b99be",
    "vertices" : [ {
      "x" : 2.2652059,
      "y" : 8.934386,
      "z" : -2.5498981
    }, {
      "x" : 1.865206,
      "y" : 9.034387,
      "z" : -2.649898
    }, {
      "x" : 0.01666112,
      "y" : 0.557249,
      "z" : -0.39347753
    }, {
      "x" : 0.4166611,
      "y" : 0.45724902,
      "z" : -0.29347754
    }, {
      "x" : 1.9985393,
      "y" : 8.801053,
      "z" : -2.9498982
    }, {
      "x" : 2.3985393,
      "y" : 8.701054,
      "z" : -2.849898
    }, {
      "x" : 0.2833278,
      "y" : 0.69058233,
      "z" : 0.0065224627
    }, {
      "x" : -0.11667221,
      "y" : 0.79058236,
      "z" : -0.09347754
    } ],
    "faces" : [ {
      "vertices" : [ 2, 3, 6 ]
    }, {
      "vertices" : [ 2, 6, 7 ]
    }, {
      "vertices" : [ 0, 5, 4 ]
    }, {
      "vertices" : [ 0, 4, 1 ]
    }, {
      "vertices" : [ 2, 4, 5 ]
    }, {
      "vertices" : [ 2, 5, 3 ]
    }, {
      "vertices" : [ 0, 6, 3 ]
    }, {
      "vertices" : [ 0, 3, 5 ]
    }, {
      "vertices" : [ 0, 1, 7 ]
    }, {
      "vertices" : [ 0, 7, 6 ]
    }, {
      "vertices" : [ 1, 4, 2 ]
    }, {
      "vertices" : [ 1, 2, 7 ]
    } ]
  }, {
    "id" : "71dc21d3-0f0d-4fa8-b1ec-ed281964671f",
    "vertices" : [ {
      "x" : 10.153144,
      "y" : 2.9433756,
      "z" : -4.2663927
    }, {
      "x" : 13.096519,
      "y" : -6.5482597,
      "z" : -6.5482597
    }, {
      "x" : 4.2663927,
      "y" : -2.9433756,
      "z" : -10.153144
    } ],
    "faces" : [ {
      "vertices" : [ 0, 1, 2 ]
    }, {
      "vertices" : [ 0, 2, 1 ]
    } ]
  }, {
    "id" : "c4add202-cb7f-452d-ab08-e2c86cea25ab",
    "vertices" : [ {
      "x" : -10.153144,
      "y" : 4.2663927,
      "z" : -2.9433756
    }, {
      "x" : -10.153144,
      "y" : -2.9433756,
      "z" : 4.2663927
    }, {
      "x" : -4.2663927,
      "y" : 2.9433756,
      "z" : 10.153144
    }, {
      "x" : -4.2663927,
      "y" : 10.153144,
      "z" : 2.9433756
    } ],
    "faces" : [ {
      "vertices" : [ 0, 1, 2 ]
    }, {
      "vertices" : [ 0, 2, 3 ]
    }, {
      "vertices" : [ 0, 3, 2 ]
    }, {
      "vertices" : [ 0, 2, 1 ]
    } ]
  }, {
    "id" : "fc4a66ed-3f5e-4efd-84e9-b11966a6e73e",
    "vertices" : [ {
      "x" : 4.2663927,
      "y" : -2.9433756,
      "z" : -10.153144
    }, {
      "x" : 13.096519,
      "y" : -6.5482597,
      "z" : -6.5482597
    }, {
      "x" : 4.2663927,
      "y" : -10.153144,
      "z" : -2.9433756
    } ],
    "faces" : [ {
      "vertices" : [ 0, 1, 2 ]
    }, {
      "vertices" : [ 0, 2, 1 ]
    } ]
  }, {
    "id" : "cc3e35ad-9d12-497c-aa46-734f7aadeeb0",
    "vertices" : [ {
      "x" : -4.2663927,
      "y" : 10.153144,
      "z" : 2.9433756
    }, {
      "x" : 2.9433756,
      "y" : 10.153144,
      "z" : -4.2663927
    }, {
      "x" : -6.5482597,
      "y" : 13.096519,
      "z" : -6.5482597
    } ],
    "faces" : [ {
      "vertices" : [ 0, 1, 2 ]
    }, {
      "vertices" : [ 0, 2, 1 ]
    } ]
  }, {
    "id" : "15aa2c33-8ae2-4342-8801-10e211af8a49",
    "vertices" : [ {
      "x" : 2.9433756,
      "y" : 10.153144,
      "z" : -4.2663927
    }, {
      "x" : 10.153144,
      "y" : 2.9433756,
      "z" : -4.2663927
    }, {
      "x" : 4.2663927,
      "y" : -2.9433756,
      "z" : -10.153144
    }, {
      "x" : -2.9433756,
      "y" : 4.2663927,
      "z" : -10.153144
    } ],
    "faces" : [ {
      "vertices" : [ 0, 1, 2 ]
    }, {
      "vertices" : [ 0, 2, 3 ]
    }, {
      "vertices" : [ 0, 3, 2 ]
    }, {
      "vertices" : [ 0, 2, 1 ]
    } ]
  }, {
    "id" : "c043558d-1321-41a4-91d2-95006da59e48",
    "vertices" : [ {
      "x" : -4.2663927,
      "y" : 2.9433756,
      "z" : 10.153144
    }, {
      "x" : 2.9433756,
      "y" : -4.2663927,
      "z" : 10.153144
    }, {
      "x" : 10.153144,
      "y" : -4.2663927,
      "z" : 2.9433756
    }, {
      "x" : 10.153144,
      "y" : 2.9433756,
      "z" : -4.2663927
    }, {
      "x" : 2.9433756,
      "y" : 10.153144,
      "z" : -4.2663927
    }, {
      "x" : -4.2663927,
      "y" : 10.153144,
      "z" : 2.9433756
    } ],
    "faces" : [ {
      "vertices" : [ 0, 1, 2 ]
    }, {
      "vertices" : [ 0, 2, 3 ]
    }, {
      "vertices" : [ 0, 3, 4 ]
    }, {
      "vertices" : [ 0, 4, 5 ]
    }, {
      "vertices" : [ 0, 5, 4 ]
    }, {
      "vertices" : [ 0, 4, 3 ]
    }, {
      "vertices" : [ 0, 3, 2 ]
    }, {
      "vertices" : [ 0, 2, 1 ]
    } ]
  }, {
    "id" : "b43db3f7-6da6-4678-9950-85e80e95ef1b",
    "vertices" : [ {
      "x" : -6.5482597,
      "y" : 13.096519,
      "z" : -6.5482597
    }, {
      "x" : -10.153144,
      "y" : 4.2663927,
      "z" : -2.9433756
    }, {
      "x" : -4.2663927,
      "y" : 10.153144,
      "z" : 2.9433756
    } ],
    "faces" : [ {
      "vertices" : [ 0, 1, 2 ]
    }, {
      "vertices" : [ 0, 2, 1 ]
    } ]
  }, {
    "id" : "845ab040-f23a-44fd-bd37-ae91ca2b3bd8",
    "vertices" : [ {
      "x" : 4.2663927,
      "y" : -10.153144,
      "z" : -2.9433756
    }, {
      "x" : 13.096519,
      "y" : -6.5482597,
      "z" : -6.5482597
    }, {
      "x" : 10.153144,
      "y" : -4.2663927,
      "z" : 2.9433756
    } ],
    "faces" : [ {
      "vertices" : [ 0, 1, 2 ]
    }, {
      "vertices" : [ 0, 2, 1 ]
    } ]
  }, {
    "id" : "e3546d0c-2750-4ceb-9053-d912475e4ca9",
    "vertices" : [ {
      "x" : -2.9433756,
      "y" : 4.2663927,
      "z" : -10.153144
    }, {
      "x" : 4.2663927,
      "y" : -2.9433756,
      "z" : -10.153144
    }, {
      "x" : 4.2663927,
      "y" : -10.153144,
      "z" : -2.9433756
    }, {
      "x" : -2.9433756,
      "y" : -10.153144,
      "z" : 4.2663927
    }, {
      "x" : -10.153144,
      "y" : -2.9433756,
      "z" : 4.2663927
    }, {
      "x" : -10.153144,
      "y" : 4.2663927,
      "z" : -2.9433756
    } ],
    "faces" : [ {
      "vertices" : [ 0, 1, 2 ]
    }, {
      "vertices" : [ 0, 2, 3 ]
    }, {
      "vertices" : [ 0, 3, 4 ]
    }, {
      "vertices" : [ 0, 4, 5 ]
    }, {
      "vertices" : [ 0, 5, 4 ]
    }, {
      "vertices" : [ 0, 4, 3 ]
    }, {
      "vertices" : [ 0, 3, 2 ]
    }, {
      "vertices" : [ 0, 2, 1 ]
    } ]
  }, {
    "id" : "ab14bc19-33ca-4d06-a683-fade0c713a16",
    "vertices" : [ {
      "x" : 10.153144,
      "y" : 2.9433756,
      "z" : -4.2663927
    }, {
      "x" : 10.153144,
      "y" : -4.2663927,
      "z" : 2.9433756
    }, {
      "x" : 13.096519,
      "y" : -6.5482597,
      "z" : -6.5482597
    } ],
    "faces" : [ {
      "vertices" : [ 0, 1, 2 ]
    }, {
      "vertices" : [ 0, 2, 1 ]
    } ]
  }, {
    "id" : "d24b528a-3c55-464a-a36d-bfa7a01ef16f",
    "vertices" : [ {
      "x" : -6.5482597,
      "y" : 13.096519,
      "z" : -6.5482597
    }, {
      "x" : 2.9433756,
      "y" : 10.153144,
      "z" : -4.2663927
    }, {
      "x" : -2.9433756,
      "y" : 4.2663927,
      "z" : -10.153144
    } ],
    "faces" : [ {
      "vertices" : [ 0, 1, 2 ]
    }, {
      "vertices" : [ 0, 2, 1 ]
    } ]
  }, {
    "id" : "e802b900-73ac-4237-819d-e31481f857bf",
    "vertices" : [ {
      "x" : 2.9433756,
      "y" : -4.2663927,
      "z" : 10.153144
    }, {
      "x" : -2.9433756,
      "y" : -10.153144,
      "z" : 4.2663927
    }, {
      "x" : 4.2663927,
      "y" : -10.153144,
      "z" : -2.9433756
    }, {
      "x" : 10.153144,
      "y" : -4.2663927,
      "z" : 2.9433756
    } ],
    "faces" : [ {
      "vertices" : [ 0, 1, 2 ]
    }, {
      "vertices" : [ 0, 2, 3 ]
    }, {
      "vertices" : [ 0, 3, 2 ]
    }, {
      "vertices" : [ 0, 2, 1 ]
    } ]
  }, {
    "id" : "7e1771eb-c661-4a63-98cc-256db7b997d4",
    "vertices" : [ {
      "x" : -6.5482597,
      "y" : 13.096519,
      "z" : -6.5482597
    }, {
      "x" : -2.9433756,
      "y" : 4.2663927,
      "z" : -10.153144
    }, {
      "x" : -10.153144,
      "y" : 4.2663927,
      "z" : -2.9433756
    } ],
    "faces" : [ {
      "vertices" : [ 0, 1, 2 ]
    }, {
      "vertices" : [ 0, 2, 1 ]
    } ]
  }, {
    "id" : "97d041c9-6e1c-4dc2-b44f-0d7897dcd7a2",
    "vertices" : [ {
      "x" : -6.5482597,
      "y" : 13.096519,
      "z" : -6.5482597
    }, {
      "x" : -10.153144,
      "y" : 4.2663927,
      "z" : -2.9433756
    }, {
      "x" : -4.2663927,
      "y" : 10.153144,
      "z" : 2.9433756
    } ],
    "faces" : [ {
      "vertices" : [ 0, 1, 2 ]
    }, {
      "vertices" : [ 0, 2, 1 ]
    } ]
  }, {
    "id" : "468a737f-2d6e-46fa-9ea5-80856431a069",
    "vertices" : [ {
      "x" : 6.5482597,
      "y" : -13.096519,
      "z" : 6.5482597
    }, {
      "x" : -2.9433756,
      "y" : -10.153144,
      "z" : 4.2663927
    }, {
      "x" : 4.2663927,
      "y" : -10.153144,
      "z" : -2.9433756
    } ],
    "faces" : [ {
      "vertices" : [ 0, 1, 2 ]
    }, {
      "vertices" : [ 0, 2, 1 ]
    } ]
  }, {
    "id" : "1a43ce16-0d25-4743-9652-14bb2be9572d",
    "vertices" : [ {
      "x" : -4.2663927,
      "y" : 10.153144,
      "z" : 2.9433756
    }, {
      "x" : 2.9433756,
      "y" : 10.153144,
      "z" : -4.2663927
    }, {
      "x" : -6.5482597,
      "y" : 13.096519,
      "z" : -6.5482597
    } ],
    "faces" : [ {
      "vertices" : [ 0, 1, 2 ]
    }, {
      "vertices" : [ 0, 2, 1 ]
    } ]
  }, {
    "id" : "9013c363-002c-4596-9072-f9b05f6af5bd",
    "vertices" : [ {
      "x" : 2.9433756,
      "y" : -4.2663927,
      "z" : 10.153144
    }, {
      "x" : -2.9433756,
      "y" : -10.153144,
      "z" : 4.2663927
    }, {
      "x" : 4.2663927,
      "y" : -10.153144,
      "z" : -2.9433756
    }, {
      "x" : 10.153144,
      "y" : -4.2663927,
      "z" : 2.9433756
    } ],
    "faces" : [ {
      "vertices" : [ 0, 1, 2 ]
    }, {
      "vertices" : [ 0, 2, 3 ]
    }, {
      "vertices" : [ 0, 3, 2 ]
    }, {
      "vertices" : [ 0, 2, 1 ]
    } ]
  }, {
    "id" : "610aa80e-a45a-4764-8810-dc9756ec028c",
    "vertices" : [ {
      "x" : -6.5482597,
      "y" : 13.096519,
      "z" : -6.5482597
    }, {
      "x" : -2.9433756,
      "y" : 4.2663927,
      "z" : -10.153144
    }, {
      "x" : -10.153144,
      "y" : 4.2663927,
      "z" : -2.9433756
    } ],
    "faces" : [ {
      "vertices" : [ 0, 1, 2 ]
    }, {
      "vertices" : [ 0, 2, 1 ]
    } ]
  }, {
    "id" : "2283908d-b47a-4d62-887a-5f3a0779dc3b",
    "vertices" : [ {
      "x" : -4.2663927,
      "y" : 2.9433756,
      "z" : 10.153144
    }, {
      "x" : -10.153144,
      "y" : -2.9433756,
      "z" : 4.2663927
    }, {
      "x" : -2.9433756,
      "y" : -10.153144,
      "z" : 4.2663927
    }, {
      "x" : 2.9433756,
      "y" : -4.2663927,
      "z" : 10.153144
    } ],
    "faces" : [ {
      "vertices" : [ 0, 1, 2 ]
    }, {
      "vertices" : [ 0, 2, 3 ]
    }, {
      "vertices" : [ 0, 3, 2 ]
    }, {
      "vertices" : [ 0, 2, 1 ]
    } ]
  }, {
    "id" : "35d76466-e87c-4bc6-b72f-2463296f9086",
    "vertices" : [ {
      "x" : -2.9433756,
      "y" : 4.2663927,
      "z" : -10.153144
    }, {
      "x" : 4.2663927,
      "y" : -2.9433756,
      "z" : -10.153144
    }, {
      "x" : 4.2663927,
      "y" : -10.153144,
      "z" : -2.9433756
    }, {
      "x" : -2.9433756,
      "y" : -10.153144,
      "z" : 4.2663927
    }, {
      "x" : -10.153144,
      "y" : -2.9433756,
      "z" : 4.2663927
    }, {
      "x" : -10.153144,
      "y" : 4.2663927,
      "z" : -2.9433756
    } ],
    "faces" : [ {
      "vertices" : [ 0, 1, 2 ]
    }, {
      "vertices" : [ 0, 2, 3 ]
    }, {
      "vertices" : [ 0, 3, 4 ]
    }, {
      "vertices" : [ 0, 4, 5 ]
    }, {
      "vertices" : [ 0, 5, 4 ]
    }, {
      "vertices" : [ 0, 4, 3 ]
    }, {
      "vertices" : [ 0, 3, 2 ]
    }, {
      "vertices" : [ 0, 2, 1 ]
    } ]
  }, {
    "id" : "ec31c874-1bb9-4812-b6c8-6788d014a80d",
    "vertices" : [ {
      "x" : 2.9433756,
      "y" : -4.2663927,
      "z" : 10.153144
    }, {
      "x" : -2.9433756,
      "y" : -10.153144,
      "z" : 4.2663927
    }, {
      "x" : 6.5482597,
      "y" : -13.096519,
      "z" : 6.5482597
    } ],
    "faces" : [ {
      "vertices" : [ 0, 1, 2 ]
    }, {
      "vertices" : [ 0, 2, 1 ]
    } ]
  }, {
    "id" : "e203bc40-d77f-4dc2-8a12-c6e36866c0db",
    "vertices" : [ {
      "x" : -6.5482597,
      "y" : 13.096519,
      "z" : -6.5482597
    }, {
      "x" : 2.9433756,
      "y" : 10.153144,
      "z" : -4.2663927
    }, {
      "x" : -2.9433756,
      "y" : 4.2663927,
      "z" : -10.153144
    } ],
    "faces" : [ {
      "vertices" : [ 0, 1, 2 ]
    }, {
      "vertices" : [ 0, 2, 1 ]
    } ]
  }, {
    "id" : "85daacf0-83e0-40e0-9e6f-75d4857cf7d1",
    "vertices" : [ {
      "x" : 10.153144,
      "y" : -4.2663927,
      "z" : 2.9433756
    }, {
      "x" : 6.5482597,
      "y" : -13.096519,
      "z" : 6.5482597
    }, {
      "x" : 4.2663927,
      "y" : -10.153144,
      "z" : -2.9433756
    } ],
    "faces" : [ {
      "vertices" : [ 0, 1, 2 ]
    }, {
      "vertices" : [ 0, 2, 1 ]
    } ]
  }, {
    "id" : "4b63f6d2-b7fb-4649-8548-1d7c85999c9b",
    "vertices" : [ {
      "x" : -4.2663927,
      "y" : 2.9433756,
      "z" : 10.153144
    }, {
      "x" : 2.9433756,
      "y" : -4.2663927,
      "z" : 10.153144
    }, {
      "x" : 10.153144,
      "y" : -4.2663927,
      "z" : 2.9433756
    }, {
      "x" : 10.153144,
      "y" : 2.9433756,
      "z" : -4.2663927
    }, {
      "x" : 2.9433756,
      "y" : 10.153144,
      "z" : -4.2663927
    }, {
      "x" : -4.2663927,
      "y" : 10.153144,
      "z" : 2.9433756
    } ],
    "faces" : [ {
      "vertices" : [ 0, 1, 2 ]
    }, {
      "vertices" : [ 0, 2, 3 ]
    }, {
      "vertices" : [ 0, 3, 4 ]
    }, {
      "vertices" : [ 0, 4, 5 ]
    }, {
      "vertices" : [ 0, 5, 4 ]
    }, {
      "vertices" : [ 0, 4, 3 ]
    }, {
      "vertices" : [ 0, 3, 2 ]
    }, {
      "vertices" : [ 0, 2, 1 ]
    } ]
  }, {
    "id" : "5500c501-92a1-42c7-a14b-603906653735",
    "vertices" : [ {
      "x" : 2.9433756,
      "y" : -4.2663927,
      "z" : 10.153144
    }, {
      "x" : 6.5482597,
      "y" : -13.096519,
      "z" : 6.5482597
    }, {
      "x" : 10.153144,
      "y" : -4.2663927,
      "z" : 2.9433756
    } ],
    "faces" : [ {
      "vertices" : [ 0, 1, 2 ]
    }, {
      "vertices" : [ 0, 2, 1 ]
    } ]
  }, {
    "id" : "3ba2a852-9b59-4dbd-95a7-386b40c3643e",
    "vertices" : [ {
      "x" : -10.153144,
      "y" : 4.2663927,
      "z" : -2.9433756
    }, {
      "x" : -10.153144,
      "y" : -2.9433756,
      "z" : 4.2663927
    }, {
      "x" : -4.2663927,
      "y" : 2.9433756,
      "z" : 10.153144
    }, {
      "x" : -4.2663927,
      "y" : 10.153144,
      "z" : 2.9433756
    } ],
    "faces" : [ {
      "vertices" : [ 0, 1, 2 ]
    }, {
      "vertices" : [ 0, 2, 3 ]
    }, {
      "vertices" : [ 0, 3, 2 ]
    }, {
      "vertices" : [ 0, 2, 1 ]
    } ]
  }, {
    "id" : "21b7388b-5992-476a-bb54-c7e211a16012",
    "vertices" : [ {
      "x" : 2.9433756,
      "y" : 10.153144,
      "z" : -4.2663927
    }, {
      "x" : 10.153144,
      "y" : 2.9433756,
      "z" : -4.2663927
    }, {
      "x" : 4.2663927,
      "y" : -2.9433756,
      "z" : -10.153144
    }, {
      "x" : -2.9433756,
      "y" : 4.2663927,
      "z" : -10.153144
    } ],
    "faces" : [ {
      "vertices" : [ 0, 1, 2 ]
    }, {
      "vertices" : [ 0, 2, 3 ]
    }, {
      "vertices" : [ 0, 3, 2 ]
    }, {
      "vertices" : [ 0, 2, 1 ]
    } ]
  }, {
    "id" : "9e528c77-03b8-4656-ab12-9b595b165909",
    "vertices" : [ {
      "x" : 10.153144,
      "y" : -4.2663927,
      "z" : 2.9433756
    }, {
      "x" : 4.2663927,
