{
  "field" : "golden",
  "symmetry" : "icosahedral",
  "orientations" : [ [ 1.0, 0.0, 0.0, 0.0, 0.0, 1.0, 0.0, 0.0, 0.0, 0.0, 1.0, 0.0, 0.0, 0.0, 0.0, 1.0 ], [ 0.0, 0.0, 1.0, 0.0, 1.0, 0.0, 0.0, 0.0, 0.0, 1.0, 0.0, 0.0, 0.0, 0.0, 0.0, 1.0 ], [ 0.0, 1.0, 0.0, 0.0, 0.0, 0.0, 1.0, 0.0, 1.0, 0.0, 0.0, 0.0, 0.0, 0.0, 0.0, 1.0 ], [ 0.809017, 0.309017, 0.5, 0.0, 0.309017, 0.5, -0.809017, 0.0, -0.5, 0.809017, 0.309017, 0.0, 0.0, 0.0, 0.0, 1.0 ], [ -0.5, 0.809017, 0.309017, 0.0, 0.809017, 0.309017, 0.5, 0.0, 0.309017, 0.5, -0.809017, 0.0, 0.0, 0.0, 0.0, 1.0 ], [ 0.309017, 0.5, -0.809017, 0.0, -0.5, 0.809017, 0.309017, 0.0, 0.809017, 0.309017, 0.5, 0.0, 0.0, 0.0, 0.0, 1.0 ], [ 0.5, 0.809017, 0.309017, 0.0, 0.809017, -0.309017, -0.5, 0.0, -0.309017, 0.5, -0.809017, 0.0, 0.0, 0.0, 0.0, 1.0 ], [ -0.309017, 0.5, -0.809017, 0.0, 0.5, 0.809017, 0.309017, 0.0, 0.809017, -0.309017, -0.5, 0.0, 0.0, 0.0, 0.0, 1.0 ], [ 0.809017, -0.309017, -0.5, 0.0, -0.309017, 0.5, -0.809017, 0.0, 0.5, 0.809017, 0.309017, 0.0, 0.0, 0.0, 0.0, 1.0 ], [ 0.5, 0.809017, -0.309017, 0.0, 0.809017, -0.309017, 0.5, 0.0, 0.309017, -0.5, -0.809017, 0.0, 0.0, 0.0, 0.0, 1.0 ], [ 0.309017, -0.5, -0.809017, 0.0, 0.5, 0.809017, -0.309017, 0.0, 0.809017, -0.309017, 0.5, 0.0, 0.0, 0.0, 0.0, 1.0 ], [ 0.809017, -0.309017, 0.5, 0.0, 0.309017, -0.5, -0.809017, 0.0, 0.5, 0.809017, -0.309017, 0.0, 0.0, 0.0, 0.0, 1.0 ], [ 0.809017, 0.309017, -0.5, 0.0, 0.309017, 0.5, 0.809017, 0.0, 0.5, -0.809017, 0.309017, 0.0, 0.0, 0.0, 0.0, 1.0 ], [ 0.5, -0.809017, 0.309017, 0.0, 0.809017, 0.309017, -0.5, 0.0, 0.309017, 0.5, 0.809017, 0.0, 0.0, 0.0, 0.0, 1.0 ], [ 0.309017, 0.5, 0.809017, 0.0, 0.5, -0.809017, 0.309017, 0.0, 0.809017, 0.309017, -0.5, 0.0, 0.0, 0.0, 0.0, 1.0 ], [ 1.0, 0.0, 0.0, 0.0, 0.0, -1.0, 0.0, 0.0, 0.0, 0.0, -1.0, 0.0, 0.0, 0.0, 0.0, 1.0 ], [ 0.0, 0.0, 1.0, 0.0, -1.0, 0.0, 0.0, 0.0, 0.0, -1.0, 0.0, 0.0, 0.0, 0.0, 0.0, 1.0 ], [ 0.0, 1.0, 0.0, 0.0, 0.0, 0.0, -1.0, 0.0, -1.0, 0.0, 0.0, 0.0, 0.0, 0.0, 0.0, 1.0 ], [ 0.809017, 0.309017, 0.5, 0.0, -0.309017, -0.5, 0.809017, 0.0, 0.5, -0.809017, -0.309017, 0.0, 0.0, 0.0, 0.0, 1.0 ], [ -0.5, 0.809017, 0.309017, 0.0, -0.809017, -0.309017, -0.5, 0.0, -0.309017, -0.5, 0.809017, 0.0, 0.0, 0.0, 0.0, 1.0 ], [ 0.309017, 0.5, -0.809017, 0.0, 0.5, -0.809017, -0.309017, 0.0, -0.809017, -0.309017, -0.5, 0.0, 0.0, 0.0, 0.0, 1.0 ], [ 0.5, 0.809017, 0.309017, 0.0, -0.809017, 0.309017, 0.5, 0.0, 0.309017, -0.5, 0.809017, 0.0, 0.0, 0.0, 0.0, 1.0 ], [ -0.309017, 0.5, -0.809017, 0.0, -0.5, -0.809017, -0.309017, 0.0, -0.809017, 0.309017, 0.5, 0.0, 0.0, 0.0, 0.0, 1.0 ], [ 0.809017, -0.309017, -0.5, 0.0, 0.309017, -0.5, 0.809017, 0.0, -0.5, -0.809017, -0.309017, 0.0, 0.0, 0.0, 0.0, 1.0 ], [ 0.5, 0.809017, -0.309017, 0.0, -0.809017, 0.309017, -0.5, 0.0, -0.309017, 0.5, 0.809017, 0.0, 0.0, 0.0, 0.0, 1.0 ], [ 0.309017, -0.5, -0.809017, 0.0, -0.5, -0.809017, 0.309017, 0.0, -0.809017, 0.309017, -0.5, 0.0, 0.0, 0.0, 0.0, 1.0 ], [ 0.809017, -0.309017, 0.5, 0.0, -0.309017, 0.5, 0.809017, 0.0, -0.5, -0.809017, 0.309017, 0.0, 0.0, 0.0, 0.0, 1.0 ], [ 0.809017, 0.309017, -0.5, 0.0, -0.309017, -0.5, -0.809017, 0.0, -0.5, 0.809017, -0.309017, 0.0, 0.0, 0.0, 0.0, 1.0 ], [ 0.5, -0.809017, 0.309017, 0.0, -0.809017, -0.309017, 0.5, 0.0, -0.309017, -0.5, -0.809017, 0.0, 0.0, 0.0, 0.0, 1.0 ], [ 0.309017, 0.5, 0.809017, 0.0, -0.5, 0.809017, -0.309017, 0.0, -0.809017, -0.309017, 0.5, 0.0, 0.0, 0.0, 0.0, 1.0 ], [ -1.0, 0.0, 0.0, 0.0, 0.0, -1.0, 0.0, 0.0, 0.0, 0.0, 1.0, 0.0, 0.0, 0.0, 0.0, 1.0 ], [ 0.0, 0.0, -1.0, 0.0, -1.0, 0.0, 0.0, 0.0, 0.0, 1.0, 0.0, 0.0, 0.0, 0.0, 0.0, 1.0 ], [ 0.0, -1.0, 0.0, 0.0, 0.0, 0.0, -1.0, 0.0, 1.0, 0.0, 0.0, 0.0, 0.0, 0.0, 0.0, 1.0 ], [ -0.809017, -0.309017, -0.5, 0.0, -0.309017, -0.5, 0.809017, 0.0, -0.5, 0.809017, 0.309017, 0.0, 0.0, 0.0, 0.0, 1.0 ], [ 0.5, -0.809017, -0.309017, 0.0, -0.809017, -0.309017, -0.5, 0.0, 0.309017, 0.5, -0.809017, 0.0, 0.0, 0.0, 0.0, 1.0 ], [ -0.309017, -0.5, 0.809017, 0.0, 0.5, -0.809017, -0.309017, 0.0, 0.809017, 0.309017, 0.5, 0.0, 0.0, 0.0, 0.0, 1.0 ], [ -0.5, -0.809017, -0.309017, 0.0, -0.809017, 0.309017, 0.5, 0.0, -0.309017, 0.5, -0.809017, 0.0, 0.0, 0.0, 0.0, 1.0 ], [ 0.309017, -0.5, 0.809017, 0.0, -0.5, -0.809017, -0.309017, 0.0, 0.809017, -0.309017, -0.5, 0.0, 0.0, 0.0, 0.0, 1.0 ], [ -0.809017, 0.309017, 0.5, 0.0, 0.309017, -0.5, 0.809017, 0.0, 0.5, 0.809017, 0.309017, 0.0, 0.0, 0.0, 0.0, 1.0 ], [ -0.5, -0.809017, 0.309017, 0.0, -0.809017, 0.309017, -0.5, 0.0, 0.309017, -0.5, -0.809017, 0.0, 0.0, 0.0, 0.0, 1.0 ], [ -0.309017, 0.5, 0.809017, 0.0, -0.5, -0.809017, 0.309017, 0.0, 0.809017, -0.309017, 0.5, 0.0, 0.0, 0.0, 0.0, 1.0 ], [ -0.809017, 0.309017, -0.5, 0.0, -0.309017, 0.5, 0.809017, 0.0, 0.5, 0.809017, -0.309017, 0.0, 0.0, 0.0, 0.0, 1.0 ], [ -0.809017, -0.309017, 0.5, 0.0, -0.309017, -0.5, -0.809017, 0.0, 0.5, -0.809017, 0.309017, 0.0, 0.0, 0.0, 0.0, 1.0 ], [ -0.5, 0.809017, -0.309017, 0.0, -0.809017, -0.309017, 0.5, 0.0, 0.309017, 0.5, 0.809017, 0.0, 0.0, 0.0, 0.0, 1.0 ], [ -0.309017, -0.5, -0.809017, 0.0, -0.5, 0.809017, -0.309017, 0.0, 0.809017, 0.309017, -0.5, 0.0, 0.0, 0.0, 0.0, 1.0 ], [ -1.0, 0.0, 0.0, 0.0, 0.0, 1.0, 0.0, 0.0, 0.0, 0.0, -1.0, 0.0, 0.0, 0.0, 0.0, 1.0 ], [ 0.0, 0.0, -1.0, 0.0, 1.0, 0.0, 0.0, 0.0, 0.0, -1.0, 0.0, 0.0, 0.0, 0.0, 0.0, 1.0 ], [ 0.0, -1.0, 0.0, 0.0, 0.0, 0.0, 1.0, 0.0, -1.0, 0.0, 0.0, 0.0, 0.0, 0.0, 0.0, 1.0 ], [ -0.809017, -0.309017, -0.5, 0.0, 0.309017, 0.5, -0.809017, 0.0, 0.5, -0.809017, -0.309017, 0.0, 0.0, 0.0, 0.0, 1.0 ], [ 0.5, -0.809017, -0.309017, 0.0, 0.809017, 0.309017, 0.5, 0.0, -0.309017, -0.5, 0.809017, 0.0, 0.0, 0.0, 0.0, 1.0 ], [ -0.309017, -0.5, 0.809017, 0.0, -0.5, 0.809017, 0.309017, 0.0, -0.809017, -0.309017, -0.5, 0.0, 0.0, 0.0, 0.0, 1.0 ], [ -0.5, -0.809017, -0.309017, 0.0, 0.809017, -0.309017, -0.5, 0.0, 0.309017, -0.5, 0.809017, 0.0, 0.0, 0.0, 0.0, 1.0 ], [ 0.309017, -0.5, 0.809017, 0.0, 0.5, 0.809017, 0.309017, 0.0, -0.809017, 0.309017, 0.5, 0.0, 0.0, 0.0, 0.0, 1.0 ], [ -0.809017, 0.309017, 0.5, 0.0, -0.309017, 0.5, -0.809017, 0.0, -0.5, -0.809017, -0.309017, 0.0, 0.0, 0.0, 0.0, 1.0 ], [ -0.5, -0.809017, 0.309017, 0.0, 0.809017, -0.309017, 0.5, 0.0, -0.309017, 0.5, 0.809017, 0.0, 0.0, 0.0, 0.0, 1.0 ], [ -0.309017, 0.5, 0.809017, 0.0, 0.5, 0.809017, -0.309017, 0.0, -0.809017, 0.309017, -0.5, 0.0, 0.0, 0.0, 0.0, 1.0 ], [ -0.809017, 0.309017, -0.5, 0.0, 0.309017, -0.5, -0.809017, 0.0, -0.5, -0.809017, 0.309017, 0.0, 0.0, 0.0, 0.0, 1.0 ], [ -0.809017, -0.309017, 0.5, 0.0, 0.309017, 0.5, 0.809017, 0.0, -0.5, 0.809017, -0.309017, 0.0, 0.0, 0.0, 0.0, 1.0 ], [ -0.5, 0.809017, -0.309017, 0.0, 0.809017, 0.309017, -0.5, 0.0, -0.309017, -0.5, -0.809017, 0.0, 0.0, 0.0, 0.0, 1.0 ], [ -0.309017, -0.5, -0.809017, 0.0, 0.5, -0.809017, 0.309017, 0.0, -0.809017, -0.309017, 0.5, 0.0, 0.0, 0.0, 0.0, 1.0 ] ],
  "lights" : {
    "directionalLights" : [ {
      "direction" : {
        "x" : 1.0,
        "y" : -1.0,
        "z" : -1.0
      },
      "color" : "#EBEBE4"
    }, {
      "direction" : {
        "x" : -1.0,
        "y" : 0.0,
        "z" : 0.0
      },
      "color" : "#E4E4EB"
    }, {
      "direction" : {
        "x" : 0.0,
        "y" : 0.0,
        "z" : -1.0
      },
      "color" : "#1E1E1E"
    } ],
    "backgroundColor" : "#AFC8DC",
    "ambientColor" : "#292929"
  },
  "camera" : {
    "width" : 152.98993,
    "position" : {
      "x" : -194.97714,
      "y" : -190.33965,
      "z" : 203.32047
    },
    "lookDirection" : {
      "x" : 0.5735002,
      "y" : 0.55985963,
      "z" : -0.59804106
    },
    "upDirection" : {
      "x" : 0.6265529,
      "y" : 0.17053545,
      "z" : 0.760491
    },
    "lookAtPoint" : {
      "x" : 0.0,
      "y" : 0.0,
      "z" : 0.0
    },
    "stereo" : false,
    "fieldOfView" : 0.4426291,
    "farClipDistance" : 679.95447,
    "perspective" : false,
    "viewDistance" : 339.97745,
    "nearClipDistance" : 0.84994376
  },
  "embedding" : [ 1.0, 0.0, 0.0, 0.0, 0.0, 1.0, 0.0, 0.0, 0.0, 0.0, 1.0, 0.0, 0.0, 0.0, 0.0, 1.0 ],
  "shapes" : [ {
    "id" : "0da2719c-2063-47b4-93fa-58b1ccd0b52f",
    "vertices" : [ {
      "x" : 0.309017,
      "y" : -0.809017,
      "z" : 0.618034
    }, {
      "x" : 0.809017,
      "y" : -0.618034,
      "z" : 0.309017
    }, {
      "x" : 0.618034,
      "y" : -0.309017,
      "z" : 0.809017
    }, {
      "x" : 1.0,
      "y" : 0.309017,
      "z" : 0.19098301
    }, {
      "x" : 0.809017,
      "y" : 0.618034,
      "z" : 0.309017
    }, {
      "x" : 0.618034,
      "y" : 0.309017,
      "z" : 0.809017
    }, {
      "x" : 0.809017,
      "y" : 0.0,
      "z" : 0.690983
    }, {
      "x" : 0.19098301,
      "y" : -1.0,
      "z" : 0.309017
    }, {
      "x" : -0.19098301,
      "y" : -1.0,
      "z" : 0.309017
    }, {
      "x" : -0.19098301,
      "y" : -1.0,
      "z" : -0.309017
    }, {
      "x" : 0.19098301,
      "y" : -1.0,
      "z" : -0.309017
    }, {
      "x" : 1.0,
      "y" : -0.309017,
      "z" : -0.19098301
    }, {
      "x" : 0.809017,
      "y" : -0.618034,
      "z" : -0.309017
    }, {
      "x" : 0.618034,
      "y" : -0.309017,
      "z" : -0.809017
    }, {
      "x" : 0.809017,
      "y" : 0.0,
      "z" : -0.690983
    }, {
      "x" : 0.0,
      "y" : 0.690983,
      "z" : -0.809017
    }, {
      "x" : 0.309017,
      "y" : 0.809017,
      "z" : -0.618034
    }, {
      "x" : 0.618034,
      "y" : 0.309017,
      "z" : -0.809017
    }, {
      "x" : 0.309017,
      "y" : 0.19098301,
      "z" : -1.0
    }, {
      "x" : 1.0,
      "y" : 0.309017,
      "z" : -0.19098301
    }, {
      "x" : -0.309017,
      "y" : -0.809017,
      "z" : 0.618034
    }, {
      "x" : 0.0,
      "y" : -0.690983,
      "z" : 0.809017
    }, {
      "x" : 0.809017,
      "y" : 0.618034,
      "z" : -0.309017
    }, {
      "x" : 0.690983,
      "y" : 0.809017,
      "z" : 0.0
    }, {
      "x" : -0.690983,
      "y" : 0.809017,
      "z" : 0.0
    }, {
      "x" : -0.809017,
      "y" : 0.618034,
      "z" : 0.309017
    }, {
      "x" : -0.309017,
      "y" : 0.809017,
      "z" : 0.618034
    }, {
      "x" : -0.19098301,
      "y" : 1.0,
      "z" : 0.309017
    }, {
      "x" : 0.309017,
      "y" : -0.19098301,
      "z" : -1.0
    }, {
      "x" : 0.19098301,
      "y" : 1.0,
      "z" : 0.309017
    }, {
      "x" : 0.309017,
      "y" : 0.809017,
      "z" : 0.618034
    }, {
      "x" : -0.809017,
      "y" : -0.618034,
      "z" : 0.309017
    }, {
      "x" : -0.690983,
      "y" : -0.809017,
      "z" : 0.0
    }, {
      "x" : 0.0,
      "y" : 0.690983,
      "z" : 0.809017
    }, {
      "x" : 0.309017,
      "y" : -0.809017,
      "z" : -0.618034
    }, {
      "x" : 0.0,
      "y" : -0.690983,
      "z" : -0.809017
    }, {
      "x" : -1.0,
      "y" : 0.309017,
      "z" : 0.19098301
    }, {
      "x" : -0.809017,
      "y" : 0.0,
      "z" : 0.690983
    }, {
      "x" : -0.618034,
      "y" : 0.309017,
      "z" : 0.809017
    }, {
      "x" : 1.0,
      "y" : -0.309017,
      "z" : 0.19098301
    }, {
      "x" : -0.309017,
      "y" : -0.809017,
      "z" : -0.618034
    }, {
      "x" : -1.0,
      "y" : 0.309017,
      "z" : -0.19098301
    }, {
      "x" : -1.0,
      "y" : -0.309017,
      "z" : -0.19098301
    }, {
      "x" : -1.0,
      "y" : -0.309017,
      "z" : 0.19098301
    }, {
      "x" : 0.19098301,
      "y" : 1.0,
      "z" : -0.309017
    }, {
      "x" : -0.809017,
      "y" : 0.618034,
      "z" : -0.309017
    }, {
      "x" : -0.19098301,
      "y" : 1.0,
      "z" : -0.309017
    }, {
      "x" : -0.309017,
      "y" : 0.809017,
      "z" : -0.618034
    }, {
      "x" : -0.618034,
      "y" : -0.309017,
      "z" : 0.809017
    }, {
      "x" : 0.309017,
      "y" : 0.19098301,
      "z" : 1.0
    }, {
      "x" : -0.309017,
      "y" : 0.19098301,
      "z" : -1.0
    }, {
      "x" : -0.309017,
      "y" : 0.19098301,
      "z" : 1.0
    }, {
      "x" : -0.309017,
      "y" : -0.19098301,
      "z" : 1.0
    }, {
      "x" : 0.309017,
      "y" : -0.19098301,
      "z" : 1.0
    }, {
      "x" : 0.690983,
      "y" : -0.809017,
      "z" : 0.0
    }, {
      "x" : -0.809017,
      "y" : 0.0,
      "z" : -0.690983
    }, {
      "x" : -0.618034,
      "y" : -0.309017,
      "z" : -0.809017
    }, {
      "x" : -0.309017,
      "y" : -0.19098301,
      "z" : -1.0
    }, {
      "x" : -0.618034,
      "y" : 0.309017,
      "z" : -0.809017
    }, {
      "x" : -0.809017,
      "y" : -0.618034,
      "z" : -0.309017
    } ],
    "faces" : [ {
      "vertices" : [ 9, 40, 35 ]
    }, {
      "vertices" : [ 9, 35, 34 ]
    }, {
      "vertices" : [ 9, 34, 10 ]
    }, {
      "vertices" : [ 0, 1, 2 ]
    }, {
      "vertices" : [ 33, 51, 49 ]
    }, {
      "vertices" : [ 25, 36, 37 ]
    }, {
      "vertices" : [ 25, 37, 38 ]
    }, {
      "vertices" : [ 41, 55, 42 ]
    }, {
      "vertices" : [ 9, 32, 59 ]
    }, {
      "vertices" : [ 9, 59, 40 ]
    }, {
      "vertices" : [ 20, 21, 52 ]
    }, {
      "vertices" : [ 20, 52, 48 ]
    }, {
      "vertices" : [ 26, 33, 30 ]
    }, {
      "vertices" : [ 26, 30, 29 ]
    }, {
      "vertices" : [ 26, 29, 27 ]
    }, {
      "vertices" : [ 3, 4, 5 ]
    }, {
      "vertices" : [ 3, 5, 6 ]
    }, {
      "vertices" : [ 27, 29, 44 ]
    }, {
      "vertices" : [ 27, 44, 46 ]
    }, {
      "vertices" : [ 50, 57, 56 ]
    }, {
      "vertices" : [ 50, 56, 55 ]
    }, {
      "vertices" : [ 50, 55, 58 ]
    }, {
      "vertices" : [ 26, 38, 51 ]
    }, {
      "vertices" : [ 26, 51, 33 ]
    }, {
      "vertices" : [ 45, 47, 58 ]
    }, {
      "vertices" : [ 18, 28, 57 ]
    }, {
      "vertices" : [ 18, 57, 50 ]
    }, {
      "vertices" : [ 40, 59, 56 ]
    }, {
      "vertices" : [ 31, 48, 37 ]
    }, {
      "vertices" : [ 31, 37, 43 ]
    }, {
      "vertices" : [ 7, 8, 9 ]
    }, {
      "vertices" : [ 7, 9, 10 ]
    }, {
      "vertices" : [ 36, 41, 42 ]
    }, {
      "vertices" : [ 36, 42, 43 ]
    }, {
      "vertices" : [ 24, 46, 47 ]
    }, {
      "vertices" : [ 24, 47, 45 ]
    }, {
      "vertices" : [ 4, 30, 5 ]
    }, {
      "vertices" : [ 15, 47, 46 ]
    }, {
      "vertices" : [ 15, 46, 44 ]
    }, {
      "vertices" : [ 15, 44, 16 ]
    }, {
      "vertices" : [ 15, 50, 58 ]
    }, {
      "vertices" : [ 15, 58, 47 ]
    }, {
      "vertices" : [ 24, 45, 41 ]
    }, {
      "vertices" : [ 24, 41, 36 ]
    }, {
      "vertices" : [ 24, 36, 25 ]
    }, {
      "vertices" : [ 11, 14, 19 ]
    }, {
      "vertices" : [ 3, 6, 39 ]
    }, {
      "vertices" : [ 1, 39, 6 ]
    }, {
      "vertices" : [ 1, 6, 2 ]
    }, {
      "vertices" : [ 8, 32, 9 ]
    }, {
      "vertices" : [ 11, 12, 13 ]
    }, {
      "vertices" : [ 11, 13, 14 ]
    }, {
      "vertices" : [ 16, 22, 17 ]
    }, {
      "vertices" : [ 0, 21, 20 ]
    }, {
      "vertices" : [ 0, 20, 8 ]
    }, {
      "vertices" : [ 0, 8, 7 ]
    }, {
      "vertices" : [ 12, 34, 13 ]
    }, {
      "vertices" : [ 35, 40, 56 ]
    }, {
      "vertices" : [ 35, 56, 57 ]
    }, {
      "vertices" : [ 0, 7, 54 ]
    }, {
      "vertices" : [ 0, 54, 1 ]
    }, {
      "vertices" : [ 15, 16, 17 ]
    }, {
      "vertices" : [ 15, 17, 18 ]
    }, {
      "vertices" : [ 3, 19, 22 ]
    }, {
      "vertices" : [ 3, 22, 23 ]
    }, {
      "vertices" : [ 3, 23, 4 ]
    }, {
      "vertices" : [ 7, 10, 54 ]
    }, {
      "vertices" : [ 41, 45, 58 ]
    }, {
      "vertices" : [ 41, 58, 55 ]
    }, {
      "vertices" : [ 3, 39, 11 ]
    }, {
      "vertices" : [ 3, 11, 19 ]
    }, {
      "vertices" : [ 14, 17, 22 ]
    }, {
      "vertices" : [ 14, 22, 19 ]
    }, {
      "vertices" : [ 0, 2, 53 ]
    }, {
      "vertices" : [ 0, 53, 21 ]
    }, {
      "vertices" : [ 49, 51, 52 ]
    }, {
      "vertices" : [ 49, 52, 53 ]
    }, {
      "vertices" : [ 31, 43, 42 ]
    }, {
      "vertices" : [ 31, 42, 59 ]
    }, {
      "vertices" : [ 31, 59, 32 ]
    }, {
      "vertices" : [ 15, 18, 50 ]
    }, {
      "vertices" : [ 42, 55, 56 ]
    }, {
      "vertices" : [ 42, 56, 59 ]
    }, {
      "vertices" : [ 4, 23, 29 ]
    }, {
      "vertices" : [ 4, 29, 30 ]
    }, {
      "vertices" : [ 25, 38, 26 ]
    }, {
      "vertices" : [ 13, 28, 18 ]
    }, {
      "vertices" : [ 13, 18, 17 ]
    }, {
      "vertices" : [ 13, 17, 14 ]
    }, {
      "vertices" : [ 8, 20, 31 ]
    }, {
      "vertices" : [ 8, 31, 32 ]
    }, {
      "vertices" : [ 23, 44, 29 ]
    }, {
      "vertices" : [ 24, 27, 46 ]
    }, {
      "vertices" : [ 37, 48, 52 ]
    }, {
      "vertices" : [ 37, 52, 51 ]
    }, {
      "vertices" : [ 37, 51, 38 ]
    }, {
      "vertices" : [ 20, 48, 31 ]
    }, {
      "vertices" : [ 24, 25, 26 ]
    }, {
      "vertices" : [ 24, 26, 27 ]
    }, {
      "vertices" : [ 16, 44, 23 ]
    }, {
      "vertices" : [ 16, 23, 22 ]
    }, {
      "vertices" : [ 13, 34, 35 ]
    }, {
      "vertices" : [ 13, 35, 28 ]
    }, {
      "vertices" : [ 10, 34, 12 ]
    }, {
      "vertices" : [ 10, 12, 54 ]
    }, {
      "vertices" : [ 2, 6, 5 ]
    }, {
      "vertices" : [ 2, 5, 49 ]
    }, {
      "vertices" : [ 2, 49, 53 ]
    }, {
      "vertices" : [ 36, 43, 37 ]
    }, {
      "vertices" : [ 5, 30, 33 ]
    }, {
      "vertices" : [ 5, 33, 49 ]
    }, {
      "vertices" : [ 1, 54, 12 ]
    }, {
      "vertices" : [ 1, 12, 11 ]
    }, {
      "vertices" : [ 1, 11, 39 ]
    }, {
      "vertices" : [ 28, 35, 57 ]
    }, {
      "vertices" : [ 21, 53, 52 ]
    } ]
  }, {
    "id" : "1966cf10-1a6a-4a15-b78c-bd99de303764",
    "vertices" : [ {
      "x" : 8.431557,
      "y" : 16.396446,
      "z" : 24.961336
    }, {
      "x" : 8.031556,
      "y" : 16.496447,
      "z" : 25.061335
    }, {
      "x" : 0.04057971,
      "y" : 0.5478261,
      "z" : 0.45507246
    }, {
      "x" : 0.4405797,
      "y" : 0.4478261,
      "z" : 0.35507247
    }, {
      "x" : 8.164889,
      "y" : 16.796446,
      "z" : 24.828003
    }, {
      "x" : 8.56489,
      "y" : 16.696445,
      "z" : 24.728003
    }, {
      "x" : 0.3072464,
      "y" : 0.14782609,
      "z" : 0.5884058
    }, {
      "x" : -0.09275363,
      "y" : 0.24782608,
      "z" : 0.6884058
    } ],
    "faces" : [ {
      "vertices" : [ 2, 3, 6 ]
    }, {
      "vertices" : [ 2, 6, 7 ]
    }, {
      "vertices" : [ 0, 5, 4 ]
    }, {
      "vertices" : [ 0, 4, 1 ]
    }, {
      "vertices" : [ 2, 4, 5 ]
    }, {
      "vertices" : [ 2, 5, 3 ]
    }, {
      "vertices" : [ 0, 6, 3 ]
    }, {
      "vertices" : [ 0, 3, 5 ]
    }, {
      "vertices" : [ 0, 1, 7 ]
    }, {
      "vertices" : [ 0, 7, 6 ]
    }, {
      "vertices" : [ 1, 4, 2 ]
    }, {
      "vertices" : [ 1, 2, 7 ]
    } ]
  }, {
    "id" : "22028f13-86cb-4124-a21b-7d92b88eabff",
    "vertices" : [ {
      "x" : 28.240454,
      "y" : 2.8240454,
      "z" : -11.296182
    }, {
      "x" : 2.8240454,
      "y" : 11.296182,
      "z" : -28.240454
    }, {
      "x" : 11.296182,
      "y" : 28.240454,
      "z" : -2.8240454
    } ],
    "faces" : [ {
      "vertices" : [ 0, 1, 2 ]
    }, {
      "vertices" : [ 0, 2, 1 ]
    } ]
  }, {
    "id" : "0eef4d9f-1e5f-4b20-ba36-edd4e2f31084",
    "vertices" : [ {
      "x" : 2.8240454,
      "y" : 11.296182,
      "z" : -28.240454
    }, {
      "x" : 28.240454,
      "y" : 2.8240454,
      "z" : -11.296182
    }, {
      "x" : 16.944271,
      "y" : -25.416409,
      "z" : -8.472136
    }, {
      "x" : -8.472136,
      "y" : -16.944271,
      "z" : -25.416409
    } ],
    "faces" : [ {
      "vertices" : [ 0, 1, 2 ]
    }, {
      "vertices" : [ 0, 2, 3 ]
    }, {
      "vertices" : [ 0, 3, 2 ]
    }, {
      "vertices" : [ 0, 2, 1 ]
    } ]
  }, {
    "id" : "d55f8175-d4b6-4342-8d61-4ccf0332e91e",
    "vertices" : [ {
      "x" : -16.944271,
      "y" : 25.416409,
      "z" : 8.472136
    }, {
      "x" : 11.296182,
      "y" : 28.240454,
      "z" : -2.8240454
    }, {
      "x" : 2.8240454,
      "y" : 11.296182,
      "z" : -28.240454
    }, {
      "x" : -25.416409,
      "y" : 8.472136,
      "z" : -16.944271
    } ],
    "faces" : [ {
      "vertices" : [ 0, 1, 2 ]
    }, {
      "vertices" : [ 0, 2, 3 ]
    }, {
      "vertices" : [ 0, 3, 2 ]
    }, {
      "vertices" : [ 0, 2, 1 ]
    } ]
  }, {
    "id" : "1d42fb40-1832-4f2b-b49f-03fc9f7019c1",
    "vertices" : [ {
      "x" : -16.395554,
      "y" : 7.9644437,
      "z" : 0.13333334
    }, {
      "x" : -16.495554,
      "y" : 8.064444,
      "z" : -0.26666668
    }, {
      "x" : -0.548718,
      "y" : 0.50769234,
      "z" : -0.13333334
    }, {
      "x" : -0.44871795,
      "y" : 0.4076923,
      "z" : 0.26666668
    }, {
      "x" : -16.26222,
      "y" : 8.364444,
      "z" : -0.13333334
    }, {
      "x" : -16.16222,
      "y" : 8.264443,
      "z" : 0.26666668
    }, {
      "x" : -0.6820513,
      "y" : 0.10769231,
      "z" : 0.13333334
    }, {
      "x" : -0.78205127,
      "y" : 0.20769231,
      "z" : -0.26666668
    } ],
    "faces" : [ {
      "vertices" : [ 2, 3, 6 ]
    }, {
      "vertices" : [ 2, 6, 7 ]
    }, {
      "vertices" : [ 0, 5, 4 ]
    }, {
      "vertices" : [ 0, 4, 1 ]
    }, {
      "vertices" : [ 2, 4, 5 ]
    }, {
      "vertices" : [ 2, 5, 3 ]
    }, {
      "vertices" : [ 0, 6, 3 ]
    }, {
      "vertices" : [ 0, 3, 5 ]
    }, {
      "vertices" : [ 0, 1, 7 ]
    }, {
      "vertices" : [ 0, 7, 6 ]
    }, {
      "vertices" : [ 1, 4, 2 ]
    }, {
      "vertices" : [ 1, 2, 7 ]
    } ]
  }, {
    "id" : "604e6146-816a-4218-b253-78431f7a3e7d",
    "vertices" : [ {
      "x" : -24.916409,
      "y" : -0.26666668,
      "z" : 8.149914
    }, {
      "x" : -24.816408,
      "y" : 0.13333334,
      "z" : 8.049913
    }, {
      "x" : -0.5,
      "y" : 0.26666668,
      "z" : 0.32222223
    }, {
      "x" : -0.6,
      "y" : -0.13333334,
      "z" : 0.42222223
    }, {
      "x" : -24.583075,
      "y" : 0.26666668,
      "z" : 8.349914
    }, {
      "x" : -24.683075,
      "y" : -0.13333334,
      "z" : 8.449914
    }, {
      "x" : -0.8333333,
      "y" : -0.26666668,
      "z" : 0.12222222
    }, {
      "x" : -0.73333335,
      "y" : 0.13333334,
      "z" : 0.022222223
    } ],
    "faces" : [ {
      "vertices" : [ 2, 3, 6 ]
    }, {
      "vertices" : [ 2, 6, 7 ]
    }, {
      "vertices" : [ 0, 5, 4 ]
    }, {
      "vertices" : [ 0, 4, 1 ]
    }, {
      "vertices" : [ 2, 4, 5 ]
    }, {
      "vertices" : [ 2, 5, 3 ]
    }, {
      "vertices" : [ 0, 6, 3 ]
    }, {
      "vertices" : [ 0, 3, 5 ]
    }, {
      "vertices" : [ 0, 1, 7 ]
    }, {
      "vertices" : [ 0, 7, 6 ]
    }, {
      "vertices" : [ 1, 4, 2 ]
    }, {
      "vertices" : [ 1, 2, 7 ]
    } ]
  }, {
    "id" : "05d7ef58-d8d8-493a-9906-1918d21465bf",
    "vertices" : [ {
      "x" : -2.8948786,
      "y" : -10.846181,
      "z" : 27.68212
    }, {
      "x" : -2.4948788,
      "y" : -10.946181,
      "z" : 27.78212
    }, {
      "x" : 0.07083333,
      "y" : -0.45,
      "z" : 0.55833334
    }, {
      "x" : -0.32916668,
      "y" : -0.35,
      "z" : 0.45833334
    }, {
      "x" : -2.628212,
      "y" : -11.2461815,
      "z" : 27.548786
    }, {
      "x" : -3.028212,
      "y" : -11.146181,
      "z" : 27.448786
    }, {
      "x" : -0.19583334,
      "y" : -0.05,
      "z" : 0.69166666
    }, {
      "x" : 0.20416667,
      "y" : -0.15,
      "z" : 0.7916667
    } ],
    "faces" : [ {
      "vertices" : [ 2, 3, 6 ]
    }, {
      "vertices" : [ 2, 6, 7 ]
    }, {
      "vertices" : [ 0, 5, 4 ]
    }, {
      "vertices" : [ 0, 4, 1 ]
    }, {
      "vertices" : [ 2, 4, 5 ]
    }, {
      "vertices" : [ 2, 5, 3 ]
    }, {
      "vertices" : [ 0, 6, 3 ]
    }, {
      "vertices" : [ 0, 3, 5 ]
    }, {
      "vertices" : [ 0, 1, 7 ]
    }, {
      "vertices" : [ 0, 7, 6 ]
    }, {
      "vertices" : [ 1, 4, 2 ]
    }, {
      "vertices" : [ 1, 2, 7 ]
    } ]
  }, {
    "id" : "9c73e173-4db9-48cf-b53c-74de295db7be",
    "vertices" : [ {
      "x" : 0.13333334,
      "y" : -24.911646,
      "z" : 16.36332
    }, {
      "x" : -0.26666668,
      "y" : -25.011646,
      "z" : 16.46332
    }, {
      "x" : -0.13333334,
      "y" : -0.50476193,
      "z" : 0.5809524
    }, {
      "x" : 0.26666668,
      "y" : -0.4047619,
      "z" : 0.48095238
    }, {
      "x" : -0.13333334,
      "y" : -24.778313,
      "z" : 16.763319
    }, {
      "x" : 0.26666668,
      "y" : -24.678312,
      "z" : 16.663319
    }, {
      "x" : 0.13333334,
      "y" : -0.63809526,
      "z" : 0.18095239
    }, {
      "x" : -0.26666668,
      "y" : -0.7380952,
      "z" : 0.2809524
    } ],
    "faces" : [ {
      "vertices" : [ 2, 3, 6 ]
    }, {
      "vertices" : [ 2, 6, 7 ]
    }, {
      "vertices" : [ 0, 5, 4 ]
    }, {
      "vertices" : [ 0, 4, 1 ]
    }, {
      "vertices" : [ 2, 4, 5 ]
    }, {
      "vertices" : [ 2, 5, 3 ]
    }, {
      "vertices" : [ 0, 6, 3 ]
    }, {
      "vertices" : [ 0, 3, 5 ]
    }, {
      "vertices" : [ 0, 1, 7 ]
    }, {
      "vertices" : [ 0, 7, 6 ]
    }, {
      "vertices" : [ 1, 4, 2 ]
    }, {
      "vertices" : [ 1, 2, 7 ]
    } ]
  }, {
    "id" : "7143cd29-551b-4eb2-b65b-c3b685a7f73a",
    "vertices" : [ {
      "x" : -25.416409,
      "y" : -16.944271,
      "z" : 0.0
    }, {
      "x" : 0.0,
      "y" : -25.416409,
      "z" : 16.944271
    }, {
      "x" : 16.944271,
      "y" : -25.416409,
      "z" : -8.472136
    }, {
      "x" : -8.472136,
      "y" : -16.944271,
      "z" : -25.416409
    } ],
    "faces" : [ {
      "vertices" : [ 0, 1, 2 ]
    }, {
      "vertices" : [ 0, 2, 3 ]
    }, {
      "vertices" : [ 0, 3, 2 ]
    }, {
      "vertices" : [ 0, 2, 1 ]
    } ]
  }, {
    "id" : "d0afadee-a494-46e6-9558-4c8e33d3ddbc",
    "vertices" : [ {
      "x" : 11.296182,
      "y" : 28.240454,
      "z" : -2.8240454
    }, {
      "x" : 8.472136,
      "y" : 16.944271,
      "z" : 25.416409
    }, {
      "x" : 25.416409,
      "y" : -8.472136,
      "z" : 16.944271
    }, {
      "x" : 28.240454,
      "y" : 2.8240454,
      "z" : -11.296182
    } ],
    "faces" : [ {
      "vertices" : [ 0, 1, 2 ]
    }, {
      "vertices" : [ 0, 2, 3 ]
    }, {
      "vertices" : [ 0, 3, 2 ]
    }, {
      "vertices" : [ 0, 2, 1 ]
    } ]
  }, {
    "id" : "1531fc7d-b7a8-43b6-ad48-765929732e5b",
    "vertices" : [ {
      "x" : 16.944271,
      "y" : -25.416409,
      "z" : -8.472136
    }, {
      "x" : 25.416409,
      "y" : -8.472136,
      "z" : 16.944271
    }, {
      "x" : 0.0,
      "y" : -25.416409,
      "z" : 16.944271
    } ],
    "faces" : [ {
      "vertices" : [ 0, 1, 2 ]
    }, {
      "vertices" : [ 0, 2, 1 ]
    } ]
  }, {
    "id" : "672b0eeb-bc29-4387-9811-b0735ed2fb3a",
    "vertices" : [ {
      "x" : -16.944271,
      "y" : 25.416409,
      "z" : 8.472136
    }, {
      "x" : -16.944271,
      "y" : 0.0,
      "z" : 25.416409
    }, {
      "x" : 8.472136,
      "y" : 16.944271,
      "z" : 25.416409
    } ],
    "faces" : [ {
      "vertices" : [ 0, 1, 2 ]
    }, {
      "vertices" : [ 0, 2, 1 ]
    } ]
  }, {
    "id" : "fe98d4cb-4f12-4409-95b3-fe30e05338ad",
    "vertices" : [ {
      "x" : 8.472136,
      "y" : 16.944271,
      "z" : 25.416409
    }, {
      "x" : -16.944271,
      "y" : 0.0,
      "z" : 25.416409
    }, {
      "x" : 0.0,
      "y" : -25.416409,
      "z" : 16.944271
    }, {
      "x" : 25.416409,
      "y" : -8.472136,
      "z" : 16.944271
    } ],
    "faces" : [ {
      "vertices" : [ 0, 1, 2 ]
    }, {
      "vertices" : [ 0, 2, 3 ]
    }, {
      "vertices" : [ 0, 3, 2 ]
    }, {
      "vertices" : [ 0, 2, 1 ]
    } ]
  }, {
    "id" : "65390853-a89a-4b33-924e-7ba2e6f64e3b",
    "vertices" : [ {
      "x" : -25.416409,
      "y" : -16.944271,
      "z" : 0.0
    }, {
      "x" : 0.0,
      "y" : -25.416409,
      "z" : 16.944271
    }, {
      "x" : -16.944271,
      "y" : 0.0,
      "z" : 25.416409
    } ],
    "faces" : [ {
      "vertices" : [ 0, 1, 2 ]
    }, {
      "vertices" : [ 0, 2, 1 ]
    } ]
  }, {
    "id" : "7e08a2f3-0568-40d4-9504-bfb0a017cad4",
    "vertices" : [ {
      "x" : -25.416409,
      "y" : -16.944271,
      "z" : 0.0
    }, {
      "x" : -25.416409,
      "y" : 8.472136,
      "z" : -16.944271
    }, {
      "x" : -8.472136,
      "y" : -16.944271,
      "z" : -25.416409
    } ],
    "faces" : [ {
      "vertices" : [ 0, 1, 2 ]
    }, {
      "vertices" : [ 0, 2, 1 ]
    } ]
  }, {
    "id" : "ac1d84d2-7b03-40f7-bd0e-d583ac6bef9b",
    "vertices" : [ {
      "x" : 2.8240454,
      "y" : 11.296182,
      "z" : -28.240454
    }, {
      "x" : -8.472136,
      "y" : -16.944271,
      "z" : -25.416409
    }, {
      "x" : -25.416409,
      "y" : 8.472136,
      "z" : -16.944271
    } ],
    "faces" : [ {
      "vertices" : [ 0, 1, 2 ]
    }, {
      "vertices" : [ 0, 2, 1 ]
    } ]
  }, {
    "id" : "a6c72dca-b108-482f-b170-55963e5fe59f",
    "vertices" : [ {
      "x" : 11.296182,
      "y" : 28.240454,
      "z" : -2.8240454
    }, {
      "x" : -16.944271,
      "y" : 25.416409,
      "z" : 8.472136
    }, {
      "x" : 8.472136,
      "y" : 16.944271,
      "z" : 25.416409
    } ],
    "faces" : [ {
      "vertices" : [ 0, 1, 2 ]
    }, {
      "vertices" : [ 0, 2, 1 ]
    } ]
  }, {
    "id" : "5fee7357-a41b-44e9-8824-59b037164a3e",
    "vertices" : [ {
      "x" : 28.240454,
      "y" : 2.8240454,
      "z" : -11.296182
    }, {
      "x" : 25.416409,
      "y" : -8.472136,
      "z" : 16.944271
    }, {
      "x" : 16.944271,
      "y" : -25.416409,
      "z" : -8.472136
    } ],
    "faces" : [ {
      "vertices" : [ 0, 1, 2 ]
    }, {
      "vertices" : [ 0, 2, 1 ]
    } ]
  }, {
    "id" : "170ce757-24d6-4ef2-a914-5f0829f4c123",
    "vertices" : [ {
      "x" : -16.944271,
      "y" : 25.416409,
      "z" : 8.472136
    }, {
      "x" : -25.416409,
      "y" : 8.472136,
      "z" : -16.944271
    }, {
      "x" : -25.416409,
      "y" : -16.944271,
      "z" : 0.0
    }, {
      "x" : -16.944271,
      "y" : 0.0,
      "z" : 25.416409
    } ],
    "faces" : [ {
      "vertices" : [ 0, 1, 2 ]
    }, {
      "vertices" : [ 0, 2, 3 ]
    }, {
      "vertices" : [ 0, 3, 2 ]
    }, {
      "vertices" : [ 0, 2, 1 ]
    } ]
  } ],
  "instances" : [ {
    "shape" : "0da2719c-2063-47b4-93fa-58b1ccd0b52f",
    "color" : "#000000",
    "position" : {
      "x" : -16.944271,
      "y" : 25.416409,
      "z" : 8.472136
    }
  }, {
    "shape" : "1966cf10-1a6a-4a15-b78c-bd99de303764",
    "color" : "#000000",
    "position" : {
      "x" : 0.0,
      "y" : -25.416409,
      "z" : 16.944271
    },
    "orientation" : 46
  }, {
    "shape" : "0da2719c-2063-47b4-93fa-58b1ccd0b52f",
    "color" : "#000000",
    "position" : {
      "x" : -25.416409,
      "y" : 8.472136,
      "z" : -16.944271
    }
  }, {
    "shape" : "22028f13-86cb-4124-a21b-7d92b88eabff",
    "color" : "#F7CF7F",
    "position" : {
      "x" : 0.0,
      "y" : 0.0,
      "z" : 0.0
    }
  }, {
    "shape" : "1966cf10-1a6a-4a15-b78c-bd99de303764",
    "color" : "#000000",
    "position" : {
      "x" : 2.8240454,
      "y" : 11.296182,
      "z" : -28.240454
    },
    "orientation" : 0
  }, {
    "shape" : "0eef4d9f-1e5f-4b20-ba36-edd4e2f31084",
    "color" : "#FFFFFF",
    "position" : {
      "x" : 0.0,
      "y" : 0.0,
      "z" : 0.0
    }
  }, {
    "shape" : "0da2719c-2063-47b4-93fa-58b1ccd0b52f",
    "color" : "#FFFFFF",
    "position" : {
      "x" : 0.0,
      "y" : -16.944271,
      "z" : -8.472136
    }
  }, {
    "shape" : "0da2719c-2063-47b4-93fa-58b1ccd0b52f",
    "color" : "#000000",
    "position" : {
      "x" : 2.8240454,
      "y" : 11.296182,
      "z" : -28.240454
    }
  }, {
    "shape" : "1966cf10-1a6a-4a15-b78c-bd99de303764",
    "color" : "#000000",
    "position" : {
      "x" : -16.944271,
      "y" : 0.0,
      "z" : 25.416409
    },
    "orientation" : 17
  }, {
    "shape" : "d55f8175-d4b6-4342-8d61-4ccf0332e91e",
    "color" : "#FFFFFF",
    "position" : {
      "x" : 0.0,
      "y" : 0.0,
      "z" : 0.0
    }
  }, {
    "shape" : "1d42fb40-1832-4f2b-b49f-03fc9f7019c1",
    "color" : "#B8860B",
    "position" : {
      "x" : 0.0,
      "y" : -16.944271,
      "z" : -8.472136
    },
    "orientation" : 32
  }, {
    "shape" : "604e6146-816a-4218-b253-78431f7a3e7d",
    "color" : "#FFFFFF",
    "position" : {
      "x" : -16.944271,
      "y" : 0.0,
      "z" : 25.416409
    },
    "orientation" : 2
  }, {
    "shape" : "1966cf10-1a6a-4a15-b78c-bd99de303764",
    "color" : "#000000",
    "position" : {
      "x" : 16.944271,
      "y" : -25.416409,
      "z" : -8.472136
    },
    "orientation" : 0
  }, {
    "shape" : "05d7ef58-d8d8-493a-9906-1918d21465bf",
    "color" : "#000000",
    "position" : {
      "x" : 2.8240454,
      "y" : 11.296182,
      "z" : -28.240454
    },
    "orientation" : 46
  }, {
    "shape" : "604e6146-816a-4218-b253-78431f7a3e7d",
    "color" : "#FFFFFF",
    "position" : {
      "x" : 0.0,
      "y" : -16.944271,
      "z" : -8.472136
    },
    "orientation" : 0
  }, {
    "shape" : "05d7ef58-d8d8-493a-9906-1918d21465bf",
    "color" : "#000000",
    "position" : {
      "x" : 2.8240454,
      "y" : 11.296182,
      "z" : -28.240454
    },
    "orientation" : 17
  }, {
    "shape" : "9c73e173-4db9-48cf-b53c-74de295db7be",
    "color" : "#000000",
    "position" : {
      "x" : 0.0,
      "y" : -25.416409,
      "z" : 16.944271
    },
    "orientation" : 1
  }, {
    "shape" : "05d7ef58-d8d8-493a-9906-1918d21465bf",
    "color" : "#000000",
    "position" : {
      "x" : 28.240454,
      "y" : 2.8240454,
      "z" : -11.296182
    },
    "orientation" : 17
  }, {
    "shape" : "9c73e173-4db9-48cf-b53c-74de295db7be",
    "color" : "#000000",
    "position" : {
      "x" : -8.472136,
      "y" : -16.944271,
      "z" : -25.416409
    },
    "orientation" : 46
  }, {
    "shape" : "1966cf10-1a6a-4a15-b78c-bd99de303764",
    "color" : "#000000",
    "position" : {
      "x" : 11.296182,
      "y" : 28.240454,
      "z" : -2.8240454
    },
    "orientation" : 17
  }, {
    "shape" : "0da2719c-2063-47b4-93fa-58b1ccd0b52f",
    "color" : "#000000",
    "position" : {
      "x" : 11.296182,
      "y" : 28.240454,
      "z" : -2.8240454
    }
  }, {
    "shape" : "0da2719c-2063-47b4-93fa-58b1ccd0b52f",
    "color" : "#FFFFFF",
    "position" : {
      "x" : -16.944271,
      "y" : 8.472136,
      "z" : 0.0
    }
  }, {
    "shape" : "1966cf10-1a6a-4a15-b78c-bd99de303764",
    "color" : "#000000",
    "position" : {
      "x" : 16.944271,
      "y" : -25.416409,
      "z" : -8.472136
    },
    "orientation" : 46
  }, {
    "shape" : "05d7ef58-d8d8-493a-9906-1918d21465bf",
    "color" : "#000000",
    "position" : {
      "x" : 28.240454,
      "y" : 2.8240454,
      "z" : -11.296182
    },
    "orientation" : 0
  }, {
    "shape" : "604e6146-816a-4218-b253-78431f7a3e7d",
    "color" : "#FFFFFF",
    "position" : {
      "x" : -16.944271,
      "y" : 8.472136,
      "z" : 0.0
    },
    "orientation" : 46
  }, {
    "shape" : "1966cf10-1a6a-4a15-b78c-bd99de303764",
    "color" : "#000000",
    "position" : {
      "x" : 28.240454,
      "y" : 2.8240454,
      "z" : -11.296182
    },
    "orientation" : 46
  }, {
    "shape" : "7143cd29-551b-4eb2-b65b-c3b685a7f73a",
    "color" : "#FFFFFF",
    "position" : {
      "x" : 0.0,
      "y" : 0.0,
      "z" : 0.0
    }
  }, {
    "shape" : "9c73e173-4db9-48cf-b53c-74de295db7be",
    "color" : "#000000",
    "position" : {
      "x" : -16.944271,
      "y" : 0.0,
      "z" : 25.416409
    },
    "orientation" : 47
  }, {
    "shape" : "05d7ef58-d8d8-493a-9906-1918d21465bf",
    "color" : "#000000",
    "position" : {
      "x" : 11.296182,
      "y" : 28.240454,
      "z" : -2.8240454
    },
    "orientation" : 0
  }, {
    "shape" : "604e6146-816a-4218-b253-78431f7a3e7d",
    "color" : "#FFFFFF",
    "position" : {
      "x" : 8.472136,
      "y" : 0.0,
      "z" : 16.944271
    },
    "orientation" : 0
  }, {
    "shape" : "1d42fb40-1832-4f2b-b49f-03fc9f7019c1",
    "color" : "#B8860B",
    "position" : {
      "x" : -16.944271,
      "y" : 8.472136,
      "z" : 0.0
    },
    "orientation" : 32
  }, {
    "shape" : "0da2719c-2063-47b4-93fa-58b1ccd0b52f",
    "color" : "#000000",
    "position" : {
      "x" : 25.416409,
      "y" : -8.472136,
      "z" : 16.944271
    }
  }, {
    "shape" : "604e6146-816a-4218-b253-78431f7a3e7d",
    "color" : "#FFFFFF",
    "position" : {
      "x" : 0.0,
      "y" : -16.944271,
      "z" : -8.472136
    },
    "orientation" : 17
  }, {
    "shape" : "9c73e173-4db9-48cf-b53c-74de295db7be",
    "color" : "#000000",
    "position" : {
      "x" : 25.416409,
      "y" : -8.472136,
      "z" : 16.944271
    },
    "orientation" : 17
  }, {
    "shape" : "d0afadee-a494-46e6-9558-4c8e33d3ddbc",
    "color" : "#FFFFFF",
    "position" : {
      "x" : 0.0,
      "y" : 0.0,
      "z" : 0.0
    }
  }, {
    "shape" : "1d42fb40-1832-4f2b-b49f-03fc9f7019c1",
    "color" : "#B8860B",
    "position" : {
      "x" : 8.472136,
      "y" : 16.944271,
      "z" : 25.416409
    },
    "orientation" : 46
  }, {
    "shape" : "1531fc7d-b7a8-43b6-ad48-765929732e5b",
    "color" : "#FFFFFF",
    "position" : {
      "x" : 0.0,
      "y" : 0.0,
      "z" : 0.0
    }
  }, {
    "shape" : "0da2719c-2063-47b4-93fa-58b1ccd0b52f",
    "color" : "#000000",
    "position" : {
      "x" : 8.472136,
      "y" : 16.944271,
      "z" : 25.416409
    }
  }, {
    "shape" : "05d7ef58-d8d8-493a-9906-1918d21465bf",
    "color" : "#000000",
    "position" : {
      "x" : 11.296182,
      "y" : 28.240454,
      "z" : -2.8240454
    },
    "orientation" : 46
  }, {
    "shape" : "0da2719c-2063-47b4-93fa-58b1ccd0b52f",
    "color" : "#000000",
    "position" : {
      "x" : -16.944271,
      "y" : 0.0,
      "z" : 25.416409
    }
  }, {
    "shape" : "604e6146-816a-4218-b253-78431f7a3e7d",
    "color" : "#FFFFFF",
    "position" : {
      "x" : 0.0,
      "y" : -25.416409,
      "z" : 16.944271
    },
    "orientation" : 16
  }, {
    "shape" : "1966cf10-1a6a-4a15-b78c-bd99de303764",
    "color" : "#FFFFFF",
    "position" : {
      "x" : -16.944271,
      "y" : 8.472136,
      "z" : 0.0
    },
    "orientation" : 17
  }, {
    "shape" : "9c73e173-4db9-48cf-b53c-74de295db7be",
    "color" : "#000000",
    "position" : {
      "x" : -16.944271,
      "y" : 25.416409,
      "z" : 8.472136
    },
    "orientation" : 0
  }, {
    "shape" : "0da2719c-2063-47b4-93fa-58b1ccd0b52f",
    "color" : "#FFFFFF",
    "position" : {
      "x" : 8.472136,
      "y" : 0.0,
      "z" : 16.944271
    }
  }, {
    "shape" : "1966cf10-1a6a-4a15-b78c-bd99de303764",
