{
  "field" : "golden",
  "symmetry" : "icosahedral",
  "orientations" : [ [ 1.0, 0.0, 0.0, 0.0, 0.0, 1.0, 0.0, 0.0, 0.0, 0.0, 1.0, 0.0, 0.0, 0.0, 0.0, 1.0 ], [ 0.0, 0.0, 1.0, 0.0, 1.0, 0.0, 0.0, 0.0, 0.0, 1.0, 0.0, 0.0, 0.0, 0.0, 0.0, 1.0 ], [ 0.0, 1.0, 0.0, 0.0, 0.0, 0.0, 1.0, 0.0, 1.0, 0.0, 0.0, 0.0, 0.0, 0.0, 0.0, 1.0 ], [ 0.809017, 0.309017, 0.5, 0.0, 0.309017, 0.5, -0.809017, 0.0, -0.5, 0.809017, 0.309017, 0.0, 0.0, 0.0, 0.0, 1.0 ], [ -0.5, 0.809017, 0.309017, 0.0, 0.809017, 0.309017, 0.5, 0.0, 0.309017, 0.5, -0.809017, 0.0, 0.0, 0.0, 0.0, 1.0 ], [ 0.309017, 0.5, -0.809017, 0.0, -0.5, 0.809017, 0.309017, 0.0, 0.809017, 0.309017, 0.5, 0.0, 0.0, 0.0, 0.0, 1.0 ], [ 0.5, 0.809017, 0.309017, 0.0, 0.809017, -0.309017, -0.5, 0.0, -0.309017, 0.5, -0.809017, 0.0, 0.0, 0.0, 0.0, 1.0 ], [ -0.309017, 0.5, -0.809017, 0.0, 0.5, 0.809017, 0.309017, 0.0, 0.809017, -0.309017, -0.5, 0.0, 0.0, 0.0, 0.0, 1.0 ], [ 0.809017, -0.309017, -0.5, 0.0, -0.309017, 0.5, -0.809017, 0.0, 0.5, 0.809017, 0.309017, 0.0, 0.0, 0.0, 0.0, 1.0 ], [ 0.5, 0.809017, -0.309017, 0.0, 0.809017, -0.309017, 0.5, 0.0, 0.309017, -0.5, -0.809017, 0.0, 0.0, 0.0, 0.0, 1.0 ], [ 0.309017, -0.5, -0.809017, 0.0, 0.5, 0.809017, -0.309017, 0.0, 0.809017, -0.309017, 0.5, 0.0, 0.0, 0.0, 0.0, 1.0 ], [ 0.809017, -0.309017, 0.5, 0.0, 0.309017, -0.5, -0.809017, 0.0, 0.5, 0.809017, -0.309017, 0.0, 0.0, 0.0, 0.0, 1.0 ], [ 0.809017, 0.309017, -0.5, 0.0, 0.309017, 0.5, 0.809017, 0.0, 0.5, -0.809017, 0.309017, 0.0, 0.0, 0.0, 0.0, 1.0 ], [ 0.5, -0.809017, 0.309017, 0.0, 0.809017, 0.309017, -0.5, 0.0, 0.309017, 0.5, 0.809017, 0.0, 0.0, 0.0, 0.0, 1.0 ], [ 0.309017, 0.5, 0.809017, 0.0, 0.5, -0.809017, 0.309017, 0.0, 0.809017, 0.309017, -0.5, 0.0, 0.0, 0.0, 0.0, 1.0 ], [ 1.0, 0.0, 0.0, 0.0, 0.0, -1.0, 0.0, 0.0, 0.0, 0.0, -1.0, 0.0, 0.0, 0.0, 0.0, 1.0 ], [ 0.0, 0.0, 1.0, 0.0, -1.0, 0.0, 0.0, 0.0, 0.0, -1.0, 0.0, 0.0, 0.0, 0.0, 0.0, 1.0 ], [ 0.0, 1.0, 0.0, 0.0, 0.0, 0.0, -1.0, 0.0, -1.0, 0.0, 0.0, 0.0, 0.0, 0.0, 0.0, 1.0 ], [ 0.809017, 0.309017, 0.5, 0.0, -0.309017, -0.5, 0.809017, 0.0, 0.5, -0.809017, -0.309017, 0.0, 0.0, 0.0, 0.0, 1.0 ], [ -0.5, 0.809017, 0.309017, 0.0, -0.809017, -0.309017, -0.5, 0.0, -0.309017, -0.5, 0.809017, 0.0, 0.0, 0.0, 0.0, 1.0 ], [ 0.309017, 0.5, -0.809017, 0.0, 0.5, -0.809017, -0.309017, 0.0, -0.809017, -0.309017, -0.5, 0.0, 0.0, 0.0, 0.0, 1.0 ], [ 0.5, 0.809017, 0.309017, 0.0, -0.809017, 0.309017, 0.5, 0.0, 0.309017, -0.5, 0.809017, 0.0, 0.0, 0.0, 0.0, 1.0 ], [ -0.309017, 0.5, -0.809017, 0.0, -0.5, -0.809017, -0.309017, 0.0, -0.809017, 0.309017, 0.5, 0.0, 0.0, 0.0, 0.0, 1.0 ], [ 0.809017, -0.309017, -0.5, 0.0, 0.309017, -0.5, 0.809017, 0.0, -0.5, -0.809017, -0.309017, 0.0, 0.0, 0.0, 0.0, 1.0 ], [ 0.5, 0.809017, -0.309017, 0.0, -0.809017, 0.309017, -0.5, 0.0, -0.309017, 0.5, 0.809017, 0.0, 0.0, 0.0, 0.0, 1.0 ], [ 0.309017, -0.5, -0.809017, 0.0, -0.5, -0.809017, 0.309017, 0.0, -0.809017, 0.309017, -0.5, 0.0, 0.0, 0.0, 0.0, 1.0 ], [ 0.809017, -0.309017, 0.5, 0.0, -0.309017, 0.5, 0.809017, 0.0, -0.5, -0.809017, 0.309017, 0.0, 0.0, 0.0, 0.0, 1.0 ], [ 0.809017, 0.309017, -0.5, 0.0, -0.309017, -0.5, -0.809017, 0.0, -0.5, 0.809017, -0.309017, 0.0, 0.0, 0.0, 0.0, 1.0 ], [ 0.5, -0.809017, 0.309017, 0.0, -0.809017, -0.309017, 0.5, 0.0, -0.309017, -0.5, -0.809017, 0.0, 0.0, 0.0, 0.0, 1.0 ], [ 0.309017, 0.5, 0.809017, 0.0, -0.5, 0.809017, -0.309017, 0.0, -0.809017, -0.309017, 0.5, 0.0, 0.0, 0.0, 0.0, 1.0 ], [ -1.0, 0.0, 0.0, 0.0, 0.0, -1.0, 0.0, 0.0, 0.0, 0.0, 1.0, 0.0, 0.0, 0.0, 0.0, 1.0 ], [ 0.0, 0.0, -1.0, 0.0, -1.0, 0.0, 0.0, 0.0, 0.0, 1.0, 0.0, 0.0, 0.0, 0.0, 0.0, 1.0 ], [ 0.0, -1.0, 0.0, 0.0, 0.0, 0.0, -1.0, 0.0, 1.0, 0.0, 0.0, 0.0, 0.0, 0.0, 0.0, 1.0 ], [ -0.809017, -0.309017, -0.5, 0.0, -0.309017, -0.5, 0.809017, 0.0, -0.5, 0.809017, 0.309017, 0.0, 0.0, 0.0, 0.0, 1.0 ], [ 0.5, -0.809017, -0.309017, 0.0, -0.809017, -0.309017, -0.5, 0.0, 0.309017, 0.5, -0.809017, 0.0, 0.0, 0.0, 0.0, 1.0 ], [ -0.309017, -0.5, 0.809017, 0.0, 0.5, -0.809017, -0.309017, 0.0, 0.809017, 0.309017, 0.5, 0.0, 0.0, 0.0, 0.0, 1.0 ], [ -0.5, -0.809017, -0.309017, 0.0, -0.809017, 0.309017, 0.5, 0.0, -0.309017, 0.5, -0.809017, 0.0, 0.0, 0.0, 0.0, 1.0 ], [ 0.309017, -0.5, 0.809017, 0.0, -0.5, -0.809017, -0.309017, 0.0, 0.809017, -0.309017, -0.5, 0.0, 0.0, 0.0, 0.0, 1.0 ], [ -0.809017, 0.309017, 0.5, 0.0, 0.309017, -0.5, 0.809017, 0.0, 0.5, 0.809017, 0.309017, 0.0, 0.0, 0.0, 0.0, 1.0 ], [ -0.5, -0.809017, 0.309017, 0.0, -0.809017, 0.309017, -0.5, 0.0, 0.309017, -0.5, -0.809017, 0.0, 0.0, 0.0, 0.0, 1.0 ], [ -0.309017, 0.5, 0.809017, 0.0, -0.5, -0.809017, 0.309017, 0.0, 0.809017, -0.309017, 0.5, 0.0, 0.0, 0.0, 0.0, 1.0 ], [ -0.809017, 0.309017, -0.5, 0.0, -0.309017, 0.5, 0.809017, 0.0, 0.5, 0.809017, -0.309017, 0.0, 0.0, 0.0, 0.0, 1.0 ], [ -0.809017, -0.309017, 0.5, 0.0, -0.309017, -0.5, -0.809017, 0.0, 0.5, -0.809017, 0.309017, 0.0, 0.0, 0.0, 0.0, 1.0 ], [ -0.5, 0.809017, -0.309017, 0.0, -0.809017, -0.309017, 0.5, 0.0, 0.309017, 0.5, 0.809017, 0.0, 0.0, 0.0, 0.0, 1.0 ], [ -0.309017, -0.5, -0.809017, 0.0, -0.5, 0.809017, -0.309017, 0.0, 0.809017, 0.309017, -0.5, 0.0, 0.0, 0.0, 0.0, 1.0 ], [ -1.0, 0.0, 0.0, 0.0, 0.0, 1.0, 0.0, 0.0, 0.0, 0.0, -1.0, 0.0, 0.0, 0.0, 0.0, 1.0 ], [ 0.0, 0.0, -1.0, 0.0, 1.0, 0.0, 0.0, 0.0, 0.0, -1.0, 0.0, 0.0, 0.0, 0.0, 0.0, 1.0 ], [ 0.0, -1.0, 0.0, 0.0, 0.0, 0.0, 1.0, 0.0, -1.0, 0.0, 0.0, 0.0, 0.0, 0.0, 0.0, 1.0 ], [ -0.809017, -0.309017, -0.5, 0.0, 0.309017, 0.5, -0.809017, 0.0, 0.5, -0.809017, -0.309017, 0.0, 0.0, 0.0, 0.0, 1.0 ], [ 0.5, -0.809017, -0.309017, 0.0, 0.809017, 0.309017, 0.5, 0.0, -0.309017, -0.5, 0.809017, 0.0, 0.0, 0.0, 0.0, 1.0 ], [ -0.309017, -0.5, 0.809017, 0.0, -0.5, 0.809017, 0.309017, 0.0, -0.809017, -0.309017, -0.5, 0.0, 0.0, 0.0, 0.0, 1.0 ], [ -0.5, -0.809017, -0.309017, 0.0, 0.809017, -0.309017, -0.5, 0.0, 0.309017, -0.5, 0.809017, 0.0, 0.0, 0.0, 0.0, 1.0 ], [ 0.309017, -0.5, 0.809017, 0.0, 0.5, 0.809017, 0.309017, 0.0, -0.809017, 0.309017, 0.5, 0.0, 0.0, 0.0, 0.0, 1.0 ], [ -0.809017, 0.309017, 0.5, 0.0, -0.309017, 0.5, -0.809017, 0.0, -0.5, -0.809017, -0.309017, 0.0, 0.0, 0.0, 0.0, 1.0 ], [ -0.5, -0.809017, 0.309017, 0.0, 0.809017, -0.309017, 0.5, 0.0, -0.309017, 0.5, 0.809017, 0.0, 0.0, 0.0, 0.0, 1.0 ], [ -0.309017, 0.5, 0.809017, 0.0, 0.5, 0.809017, -0.309017, 0.0, -0.809017, 0.309017, -0.5, 0.0, 0.0, 0.0, 0.0, 1.0 ], [ -0.809017, 0.309017, -0.5, 0.0, 0.309017, -0.5, -0.809017, 0.0, -0.5, -0.809017, 0.309017, 0.0, 0.0, 0.0, 0.0, 1.0 ], [ -0.809017, -0.309017, 0.5, 0.0, 0.309017, 0.5, 0.809017, 0.0, -0.5, 0.809017, -0.309017, 0.0, 0.0, 0.0, 0.0, 1.0 ], [ -0.5, 0.809017, -0.309017, 0.0, 0.809017, 0.309017, -0.5, 0.0, -0.309017, -0.5, -0.809017, 0.0, 0.0, 0.0, 0.0, 1.0 ], [ -0.309017, -0.5, -0.809017, 0.0, 0.5, -0.809017, 0.309017, 0.0, -0.809017, -0.309017, 0.5, 0.0, 0.0, 0.0, 0.0, 1.0 ] ],
  "lights" : {
    "directionalLights" : [ {
      "direction" : {
        "x" : 1.0,
        "y" : -1.0,
        "z" : -1.0
      },
      "color" : "#EBEBE4"
    }, {
      "direction" : {
        "x" : -1.0,
        "y" : 0.0,
        "z" : 0.0
      },
      "color" : "#E4E4EB"
    }, {
      "direction" : {
        "x" : 0.0,
        "y" : 0.0,
        "z" : -1.0
      },
      "color" : "#1E1E1E"
    } ],
    "ambientColor" : "#292929",
    "backgroundColor" : "#AFC8DC"
  },
  "camera" : {
    "position" : {
      "x" : -48.041576,
      "y" : -17.312813,
      "z" : 163.20366
    },
    "width" : 75.97254,
    "lookAtPoint" : {
      "x" : -6.854102,
      "y" : -4.236068,
      "z" : 0.0
    },
    "viewDistance" : 168.82784,
    "perspective" : false,
    "fieldOfView" : 0.44262898,
    "farClipDistance" : 337.65555,
    "nearClipDistance" : 0.42206964,
    "stereo" : false,
    "upDirection" : {
      "x" : 0.6656494,
      "y" : 0.7115375,
      "z" : 0.22500114
    },
    "lookDirection" : {
      "x" : 0.2439614,
      "y" : 0.0774561,
      "z" : -0.9666869
    }
  },
  "embedding" : [ 1.0, 0.0, 0.0, 0.0, 0.0, 1.0, 0.0, 0.0, 0.0, 0.0, 1.0, 0.0, 0.0, 0.0, 0.0, 1.0 ],
  "shapes" : [ {
    "id" : "dcf9a3a9-e0f6-4002-af15-e3d779470436",
    "vertices" : [ {
      "x" : 1.0,
      "y" : 0.309017,
      "z" : 0.19098301
    }, {
      "x" : 1.0,
      "y" : -0.309017,
      "z" : 0.19098301
    }, {
      "x" : 7.472136,
      "y" : -0.309017,
      "z" : 0.19098301
    }, {
      "x" : 7.472136,
      "y" : 0.309017,
      "z" : 0.19098301
    }, {
      "x" : 7.472136,
      "y" : -0.309017,
      "z" : -0.19098301
    }, {
      "x" : 7.472136,
      "y" : 0.309017,
      "z" : -0.19098301
    }, {
      "x" : 8.09017,
      "y" : 0.0,
      "z" : 0.0
    }, {
      "x" : 0.38196602,
      "y" : 0.0,
      "z" : 0.0
    }, {
      "x" : 1.0,
      "y" : 0.309017,
      "z" : -0.19098301
    }, {
      "x" : 1.0,
      "y" : -0.309017,
      "z" : -0.19098301
    }, {
      "x" : 8.472136,
      "y" : 0.0,
      "z" : 0.0
    } ],
    "faces" : [ {
      "vertices" : [ 1, 9, 4 ]
    }, {
      "vertices" : [ 1, 4, 2 ]
    }, {
      "vertices" : [ 0, 3, 5 ]
    }, {
      "vertices" : [ 0, 5, 8 ]
    }, {
      "vertices" : [ 1, 7, 9 ]
    }, {
      "vertices" : [ 0, 1, 2 ]
    }, {
      "vertices" : [ 0, 2, 3 ]
    }, {
      "vertices" : [ 7, 8, 9 ]
    }, {
      "vertices" : [ 0, 7, 1 ]
    }, {
      "vertices" : [ 4, 9, 8 ]
    }, {
      "vertices" : [ 4, 8, 5 ]
    }, {
      "vertices" : [ 2, 6, 3 ]
    }, {
      "vertices" : [ 2, 4, 6 ]
    }, {
      "vertices" : [ 3, 6, 5 ]
    }, {
      "vertices" : [ 4, 5, 6 ]
    }, {
      "vertices" : [ 0, 8, 7 ]
    } ]
  }, {
    "id" : "b126670a-bc8d-4010-9a03-608df4821913",
    "vertices" : [ {
      "x" : 0.309017,
      "y" : -0.309017,
      "z" : -0.309017
    }, {
      "x" : 0.5,
      "y" : 0.0,
      "z" : -0.19098301
    }, {
      "x" : 0.5,
      "y" : 0.0,
      "z" : 0.19098301
    }, {
      "x" : 0.309017,
      "y" : -0.309017,
      "z" : 0.309017
    }, {
      "x" : 0.19098301,
      "y" : -0.5,
      "z" : 0.0
    }, {
      "x" : 0.0,
      "y" : 0.19098301,
      "z" : 0.5
    }, {
      "x" : 0.0,
      "y" : -0.19098301,
      "z" : 0.5
    }, {
      "x" : 0.309017,
      "y" : 0.309017,
      "z" : 0.309017
    }, {
      "x" : -0.309017,
      "y" : -0.309017,
      "z" : 0.309017
    }, {
      "x" : -0.309017,
      "y" : 0.309017,
      "z" : 0.309017
    }, {
      "x" : -0.5,
      "y" : 0.0,
      "z" : 0.19098301
    }, {
      "x" : 0.0,
      "y" : -0.19098301,
      "z" : -0.5
    }, {
      "x" : 0.0,
      "y" : 0.19098301,
      "z" : -0.5
    }, {
      "x" : 0.309017,
      "y" : 0.309017,
      "z" : -0.309017
    }, {
      "x" : -0.309017,
      "y" : -0.309017,
      "z" : -0.309017
    }, {
      "x" : -0.19098301,
      "y" : -0.5,
      "z" : 0.0
    }, {
      "x" : -0.5,
      "y" : 0.0,
      "z" : -0.19098301
    }, {
      "x" : 0.19098301,
      "y" : 0.5,
      "z" : 0.0
    }, {
      "x" : -0.309017,
      "y" : 0.309017,
      "z" : -0.309017
    }, {
      "x" : 0.0,
      "y" : 0.0,
      "z" : 0.0
    }, {
      "x" : -0.19098301,
      "y" : 0.5,
      "z" : 0.0
    } ],
    "faces" : [ {
      "vertices" : [ 12, 18, 20 ]
    }, {
      "vertices" : [ 12, 20, 17 ]
    }, {
      "vertices" : [ 12, 17, 13 ]
    }, {
      "vertices" : [ 3, 6, 8 ]
    }, {
      "vertices" : [ 3, 8, 15 ]
    }, {
      "vertices" : [ 3, 15, 4 ]
    }, {
      "vertices" : [ 0, 11, 12 ]
    }, {
      "vertices" : [ 0, 12, 13 ]
    }, {
      "vertices" : [ 0, 13, 1 ]
    }, {
      "vertices" : [ 5, 9, 10 ]
    }, {
      "vertices" : [ 5, 10, 8 ]
    }, {
      "vertices" : [ 5, 8, 6 ]
    }, {
      "vertices" : [ 2, 7, 5 ]
    }, {
      "vertices" : [ 2, 5, 6 ]
    }, {
      "vertices" : [ 2, 6, 3 ]
    }, {
      "vertices" : [ 11, 14, 16 ]
    }, {
      "vertices" : [ 11, 16, 18 ]
    }, {
      "vertices" : [ 11, 18, 12 ]
    }, {
      "vertices" : [ 1, 13, 17 ]
    }, {
      "vertices" : [ 1, 17, 7 ]
    }, {
      "vertices" : [ 1, 7, 2 ]
    }, {
      "vertices" : [ 9, 20, 18 ]
    }, {
      "vertices" : [ 9, 18, 16 ]
    }, {
      "vertices" : [ 9, 16, 10 ]
    }, {
      "vertices" : [ 0, 1, 2 ]
    }, {
      "vertices" : [ 0, 2, 3 ]
    }, {
      "vertices" : [ 0, 3, 4 ]
    }, {
      "vertices" : [ 5, 7, 17 ]
    }, {
      "vertices" : [ 5, 17, 20 ]
    }, {
      "vertices" : [ 5, 20, 9 ]
    }, {
      "vertices" : [ 0, 4, 15 ]
    }, {
      "vertices" : [ 0, 15, 14 ]
    }, {
      "vertices" : [ 0, 14, 11 ]
    }, {
      "vertices" : [ 8, 10, 16 ]
    }, {
      "vertices" : [ 8, 16, 14 ]
    }, {
      "vertices" : [ 8, 14, 15 ]
    } ]
  }, {
    "id" : "859e3dff-c5e2-4d1e-a503-a1d1bdb0ae8d",
    "vertices" : [ {
      "x" : 0.9045085,
      "y" : 0.3454915,
      "z" : 0.25
    }, {
      "x" : 6.8641834,
      "y" : 4.0287733,
      "z" : 0.25
    }, {
      "x" : 6.6732,
      "y" : 4.33779,
      "z" : 0.25
    }, {
      "x" : 0.7135255,
      "y" : 0.6545085,
      "z" : 0.25
    }, {
      "x" : 0.809017,
      "y" : 0.5,
      "z" : -0.309017
    }, {
      "x" : 0.9635255,
      "y" : 0.25,
      "z" : -0.095491506
    }, {
      "x" : 0.309017,
      "y" : 0.19098301,
      "z" : 0.0
    }, {
      "x" : 7.2686915,
      "y" : 4.4922986,
      "z" : 0.0
    }, {
      "x" : 6.6141834,
      "y" : 4.4332814,
      "z" : -0.095491506
    }, {
      "x" : 6.7686915,
      "y" : 4.1832814,
      "z" : -0.309017
    }, {
      "x" : 7.5777087,
      "y" : 4.6832814,
      "z" : 0.0
    }, {
      "x" : 0.6545085,
      "y" : 0.75,
      "z" : -0.095491506
    }, {
      "x" : 6.9232,
      "y" : 3.9332817,
      "z" : -0.095491506
    } ],
    "faces" : [ {
      "vertices" : [ 4, 11, 8 ]
    }, {
      "vertices" : [ 4, 8, 9 ]
    }, {
      "vertices" : [ 0, 1, 2 ]
    }, {
      "vertices" : [ 0, 2, 3 ]
    }, {
      "vertices" : [ 0, 3, 6 ]
    }, {
      "vertices" : [ 1, 7, 2 ]
    }, {
      "vertices" : [ 0, 6, 5 ]
    }, {
      "vertices" : [ 4, 5, 6 ]
    }, {
      "vertices" : [ 2, 7, 8 ]
    }, {
      "vertices" : [ 0, 5, 12 ]
    }, {
      "vertices" : [ 0, 12, 1 ]
    }, {
      "vertices" : [ 1, 12, 7 ]
    }, {
      "vertices" : [ 3, 11, 6 ]
    }, {
      "vertices" : [ 4, 6, 11 ]
    }, {
      "vertices" : [ 7, 9, 8 ]
    }, {
      "vertices" : [ 2, 8, 11 ]
    }, {
      "vertices" : [ 2, 11, 3 ]
    }, {
      "vertices" : [ 7, 12, 9 ]
    }, {
      "vertices" : [ 4, 9, 12 ]
    }, {
      "vertices" : [ 4, 12, 5 ]
    } ]
  }, {
    "id" : "e3ab9a58-b4e0-4cbe-aca7-8f9bbfe26979",
    "vertices" : [ {
      "x" : 6.1405764,
      "y" : 1.0163119,
      "z" : -1.3354102
    }, {
      "x" : 6.5086102,
      "y" : 1.1118034,
      "z" : -1.7989357
    }, {
      "x" : 1.0954915,
      "y" : 0.1545085,
      "z" : 0.059016995
    }, {
      "x" : 5.9495935,
      "y" : 1.325329,
      "z" : -1.8354102
    }, {
      "x" : 0.9045085,
      "y" : 0.4635255,
      "z" : -0.440983
    }, {
      "x" : 5.9495935,
      "y" : 0.7072949,
      "z" : -1.4534442
    }, {
      "x" : 0.9045085,
      "y" : -0.1545085,
      "z" : -0.059016995
    }, {
      "x" : 5.7586102,
      "y" : 1.0163119,
      "z" : -1.9534442
    }, {
      "x" : 6.854102,
      "y" : 1.1708204,
      "z" : -1.8944272
    }, {
      "x" : 0.3454915,
      "y" : 0.059016995,
      "z" : -0.095491506
    }, {
      "x" : 0.7135255,
      "y" : 0.1545085,
      "z" : -0.559017
    } ],
    "faces" : [ {
      "vertices" : [ 2, 9, 6 ]
    }, {
      "vertices" : [ 0, 1, 3 ]
    }, {
      "vertices" : [ 0, 5, 1 ]
    }, {
      "vertices" : [ 4, 10, 9 ]
    }, {
      "vertices" : [ 3, 7, 10 ]
    }, {
      "vertices" : [ 3, 10, 4 ]
    }, {
      "vertices" : [ 0, 3, 4 ]
    }, {
      "vertices" : [ 0, 4, 2 ]
    }, {
      "vertices" : [ 6, 9, 10 ]
    }, {
      "vertices" : [ 1, 7, 3 ]
    }, {
      "vertices" : [ 5, 6, 10 ]
    }, {
      "vertices" : [ 5, 10, 7 ]
    }, {
      "vertices" : [ 0, 2, 6 ]
    }, {
      "vertices" : [ 0, 6, 5 ]
    }, {
      "vertices" : [ 1, 5, 7 ]
    }, {
      "vertices" : [ 2, 4, 9 ]
    } ]
  }, {
    "id" : "9b0e0019-ca19-44d5-9afe-ac1e0d3b4ead",
    "vertices" : [ {
      "x" : 0.9045085,
      "y" : 0.3454915,
      "z" : 0.25
    }, {
      "x" : 3.0753288,
      "y" : 1.6871322,
      "z" : 0.25
    }, {
      "x" : 2.8843458,
      "y" : 1.9961493,
      "z" : 0.25
    }, {
      "x" : 0.7135255,
      "y" : 0.6545085,
      "z" : 0.25
    }, {
      "x" : 0.809017,
      "y" : 0.5,
      "z" : -0.309017
    }, {
      "x" : 0.9635255,
      "y" : 0.25,
      "z" : -0.095491506
    }, {
      "x" : 0.309017,
      "y" : 0.19098301,
      "z" : 0.0
    }, {
      "x" : 3.4798374,
      "y" : 2.150658,
      "z" : 0.0
    }, {
      "x" : 2.8253288,
      "y" : 2.0916407,
      "z" : -0.095491506
    }, {
      "x" : 2.9798374,
      "y" : 1.8416408,
      "z" : -0.309017
    }, {
      "x" : 3.7888544,
      "y" : 2.3416407,
      "z" : 0.0
    }, {
      "x" : 0.6545085,
      "y" : 0.75,
      "z" : -0.095491506
    }, {
      "x" : 3.1343458,
      "y" : 1.5916408,
      "z" : -0.095491506
    } ],
    "faces" : [ {
      "vertices" : [ 4, 11, 8 ]
    }, {
      "vertices" : [ 4, 8, 9 ]
    }, {
      "vertices" : [ 0, 1, 2 ]
    }, {
      "vertices" : [ 0, 2, 3 ]
    }, {
      "vertices" : [ 0, 3, 6 ]
    }, {
      "vertices" : [ 1, 7, 2 ]
    }, {
      "vertices" : [ 0, 6, 5 ]
    }, {
      "vertices" : [ 4, 5, 6 ]
    }, {
      "vertices" : [ 2, 7, 8 ]
    }, {
      "vertices" : [ 0, 5, 12 ]
    }, {
      "vertices" : [ 0, 12, 1 ]
    }, {
      "vertices" : [ 1, 12, 7 ]
    }, {
      "vertices" : [ 3, 11, 6 ]
    }, {
      "vertices" : [ 4, 6, 11 ]
    }, {
      "vertices" : [ 7, 9, 8 ]
    }, {
      "vertices" : [ 2, 8, 11 ]
    }, {
      "vertices" : [ 2, 11, 3 ]
    }, {
      "vertices" : [ 7, 12, 9 ]
    }, {
      "vertices" : [ 4, 9, 12 ]
    }, {
      "vertices" : [ 4, 12, 5 ]
    } ]
  }, {
    "id" : "4069ac04-5099-4f2b-8bf5-b471105c66b0",
    "vertices" : [ {
      "x" : 0.9045085,
      "y" : 0.3454915,
      "z" : 0.25
    }, {
      "x" : 10.653038,
      "y" : 6.370414,
      "z" : 0.25
    }, {
      "x" : 10.462054,
      "y" : 6.679431,
      "z" : 0.25
    }, {
      "x" : 0.7135255,
      "y" : 0.6545085,
      "z" : 0.25
    }, {
      "x" : 0.809017,
      "y" : 0.5,
      "z" : -0.309017
    }, {
      "x" : 0.9635255,
      "y" : 0.25,
      "z" : -0.095491506
    }, {
      "x" : 0.309017,
      "y" : 0.19098301,
      "z" : 0.0
    }, {
      "x" : 11.057547,
      "y" : 6.8339396,
      "z" : 0.0
    }, {
      "x" : 10.403038,
      "y" : 6.7749224,
      "z" : -0.095491506
    }, {
      "x" : 10.557547,
      "y" : 6.5249224,
      "z" : -0.309017
    }, {
      "x" : 11.366563,
      "y" : 7.0249224,
      "z" : 0.0
    }, {
      "x" : 0.6545085,
      "y" : 0.75,
      "z" : -0.095491506
    }, {
      "x" : 10.712054,
      "y" : 6.2749224,
      "z" : -0.095491506
    } ],
    "faces" : [ {
      "vertices" : [ 4, 11, 8 ]
    }, {
      "vertices" : [ 4, 8, 9 ]
    }, {
      "vertices" : [ 0, 1, 2 ]
    }, {
      "vertices" : [ 0, 2, 3 ]
    }, {
      "vertices" : [ 0, 3, 6 ]
    }, {
      "vertices" : [ 1, 7, 2 ]
    }, {
      "vertices" : [ 0, 6, 5 ]
    }, {
      "vertices" : [ 4, 5, 6 ]
    }, {
      "vertices" : [ 2, 7, 8 ]
    }, {
      "vertices" : [ 0, 5, 12 ]
    }, {
      "vertices" : [ 0, 12, 1 ]
    }, {
      "vertices" : [ 1, 12, 7 ]
    }, {
      "vertices" : [ 3, 11, 6 ]
    }, {
      "vertices" : [ 4, 6, 11 ]
    }, {
      "vertices" : [ 7, 9, 8 ]
    }, {
      "vertices" : [ 2, 8, 11 ]
    }, {
      "vertices" : [ 2, 11, 3 ]
    }, {
      "vertices" : [ 7, 12, 9 ]
    }, {
      "vertices" : [ 4, 9, 12 ]
    }, {
      "vertices" : [ 4, 12, 5 ]
    } ]
  } ],
  "instances" : [ {
    "shape" : "dcf9a3a9-e0f6-4002-af15-e3d779470436",
    "color" : "#007695",
    "position" : {
      "x" : -6.854102,
      "y" : -2.618034,
      "z" : -12.708204
    },
    "orientation" : 11
  }, {
    "shape" : "dcf9a3a9-e0f6-4002-af15-e3d779470436",
    "color" : "#007695",
    "position" : {
      "x" : -6.854102,
      "y" : -11.09017,
      "z" : -4.236068
    },
    "orientation" : 54
  }, {
    "shape" : "dcf9a3a9-e0f6-4002-af15-e3d779470436",
    "color" : "#007695",
    "position" : {
      "x" : -2.618034,
      "y" : -4.236068,
      "z" : -6.854102
    },
    "orientation" : 39
  }, {
    "shape" : "b126670a-bc8d-4010-9a03-608df4821913",
    "color" : "#FFFFFF",
    "position" : {
      "x" : -6.854102,
      "y" : -14.8790245,
      "z" : 7.130495
    }
  }, {
    "shape" : "dcf9a3a9-e0f6-4002-af15-e3d779470436",
    "color" : "#007695",
    "position" : {
      "x" : 0.0,
      "y" : 0.0,
      "z" : 0.0
    },
    "orientation" : 16
  }, {
    "shape" : "dcf9a3a9-e0f6-4002-af15-e3d779470436",
    "color" : "#007695",
    "position" : {
      "x" : 4.236068,
      "y" : -6.854102,
      "z" : -5.854102
    },
    "orientation" : 2
  }, {
    "shape" : "dcf9a3a9-e0f6-4002-af15-e3d779470436",
    "color" : "#007695",
    "position" : {
      "x" : 0.0,
      "y" : 0.0,
      "z" : 0.0
    },
    "orientation" : 40
  }, {
    "shape" : "dcf9a3a9-e0f6-4002-af15-e3d779470436",
    "color" : "#007695",
    "position" : {
      "x" : -6.854102,
      "y" : -11.09017,
      "z" : 9.472136
    },
    "orientation" : 54
  }, {
    "shape" : "dcf9a3a9-e0f6-4002-af15-e3d779470436",
    "color" : "#007695",
    "position" : {
      "x" : -11.09017,
      "y" : -4.236068,
      "z" : 6.854102
    },
    "orientation" : 0
  }, {
    "shape" : "b126670a-bc8d-4010-9a03-608df4821913",
    "color" : "#FFFFFF",
    "position" : {
      "x" : -17.944271,
      "y" : -6.854102,
      "z" : 2.618034
    }
  }, {
    "shape" : "b126670a-bc8d-4010-9a03-608df4821913",
    "color" : "#FFFFFF",
    "position" : {
      "x" : -13.708204,
      "y" : -3.7888544,
      "z" : -10.813777
    }
  }, {
    "shape" : "dcf9a3a9-e0f6-4002-af15-e3d779470436",
    "color" : "#007695",
    "position" : {
      "x" : -13.708204,
      "y" : 0.0,
      "z" : 0.0
    },
    "orientation" : 37
  }, {
    "shape" : "859e3dff-c5e2-4d1e-a503-a1d1bdb0ae8d",
    "color" : "#AF0000",
    "position" : {
      "x" : -13.708204,
      "y" : 0.0,
      "z" : 0.0
    },
    "orientation" : 16
  }, {
    "shape" : "dcf9a3a9-e0f6-4002-af15-e3d779470436",
    "color" : "#007695",
    "position" : {
      "x" : -11.09017,
      "y" : -4.236068,
      "z" : 6.854102
    },
    "orientation" : 24
  }, {
    "shape" : "dcf9a3a9-e0f6-4002-af15-e3d779470436",
    "color" : "#007695",
    "position" : {
      "x" : -2.618034,
      "y" : -4.236068,
      "z" : 6.854102
    },
    "orientation" : 25
  }, {
    "shape" : "dcf9a3a9-e0f6-4002-af15-e3d779470436",
    "color" : "#007695",
    "position" : {
      "x" : -13.708204,
      "y" : 0.0,
      "z" : -8.472136
    },
    "orientation" : 11
  }, {
    "shape" : "859e3dff-c5e2-4d1e-a503-a1d1bdb0ae8d",
    "color" : "#AF0000",
    "position" : {
      "x" : 0.0,
      "y" : 0.0,
      "z" : 0.0
    },
    "orientation" : 16
  }, {
    "shape" : "b126670a-bc8d-4010-9a03-608df4821913",
    "color" : "#FFFFFF",
    "position" : {
      "x" : -2.618034,
      "y" : -11.813777,
      "z" : 2.1708205
    }
  }, {
    "shape" : "e3ab9a58-b4e0-4cbe-aca7-8f9bbfe26979",
    "color" : "#DC4C00",
    "position" : {
      "x" : -13.708204,
      "y" : -3.7888544,
      "z" : -10.813777
    },
    "orientation" : 41
  }, {
    "shape" : "b126670a-bc8d-4010-9a03-608df4821913",
    "color" : "#FFFFFF",
    "position" : {
      "x" : -13.708204,
      "y" : 0.0,
      "z" : -8.472136
    }
  }, {
    "shape" : "9b0e0019-ca19-44d5-9afe-ac1e0d3b4ead",
    "color" : "#AF0000",
    "position" : {
      "x" : -17.944271,
      "y" : -6.854102,
      "z" : 2.618034
    },
    "orientation" : 16
  }, {
    "shape" : "e3ab9a58-b4e0-4cbe-aca7-8f9bbfe26979",
    "color" : "#DC4C00",
    "position" : {
      "x" : -6.854102,
      "y" : -14.8790245,
      "z" : 7.130495
    },
    "orientation" : 20
  }, {
    "shape" : "dcf9a3a9-e0f6-4002-af15-e3d779470436",
    "color" : "#007695",
    "position" : {
      "x" : -13.708204,
      "y" : 0.0,
      "z" : 0.0
    },
    "orientation" : 16
  }, {
    "shape" : "dcf9a3a9-e0f6-4002-af15-e3d779470436",
    "color" : "#007695",
    "position" : {
      "x" : 0.0,
      "y" : 0.0,
      "z" : -8.472136
    },
    "orientation" : 21
  }, {
    "shape" : "b126670a-bc8d-4010-9a03-608df4821913",
    "color" : "#FFFFFF",
    "position" : {
      "x" : -11.09017,
      "y" : -4.236068,
      "z" : 6.854102
    }
  }, {
    "shape" : "dcf9a3a9-e0f6-4002-af15-e3d779470436",
    "color" : "#007695",
    "position" : {
      "x" : -6.854102,
      "y" : -11.09017,
      "z" : 9.472136
    },
    "orientation" : 53
  }, {
    "shape" : "dcf9a3a9-e0f6-4002-af15-e3d779470436",
    "color" : "#007695",
    "position" : {
      "x" : 0.0,
      "y" : -8.472136,
      "z" : 0.0
    },
    "orientation" : 53
  }, {
    "shape" : "e3ab9a58-b4e0-4cbe-aca7-8f9bbfe26979",
    "color" : "#DC4C00",
    "position" : {
      "x" : -6.854102,
      "y" : -8.748529,
      "z" : -2.7888544
    },
    "orientation" : 5
  }, {
    "shape" : "4069ac04-5099-4f2b-8bf5-b471105c66b0",
    "color" : "#AF0000",
    "position" : {
      "x" : -6.854102,
      "y" : -8.748529,
      "z" : -2.7888544
    },
    "orientation" : 1
  }, {
    "shape" : "dcf9a3a9-e0f6-4002-af15-e3d779470436",
    "color" : "#007695",
    "position" : {
      "x" : 4.236068,
      "y" : -6.854102,
      "z" : 2.618034
    },
    "orientation" : 38
  }, {
    "shape" : "859e3dff-c5e2-4d1e-a503-a1d1bdb0ae8d",
    "color" : "#AF0000",
    "position" : {
      "x" : -11.09017,
      "y" : -4.236068,
      "z" : 6.854102
    },
    "orientation" : 16
  }, {
    "shape" : "dcf9a3a9-e0f6-4002-af15-e3d779470436",
    "color" : "#007695",
    "position" : {
      "x" : -2.618034,
      "y" : -4.236068,
      "z" : 6.854102
    },
    "orientation" : 36
  }, {
    "shape" : "dcf9a3a9-e0f6-4002-af15-e3d779470436",
    "color" : "#007695",
    "position" : {
      "x" : -6.854102,
      "y" : 2.618034,
      "z" : -4.236068
    },
    "orientation" : 41
  }, {
    "shape" : "dcf9a3a9-e0f6-4002-af15-e3d779470436",
    "color" : "#007695",
    "position" : {
      "x" : 4.236068,
      "y" : -6.854102,
      "z" : 2.618034
    },
    "orientation" : 39
  }, {
    "shape" : "e3ab9a58-b4e0-4cbe-aca7-8f9bbfe26979",
    "color" : "#DC4C00",
    "position" : {
      "x" : -6.854102,
      "y" : -14.8790245,
      "z" : 7.130495
    },
    "orientation" : 56
  }, {
    "shape" : "dcf9a3a9-e0f6-4002-af15-e3d779470436",
    "color" : "#007695",
    "position" : {
      "x" : -2.618034,
      "y" : -4.236068,
      "z" : -6.854102
    },
    "orientation" : 37
  }, {
    "shape" : "dcf9a3a9-e0f6-4002-af15-e3d779470436",
    "color" : "#007695",
    "position" : {
      "x" : -11.09017,
      "y" : -4.236068,
      "z" : -6.854102
    },
    "orientation" : 9
  }, {
    "shape" : "dcf9a3a9-e0f6-4002-af15-e3d779470436",
    "color" : "#007695",
    "position" : {
      "x" : 0.0,
      "y" : 0.0,
      "z" : 0.0
    },
    "orientation" : 56
  }, {
    "shape" : "b126670a-bc8d-4010-9a03-608df4821913",
    "color" : "#FFFFFF",
    "position" : {
      "x" : 0.0,
      "y" : -3.7888544,
      "z" : -10.813777
    }
  }, {
    "shape" : "dcf9a3a9-e0f6-4002-af15-e3d779470436",
    "color" : "#007695",
    "position" : {
      "x" : -2.618034,
      "y" : -4.236068,
      "z" : 6.854102
    },
    "orientation" : 39
  }, {
    "shape" : "dcf9a3a9-e0f6-4002-af15-e3d779470436",
    "color" : "#007695",
    "position" : {
      "x" : -17.944271,
      "y" : -6.854102,
      "z" : 2.618034
    },
    "orientation" : 47
  }, {
    "shape" : "b126670a-bc8d-4010-9a03-608df4821913",
    "color" : "#FFFFFF",
    "position" : {
      "x" : -2.618034,
      "y" : -4.236068,
      "z" : -6.854102
    }
  }, {
    "shape" : "b126670a-bc8d-4010-9a03-608df4821913",
    "color" : "#FFFFFF",
    "position" : {
      "x" : -6.854102,
      "y" : -11.09017,
      "z" : 4.236068
    }
  }, {
    "shape" : "dcf9a3a9-e0f6-4002-af15-e3d779470436",
    "color" : "#007695",
    "position" : {
      "x" : 0.0,
      "y" : -13.708204,
      "z" : 5.236068
    },
    "orientation" : 38
  }, {
    "shape" : "b126670a-bc8d-4010-9a03-608df4821913",
    "color" : "#FFFFFF",
    "position" : {
      "x" : -2.618034,
      "y" : -4.236068,
      "z" : 6.854102
    }
  }, {
    "shape" : "9b0e0019-ca19-44d5-9afe-ac1e0d3b4ead",
    "color" : "#AF0000",
    "position" : {
      "x" : 0.0,
      "y" : 0.0,
      "z" : -8.472136
    },
    "orientation" : 16
  }, {
    "shape" : "dcf9a3a9-e0f6-4002-af15-e3d779470436",
    "color" : "#007695",
    "position" : {
      "x" : 0.0,
      "y" : -8.472136,
      "z" : 0.0
    },
    "orientation" : 41
  }, {
    "shape" : "e3ab9a58-b4e0-4cbe-aca7-8f9bbfe26979",
    "color" : "#DC4C00",
    "position" : {
      "x" : -17.944271,
      "y" : -6.854102,
      "z" : -5.854102
    },
    "orientation" : 37
  }, {
    "shape" : "b126670a-bc8d-4010-9a03-608df4821913",
    "color" : "#FFFFFF",
    "position" : {
      "x" : 4.236068,
      "y" : -6.854102,
      "z" : -5.854102
    }
  }, {
    "shape" : "dcf9a3a9-e0f6-4002-af15-e3d779470436",
    "color" : "#007695",
    "position" : {
      "x" : -17.944271,
      "y" : -6.854102,
      "z" : -5.854102
    },
    "orientation" : 6
  }, {
    "shape" : "dcf9a3a9-e0f6-4002-af15-e3d779470436",
    "color" : "#007695",
    "position" : {
      "x" : -13.708204,
      "y" : 0.0,
      "z" : 0.0
    },
    "orientation" : 25
  }, {
    "shape" : "e3ab9a58-b4e0-4cbe-aca7-8f9bbfe26979",
    "color" : "#DC4C00",
    "position" : {
      "x" : -6.854102,
      "y" : -2.618034,
      "z" : -12.708204
    },
    "orientation" : 42
  }, {
    "shape" : "e3ab9a58-b4e0-4cbe-aca7-8f9bbfe26979",
    "color" : "#DC4C00",
    "position" : {
      "x" : 4.236068,
      "y" : -10.642957,
      "z" : 0.2763932
    },
    "orientation" : 42
  }, {
    "shape" : "dcf9a3a9-e0f6-4002-af15-e3d779470436",
    "color" : "#007695",
    "position" : {
      "x" : -13.708204,
      "y" : -8.472136,
      "z" : 0.0
    },
    "orientation" : 26
  }, {
    "shape" : "dcf9a3a9-e0f6-4002-af15-e3d779470436",
    "color" : "#007695",
    "position" : {
      "x" : -13.708204,
      "y" : 0.0,
      "z" : 0.0
    },
    "orientation" : 11
  }, {
    "shape" : "b126670a-bc8d-4010-9a03-608df4821913",
    "color" : "#FFFFFF",
    "position" : {
      "x" : -6.854102,
      "y" : -11.09017,
      "z" : 9.472136
    }
  }, {
    "shape" : "dcf9a3a9-e0f6-4002-af15-e3d779470436",
    "color" : "#007695",
    "position" : {
      "x" : -17.944271,
      "y" : -6.854102,
      "z" : 2.618034
    },
    "orientation" : 6
  }, {
    "shape" : "dcf9a3a9-e0f6-4002-af15-e3d779470436",
    "color" : "#007695",
    "position" : {
      "x" : 0.0,
      "y" : 0.0,
      "z" : 0.0
    },
    "orientation" : 47
  }, {
    "shape" : "b126670a-bc8d-4010-9a03-608df4821913",
    "color" : "#FFFFFF",
    "position" : {
      "x" : -11.09017,
      "y" : -11.813777,
      "z" : 2.1708205
    }
  }, {
    "shape" : "e3ab9a58-b4e0-4cbe-aca7-8f9bbfe26979",
    "color" : "#DC4C00",
    "position" : {
      "x" : -13.708204,
      "y" : -13.708204,
      "z" : 5.236068
    },
    "orientation" : 15
  }, {
    "shape" : "e3ab9a58-b4e0-4cbe-aca7-8f9bbfe26979",
    "color" : "#DC4C00",
    "position" : {
      "x" : -6.854102,
      "y" : -4.959675,
      "z" : -8.91935
    },
    "orientation" : 57
  }, {
    "shape" : "b126670a-bc8d-4010-9a03-608df4821913",
    "color" : "#FFFFFF",
    "position" : {
      "x" : -13.708204,
      "y" : -8.472136,
      "z" : 0.0
    }
  }, {
    "shape" : "b126670a-bc8d-4010-9a03-608df4821913",
    "color" : "#FFFFFF",
    "position" : {
      "x" : 0.0,
      "y" : -8.472136,
      "z" : 0.0
    }
  }, {
    "shape" : "859e3dff-c5e2-4d1e-a503-a1d1bdb0ae8d",
    "color" : "#AF0000",
    "position" : {
      "x" : -2.618034,
      "y" : -4.236068,
      "z" : 6.854102
    },
    "orientation" : 16
  }, {
    "shape" : "b126670a-bc8d-4010-9a03-608df4821913",
    "color" : "#FFFFFF",
    "position" : {
      "x" : -6.854102,
      "y" : -11.09017,
      "z" : -4.236068
    }
  }, {
    "shape" : "dcf9a3a9-e0f6-4002-af15-e3d779470436",
    "color" : "#007695",
    "position" : {
      "x" : -6.854102,
      "y" : 2.618034,
      "z" : 4.236068
    },
    "orientation" : 47
  }, {
    "shape" : "e3ab9a58-b4e0-4cbe-aca7-8f9bbfe26979",
    "color" : "#DC4C00",
    "position" : {
      "x" : 0.0,
      "y" : -3.7888544,
      "z" : -10.813777
    },
    "orientation" : 42
  }, {
    "shape" : "b126670a-bc8d-4010-9a03-608df4821913",
    "color" : "#FFFFFF",
    "position" : {
      "x" : -13.708204,
      "y" : 0.0,
      "z" : 0.0
    }
  }, {
    "shape" : "dcf9a3a9-e0f6-4002-af15-e3d779470436",
    "color" : "#007695",
    "position" : {
      "x" : -13.708204,
      "y" : 0.0,
      "z" : -8.472136
    },
    "orientation" : 26
  }, {
    "shape" : "dcf9a3a9-e0f6-4002-af15-e3d779470436",
    "color" : "#007695",
    "position" : {
      "x" : -2.618034,
      "y" : -4.236068,
      "z" : -6.854102
    },
    "orientation" : 51
  }, {
    "shape" : "b126670a-bc8d-4010-9a03-608df4821913",
    "color" : "#FFFFFF",
    "position" : {
      "x" : -6.854102,
      "y" : -4.959675,
      "z" : -8.91935
    }
  }, {
    "shape" : "b126670a-bc8d-4010-9a03-608df4821913",
    "color" : "#FFFFFF",
    "position" : {
      "x" : -6.854102,
      "y" : -2.618034,
      "z" : -12.708204
    }
  }, {
    "shape" : "e3ab9a58-b4e0-4cbe-aca7-8f9bbfe26979",
    "color" : "#DC4C00",
    "position" : {
      "x" : -17.944271,
      "y" : -10.642957,
      "z" : 0.2763932
    },
    "orientation" : 15
  }, {
    "shape" : "b126670a-bc8d-4010-9a03-608df4821913",
    "color" : "#FFFFFF",
    "position" : {
      "x" : -13.708204,
      "y" : -13.708204,
      "z" : 5.236068
    }
  }, {
    "shape" : "e3ab9a58-b4e0-4cbe-aca7-8f9bbfe26979",
    "color" : "#DC4C00",
    "position" : {
      "x" : 0.0,
      "y" : -3.7888544,
      "z" : -10.813777
    },
    "orientation" : 37
  }, {
    "shape" : "b126670a-bc8d-4010-9a03-608df4821913",
    "color" : "#FFFFFF",
    "position" : {
      "x" : -6.854102,
      "y" : 2.618034,
      "z" : -4.236068
    }
  }, {
    "shape" : "b126670a-bc8d-4010-9a03-608df4821913",
    "color" : "#FFFFFF",
    "position" : {
      "x" : -6.854102,
      "y" : -8.748529,
      "z" : -2.7888544
    }
  }, {
    "shape" : "dcf9a3a9-e0f6-4002-af15-e3d779470436",
    "color" : "#007695",
    "position" : {
      "x" : -13.708204,
      "y" : -8.472136,
      "z" : 0.0
    },
    "orientation" : 52
  }, {
    "shape" : "e3ab9a58-b4e0-4cbe-aca7-8f9bbfe26979",
    "color" : "#DC4C00",
    "position" : {
      "x" : -6.854102,
      "y" : -8.748529,
      "z" : -2.7888544
    },
    "orientation" : 41
  }, {
    "shape" : "b126670a-bc8d-4010-9a03-608df4821913",
    "color" : "#FFFFFF",
    "position" : {
      "x" : 0.0,
      "y" : -13.708204,
      "z" : 5.236068
    }
  }, {
    "shape" : "dcf9a3a9-e0f6-4002-af15-e3d779470436",
    "color" : "#007695",
    "position" : {
      "x" : -13.708204,
      "y" : -8.472136,
      "z" : 0.0
    },
    "orientation" : 8
  }, {
    "shape" : "dcf9a3a9-e0f6-4002-af15-e3d779470436",
    "color" : "#007695",
    "position" : {
      "x" : -6.854102,
      "y" : 2.618034,
      "z" : -4.236068
    },
    "orientation" : 26
  }, {
    "shape" : "e3ab9a58-b4e0-4cbe-aca7-8f9bbfe26979",
    "color" : "#DC4C00",
    "position" : {
      "x" : 4.236068,
      "y" : -6.854102,
      "z" : -5.854102
    },
    "orientation" : 56
  }, {
    "shape" : "dcf9a3a9-e0f6-4002-af15-e3d779470436",
    "color" : "#007695",
    "position" : {
      "x" : -11.09017,
      "y" : -4.236068,
      "z" : -6.854102
    },
    "orientation" : 0
  }, {
    "shape" : "e3ab9a58-b4e0-4cbe-aca7-8f9bbfe26979",
    "color" : "#DC4C00",
    "position" : {
      "x" : 0.0,
      "y" : -13.708204,
      "z" : 5.236068
    },
    "orientation" : 20
  }, {
    "shape" : "dcf9a3a9-e0f6-4002-af15-e3d779470436",
    "color" : "#007695",
    "position" : {
      "x" : 0.0,
      "y" : 0.0,
      "z" : 0.0
    },
    "orientation" : 21
  }, {
    "shape" : "b126670a-bc8d-4010-9a03-608df4821913",
    "color" : "#FFFFFF",
    "position" : {
      "x" : -6.854102,
      "y" : 2.618034,
      "z" : 4.236068
    }
  }, {
    "shape" : "b126670a-bc8d-4010-9a03-608df4821913",
    "color" : "#FFFFFF",
    "position" : {
      "x" : 0.0,
      "y" : 0.0,
      "z" : -8.472136
    }
  }, {
    "shape" : "e3ab9a58-b4e0-4cbe-aca7-8f9bbfe26979",
    "color" : "#DC4C00",
    "position" : {
      "x" : 4.236068,
      "y" : -10.642957,
      "z" : 0.2763932
    },
    "orientation" : 52
  }, {
    "shape" : "dcf9a3a9-e0f6-4002-af15-e3d779470436",
    "color" : "#007695",
    "position" : {
      "x" : 0.0,
      "y" : 0.0,
      "z" : 0.0
    },
    "orientation" : 38
  }, {
    "shape" : "dcf9a3a9-e0f6-4002-af15-e3d779470436",
    "color" : "#007695",
    "position" : {
      "x" : -11.09017,
      "y" : -4.236068,
      "z" : 6.854102
    },
    "orientation" : 6
  }, {
    "shape" : "9b0e0019-ca19-44d5-9afe-ac1e0d3b4ead",
    "color" : "#AF0000",
    "position" : {
      "x" : 4.236068,
      "y" : -6.854102,
      "z" : 2.618034
    },
    "orientation" : 16
  }, {
    "shape" : "b126670a-bc8d-4010-9a03-608df4821913",
    "color" : "#FFFFFF",
    "position" : {
      "x" : -17.944271,
      "y" : -6.854102,
      "z" : -5.854102
    }
  }, {
    "shape" : "e3ab9a58-b4e0-4cbe-aca7-8f9bbfe26979",
    "color" : "#DC4C00",
    "position" : {
      "x" : -17.944271,
      "y" : -10.642957,
      "z" : 0.2763932
    },
    "orientation" : 5
  }, {
    "shape" : "e3ab9a58-b4e0-4cbe-aca7-8f9bbfe26979",
    "color" : "#DC4C00",
    "position" : {
      "x" : -6.854102,
      "y" : -8.748529,
      "z" : -2.7888544
    },
    "orientation" : 57
  }, {
    "shape" : "dcf9a3a9-e0f6-4002-af15-e3d779470436",
    "color" : "#007695",
    "position" : {
      "x" : -6.854102,
      "y" : -11.09017,
      "z" : -4.236068
    },
    "orientation" : 2
  }, {
    "shape" : "9b0e0019-ca19-44d5-9afe-ac1e0d3b4ead",
    "color" : "#AF0000",
    "position" : {
      "x" : -13.708204,
      "y" : 0.0,
      "z" : -8.472136
    },
