{
  "polygons" : "true",
  "field" : "golden",
  "symmetry" : "icosahedral",
  "orientations" : [ [ 1.0, 0.0, 0.0, 0.0, 0.0, 1.0, 0.0, 0.0, 0.0, 0.0, 1.0, 0.0, 0.0, 0.0, 0.0, 1.0 ], [ 0.0, 0.0, 1.0, 0.0, 1.0, 0.0, 0.0, 0.0, 0.0, 1.0, 0.0, 0.0, 0.0, 0.0, 0.0, 1.0 ], [ 0.0, 1.0, 0.0, 0.0, 0.0, 0.0, 1.0, 0.0, 1.0, 0.0, 0.0, 0.0, 0.0, 0.0, 0.0, 1.0 ], [ 0.809017, 0.309017, 0.5, 0.0, 0.309017, 0.5, -0.809017, 0.0, -0.5, 0.809017, 0.309017, 0.0, 0.0, 0.0, 0.0, 1.0 ], [ -0.5, 0.809017, 0.309017, 0.0, 0.809017, 0.309017, 0.5, 0.0, 0.309017, 0.5, -0.809017, 0.0, 0.0, 0.0, 0.0, 1.0 ], [ 0.309017, 0.5, -0.809017, 0.0, -0.5, 0.809017, 0.309017, 0.0, 0.809017, 0.309017, 0.5, 0.0, 0.0, 0.0, 0.0, 1.0 ], [ 0.5, 0.809017, 0.309017, 0.0, 0.809017, -0.309017, -0.5, 0.0, -0.309017, 0.5, -0.809017, 0.0, 0.0, 0.0, 0.0, 1.0 ], [ -0.309017, 0.5, -0.809017, 0.0, 0.5, 0.809017, 0.309017, 0.0, 0.809017, -0.309017, -0.5, 0.0, 0.0, 0.0, 0.0, 1.0 ], [ 0.809017, -0.309017, -0.5, 0.0, -0.309017, 0.5, -0.809017, 0.0, 0.5, 0.809017, 0.309017, 0.0, 0.0, 0.0, 0.0, 1.0 ], [ 0.5, 0.809017, -0.309017, 0.0, 0.809017, -0.309017, 0.5, 0.0, 0.309017, -0.5, -0.809017, 0.0, 0.0, 0.0, 0.0, 1.0 ], [ 0.309017, -0.5, -0.809017, 0.0, 0.5, 0.809017, -0.309017, 0.0, 0.809017, -0.309017, 0.5, 0.0, 0.0, 0.0, 0.0, 1.0 ], [ 0.809017, -0.309017, 0.5, 0.0, 0.309017, -0.5, -0.809017, 0.0, 0.5, 0.809017, -0.309017, 0.0, 0.0, 0.0, 0.0, 1.0 ], [ 0.809017, 0.309017, -0.5, 0.0, 0.309017, 0.5, 0.809017, 0.0, 0.5, -0.809017, 0.309017, 0.0, 0.0, 0.0, 0.0, 1.0 ], [ 0.5, -0.809017, 0.309017, 0.0, 0.809017, 0.309017, -0.5, 0.0, 0.309017, 0.5, 0.809017, 0.0, 0.0, 0.0, 0.0, 1.0 ], [ 0.309017, 0.5, 0.809017, 0.0, 0.5, -0.809017, 0.309017, 0.0, 0.809017, 0.309017, -0.5, 0.0, 0.0, 0.0, 0.0, 1.0 ], [ 1.0, 0.0, 0.0, 0.0, 0.0, -1.0, 0.0, 0.0, 0.0, 0.0, -1.0, 0.0, 0.0, 0.0, 0.0, 1.0 ], [ 0.0, 0.0, 1.0, 0.0, -1.0, 0.0, 0.0, 0.0, 0.0, -1.0, 0.0, 0.0, 0.0, 0.0, 0.0, 1.0 ], [ 0.0, 1.0, 0.0, 0.0, 0.0, 0.0, -1.0, 0.0, -1.0, 0.0, 0.0, 0.0, 0.0, 0.0, 0.0, 1.0 ], [ 0.809017, 0.309017, 0.5, 0.0, -0.309017, -0.5, 0.809017, 0.0, 0.5, -0.809017, -0.309017, 0.0, 0.0, 0.0, 0.0, 1.0 ], [ -0.5, 0.809017, 0.309017, 0.0, -0.809017, -0.309017, -0.5, 0.0, -0.309017, -0.5, 0.809017, 0.0, 0.0, 0.0, 0.0, 1.0 ], [ 0.309017, 0.5, -0.809017, 0.0, 0.5, -0.809017, -0.309017, 0.0, -0.809017, -0.309017, -0.5, 0.0, 0.0, 0.0, 0.0, 1.0 ], [ 0.5, 0.809017, 0.309017, 0.0, -0.809017, 0.309017, 0.5, 0.0, 0.309017, -0.5, 0.809017, 0.0, 0.0, 0.0, 0.0, 1.0 ], [ -0.309017, 0.5, -0.809017, 0.0, -0.5, -0.809017, -0.309017, 0.0, -0.809017, 0.309017, 0.5, 0.0, 0.0, 0.0, 0.0, 1.0 ], [ 0.809017, -0.309017, -0.5, 0.0, 0.309017, -0.5, 0.809017, 0.0, -0.5, -0.809017, -0.309017, 0.0, 0.0, 0.0, 0.0, 1.0 ], [ 0.5, 0.809017, -0.309017, 0.0, -0.809017, 0.309017, -0.5, 0.0, -0.309017, 0.5, 0.809017, 0.0, 0.0, 0.0, 0.0, 1.0 ], [ 0.309017, -0.5, -0.809017, 0.0, -0.5, -0.809017, 0.309017, 0.0, -0.809017, 0.309017, -0.5, 0.0, 0.0, 0.0, 0.0, 1.0 ], [ 0.809017, -0.309017, 0.5, 0.0, -0.309017, 0.5, 0.809017, 0.0, -0.5, -0.809017, 0.309017, 0.0, 0.0, 0.0, 0.0, 1.0 ], [ 0.809017, 0.309017, -0.5, 0.0, -0.309017, -0.5, -0.809017, 0.0, -0.5, 0.809017, -0.309017, 0.0, 0.0, 0.0, 0.0, 1.0 ], [ 0.5, -0.809017, 0.309017, 0.0, -0.809017, -0.309017, 0.5, 0.0, -0.309017, -0.5, -0.809017, 0.0, 0.0, 0.0, 0.0, 1.0 ], [ 0.309017, 0.5, 0.809017, 0.0, -0.5, 0.809017, -0.309017, 0.0, -0.809017, -0.309017, 0.5, 0.0, 0.0, 0.0, 0.0, 1.0 ], [ -1.0, 0.0, 0.0, 0.0, 0.0, -1.0, 0.0, 0.0, 0.0, 0.0, 1.0, 0.0, 0.0, 0.0, 0.0, 1.0 ], [ 0.0, 0.0, -1.0, 0.0, -1.0, 0.0, 0.0, 0.0, 0.0, 1.0, 0.0, 0.0, 0.0, 0.0, 0.0, 1.0 ], [ 0.0, -1.0, 0.0, 0.0, 0.0, 0.0, -1.0, 0.0, 1.0, 0.0, 0.0, 0.0, 0.0, 0.0, 0.0, 1.0 ], [ -0.809017, -0.309017, -0.5, 0.0, -0.309017, -0.5, 0.809017, 0.0, -0.5, 0.809017, 0.309017, 0.0, 0.0, 0.0, 0.0, 1.0 ], [ 0.5, -0.809017, -0.309017, 0.0, -0.809017, -0.309017, -0.5, 0.0, 0.309017, 0.5, -0.809017, 0.0, 0.0, 0.0, 0.0, 1.0 ], [ -0.309017, -0.5, 0.809017, 0.0, 0.5, -0.809017, -0.309017, 0.0, 0.809017, 0.309017, 0.5, 0.0, 0.0, 0.0, 0.0, 1.0 ], [ -0.5, -0.809017, -0.309017, 0.0, -0.809017, 0.309017, 0.5, 0.0, -0.309017, 0.5, -0.809017, 0.0, 0.0, 0.0, 0.0, 1.0 ], [ 0.309017, -0.5, 0.809017, 0.0, -0.5, -0.809017, -0.309017, 0.0, 0.809017, -0.309017, -0.5, 0.0, 0.0, 0.0, 0.0, 1.0 ], [ -0.809017, 0.309017, 0.5, 0.0, 0.309017, -0.5, 0.809017, 0.0, 0.5, 0.809017, 0.309017, 0.0, 0.0, 0.0, 0.0, 1.0 ], [ -0.5, -0.809017, 0.309017, 0.0, -0.809017, 0.309017, -0.5, 0.0, 0.309017, -0.5, -0.809017, 0.0, 0.0, 0.0, 0.0, 1.0 ], [ -0.309017, 0.5, 0.809017, 0.0, -0.5, -0.809017, 0.309017, 0.0, 0.809017, -0.309017, 0.5, 0.0, 0.0, 0.0, 0.0, 1.0 ], [ -0.809017, 0.309017, -0.5, 0.0, -0.309017, 0.5, 0.809017, 0.0, 0.5, 0.809017, -0.309017, 0.0, 0.0, 0.0, 0.0, 1.0 ], [ -0.809017, -0.309017, 0.5, 0.0, -0.309017, -0.5, -0.809017, 0.0, 0.5, -0.809017, 0.309017, 0.0, 0.0, 0.0, 0.0, 1.0 ], [ -0.5, 0.809017, -0.309017, 0.0, -0.809017, -0.309017, 0.5, 0.0, 0.309017, 0.5, 0.809017, 0.0, 0.0, 0.0, 0.0, 1.0 ], [ -0.309017, -0.5, -0.809017, 0.0, -0.5, 0.809017, -0.309017, 0.0, 0.809017, 0.309017, -0.5, 0.0, 0.0, 0.0, 0.0, 1.0 ], [ -1.0, 0.0, 0.0, 0.0, 0.0, 1.0, 0.0, 0.0, 0.0, 0.0, -1.0, 0.0, 0.0, 0.0, 0.0, 1.0 ], [ 0.0, 0.0, -1.0, 0.0, 1.0, 0.0, 0.0, 0.0, 0.0, -1.0, 0.0, 0.0, 0.0, 0.0, 0.0, 1.0 ], [ 0.0, -1.0, 0.0, 0.0, 0.0, 0.0, 1.0, 0.0, -1.0, 0.0, 0.0, 0.0, 0.0, 0.0, 0.0, 1.0 ], [ -0.809017, -0.309017, -0.5, 0.0, 0.309017, 0.5, -0.809017, 0.0, 0.5, -0.809017, -0.309017, 0.0, 0.0, 0.0, 0.0, 1.0 ], [ 0.5, -0.809017, -0.309017, 0.0, 0.809017, 0.309017, 0.5, 0.0, -0.309017, -0.5, 0.809017, 0.0, 0.0, 0.0, 0.0, 1.0 ], [ -0.309017, -0.5, 0.809017, 0.0, -0.5, 0.809017, 0.309017, 0.0, -0.809017, -0.309017, -0.5, 0.0, 0.0, 0.0, 0.0, 1.0 ], [ -0.5, -0.809017, -0.309017, 0.0, 0.809017, -0.309017, -0.5, 0.0, 0.309017, -0.5, 0.809017, 0.0, 0.0, 0.0, 0.0, 1.0 ], [ 0.309017, -0.5, 0.809017, 0.0, 0.5, 0.809017, 0.309017, 0.0, -0.809017, 0.309017, 0.5, 0.0, 0.0, 0.0, 0.0, 1.0 ], [ -0.809017, 0.309017, 0.5, 0.0, -0.309017, 0.5, -0.809017, 0.0, -0.5, -0.809017, -0.309017, 0.0, 0.0, 0.0, 0.0, 1.0 ], [ -0.5, -0.809017, 0.309017, 0.0, 0.809017, -0.309017, 0.5, 0.0, -0.309017, 0.5, 0.809017, 0.0, 0.0, 0.0, 0.0, 1.0 ], [ -0.309017, 0.5, 0.809017, 0.0, 0.5, 0.809017, -0.309017, 0.0, -0.809017, 0.309017, -0.5, 0.0, 0.0, 0.0, 0.0, 1.0 ], [ -0.809017, 0.309017, -0.5, 0.0, 0.309017, -0.5, -0.809017, 0.0, -0.5, -0.809017, 0.309017, 0.0, 0.0, 0.0, 0.0, 1.0 ], [ -0.809017, -0.309017, 0.5, 0.0, 0.309017, 0.5, 0.809017, 0.0, -0.5, 0.809017, -0.309017, 0.0, 0.0, 0.0, 0.0, 1.0 ], [ -0.5, 0.809017, -0.309017, 0.0, 0.809017, 0.309017, -0.5, 0.0, -0.309017, -0.5, -0.809017, 0.0, 0.0, 0.0, 0.0, 1.0 ], [ -0.309017, -0.5, -0.809017, 0.0, 0.5, -0.809017, 0.309017, 0.0, -0.809017, -0.309017, 0.5, 0.0, 0.0, 0.0, 0.0, 1.0 ] ],
  "lights" : {
    "backgroundColor" : "#AFC8DC",
    "ambientColor" : "#292929",
    "directionalLights" : [ {
      "direction" : [ 1.0, -1.0, -1.0 ],
      "color" : "#EBEBE4"
    }, {
      "direction" : [ -1.0, 0.0, 0.0 ],
      "color" : "#E4E4EB"
    }, {
      "direction" : [ 0.0, 0.0, -1.0 ],
      "color" : "#1E1E1E"
    } ]
  },
  "camera" : {
    "position" : {
      "x" : -36.518787,
      "y" : -86.37653,
      "z" : 55.027477
    },
    "width" : 48.92907,
    "nearClipDistance" : 0.27182817,
    "lookAtPoint" : {
      "x" : 0.0,
      "y" : 0.0,
      "z" : 0.0
    },
    "lookDirection" : {
      "x" : 0.3358628,
      "y" : 0.7944038,
      "z" : -0.50608695
    },
    "upDirection" : {
      "x" : -0.9379662,
      "y" : 0.23297517,
      "z" : -0.25677586
    },
    "farClipDistance" : 217.46254,
    "perspective" : true,
    "lookDirectionRV" : {
      "x" : 0.3358628,
      "y" : 0.7944038,
      "z" : -0.50608695,
      "zero" : false
    },
    "upDirectionRV" : {
      "x" : -0.9379662,
      "y" : 0.23297517,
      "z" : -0.25677586,
      "zero" : false
    },
    "lookAtPointRV" : {
      "x" : 0.0,
      "y" : 0.0,
      "z" : 0.0,
      "zero" : true
    },
    "fieldOfView" : 0.44262886,
    "viewDistance" : 108.73127,
    "stereo" : false
  },
  "embedding" : [ 1.0, 0.0, 0.0, 0.0, 0.0, 1.0, 0.0, 0.0, 0.0, 0.0, 1.0, 0.0, 0.0, 0.0, 0.0, 1.0 ],
  "shapes" : [ {
    "id" : "ef37c253-60f7-4898-988d-88d9169e07fb",
    "name" : "ball",
    "vertices" : [ {
      "x" : -0.309017,
      "y" : -0.19098301,
      "z" : 0.0
    }, {
      "x" : -0.309017,
      "y" : 0.19098301,
      "z" : 0.0
    }, {
      "x" : -0.19098301,
      "y" : 0.0,
      "z" : -0.309017
    }, {
      "x" : -0.19098301,
      "y" : 0.0,
      "z" : 0.309017
    }, {
      "x" : 0.0,
      "y" : -0.309017,
      "z" : -0.19098301
    }, {
      "x" : 0.0,
      "y" : -0.309017,
      "z" : 0.19098301
    }, {
      "x" : 0.0,
      "y" : 0.309017,
      "z" : -0.19098301
    }, {
      "x" : 0.0,
      "y" : 0.309017,
      "z" : 0.19098301
    }, {
      "x" : 0.19098301,
      "y" : 0.0,
      "z" : -0.309017
    }, {
      "x" : 0.19098301,
      "y" : 0.0,
      "z" : 0.309017
    }, {
      "x" : 0.309017,
      "y" : -0.19098301,
      "z" : 0.0
    }, {
      "x" : 0.309017,
      "y" : 0.19098301,
      "z" : 0.0
    } ],
    "faces" : [ {
      "vertices" : [ 0, 1, 2 ]
    }, {
      "vertices" : [ 0, 3, 1 ]
    }, {
      "vertices" : [ 0, 2, 4 ]
    }, {
      "vertices" : [ 0, 5, 3 ]
    }, {
      "vertices" : [ 0, 4, 5 ]
    }, {
      "vertices" : [ 1, 6, 2 ]
    }, {
      "vertices" : [ 1, 3, 7 ]
    }, {
      "vertices" : [ 1, 7, 6 ]
    }, {
      "vertices" : [ 2, 8, 4 ]
    }, {
      "vertices" : [ 2, 6, 8 ]
    }, {
      "vertices" : [ 3, 5, 9 ]
    }, {
      "vertices" : [ 3, 9, 7 ]
    }, {
      "vertices" : [ 4, 10, 5 ]
    }, {
      "vertices" : [ 4, 8, 10 ]
    }, {
      "vertices" : [ 5, 10, 9 ]
    }, {
      "vertices" : [ 6, 7, 11 ]
    }, {
      "vertices" : [ 6, 11, 8 ]
    }, {
      "vertices" : [ 7, 9, 11 ]
    }, {
      "vertices" : [ 8, 11, 10 ]
    }, {
      "vertices" : [ 9, 10, 11 ]
    } ]
  }, {
    "id" : "42fdb403-cbbf-4561-bddd-4eac25c3b159",
    "orbit" : "blue",
    "orbitC" : "[[0,0,1],[0,0,1]]",
    "length" : "[1,0,1]",
    "name" : "b1",
    "vertices" : [ {
      "x" : 1.0,
      "y" : 0.309017,
      "z" : 0.19098301
    }, {
      "x" : 1.0,
      "y" : -0.309017,
      "z" : 0.19098301
    }, {
      "x" : 7.472136,
      "y" : -0.309017,
      "z" : 0.19098301
    }, {
      "x" : 7.472136,
      "y" : 0.309017,
      "z" : 0.19098301
    }, {
      "x" : 7.472136,
      "y" : -0.309017,
      "z" : -0.19098301
    }, {
      "x" : 7.472136,
      "y" : 0.309017,
      "z" : -0.19098301
    }, {
      "x" : 8.09017,
      "y" : 0.0,
      "z" : 0.0
    }, {
      "x" : 0.38196602,
      "y" : 0.0,
      "z" : 0.0
    }, {
      "x" : 1.0,
      "y" : 0.309017,
      "z" : -0.19098301
    }, {
      "x" : 1.0,
      "y" : -0.309017,
      "z" : -0.19098301
    }, {
      "x" : 8.472136,
      "y" : 0.0,
      "z" : 0.0
    } ],
    "faces" : [ {
      "vertices" : [ 1, 9, 4, 2 ]
    }, {
      "vertices" : [ 0, 3, 5, 8 ]
    }, {
      "vertices" : [ 1, 7, 9 ]
    }, {
      "vertices" : [ 0, 1, 2, 3 ]
    }, {
      "vertices" : [ 7, 8, 9 ]
    }, {
      "vertices" : [ 0, 7, 1 ]
    }, {
      "vertices" : [ 4, 9, 8, 5 ]
    }, {
      "vertices" : [ 2, 6, 3 ]
    }, {
      "vertices" : [ 2, 4, 6 ]
    }, {
      "vertices" : [ 3, 6, 5 ]
    }, {
      "vertices" : [ 4, 5, 6 ]
    }, {
      "vertices" : [ 0, 8, 7 ]
    } ]
  }, {
    "id" : "fa82f5dc-d4a9-4864-b917-67335e8d9ad4",
    "vertices" : [ {
      "x" : 0.0,
      "y" : 0.0,
      "z" : 0.0
    }, {
      "x" : -5.4068885,
      "y" : -4.959675,
      "z" : 4.236068
    }, {
      "x" : -5.4068885,
      "y" : -4.959675,
      "z" : -4.236068
    } ],
    "faces" : [ {
      "vertices" : [ 0, 1, 2 ]
    }, {
      "vertices" : [ 0, 2, 1 ]
    } ]
  }, {
    "id" : "abd2c81c-3e74-4455-bc97-1931c2ef84f4",
    "orbit" : "0",
    "orbitC" : "[[-8,5,1],[-11,7,1]]",
    "length" : "[1,0,1]",
    "name" : "short",
    "vertices" : [ {
      "x" : 7.4421387,
      "y" : 0.79837924,
      "z" : 2.2061586
    }, {
      "x" : 7.5421386,
      "y" : 0.39837924,
      "z" : 2.3061585
    }, {
      "x" : 0.58278376,
      "y" : -0.074772425,
      "z" : 0.41187537
    }, {
      "x" : 0.48278376,
      "y" : 0.3252276,
      "z" : 0.31187534
    }, {
      "x" : 7.3088055,
      "y" : 0.53171253,
      "z" : 2.6061587
    }, {
      "x" : 7.208805,
      "y" : 0.93171257,
      "z" : 2.5061586
    }, {
      "x" : 0.7161171,
      "y" : 0.19189425,
      "z" : 0.011875356
    }, {
      "x" : 0.8161171,
      "y" : -0.20810576,
      "z" : 0.111875355
    } ],
    "faces" : [ {
      "vertices" : [ 2, 3, 6, 7 ]
    }, {
      "vertices" : [ 0, 5, 4, 1 ]
    }, {
      "vertices" : [ 2, 4, 5, 3 ]
    }, {
      "vertices" : [ 0, 6, 3, 5 ]
    }, {
      "vertices" : [ 0, 1, 7, 6 ]
    }, {
      "vertices" : [ 1, 4, 2, 7 ]
    } ]
  }, {
    "id" : "fb7b4999-8aa0-47fd-8467-acf4caafd320",
    "vertices" : [ {
      "x" : 0.0,
      "y" : 0.0,
      "z" : 0.0
    }, {
      "x" : 0.0,
      "y" : 8.472136,
      "z" : 0.0
    }, {
      "x" : 2.618034,
      "y" : 4.236068,
      "z" : 6.854102
    } ],
    "faces" : [ {
      "vertices" : [ 0, 1, 2 ]
    }, {
      "vertices" : [ 0, 2, 1 ]
    } ]
  }, {
    "id" : "e5907934-7b74-49b8-a84f-62e6d6052f8f",
    "vertices" : [ {
      "x" : 0.0,
      "y" : 0.0,
      "z" : 0.0
    }, {
      "x" : 5.4068885,
      "y" : 4.959675,
      "z" : 4.236068
    }, {
      "x" : 0.0,
      "y" : 0.0,
      "z" : 8.472136
    } ],
    "faces" : [ {
      "vertices" : [ 0, 1, 2 ]
    }, {
      "vertices" : [ 0, 2, 1 ]
    } ]
  }, {
    "id" : "e7f31e49-aaa1-42a3-a740-eb9c575d0d3a",
    "vertices" : [ {
      "x" : 0.0,
      "y" : 0.0,
      "z" : 0.0
    }, {
      "x" : 4.236068,
      "y" : -6.854102,
      "z" : -2.618034
    }, {
      "x" : 4.236068,
      "y" : -6.854102,
      "z" : -11.09017
    }, {
      "x" : 0.0,
      "y" : 0.0,
      "z" : -13.708204
    }, {
      "x" : -2.618034,
      "y" : 4.236068,
      "z" : -6.854102
    } ],
    "faces" : [ {
      "vertices" : [ 0, 1, 2, 3, 4 ]
    }, {
      "vertices" : [ 0, 4, 3, 2, 1 ]
    } ]
  }, {
    "id" : "ec97fa31-a3ea-46d6-b2f3-d5665d105e8b",
    "vertices" : [ {
      "x" : 0.0,
      "y" : 0.0,
      "z" : 0.0
    }, {
      "x" : 2.618034,
      "y" : -4.236068,
      "z" : 6.854102
    }, {
      "x" : 0.0,
      "y" : -8.472136,
      "z" : 0.0
    } ],
    "faces" : [ {
      "vertices" : [ 0, 1, 2 ]
    }, {
      "vertices" : [ 0, 2, 1 ]
    } ]
  }, {
    "id" : "ca159352-1753-41e7-9752-2ccb83c9e741",
    "vertices" : [ {
      "x" : 0.0,
      "y" : 0.0,
      "z" : 0.0
    }, {
      "x" : -2.618034,
      "y" : -4.236068,
      "z" : -6.854102
    }, {
      "x" : -2.618034,
      "y" : 4.236068,
      "z" : -6.854102
    } ],
    "faces" : [ {
      "vertices" : [ 0, 1, 2 ]
    }, {
      "vertices" : [ 0, 2, 1 ]
    } ]
  }, {
    "id" : "38ba1886-4568-4fa0-b9a5-6be86bde5715",
    "vertices" : [ {
      "x" : 0.0,
      "y" : 0.0,
      "z" : 0.0
    }, {
      "x" : 0.0,
      "y" : 0.0,
      "z" : 8.472136
    }, {
      "x" : 4.236068,
      "y" : -6.854102,
      "z" : 11.09017
    }, {
      "x" : 6.854102,
      "y" : -11.09017,
      "z" : 4.236068
    }, {
      "x" : 4.236068,
      "y" : -6.854102,
      "z" : -2.618034
    } ],
    "faces" : [ {
      "vertices" : [ 0, 1, 2, 3, 4 ]
    }, {
      "vertices" : [ 0, 4, 3, 2, 1 ]
    } ]
  }, {
    "id" : "30ef59ab-64d6-4f01-b757-70bf9938072a",
    "vertices" : [ {
      "x" : 0.0,
      "y" : 0.0,
      "z" : 0.0
    }, {
      "x" : 0.0,
      "y" : -8.472136,
      "z" : 0.0
    }, {
      "x" : -2.618034,
      "y" : -4.236068,
      "z" : -6.854102
    } ],
    "faces" : [ {
      "vertices" : [ 0, 1, 2 ]
    }, {
      "vertices" : [ 0, 2, 1 ]
    } ]
  }, {
    "id" : "a39af583-f33e-43e6-b370-c39ce5eec955",
    "vertices" : [ {
      "x" : 0.0,
      "y" : 0.0,
      "z" : 0.0
    }, {
      "x" : 2.618034,
      "y" : 4.236068,
      "z" : 6.854102
    }, {
      "x" : 2.618034,
      "y" : -4.236068,
      "z" : 6.854102
    } ],
    "faces" : [ {
      "vertices" : [ 0, 1, 2 ]
    }, {
      "vertices" : [ 0, 2, 1 ]
    } ]
  }, {
    "id" : "22b350b9-4fdf-42c2-8b01-72700f2a8359",
    "vertices" : [ {
      "x" : 0.0,
      "y" : 0.0,
      "z" : 0.0
    }, {
      "x" : -2.618034,
      "y" : 4.236068,
      "z" : 6.854102
    }, {
      "x" : 0.0,
      "y" : 0.0,
      "z" : 13.708204
    }, {
      "x" : 4.236068,
      "y" : -6.854102,
      "z" : 11.09017
    }, {
      "x" : 4.236068,
      "y" : -6.854102,
      "z" : 2.618034
    } ],
    "faces" : [ {
      "vertices" : [ 0, 1, 2, 3, 4 ]
    }, {
      "vertices" : [ 0, 4, 3, 2, 1 ]
    } ]
  }, {
    "id" : "73700cfb-f2ec-4976-99f5-a5d2056f34a6",
    "vertices" : [ {
      "x" : 0.0,
      "y" : 0.0,
      "z" : 0.0
    }, {
      "x" : -2.618034,
      "y" : 4.236068,
      "z" : -6.854102
    }, {
      "x" : 0.0,
      "y" : 8.472136,
      "z" : 0.0
    } ],
    "faces" : [ {
      "vertices" : [ 0, 1, 2 ]
    }, {
      "vertices" : [ 0, 2, 1 ]
    } ]
  }, {
    "id" : "0d67147b-9588-46ac-8b9a-9bd8eed9143d",
    "vertices" : [ {
      "x" : 0.0,
      "y" : 0.0,
      "z" : 0.0
    }, {
      "x" : 0.0,
      "y" : 0.0,
      "z" : -8.472136
    }, {
      "x" : 0.0,
      "y" : 8.472136,
      "z" : -8.472136
    }, {
      "x" : 0.0,
      "y" : 8.472136,
      "z" : 0.0
    } ],
    "faces" : [ {
      "vertices" : [ 0, 1, 2, 3 ]
    }, {
      "vertices" : [ 0, 3, 2, 1 ]
    } ]
  }, {
    "id" : "72f9cef5-3dd4-48cf-8a24-9f324452fff5",
    "vertices" : [ {
      "x" : 0.0,
      "y" : 0.0,
      "z" : 0.0
    }, {
      "x" : -8.024922,
      "y" : -0.7236068,
      "z" : 2.618034
    }, {
      "x" : -5.4068885,
      "y" : -4.959675,
      "z" : 9.472136
    }, {
      "x" : 2.618034,
      "y" : -4.236068,
      "z" : 6.854102
    } ],
    "faces" : [ {
      "vertices" : [ 0, 1, 2, 3 ]
    }, {
      "vertices" : [ 0, 3, 2, 1 ]
    } ]
  }, {
    "id" : "1a1122a2-81cd-4eca-8e88-53dd4d7572ad",
    "vertices" : [ {
      "x" : 0.0,
      "y" : 0.0,
      "z" : 0.0
    }, {
      "x" : 0.0,
      "y" : -8.472136,
      "z" : 0.0
    }, {
      "x" : 0.0,
      "y" : -8.472136,
      "z" : -8.472136
    }, {
      "x" : 0.0,
      "y" : 0.0,
      "z" : -8.472136
    } ],
    "faces" : [ {
      "vertices" : [ 0, 1, 2, 3 ]
    }, {
      "vertices" : [ 0, 3, 2, 1 ]
    } ]
  }, {
    "id" : "edc1ea44-493d-4008-b4eb-c87d10f5ac08",
    "vertices" : [ {
      "x" : 0.0,
      "y" : 0.0,
      "z" : 0.0
    }, {
      "x" : 2.618034,
      "y" : -4.236068,
      "z" : 6.854102
    }, {
      "x" : 6.854102,
      "y" : -11.09017,
      "z" : 4.236068
    }, {
      "x" : 6.854102,
      "y" : -11.09017,
      "z" : -4.236068
    }, {
      "x" : 2.618034,
      "y" : -4.236068,
      "z" : -6.854102
    } ],
    "faces" : [ {
      "vertices" : [ 0, 1, 2, 3, 4 ]
    }, {
      "vertices" : [ 0, 4, 3, 2, 1 ]
    } ]
  }, {
    "id" : "bca19956-5856-4998-98bb-cd18e8f1373a",
    "vertices" : [ {
      "x" : 0.0,
      "y" : 0.0,
      "z" : 0.0
    }, {
      "x" : -4.236068,
      "y" : 6.854102,
      "z" : -2.618034
    }, {
      "x" : -6.854102,
      "y" : 11.09017,
      "z" : 4.236068
    }, {
      "x" : -4.236068,
      "y" : 6.854102,
      "z" : 11.09017
    }, {
      "x" : 0.0,
      "y" : 0.0,
      "z" : 8.472136
    } ],
    "faces" : [ {
      "vertices" : [ 0, 1, 2, 3, 4 ]
    }, {
      "vertices" : [ 0, 4, 3, 2, 1 ]
    } ]
  }, {
    "id" : "0e28af64-6e57-4aeb-8e45-408fdc171c4b",
    "vertices" : [ {
      "x" : 0.0,
      "y" : 0.0,
      "z" : 0.0
    }, {
      "x" : -4.236068,
      "y" : 6.854102,
      "z" : 2.618034
    }, {
      "x" : -4.236068,
      "y" : 6.854102,
      "z" : 11.09017
    }, {
      "x" : 0.0,
      "y" : 0.0,
      "z" : 13.708204
    }, {
      "x" : 2.618034,
      "y" : -4.236068,
      "z" : 6.854102
    } ],
    "faces" : [ {
      "vertices" : [ 0, 1, 2, 3, 4 ]
    }, {
      "vertices" : [ 0, 4, 3, 2, 1 ]
    } ]
  }, {
    "id" : "15ca4f22-bd18-48ec-b970-f767b16e2c5d",
    "vertices" : [ {
      "x" : 0.0,
      "y" : 0.0,
      "z" : 0.0
    }, {
      "x" : 8.024922,
      "y" : 0.7236068,
      "z" : -2.618034
    }, {
      "x" : 5.4068885,
      "y" : 4.959675,
      "z" : -9.472136
    }, {
      "x" : -2.618034,
      "y" : 4.236068,
      "z" : -6.854102
    } ],
    "faces" : [ {
      "vertices" : [ 0, 1, 2, 3 ]
    }, {
      "vertices" : [ 0, 3, 2, 1 ]
    } ]
  } ],
  "instances" : [ {
    "shape" : "ef37c253-60f7-4898-988d-88d9169e07fb",
    "color" : "#F2F2F2",
    "position" : {
      "x" : 4.959675,
      "y" : 5.6832814,
      "z" : -6.854102
    }
  }, {
    "shape" : "42fdb403-cbbf-4561-bddd-4eac25c3b159",
    "color" : "#008EC2",
    "position" : {
      "x" : 4.959675,
      "y" : 5.6832814,
      "z" : -6.854102
    },
    "orientation" : 7
  }, {
    "shape" : "42fdb403-cbbf-4561-bddd-4eac25c3b159",
    "color" : "#008EC2",
    "position" : {
      "x" : -1.8944272,
      "y" : 3.0652475,
      "z" : -2.618034
    },
    "orientation" : 51
  }, {
    "shape" : "fa82f5dc-d4a9-4864-b917-67335e8d9ad4",
    "color" : "#FFFFFF",
    "position" : {
      "x" : 0.7236068,
      "y" : -1.1708204,
      "z" : -4.236068
    },
    "orientation" : 3
  }, {
    "shape" : "42fdb403-cbbf-4561-bddd-4eac25c3b159",
    "color" : "#008EC2",
    "position" : {
      "x" : 2.3416407,
      "y" : 9.91935,
      "z" : 0.0
    },
    "orientation" : 36
  }, {
    "shape" : "ef37c253-60f7-4898-988d-88d9169e07fb",
    "color" : "#F2F2F2",
    "position" : {
      "x" : 9.195743,
      "y" : -1.1708204,
      "z" : -4.236068
    }
  }, {
    "shape" : "ef37c253-60f7-4898-988d-88d9169e07fb",
    "color" : "#F2F2F2",
    "position" : {
      "x" : 4.959675,
      "y" : -8.024922,
      "z" : -6.854102
    }
  }, {
    "shape" : "42fdb403-cbbf-4561-bddd-4eac25c3b159",
    "color" : "#008EC2",
    "position" : {
      "x" : 2.3416407,
      "y" : -3.7888544,
      "z" : 0.0
    },
    "orientation" : 37
  }, {
    "shape" : "42fdb403-cbbf-4561-bddd-4eac25c3b159",
    "color" : "#008EC2",
    "position" : {
      "x" : 9.195743,
      "y" : -1.1708204,
      "z" : 4.236068
    },
    "orientation" : 45
  }, {
    "shape" : "42fdb403-cbbf-4561-bddd-4eac25c3b159",
    "color" : "#008EC2",
    "position" : {
      "x" : 9.195743,
      "y" : -1.1708204,
      "z" : -4.236068
    },
    "orientation" : 2
  }, {
    "shape" : "42fdb403-cbbf-4561-bddd-4eac25c3b159",
    "color" : "#008EC2",
    "position" : {
      "x" : 2.3416407,
      "y" : 9.91935,
      "z" : 0.0
    },
    "orientation" : 45
  }, {
    "shape" : "fa82f5dc-d4a9-4864-b917-67335e8d9ad4",
    "color" : "#FFFFFF",
    "position" : {
      "x" : -3.0652475,
      "y" : -8.748529,
      "z" : 4.236068
    },
    "orientation" : 36
  }, {
    "shape" : "ef37c253-60f7-4898-988d-88d9169e07fb",
    "color" : "#F2F2F2",
    "position" : {
      "x" : -6.130495,
      "y" : 9.91935,
      "z" : 0.0
    }
  }, {
    "shape" : "abd2c81c-3e74-4455-bc97-1931c2ef84f4",
    "color" : "#B0E0E6",
    "position" : {
      "x" : -1.8944272,
      "y" : 3.0652475,
      "z" : -11.09017
    },
    "orientation" : 42
  }, {
    "shape" : "fb7b4999-8aa0-47fd-8467-acf4caafd320",
    "color" : "#FFD98C",
    "position" : {
      "x" : 2.3416407,
      "y" : -3.7888544,
      "z" : 0.0
    },
    "orientation" : 24
  }, {
    "shape" : "abd2c81c-3e74-4455-bc97-1931c2ef84f4",
    "color" : "#B0E0E6",
    "position" : {
      "x" : -3.0652475,
      "y" : -8.748529,
      "z" : 4.236068
    },
    "orientation" : 0
  }, {
    "shape" : "fa82f5dc-d4a9-4864-b917-67335e8d9ad4",
    "color" : "#FFFFFF",
    "position" : {
      "x" : -1.8944272,
      "y" : 3.0652475,
      "z" : 2.618034
    },
    "orientation" : 9
  }, {
    "shape" : "ef37c253-60f7-4898-988d-88d9169e07fb",
    "color" : "#F2F2F2",
    "position" : {
      "x" : -7.301316,
      "y" : -1.8944272,
      "z" : 6.854102
    }
  }, {
    "shape" : "42fdb403-cbbf-4561-bddd-4eac25c3b159",
    "color" : "#008EC2",
    "position" : {
      "x" : -1.8944272,
      "y" : 3.0652475,
      "z" : 2.618034
    },
    "orientation" : 2
  }, {
    "shape" : "e5907934-7b74-49b8-a84f-62e6d6052f8f",
    "color" : "#FFFFFF",
    "position" : {
      "x" : -3.0652475,
      "y" : -8.748529,
      "z" : 4.236068
    },
    "orientation" : 12
  }, {
    "shape" : "42fdb403-cbbf-4561-bddd-4eac25c3b159",
    "color" : "#008EC2",
    "position" : {
      "x" : 0.7236068,
      "y" : -1.1708204,
      "z" : 4.236068
    },
    "orientation" : 21
  }, {
    "shape" : "abd2c81c-3e74-4455-bc97-1931c2ef84f4",
    "color" : "#B0E0E6",
    "position" : {
      "x" : -1.8944272,
      "y" : 3.0652475,
      "z" : -2.618034
    },
    "orientation" : 36
  }, {
    "shape" : "fb7b4999-8aa0-47fd-8467-acf4caafd320",
    "color" : "#FFD98C",
    "position" : {
      "x" : 0.7236068,
      "y" : -1.1708204,
      "z" : -4.236068
    },
    "orientation" : 17
  }, {
    "shape" : "42fdb403-cbbf-4561-bddd-4eac25c3b159",
    "color" : "#008EC2",
    "position" : {
      "x" : -3.0652475,
      "y" : -8.748529,
      "z" : -4.236068
    },
    "orientation" : 2
  }, {
    "shape" : "42fdb403-cbbf-4561-bddd-4eac25c3b159",
    "color" : "#008EC2",
    "position" : {
      "x" : 9.195743,
      "y" : -1.1708204,
      "z" : -4.236068
    },
    "orientation" : 54
  }, {
    "shape" : "fb7b4999-8aa0-47fd-8467-acf4caafd320",
    "color" : "#FFD98C",
    "position" : {
      "x" : 0.7236068,
      "y" : -1.1708204,
      "z" : 4.236068
    },
    "orientation" : 5
  }, {
    "shape" : "42fdb403-cbbf-4561-bddd-4eac25c3b159",
    "color" : "#008EC2",
    "position" : {
      "x" : 4.959675,
      "y" : 5.6832814,
      "z" : -6.854102
    },
    "orientation" : 39
  }, {
    "shape" : "42fdb403-cbbf-4561-bddd-4eac25c3b159",
    "color" : "#008EC2",
    "position" : {
      "x" : 0.7236068,
      "y" : -1.1708204,
      "z" : -4.236068
    },
    "orientation" : 55
  }, {
    "shape" : "fa82f5dc-d4a9-4864-b917-67335e8d9ad4",
    "color" : "#FFFFFF",
    "position" : {
      "x" : -9.91935,
      "y" : 2.3416407,
      "z" : 0.0
    },
    "orientation" : 42
  }, {
    "shape" : "abd2c81c-3e74-4455-bc97-1931c2ef84f4",
    "color" : "#B0E0E6",
    "position" : {
      "x" : -1.8944272,
      "y" : 3.0652475,
      "z" : 2.618034
    },
    "orientation" : 33
  }, {
    "shape" : "fa82f5dc-d4a9-4864-b917-67335e8d9ad4",
    "color" : "#FFFFFF",
    "position" : {
      "x" : -3.0652475,
      "y" : -8.748529,
      "z" : -4.236068
    },
    "orientation" : 39
  }, {
    "shape" : "fb7b4999-8aa0-47fd-8467-acf4caafd320",
    "color" : "#FFD98C",
    "position" : {
      "x" : -1.8944272,
      "y" : 3.0652475,
      "z" : 2.618034
    },
    "orientation" : 7
  }, {
    "shape" : "fb7b4999-8aa0-47fd-8467-acf4caafd320",
    "color" : "#FFD98C",
    "position" : {
      "x" : 2.3416407,
      "y" : -3.7888544,
      "z" : 0.0
    },
    "orientation" : 21
  }, {
    "shape" : "42fdb403-cbbf-4561-bddd-4eac25c3b159",
    "color" : "#008EC2",
    "position" : {
      "x" : 9.195743,
      "y" : -1.1708204,
      "z" : -4.236068
    },
    "orientation" : 45
  }, {
    "shape" : "e7f31e49-aaa1-42a3-a740-eb9c575d0d3a",
    "color" : "#EC888B",
    "position" : {
      "x" : 4.959675,
      "y" : 5.6832814,
      "z" : 6.854102
    },
    "orientation" : 0
  }, {
    "shape" : "ef37c253-60f7-4898-988d-88d9169e07fb",
    "color" : "#F2F2F2",
    "position" : {
      "x" : -9.91935,
      "y" : 2.3416407,
      "z" : 0.0
    }
  }, {
    "shape" : "42fdb403-cbbf-4561-bddd-4eac25c3b159",
    "color" : "#008EC2",
    "position" : {
      "x" : 0.7236068,
      "y" : -1.1708204,
      "z" : 4.236068
    },
    "orientation" : 7
  }, {
    "shape" : "ec97fa31-a3ea-46d6-b2f3-d5665d105e8b",
    "color" : "#FFD98C",
    "position" : {
      "x" : -1.8944272,
      "y" : 3.0652475,
      "z" : 11.09017
    },
    "orientation" : 1
  }, {
    "shape" : "42fdb403-cbbf-4561-bddd-4eac25c3b159",
    "color" : "#008EC2",
    "position" : {
      "x" : -9.91935,
      "y" : 2.3416407,
      "z" : 0.0
    },
    "orientation" : 37
  }, {
    "shape" : "abd2c81c-3e74-4455-bc97-1931c2ef84f4",
    "color" : "#B0E0E6",
    "position" : {
      "x" : 0.7236068,
      "y" : -1.1708204,
      "z" : -4.236068
    },
    "orientation" : 33
  }, {
    "shape" : "fb7b4999-8aa0-47fd-8467-acf4caafd320",
    "color" : "#FFD98C",
    "position" : {
      "x" : -1.8944272,
      "y" : 3.0652475,
      "z" : 2.618034
    },
    "orientation" : 4
  }, {
    "shape" : "ef37c253-60f7-4898-988d-88d9169e07fb",
    "color" : "#F2F2F2",
    "position" : {
      "x" : 2.3416407,
      "y" : 9.91935,
      "z" : 0.0
    }
  }, {
    "shape" : "ef37c253-60f7-4898-988d-88d9169e07fb",
    "color" : "#F2F2F2",
    "position" : {
      "x" : 4.959675,
      "y" : 5.6832814,
      "z" : 6.854102
    }
  }, {
    "shape" : "abd2c81c-3e74-4455-bc97-1931c2ef84f4",
    "color" : "#B0E0E6",
    "position" : {
      "x" : 2.3416407,
      "y" : -3.7888544,
      "z" : 0.0
    },
    "orientation" : 36
  }, {
    "shape" : "42fdb403-cbbf-4561-bddd-4eac25c3b159",
    "color" : "#008EC2",
    "position" : {
      "x" : 9.195743,
      "y" : -1.1708204,
      "z" : 4.236068
    },
    "orientation" : 53
  }, {
    "shape" : "ca159352-1753-41e7-9752-2ccb83c9e741",
    "color" : "#FFD98C",
    "position" : {
      "x" : 0.7236068,
      "y" : -1.1708204,
      "z" : -4.236068
    },
    "orientation" : 22
  }, {
    "shape" : "42fdb403-cbbf-4561-bddd-4eac25c3b159",
    "color" : "#008EC2",
    "position" : {
      "x" : 9.195743,
      "y" : -1.1708204,
      "z" : 4.236068
    },
    "orientation" : 51
  }, {
    "shape" : "fa82f5dc-d4a9-4864-b917-67335e8d9ad4",
    "color" : "#FFFFFF",
    "position" : {
      "x" : -3.0652475,
      "y" : -8.748529,
      "z" : -4.236068
    },
    "orientation" : 33
  }, {
    "shape" : "ef37c253-60f7-4898-988d-88d9169e07fb",
    "color" : "#F2F2F2",
    "position" : {
      "x" : -1.8944272,
      "y" : 3.0652475,
      "z" : -11.09017
    }
  }, {
    "shape" : "ef37c253-60f7-4898-988d-88d9169e07fb",
    "color" : "#F2F2F2",
    "position" : {
      "x" : -1.8944272,
      "y" : 3.0652475,
      "z" : 11.09017
    }
  }, {
    "shape" : "42fdb403-cbbf-4561-bddd-4eac25c3b159",
    "color" : "#008EC2",
    "position" : {
      "x" : 0.7236068,
      "y" : -1.1708204,
      "z" : -4.236068
    },
    "orientation" : 24
  }, {
    "shape" : "abd2c81c-3e74-4455-bc97-1931c2ef84f4",
    "color" : "#B0E0E6",
    "position" : {
      "x" : 0.7236068,
      "y" : -1.1708204,
      "z" : -4.236068
    },
    "orientation" : 39
  }, {
    "shape" : "42fdb403-cbbf-4561-bddd-4eac25c3b159",
    "color" : "#008EC2",
    "position" : {
      "x" : 4.959675,
      "y" : 5.6832814,
      "z" : 6.854102
    },
    "orientation" : 36
  }, {
    "shape" : "abd2c81c-3e74-4455-bc97-1931c2ef84f4",
    "color" : "#B0E0E6",
    "position" : {
      "x" : -3.0652475,
      "y" : -8.748529,
      "z" : 4.236068
    },
    "orientation" : 9
  }, {
    "shape" : "fb7b4999-8aa0-47fd-8467-acf4caafd320",
    "color" : "#FFD98C",
    "position" : {
      "x" : -1.8944272,
      "y" : 3.0652475,
      "z" : -11.09017
    },
    "orientation" : 24
  }, {
    "shape" : "fb7b4999-8aa0-47fd-8467-acf4caafd320",
    "color" : "#FFD98C",
    "position" : {
      "x" : 0.7236068,
      "y" : -1.1708204,
      "z" : 4.236068
    },
    "orientation" : 2
  }, {
    "shape" : "abd2c81c-3e74-4455-bc97-1931c2ef84f4",
    "color" : "#B0E0E6",
    "position" : {
      "x" : -6.130495,
      "y" : 9.91935,
      "z" : 0.0
    },
    "orientation" : 39
  }, {
    "shape" : "fa82f5dc-d4a9-4864-b917-67335e8d9ad4",
    "color" : "#FFFFFF",
    "position" : {
      "x" : -3.0652475,
      "y" : -8.748529,
      "z" : 4.236068
    },
    "orientation" : 42
  }, {
    "shape" : "ef37c253-60f7-4898-988d-88d9169e07fb",
    "color" : "#F2F2F2",
    "position" : {
      "x" : 4.959675,
      "y" : -8.024922,
      "z" : 6.854102
    }
  }, {
    "shape" : "abd2c81c-3e74-4455-bc97-1931c2ef84f4",
    "color" : "#B0E0E6",
    "position" : {
      "x" : -1.8944272,
      "y" : 3.0652475,
      "z" : 2.618034
    },
    "orientation" : 42
  }, {
    "shape" : "ef37c253-60f7-4898-988d-88d9169e07fb",
    "color" : "#F2F2F2",
    "position" : {
      "x" : -3.0652475,
      "y" : -8.748529,
      "z" : -4.236068
    }
  }, {
    "shape" : "42fdb403-cbbf-4561-bddd-4eac25c3b159",
    "color" : "#008EC2",
    "position" : {
      "x" : -1.8944272,
      "y" : 3.0652475,
      "z" : -2.618034
    },
    "orientation" : 47
  }, {
    "shape" : "fa82f5dc-d4a9-4864-b917-67335e8d9ad4",
    "color" : "#FFFFFF",
    "position" : {
      "x" : -1.8944272,
      "y" : 3.0652475,
      "z" : -2.618034
    },
    "orientation" : 6
  }, {
    "shape" : "fa82f5dc-d4a9-4864-b917-67335e8d9ad4",
    "color" : "#FFFFFF",
    "position" : {
      "x" : -7.301316,
      "y" : -1.8944272,
      "z" : 6.854102
    },
    "orientation" : 39
  }, {
    "shape" : "42fdb403-cbbf-4561-bddd-4eac25c3b159",
    "color" : "#008EC2",
    "position" : {
      "x" : 4.959675,
      "y" : 5.6832814,
      "z" : -6.854102
    },
    "orientation" : 53
  }, {
    "shape" : "fb7b4999-8aa0-47fd-8467-acf4caafd320",
    "color" : "#FFD98C",
    "position" : {
      "x" : -6.130495,
      "y" : 9.91935,
      "z" : 0.0
    },
    "orientation" : 17
  }, {
    "shape" : "42fdb403-cbbf-4561-bddd-4eac25c3b159",
    "color" : "#008EC2",
    "position" : {
      "x" : -3.0652475,
      "y" : -8.748529,
      "z" : -4.236068
    },
    "orientation" : 54
  }, {
    "shape" : "42fdb403-cbbf-4561-bddd-4eac25c3b159",
    "color" : "#008EC2",
    "position" : {
      "x" : 9.195743,
      "y" : -1.1708204,
      "z" : -4.236068
    },
    "orientation" : 36
  }, {
    "shape" : "ef37c253-60f7-4898-988d-88d9169e07fb",
    "color" : "#F2F2F2",
    "position" : {
      "x" : -7.301316,
      "y" : -1.8944272,
      "z" : -6.854102
    }
  }, {
    "shape" : "ef37c253-60f7-4898-988d-88d9169e07fb",
    "color" : "#F2F2F2",
    "position" : {
      "x" : -1.8944272,
      "y" : 3.0652475,
      "z" : -2.618034
    }
  }, {
    "shape" : "42fdb403-cbbf-4561-bddd-4eac25c3b159",
    "color" : "#008EC2",
    "position" : {
      "x" : -3.0652475,
      "y" : -8.748529,
      "z" : 4.236068
    },
    "orientation" : 51
  }, {
    "shape" : "42fdb403-cbbf-4561-bddd-4eac25c3b159",
    "color" : "#008EC2",
    "position" : {
      "x" : -7.301316,
      "y" : -1.8944272,
      "z" : -6.854102
    },
    "orientation" : 7
  }, {
    "shape" : "ef37c253-60f7-4898-988d-88d9169e07fb",
    "color" : "#F2F2F2",
    "position" : {
      "x" : 9.195743,
      "y" : -1.1708204,
      "z" : 4.236068
    }
  }, {
    "shape" : "42fdb403-cbbf-4561-bddd-4eac25c3b159",
    "color" : "#008EC2",
    "position" : {
      "x" : -1.8944272,
      "y" : 3.0652475,
      "z" : 2.618034
    },
    "orientation" : 54
  }, {
    "shape" : "ef37c253-60f7-4898-988d-88d9169e07fb",
    "color" : "#F2F2F2",
    "position" : {
      "x" : 2.3416407,
      "y" : -3.7888544,
      "z" : 0.0
    }
  }, {
    "shape" : "abd2c81c-3e74-4455-bc97-1931c2ef84f4",
    "color" : "#B0E0E6",
    "position" : {
      "x" : -1.8944272,
      "y" : 3.0652475,
      "z" : -2.618034
    },
    "orientation" : 30
  }, {
    "shape" : "42fdb403-cbbf-4561-bddd-4eac25c3b159",
    "color" : "#008EC2",
    "position" : {
      "x" : 2.3416407,
      "y" : -3.7888544,
      "z" : 0.0
    },
    "orientation" : 25
  }, {
    "shape" : "abd2c81c-3e74-4455-bc97-1931c2ef84f4",
    "color" : "#B0E0E6",
    "position" : {
      "x" : -3.0652475,
      "y" : -8.748529,
      "z" : -4.236068
    },
    "orientation" : 3
  }, {
    "shape" : "42fdb403-cbbf-4561-bddd-4eac25c3b159",
    "color" : "#008EC2",
    "position" : {
      "x" : 4.959675,
      "y" : 5.6832814,
      "z" : 6.854102
    },
    "orientation" : 53
  }, {
    "shape" : "42fdb403-cbbf-4561-bddd-4eac25c3b159",
    "color" : "#008EC2",
    "position" : {
      "x" : 9.195743,
      "y" : -1.1708204,
      "z" : -4.236068
    },
    "orientation" : 41
  }, {
    "shape" : "42fdb403-cbbf-4561-bddd-4eac25c3b159",
    "color" : "#008EC2",
    "position" : {
      "x" : 4.959675,
      "y" : 5.6832814,
      "z" : -6.854102
    },
    "orientation" : 41
  }, {
    "shape" : "abd2c81c-3e74-4455-bc97-1931c2ef84f4",
    "color" : "#B0E0E6",
    "position" : {
      "x" : 0.7236068,
      "y" : -1.1708204,
      "z" : 4.236068
    },
    "orientation" : 30
  }, {
    "shape" : "ef37c253-60f7-4898-988d-88d9169e07fb",
    "color" : "#F2F2F2",
    "position" : {
      "x" : -1.8944272,
      "y" : 3.0652475,
      "z" : 2.618034
    }
  }, {
    "shape" : "fa82f5dc-d4a9-4864-b917-67335e8d9ad4",
    "color" : "#FFFFFF",
    "position" : {
      "x" : -7.301316,
      "y" : -1.8944272,
      "z" : -6.854102
    },
    "orientation" : 36
  }, {
    "shape" : "42fdb403-cbbf-4561-bddd-4eac25c3b159",
    "color" : "#008EC2",
    "position" : {
      "x" : 4.959675,
      "y" : 5.6832814,
      "z" : 6.854102
    },
    "orientation" : 41
  }, {
    "shape" : "42fdb403-cbbf-4561-bddd-4eac25c3b159",
    "color" : "#008EC2",
    "position" : {
      "x" : 2.3416407,
      "y" : 9.91935,
      "z" : 0.0
    },
    "orientation" : 39
  }, {
    "shape" : "e5907934-7b74-49b8-a84f-62e6d6052f8f",
    "color" : "#FFFFFF",
    "position" : {
      "x" : -3.0652475,
      "y" : -8.748529,
      "z" : -4.236068
    },
    "orientation" : 0
  }, {
    "shape" : "fb7b4999-8aa0-47fd-8467-acf4caafd320",
    "color" : "#FFD98C",
    "position" : {
      "x" : 4.959675,
      "y" : -8.024922,
      "z" : 6.854102
    },
    "orientation" : 7
  }, {
    "shape" : "ef37c253-60f7-4898-988d-88d9169e07fb",
    "color" : "#F2F2F2",
    "position" : {
      "x" : 0.7236068,
      "y" : -1.1708204,
      "z" : 4.236068
    }
  }, {
    "shape" : "ec97fa31-a3ea-46d6-b2f3-d5665d105e8b",
    "color" : "#FFD98C",
    "position" : {
      "x" : -1.8944272,
      "y" : 3.0652475,
      "z" : -2.618034
    },
    "orientation" : 1
  }, {
    "shape" : "ef37c253-60f7-4898-988d-88d9169e07fb",
