{
  "field" : "golden",
  "symmetry" : "icosahedral",
  "orientations" : [ [ 1.0, 0.0, 0.0, 0.0, 0.0, 1.0, 0.0, 0.0, 0.0, 0.0, 1.0, 0.0, 0.0, 0.0, 0.0, 1.0 ], [ 0.0, 0.0, 1.0, 0.0, 1.0, 0.0, 0.0, 0.0, 0.0, 1.0, 0.0, 0.0, 0.0, 0.0, 0.0, 1.0 ], [ 0.0, 1.0, 0.0, 0.0, 0.0, 0.0, 1.0, 0.0, 1.0, 0.0, 0.0, 0.0, 0.0, 0.0, 0.0, 1.0 ], [ 0.809017, 0.309017, 0.5, 0.0, 0.309017, 0.5, -0.809017, 0.0, -0.5, 0.809017, 0.309017, 0.0, 0.0, 0.0, 0.0, 1.0 ], [ -0.5, 0.809017, 0.309017, 0.0, 0.809017, 0.309017, 0.5, 0.0, 0.309017, 0.5, -0.809017, 0.0, 0.0, 0.0, 0.0, 1.0 ], [ 0.309017, 0.5, -0.809017, 0.0, -0.5, 0.809017, 0.309017, 0.0, 0.809017, 0.309017, 0.5, 0.0, 0.0, 0.0, 0.0, 1.0 ], [ 0.5, 0.809017, 0.309017, 0.0, 0.809017, -0.309017, -0.5, 0.0, -0.309017, 0.5, -0.809017, 0.0, 0.0, 0.0, 0.0, 1.0 ], [ -0.309017, 0.5, -0.809017, 0.0, 0.5, 0.809017, 0.309017, 0.0, 0.809017, -0.309017, -0.5, 0.0, 0.0, 0.0, 0.0, 1.0 ], [ 0.809017, -0.309017, -0.5, 0.0, -0.309017, 0.5, -0.809017, 0.0, 0.5, 0.809017, 0.309017, 0.0, 0.0, 0.0, 0.0, 1.0 ], [ 0.5, 0.809017, -0.309017, 0.0, 0.809017, -0.309017, 0.5, 0.0, 0.309017, -0.5, -0.809017, 0.0, 0.0, 0.0, 0.0, 1.0 ], [ 0.309017, -0.5, -0.809017, 0.0, 0.5, 0.809017, -0.309017, 0.0, 0.809017, -0.309017, 0.5, 0.0, 0.0, 0.0, 0.0, 1.0 ], [ 0.809017, -0.309017, 0.5, 0.0, 0.309017, -0.5, -0.809017, 0.0, 0.5, 0.809017, -0.309017, 0.0, 0.0, 0.0, 0.0, 1.0 ], [ 0.809017, 0.309017, -0.5, 0.0, 0.309017, 0.5, 0.809017, 0.0, 0.5, -0.809017, 0.309017, 0.0, 0.0, 0.0, 0.0, 1.0 ], [ 0.5, -0.809017, 0.309017, 0.0, 0.809017, 0.309017, -0.5, 0.0, 0.309017, 0.5, 0.809017, 0.0, 0.0, 0.0, 0.0, 1.0 ], [ 0.309017, 0.5, 0.809017, 0.0, 0.5, -0.809017, 0.309017, 0.0, 0.809017, 0.309017, -0.5, 0.0, 0.0, 0.0, 0.0, 1.0 ], [ 1.0, 0.0, 0.0, 0.0, 0.0, -1.0, 0.0, 0.0, 0.0, 0.0, -1.0, 0.0, 0.0, 0.0, 0.0, 1.0 ], [ 0.0, 0.0, 1.0, 0.0, -1.0, 0.0, 0.0, 0.0, 0.0, -1.0, 0.0, 0.0, 0.0, 0.0, 0.0, 1.0 ], [ 0.0, 1.0, 0.0, 0.0, 0.0, 0.0, -1.0, 0.0, -1.0, 0.0, 0.0, 0.0, 0.0, 0.0, 0.0, 1.0 ], [ 0.809017, 0.309017, 0.5, 0.0, -0.309017, -0.5, 0.809017, 0.0, 0.5, -0.809017, -0.309017, 0.0, 0.0, 0.0, 0.0, 1.0 ], [ -0.5, 0.809017, 0.309017, 0.0, -0.809017, -0.309017, -0.5, 0.0, -0.309017, -0.5, 0.809017, 0.0, 0.0, 0.0, 0.0, 1.0 ], [ 0.309017, 0.5, -0.809017, 0.0, 0.5, -0.809017, -0.309017, 0.0, -0.809017, -0.309017, -0.5, 0.0, 0.0, 0.0, 0.0, 1.0 ], [ 0.5, 0.809017, 0.309017, 0.0, -0.809017, 0.309017, 0.5, 0.0, 0.309017, -0.5, 0.809017, 0.0, 0.0, 0.0, 0.0, 1.0 ], [ -0.309017, 0.5, -0.809017, 0.0, -0.5, -0.809017, -0.309017, 0.0, -0.809017, 0.309017, 0.5, 0.0, 0.0, 0.0, 0.0, 1.0 ], [ 0.809017, -0.309017, -0.5, 0.0, 0.309017, -0.5, 0.809017, 0.0, -0.5, -0.809017, -0.309017, 0.0, 0.0, 0.0, 0.0, 1.0 ], [ 0.5, 0.809017, -0.309017, 0.0, -0.809017, 0.309017, -0.5, 0.0, -0.309017, 0.5, 0.809017, 0.0, 0.0, 0.0, 0.0, 1.0 ], [ 0.309017, -0.5, -0.809017, 0.0, -0.5, -0.809017, 0.309017, 0.0, -0.809017, 0.309017, -0.5, 0.0, 0.0, 0.0, 0.0, 1.0 ], [ 0.809017, -0.309017, 0.5, 0.0, -0.309017, 0.5, 0.809017, 0.0, -0.5, -0.809017, 0.309017, 0.0, 0.0, 0.0, 0.0, 1.0 ], [ 0.809017, 0.309017, -0.5, 0.0, -0.309017, -0.5, -0.809017, 0.0, -0.5, 0.809017, -0.309017, 0.0, 0.0, 0.0, 0.0, 1.0 ], [ 0.5, -0.809017, 0.309017, 0.0, -0.809017, -0.309017, 0.5, 0.0, -0.309017, -0.5, -0.809017, 0.0, 0.0, 0.0, 0.0, 1.0 ], [ 0.309017, 0.5, 0.809017, 0.0, -0.5, 0.809017, -0.309017, 0.0, -0.809017, -0.309017, 0.5, 0.0, 0.0, 0.0, 0.0, 1.0 ], [ -1.0, 0.0, 0.0, 0.0, 0.0, -1.0, 0.0, 0.0, 0.0, 0.0, 1.0, 0.0, 0.0, 0.0, 0.0, 1.0 ], [ 0.0, 0.0, -1.0, 0.0, -1.0, 0.0, 0.0, 0.0, 0.0, 1.0, 0.0, 0.0, 0.0, 0.0, 0.0, 1.0 ], [ 0.0, -1.0, 0.0, 0.0, 0.0, 0.0, -1.0, 0.0, 1.0, 0.0, 0.0, 0.0, 0.0, 0.0, 0.0, 1.0 ], [ -0.809017, -0.309017, -0.5, 0.0, -0.309017, -0.5, 0.809017, 0.0, -0.5, 0.809017, 0.309017, 0.0, 0.0, 0.0, 0.0, 1.0 ], [ 0.5, -0.809017, -0.309017, 0.0, -0.809017, -0.309017, -0.5, 0.0, 0.309017, 0.5, -0.809017, 0.0, 0.0, 0.0, 0.0, 1.0 ], [ -0.309017, -0.5, 0.809017, 0.0, 0.5, -0.809017, -0.309017, 0.0, 0.809017, 0.309017, 0.5, 0.0, 0.0, 0.0, 0.0, 1.0 ], [ -0.5, -0.809017, -0.309017, 0.0, -0.809017, 0.309017, 0.5, 0.0, -0.309017, 0.5, -0.809017, 0.0, 0.0, 0.0, 0.0, 1.0 ], [ 0.309017, -0.5, 0.809017, 0.0, -0.5, -0.809017, -0.309017, 0.0, 0.809017, -0.309017, -0.5, 0.0, 0.0, 0.0, 0.0, 1.0 ], [ -0.809017, 0.309017, 0.5, 0.0, 0.309017, -0.5, 0.809017, 0.0, 0.5, 0.809017, 0.309017, 0.0, 0.0, 0.0, 0.0, 1.0 ], [ -0.5, -0.809017, 0.309017, 0.0, -0.809017, 0.309017, -0.5, 0.0, 0.309017, -0.5, -0.809017, 0.0, 0.0, 0.0, 0.0, 1.0 ], [ -0.309017, 0.5, 0.809017, 0.0, -0.5, -0.809017, 0.309017, 0.0, 0.809017, -0.309017, 0.5, 0.0, 0.0, 0.0, 0.0, 1.0 ], [ -0.809017, 0.309017, -0.5, 0.0, -0.309017, 0.5, 0.809017, 0.0, 0.5, 0.809017, -0.309017, 0.0, 0.0, 0.0, 0.0, 1.0 ], [ -0.809017, -0.309017, 0.5, 0.0, -0.309017, -0.5, -0.809017, 0.0, 0.5, -0.809017, 0.309017, 0.0, 0.0, 0.0, 0.0, 1.0 ], [ -0.5, 0.809017, -0.309017, 0.0, -0.809017, -0.309017, 0.5, 0.0, 0.309017, 0.5, 0.809017, 0.0, 0.0, 0.0, 0.0, 1.0 ], [ -0.309017, -0.5, -0.809017, 0.0, -0.5, 0.809017, -0.309017, 0.0, 0.809017, 0.309017, -0.5, 0.0, 0.0, 0.0, 0.0, 1.0 ], [ -1.0, 0.0, 0.0, 0.0, 0.0, 1.0, 0.0, 0.0, 0.0, 0.0, -1.0, 0.0, 0.0, 0.0, 0.0, 1.0 ], [ 0.0, 0.0, -1.0, 0.0, 1.0, 0.0, 0.0, 0.0, 0.0, -1.0, 0.0, 0.0, 0.0, 0.0, 0.0, 1.0 ], [ 0.0, -1.0, 0.0, 0.0, 0.0, 0.0, 1.0, 0.0, -1.0, 0.0, 0.0, 0.0, 0.0, 0.0, 0.0, 1.0 ], [ -0.809017, -0.309017, -0.5, 0.0, 0.309017, 0.5, -0.809017, 0.0, 0.5, -0.809017, -0.309017, 0.0, 0.0, 0.0, 0.0, 1.0 ], [ 0.5, -0.809017, -0.309017, 0.0, 0.809017, 0.309017, 0.5, 0.0, -0.309017, -0.5, 0.809017, 0.0, 0.0, 0.0, 0.0, 1.0 ], [ -0.309017, -0.5, 0.809017, 0.0, -0.5, 0.809017, 0.309017, 0.0, -0.809017, -0.309017, -0.5, 0.0, 0.0, 0.0, 0.0, 1.0 ], [ -0.5, -0.809017, -0.309017, 0.0, 0.809017, -0.309017, -0.5, 0.0, 0.309017, -0.5, 0.809017, 0.0, 0.0, 0.0, 0.0, 1.0 ], [ 0.309017, -0.5, 0.809017, 0.0, 0.5, 0.809017, 0.309017, 0.0, -0.809017, 0.309017, 0.5, 0.0, 0.0, 0.0, 0.0, 1.0 ], [ -0.809017, 0.309017, 0.5, 0.0, -0.309017, 0.5, -0.809017, 0.0, -0.5, -0.809017, -0.309017, 0.0, 0.0, 0.0, 0.0, 1.0 ], [ -0.5, -0.809017, 0.309017, 0.0, 0.809017, -0.309017, 0.5, 0.0, -0.309017, 0.5, 0.809017, 0.0, 0.0, 0.0, 0.0, 1.0 ], [ -0.309017, 0.5, 0.809017, 0.0, 0.5, 0.809017, -0.309017, 0.0, -0.809017, 0.309017, -0.5, 0.0, 0.0, 0.0, 0.0, 1.0 ], [ -0.809017, 0.309017, -0.5, 0.0, 0.309017, -0.5, -0.809017, 0.0, -0.5, -0.809017, 0.309017, 0.0, 0.0, 0.0, 0.0, 1.0 ], [ -0.809017, -0.309017, 0.5, 0.0, 0.309017, 0.5, 0.809017, 0.0, -0.5, 0.809017, -0.309017, 0.0, 0.0, 0.0, 0.0, 1.0 ], [ -0.5, 0.809017, -0.309017, 0.0, 0.809017, 0.309017, -0.5, 0.0, -0.309017, -0.5, -0.809017, 0.0, 0.0, 0.0, 0.0, 1.0 ], [ -0.309017, -0.5, -0.809017, 0.0, 0.5, -0.809017, 0.309017, 0.0, -0.809017, -0.309017, 0.5, 0.0, 0.0, 0.0, 0.0, 1.0 ] ],
  "lights" : {
    "directionalLights" : [ {
      "direction" : {
        "x" : 1.0,
        "y" : -1.0,
        "z" : -1.0
      },
      "color" : "#EBEBE4"
    }, {
      "direction" : {
        "x" : -1.0,
        "y" : 0.0,
        "z" : 0.0
      },
      "color" : "#E4E4EB"
    }, {
      "direction" : {
        "x" : 0.0,
        "y" : 0.0,
        "z" : -1.0
      },
      "color" : "#1E1E1E"
    } ],
    "ambientColor" : "#292929",
    "backgroundColor" : "#FFF2F2"
  },
  "camera" : {
    "position" : {
      "x" : 0.0,
      "y" : 232.09015,
      "z" : 143.4396
    },
    "width" : 122.777435,
    "nearClipDistance" : 0.68209606,
    "farClipDistance" : 545.678,
    "perspective" : false,
    "fieldOfView" : 0.4426295,
    "viewDistance" : 272.83835,
    "lookAtPoint" : {
      "x" : 0.0,
      "y" : 0.0,
      "z" : 0.0
    },
    "lookDirection" : {
      "x" : 0.0,
      "y" : -0.8506508,
      "z" : -0.5257311
    },
    "upDirection" : {
      "x" : -1.0,
      "y" : 0.0,
      "z" : -0.0
    },
    "stereo" : false
  },
  "embedding" : [ 1.0, 0.0, 0.0, 0.0, 0.0, 1.0, 0.0, 0.0, 0.0, 0.0, 1.0, 0.0, 0.0, 0.0, 0.0, 1.0 ],
  "shapes" : [ {
    "id" : "cef1c3bd-60f3-48dc-9cd7-9111c5888719",
    "vertices" : [ {
      "x" : 0.0,
      "y" : -12.708204,
      "z" : -7.854102
    }, {
      "x" : 6.854102,
      "y" : -5.854102,
      "z" : -1.0
    }, {
      "x" : 17.944271,
      "y" : -1.618034,
      "z" : -2.618034
    }, {
      "x" : 11.09017,
      "y" : -8.472136,
      "z" : -9.472136
    } ],
    "faces" : [ {
      "vertices" : [ 0, 1, 2 ]
    }, {
      "vertices" : [ 0, 2, 3 ]
    }, {
      "vertices" : [ 0, 3, 2 ]
    }, {
      "vertices" : [ 0, 2, 1 ]
    } ]
  }, {
    "id" : "23a022ba-2c48-4d27-b46b-88582f129c64",
    "vertices" : [ {
      "x" : 10.781153,
      "y" : 4.118034,
      "z" : -1.572949
    }, {
      "x" : 10.399187,
      "y" : 3.663119,
      "z" : -1.381966
    }, {
      "x" : 10.236068,
      "y" : 3.927051,
      "z" : -1.809017
    }, {
      "x" : 10.163119,
      "y" : 4.190983,
      "z" : -1.618034
    }, {
      "x" : 0.85410196,
      "y" : 0.309017,
      "z" : 0.19098301
    }, {
      "x" : 0.690983,
      "y" : 0.572949,
      "z" : -0.23606798
    }, {
      "x" : 0.309017,
      "y" : 0.11803399,
      "z" : -0.045084972
    }, {
      "x" : 0.76393205,
      "y" : 0.309017,
      "z" : -0.42705098
    }, {
      "x" : 0.927051,
      "y" : 0.045084972,
      "z" : 0.0
    }, {
      "x" : 10.326238,
      "y" : 3.927051,
      "z" : -1.190983
    }, {
      "x" : 11.09017,
      "y" : 4.236068,
      "z" : -1.618034
    } ],
    "faces" : [ {
      "vertices" : [ 2, 7, 5 ]
    }, {
      "vertices" : [ 2, 5, 3 ]
    }, {
      "vertices" : [ 1, 8, 7 ]
    }, {
      "vertices" : [ 1, 7, 2 ]
    }, {
      "vertices" : [ 4, 6, 8 ]
    }, {
      "vertices" : [ 5, 7, 6 ]
    }, {
      "vertices" : [ 0, 1, 2 ]
    }, {
      "vertices" : [ 0, 2, 3 ]
    }, {
      "vertices" : [ 6, 7, 8 ]
    }, {
      "vertices" : [ 3, 5, 4 ]
    }, {
      "vertices" : [ 3, 4, 9 ]
    }, {
      "vertices" : [ 1, 9, 4 ]
    }, {
      "vertices" : [ 1, 4, 8 ]
    }, {
      "vertices" : [ 0, 9, 1 ]
    }, {
      "vertices" : [ 0, 3, 9 ]
    }, {
      "vertices" : [ 4, 5, 6 ]
    } ]
  }, {
    "id" : "666f89fe-11a9-4627-ba60-97fa42650825",
    "vertices" : [ {
      "x" : 11.09017,
      "y" : 0.0,
      "z" : -4.236068
    }, {
      "x" : 10.781153,
      "y" : 0.0,
      "z" : -4.118034
    }, {
      "x" : 10.376644,
      "y" : -0.1545085,
      "z" : -3.677051
    }, {
      "x" : 10.185661,
      "y" : -0.1545085,
      "z" : -4.177051
    }, {
      "x" : 0.9045085,
      "y" : -0.1545085,
      "z" : -0.059016995
    }, {
      "x" : 0.809017,
      "y" : 0.309017,
      "z" : -0.309017
    }, {
      "x" : 0.309017,
      "y" : 0.0,
      "z" : -0.11803399
    }, {
      "x" : 10.281153,
      "y" : 0.309017,
      "z" : -3.927051
    }, {
      "x" : 0.7135255,
      "y" : -0.1545085,
      "z" : -0.559017
    } ],
    "faces" : [ {
      "vertices" : [ 2, 4, 8 ]
    }, {
      "vertices" : [ 2, 8, 3 ]
    }, {
      "vertices" : [ 2, 7, 5 ]
    }, {
      "vertices" : [ 2, 5, 4 ]
    }, {
      "vertices" : [ 4, 6, 8 ]
    }, {
      "vertices" : [ 5, 8, 6 ]
    }, {
      "vertices" : [ 1, 2, 3 ]
    }, {
      "vertices" : [ 3, 8, 5 ]
    }, {
      "vertices" : [ 3, 5, 7 ]
    }, {
      "vertices" : [ 1, 7, 2 ]
    }, {
      "vertices" : [ 1, 3, 7 ]
    }, {
      "vertices" : [ 4, 5, 6 ]
    } ]
  }, {
    "id" : "86aa99cc-7541-4ed3-bbf7-6760b66fe796",
    "vertices" : [ {
      "x" : -4.236068,
      "y" : 6.854102,
      "z" : -16.326239
    }, {
      "x" : 0.0,
      "y" : 17.944271,
      "z" : -16.326239
    }, {
      "x" : -11.09017,
      "y" : 22.18034,
      "z" : -17.944271
    }, {
      "x" : -15.326238,
      "y" : 11.09017,
      "z" : -17.944271
    } ],
    "faces" : [ {
      "vertices" : [ 0, 1, 2 ]
    }, {
      "vertices" : [ 0, 2, 3 ]
    }, {
      "vertices" : [ 0, 3, 2 ]
    }, {
      "vertices" : [ 0, 2, 1 ]
    } ]
  }, {
    "id" : "e36829b5-7eb0-4ea6-bdbe-930f17c563cb",
    "vertices" : [ {
      "x" : 0.309017,
      "y" : -0.309017,
      "z" : -0.309017
    }, {
      "x" : 0.5,
      "y" : 0.0,
      "z" : -0.19098301
    }, {
      "x" : 0.5,
      "y" : 0.0,
      "z" : 0.19098301
    }, {
      "x" : 0.309017,
      "y" : -0.309017,
      "z" : 0.309017
    }, {
      "x" : 0.19098301,
      "y" : -0.5,
      "z" : 0.0
    }, {
      "x" : 0.0,
      "y" : 0.19098301,
      "z" : 0.5
    }, {
      "x" : 0.0,
      "y" : -0.19098301,
      "z" : 0.5
    }, {
      "x" : 0.309017,
      "y" : 0.309017,
      "z" : 0.309017
    }, {
      "x" : -0.309017,
      "y" : -0.309017,
      "z" : 0.309017
    }, {
      "x" : -0.309017,
      "y" : 0.309017,
      "z" : 0.309017
    }, {
      "x" : -0.5,
      "y" : 0.0,
      "z" : 0.19098301
    }, {
      "x" : 0.0,
      "y" : -0.19098301,
      "z" : -0.5
    }, {
      "x" : 0.0,
      "y" : 0.19098301,
      "z" : -0.5
    }, {
      "x" : 0.309017,
      "y" : 0.309017,
      "z" : -0.309017
    }, {
      "x" : -0.309017,
      "y" : -0.309017,
      "z" : -0.309017
    }, {
      "x" : -0.19098301,
      "y" : -0.5,
      "z" : 0.0
    }, {
      "x" : -0.5,
      "y" : 0.0,
      "z" : -0.19098301
    }, {
      "x" : 0.19098301,
      "y" : 0.5,
      "z" : 0.0
    }, {
      "x" : -0.309017,
      "y" : 0.309017,
      "z" : -0.309017
    }, {
      "x" : 0.0,
      "y" : 0.0,
      "z" : 0.0
    }, {
      "x" : -0.19098301,
      "y" : 0.5,
      "z" : 0.0
    } ],
    "faces" : [ {
      "vertices" : [ 12, 18, 20 ]
    }, {
      "vertices" : [ 12, 20, 17 ]
    }, {
      "vertices" : [ 12, 17, 13 ]
    }, {
      "vertices" : [ 3, 6, 8 ]
    }, {
      "vertices" : [ 3, 8, 15 ]
    }, {
      "vertices" : [ 3, 15, 4 ]
    }, {
      "vertices" : [ 0, 11, 12 ]
    }, {
      "vertices" : [ 0, 12, 13 ]
    }, {
      "vertices" : [ 0, 13, 1 ]
    }, {
      "vertices" : [ 5, 9, 10 ]
    }, {
      "vertices" : [ 5, 10, 8 ]
    }, {
      "vertices" : [ 5, 8, 6 ]
    }, {
      "vertices" : [ 2, 7, 5 ]
    }, {
      "vertices" : [ 2, 5, 6 ]
    }, {
      "vertices" : [ 2, 6, 3 ]
    }, {
      "vertices" : [ 11, 14, 16 ]
    }, {
      "vertices" : [ 11, 16, 18 ]
    }, {
      "vertices" : [ 11, 18, 12 ]
    }, {
      "vertices" : [ 1, 13, 17 ]
    }, {
      "vertices" : [ 1, 17, 7 ]
    }, {
      "vertices" : [ 1, 7, 2 ]
    }, {
      "vertices" : [ 9, 20, 18 ]
    }, {
      "vertices" : [ 9, 18, 16 ]
    }, {
      "vertices" : [ 9, 16, 10 ]
    }, {
      "vertices" : [ 0, 1, 2 ]
    }, {
      "vertices" : [ 0, 2, 3 ]
    }, {
      "vertices" : [ 0, 3, 4 ]
    }, {
      "vertices" : [ 5, 7, 17 ]
    }, {
      "vertices" : [ 5, 17, 20 ]
    }, {
      "vertices" : [ 5, 20, 9 ]
    }, {
      "vertices" : [ 0, 4, 15 ]
    }, {
      "vertices" : [ 0, 15, 14 ]
    }, {
      "vertices" : [ 0, 14, 11 ]
    }, {
      "vertices" : [ 8, 10, 16 ]
    }, {
      "vertices" : [ 8, 16, 14 ]
    }, {
      "vertices" : [ 8, 14, 15 ]
    } ]
  }, {
    "id" : "6806a1a8-bcf6-4264-945b-cfbbfd1ada5b",
    "vertices" : [ {
      "x" : 0.0,
      "y" : -12.708204,
      "z" : -7.854102
    }, {
      "x" : -6.854102,
      "y" : -15.326238,
      "z" : 1.618034
    }, {
      "x" : -6.854102,
      "y" : -11.09017,
      "z" : 12.708204
    }, {
      "x" : 0.0,
      "y" : -8.472136,
      "z" : 3.236068
    } ],
    "faces" : [ {
      "vertices" : [ 0, 1, 2 ]
    }, {
      "vertices" : [ 0, 2, 3 ]
    }, {
      "vertices" : [ 0, 3, 2 ]
    }, {
      "vertices" : [ 0, 2, 1 ]
    } ]
  }, {
    "id" : "84f9b250-4ee2-49fb-b3e7-f2bd3709811b",
    "vertices" : [ {
      "x" : -15.326238,
      "y" : 11.09017,
      "z" : -17.944271
    }, {
      "x" : -11.09017,
      "y" : 22.18034,
      "z" : -17.944271
    }, {
      "x" : -17.944271,
      "y" : 29.034441,
      "z" : -11.09017
    }, {
      "x" : -22.18034,
      "y" : 17.944271,
      "z" : -11.09017
    } ],
    "faces" : [ {
      "vertices" : [ 0, 1, 2 ]
    }, {
      "vertices" : [ 0, 2, 3 ]
    }, {
      "vertices" : [ 0, 3, 2 ]
    }, {
      "vertices" : [ 0, 2, 1 ]
    } ]
  }, {
    "id" : "a2eea4cb-2d81-4041-9936-35348dc11d65",
    "vertices" : [ {
      "x" : 6.854102,
      "y" : -5.854102,
      "z" : -1.0
    }, {
      "x" : 13.708204,
      "y" : -8.472136,
      "z" : 8.472136
    }, {
      "x" : 24.798374,
      "y" : -4.236068,
      "z" : 6.854102
    }, {
      "x" : 17.944271,
      "y" : -1.618034,
      "z" : -2.618034
    } ],
    "faces" : [ {
      "vertices" : [ 0, 1, 2 ]
    }, {
      "vertices" : [ 0, 2, 3 ]
    }, {
      "vertices" : [ 0, 3, 2 ]
    }, {
      "vertices" : [ 0, 2, 1 ]
    } ]
  }, {
    "id" : "3bbc521c-4339-4f7b-8462-c5b35f910423",
    "vertices" : [ {
      "x" : 17.944271,
      "y" : -1.618034,
      "z" : -2.618034
    }, {
      "x" : 24.798374,
      "y" : -4.236068,
      "z" : 6.854102
    }, {
      "x" : 29.034441,
      "y" : 6.854102,
      "z" : 6.854102
    }, {
      "x" : 22.18034,
      "y" : 9.472136,
      "z" : -2.618034
    } ],
    "faces" : [ {
      "vertices" : [ 0, 1, 2 ]
    }, {
      "vertices" : [ 0, 2, 3 ]
    }, {
      "vertices" : [ 0, 3, 2 ]
    }, {
      "vertices" : [ 0, 2, 1 ]
    } ]
  }, {
    "id" : "f7380af8-d7c1-4e00-8fd4-f5f7c0991105",
    "vertices" : [ {
      "x" : 15.326238,
      "y" : 11.09017,
      "z" : -17.944271
    }, {
      "x" : 22.18034,
      "y" : 17.944271,
      "z" : -11.09017
    }, {
      "x" : 17.944271,
      "y" : 29.034441,
      "z" : -11.09017
    }, {
      "x" : 11.09017,
      "y" : 22.18034,
      "z" : -17.944271
    } ],
    "faces" : [ {
      "vertices" : [ 0, 1, 2 ]
    }, {
      "vertices" : [ 0, 2, 3 ]
    }, {
      "vertices" : [ 0, 3, 2 ]
    }, {
      "vertices" : [ 0, 2, 1 ]
    } ]
  }, {
    "id" : "36048e53-ccb2-49b0-ae25-6c96d1fad6bd",
    "vertices" : [ {
      "x" : -13.708204,
      "y" : -8.472136,
      "z" : 8.472136
    }, {
      "x" : -24.798374,
      "y" : -4.236068,
      "z" : 6.854102
    }, {
      "x" : -24.798374,
      "y" : 0.0,
      "z" : 17.944271
    }, {
      "x" : -13.708204,
      "y" : -4.236068,
      "z" : 19.562305
    } ],
    "faces" : [ {
      "vertices" : [ 0, 1, 2 ]
    }, {
      "vertices" : [ 0, 2, 3 ]
    }, {
      "vertices" : [ 0, 3, 2 ]
    }, {
      "vertices" : [ 0, 2, 1 ]
    } ]
  }, {
    "id" : "20cf3479-4bea-4387-a2ff-e80a8adee81f",
    "vertices" : [ {
      "x" : 22.18034,
      "y" : 17.944271,
      "z" : -11.09017
    }, {
      "x" : 29.034441,
      "y" : 15.326238,
      "z" : -1.618034
    }, {
      "x" : 24.798374,
      "y" : 26.416409,
      "z" : -1.618034
    }, {
      "x" : 17.944271,
      "y" : 29.034441,
      "z" : -11.09017
    } ],
    "faces" : [ {
      "vertices" : [ 0, 1, 2 ]
    }, {
      "vertices" : [ 0, 2, 3 ]
    }, {
      "vertices" : [ 0, 3, 2 ]
    }, {
      "vertices" : [ 0, 2, 1 ]
    } ]
  }, {
    "id" : "051e18cd-0e10-45b3-a95d-7cdba9ecacc4",
    "vertices" : [ {
      "x" : -4.236068,
      "y" : -1.618034,
      "z" : -7.854102
    }, {
      "x" : -4.236068,
      "y" : 6.854102,
      "z" : -16.326239
    }, {
      "x" : -15.326238,
      "y" : 11.09017,
      "z" : -17.944271
    }, {
      "x" : -15.326238,
      "y" : 2.618034,
      "z" : -9.472136
    } ],
    "faces" : [ {
      "vertices" : [ 0, 1, 2 ]
    }, {
      "vertices" : [ 0, 2, 3 ]
    }, {
      "vertices" : [ 0, 3, 2 ]
    }, {
      "vertices" : [ 0, 2, 1 ]
    } ]
  }, {
    "id" : "d04aaee0-948f-41ef-9ae5-adafcf59f470",
    "vertices" : [ {
      "x" : -22.18034,
      "y" : 9.472136,
      "z" : -2.618034
    }, {
      "x" : -22.18034,
      "y" : 17.944271,
      "z" : -11.09017
    }, {
      "x" : -29.034441,
      "y" : 15.326238,
      "z" : -1.618034
    }, {
      "x" : -29.034441,
      "y" : 6.854102,
      "z" : 6.854102
    } ],
    "faces" : [ {
      "vertices" : [ 0, 1, 2 ]
    }, {
      "vertices" : [ 0, 2, 3 ]
    }, {
      "vertices" : [ 0, 3, 2 ]
    }, {
      "vertices" : [ 0, 2, 1 ]
    } ]
  }, {
    "id" : "efecb270-54c7-49fa-bddc-b14ace96224a",
    "vertices" : [ {
      "x" : -22.18034,
      "y" : 17.944271,
      "z" : -11.09017
    }, {
      "x" : -17.944271,
      "y" : 29.034441,
      "z" : -11.09017
    }, {
      "x" : -24.798374,
      "y" : 26.416409,
      "z" : -1.618034
    }, {
      "x" : -29.034441,
      "y" : 15.326238,
      "z" : -1.618034
    } ],
    "faces" : [ {
      "vertices" : [ 0, 1, 2 ]
    }, {
      "vertices" : [ 0, 2, 3 ]
    }, {
      "vertices" : [ 0, 3, 2 ]
    }, {
      "vertices" : [ 0, 2, 1 ]
    } ]
  }, {
    "id" : "25a128b8-4376-45c1-bf74-96fc56850308",
    "vertices" : [ {
      "x" : 0.0,
      "y" : -13.708204,
      "z" : 22.18034
    }, {
      "x" : -6.854102,
      "y" : -6.854102,
      "z" : 29.034441
    }, {
      "x" : 0.0,
      "y" : 0.0,
      "z" : 35.888542
    }, {
      "x" : 6.854102,
      "y" : -6.854102,
      "z" : 29.034441
    } ],
    "faces" : [ {
      "vertices" : [ 0, 1, 2 ]
    }, {
      "vertices" : [ 0, 2, 3 ]
    }, {
      "vertices" : [ 0, 3, 2 ]
    }, {
      "vertices" : [ 0, 2, 1 ]
    } ]
  }, {
    "id" : "d405d231-8943-4dc8-b15a-90becfa5bfa0",
    "vertices" : [ {
      "x" : -6.854102,
      "y" : -6.854102,
      "z" : 29.034441
    }, {
      "x" : -17.944271,
      "y" : -2.618034,
      "z" : 27.416409
    }, {
      "x" : -11.09017,
      "y" : 4.236068,
      "z" : 34.27051
    }, {
      "x" : 0.0,
      "y" : 0.0,
      "z" : 35.888542
    } ],
    "faces" : [ {
      "vertices" : [ 0, 1, 2 ]
    }, {
      "vertices" : [ 0, 2, 3 ]
    }, {
      "vertices" : [ 0, 3, 2 ]
    }, {
      "vertices" : [ 0, 2, 1 ]
    } ]
  }, {
    "id" : "702a74fd-5a08-463a-b27f-fd66fa527c54",
    "vertices" : [ {
      "x" : 13.708204,
      "y" : -4.236068,
      "z" : 19.562305
    }, {
      "x" : 6.854102,
      "y" : -6.854102,
      "z" : 29.034441
    }, {
      "x" : 17.944271,
      "y" : -2.618034,
      "z" : 27.416409
    }, {
      "x" : 24.798374,
      "y" : 0.0,
      "z" : 17.944271
    } ],
    "faces" : [ {
      "vertices" : [ 0, 1, 2 ]
    }, {
      "vertices" : [ 0, 2, 3 ]
    }, {
      "vertices" : [ 0, 3, 2 ]
    }, {
      "vertices" : [ 0, 2, 1 ]
    } ]
  }, {
    "id" : "5d5b6be3-ad98-46b4-b3ea-6f18978c43e7",
    "vertices" : [ {
      "x" : 6.854102,
      "y" : -6.854102,
      "z" : 29.034441
    }, {
      "x" : 0.0,
      "y" : 0.0,
      "z" : 35.888542
    }, {
      "x" : 11.09017,
      "y" : 4.236068,
      "z" : 34.27051
    }, {
      "x" : 17.944271,
      "y" : -2.618034,
      "z" : 27.416409
    } ],
    "faces" : [ {
      "vertices" : [ 0, 1, 2 ]
    }, {
      "vertices" : [ 0, 2, 3 ]
    }, {
      "vertices" : [ 0, 3, 2 ]
    }, {
      "vertices" : [ 0, 2, 1 ]
    } ]
  }, {
    "id" : "0e37d54e-5e0c-42c1-ac81-29360092879a",
    "vertices" : [ {
      "x" : 0.0,
      "y" : -12.708204,
      "z" : -7.854102
    }, {
      "x" : -6.854102,
      "y" : -5.854102,
      "z" : -1.0
    }, {
      "x" : -13.708204,
      "y" : -8.472136,
      "z" : 8.472136
    }, {
      "x" : -6.854102,
      "y" : -15.326238,
      "z" : 1.618034
    } ],
    "faces" : [ {
      "vertices" : [ 0, 1, 2 ]
    }, {
      "vertices" : [ 0, 2, 3 ]
    }, {
      "vertices" : [ 0, 3, 2 ]
    }, {
      "vertices" : [ 0, 2, 1 ]
    } ]
  }, {
    "id" : "98e8dce3-450d-4a68-b4ff-f8351ae1bc31",
    "vertices" : [ {
      "x" : -11.09017,
      "y" : 22.18034,
      "z" : -17.944271
    }, {
      "x" : 0.0,
      "y" : 26.416409,
      "z" : -19.562305
    }, {
      "x" : -6.854102,
      "y" : 33.27051,
      "z" : -12.708204
    }, {
      "x" : -17.944271,
      "y" : 29.034441,
      "z" : -11.09017
    } ],
    "faces" : [ {
      "vertices" : [ 0, 1, 2 ]
    }, {
      "vertices" : [ 0, 2, 3 ]
    }, {
      "vertices" : [ 0, 3, 2 ]
    }, {
      "vertices" : [ 0, 2, 1 ]
    } ]
  }, {
    "id" : "88a62ad0-1a08-47a2-8d62-44e0fe7a7785",
    "vertices" : [ {
      "x" : 0.0,
      "y" : 17.944271,
      "z" : -16.326239
    }, {
      "x" : 11.09017,
      "y" : 22.18034,
      "z" : -17.944271
    }, {
      "x" : 0.0,
      "y" : 26.416409,
      "z" : -19.562305
    }, {
      "x" : -11.09017,
      "y" : 22.18034,
      "z" : -17.944271
    } ],
    "faces" : [ {
      "vertices" : [ 0, 1, 2 ]
    }, {
      "vertices" : [ 0, 2, 3 ]
    }, {
      "vertices" : [ 0, 3, 2 ]
    }, {
      "vertices" : [ 0, 2, 1 ]
    } ]
  }, {
    "id" : "b20afb1f-4a0e-437b-9a08-a05c51008b68",
    "vertices" : [ {
      "x" : -15.326238,
      "y" : 2.618034,
      "z" : -9.472136
    }, {
      "x" : -15.326238,
      "y" : 11.09017,
      "z" : -17.944271
    }, {
      "x" : -22.18034,
      "y" : 17.944271,
      "z" : -11.09017
    }, {
      "x" : -22.18034,
      "y" : 9.472136,
      "z" : -2.618034
    } ],
    "faces" : [ {
      "vertices" : [ 0, 1, 2 ]
    }, {
      "vertices" : [ 0, 2, 3 ]
    }, {
      "vertices" : [ 0, 3, 2 ]
    }, {
      "vertices" : [ 0, 2, 1 ]
    } ]
  }, {
    "id" : "86da3cd7-e658-4878-b2d9-2093407adc29",
    "vertices" : [ {
      "x" : -24.798374,
      "y" : 0.0,
      "z" : 17.944271
    }, {
      "x" : -29.034441,
      "y" : 11.09017,
      "z" : 17.944271
    }, {
      "x" : -22.18034,
      "y" : 8.472136,
      "z" : 27.416409
    }, {
      "x" : -17.944271,
      "y" : -2.618034,
      "z" : 27.416409
    } ],
    "faces" : [ {
      "vertices" : [ 0, 1, 2 ]
    }, {
      "vertices" : [ 0, 2, 3 ]
    }, {
      "vertices" : [ 0, 3, 2 ]
    }, {
      "vertices" : [ 0, 2, 1 ]
    } ]
  }, {
    "id" : "438e7edf-58a5-4deb-8e5e-f8c0865e0469",
    "vertices" : [ {
      "x" : 0.0,
      "y" : -12.708204,
      "z" : -7.854102
    }, {
      "x" : 11.09017,
      "y" : -8.472136,
      "z" : -9.472136
    }, {
      "x" : 15.326238,
      "y" : 2.618034,
      "z" : -9.472136
    }, {
      "x" : 4.236068,
      "y" : -1.618034,
      "z" : -7.854102
    } ],
    "faces" : [ {
      "vertices" : [ 0, 1, 2 ]
    }, {
      "vertices" : [ 0, 2, 3 ]
    }, {
      "vertices" : [ 0, 3, 2 ]
    }, {
      "vertices" : [ 0, 2, 1 ]
    } ]
  }, {
    "id" : "445e4db8-b7f4-41b5-8182-325f5b6d65cc",
    "vertices" : [ {
      "x" : 15.326238,
      "y" : 2.618034,
      "z" : -9.472136
    }, {
      "x" : 22.18034,
      "y" : 9.472136,
      "z" : -2.618034
    }, {
      "x" : 22.18034,
      "y" : 17.944271,
      "z" : -11.09017
    }, {
      "x" : 15.326238,
      "y" : 11.09017,
      "z" : -17.944271
    } ],
    "faces" : [ {
      "vertices" : [ 0, 1, 2 ]
    }, {
      "vertices" : [ 0, 2, 3 ]
    }, {
      "vertices" : [ 0, 3, 2 ]
    }, {
      "vertices" : [ 0, 2, 1 ]
    } ]
  }, {
    "id" : "6a31f970-7656-4de1-8b25-974af899fa83",
    "vertices" : [ {
      "x" : 0.0,
      "y" : -4.236068,
      "z" : -16.326239
    }, {
      "x" : 4.236068,
      "y" : 6.854102,
      "z" : -16.326239
    }, {
      "x" : 0.0,
      "y" : 17.944271,
      "z" : -16.326239
    }, {
      "x" : -4.236068,
      "y" : 6.854102,
      "z" : -16.326239
    } ],
    "faces" : [ {
      "vertices" : [ 0, 1, 2 ]
    }, {
      "vertices" : [ 0, 2, 3 ]
    }, {
      "vertices" : [ 0, 3, 2 ]
    }, {
      "vertices" : [ 0, 2, 1 ]
    } ]
  }, {
    "id" : "f59a580e-62d1-423b-801e-50fa6023c106",
    "vertices" : [ {
      "x" : 0.0,
      "y" : -12.708204,
      "z" : -7.854102
    }, {
      "x" : 0.0,
      "y" : -4.236068,
      "z" : -16.326239
    }, {
      "x" : -4.236068,
      "y" : 6.854102,
      "z" : -16.326239
    }, {
      "x" : -4.236068,
      "y" : -1.618034,
      "z" : -7.854102
    } ],
    "faces" : [ {
      "vertices" : [ 0, 1, 2 ]
    }, {
      "vertices" : [ 0, 2, 3 ]
    }, {
      "vertices" : [ 0, 3, 2 ]
    }, {
      "vertices" : [ 0, 2, 1 ]
    } ]
  }, {
    "id" : "05d3dfe5-548e-40bd-88c1-4cbe2ec799b7",
    "vertices" : [ {
      "x" : 0.0,
      "y" : -12.708204,
      "z" : -7.854102
    }, {
      "x" : -11.09017,
      "y" : -8.472136,
      "z" : -9.472136
    }, {
      "x" : -17.944271,
      "y" : -1.618034,
      "z" : -2.618034
    }, {
      "x" : -6.854102,
      "y" : -5.854102,
      "z" : -1.0
    } ],
    "faces" : [ {
      "vertices" : [ 0, 1, 2 ]
    }, {
      "vertices" : [ 0, 2, 3 ]
    }, {
      "vertices" : [ 0, 3, 2 ]
    }, {
      "vertices" : [ 0, 2, 1 ]
    } ]
  }, {
    "id" : "ae5a76bc-bd2a-4d2e-abb8-22453f9edbef",
    "vertices" : [ {
      "x" : -11.09017,
      "y" : -8.472136,
      "z" : -9.472136
    }, {
      "x" : -15.326238,
      "y" : 2.618034,
      "z" : -9.472136
    }, {
      "x" : -22.18034,
      "y" : 9.472136,
      "z" : -2.618034
    }, {
      "x" : -17.944271,
      "y" : -1.618034,
      "z" : -2.618034
    } ],
    "faces" : [ {
      "vertices" : [ 0, 1, 2 ]
    }, {
      "vertices" : [ 0, 2, 3 ]
    }, {
      "vertices" : [ 0, 3, 2 ]
    }, {
      "vertices" : [ 0, 2, 1 ]
    } ]
  }, {
    "id" : "3baa2a28-c0a1-42eb-8142-1441adb1cc4e",
    "vertices" : [ {
      "x" : 0.0,
      "y" : -12.708204,
      "z" : -7.854102
    }, {
      "x" : 6.854102,
      "y" : -15.326238,
      "z" : 1.618034
    }, {
      "x" : 13.708204,
      "y" : -8.472136,
      "z" : 8.472136
    }, {
      "x" : 6.854102,
      "y" : -5.854102,
      "z" : -1.0
    } ],
    "faces" : [ {
      "vertices" : [ 0, 1, 2 ]
    }, {
      "vertices" : [ 0, 2, 3 ]
    }, {
      "vertices" : [ 0, 3, 2 ]
    }, {
      "vertices" : [ 0, 2, 1 ]
    } ]
  }, {
    "id" : "91e07962-e83d-459f-b93d-c59f42c090bb",
    "vertices" : [ {
      "x" : 0.0,
      "y" : -12.708204,
      "z" : -7.854102
    }, {
      "x" : 0.0,
      "y" : -8.472136,
      "z" : 3.236068
    }, {
      "x" : 6.854102,
      "y" : -11.09017,
      "z" : 12.708204
    }, {
      "x" : 6.854102,
      "y" : -15.326238,
      "z" : 1.618034
    } ],
    "faces" : [ {
      "vertices" : [ 0, 1, 2 ]
    }, {
      "vertices" : [ 0, 2, 3 ]
    }, {
      "vertices" : [ 0, 3, 2 ]
    }, {
      "vertices" : [ 0, 2, 1 ]
    } ]
  }, {
    "id" : "7d4a4069-71c5-4d4a-a892-38f7185ad615",
    "vertices" : [ {
      "x" : -6.854102,
      "y" : -11.09017,
      "z" : 12.708204
    }, {
      "x" : -13.708204,
      "y" : -4.236068,
      "z" : 19.562305
    }, {
      "x" : -6.854102,
      "y" : -6.854102,
      "z" : 29.034441
    }, {
      "x" : 0.0,
      "y" : -13.708204,
      "z" : 22.18034
    } ],
    "faces" : [ {
      "vertices" : [ 0, 1, 2 ]
    }, {
      "vertices" : [ 0, 2, 3 ]
    }, {
      "vertices" : [ 0, 3, 2 ]
    }, {
      "vertices" : [ 0, 2, 1 ]
    } ]
  }, {
    "id" : "a21f3f0d-cd23-4ff7-8d27-ab21ab8eba3e",
    "vertices" : [ {
      "x" : -13.708204,
      "y" : -4.236068,
      "z" : 19.562305
    }, {
      "x" : -24.798374,
      "y" : 0.0,
      "z" : 17.944271
    }, {
      "x" : -17.944271,
      "y" : -2.618034,
      "z" : 27.416409
    }, {
      "x" : -6.854102,
      "y" : -6.854102,
      "z" : 29.034441
    } ],
    "faces" : [ {
      "vertices" : [ 0, 1, 2 ]
    }, {
      "vertices" : [ 0, 2, 3 ]
    }, {
      "vertices" : [ 0, 3, 2 ]
    }, {
      "vertices" : [ 0, 2, 1 ]
    } ]
  }, {
    "id" : "e3b9855f-eff0-46e0-9524-e08a14c8abfe",
    "vertices" : [ {
      "x" : -24.798374,
      "y" : -4.236068,
      "z" : 6.854102
    }, {
      "x" : -29.034441,
      "y" : 6.854102,
      "z" : 6.854102
    }, {
      "x" : -29.034441,
      "y" : 11.09017,
      "z" : 17.944271
    }, {
      "x" : -24.798374,
      "y" : 0.0,
      "z" : 17.944271
    } ],
    "faces" : [ {
      "vertices" : [ 0, 1, 2 ]
    }, {
      "vertices" : [ 0, 2, 3 ]
    }, {
      "vertices" : [ 0, 3, 2 ]
    }, {
      "vertices" : [ 0, 2, 1 ]
    } ]
  }, {
    "id" : "c1a5f12c-408f-4de3-8d93-ffc4e1552bbc",
    "vertices" : [ {
      "x" : 13.708204,
      "y" : -8.472136,
      "z" : 8.472136
    }, {
      "x" : 13.708204,
      "y" : -4.236068,
      "z" : 19.562305
    }, {
      "x" : 24.798374,
      "y" : 0.0,
      "z" : 17.944271
    }, {
      "x" : 24.798374,
      "y" : -4.236068,
      "z" : 6.854102
    } ],
    "faces" : [ {
      "vertices" : [ 0, 1, 2 ]
    }, {
      "vertices" : [ 0, 2, 3 ]
    }, {
      "vertices" : [ 0, 3, 2 ]
    }, {
      "vertices" : [ 0, 2, 1 ]
    } ]
  }, {
    "id" : "d0a9ac37-2637-4c79-bcfa-d660b3757771",
    "vertices" : [ {
      "x" : -29.034441,
      "y" : 6.854102,
      "z" : 6.854102
    }, {
      "x" : -29.034441,
      "y" : 15.326238,
      "z" : -1.618034
    }, {
      "x" : -29.034441,
      "y" : 19.562305,
      "z" : 9.472136
    }, {
      "x" : -29.034441,
      "y" : 11.09017,
      "z" : 17.944271
    } ],
    "faces" : [ {
      "vertices" : [ 0, 1, 2 ]
    }, {
      "vertices" : [ 0, 2, 3 ]
    }, {
      "vertices" : [ 0, 3, 2 ]
    }, {
      "vertices" : [ 0, 2, 1 ]
    } ]
  }, {
    "id" : "80196086-06f9-4b43-aa23-8a98ac91e6c0",
    "vertices" : [ {
      "x" : 4.236068,
      "y" : -1.618034,
      "z" : -7.854102
    }, {
      "x" : 15.326238,
      "y" : 2.618034,
      "z" : -9.472136
    }, {
      "x" : 15.326238,
      "y" : 11.09017,
      "z" : -17.944271
    }, {
      "x" : 4.236068,
      "y" : 6.854102,
      "z" : -16.326239
    } ],
    "faces" : [ {
      "vertices" : [ 0, 1, 2 ]
    }, {
      "vertices" : [ 0, 2, 3 ]
    }, {
      "vertices" : [ 0, 3, 2 ]
    }, {
      "vertices" : [ 0, 2, 1 ]
    } ]
  }, {
    "id" : "841c5926-ec2f-4e95-86a1-ad96d7ff65ba",
    "vertices" : [ {
      "x" : 11.09017,
      "y" : 22.18034,
      "z" : -17.944271
    }, {
      "x" : 17.944271,
      "y" : 29.034441,
      "z" : -11.09017
    }, {
      "x" : 6.854102,
      "y" : 33.27051,
      "z" : -12.708204
    }, {
      "x" : 0.0,
      "y" : 26.416409,
      "z" : -19.562305
    } ],
    "faces" : [ {
      "vertices" : [ 0, 1, 2 ]
    }, {
      "vertices" : [ 0, 2, 3 ]
    }, {
      "vertices" : [ 0, 3, 2 ]
    }, {
      "vertices" : [ 0, 2, 1 ]
    } ]
  }, {
    "id" : "03802e23-e4cf-4376-a419-a7721d97212a",
    "vertices" : [ {
      "x" : 22.18034,
      "y" : 9.472136,
      "z" : -2.618034
    }, {
      "x" : 29.034441,
      "y" : 6.854102,
      "z" : 6.854102
    }, {
      "x" : 29.034441,
      "y" : 15.326238,
      "z" : -1.618034
    }, {
      "x" : 22.18034,
      "y" : 17.944271,
      "z" : -11.09017
    } ],
    "faces" : [ {
      "vertices" : [ 0, 1, 2 ]
    }, {
      "vertices" : [ 0, 2, 3 ]
    }, {
      "vertices" : [ 0, 3, 2 ]
    }, {
      "vertices" : [ 0, 2, 1 ]
    } ]
  }, {
    "id" : "bbb13ae7-f0ec-471b-88cd-eb59e7d3e204",
    "vertices" : [ {
      "x" : -6.854102,
      "y" : -5.854102,
      "z" : -1.0
    }, {
      "x" : -17.944271,
      "y" : -1.618034,
      "z" : -2.618034
    }, {
      "x" : -24.798374,
      "y" : -4.236068,
      "z" : 6.854102
    }, {
      "x" : -13.708204,
      "y" : -8.472136,
      "z" : 8.472136
    } ],
    "faces" : [ {
      "vertices" : [ 0, 1, 2 ]
    }, {
      "vertices" : [ 0, 2, 3 ]
    }, {
      "vertices" : [ 0, 3, 2 ]
    }, {
      "vertices" : [ 0, 2, 1 ]
    } ]
  }, {
    "id" : "cf2115f0-ad9a-49b2-86d7-2de22e85b626",
    "vertices" : [ {
      "x" : 6.854102,
      "y" : -15.326238,
      "z" : 1.618034
    }, {
      "x" : 6.854102,
      "y" : -11.09017,
      "z" : 12.708204
    }, {
      "x" : 13.708204,
      "y" : -4.236068,
      "z" : 19.562305
    }, {
      "x" : 13.708204,
      "y" : -8.472136,
      "z" : 8.472136
    } ],
    "faces" : [ {
      "vertices" : [ 0, 1, 2 ]
    }, {
      "vertices" : [ 0, 2, 3 ]
    }, {
      "vertices" : [ 0, 3, 2 ]
    }, {
      "vertices" : [ 0, 2, 1 ]
    } ]
  }, {
    "id" : "1f560667-f20a-4d69-a276-ee31b7988438",
    "vertices" : [ {
      "x" : -17.944271,
      "y" : -1.618034,
      "z" : -2.618034
    }, {
      "x" : -22.18034,
      "y" : 9.472136,
      "z" : -2.618034
    }, {
      "x" : -29.034441,
      "y" : 6.854102,
      "z" : 6.854102
    }, {
      "x" : -24.798374,
      "y" : -4.236068,
      "z" : 6.854102
    } ],
    "faces" : [ {
      "vertices" : [ 0, 1, 2 ]
    }, {
      "vertices" : [ 0, 2, 3 ]
    }, {
      "vertices" : [ 0, 3, 2 ]
    }, {
      "vertices" : [ 0, 2, 1 ]
    } ]
  }, {
    "id" : "5dc4e2db-ab70-4b46-860f-151a1fdaf161",
    "vertices" : [ {
      "x" : 11.09017,
      "y" : -8.472136,
      "z" : -9.472136
    }, {
      "x" : 17.944271,
      "y" : -1.618034,
      "z" : -2.618034
    }, {
      "x" : 22.18034,
      "y" : 9.472136,
      "z" : -2.618034
    }, {
      "x" : 15.326238,
      "y" : 2.618034,
      "z" : -9.472136
    } ],
    "faces" : [ {
      "vertices" : [ 0, 1, 2 ]
    }, {
      "vertices" : [ 0, 2, 3 ]
    }, {
      "vertices" : [ 0, 3, 2 ]
    }, {
      "vertices" : [ 0, 2, 1 ]
    } ]
  }, {
    "id" : "39a1b81c-f3af-46e1-8e48-152ebf2aa8ee",
    "vertices" : [ {
      "x" : 0.0,
      "y" : -12.708204,
      "z" : -7.854102
    }, {
      "x" : -4.236068,
      "y" : -1.618034,
      "z" : -7.854102
    }, {
      "x" : -15.326238,
      "y" : 2.618034,
      "z" : -9.472136
    }, {
      "x" : -11.09017,
      "y" : -8.472136,
      "z" : -9.472136
    } ],
    "faces" : [ {
      "vertices" : [ 0, 1, 2 ]
    }, {
      "vertices" : [ 0, 2, 3 ]
    }, {
      "vertices" : [ 0, 3, 2 ]
    }, {
      "vertices" : [ 0, 2, 1 ]
    } ]
  }, {
    "id" : "9fe51750-0d91-45ba-ac9d-4de0cfe8dfb6",
    "vertices" : [ {
      "x" : 0.0,
      "y" : -8.472136,
      "z" : 3.236068
    }, {
      "x" : -6.854102,
      "y" : -11.09017,
      "z" : 12.708204
    }, {
      "x" : 0.0,
      "y" : -13.708204,
      "z" : 22.18034
    }, {
      "x" : 6.854102,
      "y" : -11.09017,
      "z" : 12.708204
    } ],
    "faces" : [ {
      "vertices" : [ 0, 1, 2 ]
    }, {
      "vertices" : [ 0, 2, 3 ]
    }, {
      "vertices" : [ 0, 3, 2 ]
    }, {
      "vertices" : [ 0, 2, 1 ]
    } ]
  }, {
    "id" : "9f76115d-348a-4e6f-adad-009f9a1a2444",
    "vertices" : [ {
      "x" : 4.236068,
      "y" : 6.854102,
      "z" : -16.326239
    }, {
      "x" : 15.326238,
      "y" : 11.09017,
      "z" : -17.944271
    }, {
      "x" : 11.09017,
      "y" : 22.18034,
      "z" : -17.944271
    }, {
      "x" : 0.0,
      "y" : 17.944271,
      "z" : -16.326239
    } ],
    "faces" : [ {
      "vertices" : [ 0, 1, 2 ]
    }, {
      "vertices" : [ 0, 2, 3 ]
    }, {
      "vertices" : [ 0, 3, 2 ]
    }, {
      "vertices" : [ 0, 2, 1 ]
    } ]
  }, {
