{
  "field" : "golden",
  "symmetry" : "icosahedral",
  "orientations" : [ [ 1.0, 0.0, 0.0, 0.0, 0.0, 1.0, 0.0, 0.0, 0.0, 0.0, 1.0, 0.0, 0.0, 0.0, 0.0, 1.0 ], [ 0.0, 0.0, 1.0, 0.0, 1.0, 0.0, 0.0, 0.0, 0.0, 1.0, 0.0, 0.0, 0.0, 0.0, 0.0, 1.0 ], [ 0.0, 1.0, 0.0, 0.0, 0.0, 0.0, 1.0, 0.0, 1.0, 0.0, 0.0, 0.0, 0.0, 0.0, 0.0, 1.0 ], [ 0.809017, 0.309017, 0.5, 0.0, 0.309017, 0.5, -0.809017, 0.0, -0.5, 0.809017, 0.309017, 0.0, 0.0, 0.0, 0.0, 1.0 ], [ -0.5, 0.809017, 0.309017, 0.0, 0.809017, 0.309017, 0.5, 0.0, 0.309017, 0.5, -0.809017, 0.0, 0.0, 0.0, 0.0, 1.0 ], [ 0.309017, 0.5, -0.809017, 0.0, -0.5, 0.809017, 0.309017, 0.0, 0.809017, 0.309017, 0.5, 0.0, 0.0, 0.0, 0.0, 1.0 ], [ 0.5, 0.809017, 0.309017, 0.0, 0.809017, -0.309017, -0.5, 0.0, -0.309017, 0.5, -0.809017, 0.0, 0.0, 0.0, 0.0, 1.0 ], [ -0.309017, 0.5, -0.809017, 0.0, 0.5, 0.809017, 0.309017, 0.0, 0.809017, -0.309017, -0.5, 0.0, 0.0, 0.0, 0.0, 1.0 ], [ 0.809017, -0.309017, -0.5, 0.0, -0.309017, 0.5, -0.809017, 0.0, 0.5, 0.809017, 0.309017, 0.0, 0.0, 0.0, 0.0, 1.0 ], [ 0.5, 0.809017, -0.309017, 0.0, 0.809017, -0.309017, 0.5, 0.0, 0.309017, -0.5, -0.809017, 0.0, 0.0, 0.0, 0.0, 1.0 ], [ 0.309017, -0.5, -0.809017, 0.0, 0.5, 0.809017, -0.309017, 0.0, 0.809017, -0.309017, 0.5, 0.0, 0.0, 0.0, 0.0, 1.0 ], [ 0.809017, -0.309017, 0.5, 0.0, 0.309017, -0.5, -0.809017, 0.0, 0.5, 0.809017, -0.309017, 0.0, 0.0, 0.0, 0.0, 1.0 ], [ 0.809017, 0.309017, -0.5, 0.0, 0.309017, 0.5, 0.809017, 0.0, 0.5, -0.809017, 0.309017, 0.0, 0.0, 0.0, 0.0, 1.0 ], [ 0.5, -0.809017, 0.309017, 0.0, 0.809017, 0.309017, -0.5, 0.0, 0.309017, 0.5, 0.809017, 0.0, 0.0, 0.0, 0.0, 1.0 ], [ 0.309017, 0.5, 0.809017, 0.0, 0.5, -0.809017, 0.309017, 0.0, 0.809017, 0.309017, -0.5, 0.0, 0.0, 0.0, 0.0, 1.0 ], [ 1.0, 0.0, 0.0, 0.0, 0.0, -1.0, 0.0, 0.0, 0.0, 0.0, -1.0, 0.0, 0.0, 0.0, 0.0, 1.0 ], [ 0.0, 0.0, 1.0, 0.0, -1.0, 0.0, 0.0, 0.0, 0.0, -1.0, 0.0, 0.0, 0.0, 0.0, 0.0, 1.0 ], [ 0.0, 1.0, 0.0, 0.0, 0.0, 0.0, -1.0, 0.0, -1.0, 0.0, 0.0, 0.0, 0.0, 0.0, 0.0, 1.0 ], [ 0.809017, 0.309017, 0.5, 0.0, -0.309017, -0.5, 0.809017, 0.0, 0.5, -0.809017, -0.309017, 0.0, 0.0, 0.0, 0.0, 1.0 ], [ -0.5, 0.809017, 0.309017, 0.0, -0.809017, -0.309017, -0.5, 0.0, -0.309017, -0.5, 0.809017, 0.0, 0.0, 0.0, 0.0, 1.0 ], [ 0.309017, 0.5, -0.809017, 0.0, 0.5, -0.809017, -0.309017, 0.0, -0.809017, -0.309017, -0.5, 0.0, 0.0, 0.0, 0.0, 1.0 ], [ 0.5, 0.809017, 0.309017, 0.0, -0.809017, 0.309017, 0.5, 0.0, 0.309017, -0.5, 0.809017, 0.0, 0.0, 0.0, 0.0, 1.0 ], [ -0.309017, 0.5, -0.809017, 0.0, -0.5, -0.809017, -0.309017, 0.0, -0.809017, 0.309017, 0.5, 0.0, 0.0, 0.0, 0.0, 1.0 ], [ 0.809017, -0.309017, -0.5, 0.0, 0.309017, -0.5, 0.809017, 0.0, -0.5, -0.809017, -0.309017, 0.0, 0.0, 0.0, 0.0, 1.0 ], [ 0.5, 0.809017, -0.309017, 0.0, -0.809017, 0.309017, -0.5, 0.0, -0.309017, 0.5, 0.809017, 0.0, 0.0, 0.0, 0.0, 1.0 ], [ 0.309017, -0.5, -0.809017, 0.0, -0.5, -0.809017, 0.309017, 0.0, -0.809017, 0.309017, -0.5, 0.0, 0.0, 0.0, 0.0, 1.0 ], [ 0.809017, -0.309017, 0.5, 0.0, -0.309017, 0.5, 0.809017, 0.0, -0.5, -0.809017, 0.309017, 0.0, 0.0, 0.0, 0.0, 1.0 ], [ 0.809017, 0.309017, -0.5, 0.0, -0.309017, -0.5, -0.809017, 0.0, -0.5, 0.809017, -0.309017, 0.0, 0.0, 0.0, 0.0, 1.0 ], [ 0.5, -0.809017, 0.309017, 0.0, -0.809017, -0.309017, 0.5, 0.0, -0.309017, -0.5, -0.809017, 0.0, 0.0, 0.0, 0.0, 1.0 ], [ 0.309017, 0.5, 0.809017, 0.0, -0.5, 0.809017, -0.309017, 0.0, -0.809017, -0.309017, 0.5, 0.0, 0.0, 0.0, 0.0, 1.0 ], [ -1.0, 0.0, 0.0, 0.0, 0.0, -1.0, 0.0, 0.0, 0.0, 0.0, 1.0, 0.0, 0.0, 0.0, 0.0, 1.0 ], [ 0.0, 0.0, -1.0, 0.0, -1.0, 0.0, 0.0, 0.0, 0.0, 1.0, 0.0, 0.0, 0.0, 0.0, 0.0, 1.0 ], [ 0.0, -1.0, 0.0, 0.0, 0.0, 0.0, -1.0, 0.0, 1.0, 0.0, 0.0, 0.0, 0.0, 0.0, 0.0, 1.0 ], [ -0.809017, -0.309017, -0.5, 0.0, -0.309017, -0.5, 0.809017, 0.0, -0.5, 0.809017, 0.309017, 0.0, 0.0, 0.0, 0.0, 1.0 ], [ 0.5, -0.809017, -0.309017, 0.0, -0.809017, -0.309017, -0.5, 0.0, 0.309017, 0.5, -0.809017, 0.0, 0.0, 0.0, 0.0, 1.0 ], [ -0.309017, -0.5, 0.809017, 0.0, 0.5, -0.809017, -0.309017, 0.0, 0.809017, 0.309017, 0.5, 0.0, 0.0, 0.0, 0.0, 1.0 ], [ -0.5, -0.809017, -0.309017, 0.0, -0.809017, 0.309017, 0.5, 0.0, -0.309017, 0.5, -0.809017, 0.0, 0.0, 0.0, 0.0, 1.0 ], [ 0.309017, -0.5, 0.809017, 0.0, -0.5, -0.809017, -0.309017, 0.0, 0.809017, -0.309017, -0.5, 0.0, 0.0, 0.0, 0.0, 1.0 ], [ -0.809017, 0.309017, 0.5, 0.0, 0.309017, -0.5, 0.809017, 0.0, 0.5, 0.809017, 0.309017, 0.0, 0.0, 0.0, 0.0, 1.0 ], [ -0.5, -0.809017, 0.309017, 0.0, -0.809017, 0.309017, -0.5, 0.0, 0.309017, -0.5, -0.809017, 0.0, 0.0, 0.0, 0.0, 1.0 ], [ -0.309017, 0.5, 0.809017, 0.0, -0.5, -0.809017, 0.309017, 0.0, 0.809017, -0.309017, 0.5, 0.0, 0.0, 0.0, 0.0, 1.0 ], [ -0.809017, 0.309017, -0.5, 0.0, -0.309017, 0.5, 0.809017, 0.0, 0.5, 0.809017, -0.309017, 0.0, 0.0, 0.0, 0.0, 1.0 ], [ -0.809017, -0.309017, 0.5, 0.0, -0.309017, -0.5, -0.809017, 0.0, 0.5, -0.809017, 0.309017, 0.0, 0.0, 0.0, 0.0, 1.0 ], [ -0.5, 0.809017, -0.309017, 0.0, -0.809017, -0.309017, 0.5, 0.0, 0.309017, 0.5, 0.809017, 0.0, 0.0, 0.0, 0.0, 1.0 ], [ -0.309017, -0.5, -0.809017, 0.0, -0.5, 0.809017, -0.309017, 0.0, 0.809017, 0.309017, -0.5, 0.0, 0.0, 0.0, 0.0, 1.0 ], [ -1.0, 0.0, 0.0, 0.0, 0.0, 1.0, 0.0, 0.0, 0.0, 0.0, -1.0, 0.0, 0.0, 0.0, 0.0, 1.0 ], [ 0.0, 0.0, -1.0, 0.0, 1.0, 0.0, 0.0, 0.0, 0.0, -1.0, 0.0, 0.0, 0.0, 0.0, 0.0, 1.0 ], [ 0.0, -1.0, 0.0, 0.0, 0.0, 0.0, 1.0, 0.0, -1.0, 0.0, 0.0, 0.0, 0.0, 0.0, 0.0, 1.0 ], [ -0.809017, -0.309017, -0.5, 0.0, 0.309017, 0.5, -0.809017, 0.0, 0.5, -0.809017, -0.309017, 0.0, 0.0, 0.0, 0.0, 1.0 ], [ 0.5, -0.809017, -0.309017, 0.0, 0.809017, 0.309017, 0.5, 0.0, -0.309017, -0.5, 0.809017, 0.0, 0.0, 0.0, 0.0, 1.0 ], [ -0.309017, -0.5, 0.809017, 0.0, -0.5, 0.809017, 0.309017, 0.0, -0.809017, -0.309017, -0.5, 0.0, 0.0, 0.0, 0.0, 1.0 ], [ -0.5, -0.809017, -0.309017, 0.0, 0.809017, -0.309017, -0.5, 0.0, 0.309017, -0.5, 0.809017, 0.0, 0.0, 0.0, 0.0, 1.0 ], [ 0.309017, -0.5, 0.809017, 0.0, 0.5, 0.809017, 0.309017, 0.0, -0.809017, 0.309017, 0.5, 0.0, 0.0, 0.0, 0.0, 1.0 ], [ -0.809017, 0.309017, 0.5, 0.0, -0.309017, 0.5, -0.809017, 0.0, -0.5, -0.809017, -0.309017, 0.0, 0.0, 0.0, 0.0, 1.0 ], [ -0.5, -0.809017, 0.309017, 0.0, 0.809017, -0.309017, 0.5, 0.0, -0.309017, 0.5, 0.809017, 0.0, 0.0, 0.0, 0.0, 1.0 ], [ -0.309017, 0.5, 0.809017, 0.0, 0.5, 0.809017, -0.309017, 0.0, -0.809017, 0.309017, -0.5, 0.0, 0.0, 0.0, 0.0, 1.0 ], [ -0.809017, 0.309017, -0.5, 0.0, 0.309017, -0.5, -0.809017, 0.0, -0.5, -0.809017, 0.309017, 0.0, 0.0, 0.0, 0.0, 1.0 ], [ -0.809017, -0.309017, 0.5, 0.0, 0.309017, 0.5, 0.809017, 0.0, -0.5, 0.809017, -0.309017, 0.0, 0.0, 0.0, 0.0, 1.0 ], [ -0.5, 0.809017, -0.309017, 0.0, 0.809017, 0.309017, -0.5, 0.0, -0.309017, -0.5, -0.809017, 0.0, 0.0, 0.0, 0.0, 1.0 ], [ -0.309017, -0.5, -0.809017, 0.0, 0.5, -0.809017, 0.309017, 0.0, -0.809017, -0.309017, 0.5, 0.0, 0.0, 0.0, 0.0, 1.0 ] ],
  "lights" : {
    "directionalLights" : [ {
      "direction" : {
        "x" : 1.0,
        "y" : -1.0,
        "z" : -1.0
      },
      "color" : "#EBEBE4"
    }, {
      "direction" : {
        "x" : -1.0,
        "y" : 0.0,
        "z" : 0.0
      },
      "color" : "#E4E4EB"
    }, {
      "direction" : {
        "x" : 0.0,
        "y" : 0.0,
        "z" : -1.0
      },
      "color" : "#1E1E1E"
    } ],
    "backgroundColor" : "#CCCCFF",
    "ambientColor" : "#292929"
  },
  "camera" : {
    "position" : {
      "x" : -45.859303,
      "y" : 270.54507,
      "z" : 124.99609
    },
    "width" : 135.69005,
    "lookAtPoint" : {
      "x" : 0.0,
      "y" : 0.0,
      "z" : 0.0
    },
    "stereo" : false,
    "viewDistance" : 301.533,
    "perspective" : false,
    "farClipDistance" : 603.06464,
    "fieldOfView" : 0.44262952,
    "nearClipDistance" : 0.7538335,
    "lookDirection" : {
      "x" : 0.15208718,
      "y" : -0.8972321,
      "z" : -0.41453537
    },
    "upDirection" : {
      "x" : -0.968744,
      "y" : -0.052164543,
      "z" : -0.24251565
    }
  },
  "embedding" : [ 1.0, 0.0, 0.0, 0.0, 0.0, 1.0, 0.0, 0.0, 0.0, 0.0, 1.0, 0.0, 0.0, 0.0, 0.0, 1.0 ],
  "shapes" : [ {
    "id" : "c688cad5-f747-45fa-b719-58231cc7ea81",
    "vertices" : [ {
      "x" : 1.36339,
      "y" : 1.054373,
      "z" : 2.917763
    }, {
      "x" : 0.38196602,
      "y" : 0.072949015,
      "z" : 0.95491505
    }, {
      "x" : 0.690983,
      "y" : 0.19098301,
      "z" : 0.76393205
    }, {
      "x" : 1.672407,
      "y" : 1.172407,
      "z" : 2.72678
    }, {
      "x" : 1.36339,
      "y" : 1.672407,
      "z" : 2.5357969
    }, {
      "x" : 1.745356,
      "y" : 1.745356,
      "z" : 3.490712
    }, {
      "x" : 0.38196602,
      "y" : 0.690983,
      "z" : 0.572949
    }, {
      "x" : 1.599458,
      "y" : 1.599458,
      "z" : 3.198916
    }, {
      "x" : 0.14589803,
      "y" : 0.14589803,
      "z" : 0.29179606
    }, {
      "x" : 0.072949015,
      "y" : 0.572949,
      "z" : 0.76393205
    }, {
      "x" : 1.054373,
      "y" : 1.554373,
      "z" : 2.72678
    } ],
    "faces" : [ {
      "vertices" : [ 2, 8, 6 ]
    }, {
      "vertices" : [ 0, 7, 10 ]
    }, {
      "vertices" : [ 1, 9, 8 ]
    }, {
      "vertices" : [ 0, 10, 9 ]
    }, {
      "vertices" : [ 0, 9, 1 ]
    }, {
      "vertices" : [ 4, 10, 7 ]
    }, {
      "vertices" : [ 0, 1, 2 ]
    }, {
      "vertices" : [ 0, 2, 3 ]
    }, {
      "vertices" : [ 6, 8, 9 ]
    }, {
      "vertices" : [ 0, 3, 7 ]
    }, {
      "vertices" : [ 1, 8, 2 ]
    }, {
      "vertices" : [ 4, 6, 9 ]
    }, {
      "vertices" : [ 4, 9, 10 ]
    }, {
      "vertices" : [ 3, 4, 7 ]
    }, {
      "vertices" : [ 2, 6, 4 ]
    }, {
      "vertices" : [ 2, 4, 3 ]
    } ]
  }, {
    "id" : "d3a5da0e-4864-4251-bf1d-f485fce677f7",
    "vertices" : [ {
      "x" : 6.545085,
      "y" : 2.5,
      "z" : -0.95491505
    }, {
      "x" : 6.163119,
      "y" : 2.045085,
      "z" : -0.76393205
    }, {
      "x" : 6.0,
      "y" : 2.309017,
      "z" : -1.190983
    }, {
      "x" : 5.927051,
      "y" : 2.572949,
      "z" : -1.0
    }, {
      "x" : 0.85410196,
      "y" : 0.309017,
      "z" : 0.19098301
    }, {
      "x" : 0.690983,
      "y" : 0.572949,
      "z" : -0.23606798
    }, {
      "x" : 0.309017,
      "y" : 0.11803399,
      "z" : -0.045084972
    }, {
      "x" : 0.76393205,
      "y" : 0.309017,
      "z" : -0.42705098
    }, {
      "x" : 0.927051,
      "y" : 0.045084972,
      "z" : 0.0
    }, {
      "x" : 6.09017,
      "y" : 2.309017,
      "z" : -0.572949
    }, {
      "x" : 6.854102,
      "y" : 2.618034,
      "z" : -1.0
    } ],
    "faces" : [ {
      "vertices" : [ 2, 7, 5 ]
    }, {
      "vertices" : [ 2, 5, 3 ]
    }, {
      "vertices" : [ 1, 8, 7 ]
    }, {
      "vertices" : [ 1, 7, 2 ]
    }, {
      "vertices" : [ 4, 6, 8 ]
    }, {
      "vertices" : [ 5, 7, 6 ]
    }, {
      "vertices" : [ 0, 1, 2 ]
    }, {
      "vertices" : [ 0, 2, 3 ]
    }, {
      "vertices" : [ 6, 7, 8 ]
    }, {
      "vertices" : [ 3, 5, 4 ]
    }, {
      "vertices" : [ 3, 4, 9 ]
    }, {
      "vertices" : [ 1, 9, 4 ]
    }, {
      "vertices" : [ 1, 4, 8 ]
    }, {
      "vertices" : [ 0, 9, 1 ]
    }, {
      "vertices" : [ 0, 3, 9 ]
    }, {
      "vertices" : [ 4, 5, 6 ]
    } ]
  }, {
    "id" : "ec6ec3ec-618a-4353-bd60-7b7eb1965884",
    "vertices" : [ {
      "x" : 0.809017,
      "y" : 0.618034,
      "z" : -0.19098301
    }, {
      "x" : 0.809017,
      "y" : 0.0,
      "z" : -0.19098301
    }, {
      "x" : 0.309017,
      "y" : 0.11803399,
      "z" : 0.0
    }, {
      "x" : 3.7603843,
      "y" : 1.745356,
      "z" : 0.19098301
    }, {
      "x" : 0.809017,
      "y" : 0.618034,
      "z" : 0.19098301
    }, {
      "x" : 0.809017,
      "y" : 0.0,
      "z" : 0.19098301
    }, {
      "x" : 3.7603843,
      "y" : 1.127322,
      "z" : 0.19098301
    }, {
      "x" : 4.260384,
      "y" : 1.627322,
      "z" : 0.0
    }, {
      "x" : 3.7603843,
      "y" : 1.745356,
      "z" : -0.19098301
    }, {
      "x" : 4.5694013,
      "y" : 1.745356,
      "z" : 0.0
    }, {
      "x" : 3.7603843,
      "y" : 1.127322,
      "z" : -0.19098301
    } ],
    "faces" : [ {
      "vertices" : [ 3, 6, 7 ]
    }, {
      "vertices" : [ 3, 4, 5 ]
    }, {
      "vertices" : [ 3, 5, 6 ]
    }, {
      "vertices" : [ 3, 7, 8 ]
    }, {
      "vertices" : [ 0, 1, 2 ]
    }, {
      "vertices" : [ 0, 8, 10 ]
    }, {
      "vertices" : [ 0, 10, 1 ]
    }, {
      "vertices" : [ 1, 10, 6 ]
    }, {
      "vertices" : [ 1, 6, 5 ]
    }, {
      "vertices" : [ 0, 2, 4 ]
    }, {
      "vertices" : [ 6, 10, 7 ]
    }, {
      "vertices" : [ 1, 5, 2 ]
    }, {
      "vertices" : [ 7, 10, 8 ]
    }, {
      "vertices" : [ 2, 5, 4 ]
    }, {
      "vertices" : [ 0, 4, 3 ]
    }, {
      "vertices" : [ 0, 3, 8 ]
    } ]
  }, {
    "id" : "49bc5972-0828-47f5-9aa2-53c25d5f2673",
    "vertices" : [ {
      "x" : 0.309017,
      "y" : -0.309017,
      "z" : -0.309017
    }, {
      "x" : 0.5,
      "y" : 0.0,
      "z" : -0.19098301
    }, {
      "x" : 0.5,
      "y" : 0.0,
      "z" : 0.19098301
    }, {
      "x" : 0.309017,
      "y" : -0.309017,
      "z" : 0.309017
    }, {
      "x" : 0.19098301,
      "y" : -0.5,
      "z" : 0.0
    }, {
      "x" : 0.0,
      "y" : 0.19098301,
      "z" : 0.5
    }, {
      "x" : 0.0,
      "y" : -0.19098301,
      "z" : 0.5
    }, {
      "x" : 0.309017,
      "y" : 0.309017,
      "z" : 0.309017
    }, {
      "x" : -0.309017,
      "y" : -0.309017,
      "z" : 0.309017
    }, {
      "x" : -0.309017,
      "y" : 0.309017,
      "z" : 0.309017
    }, {
      "x" : -0.5,
      "y" : 0.0,
      "z" : 0.19098301
    }, {
      "x" : 0.0,
      "y" : -0.19098301,
      "z" : -0.5
    }, {
      "x" : 0.0,
      "y" : 0.19098301,
      "z" : -0.5
    }, {
      "x" : 0.309017,
      "y" : 0.309017,
      "z" : -0.309017
    }, {
      "x" : -0.309017,
      "y" : -0.309017,
      "z" : -0.309017
    }, {
      "x" : -0.19098301,
      "y" : -0.5,
      "z" : 0.0
    }, {
      "x" : -0.5,
      "y" : 0.0,
      "z" : -0.19098301
    }, {
      "x" : 0.19098301,
      "y" : 0.5,
      "z" : 0.0
    }, {
      "x" : -0.309017,
      "y" : 0.309017,
      "z" : -0.309017
    }, {
      "x" : 0.0,
      "y" : 0.0,
      "z" : 0.0
    }, {
      "x" : -0.19098301,
      "y" : 0.5,
      "z" : 0.0
    } ],
    "faces" : [ {
      "vertices" : [ 12, 18, 20 ]
    }, {
      "vertices" : [ 12, 20, 17 ]
    }, {
      "vertices" : [ 12, 17, 13 ]
    }, {
      "vertices" : [ 3, 6, 8 ]
    }, {
      "vertices" : [ 3, 8, 15 ]
    }, {
      "vertices" : [ 3, 15, 4 ]
    }, {
      "vertices" : [ 0, 11, 12 ]
    }, {
      "vertices" : [ 0, 12, 13 ]
    }, {
      "vertices" : [ 0, 13, 1 ]
    }, {
      "vertices" : [ 5, 9, 10 ]
    }, {
      "vertices" : [ 5, 10, 8 ]
    }, {
      "vertices" : [ 5, 8, 6 ]
    }, {
      "vertices" : [ 2, 7, 5 ]
    }, {
      "vertices" : [ 2, 5, 6 ]
    }, {
      "vertices" : [ 2, 6, 3 ]
    }, {
      "vertices" : [ 11, 14, 16 ]
    }, {
      "vertices" : [ 11, 16, 18 ]
    }, {
      "vertices" : [ 11, 18, 12 ]
    }, {
      "vertices" : [ 1, 13, 17 ]
    }, {
      "vertices" : [ 1, 17, 7 ]
    }, {
      "vertices" : [ 1, 7, 2 ]
    }, {
      "vertices" : [ 9, 20, 18 ]
    }, {
      "vertices" : [ 9, 18, 16 ]
    }, {
      "vertices" : [ 9, 16, 10 ]
    }, {
      "vertices" : [ 0, 1, 2 ]
    }, {
      "vertices" : [ 0, 2, 3 ]
    }, {
      "vertices" : [ 0, 3, 4 ]
    }, {
      "vertices" : [ 5, 7, 17 ]
    }, {
      "vertices" : [ 5, 17, 20 ]
    }, {
      "vertices" : [ 5, 20, 9 ]
    }, {
      "vertices" : [ 0, 4, 15 ]
    }, {
      "vertices" : [ 0, 15, 14 ]
    }, {
      "vertices" : [ 0, 14, 11 ]
    }, {
      "vertices" : [ 8, 10, 16 ]
    }, {
      "vertices" : [ 8, 16, 14 ]
    }, {
      "vertices" : [ 8, 14, 15 ]
    } ]
  }, {
    "id" : "ffe3279b-3be8-4275-b52f-ecaff4ce94dd",
    "vertices" : [ {
      "x" : 1.0,
      "y" : 0.309017,
      "z" : 0.19098301
    }, {
      "x" : 1.0,
      "y" : -0.309017,
      "z" : 0.19098301
    }, {
      "x" : 7.472136,
      "y" : -0.309017,
      "z" : 0.19098301
    }, {
      "x" : 7.472136,
      "y" : 0.309017,
      "z" : 0.19098301
    }, {
      "x" : 7.472136,
      "y" : -0.309017,
      "z" : -0.19098301
    }, {
      "x" : 7.472136,
      "y" : 0.309017,
      "z" : -0.19098301
    }, {
      "x" : 8.09017,
      "y" : 0.0,
      "z" : 0.0
    }, {
      "x" : 0.38196602,
      "y" : 0.0,
      "z" : 0.0
    }, {
      "x" : 1.0,
      "y" : 0.309017,
      "z" : -0.19098301
    }, {
      "x" : 1.0,
      "y" : -0.309017,
      "z" : -0.19098301
    }, {
      "x" : 8.472136,
      "y" : 0.0,
      "z" : 0.0
    } ],
    "faces" : [ {
      "vertices" : [ 1, 9, 4 ]
    }, {
      "vertices" : [ 1, 4, 2 ]
    }, {
      "vertices" : [ 0, 3, 5 ]
    }, {
      "vertices" : [ 0, 5, 8 ]
    }, {
      "vertices" : [ 1, 7, 9 ]
    }, {
      "vertices" : [ 0, 1, 2 ]
    }, {
      "vertices" : [ 0, 2, 3 ]
    }, {
      "vertices" : [ 7, 8, 9 ]
    }, {
      "vertices" : [ 0, 7, 1 ]
    }, {
      "vertices" : [ 4, 9, 8 ]
    }, {
      "vertices" : [ 4, 8, 5 ]
    }, {
      "vertices" : [ 2, 6, 3 ]
    }, {
      "vertices" : [ 2, 4, 6 ]
    }, {
      "vertices" : [ 3, 6, 5 ]
    }, {
      "vertices" : [ 4, 5, 6 ]
    }, {
      "vertices" : [ 0, 8, 7 ]
    } ]
  }, {
    "id" : "c8ff281f-b0ba-4fd6-ba5f-874f59faaac6",
    "vertices" : [ {
      "x" : 10.781153,
      "y" : 4.118034,
      "z" : -1.572949
    }, {
      "x" : 10.399187,
      "y" : 3.663119,
      "z" : -1.381966
    }, {
      "x" : 10.236068,
      "y" : 3.927051,
      "z" : -1.809017
    }, {
      "x" : 10.163119,
      "y" : 4.190983,
      "z" : -1.618034
    }, {
      "x" : 0.85410196,
      "y" : 0.309017,
      "z" : 0.19098301
    }, {
      "x" : 0.690983,
      "y" : 0.572949,
      "z" : -0.23606798
    }, {
      "x" : 0.309017,
      "y" : 0.11803399,
      "z" : -0.045084972
    }, {
      "x" : 0.76393205,
      "y" : 0.309017,
      "z" : -0.42705098
    }, {
      "x" : 0.927051,
      "y" : 0.045084972,
      "z" : 0.0
    }, {
      "x" : 10.326238,
      "y" : 3.927051,
      "z" : -1.190983
    }, {
      "x" : 11.09017,
      "y" : 4.236068,
      "z" : -1.618034
    } ],
    "faces" : [ {
      "vertices" : [ 2, 7, 5 ]
    }, {
      "vertices" : [ 2, 5, 3 ]
    }, {
      "vertices" : [ 1, 8, 7 ]
    }, {
      "vertices" : [ 1, 7, 2 ]
    }, {
      "vertices" : [ 4, 6, 8 ]
    }, {
      "vertices" : [ 5, 7, 6 ]
    }, {
      "vertices" : [ 0, 1, 2 ]
    }, {
      "vertices" : [ 0, 2, 3 ]
    }, {
      "vertices" : [ 6, 7, 8 ]
    }, {
      "vertices" : [ 3, 5, 4 ]
    }, {
      "vertices" : [ 3, 4, 9 ]
    }, {
      "vertices" : [ 1, 9, 4 ]
    }, {
      "vertices" : [ 1, 4, 8 ]
    }, {
      "vertices" : [ 0, 9, 1 ]
    }, {
      "vertices" : [ 0, 3, 9 ]
    }, {
      "vertices" : [ 4, 5, 6 ]
    } ]
  }, {
    "id" : "9ac1ceb2-46e3-434e-983c-d2041e8d8994",
    "vertices" : [ {
      "x" : 4.236068,
      "y" : 0.0,
      "z" : -1.618034
    }, {
      "x" : 3.927051,
      "y" : 0.0,
      "z" : -1.5
    }, {
      "x" : 3.5225425,
      "y" : -0.1545085,
      "z" : -1.059017
    }, {
      "x" : 3.3315594,
      "y" : -0.1545085,
      "z" : -1.559017
    }, {
      "x" : 0.9045085,
      "y" : -0.1545085,
      "z" : -0.059016995
    }, {
      "x" : 0.809017,
      "y" : 0.309017,
      "z" : -0.309017
    }, {
      "x" : 0.309017,
      "y" : 0.0,
      "z" : -0.11803399
    }, {
      "x" : 3.427051,
      "y" : 0.309017,
      "z" : -1.309017
    }, {
      "x" : 0.7135255,
      "y" : -0.1545085,
      "z" : -0.559017
    } ],
    "faces" : [ {
      "vertices" : [ 2, 4, 8 ]
    }, {
      "vertices" : [ 2, 8, 3 ]
    }, {
      "vertices" : [ 2, 7, 5 ]
    }, {
      "vertices" : [ 2, 5, 4 ]
    }, {
      "vertices" : [ 4, 6, 8 ]
    }, {
      "vertices" : [ 5, 8, 6 ]
    }, {
      "vertices" : [ 1, 2, 3 ]
    }, {
      "vertices" : [ 3, 8, 5 ]
    }, {
      "vertices" : [ 3, 5, 7 ]
    }, {
      "vertices" : [ 1, 7, 2 ]
    }, {
      "vertices" : [ 1, 3, 7 ]
    }, {
      "vertices" : [ 4, 5, 6 ]
    } ]
  }, {
    "id" : "b966836b-2033-4f58-9d87-add7f0ea71e8",
    "vertices" : [ {
      "x" : 2.4420793,
      "y" : 2.1330624,
      "z" : 5.0751414
    }, {
      "x" : 0.38196602,
      "y" : 0.072949015,
      "z" : 0.95491505
    }, {
      "x" : 0.690983,
      "y" : 0.19098301,
      "z" : 0.76393205
    }, {
      "x" : 2.7510962,
      "y" : 2.2510962,
      "z" : 4.8841586
    }, {
      "x" : 2.4420793,
      "y" : 2.7510962,
      "z" : 4.693176
    }, {
      "x" : 2.8240454,
      "y" : 2.8240454,
      "z" : 5.648091
    }, {
      "x" : 0.38196602,
      "y" : 0.690983,
      "z" : 0.572949
    }, {
      "x" : 2.6781473,
      "y" : 2.6781473,
      "z" : 5.3562946
    }, {
      "x" : 0.14589803,
      "y" : 0.14589803,
      "z" : 0.29179606
    }, {
      "x" : 0.072949015,
      "y" : 0.572949,
      "z" : 0.76393205
    }, {
      "x" : 2.1330624,
      "y" : 2.6330624,
      "z" : 4.8841586
    } ],
    "faces" : [ {
      "vertices" : [ 2, 8, 6 ]
    }, {
      "vertices" : [ 0, 7, 10 ]
    }, {
      "vertices" : [ 1, 9, 8 ]
    }, {
      "vertices" : [ 0, 10, 9 ]
    }, {
      "vertices" : [ 0, 9, 1 ]
    }, {
      "vertices" : [ 4, 10, 7 ]
    }, {
      "vertices" : [ 0, 1, 2 ]
    }, {
      "vertices" : [ 0, 2, 3 ]
    }, {
      "vertices" : [ 6, 8, 9 ]
    }, {
      "vertices" : [ 0, 3, 7 ]
    }, {
      "vertices" : [ 1, 8, 2 ]
    }, {
      "vertices" : [ 4, 6, 9 ]
    }, {
      "vertices" : [ 4, 9, 10 ]
    }, {
      "vertices" : [ 3, 4, 7 ]
    }, {
      "vertices" : [ 2, 6, 4 ]
    }, {
      "vertices" : [ 2, 4, 3 ]
    } ]
  }, {
    "id" : "0694ef14-8caf-41ca-af73-fe206692482f",
    "vertices" : [ {
      "x" : 2.618034,
      "y" : -1.0,
      "z" : -6.854102
    }, {
      "x" : 0.0,
      "y" : 0.0,
      "z" : 0.0
    }, {
      "x" : 1.0,
      "y" : -6.854102,
      "z" : -2.618034
    }, {
      "x" : 2.4120226,
      "y" : -5.236068,
      "z" : -6.3147573
    } ],
    "faces" : [ {
      "vertices" : [ 0, 1, 2 ]
    }, {
      "vertices" : [ 0, 2, 3 ]
    }, {
      "vertices" : [ 0, 3, 2 ]
    }, {
      "vertices" : [ 0, 2, 1 ]
    } ]
  }, {
    "id" : "14e585e5-c52c-4f0a-8a8b-2e09d0fb3505",
    "vertices" : [ {
      "x" : 2.8240454,
      "y" : 3.236068,
      "z" : -7.3934464
    }, {
      "x" : 1.618034,
      "y" : 5.854102,
      "z" : -4.236068
    }, {
      "x" : 0.0,
      "y" : 0.0,
      "z" : 0.0
    }, {
      "x" : 2.618034,
      "y" : -1.0,
      "z" : -6.854102
    } ],
    "faces" : [ {
      "vertices" : [ 0, 1, 2 ]
    }, {
      "vertices" : [ 0, 2, 3 ]
    }, {
      "vertices" : [ 0, 3, 2 ]
    }, {
      "vertices" : [ 0, 2, 1 ]
    } ]
  }, {
    "id" : "5b90b01d-0e1b-4854-9533-2d6aedb7a8b8",
    "vertices" : [ {
      "x" : 3.618034,
      "y" : -7.854102,
      "z" : -9.472136
    }, {
      "x" : 4.824045,
      "y" : -10.472136,
      "z" : -12.629515
    }, {
      "x" : 4.618034,
      "y" : -14.708204,
      "z" : -12.09017
    }, {
      "x" : 2.0,
      "y" : -13.708204,
      "z" : -5.236068
    } ],
    "faces" : [ {
      "vertices" : [ 0, 1, 2 ]
    }, {
      "vertices" : [ 0, 2, 3 ]
    }, {
      "vertices" : [ 0, 3, 2 ]
    }, {
      "vertices" : [ 0, 2, 1 ]
    } ]
  }, {
    "id" : "dbb1df3f-7cf5-498c-b708-3a634bf52a4d",
    "vertices" : [ {
      "x" : 2.618034,
      "y" : -1.0,
      "z" : -6.854102
    }, {
      "x" : 2.4120226,
      "y" : -5.236068,
      "z" : -6.3147573
    }, {
      "x" : 3.618034,
      "y" : -7.854102,
      "z" : -9.472136
    }, {
      "x" : 5.236068,
      "y" : -2.0,
      "z" : -13.708204
    } ],
    "faces" : [ {
      "vertices" : [ 0, 1, 2 ]
    }, {
      "vertices" : [ 0, 2, 3 ]
    }, {
      "vertices" : [ 0, 3, 2 ]
    }, {
      "vertices" : [ 0, 2, 1 ]
    } ]
  }, {
    "id" : "bfd4121c-ad20-49c6-aa02-55469ff46316",
    "vertices" : [ {
      "x" : 2.0,
      "y" : -13.708204,
      "z" : -5.236068
    }, {
      "x" : -0.618034,
      "y" : -12.708204,
      "z" : 1.618034
    }, {
      "x" : -0.8240453,
      "y" : -16.944271,
      "z" : 2.1573787
    }, {
      "x" : 0.38196602,
      "y" : -19.562305,
      "z" : -1.0
    } ],
    "faces" : [ {
      "vertices" : [ 0, 1, 2 ]
    }, {
      "vertices" : [ 0, 2, 3 ]
    }, {
      "vertices" : [ 0, 3, 2 ]
    }, {
      "vertices" : [ 0, 2, 1 ]
    } ]
  }, {
    "id" : "cc5dc629-6243-45b4-a8d0-a60a1f257ab7",
    "vertices" : [ {
      "x" : 1.0,
      "y" : -6.854102,
      "z" : -2.618034
    }, {
      "x" : -0.41202265,
      "y" : -8.472136,
      "z" : 1.0786893
    }, {
      "x" : -0.618034,
      "y" : -12.708204,
      "z" : 1.618034
    }, {
      "x" : 2.0,
      "y" : -13.708204,
      "z" : -5.236068
    } ],
    "faces" : [ {
      "vertices" : [ 0, 1, 2 ]
    }, {
      "vertices" : [ 0, 2, 3 ]
    }, {
      "vertices" : [ 0, 3, 2 ]
    }, {
      "vertices" : [ 0, 2, 1 ]
    } ]
  }, {
    "id" : "5f744878-d7e9-4ef2-9b9e-89101d388875",
    "vertices" : [ {
      "x" : 5.236068,
      "y" : -2.0,
      "z" : -13.708204
    }, {
      "x" : 3.618034,
      "y" : -7.854102,
      "z" : -9.472136
    }, {
      "x" : 4.824045,
      "y" : -10.472136,
      "z" : -12.629515
    }, {
      "x" : 6.236068,
      "y" : -8.854102,
      "z" : -16.326239
    } ],
    "faces" : [ {
      "vertices" : [ 0, 1, 2 ]
    }, {
      "vertices" : [ 0, 2, 3 ]
    }, {
      "vertices" : [ 0, 3, 2 ]
    }, {
      "vertices" : [ 0, 2, 1 ]
    } ]
  }, {
    "id" : "ab5a05bf-7435-4e43-a36f-41e0205c24f7",
    "vertices" : [ {
      "x" : 3.618034,
      "y" : -7.854102,
      "z" : -9.472136
    }, {
      "x" : 2.4120226,
      "y" : -5.236068,
      "z" : -6.3147573
    }, {
      "x" : 1.0,
      "y" : -6.854102,
      "z" : -2.618034
    }, {
      "x" : 2.0,
      "y" : -13.708204,
      "z" : -5.236068
    } ],
    "faces" : [ {
      "vertices" : [ 0, 1, 2 ]
    }, {
      "vertices" : [ 0, 2, 3 ]
    }, {
      "vertices" : [ 0, 3, 2 ]
    }, {
      "vertices" : [ 0, 2, 1 ]
    } ]
  } ],
  "instances" : [ {
    "shape" : "c688cad5-f747-45fa-b719-58231cc7ea81",
    "color" : "#6B351A",
    "position" : {
      "x" : 1.5879773,
      "y" : -22.18034,
      "z" : -4.1573787
    },
    "orientation" : 50
  }, {
    "shape" : "d3a5da0e-4864-4251-bf1d-f485fce677f7",
    "color" : "#008D36",
    "position" : {
      "x" : 5.0,
      "y" : -34.27051,
      "z" : -13.09017
    },
    "orientation" : 1
  }, {
    "shape" : "c688cad5-f747-45fa-b719-58231cc7ea81",
    "color" : "#6B351A",
    "position" : {
      "x" : 12.326238,
      "y" : 34.12461,
      "z" : -32.27051
    },
    "orientation" : 42
  }, {
    "shape" : "ec6ec3ec-618a-4353-bd60-7b7eb1965884",
    "color" : "#6C00C6",
    "position" : {
      "x" : 22.798374,
      "y" : -17.944271,
      "z" : -6.854102
    },
    "orientation" : 27
  }, {
    "shape" : "c688cad5-f747-45fa-b719-58231cc7ea81",
    "color" : "#6B351A",
    "position" : {
      "x" : 18.326239,
      "y" : -7.0,
      "z" : -47.978714
    },
    "orientation" : 42
  }, {
    "shape" : "d3a5da0e-4864-4251-bf1d-f485fce677f7",
    "color" : "#008D36",
    "position" : {
      "x" : 2.472136,
      "y" : 50.832817,
      "z" : -6.472136
    },
    "orientation" : 1
  }, {
    "shape" : "d3a5da0e-4864-4251-bf1d-f485fce677f7",
    "color" : "#008D36",
    "position" : {
      "x" : -7.236068,
      "y" : 15.708204,
      "z" : 18.944271
    },
    "orientation" : 49
  }, {
    "shape" : "49bc5972-0828-47f5-9aa2-53c25d5f2673",
    "color" : "#FFFFFF",
    "position" : {
      "x" : 6.236068,
      "y" : -8.854102,
      "z" : -16.326239
    }
  }, {
    "shape" : "d3a5da0e-4864-4251-bf1d-f485fce677f7",
    "color" : "#008D36",
    "position" : {
      "x" : 3.381966,
      "y" : -40.12461,
      "z" : -8.854102
    },
    "orientation" : 32
  }, {
    "shape" : "d3a5da0e-4864-4251-bf1d-f485fce677f7",
    "color" : "#008D36",
    "position" : {
      "x" : 13.708204,
      "y" : 7.708204,
      "z" : -35.888542
    },
    "orientation" : 1
  }, {
    "shape" : "c688cad5-f747-45fa-b719-58231cc7ea81",
    "color" : "#6B351A",
    "position" : {
      "x" : 12.854102,
      "y" : -37.27051,
      "z" : -33.652477
    },
    "orientation" : 54
  }, {
    "shape" : "49bc5972-0828-47f5-9aa2-53c25d5f2673",
    "color" : "#FFFFFF",
    "position" : {
      "x" : -11.326238,
      "y" : -40.978714,
      "z" : 29.652475
    }
  }, {
    "shape" : "c688cad5-f747-45fa-b719-58231cc7ea81",
    "color" : "#6B351A",
    "position" : {
      "x" : 6.09017,
      "y" : 42.978714,
      "z" : -15.944272
    },
    "orientation" : 54
  }, {
    "shape" : "49bc5972-0828-47f5-9aa2-53c25d5f2673",
    "color" : "#FFFFFF",
    "position" : {
      "x" : -17.09017,
      "y" : 32.41641,
      "z" : 44.742645
    }
  }, {
    "shape" : "49bc5972-0828-47f5-9aa2-53c25d5f2673",
    "color" : "#FFFFFF",
    "position" : {
      "x" : 1.618034,
      "y" : 5.854102,
      "z" : -4.236068
    }
  }, {
    "shape" : "ffe3279b-3be8-4275-b52f-ecaff4ce94dd",
    "color" : "#007695",
    "position" : {
      "x" : 5.854102,
      "y" : -9.472136,
      "z" : 6.854102
    },
    "orientation" : 45
  }, {
    "shape" : "d3a5da0e-4864-4251-bf1d-f485fce677f7",
    "color" : "#008D36",
    "position" : {
      "x" : -14.472136,
      "y" : 31.416409,
      "z" : 37.888542
    },
    "orientation" : 49
  }, {
    "shape" : "49bc5972-0828-47f5-9aa2-53c25d5f2673",
    "color" : "#FFFFFF",
    "position" : {
      "x" : -5.381966,
      "y" : 53.832817,
      "z" : 14.09017
    }
  }, {
    "shape" : "49bc5972-0828-47f5-9aa2-53c25d5f2673",
    "color" : "#FFFFFF",
    "position" : {
      "x" : 12.326238,
      "y" : 34.12461,
      "z" : -32.27051
    }
  }, {
    "shape" : "49bc5972-0828-47f5-9aa2-53c25d5f2673",
    "color" : "#FFFFFF",
    "position" : {
      "x" : -11.854102,
      "y" : 30.416409,
      "z" : 31.034441
    }
  }, {
    "shape" : "c688cad5-f747-45fa-b719-58231cc7ea81",
    "color" : "#6B351A",
    "position" : {
      "x" : -12.884159,
      "y" : 9.236068,
      "z" : 33.731167
    },
    "orientation" : 42
  }, {
    "shape" : "ec6ec3ec-618a-4353-bd60-7b7eb1965884",
    "color" : "#6C00C6",
    "position" : {
      "x" : -8.472136,
      "y" : 13.708204,
      "z" : 5.236068
    },
    "orientation" : 16
  }, {
    "shape" : "49bc5972-0828-47f5-9aa2-53c25d5f2673",
    "color" : "#FFFFFF",
    "position" : {
      "x" : -8.854102,
      "y" : 9.854102,
      "z" : 23.18034
    }
  }, {
    "shape" : "49bc5972-0828-47f5-9aa2-53c25d5f2673",
    "color" : "#FFFFFF",
    "position" : {
      "x" : 11.09017,
      "y" : 8.708204,
      "z" : -29.034441
    }
  }, {
    "shape" : "49bc5972-0828-47f5-9aa2-53c25d5f2673",
    "color" : "#FFFFFF",
    "position" : {
      "x" : -0.14589803,
      "y" : 51.832817,
      "z" : 0.38196602
    }
  }, {
    "shape" : "c688cad5-f747-45fa-b719-58231cc7ea81",
    "color" : "#6B351A",
    "position" : {
      "x" : -3.472136,
      "y" : -43.978714,
      "z" : 9.09017
    },
    "orientation" : 50
  }, {
    "shape" : "49bc5972-0828-47f5-9aa2-53c25d5f2673",
    "color" : "#FFFFFF",
    "position" : {
      "x" : -8.618034,
      "y" : 42.12461,
      "z" : 22.562305
    }
  }, {
    "shape" : "c688cad5-f747-45fa-b719-58231cc7ea81",
    "color" : "#6B351A",
    "position" : {
      "x" : -9.472136,
      "y" : -2.854102,
      "z" : 24.798374
    },
    "orientation" : 50
  }, {
    "shape" : "49bc5972-0828-47f5-9aa2-53c25d5f2673",
    "color" : "#FFFFFF",
    "position" : {
      "x" : -7.618034,
      "y" : 35.27051,
      "z" : 19.944271
    }
  }, {
    "shape" : "49bc5972-0828-47f5-9aa2-53c25d5f2673",
    "color" : "#FFFFFF",
    "position" : {
      "x" : -12.09017,
      "y" : -1.854102,
      "z" : 31.652475
    }
  }, {
    "shape" : "49bc5972-0828-47f5-9aa2-53c25d5f2673",
    "color" : "#FFFFFF",
    "position" : {
      "x" : -14.09017,
      "y" : 11.854102,
      "z" : 36.888542
    }
  }, {
    "shape" : "d3a5da0e-4864-4251-bf1d-f485fce677f7",
    "color" : "#008D36",
    "position" : {
      "x" : 11.708204,
      "y" : 21.416409,
      "z" : -30.652475
    },
    "orientation" : 32
  }, {
    "shape" : "49bc5972-0828-47f5-9aa2-53c25d5f2673",
    "color" : "#FFFFFF",
    "position" : {
      "x" : -16.120226,
      "y" : -2.472136,
      "z" : 42.2033
    }
  }, {
    "shape" : "d3a5da0e-4864-4251-bf1d-f485fce677f7",
    "color" : "#008D36",
    "position" : {
      "x" : -2.236068,
      "y" : -18.562305,
      "z" : 5.854102
    },
    "orientation" : 1
  }, {
    "shape" : "ec6ec3ec-618a-4353-bd60-7b7eb1965884",
    "color" : "#6C00C6",
    "position" : {
      "x" : 5.854102,
      "y" : -27.74974,
      "z" : -0.127322
    },
    "orientation" : 27
  }, {
    "shape" : "c688cad5-f747-45fa-b719-58231cc7ea81",
    "color" : "#6B351A",
    "position" : {
      "x" : 6.0601134,
      "y" : 14.944272,
      "z" : -15.865582
    },
    "orientation" : 54
  }, {
    "shape" : "d3a5da0e-4864-4251-bf1d-f485fce677f7",
    "color" : "#008D36",
    "position" : {
      "x" : 18.944271,
      "y" : 5.708204,
      "z" : -49.59675
    },
    "orientation" : 49
  }, {
    "shape" : "49bc5972-0828-47f5-9aa2-53c25d5f2673",
    "color" : "#FFFFFF",
    "position" : {
      "x" : -0.23606798,
      "y" : -32.27051,
      "z" : 0.618034
    }
  }, {
    "shape" : "49bc5972-0828-47f5-9aa2-53c25d5f2673",
    "color" : "#FFFFFF",
    "position" : {
      "x" : -14.060113,
      "y" : 39.888542,
      "z" : 36.809853
    }
  }, {
    "shape" : "49bc5972-0828-47f5-9aa2-53c25d5f2673",
    "color" : "#FFFFFF",
    "position" : {
      "x" : 4.824045,
      "y" : -10.472136,
      "z" : -12.629515
    }
  }, {
    "shape" : "c688cad5-f747-45fa-b719-58231cc7ea81",
    "color" : "#6B351A",
    "position" : {
      "x" : 7.296181,
      "y" : 40.36068,
      "z" : -19.10165
    },
    "orientation" : 50
  }, {
    "shape" : "49bc5972-0828-47f5-9aa2-53c25d5f2673",
    "color" : "#FFFFFF",
    "position" : {
      "x" : 20.18034,
      "y" : 31.12461,
      "z" : -52.832817
    }
  }, {
    "shape" : "49bc5972-0828-47f5-9aa2-53c25d5f2673",
    "color" : "#FFFFFF",
    "position" : {
      "x" : 10.060113,
      "y" : -12.472136,
      "z" : -26.337719
    }
  }, {
    "shape" : "49bc5972-0828-47f5-9aa2-53c25d5f2673",
    "color" : "#FFFFFF",
    "position" : {
      "x" : -2.618034,
      "y" : -14.041537,
      "z" : 5.108746
    }
  }, {
    "shape" : "d3a5da0e-4864-4251-bf1d-f485fce677f7",
    "color" : "#008D36",
    "position" : {
      "x" : -5.854102,
      "y" : -10.708204,
      "z" : 15.326238
    },
    "orientation" : 29
  }, {
    "shape" : "49bc5972-0828-47f5-9aa2-53c25d5f2673",
    "color" : "#FFFFFF",
    "position" : {
      "x" : -2.0,
      "y" : 13.708204,
      "z" : 5.236068
    }
  }, {
    "shape" : "49bc5972-0828-47f5-9aa2-53c25d5f2673",
    "color" : "#FFFFFF",
    "position" : {
      "x" : 17.356295,
      "y" : 27.888544,
      "z" : -45.43937
    }
  }, {
    "shape" : "49bc5972-0828-47f5-9aa2-53c25d5f2673",
    "color" : "#FFFFFF",
    "position" : {
      "x" : 14.326238,
      "y" : -23.18034,
      "z" : 1.618034
    }
  }, {
    "shape" : "49bc5972-0828-47f5-9aa2-53c25d5f2673",
    "color" : "#FFFFFF",
    "position" : {
      "x" : -13.944272,
      "y" : -39.978714,
      "z" : 36.506577
    }
  }, {
    "shape" : "49bc5972-0828-47f5-9aa2-53c25d5f2673",
    "color" : "#FFFFFF",
    "position" : {
      "x" : 3.381966,
      "y" : -40.12461,
      "z" : -8.854102
    }
  }, {
    "shape" : "c688cad5-f747-45fa-b719-58231cc7ea81",
    "color" : "#6B351A",
    "position" : {
      "x" : 13.296182,
      "y" : -0.76393205,
      "z" : -34.809853
    },
    "orientation" : 50
  }, {
    "shape" : "49bc5972-0828-47f5-9aa2-53c25d5f2673",
    "color" : "#FFFFFF",
    "position" : {
      "x" : -19.944271,
      "y" : 1.145898,
      "z" : 52.214783
    }
  }, {
    "shape" : "49bc5972-0828-47f5-9aa2-53c25d5f2673",
    "color" : "#FFFFFF",
    "position" : {
      "x" : 0.47213596,
      "y" : 64.54102,
      "z" : -1.236068
    }
  }, {
    "shape" : "c688cad5-f747-45fa-b719-58231cc7ea81",
    "color" : "#6B351A",
    "position" : {
      "x" : 3.5879774,
      "y" : -35.888542,
      "z" : -9.393447
    },
    "orientation" : 54
  }, {
    "shape" : "c688cad5-f747-45fa-b719-58231cc7ea81",
    "color" : "#6B351A",
    "position" : {
      "x" : 2.0601132,
      "y" : 42.36068,
      "z" : -5.3934464
    },
    "orientation" : 42
  }, {
    "shape" : "d3a5da0e-4864-4251-bf1d-f485fce677f7",
    "color" : "#008D36",
    "position" : {
      "x" : 4.236068,
      "y" : 4.854102,
      "z" : -11.09017
    },
    "orientation" : 1
  }, {
    "shape" : "c688cad5-f747-45fa-b719-58231cc7ea81",
    "color" : "#6B351A",
    "position" : {
      "x" : 13.472136,
      "y" : -24.562305,
      "z" : -35.27051
    },
    "orientation" : 50
  }, {
    "shape" : "c688cad5-f747-45fa-b719-58231cc7ea81",
    "color" : "#6B351A",
    "position" : {
      "x" : 12.060113,
      "y" : -26.18034,
      "z" : -31.573786
    },
    "orientation" : 50
  }, {
    "shape" : "49bc5972-0828-47f5-9aa2-53c25d5f2673",
    "color" : "#FFFFFF",
    "position" : {
      "x" : -7.708204,
      "y" : -48.832817,
      "z" : 20.18034
    }
  }, {
    "shape" : "49bc5972-0828-47f5-9aa2-53c25d5f2673",
    "color" : "#FFFFFF",
    "position" : {
      "x" : 8.854102,
      "y" : -9.854102,
      "z" : -23.18034
    }
  }, {
    "shape" : "49bc5972-0828-47f5-9aa2-53c25d5f2673",
    "color" : "#FFFFFF",
    "position" : {
      "x" : 17.29618,
      "y" : -28.18034,
      "z" : -45.28199
    }
  }, {
    "shape" : "49bc5972-0828-47f5-9aa2-53c25d5f2673",
    "color" : "#FFFFFF",
    "position" : {
      "x" : -6.236068,
      "y" : 8.854102,
      "z" : 16.326239
    }
  }, {
    "shape" : "c688cad5-f747-45fa-b719-58231cc7ea81",
    "color" : "#6B351A",
    "position" : {
      "x" : -7.648091,
      "y" : 7.236068,
      "z" : 20.02296
    },
    "orientation" : 42
  }, {
    "shape" : "49bc5972-0828-47f5-9aa2-53c25d5f2673",
    "color" : "#FFFFFF",
    "position" : {
      "x" : -13.854102,
      "y" : 44.12461,
      "z" : 36.27051
    }
  }, {
    "shape" : "d3a5da0e-4864-4251-bf1d-f485fce677f7",
    "color" : "#008D36",
    "position" : {
      "x" : -4.236068,
      "y" : -4.854102,
      "z" : 11.09017
    },
