{
  "field" : "golden",
  "symmetry" : "icosahedral",
  "orientations" : [ [ 1.0, 0.0, 0.0, 0.0, 0.0, 1.0, 0.0, 0.0, 0.0, 0.0, 1.0, 0.0, 0.0, 0.0, 0.0, 1.0 ], [ 0.0, 0.0, 1.0, 0.0, 1.0, 0.0, 0.0, 0.0, 0.0, 1.0, 0.0, 0.0, 0.0, 0.0, 0.0, 1.0 ], [ 0.0, 1.0, 0.0, 0.0, 0.0, 0.0, 1.0, 0.0, 1.0, 0.0, 0.0, 0.0, 0.0, 0.0, 0.0, 1.0 ], [ 0.809017, 0.309017, 0.5, 0.0, 0.309017, 0.5, -0.809017, 0.0, -0.5, 0.809017, 0.309017, 0.0, 0.0, 0.0, 0.0, 1.0 ], [ -0.5, 0.809017, 0.309017, 0.0, 0.809017, 0.309017, 0.5, 0.0, 0.309017, 0.5, -0.809017, 0.0, 0.0, 0.0, 0.0, 1.0 ], [ 0.309017, 0.5, -0.809017, 0.0, -0.5, 0.809017, 0.309017, 0.0, 0.809017, 0.309017, 0.5, 0.0, 0.0, 0.0, 0.0, 1.0 ], [ 0.5, 0.809017, 0.309017, 0.0, 0.809017, -0.309017, -0.5, 0.0, -0.309017, 0.5, -0.809017, 0.0, 0.0, 0.0, 0.0, 1.0 ], [ -0.309017, 0.5, -0.809017, 0.0, 0.5, 0.809017, 0.309017, 0.0, 0.809017, -0.309017, -0.5, 0.0, 0.0, 0.0, 0.0, 1.0 ], [ 0.809017, -0.309017, -0.5, 0.0, -0.309017, 0.5, -0.809017, 0.0, 0.5, 0.809017, 0.309017, 0.0, 0.0, 0.0, 0.0, 1.0 ], [ 0.5, 0.809017, -0.309017, 0.0, 0.809017, -0.309017, 0.5, 0.0, 0.309017, -0.5, -0.809017, 0.0, 0.0, 0.0, 0.0, 1.0 ], [ 0.309017, -0.5, -0.809017, 0.0, 0.5, 0.809017, -0.309017, 0.0, 0.809017, -0.309017, 0.5, 0.0, 0.0, 0.0, 0.0, 1.0 ], [ 0.809017, -0.309017, 0.5, 0.0, 0.309017, -0.5, -0.809017, 0.0, 0.5, 0.809017, -0.309017, 0.0, 0.0, 0.0, 0.0, 1.0 ], [ 0.809017, 0.309017, -0.5, 0.0, 0.309017, 0.5, 0.809017, 0.0, 0.5, -0.809017, 0.309017, 0.0, 0.0, 0.0, 0.0, 1.0 ], [ 0.5, -0.809017, 0.309017, 0.0, 0.809017, 0.309017, -0.5, 0.0, 0.309017, 0.5, 0.809017, 0.0, 0.0, 0.0, 0.0, 1.0 ], [ 0.309017, 0.5, 0.809017, 0.0, 0.5, -0.809017, 0.309017, 0.0, 0.809017, 0.309017, -0.5, 0.0, 0.0, 0.0, 0.0, 1.0 ], [ 1.0, 0.0, 0.0, 0.0, 0.0, -1.0, 0.0, 0.0, 0.0, 0.0, -1.0, 0.0, 0.0, 0.0, 0.0, 1.0 ], [ 0.0, 0.0, 1.0, 0.0, -1.0, 0.0, 0.0, 0.0, 0.0, -1.0, 0.0, 0.0, 0.0, 0.0, 0.0, 1.0 ], [ 0.0, 1.0, 0.0, 0.0, 0.0, 0.0, -1.0, 0.0, -1.0, 0.0, 0.0, 0.0, 0.0, 0.0, 0.0, 1.0 ], [ 0.809017, 0.309017, 0.5, 0.0, -0.309017, -0.5, 0.809017, 0.0, 0.5, -0.809017, -0.309017, 0.0, 0.0, 0.0, 0.0, 1.0 ], [ -0.5, 0.809017, 0.309017, 0.0, -0.809017, -0.309017, -0.5, 0.0, -0.309017, -0.5, 0.809017, 0.0, 0.0, 0.0, 0.0, 1.0 ], [ 0.309017, 0.5, -0.809017, 0.0, 0.5, -0.809017, -0.309017, 0.0, -0.809017, -0.309017, -0.5, 0.0, 0.0, 0.0, 0.0, 1.0 ], [ 0.5, 0.809017, 0.309017, 0.0, -0.809017, 0.309017, 0.5, 0.0, 0.309017, -0.5, 0.809017, 0.0, 0.0, 0.0, 0.0, 1.0 ], [ -0.309017, 0.5, -0.809017, 0.0, -0.5, -0.809017, -0.309017, 0.0, -0.809017, 0.309017, 0.5, 0.0, 0.0, 0.0, 0.0, 1.0 ], [ 0.809017, -0.309017, -0.5, 0.0, 0.309017, -0.5, 0.809017, 0.0, -0.5, -0.809017, -0.309017, 0.0, 0.0, 0.0, 0.0, 1.0 ], [ 0.5, 0.809017, -0.309017, 0.0, -0.809017, 0.309017, -0.5, 0.0, -0.309017, 0.5, 0.809017, 0.0, 0.0, 0.0, 0.0, 1.0 ], [ 0.309017, -0.5, -0.809017, 0.0, -0.5, -0.809017, 0.309017, 0.0, -0.809017, 0.309017, -0.5, 0.0, 0.0, 0.0, 0.0, 1.0 ], [ 0.809017, -0.309017, 0.5, 0.0, -0.309017, 0.5, 0.809017, 0.0, -0.5, -0.809017, 0.309017, 0.0, 0.0, 0.0, 0.0, 1.0 ], [ 0.809017, 0.309017, -0.5, 0.0, -0.309017, -0.5, -0.809017, 0.0, -0.5, 0.809017, -0.309017, 0.0, 0.0, 0.0, 0.0, 1.0 ], [ 0.5, -0.809017, 0.309017, 0.0, -0.809017, -0.309017, 0.5, 0.0, -0.309017, -0.5, -0.809017, 0.0, 0.0, 0.0, 0.0, 1.0 ], [ 0.309017, 0.5, 0.809017, 0.0, -0.5, 0.809017, -0.309017, 0.0, -0.809017, -0.309017, 0.5, 0.0, 0.0, 0.0, 0.0, 1.0 ], [ -1.0, 0.0, 0.0, 0.0, 0.0, -1.0, 0.0, 0.0, 0.0, 0.0, 1.0, 0.0, 0.0, 0.0, 0.0, 1.0 ], [ 0.0, 0.0, -1.0, 0.0, -1.0, 0.0, 0.0, 0.0, 0.0, 1.0, 0.0, 0.0, 0.0, 0.0, 0.0, 1.0 ], [ 0.0, -1.0, 0.0, 0.0, 0.0, 0.0, -1.0, 0.0, 1.0, 0.0, 0.0, 0.0, 0.0, 0.0, 0.0, 1.0 ], [ -0.809017, -0.309017, -0.5, 0.0, -0.309017, -0.5, 0.809017, 0.0, -0.5, 0.809017, 0.309017, 0.0, 0.0, 0.0, 0.0, 1.0 ], [ 0.5, -0.809017, -0.309017, 0.0, -0.809017, -0.309017, -0.5, 0.0, 0.309017, 0.5, -0.809017, 0.0, 0.0, 0.0, 0.0, 1.0 ], [ -0.309017, -0.5, 0.809017, 0.0, 0.5, -0.809017, -0.309017, 0.0, 0.809017, 0.309017, 0.5, 0.0, 0.0, 0.0, 0.0, 1.0 ], [ -0.5, -0.809017, -0.309017, 0.0, -0.809017, 0.309017, 0.5, 0.0, -0.309017, 0.5, -0.809017, 0.0, 0.0, 0.0, 0.0, 1.0 ], [ 0.309017, -0.5, 0.809017, 0.0, -0.5, -0.809017, -0.309017, 0.0, 0.809017, -0.309017, -0.5, 0.0, 0.0, 0.0, 0.0, 1.0 ], [ -0.809017, 0.309017, 0.5, 0.0, 0.309017, -0.5, 0.809017, 0.0, 0.5, 0.809017, 0.309017, 0.0, 0.0, 0.0, 0.0, 1.0 ], [ -0.5, -0.809017, 0.309017, 0.0, -0.809017, 0.309017, -0.5, 0.0, 0.309017, -0.5, -0.809017, 0.0, 0.0, 0.0, 0.0, 1.0 ], [ -0.309017, 0.5, 0.809017, 0.0, -0.5, -0.809017, 0.309017, 0.0, 0.809017, -0.309017, 0.5, 0.0, 0.0, 0.0, 0.0, 1.0 ], [ -0.809017, 0.309017, -0.5, 0.0, -0.309017, 0.5, 0.809017, 0.0, 0.5, 0.809017, -0.309017, 0.0, 0.0, 0.0, 0.0, 1.0 ], [ -0.809017, -0.309017, 0.5, 0.0, -0.309017, -0.5, -0.809017, 0.0, 0.5, -0.809017, 0.309017, 0.0, 0.0, 0.0, 0.0, 1.0 ], [ -0.5, 0.809017, -0.309017, 0.0, -0.809017, -0.309017, 0.5, 0.0, 0.309017, 0.5, 0.809017, 0.0, 0.0, 0.0, 0.0, 1.0 ], [ -0.309017, -0.5, -0.809017, 0.0, -0.5, 0.809017, -0.309017, 0.0, 0.809017, 0.309017, -0.5, 0.0, 0.0, 0.0, 0.0, 1.0 ], [ -1.0, 0.0, 0.0, 0.0, 0.0, 1.0, 0.0, 0.0, 0.0, 0.0, -1.0, 0.0, 0.0, 0.0, 0.0, 1.0 ], [ 0.0, 0.0, -1.0, 0.0, 1.0, 0.0, 0.0, 0.0, 0.0, -1.0, 0.0, 0.0, 0.0, 0.0, 0.0, 1.0 ], [ 0.0, -1.0, 0.0, 0.0, 0.0, 0.0, 1.0, 0.0, -1.0, 0.0, 0.0, 0.0, 0.0, 0.0, 0.0, 1.0 ], [ -0.809017, -0.309017, -0.5, 0.0, 0.309017, 0.5, -0.809017, 0.0, 0.5, -0.809017, -0.309017, 0.0, 0.0, 0.0, 0.0, 1.0 ], [ 0.5, -0.809017, -0.309017, 0.0, 0.809017, 0.309017, 0.5, 0.0, -0.309017, -0.5, 0.809017, 0.0, 0.0, 0.0, 0.0, 1.0 ], [ -0.309017, -0.5, 0.809017, 0.0, -0.5, 0.809017, 0.309017, 0.0, -0.809017, -0.309017, -0.5, 0.0, 0.0, 0.0, 0.0, 1.0 ], [ -0.5, -0.809017, -0.309017, 0.0, 0.809017, -0.309017, -0.5, 0.0, 0.309017, -0.5, 0.809017, 0.0, 0.0, 0.0, 0.0, 1.0 ], [ 0.309017, -0.5, 0.809017, 0.0, 0.5, 0.809017, 0.309017, 0.0, -0.809017, 0.309017, 0.5, 0.0, 0.0, 0.0, 0.0, 1.0 ], [ -0.809017, 0.309017, 0.5, 0.0, -0.309017, 0.5, -0.809017, 0.0, -0.5, -0.809017, -0.309017, 0.0, 0.0, 0.0, 0.0, 1.0 ], [ -0.5, -0.809017, 0.309017, 0.0, 0.809017, -0.309017, 0.5, 0.0, -0.309017, 0.5, 0.809017, 0.0, 0.0, 0.0, 0.0, 1.0 ], [ -0.309017, 0.5, 0.809017, 0.0, 0.5, 0.809017, -0.309017, 0.0, -0.809017, 0.309017, -0.5, 0.0, 0.0, 0.0, 0.0, 1.0 ], [ -0.809017, 0.309017, -0.5, 0.0, 0.309017, -0.5, -0.809017, 0.0, -0.5, -0.809017, 0.309017, 0.0, 0.0, 0.0, 0.0, 1.0 ], [ -0.809017, -0.309017, 0.5, 0.0, 0.309017, 0.5, 0.809017, 0.0, -0.5, 0.809017, -0.309017, 0.0, 0.0, 0.0, 0.0, 1.0 ], [ -0.5, 0.809017, -0.309017, 0.0, 0.809017, 0.309017, -0.5, 0.0, -0.309017, -0.5, -0.809017, 0.0, 0.0, 0.0, 0.0, 1.0 ], [ -0.309017, -0.5, -0.809017, 0.0, 0.5, -0.809017, 0.309017, 0.0, -0.809017, -0.309017, 0.5, 0.0, 0.0, 0.0, 0.0, 1.0 ] ],
  "lights" : {
    "directionalLights" : [ {
      "direction" : {
        "x" : 1.0,
        "y" : -1.0,
        "z" : -1.0
      },
      "color" : "#EBEBE4"
    }, {
      "direction" : {
        "x" : -1.0,
        "y" : 0.0,
        "z" : 0.0
      },
      "color" : "#E4E4EB"
    }, {
      "direction" : {
        "x" : 0.0,
        "y" : 0.0,
        "z" : -1.0
      },
      "color" : "#1E1E1E"
    } ],
    "backgroundColor" : "#AFC8DC",
    "ambientColor" : "#292929"
  },
  "camera" : {
    "position" : {
      "x" : 0.0,
      "y" : 0.0,
      "z" : 122.59417
    },
    "width" : 55.16748,
    "lookAtPoint" : {
      "x" : 0.0,
      "y" : 0.0,
      "z" : 0.0
    },
    "perspective" : false,
    "fieldOfView" : 0.4426297,
    "viewDistance" : 122.59417,
    "nearClipDistance" : 0.30648556,
    "farClipDistance" : 245.18887,
    "lookDirection" : {
      "x" : 0.0,
      "y" : 0.0,
      "z" : -1.0
    },
    "stereo" : false,
    "upDirection" : {
      "x" : 0.0,
      "y" : 1.0,
      "z" : 0.0
    }
  },
  "embedding" : [ 1.0, 0.0, 0.0, 0.0, 0.0, 1.0, 0.0, 0.0, 0.0, 0.0, 1.0, 0.0, 0.0, 0.0, 0.0, 1.0 ],
  "shapes" : [ {
    "id" : "4f3c6f6d-e136-486f-b85d-a934515a37e8",
    "vertices" : [ {
      "x" : 7.715905,
      "y" : 2.9472136,
      "z" : -1.1257354
    }, {
      "x" : 7.3339396,
      "y" : 2.4922986,
      "z" : -0.9347524
    }, {
      "x" : 7.17082,
      "y" : 2.7562306,
      "z" : -1.3618034
    }, {
      "x" : 7.0978713,
      "y" : 3.0201626,
      "z" : -1.1708204
    }, {
      "x" : 0.85410196,
      "y" : 0.309017,
      "z" : 0.19098301
    }, {
      "x" : 0.690983,
      "y" : 0.572949,
      "z" : -0.23606798
    }, {
      "x" : 0.309017,
      "y" : 0.11803399,
      "z" : -0.045084972
    }, {
      "x" : 0.76393205,
      "y" : 0.309017,
      "z" : -0.42705098
    }, {
      "x" : 0.927051,
      "y" : 0.045084972,
      "z" : 0.0
    }, {
      "x" : 7.26099,
      "y" : 2.7562306,
      "z" : -0.7437694
    }, {
      "x" : 8.024922,
      "y" : 3.0652475,
      "z" : -1.1708204
    } ],
    "faces" : [ {
      "vertices" : [ 2, 7, 5 ]
    }, {
      "vertices" : [ 2, 5, 3 ]
    }, {
      "vertices" : [ 1, 8, 7 ]
    }, {
      "vertices" : [ 1, 7, 2 ]
    }, {
      "vertices" : [ 4, 6, 8 ]
    }, {
      "vertices" : [ 5, 7, 6 ]
    }, {
      "vertices" : [ 0, 1, 2 ]
    }, {
      "vertices" : [ 0, 2, 3 ]
    }, {
      "vertices" : [ 6, 7, 8 ]
    }, {
      "vertices" : [ 3, 5, 4 ]
    }, {
      "vertices" : [ 3, 4, 9 ]
    }, {
      "vertices" : [ 1, 9, 4 ]
    }, {
      "vertices" : [ 1, 4, 8 ]
    }, {
      "vertices" : [ 0, 9, 1 ]
    }, {
      "vertices" : [ 0, 3, 9 ]
    }, {
      "vertices" : [ 4, 5, 6 ]
    } ]
  }, {
    "id" : "f22954c6-62c0-44be-8acc-f1bf1602a729",
    "vertices" : [ {
      "x" : 1.0,
      "y" : 0.309017,
      "z" : 0.19098301
    }, {
      "x" : 1.0,
      "y" : -0.309017,
      "z" : 0.19098301
    }, {
      "x" : 8.91935,
      "y" : -0.309017,
      "z" : 0.19098301
    }, {
      "x" : 8.91935,
      "y" : 0.309017,
      "z" : 0.19098301
    }, {
      "x" : 8.91935,
      "y" : -0.309017,
      "z" : -0.19098301
    }, {
      "x" : 8.91935,
      "y" : 0.309017,
      "z" : -0.19098301
    }, {
      "x" : 9.537383,
      "y" : 0.0,
      "z" : 0.0
    }, {
      "x" : 0.38196602,
      "y" : 0.0,
      "z" : 0.0
    }, {
      "x" : 1.0,
      "y" : 0.309017,
      "z" : -0.19098301
    }, {
      "x" : 1.0,
      "y" : -0.309017,
      "z" : -0.19098301
    }, {
      "x" : 9.91935,
      "y" : 0.0,
      "z" : 0.0
    } ],
    "faces" : [ {
      "vertices" : [ 1, 9, 4 ]
    }, {
      "vertices" : [ 1, 4, 2 ]
    }, {
      "vertices" : [ 0, 3, 5 ]
    }, {
      "vertices" : [ 0, 5, 8 ]
    }, {
      "vertices" : [ 1, 7, 9 ]
    }, {
      "vertices" : [ 0, 1, 2 ]
    }, {
      "vertices" : [ 0, 2, 3 ]
    }, {
      "vertices" : [ 7, 8, 9 ]
    }, {
      "vertices" : [ 0, 7, 1 ]
    }, {
      "vertices" : [ 4, 9, 8 ]
    }, {
      "vertices" : [ 4, 8, 5 ]
    }, {
      "vertices" : [ 2, 6, 3 ]
    }, {
      "vertices" : [ 2, 4, 6 ]
    }, {
      "vertices" : [ 3, 6, 5 ]
    }, {
      "vertices" : [ 4, 5, 6 ]
    }, {
      "vertices" : [ 0, 8, 7 ]
    } ]
  }, {
    "id" : "a2a7d600-5c82-487e-9e2a-dcad9dcafd06",
    "vertices" : [ {
      "x" : 4.959675,
      "y" : -12.984597,
      "z" : 0.0
    }, {
      "x" : 8.024922,
      "y" : -8.024922,
      "z" : -8.024922
    }, {
      "x" : 11.09017,
      "y" : -6.854102,
      "z" : 0.0
    } ],
    "faces" : [ {
      "vertices" : [ 0, 1, 2 ]
    }, {
      "vertices" : [ 0, 2, 1 ]
    } ]
  }, {
    "id" : "929e39a1-c5ae-4458-8e6c-e938c5aa79d0",
    "vertices" : [ {
      "x" : 16.688042,
      "y" : 6.3742647,
      "z" : -2.4347525
    }, {
      "x" : 16.306076,
      "y" : 5.9193497,
      "z" : -2.2437694
    }, {
      "x" : 16.142956,
      "y" : 6.1832814,
      "z" : -2.6708205
    }, {
      "x" : 16.070007,
      "y" : 6.4472136,
      "z" : -2.4798374
    }, {
      "x" : 0.85410196,
      "y" : 0.309017,
      "z" : 0.19098301
    }, {
      "x" : 0.690983,
      "y" : 0.572949,
      "z" : -0.23606798
    }, {
      "x" : 0.309017,
      "y" : 0.11803399,
      "z" : -0.045084972
    }, {
      "x" : 0.76393205,
      "y" : 0.309017,
      "z" : -0.42705098
    }, {
      "x" : 0.927051,
      "y" : 0.045084972,
      "z" : 0.0
    }, {
      "x" : 16.233126,
      "y" : 6.1832814,
      "z" : -2.0527864
    }, {
      "x" : 16.997059,
      "y" : 6.4922986,
      "z" : -2.4798374
    } ],
    "faces" : [ {
      "vertices" : [ 2, 7, 5 ]
    }, {
      "vertices" : [ 2, 5, 3 ]
    }, {
      "vertices" : [ 1, 8, 7 ]
    }, {
      "vertices" : [ 1, 7, 2 ]
    }, {
      "vertices" : [ 4, 6, 8 ]
    }, {
      "vertices" : [ 5, 7, 6 ]
    }, {
      "vertices" : [ 0, 1, 2 ]
    }, {
      "vertices" : [ 0, 2, 3 ]
    }, {
      "vertices" : [ 6, 7, 8 ]
    }, {
      "vertices" : [ 3, 5, 4 ]
    }, {
      "vertices" : [ 3, 4, 9 ]
    }, {
      "vertices" : [ 1, 9, 4 ]
    }, {
      "vertices" : [ 1, 4, 8 ]
    }, {
      "vertices" : [ 0, 9, 1 ]
    }, {
      "vertices" : [ 0, 3, 9 ]
    }, {
      "vertices" : [ 4, 5, 6 ]
    } ]
  }, {
    "id" : "63d9ed1d-dee6-49c9-8125-f31f260a11c9",
    "vertices" : [ {
      "x" : -6.854102,
      "y" : 0.0,
      "z" : 11.09017
    }, {
      "x" : -8.024922,
      "y" : 8.024922,
      "z" : 8.024922
    }, {
      "x" : -12.984597,
      "y" : 0.0,
      "z" : 4.959675
    } ],
    "faces" : [ {
      "vertices" : [ 0, 1, 2 ]
    }, {
      "vertices" : [ 0, 2, 1 ]
    } ]
  }, {
    "id" : "a09acc5a-7a23-4ee1-99df-66cef81b7b39",
    "vertices" : [ {
      "x" : -11.09017,
      "y" : 6.854102,
      "z" : 0.0
    }, {
      "x" : -12.984597,
      "y" : 0.0,
      "z" : 4.959675
    }, {
      "x" : -8.024922,
      "y" : 8.024922,
      "z" : 8.024922
    } ],
    "faces" : [ {
      "vertices" : [ 0, 1, 2 ]
    }, {
      "vertices" : [ 0, 2, 1 ]
    } ]
  }, {
    "id" : "6fcc0acf-d15a-42f8-ad33-f6e584b2d459",
    "vertices" : [ {
      "x" : -0.309017,
      "y" : -0.19098301,
      "z" : 0.0
    }, {
      "x" : -0.309017,
      "y" : 0.19098301,
      "z" : 0.0
    }, {
      "x" : -0.19098301,
      "y" : 0.0,
      "z" : -0.309017
    }, {
      "x" : -0.19098301,
      "y" : 0.0,
      "z" : 0.309017
    }, {
      "x" : 0.0,
      "y" : -0.309017,
      "z" : -0.19098301
    }, {
      "x" : 0.0,
      "y" : -0.309017,
      "z" : 0.19098301
    }, {
      "x" : 0.0,
      "y" : 0.309017,
      "z" : -0.19098301
    }, {
      "x" : 0.0,
      "y" : 0.309017,
      "z" : 0.19098301
    }, {
      "x" : 0.19098301,
      "y" : 0.0,
      "z" : -0.309017
    }, {
      "x" : 0.19098301,
      "y" : 0.0,
      "z" : 0.309017
    }, {
      "x" : 0.309017,
      "y" : -0.19098301,
      "z" : 0.0
    }, {
      "x" : 0.309017,
      "y" : 0.19098301,
      "z" : 0.0
    } ],
    "faces" : [ {
      "vertices" : [ 0, 1, 2 ]
    }, {
      "vertices" : [ 0, 3, 1 ]
    }, {
      "vertices" : [ 0, 2, 4 ]
    }, {
      "vertices" : [ 0, 5, 3 ]
    }, {
      "vertices" : [ 0, 4, 5 ]
    }, {
      "vertices" : [ 1, 6, 2 ]
    }, {
      "vertices" : [ 1, 3, 7 ]
    }, {
      "vertices" : [ 1, 7, 6 ]
    }, {
      "vertices" : [ 2, 8, 4 ]
    }, {
      "vertices" : [ 2, 6, 8 ]
    }, {
      "vertices" : [ 3, 5, 9 ]
    }, {
      "vertices" : [ 3, 9, 7 ]
    }, {
      "vertices" : [ 4, 10, 5 ]
    }, {
      "vertices" : [ 4, 8, 10 ]
    }, {
      "vertices" : [ 5, 10, 9 ]
    }, {
      "vertices" : [ 6, 7, 11 ]
    }, {
      "vertices" : [ 6, 11, 8 ]
    }, {
      "vertices" : [ 7, 9, 11 ]
    }, {
      "vertices" : [ 8, 11, 10 ]
    }, {
      "vertices" : [ 9, 10, 11 ]
    } ]
  }, {
    "id" : "16e760a9-724a-48f9-930f-d0f357ec505f",
    "vertices" : [ {
      "x" : 1.0,
      "y" : 0.309017,
      "z" : 0.19098301
    }, {
      "x" : 1.0,
      "y" : -0.309017,
      "z" : 0.19098301
    }, {
      "x" : 15.049845,
      "y" : -0.309017,
      "z" : 0.19098301
    }, {
      "x" : 15.049845,
      "y" : 0.309017,
      "z" : 0.19098301
    }, {
      "x" : 15.049845,
      "y" : -0.309017,
      "z" : -0.19098301
    }, {
      "x" : 15.049845,
      "y" : 0.309017,
      "z" : -0.19098301
    }, {
      "x" : 15.667879,
      "y" : 0.0,
      "z" : 0.0
    }, {
      "x" : 0.38196602,
      "y" : 0.0,
      "z" : 0.0
    }, {
      "x" : 1.0,
      "y" : 0.309017,
      "z" : -0.19098301
    }, {
      "x" : 1.0,
      "y" : -0.309017,
      "z" : -0.19098301
    }, {
      "x" : 16.049845,
      "y" : 0.0,
      "z" : 0.0
    } ],
    "faces" : [ {
      "vertices" : [ 1, 9, 4 ]
    }, {
      "vertices" : [ 1, 4, 2 ]
    }, {
      "vertices" : [ 0, 3, 5 ]
    }, {
      "vertices" : [ 0, 5, 8 ]
    }, {
      "vertices" : [ 1, 7, 9 ]
    }, {
      "vertices" : [ 0, 1, 2 ]
    }, {
      "vertices" : [ 0, 2, 3 ]
    }, {
      "vertices" : [ 7, 8, 9 ]
    }, {
      "vertices" : [ 0, 7, 1 ]
    }, {
      "vertices" : [ 4, 9, 8 ]
    }, {
      "vertices" : [ 4, 8, 5 ]
    }, {
      "vertices" : [ 2, 6, 3 ]
    }, {
      "vertices" : [ 2, 4, 6 ]
    }, {
      "vertices" : [ 3, 6, 5 ]
    }, {
      "vertices" : [ 4, 5, 6 ]
    }, {
      "vertices" : [ 0, 8, 7 ]
    } ]
  }, {
    "id" : "beb2a822-d733-4d6f-9138-f095513e2adb",
    "vertices" : [ {
      "x" : -12.984597,
      "y" : 0.0,
      "z" : -4.959675
    }, {
      "x" : -11.09017,
      "y" : 6.854102,
      "z" : 0.0
    }, {
      "x" : -8.024922,
      "y" : 8.024922,
      "z" : -8.024922
    } ],
    "faces" : [ {
      "vertices" : [ 0, 1, 2 ]
    }, {
      "vertices" : [ 0, 2, 1 ]
    } ]
  }, {
    "id" : "54bae75e-33d7-49ec-9b57-8386fc5d9545",
    "vertices" : [ {
      "x" : 8.024922,
      "y" : -8.024922,
      "z" : -8.024922
    }, {
      "x" : 12.984597,
      "y" : 0.0,
      "z" : -4.959675
    }, {
      "x" : 11.09017,
      "y" : -6.854102,
      "z" : 0.0
    } ],
    "faces" : [ {
      "vertices" : [ 0, 1, 2 ]
    }, {
      "vertices" : [ 0, 2, 1 ]
    } ]
  }, {
    "id" : "f8150ac3-ff76-4fce-8368-9d58f1137e78",
    "vertices" : [ {
      "x" : 6.854102,
      "y" : 0.0,
      "z" : -11.09017
    }, {
      "x" : 0.0,
      "y" : 4.959675,
      "z" : -12.984597
    }, {
      "x" : 8.024922,
      "y" : 8.024922,
      "z" : -8.024922
    } ],
    "faces" : [ {
      "vertices" : [ 0, 1, 2 ]
    }, {
      "vertices" : [ 0, 2, 1 ]
    } ]
  }, {
    "id" : "b210d23f-2756-4f65-8c88-b3b47b50b669",
    "vertices" : [ {
      "x" : 6.854102,
      "y" : 0.0,
      "z" : 11.09017
    }, {
      "x" : 8.024922,
      "y" : -8.024922,
      "z" : 8.024922
    }, {
      "x" : 12.984597,
      "y" : 0.0,
      "z" : 4.959675
    } ],
    "faces" : [ {
      "vertices" : [ 0, 1, 2 ]
    }, {
      "vertices" : [ 0, 2, 1 ]
    } ]
  }, {
    "id" : "e47a6084-1db3-4944-91b7-e8f169d9b6d6",
    "vertices" : [ {
      "x" : 1.0,
      "y" : 0.309017,
      "z" : 0.19098301
    }, {
      "x" : 1.0,
      "y" : -0.309017,
      "z" : 0.19098301
    }, {
      "x" : 12.708204,
      "y" : -0.309017,
      "z" : 0.19098301
    }, {
      "x" : 12.708204,
      "y" : 0.309017,
      "z" : 0.19098301
    }, {
      "x" : 12.708204,
      "y" : -0.309017,
      "z" : -0.19098301
    }, {
      "x" : 12.708204,
      "y" : 0.309017,
      "z" : -0.19098301
    }, {
      "x" : 13.326238,
      "y" : 0.0,
      "z" : 0.0
    }, {
      "x" : 0.38196602,
      "y" : 0.0,
      "z" : 0.0
    }, {
      "x" : 1.0,
      "y" : 0.309017,
      "z" : -0.19098301
    }, {
      "x" : 1.0,
      "y" : -0.309017,
      "z" : -0.19098301
    }, {
      "x" : 13.708204,
      "y" : 0.0,
      "z" : 0.0
    } ],
    "faces" : [ {
      "vertices" : [ 1, 9, 4 ]
    }, {
      "vertices" : [ 1, 4, 2 ]
    }, {
      "vertices" : [ 0, 3, 5 ]
    }, {
      "vertices" : [ 0, 5, 8 ]
    }, {
      "vertices" : [ 1, 7, 9 ]
    }, {
      "vertices" : [ 0, 1, 2 ]
    }, {
      "vertices" : [ 0, 2, 3 ]
    }, {
      "vertices" : [ 7, 8, 9 ]
    }, {
      "vertices" : [ 0, 7, 1 ]
    }, {
      "vertices" : [ 4, 9, 8 ]
    }, {
      "vertices" : [ 4, 8, 5 ]
    }, {
      "vertices" : [ 2, 6, 3 ]
    }, {
      "vertices" : [ 2, 4, 6 ]
    }, {
      "vertices" : [ 3, 6, 5 ]
    }, {
      "vertices" : [ 4, 5, 6 ]
    }, {
      "vertices" : [ 0, 8, 7 ]
    } ]
  }, {
    "id" : "5d199e17-c0bc-4847-b6dc-de178cb044ad",
    "vertices" : [ {
      "x" : -8.024922,
      "y" : -8.024922,
      "z" : -8.024922
    }, {
      "x" : -11.09017,
      "y" : -6.854102,
      "z" : 0.0
    }, {
      "x" : -12.984597,
      "y" : 0.0,
      "z" : -4.959675
    } ],
    "faces" : [ {
      "vertices" : [ 0, 1, 2 ]
    }, {
      "vertices" : [ 0, 2, 1 ]
    } ]
  }, {
    "id" : "213feb86-fb22-4a69-916d-00d37de468b6",
    "vertices" : [ {
      "x" : 20.700502,
      "y" : 7.9068885,
      "z" : -3.0201626
    }, {
      "x" : 20.318537,
      "y" : 7.4519734,
      "z" : -2.8291795
    }, {
      "x" : 20.155418,
      "y" : 7.715905,
      "z" : -3.2562306
    }, {
      "x" : 20.082468,
      "y" : 7.9798374,
      "z" : -3.0652475
    }, {
      "x" : 0.85410196,
      "y" : 0.309017,
      "z" : 0.19098301
    }, {
      "x" : 0.690983,
      "y" : 0.572949,
      "z" : -0.23606798
    }, {
      "x" : 0.309017,
      "y" : 0.11803399,
      "z" : -0.045084972
    }, {
      "x" : 0.76393205,
      "y" : 0.309017,
      "z" : -0.42705098
    }, {
      "x" : 0.927051,
      "y" : 0.045084972,
      "z" : 0.0
    }, {
      "x" : 20.245588,
      "y" : 7.715905,
      "z" : -2.6381967
    }, {
      "x" : 21.00952,
      "y" : 8.024922,
      "z" : -3.0652475
    } ],
    "faces" : [ {
      "vertices" : [ 2, 7, 5 ]
    }, {
      "vertices" : [ 2, 5, 3 ]
    }, {
      "vertices" : [ 1, 8, 7 ]
    }, {
      "vertices" : [ 1, 7, 2 ]
    }, {
      "vertices" : [ 4, 6, 8 ]
    }, {
      "vertices" : [ 5, 7, 6 ]
    }, {
      "vertices" : [ 0, 1, 2 ]
    }, {
      "vertices" : [ 0, 2, 3 ]
    }, {
      "vertices" : [ 6, 7, 8 ]
    }, {
      "vertices" : [ 3, 5, 4 ]
    }, {
      "vertices" : [ 3, 4, 9 ]
    }, {
      "vertices" : [ 1, 9, 4 ]
    }, {
      "vertices" : [ 1, 4, 8 ]
    }, {
      "vertices" : [ 0, 9, 1 ]
    }, {
      "vertices" : [ 0, 3, 9 ]
    }, {
      "vertices" : [ 4, 5, 6 ]
    } ]
  }, {
    "id" : "d22a0d17-57d8-460a-991d-ddf474ea320e",
    "vertices" : [ {
      "x" : -6.854102,
      "y" : 0.0,
      "z" : 11.09017
    }, {
      "x" : -12.984597,
      "y" : 0.0,
      "z" : 4.959675
    }, {
      "x" : -8.024922,
      "y" : -8.024922,
      "z" : 8.024922
    } ],
    "faces" : [ {
      "vertices" : [ 0, 1, 2 ]
    }, {
      "vertices" : [ 0, 2, 1 ]
    } ]
  }, {
    "id" : "8c347add-eb28-4aae-8731-b8d3c4b8513f",
    "vertices" : [ {
      "x" : 6.854102,
      "y" : 0.0,
      "z" : -11.09017
    }, {
      "x" : 12.984597,
      "y" : 0.0,
      "z" : -4.959675
    }, {
      "x" : 8.024922,
      "y" : -8.024922,
      "z" : -8.024922
    } ],
    "faces" : [ {
      "vertices" : [ 0, 1, 2 ]
    }, {
      "vertices" : [ 0, 2, 1 ]
    } ]
  }, {
    "id" : "e34b6679-c628-499a-9b16-cfa8fe9bcf09",
    "vertices" : [ {
      "x" : 8.024922,
      "y" : 8.024922,
      "z" : -8.024922
    }, {
      "x" : 0.0,
      "y" : 4.959675,
      "z" : -12.984597
    }, {
      "x" : 0.0,
      "y" : 11.09017,
      "z" : -6.854102
    } ],
    "faces" : [ {
      "vertices" : [ 0, 1, 2 ]
    }, {
      "vertices" : [ 0, 2, 1 ]
    } ]
  }, {
    "id" : "a909ea30-0335-4384-87d5-478116b7a9d0",
    "vertices" : [ {
      "x" : 0.0,
      "y" : 4.959675,
      "z" : -12.984597
    }, {
      "x" : -8.024922,
      "y" : 8.024922,
      "z" : -8.024922
    }, {
      "x" : 0.0,
      "y" : 11.09017,
      "z" : -6.854102
    } ],
    "faces" : [ {
      "vertices" : [ 0, 1, 2 ]
    }, {
      "vertices" : [ 0, 2, 1 ]
    } ]
  }, {
    "id" : "4f6da4f7-f11a-40d3-906b-922d3fc40508",
    "vertices" : [ {
      "x" : 0.0,
      "y" : -4.959675,
      "z" : 12.984597
    }, {
      "x" : 0.0,
      "y" : 4.959675,
      "z" : 12.984597
    }, {
      "x" : -6.854102,
      "y" : 0.0,
      "z" : 11.09017
    } ],
    "faces" : [ {
      "vertices" : [ 0, 1, 2 ]
    }, {
      "vertices" : [ 0, 2, 1 ]
    } ]
  }, {
    "id" : "89ec9ca1-f42b-4eb6-a461-32e374d9e7e8",
    "vertices" : [ {
      "x" : 0.0,
      "y" : 11.09017,
      "z" : 6.854102
    }, {
      "x" : -8.024922,
      "y" : 8.024922,
      "z" : 8.024922
    }, {
      "x" : 0.0,
      "y" : 4.959675,
      "z" : 12.984597
    } ],
    "faces" : [ {
      "vertices" : [ 0, 1, 2 ]
    }, {
      "vertices" : [ 0, 2, 1 ]
    } ]
  }, {
    "id" : "041a627d-ac68-46a6-b8b2-62edfa8b96c6",
    "vertices" : [ {
      "x" : -12.984597,
      "y" : 0.0,
      "z" : -4.959675
    }, {
      "x" : -12.984597,
      "y" : 0.0,
      "z" : 4.959675
    }, {
      "x" : -11.09017,
      "y" : 6.854102,
      "z" : 0.0
    } ],
    "faces" : [ {
      "vertices" : [ 0, 1, 2 ]
    }, {
      "vertices" : [ 0, 2, 1 ]
    } ]
  }, {
    "id" : "d9b7ba84-6c97-48ad-a301-ecf8156c418e",
    "vertices" : [ {
      "x" : -12.984597,
      "y" : 0.0,
      "z" : -4.959675
    }, {
      "x" : -8.024922,
      "y" : 8.024922,
      "z" : -8.024922
    }, {
      "x" : -6.854102,
      "y" : 0.0,
      "z" : -11.09017
    } ],
    "faces" : [ {
      "vertices" : [ 0, 1, 2 ]
    }, {
      "vertices" : [ 0, 2, 1 ]
    } ]
  }, {
    "id" : "e74b4916-fc63-4dca-a8b5-daa070e40f21",
    "vertices" : [ {
      "x" : 0.0,
      "y" : -4.959675,
      "z" : -12.984597
    }, {
      "x" : 0.0,
      "y" : -11.09017,
      "z" : -6.854102
    }, {
      "x" : -8.024922,
      "y" : -8.024922,
      "z" : -8.024922
    } ],
    "faces" : [ {
      "vertices" : [ 0, 1, 2 ]
    }, {
      "vertices" : [ 0, 2, 1 ]
    } ]
  }, {
    "id" : "2a0a3d81-5bd2-4b37-adae-1dbcd1d91883",
    "vertices" : [ {
      "x" : 0.0,
      "y" : -4.959675,
      "z" : 12.984597
    }, {
      "x" : -6.854102,
      "y" : 0.0,
      "z" : 11.09017
    }, {
      "x" : -8.024922,
      "y" : -8.024922,
      "z" : 8.024922
    } ],
    "faces" : [ {
      "vertices" : [ 0, 1, 2 ]
    }, {
      "vertices" : [ 0, 2, 1 ]
    } ]
  }, {
    "id" : "31cf1b5b-7b04-412d-90a3-a477f7eb4540",
    "vertices" : [ {
      "x" : 0.0,
      "y" : -4.959675,
      "z" : 12.984597
    }, {
      "x" : 0.0,
      "y" : -11.09017,
      "z" : 6.854102
    }, {
      "x" : 8.024922,
      "y" : -8.024922,
      "z" : 8.024922
    } ],
    "faces" : [ {
      "vertices" : [ 0, 1, 2 ]
    }, {
      "vertices" : [ 0, 2, 1 ]
    } ]
  }, {
    "id" : "64535189-a587-449c-bc03-adbacd6a2d53",
    "vertices" : [ {
      "x" : 12.984597,
      "y" : 0.0,
      "z" : 4.959675
    }, {
      "x" : 8.024922,
      "y" : -8.024922,
      "z" : 8.024922
    }, {
      "x" : 11.09017,
      "y" : -6.854102,
      "z" : 0.0
    } ],
    "faces" : [ {
      "vertices" : [ 0, 1, 2 ]
    }, {
      "vertices" : [ 0, 2, 1 ]
    } ]
  }, {
    "id" : "a3be5c13-71d4-4081-9dc9-9b1dd60795a6",
    "vertices" : [ {
      "x" : -8.024922,
      "y" : -8.024922,
      "z" : 8.024922
    }, {
      "x" : 4.959675,
      "y" : -12.984597,
      "z" : 0.0
    }, {
      "x" : 0.0,
      "y" : -4.959675,
      "z" : -12.984597
    }, {
      "x" : -12.984597,
      "y" : 0.0,
      "z" : -4.959675
    } ],
    "faces" : [ {
      "vertices" : [ 0, 1, 2 ]
    }, {
      "vertices" : [ 0, 2, 3 ]
    }, {
      "vertices" : [ 0, 3, 2 ]
    }, {
      "vertices" : [ 0, 2, 1 ]
    } ]
  }, {
    "id" : "8b4d1e96-21b8-45d7-9fb1-9dd3f30a7c65",
    "vertices" : [ {
      "x" : 11.09017,
      "y" : 6.854102,
      "z" : 0.0
    }, {
      "x" : 4.959675,
      "y" : 12.984597,
      "z" : 0.0
    }, {
      "x" : 8.024922,
      "y" : 8.024922,
      "z" : 8.024922
    } ],
    "faces" : [ {
      "vertices" : [ 0, 1, 2 ]
    }, {
      "vertices" : [ 0, 2, 1 ]
    } ]
  }, {
    "id" : "9e4fa567-d8a4-4352-83e7-3760cbf88b00",
    "vertices" : [ {
      "x" : 6.854102,
      "y" : 0.0,
      "z" : 11.09017
    }, {
      "x" : 0.0,
      "y" : 4.959675,
      "z" : 12.984597
    }, {
      "x" : 0.0,
      "y" : -4.959675,
      "z" : 12.984597
    } ],
    "faces" : [ {
      "vertices" : [ 0, 1, 2 ]
    }, {
      "vertices" : [ 0, 2, 1 ]
    } ]
  }, {
    "id" : "0bfeda48-5c77-4eb0-b78d-5b7a7fbf041c",
    "vertices" : [ {
      "x" : 6.854102,
      "y" : 0.0,
      "z" : 11.09017
    }, {
      "x" : 8.024922,
      "y" : 8.024922,
      "z" : 8.024922
    }, {
      "x" : 0.0,
      "y" : 4.959675,
      "z" : 12.984597
    } ],
    "faces" : [ {
      "vertices" : [ 0, 1, 2 ]
    }, {
      "vertices" : [ 0, 2, 1 ]
    } ]
  }, {
    "id" : "1452c66e-aa01-41ee-b952-a37f160c3213",
    "vertices" : [ {
      "x" : 0.0,
      "y" : -4.959675,
      "z" : -12.984597
    }, {
      "x" : 0.0,
      "y" : 4.959675,
      "z" : -12.984597
    }, {
      "x" : 6.854102,
      "y" : 0.0,
      "z" : -11.09017
    } ],
    "faces" : [ {
      "vertices" : [ 0, 1, 2 ]
    }, {
      "vertices" : [ 0, 2, 1 ]
    } ]
  }, {
    "id" : "3f140d24-70e1-4090-b982-834fafeaa23c",
    "vertices" : [ {
      "x" : 0.0,
      "y" : 11.09017,
      "z" : -6.854102
    }, {
      "x" : -8.024922,
      "y" : 8.024922,
      "z" : -8.024922
    }, {
      "x" : -4.959675,
      "y" : 12.984597,
      "z" : 0.0
    } ],
    "faces" : [ {
      "vertices" : [ 0, 1, 2 ]
    }, {
      "vertices" : [ 0, 2, 1 ]
    } ]
  }, {
    "id" : "32079971-9162-4c7e-a733-0c9eabc71d97",
    "vertices" : [ {
      "x" : 0.0,
      "y" : -4.959675,
      "z" : -12.984597
    }, {
      "x" : 8.024922,
      "y" : -8.024922,
      "z" : -8.024922
    }, {
      "x" : 0.0,
      "y" : -11.09017,
      "z" : -6.854102
    } ],
    "faces" : [ {
      "vertices" : [ 0, 1, 2 ]
    }, {
      "vertices" : [ 0, 2, 1 ]
    } ]
  }, {
    "id" : "07f25c87-ae0a-416b-8c55-f10cbc8d35d8",
    "vertices" : [ {
      "x" : 4.959675,
      "y" : -12.984597,
      "z" : 0.0
    }, {
      "x" : 8.024922,
      "y" : -8.024922,
      "z" : 8.024922
    }, {
      "x" : 0.0,
      "y" : -11.09017,
      "z" : 6.854102
    } ],
    "faces" : [ {
      "vertices" : [ 0, 1, 2 ]
    }, {
      "vertices" : [ 0, 2, 1 ]
    } ]
  }, {
    "id" : "ae0487b0-d861-4308-902a-e9f166296064",
    "vertices" : [ {
      "x" : -8.024922,
      "y" : -8.024922,
      "z" : -8.024922
    }, {
      "x" : 0.0,
      "y" : -11.09017,
      "z" : -6.854102
    }, {
      "x" : -4.959675,
      "y" : -12.984597,
      "z" : 0.0
    } ],
    "faces" : [ {
      "vertices" : [ 0, 1, 2 ]
    }, {
      "vertices" : [ 0, 2, 1 ]
    } ]
  }, {
    "id" : "026d4313-d4f2-4218-8fa1-ac1b0b44d1b3",
    "vertices" : [ {
      "x" : -8.024922,
      "y" : -8.024922,
      "z" : -8.024922
    }, {
      "x" : -12.984597,
      "y" : 0.0,
      "z" : -4.959675
    }, {
      "x" : -6.854102,
      "y" : 0.0,
      "z" : -11.09017
    } ],
    "faces" : [ {
      "vertices" : [ 0, 1, 2 ]
    }, {
      "vertices" : [ 0, 2, 1 ]
    } ]
  }, {
    "id" : "72464560-5213-498f-8389-1e99f2d30dab",
    "vertices" : [ {
      "x" : -11.09017,
      "y" : -6.854102,
      "z" : 0.0
    }, {
      "x" : -8.024922,
      "y" : -8.024922,
      "z" : 8.024922
    }, {
      "x" : -12.984597,
      "y" : 0.0,
      "z" : 4.959675
    } ],
    "faces" : [ {
      "vertices" : [ 0, 1, 2 ]
    }, {
      "vertices" : [ 0, 2, 1 ]
    } ]
  }, {
    "id" : "a0c06781-f511-4ef9-ba36-9c4192ea7e32",
    "vertices" : [ {
      "x" : -6.854102,
      "y" : 0.0,
      "z" : 11.09017
    }, {
      "x" : 0.0,
      "y" : 4.959675,
      "z" : 12.984597
    }, {
      "x" : -8.024922,
      "y" : 8.024922,
      "z" : 8.024922
    } ],
    "faces" : [ {
      "vertices" : [ 0, 1, 2 ]
    }, {
      "vertices" : [ 0, 2, 1 ]
    } ]
  }, {
    "id" : "a2bcedc7-61e7-42c1-8583-826e67884a4b",
    "vertices" : [ {
      "x" : 4.959675,
      "y" : -12.984597,
      "z" : 0.0
    }, {
      "x" : 11.09017,
      "y" : -6.854102,
      "z" : 0.0
    }, {
      "x" : 8.024922,
      "y" : -8.024922,
      "z" : 8.024922
    } ],
    "faces" : [ {
      "vertices" : [ 0, 1, 2 ]
    }, {
      "vertices" : [ 0, 2, 1 ]
    } ]
  }, {
    "id" : "6cf91f75-3a66-4458-9d0e-f11087450fcd",
    "vertices" : [ {
      "x" : 12.984597,
      "y" : 0.0,
      "z" : 4.959675
    }, {
      "x" : 11.09017,
      "y" : 6.854102,
      "z" : 0.0
    }, {
      "x" : 8.024922,
      "y" : 8.024922,
      "z" : 8.024922
    } ],
    "faces" : [ {
      "vertices" : [ 0, 1, 2 ]
    }, {
      "vertices" : [ 0, 2, 1 ]
    } ]
  }, {
    "id" : "ac4ae99d-0365-4cca-be6f-d264d6c84d13",
    "vertices" : [ {
      "x" : -8.024922,
      "y" : -8.024922,
      "z" : -8.024922
    }, {
      "x" : -4.959675,
      "y" : -12.984597,
      "z" : 0.0
    }, {
      "x" : -11.09017,
      "y" : -6.854102,
      "z" : 0.0
    } ],
    "faces" : [ {
      "vertices" : [ 0, 1, 2 ]
    }, {
      "vertices" : [ 0, 2, 1 ]
    } ]
  }, {
    "id" : "86a9a0b8-505c-40f9-a82c-b8b685b97d11",
    "vertices" : [ {
      "x" : -4.959675,
      "y" : -12.984597,
      "z" : 0.0
    }, {
      "x" : -8.024922,
      "y" : -8.024922,
      "z" : 8.024922
    }, {
      "x" : -11.09017,
      "y" : -6.854102,
      "z" : 0.0
    } ],
    "faces" : [ {
      "vertices" : [ 0, 1, 2 ]
    }, {
      "vertices" : [ 0, 2, 1 ]
    } ]
  }, {
    "id" : "fe5a033d-6b2d-4539-a7f5-97e8dce3e637",
    "vertices" : [ {
      "x" : 0.0,
      "y" : -4.959675,
      "z" : -12.984597
    }, {
      "x" : 6.854102,
      "y" : 0.0,
      "z" : -11.09017
    }, {
      "x" : 8.024922,
      "y" : -8.024922,
      "z" : -8.024922
    } ],
    "faces" : [ {
      "vertices" : [ 0, 1, 2 ]
    }, {
      "vertices" : [ 0, 2, 1 ]
    } ]
  }, {
    "id" : "036d22cd-b927-4dbc-9081-f2c2f12ef8d8",
    "vertices" : [ {
      "x" : 0.0,
      "y" : -4.959675,
      "z" : 12.984597
    }, {
      "x" : -8.024922,
      "y" : -8.024922,
      "z" : 8.024922
    }, {
      "x" : 0.0,
      "y" : -11.09017,
      "z" : 6.854102
    } ],
    "faces" : [ {
      "vertices" : [ 0, 1, 2 ]
    }, {
      "vertices" : [ 0, 2, 1 ]
    } ]
  }, {
    "id" : "c7a226f8-5926-47cb-941f-8447c761c10c",
    "vertices" : [ {
      "x" : -11.09017,
      "y" : 6.854102,
      "z" : 0.0
    }, {
      "x" : -4.959675,
      "y" : 12.984597,
      "z" : 0.0
    }, {
      "x" : -8.024922,
      "y" : 8.024922,
      "z" : -8.024922
    } ],
    "faces" : [ {
      "vertices" : [ 0, 1, 2 ]
    }, {
      "vertices" : [ 0, 2, 1 ]
    } ]
  }, {
    "id" : "b2790e31-8982-482b-81f3-c27ea5046232",
    "vertices" : [ {
      "x" : 0.0,
      "y" : 11.09017,
      "z" : 6.854102
    }, {
      "x" : 8.024922,
      "y" : 8.024922,
      "z" : 8.024922
    }, {
      "x" : 4.959675,
      "y" : 12.984597,
      "z" : 0.0
    } ],
    "faces" : [ {
      "vertices" : [ 0, 1, 2 ]
    }, {
      "vertices" : [ 0, 2, 1 ]
    } ]
  }, {
    "id" : "0a7a4afd-fe3f-4358-ac2e-006bd5af9907",
    "vertices" : [ {
      "x" : 8.024922,
      "y" : 8.024922,
      "z" : -8.024922
    }, {
      "x" : 4.959675,
      "y" : 12.984597,
      "z" : 0.0
    }, {
      "x" : 11.09017,
      "y" : 6.854102,
      "z" : 0.0
    } ],
    "faces" : [ {
      "vertices" : [ 0, 1, 2 ]
    }, {
      "vertices" : [ 0, 2, 1 ]
    } ]
  }, {
    "id" : "36df8df1-d9b8-40e3-9a7f-2bbdcfb97764",
    "vertices" : [ {
      "x" : 8.024922,
      "y" : 8.024922,
      "z" : -8.024922
    }, {
      "x" : 11.09017,
      "y" : 6.854102,
      "z" : 0.0
    }, {
      "x" : 12.984597,
      "y" : 0.0,
      "z" : -4.959675
    } ],
    "faces" : [ {
      "vertices" : [ 0, 1, 2 ]
    }, {
      "vertices" : [ 0, 2, 1 ]
    } ]
  }, {
    "id" : "17f4c0e4-b244-4e7c-ba28-15105c4dc433",
    "vertices" : [ {
      "x" : 12.984597,
      "y" : 0.0,
      "z" : 4.959675
    }, {
      "x" : 12.984597,
      "y" : 0.0,
      "z" : -4.959675
    }, {
      "x" : 11.09017,
      "y" : 6.854102,
      "z" : 0.0
    } ],
    "faces" : [ {
      "vertices" : [ 0, 1, 2 ]
    }, {
      "vertices" : [ 0, 2, 1 ]
    } ]
  }, {
    "id" : "274aefd9-0ad5-4344-b30b-f163483dd63f",
    "vertices" : [ {
      "x" : 8.024922,
      "y" : 8.024922,
      "z" : -8.024922
    }, {
      "x" : 0.0,
      "y" : 11.09017,
      "z" : -6.854102
    }, {
      "x" : 4.959675,
      "y" : 12.984597,
      "z" : 0.0
    } ],
    "faces" : [ {
      "vertices" : [ 0, 1, 2 ]
    }, {
      "vertices" : [ 0, 2, 1 ]
    } ]
  }, {
    "id" : "7e803a0a-a26c-4b02-8533-78f9a6bbc486",
    "vertices" : [ {
      "x" : -12.984597,
      "y" : 0.0,
      "z" : -4.959675
    }, {
      "x" : -4.959675,
      "y" : 12.984597,
      "z" : 0.0
    }, {
      "x" : 0.0,
      "y" : 4.959675,
      "z" : 12.984597
    }, {
      "x" : -8.024922,
      "y" : -8.024922,
      "z" : 8.024922
    } ],
    "faces" : [ {
      "vertices" : [ 0, 1, 2 ]
    }, {
      "vertices" : [ 0, 2, 3 ]
    }, {
      "vertices" : [ 0, 3, 2 ]
    }, {
      "vertices" : [ 0, 2, 1 ]
    } ]
  }, {
    "id" : "d6f4183a-196a-4a00-973a-c3358ff22609",
    "vertices" : [ {
      "x" : 6.854102,
      "y" : 0.0,
      "z" : 11.09017
    }, {
      "x" : 0.0,
      "y" : -4.959675,
      "z" : 12.984597
    }, {
      "x" : 8.024922,
      "y" : -8.024922,
      "z" : 8.024922
    } ],
    "faces" : [ {
      "vertices" : [ 0, 1, 2 ]
    }, {
      "vertices" : [ 0, 2, 1 ]
    } ]
  }, {
    "id" : "69ba88c9-7c43-4be8-8025-628d0334b67a",
    "vertices" : [ {
      "x" : 0.0,
      "y" : 11.09017,
      "z" : 6.854102
    }, {
      "x" : 0.0,
      "y" : 4.959675,
      "z" : 12.984597
    }, {
      "x" : 8.024922,
      "y" : 8.024922,
      "z" : 8.024922
    } ],
    "faces" : [ {
      "vertices" : [ 0, 1, 2 ]
    }, {
      "vertices" : [ 0, 2, 1 ]
    } ]
  }, {
    "id" : "649bc38d-9abe-477f-b09b-114f75fb77a5",
    "vertices" : [ {
      "x" : 0.0,
      "y" : 4.959675,
      "z" : 12.984597
    }, {
      "x" : 12.984597,
      "y" : 0.0,
      "z" : 4.959675
    }, {
      "x" : 4.959675,
      "y" : -12.984597,
      "z" : 0.0
    }, {
      "x" : -8.024922,
      "y" : -8.024922,
      "z" : 8.024922
    } ],
    "faces" : [ {
      "vertices" : [ 0, 1, 2 ]
    }, {
      "vertices" : [ 0, 2, 3 ]
    }, {
      "vertices" : [ 0, 3, 2 ]
    }, {
      "vertices" : [ 0, 2, 1 ]
    } ]
  }, {
    "id" : "f04b31e1-71d4-4193-8ad3-3148f3cb396e",
