{
  "field" : "polygon12",
  "symmetry" : "octahedral",
  "orientations" : [ [ 1.0, 0.0, 0.0, 0.0, 0.0, 1.0, 0.0, 0.0, 0.0, 0.0, 1.0, 0.0, 0.0, 0.0, 0.0, 1.0 ], [ 1.0, 0.0, 0.0, 0.0, 0.0, 0.0, 1.0, 0.0, 0.0, -1.0, 0.0, 0.0, 0.0, 0.0, 0.0, 1.0 ], [ 1.0, 0.0, 0.0, 0.0, 0.0, -1.0, 0.0, 0.0, 0.0, 0.0, -1.0, 0.0, 0.0, 0.0, 0.0, 1.0 ], [ 1.0, 0.0, 0.0, 0.0, 0.0, 0.0, -1.0, 0.0, 0.0, 1.0, 0.0, 0.0, 0.0, 0.0, 0.0, 1.0 ], [ 0.0, 1.0, 0.0, 0.0, 0.0, 0.0, 1.0, 0.0, 1.0, 0.0, 0.0, 0.0, 0.0, 0.0, 0.0, 1.0 ], [ 0.0, 1.0, 0.0, 0.0, 1.0, 0.0, 0.0, 0.0, 0.0, 0.0, -1.0, 0.0, 0.0, 0.0, 0.0, 1.0 ], [ 0.0, 1.0, 0.0, 0.0, 0.0, 0.0, -1.0, 0.0, -1.0, 0.0, 0.0, 0.0, 0.0, 0.0, 0.0, 1.0 ], [ 0.0, 1.0, 0.0, 0.0, -1.0, 0.0, 0.0, 0.0, 0.0, 0.0, 1.0, 0.0, 0.0, 0.0, 0.0, 1.0 ], [ 0.0, 0.0, 1.0, 0.0, 1.0, 0.0, 0.0, 0.0, 0.0, 1.0, 0.0, 0.0, 0.0, 0.0, 0.0, 1.0 ], [ 0.0, 0.0, 1.0, 0.0, 0.0, 1.0, 0.0, 0.0, -1.0, 0.0, 0.0, 0.0, 0.0, 0.0, 0.0, 1.0 ], [ 0.0, 0.0, 1.0, 0.0, -1.0, 0.0, 0.0, 0.0, 0.0, -1.0, 0.0, 0.0, 0.0, 0.0, 0.0, 1.0 ], [ 0.0, 0.0, 1.0, 0.0, 0.0, -1.0, 0.0, 0.0, 1.0, 0.0, 0.0, 0.0, 0.0, 0.0, 0.0, 1.0 ], [ -1.0, 0.0, 0.0, 0.0, 0.0, -1.0, 0.0, 0.0, 0.0, 0.0, 1.0, 0.0, 0.0, 0.0, 0.0, 1.0 ], [ -1.0, 0.0, 0.0, 0.0, 0.0, 0.0, 1.0, 0.0, 0.0, 1.0, 0.0, 0.0, 0.0, 0.0, 0.0, 1.0 ], [ -1.0, 0.0, 0.0, 0.0, 0.0, 1.0, 0.0, 0.0, 0.0, 0.0, -1.0, 0.0, 0.0, 0.0, 0.0, 1.0 ], [ -1.0, 0.0, 0.0, 0.0, 0.0, 0.0, -1.0, 0.0, 0.0, -1.0, 0.0, 0.0, 0.0, 0.0, 0.0, 1.0 ], [ 0.0, -1.0, 0.0, 0.0, 0.0, 0.0, -1.0, 0.0, 1.0, 0.0, 0.0, 0.0, 0.0, 0.0, 0.0, 1.0 ], [ 0.0, -1.0, 0.0, 0.0, 1.0, 0.0, 0.0, 0.0, 0.0, 0.0, 1.0, 0.0, 0.0, 0.0, 0.0, 1.0 ], [ 0.0, -1.0, 0.0, 0.0, 0.0, 0.0, 1.0, 0.0, -1.0, 0.0, 0.0, 0.0, 0.0, 0.0, 0.0, 1.0 ], [ 0.0, -1.0, 0.0, 0.0, -1.0, 0.0, 0.0, 0.0, 0.0, 0.0, -1.0, 0.0, 0.0, 0.0, 0.0, 1.0 ], [ 0.0, 0.0, -1.0, 0.0, -1.0, 0.0, 0.0, 0.0, 0.0, 1.0, 0.0, 0.0, 0.0, 0.0, 0.0, 1.0 ], [ 0.0, 0.0, -1.0, 0.0, 0.0, 1.0, 0.0, 0.0, 1.0, 0.0, 0.0, 0.0, 0.0, 0.0, 0.0, 1.0 ], [ 0.0, 0.0, -1.0, 0.0, 1.0, 0.0, 0.0, 0.0, 0.0, -1.0, 0.0, 0.0, 0.0, 0.0, 0.0, 1.0 ], [ 0.0, 0.0, -1.0, 0.0, 0.0, -1.0, 0.0, 0.0, -1.0, 0.0, 0.0, 0.0, 0.0, 0.0, 0.0, 1.0 ] ],
  "lights" : {
    "directionalLights" : [ {
      "direction" : [ 1.0, -1.0, -1.0 ],
      "color" : "#EBEBE4"
    }, {
      "direction" : [ -1.0, 0.0, 0.0 ],
      "color" : "#E4E4EB"
    }, {
      "direction" : [ 0.0, 0.0, -1.0 ],
      "color" : "#1E1E1E"
    } ],
    "backgroundColor" : "#AFC8DC",
    "ambientColor" : "#292929"
  },
  "camera" : {
    "position" : {
      "x" : 0.0,
      "y" : 0.0,
      "z" : 138.22453
    },
    "nearClipDistance" : 0.34556133,
    "viewDistance" : 138.22453,
    "fieldOfView" : 0.44262892,
    "perspective" : false,
    "lookAtPoint" : {
      "x" : 0.0,
      "y" : 0.0,
      "z" : 0.0
    },
    "farClipDistance" : 276.44907,
    "width" : 62.201046,
    "stereo" : false,
    "upDirection" : {
      "x" : 0.0,
      "y" : 1.0,
      "z" : 0.0
    },
    "lookDirection" : {
      "x" : 0.0,
      "y" : 0.0,
      "z" : -1.0
    }
  },
  "embedding" : [ 1.0, 0.0, 0.0, 0.0, 0.0, 1.0, 0.0, 0.0, 0.0, 0.0, 1.0, 0.0, 0.0, 0.0, 0.0, 1.0 ],
  "shapes" : [ {
    "id" : "70c21630-f489-4c69-8309-b98b7f378920",
    "vertices" : [ {
      "x" : -6.5482597,
      "y" : 13.096519,
      "z" : -6.5482597
    }, {
      "x" : -10.153144,
      "y" : 4.2663927,
      "z" : -2.9433756
    }, {
      "x" : -4.2663927,
      "y" : 10.153144,
      "z" : 2.9433756
    } ],
    "faces" : [ {
      "vertices" : [ 0, 1, 2 ]
    }, {
      "vertices" : [ 0, 2, 1 ]
    } ]
  }, {
    "id" : "594c4059-2809-4f51-ac5f-8658ae9e1dee",
    "vertices" : [ {
      "x" : -2.9433756,
      "y" : 4.2663927,
      "z" : -10.153144
    }, {
      "x" : 4.2663927,
      "y" : -2.9433756,
      "z" : -10.153144
    }, {
      "x" : 4.2663927,
      "y" : -10.153144,
      "z" : -2.9433756
    }, {
      "x" : -2.9433756,
      "y" : -10.153144,
      "z" : 4.2663927
    }, {
      "x" : -10.153144,
      "y" : -2.9433756,
      "z" : 4.2663927
    }, {
      "x" : -10.153144,
      "y" : 4.2663927,
      "z" : -2.9433756
    } ],
    "faces" : [ {
      "vertices" : [ 0, 1, 2 ]
    }, {
      "vertices" : [ 0, 2, 3 ]
    }, {
      "vertices" : [ 0, 3, 4 ]
    }, {
      "vertices" : [ 0, 4, 5 ]
    }, {
      "vertices" : [ 0, 5, 4 ]
    }, {
      "vertices" : [ 0, 4, 3 ]
    }, {
      "vertices" : [ 0, 3, 2 ]
    }, {
      "vertices" : [ 0, 2, 1 ]
    } ]
  }, {
    "id" : "75949e55-048f-402e-9e8d-84bd5b74f833",
    "vertices" : [ {
      "x" : -6.5482597,
      "y" : 13.096519,
      "z" : -6.5482597
    }, {
      "x" : -2.9433756,
      "y" : 4.2663927,
      "z" : -10.153144
    }, {
      "x" : -10.153144,
      "y" : 4.2663927,
      "z" : -2.9433756
    } ],
    "faces" : [ {
      "vertices" : [ 0, 1, 2 ]
    }, {
      "vertices" : [ 0, 2, 1 ]
    } ]
  }, {
    "id" : "a3763aa7-bfaf-452c-b457-b28660f62026",
    "vertices" : [ {
      "x" : -10.153144,
      "y" : 4.2663927,
      "z" : -2.9433756
    }, {
      "x" : -10.153144,
      "y" : -2.9433756,
      "z" : 4.2663927
    }, {
      "x" : -4.2663927,
      "y" : 2.9433756,
      "z" : 10.153144
    }, {
      "x" : -4.2663927,
      "y" : 10.153144,
      "z" : 2.9433756
    } ],
    "faces" : [ {
      "vertices" : [ 0, 1, 2 ]
    }, {
      "vertices" : [ 0, 2, 3 ]
    }, {
      "vertices" : [ 0, 3, 2 ]
    }, {
      "vertices" : [ 0, 2, 1 ]
    } ]
  }, {
    "id" : "cc51a211-2d33-4719-b942-82eac7d1e985",
    "vertices" : [ {
      "x" : 10.153144,
      "y" : 2.9433756,
      "z" : -4.2663927
    }, {
      "x" : 10.153144,
      "y" : -4.2663927,
      "z" : 2.9433756
    }, {
      "x" : 13.096519,
      "y" : -6.5482597,
      "z" : -6.5482597
    } ],
    "faces" : [ {
      "vertices" : [ 0, 1, 2 ]
    }, {
      "vertices" : [ 0, 2, 1 ]
    } ]
  }, {
    "id" : "650216fa-3d5b-449c-a8c6-2fb7f404096b",
    "vertices" : [ {
      "x" : 2.9433756,
      "y" : 10.153144,
      "z" : -4.2663927
    }, {
      "x" : 10.153144,
      "y" : 2.9433756,
      "z" : -4.2663927
    }, {
      "x" : 4.2663927,
      "y" : -2.9433756,
      "z" : -10.153144
    }, {
      "x" : -2.9433756,
      "y" : 4.2663927,
      "z" : -10.153144
    } ],
    "faces" : [ {
      "vertices" : [ 0, 1, 2 ]
    }, {
      "vertices" : [ 0, 2, 3 ]
    }, {
      "vertices" : [ 0, 3, 2 ]
    }, {
      "vertices" : [ 0, 2, 1 ]
    } ]
  }, {
    "id" : "17b81510-9323-4451-ac1e-51f5eb3d9e0a",
    "vertices" : [ {
      "x" : -4.2663927,
      "y" : 2.9433756,
      "z" : 10.153144
    }, {
      "x" : 2.9433756,
      "y" : -4.2663927,
      "z" : 10.153144
    }, {
      "x" : 10.153144,
      "y" : -4.2663927,
      "z" : 2.9433756
    }, {
      "x" : 10.153144,
      "y" : 2.9433756,
      "z" : -4.2663927
    }, {
      "x" : 2.9433756,
      "y" : 10.153144,
      "z" : -4.2663927
    }, {
      "x" : -4.2663927,
      "y" : 10.153144,
      "z" : 2.9433756
    } ],
    "faces" : [ {
      "vertices" : [ 0, 1, 2 ]
    }, {
      "vertices" : [ 0, 2, 3 ]
    }, {
      "vertices" : [ 0, 3, 4 ]
    }, {
      "vertices" : [ 0, 4, 5 ]
    }, {
      "vertices" : [ 0, 5, 4 ]
    }, {
      "vertices" : [ 0, 4, 3 ]
    }, {
      "vertices" : [ 0, 3, 2 ]
    }, {
      "vertices" : [ 0, 2, 1 ]
    } ]
  }, {
    "id" : "04cff0a9-f1d0-4ed7-87e8-2f8855d42bf7",
    "vertices" : [ {
      "x" : 4.2663927,
      "y" : -10.153144,
      "z" : -2.9433756
    }, {
      "x" : 13.096519,
      "y" : -6.5482597,
      "z" : -6.5482597
    }, {
      "x" : 10.153144,
      "y" : -4.2663927,
      "z" : 2.9433756
    } ],
    "faces" : [ {
      "vertices" : [ 0, 1, 2 ]
    }, {
      "vertices" : [ 0, 2, 1 ]
    } ]
  }, {
    "id" : "46823956-4f81-47b1-9d98-a30f32ed1d48",
    "vertices" : [ {
      "x" : -6.5482597,
      "y" : 13.096519,
      "z" : -6.5482597
    }, {
      "x" : 2.9433756,
      "y" : 10.153144,
      "z" : -4.2663927
    }, {
      "x" : -2.9433756,
      "y" : 4.2663927,
      "z" : -10.153144
    } ],
    "faces" : [ {
      "vertices" : [ 0, 1, 2 ]
    }, {
      "vertices" : [ 0, 2, 1 ]
    } ]
  }, {
    "id" : "cad01a7c-217f-44d9-ae2d-81ea3f9c7019",
    "vertices" : [ {
      "x" : 2.9433756,
      "y" : -4.2663927,
      "z" : 10.153144
    }, {
      "x" : -2.9433756,
      "y" : -10.153144,
      "z" : 4.2663927
    }, {
      "x" : 4.2663927,
      "y" : -10.153144,
      "z" : -2.9433756
    }, {
      "x" : 10.153144,
      "y" : -4.2663927,
      "z" : 2.9433756
    } ],
    "faces" : [ {
      "vertices" : [ 0, 1, 2 ]
    }, {
      "vertices" : [ 0, 2, 3 ]
    }, {
      "vertices" : [ 0, 3, 2 ]
    }, {
      "vertices" : [ 0, 2, 1 ]
    } ]
  }, {
    "id" : "180de4f2-6119-4295-86d5-57131a0d298d",
    "vertices" : [ {
      "x" : 4.2663927,
      "y" : -2.9433756,
      "z" : -10.153144
    }, {
      "x" : 13.096519,
      "y" : -6.5482597,
      "z" : -6.5482597
    }, {
      "x" : 4.2663927,
      "y" : -10.153144,
      "z" : -2.9433756
    } ],
    "faces" : [ {
      "vertices" : [ 0, 1, 2 ]
    }, {
      "vertices" : [ 0, 2, 1 ]
    } ]
  }, {
    "id" : "1371b9a2-ce8c-4314-9af3-8ed071e3a04a",
    "vertices" : [ {
      "x" : -4.2663927,
      "y" : 10.153144,
      "z" : 2.9433756
    }, {
      "x" : 2.9433756,
      "y" : 10.153144,
      "z" : -4.2663927
    }, {
      "x" : -6.5482597,
      "y" : 13.096519,
      "z" : -6.5482597
    } ],
    "faces" : [ {
      "vertices" : [ 0, 1, 2 ]
    }, {
      "vertices" : [ 0, 2, 1 ]
    } ]
  }, {
    "id" : "e8ee58ff-eeff-4c02-88e0-d5cd8a1c4fdc",
    "vertices" : [ {
      "x" : 10.153144,
      "y" : 2.9433756,
      "z" : -4.2663927
    }, {
      "x" : 13.096519,
      "y" : -6.5482597,
      "z" : -6.5482597
    }, {
      "x" : 4.2663927,
      "y" : -2.9433756,
      "z" : -10.153144
    } ],
    "faces" : [ {
      "vertices" : [ 0, 1, 2 ]
    }, {
      "vertices" : [ 0, 2, 1 ]
    } ]
  }, {
    "id" : "5f2437f5-6e28-42b0-9575-e1905a15bffd",
    "vertices" : [ {
      "x" : -6.5482597,
      "y" : 13.096519,
      "z" : -6.5482597
    }, {
      "x" : 2.9433756,
      "y" : 10.153144,
      "z" : -4.2663927
    }, {
      "x" : -2.9433756,
      "y" : 4.2663927,
      "z" : -10.153144
    } ],
    "faces" : [ {
      "vertices" : [ 0, 1, 2 ]
    }, {
      "vertices" : [ 0, 2, 1 ]
    } ]
  }, {
    "id" : "aaa80a94-2f18-4f5d-bfcd-dcdb66b10331",
    "vertices" : [ {
      "x" : 2.9433756,
      "y" : 10.153144,
      "z" : -4.2663927
    }, {
      "x" : 10.153144,
      "y" : 2.9433756,
      "z" : -4.2663927
    }, {
      "x" : 4.2663927,
      "y" : -2.9433756,
      "z" : -10.153144
    }, {
      "x" : -2.9433756,
      "y" : 4.2663927,
      "z" : -10.153144
    } ],
    "faces" : [ {
      "vertices" : [ 0, 1, 2 ]
    }, {
      "vertices" : [ 0, 2, 3 ]
    }, {
      "vertices" : [ 0, 3, 2 ]
    }, {
      "vertices" : [ 0, 2, 1 ]
    } ]
  }, {
    "id" : "57c19166-1cf1-4a4e-9f3a-4fd8fb387048",
    "vertices" : [ {
      "x" : -4.2663927,
      "y" : 2.9433756,
      "z" : 10.153144
    }, {
      "x" : 2.9433756,
      "y" : -4.2663927,
      "z" : 10.153144
    }, {
      "x" : 10.153144,
      "y" : -4.2663927,
      "z" : 2.9433756
    }, {
      "x" : 10.153144,
      "y" : 2.9433756,
      "z" : -4.2663927
    }, {
      "x" : 2.9433756,
      "y" : 10.153144,
      "z" : -4.2663927
    }, {
      "x" : -4.2663927,
      "y" : 10.153144,
      "z" : 2.9433756
    } ],
    "faces" : [ {
      "vertices" : [ 0, 1, 2 ]
    }, {
      "vertices" : [ 0, 2, 3 ]
    }, {
      "vertices" : [ 0, 3, 4 ]
    }, {
      "vertices" : [ 0, 4, 5 ]
    }, {
      "vertices" : [ 0, 5, 4 ]
    }, {
      "vertices" : [ 0, 4, 3 ]
    }, {
      "vertices" : [ 0, 3, 2 ]
    }, {
      "vertices" : [ 0, 2, 1 ]
    } ]
  }, {
    "id" : "b00be738-9634-4240-9588-f42be205f1b3",
    "vertices" : [ {
      "x" : -10.153144,
      "y" : -2.9433756,
      "z" : 4.2663927
    }, {
      "x" : -2.9433756,
      "y" : -10.153144,
      "z" : 4.2663927
    }, {
      "x" : -6.5482597,
      "y" : -6.5482597,
      "z" : 13.096519
    } ],
    "faces" : [ {
      "vertices" : [ 0, 1, 2 ]
    }, {
      "vertices" : [ 0, 2, 1 ]
    } ]
  }, {
    "id" : "0502d09e-9cf0-472e-866f-9f0276560c0e",
    "vertices" : [ {
      "x" : 10.153144,
      "y" : 2.9433756,
      "z" : -4.2663927
    }, {
      "x" : 13.096519,
      "y" : -6.5482597,
      "z" : -6.5482597
    }, {
      "x" : 4.2663927,
      "y" : -2.9433756,
      "z" : -10.153144
    } ],
    "faces" : [ {
      "vertices" : [ 0, 1, 2 ]
    }, {
      "vertices" : [ 0, 2, 1 ]
    } ]
  }, {
    "id" : "fa142579-1564-4112-b408-5e6b22f95153",
    "vertices" : [ {
      "x" : 10.153144,
      "y" : 2.9433756,
      "z" : -4.2663927
    }, {
      "x" : 10.153144,
      "y" : -4.2663927,
      "z" : 2.9433756
    }, {
      "x" : 13.096519,
      "y" : -6.5482597,
      "z" : -6.5482597
    } ],
    "faces" : [ {
      "vertices" : [ 0, 1, 2 ]
    }, {
      "vertices" : [ 0, 2, 1 ]
    } ]
  }, {
    "id" : "2010a1c6-eba9-485e-8588-f07019883634",
    "vertices" : [ {
      "x" : -2.9433756,
      "y" : 4.2663927,
      "z" : -10.153144
    }, {
      "x" : 4.2663927,
      "y" : -2.9433756,
      "z" : -10.153144
    }, {
      "x" : 4.2663927,
      "y" : -10.153144,
      "z" : -2.9433756
    }, {
      "x" : -2.9433756,
      "y" : -10.153144,
      "z" : 4.2663927
    }, {
      "x" : -10.153144,
      "y" : -2.9433756,
      "z" : 4.2663927
    }, {
      "x" : -10.153144,
      "y" : 4.2663927,
      "z" : -2.9433756
    } ],
    "faces" : [ {
      "vertices" : [ 0, 1, 2 ]
    }, {
      "vertices" : [ 0, 2, 3 ]
    }, {
      "vertices" : [ 0, 3, 4 ]
    }, {
      "vertices" : [ 0, 4, 5 ]
    }, {
      "vertices" : [ 0, 5, 4 ]
    }, {
      "vertices" : [ 0, 4, 3 ]
    }, {
      "vertices" : [ 0, 3, 2 ]
    }, {
      "vertices" : [ 0, 2, 1 ]
    } ]
  }, {
    "id" : "780d6d10-cc9e-4ba9-a796-f514c2cc968c",
    "vertices" : [ {
      "x" : -2.9433756,
      "y" : -10.153144,
      "z" : 4.2663927
    }, {
      "x" : 2.9433756,
      "y" : -4.2663927,
      "z" : 10.153144
    }, {
      "x" : -6.5482597,
      "y" : -6.5482597,
      "z" : 13.096519
    } ],
    "faces" : [ {
      "vertices" : [ 0, 1, 2 ]
    }, {
      "vertices" : [ 0, 2, 1 ]
    } ]
  }, {
    "id" : "1b47cba7-f082-41b3-87a1-335a4632bbcf",
    "vertices" : [ {
      "x" : -10.153144,
      "y" : 4.2663927,
      "z" : -2.9433756
    }, {
      "x" : -10.153144,
      "y" : -2.9433756,
      "z" : 4.2663927
    }, {
      "x" : -4.2663927,
      "y" : 2.9433756,
      "z" : 10.153144
    }, {
      "x" : -4.2663927,
      "y" : 10.153144,
      "z" : 2.9433756
    } ],
    "faces" : [ {
      "vertices" : [ 0, 1, 2 ]
    }, {
      "vertices" : [ 0, 2, 3 ]
    }, {
      "vertices" : [ 0, 3, 2 ]
    }, {
      "vertices" : [ 0, 2, 1 ]
    } ]
  }, {
    "id" : "cda2a450-9486-49ca-8147-0f797189f480",
    "vertices" : [ {
      "x" : -6.5482597,
      "y" : 13.096519,
      "z" : -6.5482597
    }, {
      "x" : -10.153144,
      "y" : 4.2663927,
      "z" : -2.9433756
    }, {
      "x" : -4.2663927,
      "y" : 10.153144,
      "z" : 2.9433756
    } ],
    "faces" : [ {
      "vertices" : [ 0, 1, 2 ]
    }, {
      "vertices" : [ 0, 2, 1 ]
    } ]
  }, {
    "id" : "575c7677-41b3-463d-998c-fad8d4468c7a",
    "vertices" : [ {
      "x" : 4.2663927,
      "y" : -2.9433756,
      "z" : -10.153144
    }, {
      "x" : 13.096519,
      "y" : -6.5482597,
      "z" : -6.5482597
    }, {
      "x" : 4.2663927,
      "y" : -10.153144,
      "z" : -2.9433756
    } ],
    "faces" : [ {
      "vertices" : [ 0, 1, 2 ]
    }, {
      "vertices" : [ 0, 2, 1 ]
    } ]
  }, {
    "id" : "62bfe7c8-9e67-48b4-8a5b-971c16bb7ff8",
    "vertices" : [ {
      "x" : -6.5482597,
      "y" : 13.096519,
      "z" : -6.5482597
    }, {
      "x" : -2.9433756,
      "y" : 4.2663927,
      "z" : -10.153144
    }, {
      "x" : -10.153144,
      "y" : 4.2663927,
      "z" : -2.9433756
    } ],
    "faces" : [ {
      "vertices" : [ 0, 1, 2 ]
    }, {
      "vertices" : [ 0, 2, 1 ]
    } ]
  }, {
    "id" : "3efd30ce-227f-450e-8740-45b8d527c896",
    "vertices" : [ {
      "x" : -4.2663927,
      "y" : 2.9433756,
      "z" : 10.153144
    }, {
      "x" : -6.5482597,
      "y" : -6.5482597,
      "z" : 13.096519
    }, {
      "x" : 2.9433756,
      "y" : -4.2663927,
      "z" : 10.153144
    } ],
    "faces" : [ {
      "vertices" : [ 0, 1, 2 ]
    }, {
      "vertices" : [ 0, 2, 1 ]
    } ]
  }, {
    "id" : "9674ceab-5f6f-4adc-a3f5-07d105bbda28",
    "vertices" : [ {
      "x" : 2.9433756,
      "y" : -4.2663927,
      "z" : 10.153144
    }, {
      "x" : -2.9433756,
      "y" : -10.153144,
      "z" : 4.2663927
    }, {
      "x" : 4.2663927,
      "y" : -10.153144,
      "z" : -2.9433756
    }, {
      "x" : 10.153144,
      "y" : -4.2663927,
      "z" : 2.9433756
    } ],
    "faces" : [ {
      "vertices" : [ 0, 1, 2 ]
    }, {
      "vertices" : [ 0, 2, 3 ]
    }, {
      "vertices" : [ 0, 3, 2 ]
    }, {
      "vertices" : [ 0, 2, 1 ]
    } ]
  }, {
    "id" : "9495d6fc-1078-47e7-8159-761b653a9c42",
    "vertices" : [ {
      "x" : -4.2663927,
      "y" : 10.153144,
      "z" : 2.9433756
    }, {
      "x" : 2.9433756,
      "y" : 10.153144,
      "z" : -4.2663927
    }, {
      "x" : -6.5482597,
      "y" : 13.096519,
      "z" : -6.5482597
    } ],
    "faces" : [ {
      "vertices" : [ 0, 1, 2 ]
    }, {
      "vertices" : [ 0, 2, 1 ]
    } ]
  }, {
    "id" : "0c842a82-47ca-49fd-9258-cf6fb46730f9",
    "vertices" : [ {
      "x" : -4.2663927,
      "y" : 2.9433756,
      "z" : 10.153144
    }, {
      "x" : -10.153144,
      "y" : -2.9433756,
      "z" : 4.2663927
    }, {
      "x" : -6.5482597,
      "y" : -6.5482597,
      "z" : 13.096519
    } ],
    "faces" : [ {
      "vertices" : [ 0, 1, 2 ]
    }, {
      "vertices" : [ 0, 2, 1 ]
    } ]
  }, {
    "id" : "1d690a14-74aa-4986-a4ea-7320413b5a02",
    "vertices" : [ {
      "x" : 4.2663927,
      "y" : -10.153144,
      "z" : -2.9433756
    }, {
      "x" : 13.096519,
      "y" : -6.5482597,
      "z" : -6.5482597
    }, {
      "x" : 10.153144,
      "y" : -4.2663927,
      "z" : 2.9433756
    } ],
    "faces" : [ {
      "vertices" : [ 0, 1, 2 ]
    }, {
      "vertices" : [ 0, 2, 1 ]
    } ]
  }, {
    "id" : "61819c71-f1b1-4c79-8c41-401960dd6b0b",
    "vertices" : [ {
      "x" : 5.653418,
      "y" : 5.386751,
      "z" : 5.2200847
    }, {
      "x" : 5.553418,
      "y" : 5.2867513,
      "z" : 5.620085
    }, {
      "x" : 0.23333333,
      "y" : 0.5,
      "z" : 0.6666667
    }, {
      "x" : 0.33333334,
      "y" : 0.6,
      "z" : 0.26666668
    }, {
      "x" : 5.3200846,
      "y" : 5.5867515,
      "z" : 5.753418
    }, {
      "x" : 5.4200845,
      "y" : 5.6867514,
      "z" : 5.353418
    }, {
      "x" : 0.56666666,
      "y" : 0.3,
      "z" : 0.13333334
    }, {
      "x" : 0.46666667,
      "y" : 0.2,
      "z" : 0.53333336
    } ],
    "faces" : [ {
      "vertices" : [ 2, 3, 6 ]
    }, {
      "vertices" : [ 2, 6, 7 ]
    }, {
      "vertices" : [ 0, 5, 4 ]
    }, {
      "vertices" : [ 0, 4, 1 ]
    }, {
      "vertices" : [ 2, 4, 5 ]
    }, {
      "vertices" : [ 2, 5, 3 ]
    }, {
      "vertices" : [ 0, 6, 3 ]
    }, {
      "vertices" : [ 0, 3, 5 ]
    }, {
      "vertices" : [ 0, 1, 7 ]
    }, {
      "vertices" : [ 0, 7, 6 ]
    }, {
      "vertices" : [ 1, 4, 2 ]
    }, {
      "vertices" : [ 1, 2, 7 ]
    } ]
  }, {
    "id" : "65e3e660-5f51-4c9b-ac2e-0784b1d7252c",
    "vertices" : [ {
      "x" : 0.5358984,
      "y" : 0.0,
      "z" : 0.0
    }, {
      "x" : -0.5358984,
      "y" : 0.0,
      "z" : 0.0
    }, {
      "x" : 0.0,
      "y" : 0.5358984,
      "z" : 0.0
    }, {
      "x" : 0.0,
      "y" : -0.5358984,
      "z" : 0.0
    }, {
      "x" : 0.0,
      "y" : 0.0,
      "z" : 0.5358984
    }, {
      "x" : 0.0,
      "y" : 0.0,
      "z" : -0.5358984
    } ],
    "faces" : [ {
      "vertices" : [ 0, 2, 4 ]
    }, {
      "vertices" : [ 0, 5, 2 ]
    }, {
      "vertices" : [ 0, 4, 3 ]
    }, {
      "vertices" : [ 1, 4, 2 ]
    }, {
      "vertices" : [ 0, 3, 5 ]
    }, {
      "vertices" : [ 1, 2, 5 ]
    }, {
      "vertices" : [ 1, 3, 4 ]
    }, {
      "vertices" : [ 1, 5, 3 ]
    } ]
  }, {
    "id" : "c41a3cc9-afa4-4244-8258-ad3c6be86f92",
    "vertices" : [ {
      "x" : 2.2652059,
      "y" : 8.934386,
      "z" : -2.5498981
    }, {
      "x" : 1.865206,
      "y" : 9.034387,
      "z" : -2.649898
    }, {
      "x" : 0.01666112,
      "y" : 0.557249,
      "z" : -0.39347753
    }, {
      "x" : 0.4166611,
      "y" : 0.45724902,
      "z" : -0.29347754
    }, {
      "x" : 1.9985393,
      "y" : 8.801053,
      "z" : -2.9498982
    }, {
      "x" : 2.3985393,
      "y" : 8.701054,
      "z" : -2.849898
    }, {
      "x" : 0.2833278,
      "y" : 0.69058233,
      "z" : 0.0065224627
    }, {
      "x" : -0.11667221,
      "y" : 0.79058236,
      "z" : -0.09347754
    } ],
    "faces" : [ {
      "vertices" : [ 2, 3, 6 ]
    }, {
      "vertices" : [ 2, 6, 7 ]
    }, {
      "vertices" : [ 0, 5, 4 ]
    }, {
      "vertices" : [ 0, 4, 1 ]
    }, {
      "vertices" : [ 2, 4, 5 ]
    }, {
      "vertices" : [ 2, 5, 3 ]
    }, {
      "vertices" : [ 0, 6, 3 ]
    }, {
      "vertices" : [ 0, 3, 5 ]
    }, {
      "vertices" : [ 0, 1, 7 ]
    }, {
      "vertices" : [ 0, 7, 6 ]
    }, {
      "vertices" : [ 1, 4, 2 ]
    }, {
      "vertices" : [ 1, 2, 7 ]
    } ]
  }, {
    "id" : "2314a501-fea9-467e-9acf-374343e3b856",
    "vertices" : [ {
      "x" : 6.7764354,
      "y" : 0.13333334,
      "z" : 6.5097685
    }, {
      "x" : 6.8764353,
      "y" : -0.26666668,
      "z" : 6.6097684
    }, {
      "x" : 0.43333334,
      "y" : -0.13333334,
      "z" : 0.7
    }, {
      "x" : 0.33333334,
      "y" : 0.26666668,
      "z" : 0.6
    }, {
      "x" : 6.6431017,
      "y" : -0.13333334,
      "z" : 6.9097686
    }, {
      "x" : 6.543102,
      "y" : 0.26666668,
      "z" : 6.8097687
    }, {
      "x" : 0.56666666,
      "y" : 0.13333334,
      "z" : 0.3
    }, {
      "x" : 0.6666667,
      "y" : -0.26666668,
      "z" : 0.4
    } ],
    "faces" : [ {
      "vertices" : [ 2, 3, 6 ]
    }, {
      "vertices" : [ 2, 6, 7 ]
    }, {
      "vertices" : [ 0, 5, 4 ]
    }, {
      "vertices" : [ 0, 4, 1 ]
    }, {
      "vertices" : [ 2, 4, 5 ]
    }, {
      "vertices" : [ 2, 5, 3 ]
    }, {
      "vertices" : [ 0, 6, 3 ]
    }, {
      "vertices" : [ 0, 3, 5 ]
    }, {
      "vertices" : [ 0, 1, 7 ]
    }, {
      "vertices" : [ 0, 7, 6 ]
    }, {
      "vertices" : [ 1, 4, 2 ]
    }, {
      "vertices" : [ 1, 2, 7 ]
    } ]
  }, {
    "id" : "d889194f-c69a-489d-a042-ffed70098001",
    "vertices" : [ {
      "x" : 3.272966,
      "y" : -3.1062992,
      "z" : -8.428712
    }, {
      "x" : 3.172966,
      "y" : -3.5062993,
      "z" : -8.328712
    }, {
      "x" : 0.33191836,
      "y" : -0.49858502,
      "z" : -0.40141496
    }, {
      "x" : 0.43191835,
      "y" : -0.098585024,
      "z" : -0.50141495
    }, {
      "x" : 3.472966,
      "y" : -3.6396325,
      "z" : -8.095379
    }, {
      "x" : 3.5729659,
      "y" : -3.2396326,
      "z" : -8.195378
    }, {
      "x" : 0.13191836,
      "y" : 0.03474831,
      "z" : -0.7347483
    }, {
      "x" : 0.031918358,
      "y" : -0.3652517,
      "z" : -0.6347483
    } ],
    "faces" : [ {
      "vertices" : [ 2, 3, 6 ]
    }, {
      "vertices" : [ 2, 6, 7 ]
    }, {
      "vertices" : [ 0, 5, 4 ]
    }, {
      "vertices" : [ 0, 4, 1 ]
    }, {
      "vertices" : [ 2, 4, 5 ]
    }, {
      "vertices" : [ 2, 5, 3 ]
    }, {
      "vertices" : [ 0, 6, 3 ]
    }, {
      "vertices" : [ 0, 3, 5 ]
    }, {
      "vertices" : [ 0, 1, 7 ]
    }, {
      "vertices" : [ 0, 7, 6 ]
    }, {
      "vertices" : [ 1, 4, 2 ]
    }, {
      "vertices" : [ 1, 2, 7 ]
    } ]
  }, {
    "id" : "99e9719a-09cd-436c-8ebd-11f96d9f456a",
    "vertices" : [ {
      "x" : -4.2663927,
      "y" : 2.9433756,
      "z" : 10.153144
    }, {
      "x" : 2.9433756,
      "y" : -4.2663927,
      "z" : 10.153144
    }, {
      "x" : 10.153144,
      "y" : -4.2663927,
      "z" : 2.9433756
    }, {
      "x" : 10.153144,
      "y" : 2.9433756,
      "z" : -4.2663927
    }, {
      "x" : 2.9433756,
      "y" : 10.153144,
      "z" : -4.2663927
    }, {
      "x" : -4.2663927,
      "y" : 10.153144,
      "z" : 2.9433756
    } ],
    "faces" : [ {
      "vertices" : [ 0, 1, 2 ]
    }, {
      "vertices" : [ 0, 2, 3 ]
    }, {
      "vertices" : [ 0, 3, 4 ]
    }, {
      "vertices" : [ 0, 4, 5 ]
    }, {
      "vertices" : [ 0, 5, 4 ]
    }, {
      "vertices" : [ 0, 4, 3 ]
    }, {
      "vertices" : [ 0, 3, 2 ]
    }, {
      "vertices" : [ 0, 2, 1 ]
    } ]
  }, {
    "id" : "4d2c9a6b-6d3b-48de-a07e-93ca2b847fb3",
    "vertices" : [ {
      "x" : -6.5482597,
      "y" : 13.096519,
      "z" : -6.5482597
    }, {
      "x" : -2.9433756,
      "y" : 4.2663927,
      "z" : -10.153144
    }, {
      "x" : -10.153144,
      "y" : 4.2663927,
      "z" : -2.9433756
    } ],
    "faces" : [ {
      "vertices" : [ 0, 1, 2 ]
    }, {
      "vertices" : [ 0, 2, 1 ]
    } ]
  }, {
    "id" : "30a039d0-3b36-486f-997e-799600c7a7d4",
    "vertices" : [ {
      "x" : 2.9433756,
      "y" : -4.2663927,
      "z" : 10.153144
    }, {
      "x" : -2.9433756,
      "y" : -10.153144,
      "z" : 4.2663927
    }, {
      "x" : 4.2663927,
      "y" : -10.153144,
      "z" : -2.9433756
    }, {
      "x" : 10.153144,
      "y" : -4.2663927,
      "z" : 2.9433756
    } ],
    "faces" : [ {
      "vertices" : [ 0, 1, 2 ]
    }, {
      "vertices" : [ 0, 2, 3 ]
    }, {
      "vertices" : [ 0, 3, 2 ]
    }, {
      "vertices" : [ 0, 2, 1 ]
    } ]
  }, {
    "id" : "7442ad43-b9e3-4309-b61b-e21382cfdee3",
    "vertices" : [ {
      "x" : 10.153144,
      "y" : 2.9433756,
      "z" : -4.2663927
    }, {
      "x" : 13.096519,
      "y" : -6.5482597,
      "z" : -6.5482597
    }, {
      "x" : 4.2663927,
      "y" : -2.9433756,
      "z" : -10.153144
    } ],
    "faces" : [ {
      "vertices" : [ 0, 1, 2 ]
    }, {
      "vertices" : [ 0, 2, 1 ]
    } ]
  }, {
    "id" : "da97c046-5688-427c-979f-5ed91a9aa845",
    "vertices" : [ {
      "x" : 2.9433756,
      "y" : 10.153144,
      "z" : -4.2663927
    }, {
      "x" : 10.153144,
      "y" : 2.9433756,
      "z" : -4.2663927
    }, {
      "x" : 4.2663927,
      "y" : -2.9433756,
      "z" : -10.153144
    }, {
      "x" : -2.9433756,
      "y" : 4.2663927,
      "z" : -10.153144
    } ],
    "faces" : [ {
      "vertices" : [ 0, 1, 2 ]
    }, {
      "vertices" : [ 0, 2, 3 ]
    }, {
      "vertices" : [ 0, 3, 2 ]
    }, {
      "vertices" : [ 0, 2, 1 ]
    } ]
  }, {
    "id" : "7f8c44a9-cc4a-4ebc-8bf8-1d7d04091571",
    "vertices" : [ {
      "x" : -2.9433756,
      "y" : 4.2663927,
      "z" : -10.153144
    }, {
      "x" : 4.2663927,
      "y" : -2.9433756,
      "z" : -10.153144
    }, {
      "x" : 4.2663927,
      "y" : -10.153144,
      "z" : -2.9433756
    }, {
      "x" : -2.9433756,
      "y" : -10.153144,
      "z" : 4.2663927
    }, {
      "x" : -10.153144,
      "y" : -2.9433756,
      "z" : 4.2663927
    }, {
      "x" : -10.153144,
      "y" : 4.2663927,
      "z" : -2.9433756
    } ],
    "faces" : [ {
      "vertices" : [ 0, 1, 2 ]
    }, {
      "vertices" : [ 0, 2, 3 ]
    }, {
      "vertices" : [ 0, 3, 4 ]
    }, {
      "vertices" : [ 0, 4, 5 ]
    }, {
      "vertices" : [ 0, 5, 4 ]
    }, {
      "vertices" : [ 0, 4, 3 ]
    }, {
      "vertices" : [ 0, 3, 2 ]
    }, {
      "vertices" : [ 0, 2, 1 ]
    } ]
  }, {
    "id" : "6d26419d-3ac5-4a7c-a15b-a12b4bbbeb00",
    "vertices" : [ {
      "x" : -6.5482597,
      "y" : 13.096519,
      "z" : -6.5482597
    }, {
      "x" : 2.9433756,
      "y" : 10.153144,
      "z" : -4.2663927
    }, {
      "x" : -2.9433756,
      "y" : 4.2663927,
      "z" : -10.153144
    } ],
    "faces" : [ {
      "vertices" : [ 0, 1, 2 ]
    }, {
      "vertices" : [ 0, 2, 1 ]
    } ]
  }, {
    "id" : "b1941139-ba08-4100-849f-6d9d74bf6b62",
    "vertices" : [ {
      "x" : 10.153144,
      "y" : 2.9433756,
      "z" : -4.2663927
    }, {
      "x" : 10.153144,
      "y" : -4.2663927,
      "z" : 2.9433756
    }, {
      "x" : 13.096519,
      "y" : -6.5482597,
      "z" : -6.5482597
    } ],
    "faces" : [ {
      "vertices" : [ 0, 1, 2 ]
    }, {
      "vertices" : [ 0, 2, 1 ]
    } ]
  }, {
    "id" : "146a4379-ef55-431e-b487-422b7e228be3",
    "vertices" : [ {
      "x" : -10.153144,
      "y" : 4.2663927,
      "z" : -2.9433756
    }, {
      "x" : -10.153144,
      "y" : -2.9433756,
      "z" : 4.2663927
    }, {
      "x" : -4.2663927,
      "y" : 2.9433756,
      "z" : 10.153144
    }, {
      "x" : -4.2663927,
      "y" : 10.153144,
      "z" : 2.9433756
    } ],
    "faces" : [ {
      "vertices" : [ 0, 1, 2 ]
    }, {
      "vertices" : [ 0, 2, 3 ]
    }, {
      "vertices" : [ 0, 3, 2 ]
    }, {
      "vertices" : [ 0, 2, 1 ]
    } ]
  }, {
    "id" : "b936be51-81ce-486d-a4ac-84db51741f71",
    "vertices" : [ {
      "x" : -6.5482597,
      "y" : 13.096519,
      "z" : -6.5482597
    }, {
      "x" : -10.153144,
      "y" : 4.2663927,
      "z" : -2.9433756
    }, {
      "x" : -4.2663927,
      "y" : 10.153144,
      "z" : 2.9433756
    } ],
    "faces" : [ {
      "vertices" : [ 0, 1, 2 ]
    }, {
      "vertices" : [ 0, 2, 1 ]
    } ]
  }, {
    "id" : "48102b98-0ece-4be1-8836-309d30b84fb8",
    "vertices" : [ {
      "x" : 4.2663927,
      "y" : -2.9433756,
      "z" : -10.153144
    }, {
      "x" : 13.096519,
      "y" : -6.5482597,
      "z" : -6.5482597
    }, {
      "x" : 4.2663927,
      "y" : -10.153144,
      "z" : -2.9433756
    } ],
    "faces" : [ {
      "vertices" : [ 0, 1, 2 ]
    }, {
      "vertices" : [ 0, 2, 1 ]
    } ]
  }, {
    "id" : "7fd1fcee-0406-4e9c-a910-0abf79da5a0f",
    "vertices" : [ {
      "x" : -4.2663927,
      "y" : 10.153144,
      "z" : 2.9433756
    }, {
      "x" : 2.9433756,
      "y" : 10.153144,
      "z" : -4.2663927
    }, {
      "x" : -6.5482597,
      "y" : 13.096519,
      "z" : -6.5482597
    } ],
    "faces" : [ {
      "vertices" : [ 0, 1, 2 ]
    }, {
      "vertices" : [ 0, 2, 1 ]
    } ]
  }, {
    "id" : "073285ee-6d1c-4512-96c2-24d5f352b320",
    "vertices" : [ {
      "x" : 4.2663927,
      "y" : -10.153144,
      "z" : -2.9433756
    }, {
      "x" : 13.096519,
      "y" : -6.5482597,
      "z" : -6.5482597
    }, {
      "x" : 10.153144,
      "y" : -4.2663927,
      "z" : 2.9433756
    } ],
    "faces" : [ {
      "vertices" : [ 0, 1, 2 ]
    }, {
      "vertices" : [ 0, 2, 1 ]
    } ]
  } ],
  "instances" : [ {
    "shape" : "70c21630-f489-4c69-8309-b98b7f378920",
    "color" : "#FFFFFF",
    "position" : {
      "x" : 0.0,
      "y" : 0.0,
      "z" : 0.0
    }
  }, {
    "shape" : "594c4059-2809-4f51-ac5f-8658ae9e1dee",
    "color" : "#F7CF7F",
    "position" : {
      "x" : 0.0,
      "y" : 0.0,
      "z" : 0.0
    }
  }, {
    "shape" : "75949e55-048f-402e-9e8d-84bd5b74f833",
    "color" : "#7FC69A",
    "position" : {
      "x" : 0.0,
      "y" : 0.0,
      "z" : 0.0
    }
  }, {
    "shape" : "a3763aa7-bfaf-452c-b457-b28660f62026",
    "color" : "#FFFFFF",
    "position" : {
      "x" : 0.0,
      "y" : 0.0,
      "z" : 0.0
    }
  }, {
    "shape" : "cc51a211-2d33-4719-b942-82eac7d1e985",
    "color" : "#FFFFFF",
    "position" : {
      "x" : 0.0,
      "y" : 0.0,
      "z" : 0.0
    }
  }, {
    "shape" : "650216fa-3d5b-449c-a8c6-2fb7f404096b",
    "color" : "#FFFFFF",
    "position" : {
      "x" : 0.0,
      "y" : 0.0,
      "z" : 0.0
    }
  }, {
    "shape" : "17b81510-9323-4451-ac1e-51f5eb3d9e0a",
    "color" : "#F7CF7F",
    "position" : {
      "x" : 0.0,
      "y" : 0.0,
      "z" : 0.0
    }
  }, {
    "shape" : "04cff0a9-f1d0-4ed7-87e8-2f8855d42bf7",
    "color" : "#FFFFFF",
    "position" : {
      "x" : 0.0,
      "y" : 0.0,
      "z" : 0.0
    }
  }, {
    "shape" : "46823956-4f81-47b1-9d98-a30f32ed1d48",
    "color" : "#FFFFFF",
    "position" : {
      "x" : 0.0,
      "y" : 0.0,
      "z" : 0.0
    }
  }, {
    "shape" : "cad01a7c-217f-44d9-ae2d-81ea3f9c7019",
    "color" : "#FFFFFF",
    "position" : {
      "x" : 0.0,
      "y" : 0.0,
      "z" : 0.0
    }
  }, {
    "shape" : "180de4f2-6119-4295-86d5-57131a0d298d",
    "color" : "#7FC69A",
    "position" : {
      "x" : 0.0,
      "y" : 0.0,
      "z" : 0.0
    }
  }, {
    "shape" : "1371b9a2-ce8c-4314-9af3-8ed071e3a04a",
    "color" : "#FFFFFF",
    "position" : {
      "x" : 0.0,
      "y" : 0.0,
      "z" : 0.0
    }
  }, {
    "shape" : "e8ee58ff-eeff-4c02-88e0-d5cd8a1c4fdc",
    "color" : "#FFFFFF",
    "position" : {
      "x" : 0.0,
      "y" : 0.0,
      "z" : 0.0
    }
  } ],
  "scenes" : [ {
    "title" : "Faces",
    "content" : "",
    "view" : {
      "position" : {
        "x" : 0.0,
        "y" : 0.0,
        "z" : 138.22453
      },
      "nearClipDistance" : 0.34556133,
      "viewDistance" : 138.22453,
      "fieldOfView" : 0.44262892,
      "perspective" : false,
      "lookAtPoint" : {
        "x" : 0.0,
        "y" : 0.0,
        "z" : 0.0
      },
      "farClipDistance" : 276.44907,
      "width" : 62.201046,
      "stereo" : false,
      "upDirection" : {
        "x" : 0.0,
        "y" : 1.0,
        "z" : 0.0
      },
      "lookDirection" : {
        "x" : 0.0,
        "y" : 0.0,
        "z" : -1.0
      }
    },
    "snapshot" : 2
  }, {
    "title" : "Edges",
    "content" : "",
    "view" : {
      "position" : {
        "x" : 0.0,
        "y" : 0.0,
        "z" : 138.22453
      },
      "nearClipDistance" : 0.34556133,
      "viewDistance" : 138.22453,
      "fieldOfView" : 0.44262892,
      "perspective" : false,
      "lookAtPoint" : {
        "x" : 0.0,
        "y" : 0.0,
        "z" : 0.0
      },
      "farClipDistance" : 276.44907,
      "width" : 62.201046,
      "stereo" : false,
      "upDirection" : {
        "x" : 0.0,
        "y" : 1.0,
        "z" : 0.0
      },
      "lookDirection" : {
        "x" : 0.0,
        "y" : 0.0,
        "z" : -1.0
      }
    },
    "snapshot" : 3
  } ],
  "snapshots" : [ [ {
    "shape" : "5f2437f5-6e28-42b0-9575-e1905a15bffd",
    "color" : "#FFFFFF",
    "position" : {
      "x" : 0.0,
      "y" : 0.0,
      "z" : 0.0
    },
    "orientation" : 0
  }, {
    "shape" : "aaa80a94-2f18-4f5d-bfcd-dcdb66b10331",
    "color" : "#FFFFFF",
    "position" : {
      "x" : 0.0,
      "y" : 0.0,
      "z" : 0.0
    },
    "orientation" : 0
  }, {
    "shape" : "57c19166-1cf1-4a4e-9f3a-4fd8fb387048",
    "color" : "#F7CF7F",
    "position" : {
      "x" : 0.0,
      "y" : 0.0,
      "z" : 0.0
    },
    "orientation" : 0
  }, {
    "shape" : "b00be738-9634-4240-9588-f42be205f1b3",
    "color" : "#7FC69A",
    "position" : {
      "x" : 0.0,
      "y" : 0.0,
      "z" : 0.0
    },
    "orientation" : 0
  }, {
    "shape" : "0502d09e-9cf0-472e-866f-9f0276560c0e",
    "color" : "#FFFFFF",
    "position" : {
      "x" : 0.0,
      "y" : 0.0,
      "z" : 0.0
    },
    "orientation" : 0
  }, {
    "shape" : "fa142579-1564-4112-b408-5e6b22f95153",
    "color" : "#FFFFFF",
    "position" : {
      "x" : 0.0,
      "y" : 0.0,
      "z" : 0.0
    },
    "orientation" : 0
  }, {
    "shape" : "2010a1c6-eba9-485e-8588-f07019883634",
    "color" : "#F7CF7F",
    "position" : {
      "x" : 0.0,
      "y" : 0.0,
      "z" : 0.0
    },
    "orientation" : 0
  }, {
    "shape" : "780d6d10-cc9e-4ba9-a796-f514c2cc968c",
    "color" : "#FFFFFF",
    "position" : {
      "x" : 0.0,
      "y" : 0.0,
      "z" : 0.0
    },
    "orientation" : 0
  }, {
    "shape" : "1b47cba7-f082-41b3-87a1-335a4632bbcf",
    "color" : "#FFFFFF",
    "position" : {
      "x" : 0.0,
      "y" : 0.0,
      "z" : 0.0
    },
    "orientation" : 0
  }, {
    "shape" : "cda2a450-9486-49ca-8147-0f797189f480",
    "color" : "#FFFFFF",
    "position" : {
      "x" : 0.0,
      "y" : 0.0,
      "z" : 0.0
    },
    "orientation" : 0
  }, {
    "shape" : "575c7677-41b3-463d-998c-fad8d4468c7a",
    "color" : "#7FC69A",
    "position" : {
      "x" : 0.0,
      "y" : 0.0,
      "z" : 0.0
    },
    "orientation" : 0
  }, {
    "shape" : "62bfe7c8-9e67-48b4-8a5b-971c16bb7ff8",
    "color" : "#7FC69A",
    "position" : {
      "x" : 0.0,
      "y" : 0.0,
      "z" : 0.0
    },
    "orientation" : 0
  }, {
    "shape" : "3efd30ce-227f-450e-8740-45b8d527c896",
    "color" : "#FFFFFF",
    "position" : {
      "x" : 0.0,
      "y" : 0.0,
      "z" : 0.0
    },
    "orientation" : 0
  }, {
    "shape" : "9674ceab-5f6f-4adc-a3f5-07d105bbda28",
    "color" : "#FFFFFF",
    "position" : {
      "x" : 0.0,
      "y" : 0.0,
      "z" : 0.0
    },
    "orientation" : 0
  }, {
    "shape" : "9495d6fc-1078-47e7-8159-761b653a9c42",
    "color" : "#FFFFFF",
    "position" : {
      "x" : 0.0,
      "y" : 0.0,
      "z" : 0.0
    },
    "orientation" : 0
  }, {
    "shape" : "0c842a82-47ca-49fd-9258-cf6fb46730f9",
    "color" : "#FFFFFF",
    "position" : {
      "x" : 0.0,
      "y" : 0.0,
      "z" : 0.0
    },
    "orientation" : 0
  }, {
    "shape" : "1d690a14-74aa-4986-a4ea-7320413b5a02",
    "color" : "#FFFFFF",
    "position" : {
      "x" : 0.0,
      "y" : 0.0,
      "z" : 0.0
    },
    "orientation" : 0
  } ], [ {
    "shape" : "61819c71-f1b1-4c79-8c41-401960dd6b0b",
    "color" : "#F0A000",
    "position" : {
      "x" : 2.9433756,
      "y" : -4.2663927,
      "z" : 10.153144
    },
    "orientation" : 15
  }, {
    "shape" : "65e3e660-5f51-4c9b-ac2e-0784b1d7252c",
    "color" : "#FFFFFF",
    "position" : {
      "x" : 2.9433756,
      "y" : -4.2663927,
      "z" : 10.153144
    },
    "orientation" : 0
  }, {
    "shape" : "65e3e660-5f51-4c9b-ac2e-0784b1d7252c",
    "color" : "#FFFFFF",
    "position" : {
      "x" : 10.153144,
      "y" : -4.2663927,
      "z" : 2.9433756
    },
    "orientation" : 0
  }, {
    "shape" : "c41a3cc9-afa4-4244-8258-ad3c6be86f92",
    "color" : "#FFFFFF",
    "position" : {
      "x" : 2.9433756,
      "y" : -4.2663927,
      "z" : 10.153144
    },
    "orientation" : 19
  }, {
    "shape" : "c41a3cc9-afa4-4244-8258-ad3c6be86f92",
