{
  "field" : "golden",
  "symmetry" : "icosahedral",
  "orientations" : [ [ 1.0, 0.0, 0.0, 0.0, 0.0, 1.0, 0.0, 0.0, 0.0, 0.0, 1.0, 0.0, 0.0, 0.0, 0.0, 1.0 ], [ 0.0, 0.0, 1.0, 0.0, 1.0, 0.0, 0.0, 0.0, 0.0, 1.0, 0.0, 0.0, 0.0, 0.0, 0.0, 1.0 ], [ 0.0, 1.0, 0.0, 0.0, 0.0, 0.0, 1.0, 0.0, 1.0, 0.0, 0.0, 0.0, 0.0, 0.0, 0.0, 1.0 ], [ 0.809017, 0.309017, 0.5, 0.0, 0.309017, 0.5, -0.809017, 0.0, -0.5, 0.809017, 0.309017, 0.0, 0.0, 0.0, 0.0, 1.0 ], [ -0.5, 0.809017, 0.309017, 0.0, 0.809017, 0.309017, 0.5, 0.0, 0.309017, 0.5, -0.809017, 0.0, 0.0, 0.0, 0.0, 1.0 ], [ 0.309017, 0.5, -0.809017, 0.0, -0.5, 0.809017, 0.309017, 0.0, 0.809017, 0.309017, 0.5, 0.0, 0.0, 0.0, 0.0, 1.0 ], [ 0.5, 0.809017, 0.309017, 0.0, 0.809017, -0.309017, -0.5, 0.0, -0.309017, 0.5, -0.809017, 0.0, 0.0, 0.0, 0.0, 1.0 ], [ -0.309017, 0.5, -0.809017, 0.0, 0.5, 0.809017, 0.309017, 0.0, 0.809017, -0.309017, -0.5, 0.0, 0.0, 0.0, 0.0, 1.0 ], [ 0.809017, -0.309017, -0.5, 0.0, -0.309017, 0.5, -0.809017, 0.0, 0.5, 0.809017, 0.309017, 0.0, 0.0, 0.0, 0.0, 1.0 ], [ 0.5, 0.809017, -0.309017, 0.0, 0.809017, -0.309017, 0.5, 0.0, 0.309017, -0.5, -0.809017, 0.0, 0.0, 0.0, 0.0, 1.0 ], [ 0.309017, -0.5, -0.809017, 0.0, 0.5, 0.809017, -0.309017, 0.0, 0.809017, -0.309017, 0.5, 0.0, 0.0, 0.0, 0.0, 1.0 ], [ 0.809017, -0.309017, 0.5, 0.0, 0.309017, -0.5, -0.809017, 0.0, 0.5, 0.809017, -0.309017, 0.0, 0.0, 0.0, 0.0, 1.0 ], [ 0.809017, 0.309017, -0.5, 0.0, 0.309017, 0.5, 0.809017, 0.0, 0.5, -0.809017, 0.309017, 0.0, 0.0, 0.0, 0.0, 1.0 ], [ 0.5, -0.809017, 0.309017, 0.0, 0.809017, 0.309017, -0.5, 0.0, 0.309017, 0.5, 0.809017, 0.0, 0.0, 0.0, 0.0, 1.0 ], [ 0.309017, 0.5, 0.809017, 0.0, 0.5, -0.809017, 0.309017, 0.0, 0.809017, 0.309017, -0.5, 0.0, 0.0, 0.0, 0.0, 1.0 ], [ 1.0, 0.0, 0.0, 0.0, 0.0, -1.0, 0.0, 0.0, 0.0, 0.0, -1.0, 0.0, 0.0, 0.0, 0.0, 1.0 ], [ 0.0, 0.0, 1.0, 0.0, -1.0, 0.0, 0.0, 0.0, 0.0, -1.0, 0.0, 0.0, 0.0, 0.0, 0.0, 1.0 ], [ 0.0, 1.0, 0.0, 0.0, 0.0, 0.0, -1.0, 0.0, -1.0, 0.0, 0.0, 0.0, 0.0, 0.0, 0.0, 1.0 ], [ 0.809017, 0.309017, 0.5, 0.0, -0.309017, -0.5, 0.809017, 0.0, 0.5, -0.809017, -0.309017, 0.0, 0.0, 0.0, 0.0, 1.0 ], [ -0.5, 0.809017, 0.309017, 0.0, -0.809017, -0.309017, -0.5, 0.0, -0.309017, -0.5, 0.809017, 0.0, 0.0, 0.0, 0.0, 1.0 ], [ 0.309017, 0.5, -0.809017, 0.0, 0.5, -0.809017, -0.309017, 0.0, -0.809017, -0.309017, -0.5, 0.0, 0.0, 0.0, 0.0, 1.0 ], [ 0.5, 0.809017, 0.309017, 0.0, -0.809017, 0.309017, 0.5, 0.0, 0.309017, -0.5, 0.809017, 0.0, 0.0, 0.0, 0.0, 1.0 ], [ -0.309017, 0.5, -0.809017, 0.0, -0.5, -0.809017, -0.309017, 0.0, -0.809017, 0.309017, 0.5, 0.0, 0.0, 0.0, 0.0, 1.0 ], [ 0.809017, -0.309017, -0.5, 0.0, 0.309017, -0.5, 0.809017, 0.0, -0.5, -0.809017, -0.309017, 0.0, 0.0, 0.0, 0.0, 1.0 ], [ 0.5, 0.809017, -0.309017, 0.0, -0.809017, 0.309017, -0.5, 0.0, -0.309017, 0.5, 0.809017, 0.0, 0.0, 0.0, 0.0, 1.0 ], [ 0.309017, -0.5, -0.809017, 0.0, -0.5, -0.809017, 0.309017, 0.0, -0.809017, 0.309017, -0.5, 0.0, 0.0, 0.0, 0.0, 1.0 ], [ 0.809017, -0.309017, 0.5, 0.0, -0.309017, 0.5, 0.809017, 0.0, -0.5, -0.809017, 0.309017, 0.0, 0.0, 0.0, 0.0, 1.0 ], [ 0.809017, 0.309017, -0.5, 0.0, -0.309017, -0.5, -0.809017, 0.0, -0.5, 0.809017, -0.309017, 0.0, 0.0, 0.0, 0.0, 1.0 ], [ 0.5, -0.809017, 0.309017, 0.0, -0.809017, -0.309017, 0.5, 0.0, -0.309017, -0.5, -0.809017, 0.0, 0.0, 0.0, 0.0, 1.0 ], [ 0.309017, 0.5, 0.809017, 0.0, -0.5, 0.809017, -0.309017, 0.0, -0.809017, -0.309017, 0.5, 0.0, 0.0, 0.0, 0.0, 1.0 ], [ -1.0, 0.0, 0.0, 0.0, 0.0, -1.0, 0.0, 0.0, 0.0, 0.0, 1.0, 0.0, 0.0, 0.0, 0.0, 1.0 ], [ 0.0, 0.0, -1.0, 0.0, -1.0, 0.0, 0.0, 0.0, 0.0, 1.0, 0.0, 0.0, 0.0, 0.0, 0.0, 1.0 ], [ 0.0, -1.0, 0.0, 0.0, 0.0, 0.0, -1.0, 0.0, 1.0, 0.0, 0.0, 0.0, 0.0, 0.0, 0.0, 1.0 ], [ -0.809017, -0.309017, -0.5, 0.0, -0.309017, -0.5, 0.809017, 0.0, -0.5, 0.809017, 0.309017, 0.0, 0.0, 0.0, 0.0, 1.0 ], [ 0.5, -0.809017, -0.309017, 0.0, -0.809017, -0.309017, -0.5, 0.0, 0.309017, 0.5, -0.809017, 0.0, 0.0, 0.0, 0.0, 1.0 ], [ -0.309017, -0.5, 0.809017, 0.0, 0.5, -0.809017, -0.309017, 0.0, 0.809017, 0.309017, 0.5, 0.0, 0.0, 0.0, 0.0, 1.0 ], [ -0.5, -0.809017, -0.309017, 0.0, -0.809017, 0.309017, 0.5, 0.0, -0.309017, 0.5, -0.809017, 0.0, 0.0, 0.0, 0.0, 1.0 ], [ 0.309017, -0.5, 0.809017, 0.0, -0.5, -0.809017, -0.309017, 0.0, 0.809017, -0.309017, -0.5, 0.0, 0.0, 0.0, 0.0, 1.0 ], [ -0.809017, 0.309017, 0.5, 0.0, 0.309017, -0.5, 0.809017, 0.0, 0.5, 0.809017, 0.309017, 0.0, 0.0, 0.0, 0.0, 1.0 ], [ -0.5, -0.809017, 0.309017, 0.0, -0.809017, 0.309017, -0.5, 0.0, 0.309017, -0.5, -0.809017, 0.0, 0.0, 0.0, 0.0, 1.0 ], [ -0.309017, 0.5, 0.809017, 0.0, -0.5, -0.809017, 0.309017, 0.0, 0.809017, -0.309017, 0.5, 0.0, 0.0, 0.0, 0.0, 1.0 ], [ -0.809017, 0.309017, -0.5, 0.0, -0.309017, 0.5, 0.809017, 0.0, 0.5, 0.809017, -0.309017, 0.0, 0.0, 0.0, 0.0, 1.0 ], [ -0.809017, -0.309017, 0.5, 0.0, -0.309017, -0.5, -0.809017, 0.0, 0.5, -0.809017, 0.309017, 0.0, 0.0, 0.0, 0.0, 1.0 ], [ -0.5, 0.809017, -0.309017, 0.0, -0.809017, -0.309017, 0.5, 0.0, 0.309017, 0.5, 0.809017, 0.0, 0.0, 0.0, 0.0, 1.0 ], [ -0.309017, -0.5, -0.809017, 0.0, -0.5, 0.809017, -0.309017, 0.0, 0.809017, 0.309017, -0.5, 0.0, 0.0, 0.0, 0.0, 1.0 ], [ -1.0, 0.0, 0.0, 0.0, 0.0, 1.0, 0.0, 0.0, 0.0, 0.0, -1.0, 0.0, 0.0, 0.0, 0.0, 1.0 ], [ 0.0, 0.0, -1.0, 0.0, 1.0, 0.0, 0.0, 0.0, 0.0, -1.0, 0.0, 0.0, 0.0, 0.0, 0.0, 1.0 ], [ 0.0, -1.0, 0.0, 0.0, 0.0, 0.0, 1.0, 0.0, -1.0, 0.0, 0.0, 0.0, 0.0, 0.0, 0.0, 1.0 ], [ -0.809017, -0.309017, -0.5, 0.0, 0.309017, 0.5, -0.809017, 0.0, 0.5, -0.809017, -0.309017, 0.0, 0.0, 0.0, 0.0, 1.0 ], [ 0.5, -0.809017, -0.309017, 0.0, 0.809017, 0.309017, 0.5, 0.0, -0.309017, -0.5, 0.809017, 0.0, 0.0, 0.0, 0.0, 1.0 ], [ -0.309017, -0.5, 0.809017, 0.0, -0.5, 0.809017, 0.309017, 0.0, -0.809017, -0.309017, -0.5, 0.0, 0.0, 0.0, 0.0, 1.0 ], [ -0.5, -0.809017, -0.309017, 0.0, 0.809017, -0.309017, -0.5, 0.0, 0.309017, -0.5, 0.809017, 0.0, 0.0, 0.0, 0.0, 1.0 ], [ 0.309017, -0.5, 0.809017, 0.0, 0.5, 0.809017, 0.309017, 0.0, -0.809017, 0.309017, 0.5, 0.0, 0.0, 0.0, 0.0, 1.0 ], [ -0.809017, 0.309017, 0.5, 0.0, -0.309017, 0.5, -0.809017, 0.0, -0.5, -0.809017, -0.309017, 0.0, 0.0, 0.0, 0.0, 1.0 ], [ -0.5, -0.809017, 0.309017, 0.0, 0.809017, -0.309017, 0.5, 0.0, -0.309017, 0.5, 0.809017, 0.0, 0.0, 0.0, 0.0, 1.0 ], [ -0.309017, 0.5, 0.809017, 0.0, 0.5, 0.809017, -0.309017, 0.0, -0.809017, 0.309017, -0.5, 0.0, 0.0, 0.0, 0.0, 1.0 ], [ -0.809017, 0.309017, -0.5, 0.0, 0.309017, -0.5, -0.809017, 0.0, -0.5, -0.809017, 0.309017, 0.0, 0.0, 0.0, 0.0, 1.0 ], [ -0.809017, -0.309017, 0.5, 0.0, 0.309017, 0.5, 0.809017, 0.0, -0.5, 0.809017, -0.309017, 0.0, 0.0, 0.0, 0.0, 1.0 ], [ -0.5, 0.809017, -0.309017, 0.0, 0.809017, 0.309017, -0.5, 0.0, -0.309017, -0.5, -0.809017, 0.0, 0.0, 0.0, 0.0, 1.0 ], [ -0.309017, -0.5, -0.809017, 0.0, 0.5, -0.809017, 0.309017, 0.0, -0.809017, -0.309017, 0.5, 0.0, 0.0, 0.0, 0.0, 1.0 ] ],
  "lights" : {
    "directionalLights" : [ {
      "direction" : {
        "x" : 1.0,
        "y" : -1.0,
        "z" : -1.0
      },
      "color" : "#EBEBE4"
    }, {
      "direction" : {
        "x" : -1.0,
        "y" : 0.0,
        "z" : 0.0
      },
      "color" : "#E4E4EB"
    }, {
      "direction" : {
        "x" : 0.0,
        "y" : 0.0,
        "z" : -1.0
      },
      "color" : "#1E1E1E"
    } ],
    "backgroundColor" : "#AFC8DC",
    "ambientColor" : "#292929"
  },
  "camera" : {
    "width" : 135.68982,
    "position" : {
      "x" : 182.22365,
      "y" : -72.282036,
      "z" : -229.1106
    },
    "perspective" : false,
    "farClipDistance" : 603.06555,
    "lookAtPoint" : {
      "x" : 0.0,
      "y" : 0.0,
      "z" : 0.0
    },
    "viewDistance" : 301.533,
    "fieldOfView" : 0.44262883,
    "nearClipDistance" : 0.75383294,
    "lookDirection" : {
      "x" : -0.6043241,
      "y" : 0.23971519,
      "z" : 0.7598193
    },
    "upDirection" : {
      "x" : -0.6488816,
      "y" : -0.70146275,
      "z" : -0.29478773
    },
    "stereo" : false
  },
  "embedding" : [ 1.0, 0.0, 0.0, 0.0, 0.0, 1.0, 0.0, 0.0, 0.0, 0.0, 1.0, 0.0, 0.0, 0.0, 0.0, 1.0 ],
  "shapes" : [ {
    "id" : "3615a7e0-8a1a-41c5-8eee-518c43248395",
    "vertices" : [ {
      "x" : 0.13333334,
      "y" : 6.2020435,
      "z" : -0.95633763
    }, {
      "x" : -0.26666668,
      "y" : 6.302044,
      "z" : -1.0563376
    }, {
      "x" : -0.13333334,
      "y" : 0.65205824,
      "z" : -0.33545846
    }, {
      "x" : 0.26666668,
      "y" : 0.5520583,
      "z" : -0.23545845
    }, {
      "x" : -0.13333334,
      "y" : 6.0687103,
      "z" : -1.3563377
    }, {
      "x" : 0.26666668,
      "y" : 5.9687104,
      "z" : -1.2563376
    }, {
      "x" : 0.13333334,
      "y" : 0.78539157,
      "z" : 0.06454155
    }, {
      "x" : -0.26666668,
      "y" : 0.8853916,
      "z" : -0.035458453
    } ],
    "faces" : [ {
      "vertices" : [ 2, 3, 6 ]
    }, {
      "vertices" : [ 2, 6, 7 ]
    }, {
      "vertices" : [ 0, 5, 4 ]
    }, {
      "vertices" : [ 0, 4, 1 ]
    }, {
      "vertices" : [ 2, 4, 5 ]
    }, {
      "vertices" : [ 2, 5, 3 ]
    }, {
      "vertices" : [ 0, 6, 3 ]
    }, {
      "vertices" : [ 0, 3, 5 ]
    }, {
      "vertices" : [ 0, 1, 7 ]
    }, {
      "vertices" : [ 0, 7, 6 ]
    }, {
      "vertices" : [ 1, 4, 2 ]
    }, {
      "vertices" : [ 1, 2, 7 ]
    } ]
  }, {
    "id" : "b0d97175-75ab-40c6-8820-d55d9e3e08f9",
    "vertices" : [ {
      "x" : 4.849784,
      "y" : 0.67865795,
      "z" : 10.650477
    }, {
      "x" : 4.749784,
      "y" : 1.078658,
      "z" : 10.550477
    }, {
      "x" : 0.38628408,
      "y" : 0.32134205,
      "z" : 0.43969274
    }, {
      "x" : 0.48628408,
      "y" : -0.07865794,
      "z" : 0.53969276
    }, {
      "x" : 5.0497837,
      "y" : 1.2119913,
      "z" : 10.317143
    }, {
      "x" : 5.149784,
      "y" : 0.8119913,
      "z" : 10.417144
    }, {
      "x" : 0.18628408,
      "y" : -0.21199128,
      "z" : 0.77302605
    }, {
      "x" : 0.08628407,
      "y" : 0.18800873,
      "z" : 0.6730261
    } ],
    "faces" : [ {
      "vertices" : [ 2, 3, 6 ]
    }, {
      "vertices" : [ 2, 6, 7 ]
    }, {
      "vertices" : [ 0, 5, 4 ]
    }, {
      "vertices" : [ 0, 4, 1 ]
    }, {
      "vertices" : [ 2, 4, 5 ]
    }, {
      "vertices" : [ 2, 5, 3 ]
    }, {
      "vertices" : [ 0, 6, 3 ]
    }, {
      "vertices" : [ 0, 3, 5 ]
    }, {
      "vertices" : [ 0, 1, 7 ]
    }, {
      "vertices" : [ 0, 7, 6 ]
    }, {
      "vertices" : [ 1, 4, 2 ]
    }, {
      "vertices" : [ 1, 2, 7 ]
    } ]
  }, {
    "id" : "cae80a2a-0013-4c92-8eae-17f862e0e4f9",
    "vertices" : [ {
      "x" : 9.5748415,
      "y" : -0.26666668,
      "z" : -2.6131546
    }, {
      "x" : 9.474842,
      "y" : 0.13333334,
      "z" : -2.5131545
    }, {
      "x" : 0.51532805,
      "y" : 0.26666668,
      "z" : -0.29667544
    }, {
      "x" : 0.6153281,
      "y" : -0.13333334,
      "z" : -0.39667547
    }, {
      "x" : 9.2415085,
      "y" : 0.26666668,
      "z" : -2.8131547
    }, {
      "x" : 9.341509,
      "y" : -0.13333334,
      "z" : -2.9131546
    }, {
      "x" : 0.8486614,
      "y" : -0.26666668,
      "z" : -0.096675456
    }, {
      "x" : 0.7486614,
      "y" : 0.13333334,
      "z" : 0.003324546
    } ],
    "faces" : [ {
      "vertices" : [ 2, 3, 6 ]
    }, {
      "vertices" : [ 2, 6, 7 ]
    }, {
      "vertices" : [ 0, 5, 4 ]
    }, {
      "vertices" : [ 0, 4, 1 ]
    }, {
      "vertices" : [ 2, 4, 5 ]
    }, {
      "vertices" : [ 2, 5, 3 ]
    }, {
      "vertices" : [ 0, 6, 3 ]
    }, {
      "vertices" : [ 0, 3, 5 ]
    }, {
      "vertices" : [ 0, 1, 7 ]
    }, {
      "vertices" : [ 0, 7, 6 ]
    }, {
      "vertices" : [ 1, 4, 2 ]
    }, {
      "vertices" : [ 1, 2, 7 ]
    } ]
  }, {
    "id" : "78d128da-a883-4f57-abf6-caaae6eaae9d",
    "vertices" : [ {
      "x" : 0.309017,
      "y" : -0.809017,
      "z" : 0.618034
    }, {
      "x" : 0.809017,
      "y" : -0.618034,
      "z" : 0.309017
    }, {
      "x" : 0.618034,
      "y" : -0.309017,
      "z" : 0.809017
    }, {
      "x" : 1.0,
      "y" : 0.309017,
      "z" : 0.19098301
    }, {
      "x" : 0.809017,
      "y" : 0.618034,
      "z" : 0.309017
    }, {
      "x" : 0.618034,
      "y" : 0.309017,
      "z" : 0.809017
    }, {
      "x" : 0.809017,
      "y" : 0.0,
      "z" : 0.690983
    }, {
      "x" : 0.19098301,
      "y" : -1.0,
      "z" : 0.309017
    }, {
      "x" : -0.19098301,
      "y" : -1.0,
      "z" : 0.309017
    }, {
      "x" : -0.19098301,
      "y" : -1.0,
      "z" : -0.309017
    }, {
      "x" : 0.19098301,
      "y" : -1.0,
      "z" : -0.309017
    }, {
      "x" : 1.0,
      "y" : -0.309017,
      "z" : -0.19098301
    }, {
      "x" : 0.809017,
      "y" : -0.618034,
      "z" : -0.309017
    }, {
      "x" : 0.618034,
      "y" : -0.309017,
      "z" : -0.809017
    }, {
      "x" : 0.809017,
      "y" : 0.0,
      "z" : -0.690983
    }, {
      "x" : 0.0,
      "y" : 0.690983,
      "z" : -0.809017
    }, {
      "x" : 0.309017,
      "y" : 0.809017,
      "z" : -0.618034
    }, {
      "x" : 0.618034,
      "y" : 0.309017,
      "z" : -0.809017
    }, {
      "x" : 0.309017,
      "y" : 0.19098301,
      "z" : -1.0
    }, {
      "x" : 1.0,
      "y" : 0.309017,
      "z" : -0.19098301
    }, {
      "x" : -0.309017,
      "y" : -0.809017,
      "z" : 0.618034
    }, {
      "x" : 0.0,
      "y" : -0.690983,
      "z" : 0.809017
    }, {
      "x" : 0.809017,
      "y" : 0.618034,
      "z" : -0.309017
    }, {
      "x" : 0.690983,
      "y" : 0.809017,
      "z" : 0.0
    }, {
      "x" : -0.690983,
      "y" : 0.809017,
      "z" : 0.0
    }, {
      "x" : -0.809017,
      "y" : 0.618034,
      "z" : 0.309017
    }, {
      "x" : -0.309017,
      "y" : 0.809017,
      "z" : 0.618034
    }, {
      "x" : -0.19098301,
      "y" : 1.0,
      "z" : 0.309017
    }, {
      "x" : 0.309017,
      "y" : -0.19098301,
      "z" : -1.0
    }, {
      "x" : 0.19098301,
      "y" : 1.0,
      "z" : 0.309017
    }, {
      "x" : 0.309017,
      "y" : 0.809017,
      "z" : 0.618034
    }, {
      "x" : -0.809017,
      "y" : -0.618034,
      "z" : 0.309017
    }, {
      "x" : -0.690983,
      "y" : -0.809017,
      "z" : 0.0
    }, {
      "x" : 0.0,
      "y" : 0.690983,
      "z" : 0.809017
    }, {
      "x" : 0.309017,
      "y" : -0.809017,
      "z" : -0.618034
    }, {
      "x" : 0.0,
      "y" : -0.690983,
      "z" : -0.809017
    }, {
      "x" : -1.0,
      "y" : 0.309017,
      "z" : 0.19098301
    }, {
      "x" : -0.809017,
      "y" : 0.0,
      "z" : 0.690983
    }, {
      "x" : -0.618034,
      "y" : 0.309017,
      "z" : 0.809017
    }, {
      "x" : 1.0,
      "y" : -0.309017,
      "z" : 0.19098301
    }, {
      "x" : -0.309017,
      "y" : -0.809017,
      "z" : -0.618034
    }, {
      "x" : -1.0,
      "y" : 0.309017,
      "z" : -0.19098301
    }, {
      "x" : -1.0,
      "y" : -0.309017,
      "z" : -0.19098301
    }, {
      "x" : -1.0,
      "y" : -0.309017,
      "z" : 0.19098301
    }, {
      "x" : 0.19098301,
      "y" : 1.0,
      "z" : -0.309017
    }, {
      "x" : -0.809017,
      "y" : 0.618034,
      "z" : -0.309017
    }, {
      "x" : -0.19098301,
      "y" : 1.0,
      "z" : -0.309017
    }, {
      "x" : -0.309017,
      "y" : 0.809017,
      "z" : -0.618034
    }, {
      "x" : -0.618034,
      "y" : -0.309017,
      "z" : 0.809017
    }, {
      "x" : 0.309017,
      "y" : 0.19098301,
      "z" : 1.0
    }, {
      "x" : -0.309017,
      "y" : 0.19098301,
      "z" : -1.0
    }, {
      "x" : -0.309017,
      "y" : 0.19098301,
      "z" : 1.0
    }, {
      "x" : -0.309017,
      "y" : -0.19098301,
      "z" : 1.0
    }, {
      "x" : 0.309017,
      "y" : -0.19098301,
      "z" : 1.0
    }, {
      "x" : 0.690983,
      "y" : -0.809017,
      "z" : 0.0
    }, {
      "x" : -0.809017,
      "y" : 0.0,
      "z" : -0.690983
    }, {
      "x" : -0.618034,
      "y" : -0.309017,
      "z" : -0.809017
    }, {
      "x" : -0.309017,
      "y" : -0.19098301,
      "z" : -1.0
    }, {
      "x" : -0.618034,
      "y" : 0.309017,
      "z" : -0.809017
    }, {
      "x" : -0.809017,
      "y" : -0.618034,
      "z" : -0.309017
    } ],
    "faces" : [ {
      "vertices" : [ 9, 40, 35 ]
    }, {
      "vertices" : [ 9, 35, 34 ]
    }, {
      "vertices" : [ 9, 34, 10 ]
    }, {
      "vertices" : [ 0, 1, 2 ]
    }, {
      "vertices" : [ 33, 51, 49 ]
    }, {
      "vertices" : [ 25, 36, 37 ]
    }, {
      "vertices" : [ 25, 37, 38 ]
    }, {
      "vertices" : [ 41, 55, 42 ]
    }, {
      "vertices" : [ 9, 32, 59 ]
    }, {
      "vertices" : [ 9, 59, 40 ]
    }, {
      "vertices" : [ 20, 21, 52 ]
    }, {
      "vertices" : [ 20, 52, 48 ]
    }, {
      "vertices" : [ 26, 33, 30 ]
    }, {
      "vertices" : [ 26, 30, 29 ]
    }, {
      "vertices" : [ 26, 29, 27 ]
    }, {
      "vertices" : [ 3, 4, 5 ]
    }, {
      "vertices" : [ 3, 5, 6 ]
    }, {
      "vertices" : [ 27, 29, 44 ]
    }, {
      "vertices" : [ 27, 44, 46 ]
    }, {
      "vertices" : [ 50, 57, 56 ]
    }, {
      "vertices" : [ 50, 56, 55 ]
    }, {
      "vertices" : [ 50, 55, 58 ]
    }, {
      "vertices" : [ 26, 38, 51 ]
    }, {
      "vertices" : [ 26, 51, 33 ]
    }, {
      "vertices" : [ 45, 47, 58 ]
    }, {
      "vertices" : [ 18, 28, 57 ]
    }, {
      "vertices" : [ 18, 57, 50 ]
    }, {
      "vertices" : [ 40, 59, 56 ]
    }, {
      "vertices" : [ 31, 48, 37 ]
    }, {
      "vertices" : [ 31, 37, 43 ]
    }, {
      "vertices" : [ 7, 8, 9 ]
    }, {
      "vertices" : [ 7, 9, 10 ]
    }, {
      "vertices" : [ 36, 41, 42 ]
    }, {
      "vertices" : [ 36, 42, 43 ]
    }, {
      "vertices" : [ 24, 46, 47 ]
    }, {
      "vertices" : [ 24, 47, 45 ]
    }, {
      "vertices" : [ 4, 30, 5 ]
    }, {
      "vertices" : [ 15, 47, 46 ]
    }, {
      "vertices" : [ 15, 46, 44 ]
    }, {
      "vertices" : [ 15, 44, 16 ]
    }, {
      "vertices" : [ 15, 50, 58 ]
    }, {
      "vertices" : [ 15, 58, 47 ]
    }, {
      "vertices" : [ 24, 45, 41 ]
    }, {
      "vertices" : [ 24, 41, 36 ]
    }, {
      "vertices" : [ 24, 36, 25 ]
    }, {
      "vertices" : [ 11, 14, 19 ]
    }, {
      "vertices" : [ 3, 6, 39 ]
    }, {
      "vertices" : [ 1, 39, 6 ]
    }, {
      "vertices" : [ 1, 6, 2 ]
    }, {
      "vertices" : [ 8, 32, 9 ]
    }, {
      "vertices" : [ 11, 12, 13 ]
    }, {
      "vertices" : [ 11, 13, 14 ]
    }, {
      "vertices" : [ 16, 22, 17 ]
    }, {
      "vertices" : [ 0, 21, 20 ]
    }, {
      "vertices" : [ 0, 20, 8 ]
    }, {
      "vertices" : [ 0, 8, 7 ]
    }, {
      "vertices" : [ 12, 34, 13 ]
    }, {
      "vertices" : [ 35, 40, 56 ]
    }, {
      "vertices" : [ 35, 56, 57 ]
    }, {
      "vertices" : [ 0, 7, 54 ]
    }, {
      "vertices" : [ 0, 54, 1 ]
    }, {
      "vertices" : [ 15, 16, 17 ]
    }, {
      "vertices" : [ 15, 17, 18 ]
    }, {
      "vertices" : [ 3, 19, 22 ]
    }, {
      "vertices" : [ 3, 22, 23 ]
    }, {
      "vertices" : [ 3, 23, 4 ]
    }, {
      "vertices" : [ 7, 10, 54 ]
    }, {
      "vertices" : [ 41, 45, 58 ]
    }, {
      "vertices" : [ 41, 58, 55 ]
    }, {
      "vertices" : [ 3, 39, 11 ]
    }, {
      "vertices" : [ 3, 11, 19 ]
    }, {
      "vertices" : [ 14, 17, 22 ]
    }, {
      "vertices" : [ 14, 22, 19 ]
    }, {
      "vertices" : [ 0, 2, 53 ]
    }, {
      "vertices" : [ 0, 53, 21 ]
    }, {
      "vertices" : [ 49, 51, 52 ]
    }, {
      "vertices" : [ 49, 52, 53 ]
    }, {
      "vertices" : [ 31, 43, 42 ]
    }, {
      "vertices" : [ 31, 42, 59 ]
    }, {
      "vertices" : [ 31, 59, 32 ]
    }, {
      "vertices" : [ 15, 18, 50 ]
    }, {
      "vertices" : [ 42, 55, 56 ]
    }, {
      "vertices" : [ 42, 56, 59 ]
    }, {
      "vertices" : [ 4, 23, 29 ]
    }, {
      "vertices" : [ 4, 29, 30 ]
    }, {
      "vertices" : [ 25, 38, 26 ]
    }, {
      "vertices" : [ 13, 28, 18 ]
    }, {
      "vertices" : [ 13, 18, 17 ]
    }, {
      "vertices" : [ 13, 17, 14 ]
    }, {
      "vertices" : [ 8, 20, 31 ]
    }, {
      "vertices" : [ 8, 31, 32 ]
    }, {
      "vertices" : [ 23, 44, 29 ]
    }, {
      "vertices" : [ 24, 27, 46 ]
    }, {
      "vertices" : [ 37, 48, 52 ]
    }, {
      "vertices" : [ 37, 52, 51 ]
    }, {
      "vertices" : [ 37, 51, 38 ]
    }, {
      "vertices" : [ 20, 48, 31 ]
    }, {
      "vertices" : [ 24, 25, 26 ]
    }, {
      "vertices" : [ 24, 26, 27 ]
    }, {
      "vertices" : [ 16, 44, 23 ]
    }, {
      "vertices" : [ 16, 23, 22 ]
    }, {
      "vertices" : [ 13, 34, 35 ]
    }, {
      "vertices" : [ 13, 35, 28 ]
    }, {
      "vertices" : [ 10, 34, 12 ]
    }, {
      "vertices" : [ 10, 12, 54 ]
    }, {
      "vertices" : [ 2, 6, 5 ]
    }, {
      "vertices" : [ 2, 5, 49 ]
    }, {
      "vertices" : [ 2, 49, 53 ]
    }, {
      "vertices" : [ 36, 43, 37 ]
    }, {
      "vertices" : [ 5, 30, 33 ]
    }, {
      "vertices" : [ 5, 33, 49 ]
    }, {
      "vertices" : [ 1, 54, 12 ]
    }, {
      "vertices" : [ 1, 12, 11 ]
    }, {
      "vertices" : [ 1, 11, 39 ]
    }, {
      "vertices" : [ 28, 35, 57 ]
    }, {
      "vertices" : [ 21, 53, 52 ]
    } ]
  } ],
  "instances" : [ {
    "shape" : "3615a7e0-8a1a-41c5-8eee-518c43248395",
    "color" : "#FF0000",
    "position" : {
      "x" : 0.0,
      "y" : 6.854102,
      "z" : -17.944271
    },
    "orientation" : 30
  }, {
    "shape" : "3615a7e0-8a1a-41c5-8eee-518c43248395",
    "color" : "#FF0000",
    "position" : {
      "x" : -17.944271,
      "y" : 0.0,
      "z" : 6.854102
    },
    "orientation" : 16
  }, {
    "shape" : "b0d97175-75ab-40c6-8820-d55d9e3e08f9",
    "color" : "#FFFF00",
    "position" : {
      "x" : -17.944271,
      "y" : 0.0,
      "z" : 6.854102
    },
    "orientation" : 53
  }, {
    "shape" : "cae80a2a-0013-4c92-8eae-17f862e0e4f9",
    "color" : "#0000FF",
    "position" : {
      "x" : 5.944272,
      "y" : 9.618034,
      "z" : -15.562305
    },
    "orientation" : 28
  }, {
    "shape" : "b0d97175-75ab-40c6-8820-d55d9e3e08f9",
    "color" : "#FFFF00",
    "position" : {
      "x" : -17.944271,
      "y" : 0.0,
      "z" : -6.854102
    },
    "orientation" : 55
  }, {
    "shape" : "cae80a2a-0013-4c92-8eae-17f862e0e4f9",
    "color" : "#0000FF",
    "position" : {
      "x" : -15.562305,
      "y" : -5.944272,
      "z" : -9.618034
    },
    "orientation" : 44
  }, {
    "shape" : "b0d97175-75ab-40c6-8820-d55d9e3e08f9",
    "color" : "#FFFF00",
    "position" : {
      "x" : -6.854102,
      "y" : -17.944271,
      "z" : 0.0
    },
    "orientation" : 41
  }, {
    "shape" : "cae80a2a-0013-4c92-8eae-17f862e0e4f9",
    "color" : "#0000FF",
    "position" : {
      "x" : -10.09017,
      "y" : 0.0,
      "z" : -16.326239
    },
    "orientation" : 13
  }, {
    "shape" : "cae80a2a-0013-4c92-8eae-17f862e0e4f9",
    "color" : "#0000FF",
    "position" : {
      "x" : -10.09017,
      "y" : 0.0,
      "z" : -16.326239
    },
    "orientation" : 0
  }, {
    "shape" : "3615a7e0-8a1a-41c5-8eee-518c43248395",
    "color" : "#FF0000",
    "position" : {
      "x" : 11.09017,
      "y" : -11.09017,
      "z" : -11.09017
    },
    "orientation" : 5
  }, {
    "shape" : "b0d97175-75ab-40c6-8820-d55d9e3e08f9",
    "color" : "#FFFF00",
    "position" : {
      "x" : -11.09017,
      "y" : -11.09017,
      "z" : -11.09017
    },
    "orientation" : 29
  }, {
    "shape" : "cae80a2a-0013-4c92-8eae-17f862e0e4f9",
    "color" : "#0000FF",
    "position" : {
      "x" : 5.944272,
      "y" : -9.618034,
      "z" : -15.562305
    },
    "orientation" : 39
  }, {
    "shape" : "cae80a2a-0013-4c92-8eae-17f862e0e4f9",
    "color" : "#0000FF",
    "position" : {
      "x" : -16.326239,
      "y" : -10.09017,
      "z" : 0.0
    },
    "orientation" : 14
  }, {
    "shape" : "cae80a2a-0013-4c92-8eae-17f862e0e4f9",
    "color" : "#0000FF",
    "position" : {
      "x" : -5.944272,
      "y" : 9.618034,
      "z" : -15.562305
    },
    "orientation" : 9
  }, {
    "shape" : "3615a7e0-8a1a-41c5-8eee-518c43248395",
    "color" : "#FF0000",
    "position" : {
      "x" : -9.618034,
      "y" : -15.562305,
      "z" : 5.944272
    },
    "orientation" : 8
  }, {
    "shape" : "cae80a2a-0013-4c92-8eae-17f862e0e4f9",
    "color" : "#0000FF",
    "position" : {
      "x" : -9.618034,
      "y" : -15.562305,
      "z" : 5.944272
    },
    "orientation" : 56
  }, {
    "shape" : "3615a7e0-8a1a-41c5-8eee-518c43248395",
    "color" : "#FF0000",
    "position" : {
      "x" : -15.562305,
      "y" : 5.944272,
      "z" : -9.618034
    },
    "orientation" : 7
  }, {
    "shape" : "cae80a2a-0013-4c92-8eae-17f862e0e4f9",
    "color" : "#0000FF",
    "position" : {
      "x" : 0.0,
      "y" : 16.326239,
      "z" : -10.09017
    },
    "orientation" : 42
  }, {
    "shape" : "3615a7e0-8a1a-41c5-8eee-518c43248395",
    "color" : "#FF0000",
    "position" : {
      "x" : 0.0,
      "y" : -19.236069,
      "z" : 0.0
    },
    "orientation" : 32
  }, {
    "shape" : "3615a7e0-8a1a-41c5-8eee-518c43248395",
    "color" : "#FF0000",
    "position" : {
      "x" : 0.0,
      "y" : -6.854102,
      "z" : -17.944271
    },
    "orientation" : 54
  }, {
    "shape" : "cae80a2a-0013-4c92-8eae-17f862e0e4f9",
    "color" : "#0000FF",
    "position" : {
      "x" : 10.09017,
      "y" : 0.0,
      "z" : -16.326239
    },
    "orientation" : 5
  }, {
    "shape" : "cae80a2a-0013-4c92-8eae-17f862e0e4f9",
    "color" : "#0000FF",
    "position" : {
      "x" : -10.09017,
      "y" : 0.0,
      "z" : -16.326239
    },
    "orientation" : 40
  }, {
    "shape" : "3615a7e0-8a1a-41c5-8eee-518c43248395",
    "color" : "#FF0000",
    "position" : {
      "x" : 5.944272,
      "y" : 9.618034,
      "z" : -15.562305
    },
    "orientation" : 4
  }, {
    "shape" : "78d128da-a883-4f57-abf6-caaae6eaae9d",
    "color" : "#000000",
    "position" : {
      "x" : 11.09017,
      "y" : -11.09017,
      "z" : -11.09017
    }
  }, {
    "shape" : "78d128da-a883-4f57-abf6-caaae6eaae9d",
    "color" : "#99CC00",
    "position" : {
      "x" : 5.944272,
      "y" : -9.618034,
      "z" : -15.562305
    }
  }, {
    "shape" : "3615a7e0-8a1a-41c5-8eee-518c43248395",
    "color" : "#FF0000",
    "position" : {
      "x" : 15.562305,
      "y" : 5.944272,
      "z" : -9.618034
    },
    "orientation" : 14
  }, {
    "shape" : "b0d97175-75ab-40c6-8820-d55d9e3e08f9",
    "color" : "#FFFF00",
    "position" : {
      "x" : 0.0,
      "y" : -6.854102,
      "z" : -17.944271
    },
    "orientation" : 24
  }, {
    "shape" : "3615a7e0-8a1a-41c5-8eee-518c43248395",
    "color" : "#FF0000",
    "position" : {
      "x" : -17.944271,
      "y" : 0.0,
      "z" : -6.854102
    },
    "orientation" : 40
  }, {
    "shape" : "78d128da-a883-4f57-abf6-caaae6eaae9d",
    "color" : "#99CC00",
    "position" : {
      "x" : -15.562305,
      "y" : -5.944272,
      "z" : -9.618034
    }
  }, {
    "shape" : "3615a7e0-8a1a-41c5-8eee-518c43248395",
    "color" : "#FF0000",
    "position" : {
      "x" : 0.0,
      "y" : -19.236069,
      "z" : 0.0
    },
    "orientation" : 17
  }, {
    "shape" : "cae80a2a-0013-4c92-8eae-17f862e0e4f9",
    "color" : "#0000FF",
    "position" : {
      "x" : -15.562305,
      "y" : 5.944272,
      "z" : -9.618034
    },
    "orientation" : 7
  }, {
    "shape" : "78d128da-a883-4f57-abf6-caaae6eaae9d",
    "color" : "#FFFFFF",
    "position" : {
      "x" : 16.326239,
      "y" : -10.09017,
      "z" : 0.0
    }
  }, {
    "shape" : "78d128da-a883-4f57-abf6-caaae6eaae9d",
    "color" : "#99CC00",
    "position" : {
      "x" : -15.562305,
      "y" : 5.944272,
      "z" : -9.618034
    }
  }, {
    "shape" : "3615a7e0-8a1a-41c5-8eee-518c43248395",
    "color" : "#FF0000",
    "position" : {
      "x" : 9.618034,
      "y" : -15.562305,
      "z" : -5.944272
    },
    "orientation" : 11
  }, {
    "shape" : "b0d97175-75ab-40c6-8820-d55d9e3e08f9",
    "color" : "#FFFF00",
    "position" : {
      "x" : 17.944271,
      "y" : 0.0,
      "z" : -6.854102
    },
    "orientation" : 25
  }, {
    "shape" : "78d128da-a883-4f57-abf6-caaae6eaae9d",
    "color" : "#99CC00",
    "position" : {
      "x" : 9.618034,
      "y" : -15.562305,
      "z" : 5.944272
    }
  }, {
    "shape" : "b0d97175-75ab-40c6-8820-d55d9e3e08f9",
    "color" : "#FFFF00",
    "position" : {
      "x" : -16.326239,
      "y" : -10.09017,
      "z" : 0.0
    },
    "orientation" : 13
  }, {
    "shape" : "cae80a2a-0013-4c92-8eae-17f862e0e4f9",
    "color" : "#0000FF",
    "position" : {
      "x" : -9.618034,
      "y" : -15.562305,
      "z" : 5.944272
    },
    "orientation" : 8
  }, {
    "shape" : "3615a7e0-8a1a-41c5-8eee-518c43248395",
    "color" : "#FF0000",
    "position" : {
      "x" : 0.0,
      "y" : -6.854102,
      "z" : -17.944271
    },
    "orientation" : 0
  }, {
    "shape" : "b0d97175-75ab-40c6-8820-d55d9e3e08f9",
    "color" : "#FFFF00",
    "position" : {
      "x" : -10.09017,
      "y" : 0.0,
      "z" : -16.326239
    },
    "orientation" : 32
  }, {
    "shape" : "3615a7e0-8a1a-41c5-8eee-518c43248395",
    "color" : "#FF0000",
    "position" : {
      "x" : -5.944272,
      "y" : -9.618034,
      "z" : -15.562305
    },
    "orientation" : 34
  }, {
    "shape" : "78d128da-a883-4f57-abf6-caaae6eaae9d",
    "color" : "#000000",
    "position" : {
      "x" : 0.0,
      "y" : 6.854102,
      "z" : -17.944271
    }
  }, {
    "shape" : "cae80a2a-0013-4c92-8eae-17f862e0e4f9",
    "color" : "#0000FF",
    "position" : {
      "x" : 0.0,
      "y" : -19.236069,
      "z" : 0.0
    },
    "orientation" : 17
  }, {
    "shape" : "b0d97175-75ab-40c6-8820-d55d9e3e08f9",
    "color" : "#FFFF00",
    "position" : {
      "x" : 0.0,
      "y" : -16.326239,
      "z" : 10.09017
    },
    "orientation" : 59
  }, {
    "shape" : "b0d97175-75ab-40c6-8820-d55d9e3e08f9",
    "color" : "#FFFF00",
    "position" : {
      "x" : -6.854102,
      "y" : -17.944271,
      "z" : 0.0
    },
    "orientation" : 50
  }, {
    "shape" : "cae80a2a-0013-4c92-8eae-17f862e0e4f9",
    "color" : "#0000FF",
    "position" : {
      "x" : -16.326239,
      "y" : 10.09017,
      "z" : 0.0
    },
    "orientation" : 3
  }, {
    "shape" : "b0d97175-75ab-40c6-8820-d55d9e3e08f9",
    "color" : "#FFFF00",
    "position" : {
      "x" : -10.09017,
      "y" : 0.0,
      "z" : -16.326239
    },
    "orientation" : 18
  }, {
    "shape" : "3615a7e0-8a1a-41c5-8eee-518c43248395",
    "color" : "#FF0000",
    "position" : {
      "x" : -6.854102,
      "y" : -17.944271,
      "z" : 0.0
    },
    "orientation" : 26
  }, {
    "shape" : "78d128da-a883-4f57-abf6-caaae6eaae9d",
    "color" : "#99CC00",
    "position" : {
      "x" : -5.944272,
      "y" : 9.618034,
      "z" : -15.562305
    }
  }, {
    "shape" : "cae80a2a-0013-4c92-8eae-17f862e0e4f9",
    "color" : "#0000FF",
    "position" : {
      "x" : 15.562305,
      "y" : -5.944272,
      "z" : -9.618034
    },
    "orientation" : 37
  }, {
    "shape" : "cae80a2a-0013-4c92-8eae-17f862e0e4f9",
    "color" : "#0000FF",
    "position" : {
      "x" : -19.236069,
      "y" : 0.0,
      "z" : 0.0
    },
    "orientation" : 46
  }, {
    "shape" : "3615a7e0-8a1a-41c5-8eee-518c43248395",
    "color" : "#FF0000",
    "position" : {
      "x" : 9.618034,
      "y" : -15.562305,
      "z" : -5.944272
    },
    "orientation" : 53
  }, {
    "shape" : "cae80a2a-0013-4c92-8eae-17f862e0e4f9",
    "color" : "#0000FF",
    "position" : {
      "x" : 10.09017,
      "y" : 0.0,
      "z" : -16.326239
    },
    "orientation" : 43
  }, {
    "shape" : "3615a7e0-8a1a-41c5-8eee-518c43248395",
    "color" : "#FF0000",
    "position" : {
      "x" : -11.09017,
      "y" : 11.09017,
      "z" : -11.09017
    },
    "orientation" : 3
  }, {
    "shape" : "cae80a2a-0013-4c92-8eae-17f862e0e4f9",
    "color" : "#0000FF",
    "position" : {
      "x" : -10.09017,
      "y" : 0.0,
      "z" : -16.326239
    },
    "orientation" : 21
  }, {
    "shape" : "78d128da-a883-4f57-abf6-caaae6eaae9d",
    "color" : "#99CC00",
    "position" : {
      "x" : -9.618034,
      "y" : -15.562305,
      "z" : 5.944272
    }
  }, {
    "shape" : "b0d97175-75ab-40c6-8820-d55d9e3e08f9",
    "color" : "#FFFF00",
    "position" : {
      "x" : 10.09017,
      "y" : 0.0,
      "z" : -16.326239
    },
    "orientation" : 2
  }, {
    "shape" : "78d128da-a883-4f57-abf6-caaae6eaae9d",
    "color" : "#000000",
    "position" : {
      "x" : -6.854102,
      "y" : -17.944271,
      "z" : 0.0
    }
  }, {
    "shape" : "cae80a2a-0013-4c92-8eae-17f862e0e4f9",
    "color" : "#0000FF",
    "position" : {
      "x" : 0.0,
      "y" : -16.326239,
      "z" : 10.09017
    },
    "orientation" : 23
  }, {
    "shape" : "cae80a2a-0013-4c92-8eae-17f862e0e4f9",
    "color" : "#0000FF",
    "position" : {
      "x" : 9.618034,
      "y" : -15.562305,
      "z" : 5.944272
    },
    "orientation" : 3
  }, {
    "shape" : "b0d97175-75ab-40c6-8820-d55d9e3e08f9",
    "color" : "#FFFF00",
    "position" : {
      "x" : -17.944271,
      "y" : 0.0,
      "z" : -6.854102
    },
    "orientation" : 19
  }, {
    "shape" : "3615a7e0-8a1a-41c5-8eee-518c43248395",
    "color" : "#FF0000",
    "position" : {
      "x" : 15.562305,
      "y" : 5.944272,
      "z" : -9.618034
    },
    "orientation" : 50
  }, {
    "shape" : "78d128da-a883-4f57-abf6-caaae6eaae9d",
    "color" : "#000000",
    "position" : {
      "x" : -11.09017,
      "y" : 11.09017,
      "z" : -11.09017
    }
  }, {
    "shape" : "cae80a2a-0013-4c92-8eae-17f862e0e4f9",
    "color" : "#0000FF",
    "position" : {
      "x" : 0.0,
      "y" : -16.326239,
      "z" : 10.09017
    },
    "orientation" : 47
  }, {
    "shape" : "cae80a2a-0013-4c92-8eae-17f862e0e4f9",
    "color" : "#0000FF",
    "position" : {
      "x" : -15.562305,
      "y" : 5.944272,
      "z" : -9.618034
    },
    "orientation" : 25
  }, {
    "shape" : "3615a7e0-8a1a-41c5-8eee-518c43248395",
    "color" : "#FF0000",
    "position" : {
      "x" : 5.944272,
      "y" : -9.618034,
      "z" : -15.562305
    },
    "orientation" : 6
  }, {
    "shape" : "78d128da-a883-4f57-abf6-caaae6eaae9d",
    "color" : "#FFFFFF",
    "position" : {
      "x" : 0.0,
      "y" : 16.326239,
      "z" : -10.09017
    }
  }, {
    "shape" : "3615a7e0-8a1a-41c5-8eee-518c43248395",
    "color" : "#FF0000",
    "position" : {
      "x" : 9.618034,
      "y" : -15.562305,
      "z" : 5.944272
    },
    "orientation" : 42
  }, {
    "shape" : "cae80a2a-0013-4c92-8eae-17f862e0e4f9",
    "color" : "#0000FF",
    "position" : {
      "x" : 9.618034,
      "y" : -15.562305,
      "z" : -5.944272
    },
    "orientation" : 11
  }, {
    "shape" : "78d128da-a883-4f57-abf6-caaae6eaae9d",
    "color" : "#000000",
    "position" : {
      "x" : -17.944271,
      "y" : 0.0,
      "z" : 6.854102
    }
  }, {
    "shape" : "3615a7e0-8a1a-41c5-8eee-518c43248395",
    "color" : "#FF0000",
    "position" : {
      "x" : -15.562305,
      "y" : -5.944272,
      "z" : -9.618034
    },
    "orientation" : 20
  }, {
    "shape" : "78d128da-a883-4f57-abf6-caaae6eaae9d",
    "color" : "#000000",
    "position" : {
      "x" : 0.0,
      "y" : -6.854102,
      "z" : -17.944271
    }
  }, {
    "shape" : "cae80a2a-0013-4c92-8eae-17f862e0e4f9",
    "color" : "#0000FF",
    "position" : {
      "x" : 10.09017,
      "y" : 0.0,
      "z" : -16.326239
    },
    "orientation" : 30
  }, {
    "shape" : "3615a7e0-8a1a-41c5-8eee-518c43248395",
    "color" : "#FF0000",
    "position" : {
      "x" : -11.09017,
      "y" : 11.09017,
      "z" : -11.09017
    },
    "orientation" : 19
  }, {
    "shape" : "78d128da-a883-4f57-abf6-caaae6eaae9d",
    "color" : "#FFFFFF",
    "position" : {
      "x" : -16.326239,
      "y" : 10.09017,
      "z" : 0.0
    }
  }, {
    "shape" : "78d128da-a883-4f57-abf6-caaae6eaae9d",
    "color" : "#FFFFFF",
    "position" : {
      "x" : -16.326239,
      "y" : -10.09017,
      "z" : 0.0
    }
  }, {
    "shape" : "78d128da-a883-4f57-abf6-caaae6eaae9d",
    "color" : "#99CC00",
    "position" : {
      "x" : 0.0,
      "y" : 0.0,
      "z" : -19.236069
    }
  }, {
    "shape" : "78d128da-a883-4f57-abf6-caaae6eaae9d",
    "color" : "#000000",
    "position" : {
      "x" : 6.854102,
      "y" : -17.944271,
      "z" : 0.0
    }
  }, {
    "shape" : "b0d97175-75ab-40c6-8820-d55d9e3e08f9",
    "color" : "#FFFF00",
    "position" : {
      "x" : 0.0,
      "y" : -16.326239,
      "z" : 10.09017
    },
    "orientation" : 6
  }, {
    "shape" : "cae80a2a-0013-4c92-8eae-17f862e0e4f9",
    "color" : "#0000FF",
    "position" : {
      "x" : 9.618034,
      "y" : -15.562305,
      "z" : -5.944272
    },
    "orientation" : 53
  }, {
    "shape" : "b0d97175-75ab-40c6-8820-d55d9e3e08f9",
    "color" : "#FFFF00",
    "position" : {
      "x" : 11.09017,
      "y" : -11.09017,
      "z" : -11.09017
    },
    "orientation" : 31
  }, {
    "shape" : "3615a7e0-8a1a-41c5-8eee-518c43248395",
    "color" : "#FF0000",
    "position" : {
      "x" : -17.944271,
      "y" : 0.0,
      "z" : -6.854102
    },
    "orientation" : 1
  }, {
    "shape" : "b0d97175-75ab-40c6-8820-d55d9e3e08f9",
    "color" : "#FFFF00",
    "position" : {
      "x" : -16.326239,
      "y" : -10.09017,
      "z" : 0.0
    },
    "orientation" : 15
  }, {
    "shape" : "b0d97175-75ab-40c6-8820-d55d9e3e08f9",
    "color" : "#FFFF00",
    "position" : {
      "x" : 0.0,
      "y" : -16.326239,
      "z" : -10.09017
    },
    "orientation" : 35
  }, {
    "shape" : "b0d97175-75ab-40c6-8820-d55d9e3e08f9",
    "color" : "#FFFF00",
    "position" : {
      "x" : 16.326239,
      "y" : -10.09017,
      "z" : 0.0
    },
    "orientation" : 56
  }, {
    "shape" : "78d128da-a883-4f57-abf6-caaae6eaae9d",
    "color" : "#99CC00",
    "position" : {
      "x" : 9.618034,
      "y" : -15.562305,
      "z" : -5.944272
    }
  }, {
    "shape" : "3615a7e0-8a1a-41c5-8eee-518c43248395",
    "color" : "#FF0000",
    "position" : {
      "x" : 0.0,
      "y" : 6.854102,
      "z" : -17.944271
    },
    "orientation" : 13
  }, {
    "shape" : "3615a7e0-8a1a-41c5-8eee-518c43248395",
    "color" : "#FF0000",
    "position" : {
      "x" : 0.0,
      "y" : -6.854102,
      "z" : -17.944271
    },
    "orientation" : 43
  }, {
    "shape" : "b0d97175-75ab-40c6-8820-d55d9e3e08f9",
    "color" : "#FFFF00",
    "position" : {
      "x" : 10.09017,
      "y" : 0.0,
      "z" : -16.326239
    },
    "orientation" : 42
  }, {
    "shape" : "b0d97175-75ab-40c6-8820-d55d9e3e08f9",
    "color" : "#FFFF00",
    "position" : {
      "x" : -17.944271,
      "y" : 0.0,
