{
  "polygons" : "true",
  "field" : "golden",
  "symmetry" : "icosahedral",
  "orientations" : [ [ 1.0, 0.0, 0.0, 0.0, 0.0, 1.0, 0.0, 0.0, 0.0, 0.0, 1.0, 0.0, 0.0, 0.0, 0.0, 1.0 ], [ 0.0, 0.0, 1.0, 0.0, 1.0, 0.0, 0.0, 0.0, 0.0, 1.0, 0.0, 0.0, 0.0, 0.0, 0.0, 1.0 ], [ 0.0, 1.0, 0.0, 0.0, 0.0, 0.0, 1.0, 0.0, 1.0, 0.0, 0.0, 0.0, 0.0, 0.0, 0.0, 1.0 ], [ 0.809017, 0.309017, 0.5, 0.0, 0.309017, 0.5, -0.809017, 0.0, -0.5, 0.809017, 0.309017, 0.0, 0.0, 0.0, 0.0, 1.0 ], [ -0.5, 0.809017, 0.309017, 0.0, 0.809017, 0.309017, 0.5, 0.0, 0.309017, 0.5, -0.809017, 0.0, 0.0, 0.0, 0.0, 1.0 ], [ 0.309017, 0.5, -0.809017, 0.0, -0.5, 0.809017, 0.309017, 0.0, 0.809017, 0.309017, 0.5, 0.0, 0.0, 0.0, 0.0, 1.0 ], [ 0.5, 0.809017, 0.309017, 0.0, 0.809017, -0.309017, -0.5, 0.0, -0.309017, 0.5, -0.809017, 0.0, 0.0, 0.0, 0.0, 1.0 ], [ -0.309017, 0.5, -0.809017, 0.0, 0.5, 0.809017, 0.309017, 0.0, 0.809017, -0.309017, -0.5, 0.0, 0.0, 0.0, 0.0, 1.0 ], [ 0.809017, -0.309017, -0.5, 0.0, -0.309017, 0.5, -0.809017, 0.0, 0.5, 0.809017, 0.309017, 0.0, 0.0, 0.0, 0.0, 1.0 ], [ 0.5, 0.809017, -0.309017, 0.0, 0.809017, -0.309017, 0.5, 0.0, 0.309017, -0.5, -0.809017, 0.0, 0.0, 0.0, 0.0, 1.0 ], [ 0.309017, -0.5, -0.809017, 0.0, 0.5, 0.809017, -0.309017, 0.0, 0.809017, -0.309017, 0.5, 0.0, 0.0, 0.0, 0.0, 1.0 ], [ 0.809017, -0.309017, 0.5, 0.0, 0.309017, -0.5, -0.809017, 0.0, 0.5, 0.809017, -0.309017, 0.0, 0.0, 0.0, 0.0, 1.0 ], [ 0.809017, 0.309017, -0.5, 0.0, 0.309017, 0.5, 0.809017, 0.0, 0.5, -0.809017, 0.309017, 0.0, 0.0, 0.0, 0.0, 1.0 ], [ 0.5, -0.809017, 0.309017, 0.0, 0.809017, 0.309017, -0.5, 0.0, 0.309017, 0.5, 0.809017, 0.0, 0.0, 0.0, 0.0, 1.0 ], [ 0.309017, 0.5, 0.809017, 0.0, 0.5, -0.809017, 0.309017, 0.0, 0.809017, 0.309017, -0.5, 0.0, 0.0, 0.0, 0.0, 1.0 ], [ 1.0, 0.0, 0.0, 0.0, 0.0, -1.0, 0.0, 0.0, 0.0, 0.0, -1.0, 0.0, 0.0, 0.0, 0.0, 1.0 ], [ 0.0, 0.0, 1.0, 0.0, -1.0, 0.0, 0.0, 0.0, 0.0, -1.0, 0.0, 0.0, 0.0, 0.0, 0.0, 1.0 ], [ 0.0, 1.0, 0.0, 0.0, 0.0, 0.0, -1.0, 0.0, -1.0, 0.0, 0.0, 0.0, 0.0, 0.0, 0.0, 1.0 ], [ 0.809017, 0.309017, 0.5, 0.0, -0.309017, -0.5, 0.809017, 0.0, 0.5, -0.809017, -0.309017, 0.0, 0.0, 0.0, 0.0, 1.0 ], [ -0.5, 0.809017, 0.309017, 0.0, -0.809017, -0.309017, -0.5, 0.0, -0.309017, -0.5, 0.809017, 0.0, 0.0, 0.0, 0.0, 1.0 ], [ 0.309017, 0.5, -0.809017, 0.0, 0.5, -0.809017, -0.309017, 0.0, -0.809017, -0.309017, -0.5, 0.0, 0.0, 0.0, 0.0, 1.0 ], [ 0.5, 0.809017, 0.309017, 0.0, -0.809017, 0.309017, 0.5, 0.0, 0.309017, -0.5, 0.809017, 0.0, 0.0, 0.0, 0.0, 1.0 ], [ -0.309017, 0.5, -0.809017, 0.0, -0.5, -0.809017, -0.309017, 0.0, -0.809017, 0.309017, 0.5, 0.0, 0.0, 0.0, 0.0, 1.0 ], [ 0.809017, -0.309017, -0.5, 0.0, 0.309017, -0.5, 0.809017, 0.0, -0.5, -0.809017, -0.309017, 0.0, 0.0, 0.0, 0.0, 1.0 ], [ 0.5, 0.809017, -0.309017, 0.0, -0.809017, 0.309017, -0.5, 0.0, -0.309017, 0.5, 0.809017, 0.0, 0.0, 0.0, 0.0, 1.0 ], [ 0.309017, -0.5, -0.809017, 0.0, -0.5, -0.809017, 0.309017, 0.0, -0.809017, 0.309017, -0.5, 0.0, 0.0, 0.0, 0.0, 1.0 ], [ 0.809017, -0.309017, 0.5, 0.0, -0.309017, 0.5, 0.809017, 0.0, -0.5, -0.809017, 0.309017, 0.0, 0.0, 0.0, 0.0, 1.0 ], [ 0.809017, 0.309017, -0.5, 0.0, -0.309017, -0.5, -0.809017, 0.0, -0.5, 0.809017, -0.309017, 0.0, 0.0, 0.0, 0.0, 1.0 ], [ 0.5, -0.809017, 0.309017, 0.0, -0.809017, -0.309017, 0.5, 0.0, -0.309017, -0.5, -0.809017, 0.0, 0.0, 0.0, 0.0, 1.0 ], [ 0.309017, 0.5, 0.809017, 0.0, -0.5, 0.809017, -0.309017, 0.0, -0.809017, -0.309017, 0.5, 0.0, 0.0, 0.0, 0.0, 1.0 ], [ -1.0, 0.0, 0.0, 0.0, 0.0, -1.0, 0.0, 0.0, 0.0, 0.0, 1.0, 0.0, 0.0, 0.0, 0.0, 1.0 ], [ 0.0, 0.0, -1.0, 0.0, -1.0, 0.0, 0.0, 0.0, 0.0, 1.0, 0.0, 0.0, 0.0, 0.0, 0.0, 1.0 ], [ 0.0, -1.0, 0.0, 0.0, 0.0, 0.0, -1.0, 0.0, 1.0, 0.0, 0.0, 0.0, 0.0, 0.0, 0.0, 1.0 ], [ -0.809017, -0.309017, -0.5, 0.0, -0.309017, -0.5, 0.809017, 0.0, -0.5, 0.809017, 0.309017, 0.0, 0.0, 0.0, 0.0, 1.0 ], [ 0.5, -0.809017, -0.309017, 0.0, -0.809017, -0.309017, -0.5, 0.0, 0.309017, 0.5, -0.809017, 0.0, 0.0, 0.0, 0.0, 1.0 ], [ -0.309017, -0.5, 0.809017, 0.0, 0.5, -0.809017, -0.309017, 0.0, 0.809017, 0.309017, 0.5, 0.0, 0.0, 0.0, 0.0, 1.0 ], [ -0.5, -0.809017, -0.309017, 0.0, -0.809017, 0.309017, 0.5, 0.0, -0.309017, 0.5, -0.809017, 0.0, 0.0, 0.0, 0.0, 1.0 ], [ 0.309017, -0.5, 0.809017, 0.0, -0.5, -0.809017, -0.309017, 0.0, 0.809017, -0.309017, -0.5, 0.0, 0.0, 0.0, 0.0, 1.0 ], [ -0.809017, 0.309017, 0.5, 0.0, 0.309017, -0.5, 0.809017, 0.0, 0.5, 0.809017, 0.309017, 0.0, 0.0, 0.0, 0.0, 1.0 ], [ -0.5, -0.809017, 0.309017, 0.0, -0.809017, 0.309017, -0.5, 0.0, 0.309017, -0.5, -0.809017, 0.0, 0.0, 0.0, 0.0, 1.0 ], [ -0.309017, 0.5, 0.809017, 0.0, -0.5, -0.809017, 0.309017, 0.0, 0.809017, -0.309017, 0.5, 0.0, 0.0, 0.0, 0.0, 1.0 ], [ -0.809017, 0.309017, -0.5, 0.0, -0.309017, 0.5, 0.809017, 0.0, 0.5, 0.809017, -0.309017, 0.0, 0.0, 0.0, 0.0, 1.0 ], [ -0.809017, -0.309017, 0.5, 0.0, -0.309017, -0.5, -0.809017, 0.0, 0.5, -0.809017, 0.309017, 0.0, 0.0, 0.0, 0.0, 1.0 ], [ -0.5, 0.809017, -0.309017, 0.0, -0.809017, -0.309017, 0.5, 0.0, 0.309017, 0.5, 0.809017, 0.0, 0.0, 0.0, 0.0, 1.0 ], [ -0.309017, -0.5, -0.809017, 0.0, -0.5, 0.809017, -0.309017, 0.0, 0.809017, 0.309017, -0.5, 0.0, 0.0, 0.0, 0.0, 1.0 ], [ -1.0, 0.0, 0.0, 0.0, 0.0, 1.0, 0.0, 0.0, 0.0, 0.0, -1.0, 0.0, 0.0, 0.0, 0.0, 1.0 ], [ 0.0, 0.0, -1.0, 0.0, 1.0, 0.0, 0.0, 0.0, 0.0, -1.0, 0.0, 0.0, 0.0, 0.0, 0.0, 1.0 ], [ 0.0, -1.0, 0.0, 0.0, 0.0, 0.0, 1.0, 0.0, -1.0, 0.0, 0.0, 0.0, 0.0, 0.0, 0.0, 1.0 ], [ -0.809017, -0.309017, -0.5, 0.0, 0.309017, 0.5, -0.809017, 0.0, 0.5, -0.809017, -0.309017, 0.0, 0.0, 0.0, 0.0, 1.0 ], [ 0.5, -0.809017, -0.309017, 0.0, 0.809017, 0.309017, 0.5, 0.0, -0.309017, -0.5, 0.809017, 0.0, 0.0, 0.0, 0.0, 1.0 ], [ -0.309017, -0.5, 0.809017, 0.0, -0.5, 0.809017, 0.309017, 0.0, -0.809017, -0.309017, -0.5, 0.0, 0.0, 0.0, 0.0, 1.0 ], [ -0.5, -0.809017, -0.309017, 0.0, 0.809017, -0.309017, -0.5, 0.0, 0.309017, -0.5, 0.809017, 0.0, 0.0, 0.0, 0.0, 1.0 ], [ 0.309017, -0.5, 0.809017, 0.0, 0.5, 0.809017, 0.309017, 0.0, -0.809017, 0.309017, 0.5, 0.0, 0.0, 0.0, 0.0, 1.0 ], [ -0.809017, 0.309017, 0.5, 0.0, -0.309017, 0.5, -0.809017, 0.0, -0.5, -0.809017, -0.309017, 0.0, 0.0, 0.0, 0.0, 1.0 ], [ -0.5, -0.809017, 0.309017, 0.0, 0.809017, -0.309017, 0.5, 0.0, -0.309017, 0.5, 0.809017, 0.0, 0.0, 0.0, 0.0, 1.0 ], [ -0.309017, 0.5, 0.809017, 0.0, 0.5, 0.809017, -0.309017, 0.0, -0.809017, 0.309017, -0.5, 0.0, 0.0, 0.0, 0.0, 1.0 ], [ -0.809017, 0.309017, -0.5, 0.0, 0.309017, -0.5, -0.809017, 0.0, -0.5, -0.809017, 0.309017, 0.0, 0.0, 0.0, 0.0, 1.0 ], [ -0.809017, -0.309017, 0.5, 0.0, 0.309017, 0.5, 0.809017, 0.0, -0.5, 0.809017, -0.309017, 0.0, 0.0, 0.0, 0.0, 1.0 ], [ -0.5, 0.809017, -0.309017, 0.0, 0.809017, 0.309017, -0.5, 0.0, -0.309017, -0.5, -0.809017, 0.0, 0.0, 0.0, 0.0, 1.0 ], [ -0.309017, -0.5, -0.809017, 0.0, 0.5, -0.809017, 0.309017, 0.0, -0.809017, -0.309017, 0.5, 0.0, 0.0, 0.0, 0.0, 1.0 ] ],
  "lights" : {
    "ambientColor" : "#292929",
    "directionalLights" : [ {
      "direction" : [ 1.0, -1.0, -1.0 ],
      "color" : "#EBEBE4"
    }, {
      "direction" : [ -1.0, 0.0, 0.0 ],
      "color" : "#E4E4EB"
    }, {
      "direction" : [ 0.0, 0.0, -1.0 ],
      "color" : "#1E1E1E"
    } ],
    "backgroundColor" : "#AFC8DC"
  },
  "camera" : {
    "perspective" : false,
    "fieldOfView" : 0.44262895,
    "upDirectionRV" : {
      "x" : 0.85065085,
      "y" : 0.5257311,
      "z" : 1.5668007E-8,
      "zero" : false
    },
    "lookDirectionRV" : {
      "x" : 0.309017,
      "y" : -0.5,
      "z" : -0.809017,
      "zero" : false
    },
    "viewDistance" : 135.48752,
    "lookAtPointRV" : {
      "x" : 0.0,
      "y" : 0.0,
      "z" : 0.0,
      "zero" : true
    },
    "nearClipDistance" : 0.33871886,
    "width" : 60.969395,
    "position" : {
      "x" : -41.867947,
      "y" : 67.74376,
      "z" : 109.61171
    },
    "stereo" : false,
    "lookAtPoint" : {
      "x" : 0.0,
      "y" : 0.0,
      "z" : 0.0
    },
    "farClipDistance" : 270.97504,
    "lookDirection" : {
      "x" : 0.309017,
      "y" : -0.5,
      "z" : -0.809017
    },
    "upDirection" : {
      "x" : 0.85065085,
      "y" : 0.5257311,
      "z" : 1.5668007E-8
    }
  },
  "embedding" : [ 1.0, 0.0, 0.0, 0.0, 0.0, 1.0, 0.0, 0.0, 0.0, 0.0, 1.0, 0.0, 0.0, 0.0, 0.0, 1.0 ],
  "shapes" : [ {
    "id" : "4fa8126f-3764-4a74-92e4-6dd49cb87ae9",
    "orbit" : "blue",
    "orbitC" : "[[0,0,1],[0,0,1]]",
    "length" : "[1,0,1]",
    "name" : "b1",
    "vertices" : [ {
      "x" : 1.0,
      "y" : 0.309017,
      "z" : 0.19098301
    }, {
      "x" : 1.0,
      "y" : -0.309017,
      "z" : 0.19098301
    }, {
      "x" : 7.472136,
      "y" : -0.309017,
      "z" : 0.19098301
    }, {
      "x" : 7.472136,
      "y" : 0.309017,
      "z" : 0.19098301
    }, {
      "x" : 7.472136,
      "y" : -0.309017,
      "z" : -0.19098301
    }, {
      "x" : 7.472136,
      "y" : 0.309017,
      "z" : -0.19098301
    }, {
      "x" : 8.09017,
      "y" : 0.0,
      "z" : 0.0
    }, {
      "x" : 0.38196602,
      "y" : 0.0,
      "z" : 0.0
    }, {
      "x" : 1.0,
      "y" : 0.309017,
      "z" : -0.19098301
    }, {
      "x" : 1.0,
      "y" : -0.309017,
      "z" : -0.19098301
    }, {
      "x" : 8.472136,
      "y" : 0.0,
      "z" : 0.0
    } ],
    "faces" : [ {
      "vertices" : [ 1, 9, 4, 2 ]
    }, {
      "vertices" : [ 0, 3, 5, 8 ]
    }, {
      "vertices" : [ 1, 7, 9 ]
    }, {
      "vertices" : [ 0, 1, 2, 3 ]
    }, {
      "vertices" : [ 7, 8, 9 ]
    }, {
      "vertices" : [ 0, 7, 1 ]
    }, {
      "vertices" : [ 4, 9, 8, 5 ]
    }, {
      "vertices" : [ 2, 6, 3 ]
    }, {
      "vertices" : [ 2, 4, 6 ]
    }, {
      "vertices" : [ 3, 6, 5 ]
    }, {
      "vertices" : [ 4, 5, 6 ]
    }, {
      "vertices" : [ 0, 8, 7 ]
    } ]
  }, {
    "id" : "6ea15704-1ce6-4049-8bc0-2c2fbe29cff5",
    "vertices" : [ {
      "x" : 0.0,
      "y" : 0.0,
      "z" : 0.0
    }, {
      "x" : 5.4068885,
      "y" : 4.959675,
      "z" : -4.236068
    }, {
      "x" : -2.618034,
      "y" : 4.236068,
      "z" : -6.854102
    } ],
    "faces" : [ {
      "vertices" : [ 0, 1, 2 ]
    }, {
      "vertices" : [ 0, 2, 1 ]
    } ]
  }, {
    "id" : "bd233157-3e79-4ef6-be79-e3ca2dc419be",
    "orbit" : "1",
    "orbitC" : "[[1,0,2],[0,0,1]]",
    "length" : "[1,0,1]",
    "name" : "short",
    "vertices" : [ {
      "x" : 4.463249,
      "y" : 0.14480127,
      "z" : 6.4729223
    }, {
      "x" : 4.3632493,
      "y" : 0.5448013,
      "z" : 6.372922
    }, {
      "x" : 0.49642542,
      "y" : 0.30241233,
      "z" : 0.3811798
    }, {
      "x" : 0.5964254,
      "y" : -0.097587675,
      "z" : 0.4811798
    }, {
      "x" : 4.6632495,
      "y" : 0.6781346,
      "z" : 6.139589
    }, {
      "x" : 4.7632494,
      "y" : 0.2781346,
      "z" : 6.2395887
    }, {
      "x" : 0.29642543,
      "y" : -0.230921,
      "z" : 0.7145131
    }, {
      "x" : 0.19642544,
      "y" : 0.16907899,
      "z" : 0.61451316
    } ],
    "faces" : [ {
      "vertices" : [ 2, 3, 6, 7 ]
    }, {
      "vertices" : [ 0, 5, 4, 1 ]
    }, {
      "vertices" : [ 2, 4, 5, 3 ]
    }, {
      "vertices" : [ 0, 6, 3, 5 ]
    }, {
      "vertices" : [ 0, 1, 7, 6 ]
    }, {
      "vertices" : [ 1, 4, 2, 7 ]
    } ]
  }, {
    "id" : "365d9637-140e-4f04-b82c-b757715a43e7",
    "vertices" : [ {
      "x" : 0.0,
      "y" : 0.0,
      "z" : 0.0
    }, {
      "x" : 8.024922,
      "y" : 0.7236068,
      "z" : 2.618034
    }, {
      "x" : 12.984597,
      "y" : 1.1708204,
      "z" : -4.236068
    }, {
      "x" : 8.024922,
      "y" : 0.7236068,
      "z" : -11.09017
    }, {
      "x" : 0.0,
      "y" : 0.0,
      "z" : -8.472136
    } ],
    "faces" : [ {
      "vertices" : [ 0, 1, 2, 3, 4 ]
    }, {
      "vertices" : [ 0, 4, 3, 2, 1 ]
    } ]
  }, {
    "id" : "4ed9e1ef-7a9f-4b9c-b63f-394c10e363ef",
    "vertices" : [ {
      "x" : 0.0,
      "y" : 0.0,
      "z" : 0.0
    }, {
      "x" : 0.7236068,
      "y" : 7.301316,
      "z" : -4.236068
    }, {
      "x" : 3.3416407,
      "y" : 3.0652475,
      "z" : -11.09017
    }, {
      "x" : 2.618034,
      "y" : -4.236068,
      "z" : -6.854102
    } ],
    "faces" : [ {
      "vertices" : [ 0, 1, 2, 3 ]
    }, {
      "vertices" : [ 0, 3, 2, 1 ]
    } ]
  }, {
    "id" : "4a2def2b-08c9-4b40-a25a-134180b6b64c",
    "vertices" : [ {
      "x" : 0.0,
      "y" : 0.0,
      "z" : 0.0
    }, {
      "x" : -4.959675,
      "y" : -0.4472136,
      "z" : 6.854102
    }, {
      "x" : 2.618034,
      "y" : -4.236068,
      "z" : 6.854102
    } ],
    "faces" : [ {
      "vertices" : [ 0, 1, 2 ]
    }, {
      "vertices" : [ 0, 2, 1 ]
    } ]
  }, {
    "id" : "8649fb74-d8a1-45f3-b95b-2bd33112076f",
    "vertices" : [ {
      "x" : 0.0,
      "y" : 0.0,
      "z" : 0.0
    }, {
      "x" : 2.618034,
      "y" : -4.236068,
      "z" : 6.854102
    }, {
      "x" : 6.854102,
      "y" : -11.09017,
      "z" : 4.236068
    }, {
      "x" : 6.854102,
      "y" : -11.09017,
      "z" : -4.236068
    }, {
      "x" : 2.618034,
      "y" : -4.236068,
      "z" : -6.854102
    } ],
    "faces" : [ {
      "vertices" : [ 0, 1, 2, 3, 4 ]
    }, {
      "vertices" : [ 0, 4, 3, 2, 1 ]
    } ]
  }, {
    "id" : "a9554508-6855-4322-a126-149a89716e03",
    "vertices" : [ {
      "x" : 0.0,
      "y" : 0.0,
      "z" : 0.0
    }, {
      "x" : 0.0,
      "y" : -8.472136,
      "z" : 0.0
    }, {
      "x" : -2.618034,
      "y" : -4.236068,
      "z" : -6.854102
    } ],
    "faces" : [ {
      "vertices" : [ 0, 1, 2 ]
    }, {
      "vertices" : [ 0, 2, 1 ]
    } ]
  }, {
    "id" : "48b608c0-cc11-4575-9765-a1bba9aed12a",
    "name" : "ball",
    "vertices" : [ {
      "x" : 0.309017,
      "y" : -0.309017,
      "z" : -0.309017
    }, {
      "x" : 0.5,
      "y" : 0.0,
      "z" : -0.19098301
    }, {
      "x" : 0.5,
      "y" : 0.0,
      "z" : 0.19098301
    }, {
      "x" : 0.309017,
      "y" : -0.309017,
      "z" : 0.309017
    }, {
      "x" : 0.19098301,
      "y" : -0.5,
      "z" : 0.0
    }, {
      "x" : 0.0,
      "y" : 0.19098301,
      "z" : 0.5
    }, {
      "x" : 0.0,
      "y" : -0.19098301,
      "z" : 0.5
    }, {
      "x" : 0.309017,
      "y" : 0.309017,
      "z" : 0.309017
    }, {
      "x" : -0.309017,
      "y" : -0.309017,
      "z" : 0.309017
    }, {
      "x" : -0.309017,
      "y" : 0.309017,
      "z" : 0.309017
    }, {
      "x" : -0.5,
      "y" : 0.0,
      "z" : 0.19098301
    }, {
      "x" : 0.0,
      "y" : -0.19098301,
      "z" : -0.5
    }, {
      "x" : 0.0,
      "y" : 0.19098301,
      "z" : -0.5
    }, {
      "x" : 0.309017,
      "y" : 0.309017,
      "z" : -0.309017
    }, {
      "x" : -0.309017,
      "y" : -0.309017,
      "z" : -0.309017
    }, {
      "x" : -0.19098301,
      "y" : -0.5,
      "z" : 0.0
    }, {
      "x" : -0.5,
      "y" : 0.0,
      "z" : -0.19098301
    }, {
      "x" : 0.19098301,
      "y" : 0.5,
      "z" : 0.0
    }, {
      "x" : -0.309017,
      "y" : 0.309017,
      "z" : -0.309017
    }, {
      "x" : 0.0,
      "y" : 0.0,
      "z" : 0.0
    }, {
      "x" : -0.19098301,
      "y" : 0.5,
      "z" : 0.0
    } ],
    "faces" : [ {
      "vertices" : [ 12, 18, 20, 17, 13 ]
    }, {
      "vertices" : [ 3, 6, 8, 15, 4 ]
    }, {
      "vertices" : [ 0, 11, 12, 13, 1 ]
    }, {
      "vertices" : [ 5, 9, 10, 8, 6 ]
    }, {
      "vertices" : [ 2, 7, 5, 6, 3 ]
    }, {
      "vertices" : [ 11, 14, 16, 18, 12 ]
    }, {
      "vertices" : [ 1, 13, 17, 7, 2 ]
    }, {
      "vertices" : [ 9, 20, 18, 16, 10 ]
    }, {
      "vertices" : [ 0, 1, 2, 3, 4 ]
    }, {
      "vertices" : [ 5, 7, 17, 20, 9 ]
    }, {
      "vertices" : [ 0, 4, 15, 14, 11 ]
    }, {
      "vertices" : [ 8, 10, 16, 14, 15 ]
    } ]
  }, {
    "id" : "078b0ee1-c543-4bc8-9da6-1b3738f7edac",
    "orbit" : "0",
    "orbitC" : "[[-8,5,1],[-11,7,1]]",
    "length" : "[1,0,1]",
    "name" : "short",
    "vertices" : [ {
      "x" : -7.5421386,
      "y" : -0.39837924,
      "z" : -2.3061585
    }, {
      "x" : -7.4421387,
      "y" : -0.79837924,
      "z" : -2.2061586
    }, {
      "x" : -0.48278376,
      "y" : -0.3252276,
      "z" : -0.31187534
    }, {
      "x" : -0.58278376,
      "y" : 0.074772425,
      "z" : -0.41187537
    }, {
      "x" : -7.208805,
      "y" : -0.93171257,
      "z" : -2.5061586
    }, {
      "x" : -7.3088055,
      "y" : -0.53171253,
      "z" : -2.6061587
    }, {
      "x" : -0.8161171,
      "y" : 0.20810576,
      "z" : -0.111875355
    }, {
      "x" : -0.7161171,
      "y" : -0.19189425,
      "z" : -0.011875356
    } ],
    "faces" : [ {
      "vertices" : [ 2, 3, 6, 7 ]
    }, {
      "vertices" : [ 0, 5, 4, 1 ]
    }, {
      "vertices" : [ 2, 4, 5, 3 ]
    }, {
      "vertices" : [ 0, 6, 3, 5 ]
    }, {
      "vertices" : [ 0, 1, 7, 6 ]
    }, {
      "vertices" : [ 1, 4, 2, 7 ]
    } ]
  }, {
    "id" : "011763d9-5255-4715-b308-aeef1c4072c1",
    "vertices" : [ {
      "x" : 0.0,
      "y" : 0.0,
      "z" : 0.0
    }, {
      "x" : -2.618034,
      "y" : 4.236068,
      "z" : -6.854102
    }, {
      "x" : 0.0,
      "y" : 8.472136,
      "z" : 0.0
    } ],
    "faces" : [ {
      "vertices" : [ 0, 1, 2 ]
    }, {
      "vertices" : [ 0, 2, 1 ]
    } ]
  }, {
    "id" : "592ededd-4a07-4203-9606-4b8bc3e1f866",
    "vertices" : [ {
      "x" : 0.0,
      "y" : 0.0,
      "z" : 0.0
    }, {
      "x" : 4.236068,
      "y" : -6.854102,
      "z" : 2.618034
    }, {
      "x" : 6.854102,
      "y" : -11.09017,
      "z" : -4.236068
    }, {
      "x" : 4.236068,
      "y" : -6.854102,
      "z" : -11.09017
    }, {
      "x" : 0.0,
      "y" : 0.0,
      "z" : -8.472136
    } ],
    "faces" : [ {
      "vertices" : [ 0, 1, 2, 3, 4 ]
    }, {
      "vertices" : [ 0, 4, 3, 2, 1 ]
    } ]
  }, {
    "id" : "cf7d1b0d-bf0f-4797-835a-47c75af0e0c1",
    "vertices" : [ {
      "x" : 0.0,
      "y" : 0.0,
      "z" : 0.0
    }, {
      "x" : 7.5777087,
      "y" : -3.7888544,
      "z" : 0.0
    }, {
      "x" : 4.959675,
      "y" : 0.4472136,
      "z" : -6.854102
    } ],
    "faces" : [ {
      "vertices" : [ 0, 1, 2 ]
    }, {
      "vertices" : [ 0, 2, 1 ]
    } ]
  }, {
    "id" : "2d8221d1-70c2-452a-a65f-9f2dd7568f70",
    "vertices" : [ {
      "x" : 0.0,
      "y" : 0.0,
      "z" : 0.0
    }, {
      "x" : 2.618034,
      "y" : 4.236068,
      "z" : 6.854102
    }, {
      "x" : 2.618034,
      "y" : -4.236068,
      "z" : 6.854102
    } ],
    "faces" : [ {
      "vertices" : [ 0, 1, 2 ]
    }, {
      "vertices" : [ 0, 2, 1 ]
    } ]
  }, {
    "id" : "b02386c2-401c-4f21-bdb7-3e912b438fb4",
    "vertices" : [ {
      "x" : 0.0,
      "y" : 0.0,
      "z" : 0.0
    }, {
      "x" : -0.7236068,
      "y" : -7.301316,
      "z" : 4.236068
    }, {
      "x" : -3.3416407,
      "y" : -3.0652475,
      "z" : 11.09017
    }, {
      "x" : -2.618034,
      "y" : 4.236068,
      "z" : 6.854102
    } ],
    "faces" : [ {
      "vertices" : [ 0, 1, 2, 3 ]
    }, {
      "vertices" : [ 0, 3, 2, 1 ]
    } ]
  }, {
    "id" : "7ad303a1-1604-42f1-9380-3d3909dca16d",
    "vertices" : [ {
      "x" : 0.0,
      "y" : 0.0,
      "z" : 0.0
    }, {
      "x" : -2.618034,
      "y" : 4.236068,
      "z" : 6.854102
    }, {
      "x" : -1.8944272,
      "y" : 11.537383,
      "z" : 2.618034
    }, {
      "x" : 0.7236068,
      "y" : 7.301316,
      "z" : -4.236068
    } ],
    "faces" : [ {
      "vertices" : [ 0, 1, 2, 3 ]
    }, {
      "vertices" : [ 0, 3, 2, 1 ]
    } ]
  }, {
    "id" : "616dec96-af4e-46f0-ba30-ae2c42223e8d",
    "vertices" : [ {
      "x" : 0.0,
      "y" : 0.0,
      "z" : 0.0
    }, {
      "x" : -2.618034,
      "y" : 4.236068,
      "z" : -6.854102
    }, {
      "x" : -7.5777087,
      "y" : 3.7888544,
      "z" : 0.0
    } ],
    "faces" : [ {
      "vertices" : [ 0, 1, 2 ]
    }, {
      "vertices" : [ 0, 2, 1 ]
    } ]
  } ],
  "instances" : [ {
    "shape" : "4fa8126f-3764-4a74-92e4-6dd49cb87ae9",
    "color" : "#008EC2",
    "position" : {
      "x" : -7.301316,
      "y" : -1.8944272,
      "z" : 6.854102
    },
    "orientation" : 0
  }, {
    "shape" : "6ea15704-1ce6-4049-8bc0-2c2fbe29cff5",
    "color" : "#A52A2A",
    "position" : {
      "x" : 9.91935,
      "y" : 6.130495,
      "z" : -13.708204
    },
    "orientation" : 39
  }, {
    "shape" : "4fa8126f-3764-4a74-92e4-6dd49cb87ae9",
    "color" : "#008EC2",
    "position" : {
      "x" : 9.195743,
      "y" : -1.1708204,
      "z" : -4.236068
    },
    "orientation" : 2
  }, {
    "shape" : "bd233157-3e79-4ef6-be79-e3ca2dc419be",
    "color" : "#B8860B",
    "position" : {
      "x" : 16.77345,
      "y" : -4.959675,
      "z" : -4.236068
    },
    "orientation" : 33
  }, {
    "shape" : "4fa8126f-3764-4a74-92e4-6dd49cb87ae9",
    "color" : "#008EC2",
    "position" : {
      "x" : 3.0652475,
      "y" : 17.220665,
      "z" : 4.236068
    },
    "orientation" : 47
  }, {
    "shape" : "365d9637-140e-4f04-b82c-b757715a43e7",
    "color" : "#A52A2A",
    "position" : {
      "x" : 14.155417,
      "y" : -0.7236068,
      "z" : -11.09017
    },
    "orientation" : 42
  }, {
    "shape" : "4ed9e1ef-7a9f-4b9c-b63f-394c10e363ef",
    "color" : "#0000FF",
    "position" : {
      "x" : 3.0652475,
      "y" : 17.220665,
      "z" : -4.236068
    },
    "orientation" : 33
  }, {
    "shape" : "bd233157-3e79-4ef6-be79-e3ca2dc419be",
    "color" : "#B8860B",
    "position" : {
      "x" : 2.3416407,
      "y" : 9.91935,
      "z" : 0.0
    },
    "orientation" : 12
  }, {
    "shape" : "365d9637-140e-4f04-b82c-b757715a43e7",
    "color" : "#A52A2A",
    "position" : {
      "x" : 3.0652475,
      "y" : 17.220665,
      "z" : 4.236068
    },
    "orientation" : 36
  }, {
    "shape" : "bd233157-3e79-4ef6-be79-e3ca2dc419be",
    "color" : "#B8860B",
    "position" : {
      "x" : 1.1708204,
      "y" : -1.8944272,
      "z" : 6.854102
    },
    "orientation" : 12
  }, {
    "shape" : "4a2def2b-08c9-4b40-a25a-134180b6b64c",
    "color" : "#0000FF",
    "position" : {
      "x" : 5.6832814,
      "y" : 12.984597,
      "z" : -11.09017
    },
    "orientation" : 3
  }, {
    "shape" : "8649fb74-d8a1-45f3-b95b-2bd33112076f",
    "color" : "#EC888B",
    "position" : {
      "x" : 2.3416407,
      "y" : 9.91935,
      "z" : 0.0
    },
    "orientation" : 0
  }, {
    "shape" : "a9554508-6855-4322-a126-149a89716e03",
    "color" : "#FFA500",
    "position" : {
      "x" : 1.1708204,
      "y" : -1.8944272,
      "z" : 6.854102
    },
    "orientation" : 5
  }, {
    "shape" : "bd233157-3e79-4ef6-be79-e3ca2dc419be",
    "color" : "#B8860B",
    "position" : {
      "x" : 1.1708204,
      "y" : -1.8944272,
      "z" : -6.854102
    },
    "orientation" : 3
  }, {
    "shape" : "a9554508-6855-4322-a126-149a89716e03",
    "color" : "#FFA500",
    "position" : {
      "x" : -3.0652475,
      "y" : 4.959675,
      "z" : 4.236068
    },
    "orientation" : 7
  }, {
    "shape" : "a9554508-6855-4322-a126-149a89716e03",
    "color" : "#FFA500",
    "position" : {
      "x" : 3.7888544,
      "y" : -6.130495,
      "z" : 0.0
    },
    "orientation" : 21
  }, {
    "shape" : "4fa8126f-3764-4a74-92e4-6dd49cb87ae9",
    "color" : "#008EC2",
    "position" : {
      "x" : -3.0652475,
      "y" : -8.748529,
      "z" : 4.236068
    },
    "orientation" : 51
  }, {
    "shape" : "bd233157-3e79-4ef6-be79-e3ca2dc419be",
    "color" : "#B8860B",
    "position" : {
      "x" : 1.1708204,
      "y" : -1.8944272,
      "z" : 6.854102
    },
    "orientation" : 3
  }, {
    "shape" : "48b608c0-cc11-4575-9765-a1bba9aed12a",
    "color" : "#F2F2F2",
    "position" : {
      "x" : 9.195743,
      "y" : -1.1708204,
      "z" : -4.236068
    }
  }, {
    "shape" : "078b0ee1-c543-4bc8-9da6-1b3738f7edac",
    "color" : "#B0E0E6",
    "position" : {
      "x" : 8.748529,
      "y" : -5.6832814,
      "z" : 6.854102
    },
    "orientation" : 30
  }, {
    "shape" : "bd233157-3e79-4ef6-be79-e3ca2dc419be",
    "color" : "#B8860B",
    "position" : {
      "x" : 9.91935,
      "y" : 6.130495,
      "z" : -13.708204
    },
    "orientation" : 30
  }, {
    "shape" : "4fa8126f-3764-4a74-92e4-6dd49cb87ae9",
    "color" : "#008EC2",
    "position" : {
      "x" : -9.91935,
      "y" : 2.3416407,
      "z" : 0.0
    },
    "orientation" : 11
  }, {
    "shape" : "a9554508-6855-4322-a126-149a89716e03",
    "color" : "#FFA500",
    "position" : {
      "x" : 3.7888544,
      "y" : -6.130495,
      "z" : 0.0
    },
    "orientation" : 24
  }, {
    "shape" : "078b0ee1-c543-4bc8-9da6-1b3738f7edac",
    "color" : "#B0E0E6",
    "position" : {
      "x" : -2.3416407,
      "y" : 12.26099,
      "z" : 0.0
    },
    "orientation" : 36
  }, {
    "shape" : "365d9637-140e-4f04-b82c-b757715a43e7",
    "color" : "#A52A2A",
    "position" : {
      "x" : 9.91935,
      "y" : 6.130495,
      "z" : 13.708204
    },
    "orientation" : 33
  }, {
    "shape" : "48b608c0-cc11-4575-9765-a1bba9aed12a",
    "color" : "#F2F2F2",
    "position" : {
      "x" : -3.0652475,
      "y" : 4.959675,
      "z" : 4.236068
    }
  }, {
    "shape" : "48b608c0-cc11-4575-9765-a1bba9aed12a",
    "color" : "#F2F2F2",
    "position" : {
      "x" : 1.8944272,
      "y" : 5.4068885,
      "z" : 11.09017
    }
  }, {
    "shape" : "4fa8126f-3764-4a74-92e4-6dd49cb87ae9",
    "color" : "#008EC2",
    "position" : {
      "x" : -3.0652475,
      "y" : 4.959675,
      "z" : -4.236068
    },
    "orientation" : 2
  }, {
    "shape" : "4fa8126f-3764-4a74-92e4-6dd49cb87ae9",
    "color" : "#008EC2",
    "position" : {
      "x" : -9.91935,
      "y" : 2.3416407,
      "z" : 0.0
    },
    "orientation" : 37
  }, {
    "shape" : "078b0ee1-c543-4bc8-9da6-1b3738f7edac",
    "color" : "#B0E0E6",
    "position" : {
      "x" : 1.8944272,
      "y" : 5.4068885,
      "z" : 11.09017
    },
    "orientation" : 39
  }, {
    "shape" : "bd233157-3e79-4ef6-be79-e3ca2dc419be",
    "color" : "#B8860B",
    "position" : {
      "x" : 1.8944272,
      "y" : 5.4068885,
      "z" : -11.09017
    },
    "orientation" : 30
  }, {
    "shape" : "078b0ee1-c543-4bc8-9da6-1b3738f7edac",
    "color" : "#B0E0E6",
    "position" : {
      "x" : 5.6832814,
      "y" : 12.984597,
      "z" : -11.09017
    },
    "orientation" : 9
  }, {
    "shape" : "48b608c0-cc11-4575-9765-a1bba9aed12a",
    "color" : "#F2F2F2",
    "position" : {
      "x" : 5.6832814,
      "y" : 12.984597,
      "z" : -11.09017
    }
  }, {
    "shape" : "48b608c0-cc11-4575-9765-a1bba9aed12a",
    "color" : "#F2F2F2",
    "position" : {
      "x" : -7.301316,
      "y" : -1.8944272,
      "z" : 6.854102
    }
  }, {
    "shape" : "48b608c0-cc11-4575-9765-a1bba9aed12a",
    "color" : "#F2F2F2",
    "position" : {
      "x" : 5.6832814,
      "y" : 12.984597,
      "z" : 11.09017
    }
  }, {
    "shape" : "48b608c0-cc11-4575-9765-a1bba9aed12a",
    "color" : "#F2F2F2",
    "position" : {
      "x" : -6.130495,
      "y" : -3.7888544,
      "z" : 0.0
    }
  }, {
    "shape" : "365d9637-140e-4f04-b82c-b757715a43e7",
    "color" : "#A52A2A",
    "position" : {
      "x" : 16.77345,
      "y" : -4.959675,
      "z" : 4.236068
    },
    "orientation" : 30
  }, {
    "shape" : "4a2def2b-08c9-4b40-a25a-134180b6b64c",
    "color" : "#0000FF",
    "position" : {
      "x" : 16.77345,
      "y" : -4.959675,
      "z" : 4.236068
    },
    "orientation" : 12
  }, {
    "shape" : "bd233157-3e79-4ef6-be79-e3ca2dc419be",
    "color" : "#B8860B",
    "position" : {
      "x" : 14.155417,
      "y" : -0.7236068,
      "z" : 11.09017
    },
    "orientation" : 36
  }, {
    "shape" : "48b608c0-cc11-4575-9765-a1bba9aed12a",
    "color" : "#F2F2F2",
    "position" : {
      "x" : 3.0652475,
      "y" : 17.220665,
      "z" : -4.236068
    }
  }, {
    "shape" : "48b608c0-cc11-4575-9765-a1bba9aed12a",
    "color" : "#F2F2F2",
    "position" : {
      "x" : 9.195743,
      "y" : -1.1708204,
      "z" : 4.236068
    }
  }, {
    "shape" : "4fa8126f-3764-4a74-92e4-6dd49cb87ae9",
    "color" : "#008EC2",
    "position" : {
      "x" : 1.1708204,
      "y" : -1.8944272,
      "z" : 6.854102
    },
    "orientation" : 25
  }, {
    "shape" : "48b608c0-cc11-4575-9765-a1bba9aed12a",
    "color" : "#F2F2F2",
    "position" : {
      "x" : 14.155417,
      "y" : -0.7236068,
      "z" : -11.09017
    }
  }, {
    "shape" : "4fa8126f-3764-4a74-92e4-6dd49cb87ae9",
    "color" : "#008EC2",
    "position" : {
      "x" : 5.6832814,
      "y" : 12.984597,
      "z" : 11.09017
    },
    "orientation" : 55
  }, {
    "shape" : "4fa8126f-3764-4a74-92e4-6dd49cb87ae9",
    "color" : "#008EC2",
    "position" : {
      "x" : 4.959675,
      "y" : 5.6832814,
      "z" : -6.854102
    },
    "orientation" : 7
  }, {
    "shape" : "011763d9-5255-4715-b308-aeef1c4072c1",
    "color" : "#FFA500",
    "position" : {
      "x" : -3.0652475,
      "y" : 4.959675,
      "z" : -4.236068
    },
    "orientation" : 1
  }, {
    "shape" : "4fa8126f-3764-4a74-92e4-6dd49cb87ae9",
    "color" : "#008EC2",
    "position" : {
      "x" : 1.1708204,
      "y" : -1.8944272,
      "z" : 6.854102
    },
    "orientation" : 36
  }, {
    "shape" : "4fa8126f-3764-4a74-92e4-6dd49cb87ae9",
    "color" : "#008EC2",
    "position" : {
      "x" : -3.0652475,
      "y" : -8.748529,
      "z" : -4.236068
    },
    "orientation" : 6
  }, {
    "shape" : "4fa8126f-3764-4a74-92e4-6dd49cb87ae9",
    "color" : "#008EC2",
    "position" : {
      "x" : 9.195743,
      "y" : -1.1708204,
      "z" : -4.236068
    },
    "orientation" : 54
  }, {
    "shape" : "592ededd-4a07-4203-9606-4b8bc3e1f866",
    "color" : "#EC888B",
    "position" : {
      "x" : -3.0652475,
      "y" : -8.748529,
      "z" : 4.236068
    },
    "orientation" : 30
  }, {
    "shape" : "4fa8126f-3764-4a74-92e4-6dd49cb87ae9",
    "color" : "#008EC2",
    "position" : {
      "x" : 9.91935,
      "y" : 6.130495,
      "z" : -13.708204
    },
    "orientation" : 51
  }, {
    "shape" : "4fa8126f-3764-4a74-92e4-6dd49cb87ae9",
    "color" : "#008EC2",
    "position" : {
      "x" : -3.0652475,
      "y" : 4.959675,
      "z" : 4.236068
    },
    "orientation" : 39
  }, {
    "shape" : "48b608c0-cc11-4575-9765-a1bba9aed12a",
    "color" : "#F2F2F2",
    "position" : {
      "x" : 2.3416407,
      "y" : 9.91935,
      "z" : 0.0
    }
  }, {
    "shape" : "cf7d1b0d-bf0f-4797-835a-47c75af0e0c1",
    "color" : "#A52A2A",
    "position" : {
      "x" : 1.8944272,
      "y" : 5.4068885,
      "z" : -11.09017
    },
    "orientation" : 39
  }, {
    "shape" : "cf7d1b0d-bf0f-4797-835a-47c75af0e0c1",
    "color" : "#A52A2A",
    "position" : {
      "x" : 8.748529,
      "y" : -5.6832814,
      "z" : -6.854102
    },
    "orientation" : 42
  }, {
    "shape" : "4fa8126f-3764-4a74-92e4-6dd49cb87ae9",
    "color" : "#008EC2",
    "position" : {
      "x" : -3.0652475,
      "y" : -8.748529,
      "z" : 4.236068
    },
    "orientation" : 23
  }, {
    "shape" : "a9554508-6855-4322-a126-149a89716e03",
    "color" : "#FFA500",
    "position" : {
      "x" : 1.1708204,
      "y" : -1.8944272,
      "z" : 6.854102
    },
    "orientation" : 2
  }, {
    "shape" : "4fa8126f-3764-4a74-92e4-6dd49cb87ae9",
    "color" : "#008EC2",
    "position" : {
      "x" : 9.91935,
      "y" : 6.130495,
      "z" : 13.708204
    },
    "orientation" : 54
  }, {
    "shape" : "4fa8126f-3764-4a74-92e4-6dd49cb87ae9",
    "color" : "#008EC2",
    "position" : {
      "x" : 14.155417,
      "y" : -0.7236068,
      "z" : 11.09017
    },
    "orientation" : 51
  }, {
    "shape" : "011763d9-5255-4715-b308-aeef1c4072c1",
    "color" : "#FFA500",
    "position" : {
      "x" : -3.0652475,
      "y" : 4.959675,
      "z" : -4.236068
    },
    "orientation" : 54
  }, {
    "shape" : "48b608c0-cc11-4575-9765-a1bba9aed12a",
    "color" : "#F2F2F2",
    "position" : {
      "x" : -9.91935,
      "y" : 2.3416407,
      "z" : 0.0
    }
  }, {
    "shape" : "4fa8126f-3764-4a74-92e4-6dd49cb87ae9",
    "color" : "#008EC2",
    "position" : {
      "x" : -3.0652475,
      "y" : -8.748529,
      "z" : -4.236068
    },
    "orientation" : 2
  }, {
    "shape" : "48b608c0-cc11-4575-9765-a1bba9aed12a",
    "color" : "#F2F2F2",
    "position" : {
      "x" : 9.91935,
      "y" : 6.130495,
      "z" : 13.708204
    }
  }, {
    "shape" : "48b608c0-cc11-4575-9765-a1bba9aed12a",
    "color" : "#F2F2F2",
    "position" : {
      "x" : -7.301316,
      "y" : -1.8944272,
      "z" : -6.854102
    }
  }, {
    "shape" : "48b608c0-cc11-4575-9765-a1bba9aed12a",
    "color" : "#F2F2F2",
    "position" : {
      "x" : 4.959675,
      "y" : 5.6832814,
      "z" : -6.854102
    }
  }, {
    "shape" : "bd233157-3e79-4ef6-be79-e3ca2dc419be",
    "color" : "#B8860B",
    "position" : {
      "x" : 3.0652475,
      "y" : 17.220665,
      "z" : -4.236068
    },
    "orientation" : 42
  }, {
    "shape" : "48b608c0-cc11-4575-9765-a1bba9aed12a",
    "color" : "#F2F2F2",
    "position" : {
      "x" : -2.3416407,
      "y" : 12.26099,
      "z" : 0.0
    }
  }, {
    "shape" : "4a2def2b-08c9-4b40-a25a-134180b6b64c",
    "color" : "#0000FF",
    "position" : {
      "x" : 3.0652475,
      "y" : 17.220665,
      "z" : 4.236068
    },
    "orientation" : 6
  }, {
    "shape" : "bd233157-3e79-4ef6-be79-e3ca2dc419be",
    "color" : "#B8860B",
    "position" : {
      "x" : 3.7888544,
      "y" : -6.130495,
      "z" : 0.0
    },
    "orientation" : 6
  }, {
    "shape" : "4fa8126f-3764-4a74-92e4-6dd49cb87ae9",
    "color" : "#008EC2",
    "position" : {
      "x" : -3.0652475,
      "y" : -8.748529,
      "z" : -4.236068
    },
    "orientation" : 54
  }, {
    "shape" : "078b0ee1-c543-4bc8-9da6-1b3738f7edac",
    "color" : "#B0E0E6",
    "position" : {
      "x" : 14.155417,
      "y" : -0.7236068,
      "z" : 11.09017
    },
    "orientation" : 12
  }, {
    "shape" : "bd233157-3e79-4ef6-be79-e3ca2dc419be",
    "color" : "#B8860B",
    "position" : {
      "x" : 4.959675,
      "y" : 5.6832814,
      "z" : 6.854102
    },
    "orientation" : 12
  }, {
    "shape" : "cf7d1b0d-bf0f-4797-835a-47c75af0e0c1",
    "color" : "#A52A2A",
    "position" : {
      "x" : -2.3416407,
      "y" : 12.26099,
      "z" : 0.0
    },
    "orientation" : 36
  }, {
    "shape" : "48b608c0-cc11-4575-9765-a1bba9aed12a",
    "color" : "#F2F2F2",
    "position" : {
      "x" : 1.1708204,
      "y" : -1.8944272,
      "z" : 6.854102
    }
  }, {
    "shape" : "bd233157-3e79-4ef6-be79-e3ca2dc419be",
    "color" : "#B8860B",
    "position" : {
      "x" : 9.91935,
      "y" : 6.130495,
      "z" : 13.708204
    },
    "orientation" : 36
  }, {
    "shape" : "bd233157-3e79-4ef6-be79-e3ca2dc419be",
    "color" : "#B8860B",
    "position" : {
      "x" : 1.8944272,
      "y" : 5.4068885,
      "z" : -11.09017
    },
    "orientation" : 42
  }, {
    "shape" : "48b608c0-cc11-4575-9765-a1bba9aed12a",
    "color" : "#F2F2F2",
    "position" : {
      "x" : 8.748529,
      "y" : -5.6832814,
      "z" : 6.854102
    }
  }, {
    "shape" : "48b608c0-cc11-4575-9765-a1bba9aed12a",
    "color" : "#F2F2F2",
    "position" : {
      "x" : 16.77345,
      "y" : -4.959675,
      "z" : 4.236068
    }
  }, {
    "shape" : "4fa8126f-3764-4a74-92e4-6dd49cb87ae9",
    "color" : "#008EC2",
    "position" : {
      "x" : 3.7888544,
      "y" : -6.130495,
      "z" : 0.0
    },
    "orientation" : 55
  }, {
    "shape" : "4fa8126f-3764-4a74-92e4-6dd49cb87ae9",
    "color" : "#008EC2",
    "position" : {
      "x" : -7.301316,
      "y" : -1.8944272,
      "z" : -6.854102
    },
    "orientation" : 7
  }, {
    "shape" : "bd233157-3e79-4ef6-be79-e3ca2dc419be",
    "color" : "#B8860B",
    "position" : {
      "x" : 3.7888544,
      "y" : -6.130495,
      "z" : 0.0
    },
    "orientation" : 0
  }, {
    "shape" : "4fa8126f-3764-4a74-92e4-6dd49cb87ae9",
    "color" : "#008EC2",
    "position" : {
      "x" : 16.77345,
      "y" : -4.959675,
      "z" : -4.236068
    },
    "orientation" : 55
  }, {
    "shape" : "48b608c0-cc11-4575-9765-a1bba9aed12a",
    "color" : "#F2F2F2",
    "position" : {
      "x" : 14.155417,
      "y" : -0.7236068,
      "z" : 11.09017
    }
  }, {
    "shape" : "48b608c0-cc11-4575-9765-a1bba9aed12a",
    "color" : "#F2F2F2",
    "position" : {
      "x" : 1.8944272,
      "y" : 5.4068885,
      "z" : -11.09017
    }
  }, {
    "shape" : "bd233157-3e79-4ef6-be79-e3ca2dc419be",
    "color" : "#B8860B",
    "position" : {
      "x" : 5.6832814,
      "y" : 12.984597,
      "z" : -11.09017
    },
    "orientation" : 42
  }, {
    "shape" : "078b0ee1-c543-4bc8-9da6-1b3738f7edac",
    "color" : "#B0E0E6",
    "position" : {
      "x" : 3.0652475,
      "y" : 17.220665,
      "z" : -4.236068
    },
    "orientation" : 6
  }, {
    "shape" : "48b608c0-cc11-4575-9765-a1bba9aed12a",
    "color" : "#F2F2F2",
    "position" : {
      "x" : 1.1708204,
      "y" : -1.8944272,
      "z" : -6.854102
    }
  }, {
    "shape" : "bd233157-3e79-4ef6-be79-e3ca2dc419be",
    "color" : "#B8860B",
    "position" : {
      "x" : 1.8944272,
      "y" : 5.4068885,
      "z" : 11.09017
    },
    "orientation" : 36
  }, {
    "shape" : "cf7d1b0d-bf0f-4797-835a-47c75af0e0c1",
    "color" : "#A52A2A",
    "position" : {
      "x" : 1.8944272,
      "y" : 5.4068885,
      "z" : 11.09017
    },
    "orientation" : 33
  }, {
    "shape" : "4fa8126f-3764-4a74-92e4-6dd49cb87ae9",
    "color" : "#008EC2",
    "position" : {
      "x" : 2.3416407,
      "y" : 9.91935,
      "z" : 0.0
    },
    "orientation" : 37
  }, {
    "shape" : "4fa8126f-3764-4a74-92e4-6dd49cb87ae9",
    "color" : "#008EC2",
    "position" : {
      "x" : -7.301316,
      "y" : -1.8944272,
      "z" : -6.854102
    },
    "orientation" : 9
  }, {
    "shape" : "4ed9e1ef-7a9f-4b9c-b63f-394c10e363ef",
    "color" : "#0000FF",
    "position" : {
      "x" : 5.6832814,
      "y" : 12.984597,
      "z" : 11.09017
    },
    "orientation" : 30
  }, {
    "shape" : "4a2def2b-08c9-4b40-a25a-134180b6b64c",
    "color" : "#0000FF",
    "position" : {
      "x" : 14.155417,
      "y" : -0.7236068,
      "z" : -11.09017
    },
    "orientation" : 0
  }, {
    "shape" : "4fa8126f-3764-4a74-92e4-6dd49cb87ae9",
    "color" : "#008EC2",
    "position" : {
      "x" : 14.155417,
      "y" : -0.7236068,
      "z" : 11.09017
    },
    "orientation" : 25
  }, {
    "shape" : "4ed9e1ef-7a9f-4b9c-b63f-394c10e363ef",
    "color" : "#0000FF",
    "position" : {
      "x" : 16.77345,
      "y" : -4.959675,
      "z" : -4.236068
    },
    "orientation" : 39
  }, {
    "shape" : "078b0ee1-c543-4bc8-9da6-1b3738f7edac",
    "color" : "#B0E0E6",
    "position" : {
      "x" : 9.91935,
