{
  "field" : "golden",
  "symmetry" : "icosahedral",
  "orientations" : [ [ 1.0, 0.0, 0.0, 0.0, 0.0, 1.0, 0.0, 0.0, 0.0, 0.0, 1.0, 0.0, 0.0, 0.0, 0.0, 1.0 ], [ 0.0, 0.0, 1.0, 0.0, 1.0, 0.0, 0.0, 0.0, 0.0, 1.0, 0.0, 0.0, 0.0, 0.0, 0.0, 1.0 ], [ 0.0, 1.0, 0.0, 0.0, 0.0, 0.0, 1.0, 0.0, 1.0, 0.0, 0.0, 0.0, 0.0, 0.0, 0.0, 1.0 ], [ 0.809017, 0.309017, 0.5, 0.0, 0.309017, 0.5, -0.809017, 0.0, -0.5, 0.809017, 0.309017, 0.0, 0.0, 0.0, 0.0, 1.0 ], [ -0.5, 0.809017, 0.309017, 0.0, 0.809017, 0.309017, 0.5, 0.0, 0.309017, 0.5, -0.809017, 0.0, 0.0, 0.0, 0.0, 1.0 ], [ 0.309017, 0.5, -0.809017, 0.0, -0.5, 0.809017, 0.309017, 0.0, 0.809017, 0.309017, 0.5, 0.0, 0.0, 0.0, 0.0, 1.0 ], [ 0.5, 0.809017, 0.309017, 0.0, 0.809017, -0.309017, -0.5, 0.0, -0.309017, 0.5, -0.809017, 0.0, 0.0, 0.0, 0.0, 1.0 ], [ -0.309017, 0.5, -0.809017, 0.0, 0.5, 0.809017, 0.309017, 0.0, 0.809017, -0.309017, -0.5, 0.0, 0.0, 0.0, 0.0, 1.0 ], [ 0.809017, -0.309017, -0.5, 0.0, -0.309017, 0.5, -0.809017, 0.0, 0.5, 0.809017, 0.309017, 0.0, 0.0, 0.0, 0.0, 1.0 ], [ 0.5, 0.809017, -0.309017, 0.0, 0.809017, -0.309017, 0.5, 0.0, 0.309017, -0.5, -0.809017, 0.0, 0.0, 0.0, 0.0, 1.0 ], [ 0.309017, -0.5, -0.809017, 0.0, 0.5, 0.809017, -0.309017, 0.0, 0.809017, -0.309017, 0.5, 0.0, 0.0, 0.0, 0.0, 1.0 ], [ 0.809017, -0.309017, 0.5, 0.0, 0.309017, -0.5, -0.809017, 0.0, 0.5, 0.809017, -0.309017, 0.0, 0.0, 0.0, 0.0, 1.0 ], [ 0.809017, 0.309017, -0.5, 0.0, 0.309017, 0.5, 0.809017, 0.0, 0.5, -0.809017, 0.309017, 0.0, 0.0, 0.0, 0.0, 1.0 ], [ 0.5, -0.809017, 0.309017, 0.0, 0.809017, 0.309017, -0.5, 0.0, 0.309017, 0.5, 0.809017, 0.0, 0.0, 0.0, 0.0, 1.0 ], [ 0.309017, 0.5, 0.809017, 0.0, 0.5, -0.809017, 0.309017, 0.0, 0.809017, 0.309017, -0.5, 0.0, 0.0, 0.0, 0.0, 1.0 ], [ 1.0, 0.0, 0.0, 0.0, 0.0, -1.0, 0.0, 0.0, 0.0, 0.0, -1.0, 0.0, 0.0, 0.0, 0.0, 1.0 ], [ 0.0, 0.0, 1.0, 0.0, -1.0, 0.0, 0.0, 0.0, 0.0, -1.0, 0.0, 0.0, 0.0, 0.0, 0.0, 1.0 ], [ 0.0, 1.0, 0.0, 0.0, 0.0, 0.0, -1.0, 0.0, -1.0, 0.0, 0.0, 0.0, 0.0, 0.0, 0.0, 1.0 ], [ 0.809017, 0.309017, 0.5, 0.0, -0.309017, -0.5, 0.809017, 0.0, 0.5, -0.809017, -0.309017, 0.0, 0.0, 0.0, 0.0, 1.0 ], [ -0.5, 0.809017, 0.309017, 0.0, -0.809017, -0.309017, -0.5, 0.0, -0.309017, -0.5, 0.809017, 0.0, 0.0, 0.0, 0.0, 1.0 ], [ 0.309017, 0.5, -0.809017, 0.0, 0.5, -0.809017, -0.309017, 0.0, -0.809017, -0.309017, -0.5, 0.0, 0.0, 0.0, 0.0, 1.0 ], [ 0.5, 0.809017, 0.309017, 0.0, -0.809017, 0.309017, 0.5, 0.0, 0.309017, -0.5, 0.809017, 0.0, 0.0, 0.0, 0.0, 1.0 ], [ -0.309017, 0.5, -0.809017, 0.0, -0.5, -0.809017, -0.309017, 0.0, -0.809017, 0.309017, 0.5, 0.0, 0.0, 0.0, 0.0, 1.0 ], [ 0.809017, -0.309017, -0.5, 0.0, 0.309017, -0.5, 0.809017, 0.0, -0.5, -0.809017, -0.309017, 0.0, 0.0, 0.0, 0.0, 1.0 ], [ 0.5, 0.809017, -0.309017, 0.0, -0.809017, 0.309017, -0.5, 0.0, -0.309017, 0.5, 0.809017, 0.0, 0.0, 0.0, 0.0, 1.0 ], [ 0.309017, -0.5, -0.809017, 0.0, -0.5, -0.809017, 0.309017, 0.0, -0.809017, 0.309017, -0.5, 0.0, 0.0, 0.0, 0.0, 1.0 ], [ 0.809017, -0.309017, 0.5, 0.0, -0.309017, 0.5, 0.809017, 0.0, -0.5, -0.809017, 0.309017, 0.0, 0.0, 0.0, 0.0, 1.0 ], [ 0.809017, 0.309017, -0.5, 0.0, -0.309017, -0.5, -0.809017, 0.0, -0.5, 0.809017, -0.309017, 0.0, 0.0, 0.0, 0.0, 1.0 ], [ 0.5, -0.809017, 0.309017, 0.0, -0.809017, -0.309017, 0.5, 0.0, -0.309017, -0.5, -0.809017, 0.0, 0.0, 0.0, 0.0, 1.0 ], [ 0.309017, 0.5, 0.809017, 0.0, -0.5, 0.809017, -0.309017, 0.0, -0.809017, -0.309017, 0.5, 0.0, 0.0, 0.0, 0.0, 1.0 ], [ -1.0, 0.0, 0.0, 0.0, 0.0, -1.0, 0.0, 0.0, 0.0, 0.0, 1.0, 0.0, 0.0, 0.0, 0.0, 1.0 ], [ 0.0, 0.0, -1.0, 0.0, -1.0, 0.0, 0.0, 0.0, 0.0, 1.0, 0.0, 0.0, 0.0, 0.0, 0.0, 1.0 ], [ 0.0, -1.0, 0.0, 0.0, 0.0, 0.0, -1.0, 0.0, 1.0, 0.0, 0.0, 0.0, 0.0, 0.0, 0.0, 1.0 ], [ -0.809017, -0.309017, -0.5, 0.0, -0.309017, -0.5, 0.809017, 0.0, -0.5, 0.809017, 0.309017, 0.0, 0.0, 0.0, 0.0, 1.0 ], [ 0.5, -0.809017, -0.309017, 0.0, -0.809017, -0.309017, -0.5, 0.0, 0.309017, 0.5, -0.809017, 0.0, 0.0, 0.0, 0.0, 1.0 ], [ -0.309017, -0.5, 0.809017, 0.0, 0.5, -0.809017, -0.309017, 0.0, 0.809017, 0.309017, 0.5, 0.0, 0.0, 0.0, 0.0, 1.0 ], [ -0.5, -0.809017, -0.309017, 0.0, -0.809017, 0.309017, 0.5, 0.0, -0.309017, 0.5, -0.809017, 0.0, 0.0, 0.0, 0.0, 1.0 ], [ 0.309017, -0.5, 0.809017, 0.0, -0.5, -0.809017, -0.309017, 0.0, 0.809017, -0.309017, -0.5, 0.0, 0.0, 0.0, 0.0, 1.0 ], [ -0.809017, 0.309017, 0.5, 0.0, 0.309017, -0.5, 0.809017, 0.0, 0.5, 0.809017, 0.309017, 0.0, 0.0, 0.0, 0.0, 1.0 ], [ -0.5, -0.809017, 0.309017, 0.0, -0.809017, 0.309017, -0.5, 0.0, 0.309017, -0.5, -0.809017, 0.0, 0.0, 0.0, 0.0, 1.0 ], [ -0.309017, 0.5, 0.809017, 0.0, -0.5, -0.809017, 0.309017, 0.0, 0.809017, -0.309017, 0.5, 0.0, 0.0, 0.0, 0.0, 1.0 ], [ -0.809017, 0.309017, -0.5, 0.0, -0.309017, 0.5, 0.809017, 0.0, 0.5, 0.809017, -0.309017, 0.0, 0.0, 0.0, 0.0, 1.0 ], [ -0.809017, -0.309017, 0.5, 0.0, -0.309017, -0.5, -0.809017, 0.0, 0.5, -0.809017, 0.309017, 0.0, 0.0, 0.0, 0.0, 1.0 ], [ -0.5, 0.809017, -0.309017, 0.0, -0.809017, -0.309017, 0.5, 0.0, 0.309017, 0.5, 0.809017, 0.0, 0.0, 0.0, 0.0, 1.0 ], [ -0.309017, -0.5, -0.809017, 0.0, -0.5, 0.809017, -0.309017, 0.0, 0.809017, 0.309017, -0.5, 0.0, 0.0, 0.0, 0.0, 1.0 ], [ -1.0, 0.0, 0.0, 0.0, 0.0, 1.0, 0.0, 0.0, 0.0, 0.0, -1.0, 0.0, 0.0, 0.0, 0.0, 1.0 ], [ 0.0, 0.0, -1.0, 0.0, 1.0, 0.0, 0.0, 0.0, 0.0, -1.0, 0.0, 0.0, 0.0, 0.0, 0.0, 1.0 ], [ 0.0, -1.0, 0.0, 0.0, 0.0, 0.0, 1.0, 0.0, -1.0, 0.0, 0.0, 0.0, 0.0, 0.0, 0.0, 1.0 ], [ -0.809017, -0.309017, -0.5, 0.0, 0.309017, 0.5, -0.809017, 0.0, 0.5, -0.809017, -0.309017, 0.0, 0.0, 0.0, 0.0, 1.0 ], [ 0.5, -0.809017, -0.309017, 0.0, 0.809017, 0.309017, 0.5, 0.0, -0.309017, -0.5, 0.809017, 0.0, 0.0, 0.0, 0.0, 1.0 ], [ -0.309017, -0.5, 0.809017, 0.0, -0.5, 0.809017, 0.309017, 0.0, -0.809017, -0.309017, -0.5, 0.0, 0.0, 0.0, 0.0, 1.0 ], [ -0.5, -0.809017, -0.309017, 0.0, 0.809017, -0.309017, -0.5, 0.0, 0.309017, -0.5, 0.809017, 0.0, 0.0, 0.0, 0.0, 1.0 ], [ 0.309017, -0.5, 0.809017, 0.0, 0.5, 0.809017, 0.309017, 0.0, -0.809017, 0.309017, 0.5, 0.0, 0.0, 0.0, 0.0, 1.0 ], [ -0.809017, 0.309017, 0.5, 0.0, -0.309017, 0.5, -0.809017, 0.0, -0.5, -0.809017, -0.309017, 0.0, 0.0, 0.0, 0.0, 1.0 ], [ -0.5, -0.809017, 0.309017, 0.0, 0.809017, -0.309017, 0.5, 0.0, -0.309017, 0.5, 0.809017, 0.0, 0.0, 0.0, 0.0, 1.0 ], [ -0.309017, 0.5, 0.809017, 0.0, 0.5, 0.809017, -0.309017, 0.0, -0.809017, 0.309017, -0.5, 0.0, 0.0, 0.0, 0.0, 1.0 ], [ -0.809017, 0.309017, -0.5, 0.0, 0.309017, -0.5, -0.809017, 0.0, -0.5, -0.809017, 0.309017, 0.0, 0.0, 0.0, 0.0, 1.0 ], [ -0.809017, -0.309017, 0.5, 0.0, 0.309017, 0.5, 0.809017, 0.0, -0.5, 0.809017, -0.309017, 0.0, 0.0, 0.0, 0.0, 1.0 ], [ -0.5, 0.809017, -0.309017, 0.0, 0.809017, 0.309017, -0.5, 0.0, -0.309017, -0.5, -0.809017, 0.0, 0.0, 0.0, 0.0, 1.0 ], [ -0.309017, -0.5, -0.809017, 0.0, 0.5, -0.809017, 0.309017, 0.0, -0.809017, -0.309017, 0.5, 0.0, 0.0, 0.0, 0.0, 1.0 ] ],
  "lights" : {
    "backgroundColor" : "#AFC8DC",
    "ambientColor" : "#292929",
    "directionalLights" : [ {
      "direction" : [ 1.0, -1.0, -1.0 ],
      "color" : "#EBEBE4"
    }, {
      "direction" : [ -1.0, 0.0, 0.0 ],
      "color" : "#E4E4EB"
    }, {
      "direction" : [ 0.0, 0.0, -1.0 ],
      "color" : "#1E1E1E"
    } ]
  },
  "camera" : {
    "width" : 56.281826,
    "position" : {
      "x" : 48.73318,
      "y" : -86.46778,
      "z" : 76.09895
    },
    "perspective" : true,
    "viewDistance" : 125.07073,
    "lookAtPoint" : {
      "x" : 0.0,
      "y" : 0.0,
      "z" : 0.0
    },
    "farClipDistance" : 250.14134,
    "fieldOfView" : 0.44262883,
    "nearClipDistance" : 0.31267685,
    "lookDirection" : {
      "x" : -0.38964495,
      "y" : 0.69135106,
      "z" : -0.6084473
    },
    "upDirection" : {
      "x" : 0.8729298,
      "y" : 0.066674314,
      "z" : -0.48326096
    },
    "stereo" : false
  },
  "embedding" : [ 1.0, 0.0, 0.0, 0.0, 0.0, 1.0, 0.0, 0.0, 0.0, 0.0, 1.0, 0.0, 0.0, 0.0, 0.0, 1.0 ],
  "shapes" : [ {
    "id" : "b39e7ad7-45d9-4ddb-bf43-83041ac9e1a9",
    "vertices" : [ {
      "x" : -0.309017,
      "y" : -0.19098301,
      "z" : 0.0
    }, {
      "x" : -0.309017,
      "y" : 0.19098301,
      "z" : 0.0
    }, {
      "x" : -0.19098301,
      "y" : 0.0,
      "z" : -0.309017
    }, {
      "x" : -0.19098301,
      "y" : 0.0,
      "z" : 0.309017
    }, {
      "x" : 0.0,
      "y" : -0.309017,
      "z" : -0.19098301
    }, {
      "x" : 0.0,
      "y" : -0.309017,
      "z" : 0.19098301
    }, {
      "x" : 0.0,
      "y" : 0.309017,
      "z" : -0.19098301
    }, {
      "x" : 0.0,
      "y" : 0.309017,
      "z" : 0.19098301
    }, {
      "x" : 0.19098301,
      "y" : 0.0,
      "z" : -0.309017
    }, {
      "x" : 0.19098301,
      "y" : 0.0,
      "z" : 0.309017
    }, {
      "x" : 0.309017,
      "y" : -0.19098301,
      "z" : 0.0
    }, {
      "x" : 0.309017,
      "y" : 0.19098301,
      "z" : 0.0
    } ],
    "faces" : [ {
      "vertices" : [ 0, 1, 2 ]
    }, {
      "vertices" : [ 0, 3, 1 ]
    }, {
      "vertices" : [ 0, 2, 4 ]
    }, {
      "vertices" : [ 0, 5, 3 ]
    }, {
      "vertices" : [ 0, 4, 5 ]
    }, {
      "vertices" : [ 1, 6, 2 ]
    }, {
      "vertices" : [ 1, 3, 7 ]
    }, {
      "vertices" : [ 1, 7, 6 ]
    }, {
      "vertices" : [ 2, 8, 4 ]
    }, {
      "vertices" : [ 2, 6, 8 ]
    }, {
      "vertices" : [ 3, 5, 9 ]
    }, {
      "vertices" : [ 3, 9, 7 ]
    }, {
      "vertices" : [ 4, 10, 5 ]
    }, {
      "vertices" : [ 4, 8, 10 ]
    }, {
      "vertices" : [ 5, 10, 9 ]
    }, {
      "vertices" : [ 6, 7, 11 ]
    }, {
      "vertices" : [ 6, 11, 8 ]
    }, {
      "vertices" : [ 7, 9, 11 ]
    }, {
      "vertices" : [ 8, 11, 10 ]
    }, {
      "vertices" : [ 9, 10, 11 ]
    } ]
  }, {
    "id" : "a94cff82-a9ac-4ac6-81df-cd657dd46f09",
    "vertices" : [ {
      "x" : 1.0,
      "y" : 0.309017,
      "z" : 0.19098301
    }, {
      "x" : 1.0,
      "y" : -0.309017,
      "z" : 0.19098301
    }, {
      "x" : 7.472136,
      "y" : -0.309017,
      "z" : 0.19098301
    }, {
      "x" : 7.472136,
      "y" : 0.309017,
      "z" : 0.19098301
    }, {
      "x" : 7.472136,
      "y" : -0.309017,
      "z" : -0.19098301
    }, {
      "x" : 7.472136,
      "y" : 0.309017,
      "z" : -0.19098301
    }, {
      "x" : 8.09017,
      "y" : 0.0,
      "z" : 0.0
    }, {
      "x" : 0.38196602,
      "y" : 0.0,
      "z" : 0.0
    }, {
      "x" : 1.0,
      "y" : 0.309017,
      "z" : -0.19098301
    }, {
      "x" : 1.0,
      "y" : -0.309017,
      "z" : -0.19098301
    }, {
      "x" : 8.472136,
      "y" : 0.0,
      "z" : 0.0
    } ],
    "faces" : [ {
      "vertices" : [ 1, 9, 4 ]
    }, {
      "vertices" : [ 1, 4, 2 ]
    }, {
      "vertices" : [ 0, 3, 5 ]
    }, {
      "vertices" : [ 0, 5, 8 ]
    }, {
      "vertices" : [ 1, 7, 9 ]
    }, {
      "vertices" : [ 0, 1, 2 ]
    }, {
      "vertices" : [ 0, 2, 3 ]
    }, {
      "vertices" : [ 7, 8, 9 ]
    }, {
      "vertices" : [ 0, 7, 1 ]
    }, {
      "vertices" : [ 4, 9, 8 ]
    }, {
      "vertices" : [ 4, 8, 5 ]
    }, {
      "vertices" : [ 2, 6, 3 ]
    }, {
      "vertices" : [ 2, 4, 6 ]
    }, {
      "vertices" : [ 3, 6, 5 ]
    }, {
      "vertices" : [ 4, 5, 6 ]
    }, {
      "vertices" : [ 0, 8, 7 ]
    } ]
  }, {
    "id" : "891d755b-ab12-44f6-847c-7708e043cc02",
    "vertices" : [ {
      "x" : 3.0652475,
      "y" : 4.959675,
      "z" : -4.236068
    }, {
      "x" : 3.0652475,
      "y" : 4.959675,
      "z" : 4.236068
    }, {
      "x" : -1.1708204,
      "y" : -1.8944272,
      "z" : 6.854102
    }, {
      "x" : -3.7888544,
      "y" : -6.130495,
      "z" : 0.0
    }, {
      "x" : -1.1708204,
      "y" : -1.8944272,
      "z" : -6.854102
    } ],
    "faces" : [ {
      "vertices" : [ 0, 1, 2 ]
    }, {
      "vertices" : [ 0, 2, 3 ]
    }, {
      "vertices" : [ 0, 3, 4 ]
    }, {
      "vertices" : [ 0, 4, 3 ]
    }, {
      "vertices" : [ 0, 3, 2 ]
    }, {
      "vertices" : [ 0, 2, 1 ]
    } ]
  }, {
    "id" : "5a8ed7eb-319f-44e2-a731-aa9a75b52241",
    "vertices" : [ {
      "x" : -1.1708204,
      "y" : -1.8944272,
      "z" : -6.854102
    }, {
      "x" : -3.7888544,
      "y" : -6.130495,
      "z" : 0.0
    }, {
      "x" : -8.024922,
      "y" : -12.984597,
      "z" : -2.618034
    }, {
      "x" : -8.024922,
      "y" : -12.984597,
      "z" : -11.09017
    }, {
      "x" : -3.7888544,
      "y" : -6.130495,
      "z" : -13.708204
    } ],
    "faces" : [ {
      "vertices" : [ 0, 1, 2 ]
    }, {
      "vertices" : [ 0, 2, 3 ]
    }, {
      "vertices" : [ 0, 3, 4 ]
    }, {
      "vertices" : [ 0, 4, 3 ]
    }, {
      "vertices" : [ 0, 3, 2 ]
    }, {
      "vertices" : [ 0, 2, 1 ]
    } ]
  }, {
    "id" : "d03062e7-28d5-47db-a9d2-f7a72caeee60",
    "vertices" : [ {
      "x" : 5.6832814,
      "y" : 9.195743,
      "z" : 11.09017
    }, {
      "x" : 3.0652475,
      "y" : 4.959675,
      "z" : 17.944271
    }, {
      "x" : -1.1708204,
      "y" : -1.8944272,
      "z" : 15.326238
    }, {
      "x" : -1.1708204,
      "y" : -1.8944272,
      "z" : 6.854102
    }, {
      "x" : 3.0652475,
      "y" : 4.959675,
      "z" : 4.236068
    } ],
    "faces" : [ {
      "vertices" : [ 0, 1, 2 ]
    }, {
      "vertices" : [ 0, 2, 3 ]
    }, {
      "vertices" : [ 0, 3, 4 ]
    }, {
      "vertices" : [ 0, 4, 3 ]
    }, {
      "vertices" : [ 0, 3, 2 ]
    }, {
      "vertices" : [ 0, 2, 1 ]
    } ]
  }, {
    "id" : "d2a8da2d-b254-45ac-9230-c9789edc90b8",
    "vertices" : [ {
      "x" : 7.301316,
      "y" : -1.8944272,
      "z" : -6.854102
    }, {
      "x" : 3.0652475,
      "y" : 4.959675,
      "z" : -4.236068
    }, {
      "x" : -1.1708204,
      "y" : -1.8944272,
      "z" : -6.854102
    } ],
    "faces" : [ {
      "vertices" : [ 0, 1, 2 ]
    }, {
      "vertices" : [ 0, 2, 1 ]
    } ]
  }, {
    "id" : "b2b27c25-6a10-4723-9f77-a6c854aecf78",
    "vertices" : [ {
      "x" : 9.91935,
      "y" : 2.3416407,
      "z" : 0.0
    }, {
      "x" : 3.0652475,
      "y" : 4.959675,
      "z" : 4.236068
    }, {
      "x" : 3.0652475,
      "y" : 4.959675,
      "z" : -4.236068
    } ],
    "faces" : [ {
      "vertices" : [ 0, 1, 2 ]
    }, {
      "vertices" : [ 0, 2, 1 ]
    } ]
  }, {
    "id" : "3bf36943-6a3a-48fc-a282-e7c7a1fa6677",
    "vertices" : [ {
      "x" : 9.91935,
      "y" : 2.3416407,
      "z" : 0.0
    }, {
      "x" : 3.0652475,
      "y" : 4.959675,
      "z" : -4.236068
    }, {
      "x" : 9.91935,
      "y" : 2.3416407,
      "z" : -8.472136
    } ],
    "faces" : [ {
      "vertices" : [ 0, 1, 2 ]
    }, {
      "vertices" : [ 0, 2, 1 ]
    } ]
  } ],
  "instances" : [ {
    "shape" : "b39e7ad7-45d9-4ddb-bf43-83041ac9e1a9",
    "color" : "#FFFFFF",
    "position" : {
      "x" : -8.024922,
      "y" : -12.984597,
      "z" : -11.09017
    }
  }, {
    "shape" : "a94cff82-a9ac-4ac6-81df-cd657dd46f09",
    "color" : "#007695",
    "position" : {
      "x" : -1.1708204,
      "y" : -1.8944272,
      "z" : 6.854102
    },
    "orientation" : 2
  }, {
    "shape" : "a94cff82-a9ac-4ac6-81df-cd657dd46f09",
    "color" : "#007695",
    "position" : {
      "x" : 3.0652475,
      "y" : 4.959675,
      "z" : 4.236068
    },
    "orientation" : 39
  }, {
    "shape" : "891d755b-ab12-44f6-847c-7708e043cc02",
    "color" : "#D77F7F",
    "position" : {
      "x" : 0.0,
      "y" : 0.0,
      "z" : 0.0
    }
  }, {
    "shape" : "a94cff82-a9ac-4ac6-81df-cd657dd46f09",
    "color" : "#CCCC00",
    "position" : {
      "x" : -1.1708204,
      "y" : -1.8944272,
      "z" : 15.326238
    },
    "orientation" : 9
  }, {
    "shape" : "a94cff82-a9ac-4ac6-81df-cd657dd46f09",
    "color" : "#007695",
    "position" : {
      "x" : -1.1708204,
      "y" : -1.8944272,
      "z" : -6.854102
    },
    "orientation" : 9
  }, {
    "shape" : "5a8ed7eb-319f-44e2-a731-aa9a75b52241",
    "color" : "#D77F7F",
    "position" : {
      "x" : 0.0,
      "y" : 0.0,
      "z" : 0.0
    }
  }, {
    "shape" : "a94cff82-a9ac-4ac6-81df-cd657dd46f09",
    "color" : "#CCCC00",
    "position" : {
      "x" : -8.024922,
      "y" : -12.984597,
      "z" : -2.618034
    },
    "orientation" : 47
  }, {
    "shape" : "b39e7ad7-45d9-4ddb-bf43-83041ac9e1a9",
    "color" : "#FFFFFF",
    "position" : {
      "x" : 3.0652475,
      "y" : 4.959675,
      "z" : -4.236068
    }
  }, {
    "shape" : "b39e7ad7-45d9-4ddb-bf43-83041ac9e1a9",
    "color" : "#FFFFFF",
    "position" : {
      "x" : 3.0652475,
      "y" : 4.959675,
      "z" : 4.236068
    }
  }, {
    "shape" : "b39e7ad7-45d9-4ddb-bf43-83041ac9e1a9",
    "color" : "#FFFFFF",
    "position" : {
      "x" : -1.1708204,
      "y" : -1.8944272,
      "z" : 15.326238
    }
  }, {
    "shape" : "a94cff82-a9ac-4ac6-81df-cd657dd46f09",
    "color" : "#007695",
    "position" : {
      "x" : 3.0652475,
      "y" : 4.959675,
      "z" : -4.236068
    },
    "orientation" : 8
  }, {
    "shape" : "d03062e7-28d5-47db-a9d2-f7a72caeee60",
    "color" : "#D77F7F",
    "position" : {
      "x" : 0.0,
      "y" : 0.0,
      "z" : 0.0
    }
  }, {
    "shape" : "b39e7ad7-45d9-4ddb-bf43-83041ac9e1a9",
    "color" : "#FFFFFF",
    "position" : {
      "x" : 5.6832814,
      "y" : 9.195743,
      "z" : 11.09017
    }
  }, {
    "shape" : "b39e7ad7-45d9-4ddb-bf43-83041ac9e1a9",
    "color" : "#FFFFFF",
    "position" : {
      "x" : 9.91935,
      "y" : 2.3416407,
      "z" : 0.0
    }
  }, {
    "shape" : "d2a8da2d-b254-45ac-9230-c9789edc90b8",
    "color" : "#F7CF7F",
    "position" : {
      "x" : 0.0,
      "y" : 0.0,
      "z" : 0.0
    }
  }, {
    "shape" : "a94cff82-a9ac-4ac6-81df-cd657dd46f09",
    "color" : "#007695",
    "position" : {
      "x" : -3.7888544,
      "y" : -6.130495,
      "z" : 0.0
    },
    "orientation" : 52
  }, {
    "shape" : "b39e7ad7-45d9-4ddb-bf43-83041ac9e1a9",
    "color" : "#FFFFFF",
    "position" : {
      "x" : -3.7888544,
      "y" : -6.130495,
      "z" : -13.708204
    }
  }, {
    "shape" : "a94cff82-a9ac-4ac6-81df-cd657dd46f09",
    "color" : "#007695",
    "position" : {
      "x" : 3.0652475,
      "y" : 4.959675,
      "z" : -4.236068
    },
    "orientation" : 2
  }, {
    "shape" : "b39e7ad7-45d9-4ddb-bf43-83041ac9e1a9",
    "color" : "#FFFFFF",
    "position" : {
      "x" : -8.024922,
      "y" : -12.984597,
      "z" : -2.618034
    }
  }, {
    "shape" : "b2b27c25-6a10-4723-9f77-a6c854aecf78",
    "color" : "#F7CF7F",
    "position" : {
      "x" : 0.0,
      "y" : 0.0,
      "z" : 0.0
    }
  }, {
    "shape" : "a94cff82-a9ac-4ac6-81df-cd657dd46f09",
    "color" : "#FFFF00",
    "position" : {
      "x" : -1.1708204,
      "y" : -1.8944272,
      "z" : -6.854102
    },
    "orientation" : 22
  }, {
    "shape" : "a94cff82-a9ac-4ac6-81df-cd657dd46f09",
    "color" : "#007695",
    "position" : {
      "x" : 3.0652475,
      "y" : 4.959675,
      "z" : 17.944271
    },
    "orientation" : 52
  }, {
    "shape" : "b39e7ad7-45d9-4ddb-bf43-83041ac9e1a9",
    "color" : "#FFFFFF",
    "position" : {
      "x" : -1.1708204,
      "y" : -1.8944272,
      "z" : 6.854102
    }
  }, {
    "shape" : "b39e7ad7-45d9-4ddb-bf43-83041ac9e1a9",
    "color" : "#FFFFFF",
    "position" : {
      "x" : -3.7888544,
      "y" : -6.130495,
      "z" : 0.0
    }
  }, {
    "shape" : "3bf36943-6a3a-48fc-a282-e7c7a1fa6677",
    "color" : "#F7CF7F",
    "position" : {
      "x" : 0.0,
      "y" : 0.0,
      "z" : 0.0
    }
  }, {
    "shape" : "a94cff82-a9ac-4ac6-81df-cd657dd46f09",
    "color" : "#007695",
    "position" : {
      "x" : -3.7888544,
      "y" : -6.130495,
      "z" : 0.0
    },
    "orientation" : 10
  }, {
    "shape" : "a94cff82-a9ac-4ac6-81df-cd657dd46f09",
    "color" : "#FF0000",
    "position" : {
      "x" : 3.0652475,
      "y" : 4.959675,
      "z" : 4.236068
    },
    "orientation" : 10
  }, {
    "shape" : "a94cff82-a9ac-4ac6-81df-cd657dd46f09",
    "color" : "#007695",
    "position" : {
      "x" : 9.91935,
      "y" : 2.3416407,
      "z" : 0.0
    },
    "orientation" : 47
  }, {
    "shape" : "b39e7ad7-45d9-4ddb-bf43-83041ac9e1a9",
    "color" : "#FFFFFF",
    "position" : {
      "x" : 7.301316,
      "y" : -1.8944272,
      "z" : -6.854102
    }
  }, {
    "shape" : "a94cff82-a9ac-4ac6-81df-cd657dd46f09",
    "color" : "#007695",
    "position" : {
      "x" : -3.7888544,
      "y" : -6.130495,
      "z" : 0.0
    },
    "orientation" : 36
  }, {
    "shape" : "a94cff82-a9ac-4ac6-81df-cd657dd46f09",
    "color" : "#FFFF00",
    "position" : {
      "x" : -1.1708204,
      "y" : -1.8944272,
      "z" : -6.854102
    },
    "orientation" : 0
  }, {
    "shape" : "a94cff82-a9ac-4ac6-81df-cd657dd46f09",
    "color" : "#0000CC",
    "position" : {
      "x" : 3.0652475,
      "y" : 4.959675,
      "z" : -4.236068
    },
    "orientation" : 26
  }, {
    "shape" : "b39e7ad7-45d9-4ddb-bf43-83041ac9e1a9",
    "color" : "#FFFFFF",
    "position" : {
      "x" : 3.0652475,
      "y" : 4.959675,
      "z" : 17.944271
    }
  }, {
    "shape" : "b39e7ad7-45d9-4ddb-bf43-83041ac9e1a9",
    "color" : "#FFFFFF",
    "position" : {
      "x" : -1.1708204,
      "y" : -1.8944272,
      "z" : -6.854102
    }
  }, {
    "shape" : "a94cff82-a9ac-4ac6-81df-cd657dd46f09",
    "color" : "#007695",
    "position" : {
      "x" : -8.024922,
      "y" : -12.984597,
      "z" : -11.09017
    },
    "orientation" : 6
  }, {
    "shape" : "b39e7ad7-45d9-4ddb-bf43-83041ac9e1a9",
    "color" : "#FFFFFF",
    "position" : {
      "x" : 9.91935,
      "y" : 2.3416407,
      "z" : -8.472136
    }
  }, {
    "shape" : "a94cff82-a9ac-4ac6-81df-cd657dd46f09",
    "color" : "#0000CC",
    "position" : {
      "x" : 3.0652475,
      "y" : 4.959675,
      "z" : -4.236068
    },
    "orientation" : 24
  }, {
    "shape" : "a94cff82-a9ac-4ac6-81df-cd657dd46f09",
    "color" : "#FF0000",
    "position" : {
      "x" : 3.0652475,
      "y" : 4.959675,
      "z" : 4.236068
    },
    "orientation" : 26
  } ],
  "scenes" : [ ],
  "snapshots" : [ ]
}