{
  "polygons" : "true",
  "field" : "golden",
  "symmetry" : "icosahedral",
  "orientations" : [ [ 1.0, 0.0, 0.0, 0.0, 0.0, 1.0, 0.0, 0.0, 0.0, 0.0, 1.0, 0.0, 0.0, 0.0, 0.0, 1.0 ], [ 0.0, 0.0, 1.0, 0.0, 1.0, 0.0, 0.0, 0.0, 0.0, 1.0, 0.0, 0.0, 0.0, 0.0, 0.0, 1.0 ], [ 0.0, 1.0, 0.0, 0.0, 0.0, 0.0, 1.0, 0.0, 1.0, 0.0, 0.0, 0.0, 0.0, 0.0, 0.0, 1.0 ], [ 0.809017, 0.309017, 0.5, 0.0, 0.309017, 0.5, -0.809017, 0.0, -0.5, 0.809017, 0.309017, 0.0, 0.0, 0.0, 0.0, 1.0 ], [ -0.5, 0.809017, 0.309017, 0.0, 0.809017, 0.309017, 0.5, 0.0, 0.309017, 0.5, -0.809017, 0.0, 0.0, 0.0, 0.0, 1.0 ], [ 0.309017, 0.5, -0.809017, 0.0, -0.5, 0.809017, 0.309017, 0.0, 0.809017, 0.309017, 0.5, 0.0, 0.0, 0.0, 0.0, 1.0 ], [ 0.5, 0.809017, 0.309017, 0.0, 0.809017, -0.309017, -0.5, 0.0, -0.309017, 0.5, -0.809017, 0.0, 0.0, 0.0, 0.0, 1.0 ], [ -0.309017, 0.5, -0.809017, 0.0, 0.5, 0.809017, 0.309017, 0.0, 0.809017, -0.309017, -0.5, 0.0, 0.0, 0.0, 0.0, 1.0 ], [ 0.809017, -0.309017, -0.5, 0.0, -0.309017, 0.5, -0.809017, 0.0, 0.5, 0.809017, 0.309017, 0.0, 0.0, 0.0, 0.0, 1.0 ], [ 0.5, 0.809017, -0.309017, 0.0, 0.809017, -0.309017, 0.5, 0.0, 0.309017, -0.5, -0.809017, 0.0, 0.0, 0.0, 0.0, 1.0 ], [ 0.309017, -0.5, -0.809017, 0.0, 0.5, 0.809017, -0.309017, 0.0, 0.809017, -0.309017, 0.5, 0.0, 0.0, 0.0, 0.0, 1.0 ], [ 0.809017, -0.309017, 0.5, 0.0, 0.309017, -0.5, -0.809017, 0.0, 0.5, 0.809017, -0.309017, 0.0, 0.0, 0.0, 0.0, 1.0 ], [ 0.809017, 0.309017, -0.5, 0.0, 0.309017, 0.5, 0.809017, 0.0, 0.5, -0.809017, 0.309017, 0.0, 0.0, 0.0, 0.0, 1.0 ], [ 0.5, -0.809017, 0.309017, 0.0, 0.809017, 0.309017, -0.5, 0.0, 0.309017, 0.5, 0.809017, 0.0, 0.0, 0.0, 0.0, 1.0 ], [ 0.309017, 0.5, 0.809017, 0.0, 0.5, -0.809017, 0.309017, 0.0, 0.809017, 0.309017, -0.5, 0.0, 0.0, 0.0, 0.0, 1.0 ], [ 1.0, 0.0, 0.0, 0.0, 0.0, -1.0, 0.0, 0.0, 0.0, 0.0, -1.0, 0.0, 0.0, 0.0, 0.0, 1.0 ], [ 0.0, 0.0, 1.0, 0.0, -1.0, 0.0, 0.0, 0.0, 0.0, -1.0, 0.0, 0.0, 0.0, 0.0, 0.0, 1.0 ], [ 0.0, 1.0, 0.0, 0.0, 0.0, 0.0, -1.0, 0.0, -1.0, 0.0, 0.0, 0.0, 0.0, 0.0, 0.0, 1.0 ], [ 0.809017, 0.309017, 0.5, 0.0, -0.309017, -0.5, 0.809017, 0.0, 0.5, -0.809017, -0.309017, 0.0, 0.0, 0.0, 0.0, 1.0 ], [ -0.5, 0.809017, 0.309017, 0.0, -0.809017, -0.309017, -0.5, 0.0, -0.309017, -0.5, 0.809017, 0.0, 0.0, 0.0, 0.0, 1.0 ], [ 0.309017, 0.5, -0.809017, 0.0, 0.5, -0.809017, -0.309017, 0.0, -0.809017, -0.309017, -0.5, 0.0, 0.0, 0.0, 0.0, 1.0 ], [ 0.5, 0.809017, 0.309017, 0.0, -0.809017, 0.309017, 0.5, 0.0, 0.309017, -0.5, 0.809017, 0.0, 0.0, 0.0, 0.0, 1.0 ], [ -0.309017, 0.5, -0.809017, 0.0, -0.5, -0.809017, -0.309017, 0.0, -0.809017, 0.309017, 0.5, 0.0, 0.0, 0.0, 0.0, 1.0 ], [ 0.809017, -0.309017, -0.5, 0.0, 0.309017, -0.5, 0.809017, 0.0, -0.5, -0.809017, -0.309017, 0.0, 0.0, 0.0, 0.0, 1.0 ], [ 0.5, 0.809017, -0.309017, 0.0, -0.809017, 0.309017, -0.5, 0.0, -0.309017, 0.5, 0.809017, 0.0, 0.0, 0.0, 0.0, 1.0 ], [ 0.309017, -0.5, -0.809017, 0.0, -0.5, -0.809017, 0.309017, 0.0, -0.809017, 0.309017, -0.5, 0.0, 0.0, 0.0, 0.0, 1.0 ], [ 0.809017, -0.309017, 0.5, 0.0, -0.309017, 0.5, 0.809017, 0.0, -0.5, -0.809017, 0.309017, 0.0, 0.0, 0.0, 0.0, 1.0 ], [ 0.809017, 0.309017, -0.5, 0.0, -0.309017, -0.5, -0.809017, 0.0, -0.5, 0.809017, -0.309017, 0.0, 0.0, 0.0, 0.0, 1.0 ], [ 0.5, -0.809017, 0.309017, 0.0, -0.809017, -0.309017, 0.5, 0.0, -0.309017, -0.5, -0.809017, 0.0, 0.0, 0.0, 0.0, 1.0 ], [ 0.309017, 0.5, 0.809017, 0.0, -0.5, 0.809017, -0.309017, 0.0, -0.809017, -0.309017, 0.5, 0.0, 0.0, 0.0, 0.0, 1.0 ], [ -1.0, 0.0, 0.0, 0.0, 0.0, -1.0, 0.0, 0.0, 0.0, 0.0, 1.0, 0.0, 0.0, 0.0, 0.0, 1.0 ], [ 0.0, 0.0, -1.0, 0.0, -1.0, 0.0, 0.0, 0.0, 0.0, 1.0, 0.0, 0.0, 0.0, 0.0, 0.0, 1.0 ], [ 0.0, -1.0, 0.0, 0.0, 0.0, 0.0, -1.0, 0.0, 1.0, 0.0, 0.0, 0.0, 0.0, 0.0, 0.0, 1.0 ], [ -0.809017, -0.309017, -0.5, 0.0, -0.309017, -0.5, 0.809017, 0.0, -0.5, 0.809017, 0.309017, 0.0, 0.0, 0.0, 0.0, 1.0 ], [ 0.5, -0.809017, -0.309017, 0.0, -0.809017, -0.309017, -0.5, 0.0, 0.309017, 0.5, -0.809017, 0.0, 0.0, 0.0, 0.0, 1.0 ], [ -0.309017, -0.5, 0.809017, 0.0, 0.5, -0.809017, -0.309017, 0.0, 0.809017, 0.309017, 0.5, 0.0, 0.0, 0.0, 0.0, 1.0 ], [ -0.5, -0.809017, -0.309017, 0.0, -0.809017, 0.309017, 0.5, 0.0, -0.309017, 0.5, -0.809017, 0.0, 0.0, 0.0, 0.0, 1.0 ], [ 0.309017, -0.5, 0.809017, 0.0, -0.5, -0.809017, -0.309017, 0.0, 0.809017, -0.309017, -0.5, 0.0, 0.0, 0.0, 0.0, 1.0 ], [ -0.809017, 0.309017, 0.5, 0.0, 0.309017, -0.5, 0.809017, 0.0, 0.5, 0.809017, 0.309017, 0.0, 0.0, 0.0, 0.0, 1.0 ], [ -0.5, -0.809017, 0.309017, 0.0, -0.809017, 0.309017, -0.5, 0.0, 0.309017, -0.5, -0.809017, 0.0, 0.0, 0.0, 0.0, 1.0 ], [ -0.309017, 0.5, 0.809017, 0.0, -0.5, -0.809017, 0.309017, 0.0, 0.809017, -0.309017, 0.5, 0.0, 0.0, 0.0, 0.0, 1.0 ], [ -0.809017, 0.309017, -0.5, 0.0, -0.309017, 0.5, 0.809017, 0.0, 0.5, 0.809017, -0.309017, 0.0, 0.0, 0.0, 0.0, 1.0 ], [ -0.809017, -0.309017, 0.5, 0.0, -0.309017, -0.5, -0.809017, 0.0, 0.5, -0.809017, 0.309017, 0.0, 0.0, 0.0, 0.0, 1.0 ], [ -0.5, 0.809017, -0.309017, 0.0, -0.809017, -0.309017, 0.5, 0.0, 0.309017, 0.5, 0.809017, 0.0, 0.0, 0.0, 0.0, 1.0 ], [ -0.309017, -0.5, -0.809017, 0.0, -0.5, 0.809017, -0.309017, 0.0, 0.809017, 0.309017, -0.5, 0.0, 0.0, 0.0, 0.0, 1.0 ], [ -1.0, 0.0, 0.0, 0.0, 0.0, 1.0, 0.0, 0.0, 0.0, 0.0, -1.0, 0.0, 0.0, 0.0, 0.0, 1.0 ], [ 0.0, 0.0, -1.0, 0.0, 1.0, 0.0, 0.0, 0.0, 0.0, -1.0, 0.0, 0.0, 0.0, 0.0, 0.0, 1.0 ], [ 0.0, -1.0, 0.0, 0.0, 0.0, 0.0, 1.0, 0.0, -1.0, 0.0, 0.0, 0.0, 0.0, 0.0, 0.0, 1.0 ], [ -0.809017, -0.309017, -0.5, 0.0, 0.309017, 0.5, -0.809017, 0.0, 0.5, -0.809017, -0.309017, 0.0, 0.0, 0.0, 0.0, 1.0 ], [ 0.5, -0.809017, -0.309017, 0.0, 0.809017, 0.309017, 0.5, 0.0, -0.309017, -0.5, 0.809017, 0.0, 0.0, 0.0, 0.0, 1.0 ], [ -0.309017, -0.5, 0.809017, 0.0, -0.5, 0.809017, 0.309017, 0.0, -0.809017, -0.309017, -0.5, 0.0, 0.0, 0.0, 0.0, 1.0 ], [ -0.5, -0.809017, -0.309017, 0.0, 0.809017, -0.309017, -0.5, 0.0, 0.309017, -0.5, 0.809017, 0.0, 0.0, 0.0, 0.0, 1.0 ], [ 0.309017, -0.5, 0.809017, 0.0, 0.5, 0.809017, 0.309017, 0.0, -0.809017, 0.309017, 0.5, 0.0, 0.0, 0.0, 0.0, 1.0 ], [ -0.809017, 0.309017, 0.5, 0.0, -0.309017, 0.5, -0.809017, 0.0, -0.5, -0.809017, -0.309017, 0.0, 0.0, 0.0, 0.0, 1.0 ], [ -0.5, -0.809017, 0.309017, 0.0, 0.809017, -0.309017, 0.5, 0.0, -0.309017, 0.5, 0.809017, 0.0, 0.0, 0.0, 0.0, 1.0 ], [ -0.309017, 0.5, 0.809017, 0.0, 0.5, 0.809017, -0.309017, 0.0, -0.809017, 0.309017, -0.5, 0.0, 0.0, 0.0, 0.0, 1.0 ], [ -0.809017, 0.309017, -0.5, 0.0, 0.309017, -0.5, -0.809017, 0.0, -0.5, -0.809017, 0.309017, 0.0, 0.0, 0.0, 0.0, 1.0 ], [ -0.809017, -0.309017, 0.5, 0.0, 0.309017, 0.5, 0.809017, 0.0, -0.5, 0.809017, -0.309017, 0.0, 0.0, 0.0, 0.0, 1.0 ], [ -0.5, 0.809017, -0.309017, 0.0, 0.809017, 0.309017, -0.5, 0.0, -0.309017, -0.5, -0.809017, 0.0, 0.0, 0.0, 0.0, 1.0 ], [ -0.309017, -0.5, -0.809017, 0.0, 0.5, -0.809017, 0.309017, 0.0, -0.809017, -0.309017, 0.5, 0.0, 0.0, 0.0, 0.0, 1.0 ] ],
  "lights" : {
    "directionalLights" : [ {
      "direction" : [ 1.0, -1.0, -1.0 ],
      "color" : "#EBEBE4"
    }, {
      "direction" : [ -1.0, 0.0, 0.0 ],
      "color" : "#E4E4EB"
    }, {
      "direction" : [ 0.0, 0.0, -1.0 ],
      "color" : "#1E1E1E"
    } ],
    "ambientColor" : "#292929",
    "backgroundColor" : "#AFC8DC"
  },
  "camera" : {
    "lookAtPoint" : {
      "x" : 0.0,
      "y" : 0.0,
      "z" : 0.0
    },
    "farClipDistance" : 899.66864,
    "upDirection" : {
      "x" : 0.50000006,
      "y" : 0.809017,
      "z" : -0.309017
    },
    "lookDirection" : {
      "x" : 0.57735026,
      "y" : -0.57735026,
      "z" : -0.57735026
    },
    "nearClipDistance" : 1.1245862,
    "width" : 202.42552,
    "position" : {
      "x" : -259.712,
      "y" : 259.712,
      "z" : 259.712
    },
    "stereo" : false,
    "perspective" : true,
    "fieldOfView" : 0.44262895,
    "viewDistance" : 449.8344,
    "lookDirectionRV" : {
      "x" : 0.57735026,
      "y" : -0.57735026,
      "z" : -0.57735026,
      "zero" : false
    },
    "lookAtPointRV" : {
      "x" : 0.0,
      "y" : 0.0,
      "z" : 0.0,
      "zero" : true
    },
    "upDirectionRV" : {
      "x" : 0.50000006,
      "y" : 0.809017,
      "z" : -0.309017,
      "zero" : false
    }
  },
  "embedding" : [ 1.0, 0.0, 0.0, 0.0, 0.0, 1.0, 0.0, 0.0, 0.0, 0.0, 1.0, 0.0, 0.0, 0.0, 0.0, 1.0 ],
  "shapes" : [ {
    "id" : "90f3e59c-9828-44a9-ad3a-53943179f6e5",
    "vertices" : [ {
      "x" : 0.0,
      "y" : 0.0,
      "z" : 0.0
    }, {
      "x" : 0.0,
      "y" : 0.0,
      "z" : -8.472136
    }, {
      "x" : 0.0,
      "y" : 8.472136,
      "z" : -8.472136
    }, {
      "x" : 0.0,
      "y" : 8.472136,
      "z" : 0.0
    } ],
    "faces" : [ {
      "vertices" : [ 0, 1, 2, 3 ]
    }, {
      "vertices" : [ 0, 3, 2, 1 ]
    } ]
  }, {
    "id" : "fc4de6b6-fe40-4587-8183-90d4a6eaa1f2",
    "orbit" : "blue",
    "orbitC" : "[[0,0,1],[0,0,1]]",
    "length" : "[1,0,1]",
    "name" : "b1",
    "vertices" : [ {
      "x" : 7.472136,
      "y" : 0.309017,
      "z" : 0.19098301
    }, {
      "x" : 7.472136,
      "y" : 0.309017,
      "z" : -0.19098301
    }, {
      "x" : 1.0,
      "y" : 0.309017,
      "z" : -0.19098301
    }, {
      "x" : 1.0,
      "y" : 0.309017,
      "z" : 0.19098301
    }, {
      "x" : 7.472136,
      "y" : -0.309017,
      "z" : 0.19098301
    }, {
      "x" : 1.0,
      "y" : -0.309017,
      "z" : 0.19098301
    }, {
      "x" : 1.0,
      "y" : -0.309017,
      "z" : -0.19098301
    }, {
      "x" : 7.472136,
      "y" : -0.309017,
      "z" : -0.19098301
    }, {
      "x" : 8.472136,
      "y" : 0.0,
      "z" : 0.0
    } ],
    "faces" : [ {
      "vertices" : [ 1, 7, 6, 2 ]
    }, {
      "vertices" : [ 0, 1, 2, 3 ]
    }, {
      "vertices" : [ 4, 5, 6, 7 ]
    }, {
      "vertices" : [ 0, 3, 5, 4 ]
    } ]
  }, {
    "id" : "7b0ad5cb-c536-41c6-8945-42043612896f",
    "name" : "ball",
    "vertices" : [ {
      "x" : 0.309017,
      "y" : -0.809017,
      "z" : 0.618034
    }, {
      "x" : 0.809017,
      "y" : -0.618034,
      "z" : 0.309017
    }, {
      "x" : 0.618034,
      "y" : -0.309017,
      "z" : 0.809017
    }, {
      "x" : 1.0,
      "y" : 0.309017,
      "z" : 0.19098301
    }, {
      "x" : 0.809017,
      "y" : 0.618034,
      "z" : 0.309017
    }, {
      "x" : 0.618034,
      "y" : 0.309017,
      "z" : 0.809017
    }, {
      "x" : 0.809017,
      "y" : 0.0,
      "z" : 0.690983
    }, {
      "x" : 0.19098301,
      "y" : -1.0,
      "z" : 0.309017
    }, {
      "x" : -0.19098301,
      "y" : -1.0,
      "z" : 0.309017
    }, {
      "x" : -0.19098301,
      "y" : -1.0,
      "z" : -0.309017
    }, {
      "x" : 0.19098301,
      "y" : -1.0,
      "z" : -0.309017
    }, {
      "x" : 1.0,
      "y" : -0.309017,
      "z" : -0.19098301
    }, {
      "x" : 0.809017,
      "y" : -0.618034,
      "z" : -0.309017
    }, {
      "x" : 0.618034,
      "y" : -0.309017,
      "z" : -0.809017
    }, {
      "x" : 0.809017,
      "y" : 0.0,
      "z" : -0.690983
    }, {
      "x" : 0.0,
      "y" : 0.690983,
      "z" : -0.809017
    }, {
      "x" : 0.309017,
      "y" : 0.809017,
      "z" : -0.618034
    }, {
      "x" : 0.618034,
      "y" : 0.309017,
      "z" : -0.809017
    }, {
      "x" : 0.309017,
      "y" : 0.19098301,
      "z" : -1.0
    }, {
      "x" : 1.0,
      "y" : 0.309017,
      "z" : -0.19098301
    }, {
      "x" : -0.309017,
      "y" : -0.809017,
      "z" : 0.618034
    }, {
      "x" : 0.0,
      "y" : -0.690983,
      "z" : 0.809017
    }, {
      "x" : 0.809017,
      "y" : 0.618034,
      "z" : -0.309017
    }, {
      "x" : 0.690983,
      "y" : 0.809017,
      "z" : 0.0
    }, {
      "x" : -0.690983,
      "y" : 0.809017,
      "z" : 0.0
    }, {
      "x" : -0.809017,
      "y" : 0.618034,
      "z" : 0.309017
    }, {
      "x" : -0.309017,
      "y" : 0.809017,
      "z" : 0.618034
    }, {
      "x" : -0.19098301,
      "y" : 1.0,
      "z" : 0.309017
    }, {
      "x" : 0.309017,
      "y" : -0.19098301,
      "z" : -1.0
    }, {
      "x" : 0.19098301,
      "y" : 1.0,
      "z" : 0.309017
    }, {
      "x" : 0.309017,
      "y" : 0.809017,
      "z" : 0.618034
    }, {
      "x" : -0.809017,
      "y" : -0.618034,
      "z" : 0.309017
    }, {
      "x" : -0.690983,
      "y" : -0.809017,
      "z" : 0.0
    }, {
      "x" : 0.0,
      "y" : 0.690983,
      "z" : 0.809017
    }, {
      "x" : 0.309017,
      "y" : -0.809017,
      "z" : -0.618034
    }, {
      "x" : 0.0,
      "y" : -0.690983,
      "z" : -0.809017
    }, {
      "x" : -1.0,
      "y" : 0.309017,
      "z" : 0.19098301
    }, {
      "x" : -0.809017,
      "y" : 0.0,
      "z" : 0.690983
    }, {
      "x" : -0.618034,
      "y" : 0.309017,
      "z" : 0.809017
    }, {
      "x" : 1.0,
      "y" : -0.309017,
      "z" : 0.19098301
    }, {
      "x" : -0.309017,
      "y" : -0.809017,
      "z" : -0.618034
    }, {
      "x" : -1.0,
      "y" : 0.309017,
      "z" : -0.19098301
    }, {
      "x" : -1.0,
      "y" : -0.309017,
      "z" : -0.19098301
    }, {
      "x" : -1.0,
      "y" : -0.309017,
      "z" : 0.19098301
    }, {
      "x" : 0.19098301,
      "y" : 1.0,
      "z" : -0.309017
    }, {
      "x" : -0.809017,
      "y" : 0.618034,
      "z" : -0.309017
    }, {
      "x" : -0.19098301,
      "y" : 1.0,
      "z" : -0.309017
    }, {
      "x" : -0.309017,
      "y" : 0.809017,
      "z" : -0.618034
    }, {
      "x" : -0.618034,
      "y" : -0.309017,
      "z" : 0.809017
    }, {
      "x" : 0.309017,
      "y" : 0.19098301,
      "z" : 1.0
    }, {
      "x" : -0.309017,
      "y" : 0.19098301,
      "z" : -1.0
    }, {
      "x" : -0.309017,
      "y" : 0.19098301,
      "z" : 1.0
    }, {
      "x" : -0.309017,
      "y" : -0.19098301,
      "z" : 1.0
    }, {
      "x" : 0.309017,
      "y" : -0.19098301,
      "z" : 1.0
    }, {
      "x" : 0.690983,
      "y" : -0.809017,
      "z" : 0.0
    }, {
      "x" : -0.809017,
      "y" : 0.0,
      "z" : -0.690983
    }, {
      "x" : -0.618034,
      "y" : -0.309017,
      "z" : -0.809017
    }, {
      "x" : -0.309017,
      "y" : -0.19098301,
      "z" : -1.0
    }, {
      "x" : -0.618034,
      "y" : 0.309017,
      "z" : -0.809017
    }, {
      "x" : -0.809017,
      "y" : -0.618034,
      "z" : -0.309017
    } ],
    "faces" : [ {
      "vertices" : [ 9, 40, 35, 34, 10 ]
    }, {
      "vertices" : [ 0, 1, 2 ]
    }, {
      "vertices" : [ 33, 51, 49 ]
    }, {
      "vertices" : [ 25, 36, 37, 38 ]
    }, {
      "vertices" : [ 41, 55, 42 ]
    }, {
      "vertices" : [ 9, 32, 59, 40 ]
    }, {
      "vertices" : [ 20, 21, 52, 48 ]
    }, {
      "vertices" : [ 26, 33, 30, 29, 27 ]
    }, {
      "vertices" : [ 3, 4, 5, 6 ]
    }, {
      "vertices" : [ 27, 29, 44, 46 ]
    }, {
      "vertices" : [ 50, 57, 56, 55, 58 ]
    }, {
      "vertices" : [ 26, 38, 51, 33 ]
    }, {
      "vertices" : [ 45, 47, 58 ]
    }, {
      "vertices" : [ 18, 28, 57, 50 ]
    }, {
      "vertices" : [ 40, 59, 56 ]
    }, {
      "vertices" : [ 31, 48, 37, 43 ]
    }, {
      "vertices" : [ 7, 8, 9, 10 ]
    }, {
      "vertices" : [ 36, 41, 42, 43 ]
    }, {
      "vertices" : [ 24, 46, 47, 45 ]
    }, {
      "vertices" : [ 4, 30, 5 ]
    }, {
      "vertices" : [ 15, 47, 46, 44, 16 ]
    }, {
      "vertices" : [ 15, 50, 58, 47 ]
    }, {
      "vertices" : [ 24, 45, 41, 36, 25 ]
    }, {
      "vertices" : [ 11, 14, 19 ]
    }, {
      "vertices" : [ 3, 6, 39 ]
    }, {
      "vertices" : [ 1, 39, 6, 2 ]
    }, {
      "vertices" : [ 8, 32, 9 ]
    }, {
      "vertices" : [ 11, 12, 13, 14 ]
    }, {
      "vertices" : [ 16, 22, 17 ]
    }, {
      "vertices" : [ 0, 21, 20, 8, 7 ]
    }, {
      "vertices" : [ 12, 34, 13 ]
    }, {
      "vertices" : [ 35, 40, 56, 57 ]
    }, {
      "vertices" : [ 0, 7, 54, 1 ]
    }, {
      "vertices" : [ 15, 16, 17, 18 ]
    }, {
      "vertices" : [ 3, 19, 22, 23, 4 ]
    }, {
      "vertices" : [ 7, 10, 54 ]
    }, {
      "vertices" : [ 41, 45, 58, 55 ]
    }, {
      "vertices" : [ 3, 39, 11, 19 ]
    }, {
      "vertices" : [ 14, 17, 22, 19 ]
    }, {
      "vertices" : [ 0, 2, 53, 21 ]
    }, {
      "vertices" : [ 49, 51, 52, 53 ]
    }, {
      "vertices" : [ 31, 43, 42, 59, 32 ]
    }, {
      "vertices" : [ 15, 18, 50 ]
    }, {
      "vertices" : [ 42, 55, 56, 59 ]
    }, {
      "vertices" : [ 4, 23, 29, 30 ]
    }, {
      "vertices" : [ 25, 38, 26 ]
    }, {
      "vertices" : [ 13, 28, 18, 17, 14 ]
    }, {
      "vertices" : [ 8, 20, 31, 32 ]
    }, {
      "vertices" : [ 23, 44, 29 ]
    }, {
      "vertices" : [ 24, 27, 46 ]
    }, {
      "vertices" : [ 37, 48, 52, 51, 38 ]
    }, {
      "vertices" : [ 20, 48, 31 ]
    }, {
      "vertices" : [ 24, 25, 26, 27 ]
    }, {
      "vertices" : [ 16, 44, 23, 22 ]
    }, {
      "vertices" : [ 13, 34, 35, 28 ]
    }, {
      "vertices" : [ 10, 34, 12, 54 ]
    }, {
      "vertices" : [ 2, 6, 5, 49, 53 ]
    }, {
      "vertices" : [ 36, 43, 37 ]
    }, {
      "vertices" : [ 5, 30, 33, 49 ]
    }, {
      "vertices" : [ 1, 54, 12, 11, 39 ]
    }, {
      "vertices" : [ 28, 35, 57 ]
    }, {
      "vertices" : [ 21, 53, 52 ]
    } ]
  }, {
    "id" : "5f7a1365-c410-4004-8f33-bfb332bdbc3a",
    "vertices" : [ {
      "x" : 0.0,
      "y" : 0.0,
      "z" : 0.0
    }, {
      "x" : 0.0,
      "y" : -25.416409,
      "z" : 0.0
    }, {
      "x" : 0.0,
      "y" : -25.416409,
      "z" : -8.472136
    }, {
      "x" : 0.0,
      "y" : 0.0,
      "z" : -8.472136
    } ],
    "faces" : [ {
      "vertices" : [ 0, 1, 2, 3 ]
    }, {
      "vertices" : [ 0, 3, 2, 1 ]
    } ]
  }, {
    "id" : "858baa5f-6a47-4a49-b4a7-84449ec17a84",
    "vertices" : [ {
      "x" : 0.0,
      "y" : 0.0,
      "z" : 0.0
    }, {
      "x" : 0.0,
      "y" : 0.0,
      "z" : 8.472136
    }, {
      "x" : 0.0,
      "y" : -8.472136,
      "z" : 8.472136
    }, {
      "x" : 0.0,
      "y" : -8.472136,
      "z" : 0.0
    } ],
    "faces" : [ {
      "vertices" : [ 0, 1, 2, 3 ]
    }, {
      "vertices" : [ 0, 3, 2, 1 ]
    } ]
  }, {
    "id" : "bf4b85e5-a127-46d6-a546-6a0533769128",
    "vertices" : [ {
      "x" : 0.0,
      "y" : 0.0,
      "z" : 0.0
    }, {
      "x" : 0.0,
      "y" : -8.472136,
      "z" : 0.0
    }, {
      "x" : 0.0,
      "y" : -8.472136,
      "z" : -8.472136
    }, {
      "x" : 0.0,
      "y" : 0.0,
      "z" : -8.472136
    } ],
    "faces" : [ {
      "vertices" : [ 0, 1, 2, 3 ]
    }, {
      "vertices" : [ 0, 3, 2, 1 ]
    } ]
  }, {
    "id" : "7541f949-8ff2-47a2-855a-1f4e0ac082f5",
    "vertices" : [ {
      "x" : 0.0,
      "y" : 0.0,
      "z" : 0.0
    }, {
      "x" : 0.0,
      "y" : 8.472136,
      "z" : 0.0
    }, {
      "x" : 0.0,
      "y" : 8.472136,
      "z" : 8.472136
    }, {
      "x" : 0.0,
      "y" : 0.0,
      "z" : 8.472136
    } ],
    "faces" : [ {
      "vertices" : [ 0, 1, 2, 3 ]
    }, {
      "vertices" : [ 0, 3, 2, 1 ]
    } ]
  }, {
    "id" : "479c6114-1def-4fe4-acc8-f3b9cffb2c3f",
    "vertices" : [ {
      "x" : 0.0,
      "y" : 0.0,
      "z" : 0.0
    }, {
      "x" : 0.0,
      "y" : -8.472136,
      "z" : 0.0
    }, {
      "x" : 0.0,
      "y" : -8.472136,
      "z" : -25.416409
    }, {
      "x" : 0.0,
      "y" : 0.0,
      "z" : -25.416409
    } ],
    "faces" : [ {
      "vertices" : [ 0, 1, 2, 3 ]
    }, {
      "vertices" : [ 0, 3, 2, 1 ]
    } ]
  }, {
    "id" : "38ee91fe-cd34-4b2b-a88d-87423e29d056",
    "vertices" : [ {
      "x" : 0.0,
      "y" : 0.0,
      "z" : 0.0
    }, {
      "x" : 0.0,
      "y" : 8.472136,
      "z" : 0.0
    }, {
      "x" : 0.0,
      "y" : 8.472136,
      "z" : 25.416409
    }, {
      "x" : 0.0,
      "y" : 0.0,
      "z" : 25.416409
    } ],
    "faces" : [ {
      "vertices" : [ 0, 1, 2, 3 ]
    }, {
      "vertices" : [ 0, 3, 2, 1 ]
    } ]
  }, {
    "id" : "480a014e-69be-4bef-a3a4-94b331dfb81b",
    "vertices" : [ {
      "x" : 0.0,
      "y" : 0.0,
      "z" : 0.0
    }, {
      "x" : 0.0,
      "y" : 0.0,
      "z" : -25.416409
    }, {
      "x" : 0.0,
      "y" : 8.472136,
      "z" : -25.416409
    }, {
      "x" : 0.0,
      "y" : 8.472136,
      "z" : 0.0
    } ],
    "faces" : [ {
      "vertices" : [ 0, 1, 2, 3 ]
    }, {
      "vertices" : [ 0, 3, 2, 1 ]
    } ]
  }, {
    "id" : "3f96b8a8-449d-4c0c-8fc5-172e62f9df63",
    "vertices" : [ {
      "x" : 0.0,
      "y" : 0.0,
      "z" : 0.0
    }, {
      "x" : 0.0,
      "y" : 0.0,
      "z" : -8.472136
    }, {
      "x" : 0.0,
      "y" : 25.416409,
      "z" : -8.472136
    }, {
      "x" : 0.0,
      "y" : 25.416409,
      "z" : 0.0
    } ],
    "faces" : [ {
      "vertices" : [ 0, 1, 2, 3 ]
    }, {
      "vertices" : [ 0, 3, 2, 1 ]
    } ]
  }, {
    "id" : "e11c46a5-0679-42e6-b0c1-7c7201bb1bef",
    "vertices" : [ {
      "x" : 0.0,
      "y" : 0.0,
      "z" : 0.0
    }, {
      "x" : 0.0,
      "y" : 25.416409,
      "z" : 0.0
    }, {
      "x" : 0.0,
      "y" : 25.416409,
      "z" : 8.472136
    }, {
      "x" : 0.0,
      "y" : 0.0,
      "z" : 8.472136
    } ],
    "faces" : [ {
      "vertices" : [ 0, 1, 2, 3 ]
    }, {
      "vertices" : [ 0, 3, 2, 1 ]
    } ]
  }, {
    "id" : "82460a8e-845f-4848-9d5b-100f642cf8f5",
    "vertices" : [ {
      "x" : 0.0,
      "y" : 0.0,
      "z" : 0.0
    }, {
      "x" : 0.0,
      "y" : 0.0,
      "z" : 8.472136
    }, {
      "x" : 0.0,
      "y" : -25.416409,
      "z" : 8.472136
    }, {
      "x" : 0.0,
      "y" : -25.416409,
      "z" : 0.0
    } ],
    "faces" : [ {
      "vertices" : [ 0, 1, 2, 3 ]
    }, {
      "vertices" : [ 0, 3, 2, 1 ]
    } ]
  }, {
    "id" : "66e4944e-8479-4fbc-84ea-27a30b7e2b02",
    "orbit" : "blue",
    "orbitC" : "[[0,0,1],[0,0,1]]",
    "length" : "[3,0,1]",
    "name" : " :3",
    "vertices" : [ {
      "x" : 24.416409,
      "y" : 0.309017,
      "z" : 0.19098301
    }, {
      "x" : 24.416409,
      "y" : 0.309017,
      "z" : -0.19098301
    }, {
      "x" : 1.0,
      "y" : 0.309017,
      "z" : -0.19098301
    }, {
      "x" : 1.0,
      "y" : 0.309017,
      "z" : 0.19098301
    }, {
      "x" : 24.416409,
      "y" : -0.309017,
      "z" : 0.19098301
    }, {
      "x" : 1.0,
      "y" : -0.309017,
      "z" : 0.19098301
    }, {
      "x" : 1.0,
      "y" : -0.309017,
      "z" : -0.19098301
    }, {
      "x" : 24.416409,
      "y" : -0.309017,
      "z" : -0.19098301
    }, {
      "x" : 25.416409,
      "y" : 0.0,
      "z" : 0.0
    } ],
    "faces" : [ {
      "vertices" : [ 1, 7, 6, 2 ]
    }, {
      "vertices" : [ 0, 1, 2, 3 ]
    }, {
      "vertices" : [ 4, 5, 6, 7 ]
    }, {
      "vertices" : [ 0, 3, 5, 4 ]
    } ]
  } ],
  "instances" : [ {
    "shape" : "90f3e59c-9828-44a9-ad3a-53943179f6e5",
    "color" : "#000000",
    "position" : {
      "x" : 33.888542,
      "y" : 8.472136,
      "z" : 33.888542
    },
    "orientation" : 47
  }, {
    "shape" : "fc4de6b6-fe40-4587-8183-90d4a6eaa1f2",
    "color" : "#008EC2",
    "position" : {
      "x" : 16.944271,
      "y" : 8.472136,
      "z" : 8.472136
    },
    "orientation" : 47
  }, {
    "shape" : "7b0ad5cb-c536-41c6-8945-42043612896f",
    "color" : "#F2F2F2",
    "position" : {
      "x" : 42.36068,
      "y" : 16.944271,
      "z" : 42.36068
    }
  }, {
    "shape" : "fc4de6b6-fe40-4587-8183-90d4a6eaa1f2",
    "color" : "#008EC2",
    "position" : {
      "x" : 42.36068,
      "y" : 8.472136,
      "z" : 50.832817
    },
    "orientation" : 0
  }, {
    "shape" : "7b0ad5cb-c536-41c6-8945-42043612896f",
    "color" : "#F2F2F2",
    "position" : {
      "x" : 0.0,
      "y" : 8.472136,
      "z" : 50.832817
    }
  }, {
    "shape" : "5f7a1365-c410-4004-8f33-bfb332bdbc3a",
    "color" : "#FFFFFF",
    "position" : {
      "x" : 8.472136,
      "y" : 0.0,
      "z" : 0.0
    },
    "orientation" : 16
  }, {
    "shape" : "fc4de6b6-fe40-4587-8183-90d4a6eaa1f2",
    "color" : "#008EC2",
    "position" : {
      "x" : -49.214783,
      "y" : -2.618034,
      "z" : -12.708204
    },
    "orientation" : 16
  }, {
    "shape" : "858baa5f-6a47-4a49-b4a7-84449ec17a84",
    "color" : "#FFFFFF",
    "position" : {
      "x" : 8.472136,
      "y" : 8.472136,
      "z" : 16.944271
    },
    "orientation" : 0
  }, {
    "shape" : "bf4b85e5-a127-46d6-a546-6a0533769128",
    "color" : "#000000",
    "position" : {
      "x" : 50.832817,
      "y" : 16.944271,
      "z" : 42.36068
    },
    "orientation" : 0
  }, {
    "shape" : "90f3e59c-9828-44a9-ad3a-53943179f6e5",
    "color" : "#FFFFFF",
    "position" : {
      "x" : 25.416409,
      "y" : 8.472136,
      "z" : 16.944271
    },
    "orientation" : 2
  }, {
    "shape" : "fc4de6b6-fe40-4587-8183-90d4a6eaa1f2",
    "color" : "#008EC2",
    "position" : {
      "x" : -66.15905,
      "y" : -2.618034,
      "z" : -12.708204
    },
    "orientation" : 2
  }, {
    "shape" : "7b0ad5cb-c536-41c6-8945-42043612896f",
    "color" : "#F2F2F2",
    "position" : {
      "x" : -49.214783,
      "y" : -2.618034,
      "z" : -12.708204
    }
  }, {
    "shape" : "fc4de6b6-fe40-4587-8183-90d4a6eaa1f2",
    "color" : "#008EC2",
    "position" : {
      "x" : 25.416409,
      "y" : 0.0,
      "z" : 25.416409
    },
    "orientation" : 0
  }, {
    "shape" : "fc4de6b6-fe40-4587-8183-90d4a6eaa1f2",
    "color" : "#008EC2",
    "position" : {
      "x" : -57.686916,
      "y" : -2.618034,
      "z" : -12.708204
    },
    "orientation" : 2
  }, {
    "shape" : "fc4de6b6-fe40-4587-8183-90d4a6eaa1f2",
    "color" : "#008EC2",
    "position" : {
      "x" : 0.0,
      "y" : 0.0,
      "z" : 50.832817
    },
    "orientation" : 47
  }, {
    "shape" : "7b0ad5cb-c536-41c6-8945-42043612896f",
    "color" : "#F2F2F2",
    "position" : {
      "x" : 42.36068,
      "y" : 0.0,
      "z" : 0.0
    }
  }, {
    "shape" : "fc4de6b6-fe40-4587-8183-90d4a6eaa1f2",
    "color" : "#008EC2",
    "position" : {
      "x" : 16.944271,
      "y" : 0.0,
      "z" : 0.0
    },
    "orientation" : 0
  }, {
    "shape" : "bf4b85e5-a127-46d6-a546-6a0533769128",
    "color" : "#000000",
    "position" : {
      "x" : -40.742645,
      "y" : 5.854102,
      "z" : -4.236068
    },
    "orientation" : 0
  }, {
    "shape" : "fc4de6b6-fe40-4587-8183-90d4a6eaa1f2",
    "color" : "#008EC2",
    "position" : {
      "x" : 8.472136,
      "y" : 0.0,
      "z" : 33.888542
    },
    "orientation" : 0
  }, {
    "shape" : "fc4de6b6-fe40-4587-8183-90d4a6eaa1f2",
    "color" : "#008EC2",
    "position" : {
      "x" : 50.832817,
      "y" : 0.0,
      "z" : 50.832817
    },
    "orientation" : 1
  }, {
    "shape" : "7b0ad5cb-c536-41c6-8945-42043612896f",
    "color" : "#F2F2F2",
    "position" : {
      "x" : 50.832817,
      "y" : 8.472136,
      "z" : 8.472136
    }
  }, {
    "shape" : "fc4de6b6-fe40-4587-8183-90d4a6eaa1f2",
    "color" : "#008EC2",
    "position" : {
      "x" : 8.472136,
      "y" : 8.472136,
      "z" : 0.0
    },
    "orientation" : 45
  }, {
    "shape" : "bf4b85e5-a127-46d6-a546-6a0533769128",
    "color" : "#000000",
    "position" : {
      "x" : 16.944271,
      "y" : 8.472136,
      "z" : 42.36068
    },
    "orientation" : 0
  }, {
    "shape" : "fc4de6b6-fe40-4587-8183-90d4a6eaa1f2",
    "color" : "#008EC2",
    "position" : {
      "x" : 25.416409,
      "y" : 0.0,
      "z" : 33.888542
    },
    "orientation" : 0
  }, {
    "shape" : "fc4de6b6-fe40-4587-8183-90d4a6eaa1f2",
    "color" : "#008EC2",
    "position" : {
      "x" : 0.0,
      "y" : 0.0,
      "z" : 25.416409
    },
    "orientation" : 47
  }, {
    "shape" : "7541f949-8ff2-47a2-855a-1f4e0ac082f5",
    "color" : "#FFFFFF",
    "position" : {
      "x" : 33.888542,
      "y" : 8.472136,
      "z" : 16.944271
    },
    "orientation" : 1
  }, {
    "shape" : "fc4de6b6-fe40-4587-8183-90d4a6eaa1f2",
    "color" : "#008EC2",
    "position" : {
      "x" : 33.888542,
      "y" : 0.0,
      "z" : 25.416409
    },
    "orientation" : 2
  }, {
    "shape" : "7b0ad5cb-c536-41c6-8945-42043612896f",
    "color" : "#F2F2F2",
    "position" : {
      "x" : 33.888542,
      "y" : 8.472136,
      "z" : 42.36068
    }
  }, {
    "shape" : "fc4de6b6-fe40-4587-8183-90d4a6eaa1f2",
    "color" : "#008EC2",
    "position" : {
      "x" : 33.888542,
      "y" : 0.0,
      "z" : 8.472136
    },
    "orientation" : 1
  }, {
    "shape" : "7b0ad5cb-c536-41c6-8945-42043612896f",
    "color" : "#F2F2F2",
    "position" : {
      "x" : 50.832817,
      "y" : 0.0,
      "z" : 33.888542
    }
  }, {
    "shape" : "fc4de6b6-fe40-4587-8183-90d4a6eaa1f2",
    "color" : "#008EC2",
    "position" : {
      "x" : 16.944271,
      "y" : 8.472136,
      "z" : 16.944271
    },
    "orientation" : 47
  }, {
    "shape" : "fc4de6b6-fe40-4587-8183-90d4a6eaa1f2",
    "color" : "#008EC2",
    "position" : {
      "x" : 16.944271,
      "y" : 8.472136,
      "z" : 16.944271
    },
    "orientation" : 45
  }, {
    "shape" : "fc4de6b6-fe40-4587-8183-90d4a6eaa1f2",
    "color" : "#008EC2",
    "position" : {
      "x" : 50.832817,
      "y" : 8.472136,
      "z" : 0.0
    },
    "orientation" : 16
  }, {
    "shape" : "fc4de6b6-fe40-4587-8183-90d4a6eaa1f2",
    "color" : "#008EC2",
    "position" : {
      "x" : 16.944271,
      "y" : 8.472136,
      "z" : 33.888542
    },
    "orientation" : 45
  }, {
    "shape" : "fc4de6b6-fe40-4587-8183-90d4a6eaa1f2",
    "color" : "#008EC2",
    "position" : {
      "x" : 16.944271,
      "y" : 8.472136,
      "z" : 42.36068
    },
    "orientation" : 47
  }, {
    "shape" : "7b0ad5cb-c536-41c6-8945-42043612896f",
    "color" : "#F2F2F2",
    "position" : {
      "x" : 42.36068,
      "y" : 8.472136,
      "z" : 25.416409
    }
  }, {
    "shape" : "7541f949-8ff2-47a2-855a-1f4e0ac082f5",
    "color" : "#FFFFFF",
    "position" : {
      "x" : 33.888542,
      "y" : 8.472136,
      "z" : 33.888542
    },
    "orientation" : 1
  }, {
    "shape" : "7b0ad5cb-c536-41c6-8945-42043612896f",
    "color" : "#F2F2F2",
    "position" : {
      "x" : 42.36068,
      "y" : 0.0,
      "z" : 50.832817
    }
  }, {
    "shape" : "7b0ad5cb-c536-41c6-8945-42043612896f",
    "color" : "#F2F2F2",
    "position" : {
      "x" : 42.36068,
      "y" : 0.0,
      "z" : 42.36068
    }
  }, {
    "shape" : "fc4de6b6-fe40-4587-8183-90d4a6eaa1f2",
    "color" : "#008EC2",
    "position" : {
      "x" : 25.416409,
      "y" : 8.472136,
      "z" : 33.888542
    },
    "orientation" : 2
  }, {
    "shape" : "fc4de6b6-fe40-4587-8183-90d4a6eaa1f2",
    "color" : "#008EC2",
    "position" : {
      "x" : 25.416409,
      "y" : 0.0,
      "z" : 50.832817
    },
    "orientation" : 0
  }, {
    "shape" : "7b0ad5cb-c536-41c6-8945-42043612896f",
    "color" : "#F2F2F2",
    "position" : {
      "x" : 42.36068,
      "y" : 16.944271,
      "z" : 25.416409
    }
  }, {
    "shape" : "fc4de6b6-fe40-4587-8183-90d4a6eaa1f2",
    "color" : "#008EC2",
    "position" : {
      "x" : 50.832817,
      "y" : 0.0,
      "z" : 0.0
    },
    "orientation" : 2
  }, {
    "shape" : "fc4de6b6-fe40-4587-8183-90d4a6eaa1f2",
    "color" : "#008EC2",
    "position" : {
      "x" : 0.0,
      "y" : 8.472136,
      "z" : 33.888542
    },
    "orientation" : 2
  }, {
    "shape" : "fc4de6b6-fe40-4587-8183-90d4a6eaa1f2",
    "color" : "#008EC2",
    "position" : {
      "x" : 8.472136,
      "y" : 8.472136,
      "z" : 25.416409
    },
    "orientation" : 47
  }, {
    "shape" : "fc4de6b6-fe40-4587-8183-90d4a6eaa1f2",
    "color" : "#008EC2",
    "position" : {
      "x" : 8.472136,
      "y" : 8.472136,
      "z" : 33.888542
    },
    "orientation" : 47
  }, {
    "shape" : "fc4de6b6-fe40-4587-8183-90d4a6eaa1f2",
    "color" : "#008EC2",
    "position" : {
      "x" : 50.832817,
      "y" : 8.472136,
      "z" : 16.944271
    },
    "orientation" : 47
  }, {
    "shape" : "7b0ad5cb-c536-41c6-8945-42043612896f",
    "color" : "#F2F2F2",
    "position" : {
      "x" : 50.832817,
      "y" : 8.472136,
      "z" : 33.888542
    }
  }, {
    "shape" : "7b0ad5cb-c536-41c6-8945-42043612896f",
    "color" : "#F2F2F2",
    "position" : {
      "x" : -66.15905,
      "y" : 5.854102,
      "z" : -4.236068
    }
  }, {
    "shape" : "7b0ad5cb-c536-41c6-8945-42043612896f",
    "color" : "#F2F2F2",
    "position" : {
      "x" : 0.0,
      "y" : 8.472136,
      "z" : 33.888542
    }
  }, {
    "shape" : "fc4de6b6-fe40-4587-8183-90d4a6eaa1f2",
    "color" : "#008EC2",
    "position" : {
      "x" : 42.36068,
      "y" : 8.472136,
      "z" : 42.36068
    },
    "orientation" : 2
  }, {
    "shape" : "7b0ad5cb-c536-41c6-8945-42043612896f",
    "color" : "#F2F2F2",
    "position" : {
      "x" : -57.686916,
      "y" : 5.854102,
      "z" : -12.708204
    }
  }, {
    "shape" : "fc4de6b6-fe40-4587-8183-90d4a6eaa1f2",
    "color" : "#008EC2",
    "position" : {
      "x" : 50.832817,
      "y" : 0.0,
      "z" : 50.832817
    },
    "orientation" : 47
  }, {
    "shape" : "fc4de6b6-fe40-4587-8183-90d4a6eaa1f2",
    "color" : "#008EC2",
    "position" : {
      "x" : 8.472136,
      "y" : 0.0,
      "z" : 42.36068
    },
    "orientation" : 1
  }, {
    "shape" : "7b0ad5cb-c536-41c6-8945-42043612896f",
    "color" : "#F2F2F2",
    "position" : {
      "x" : 33.888542,
      "y" : 16.944271,
      "z" : 33.888542
    }
  }, {
    "shape" : "479c6114-1def-4fe4-acc8-f3b9cffb2c3f",
    "color" : "#FFFFFF",
    "position" : {
      "x" : 50.832817,
      "y" : 8.472136,
      "z" : 25.416409
    },
    "orientation" : 0
  }, {
    "shape" : "fc4de6b6-fe40-4587-8183-90d4a6eaa1f2",
    "color" : "#008EC2",
    "position" : {
      "x" : 25.416409,
      "y" : 8.472136,
      "z" : 33.888542
    },
    "orientation" : 0
  }, {
    "shape" : "fc4de6b6-fe40-4587-8183-90d4a6eaa1f2",
    "color" : "#008EC2",
    "position" : {
      "x" : -49.214783,
      "y" : -2.618034,
      "z" : -12.708204
    },
    "orientation" : 2
  }, {
    "shape" : "fc4de6b6-fe40-4587-8183-90d4a6eaa1f2",
    "color" : "#008EC2",
    "position" : {
      "x" : 25.416409,
      "y" : 8.472136,
      "z" : 16.944271
    },
    "orientation" : 0
  }, {
    "shape" : "7b0ad5cb-c536-41c6-8945-42043612896f",
    "color" : "#F2F2F2",
    "position" : {
      "x" : 0.0,
      "y" : 8.472136,
      "z" : 42.36068
    }
  }, {
    "shape" : "fc4de6b6-fe40-4587-8183-90d4a6eaa1f2",
    "color" : "#008EC2",
    "position" : {
      "x" : 42.36068,
      "y" : 16.944271,
      "z" : 33.888542
    },
    "orientation" : 0
  }, {
    "shape" : "fc4de6b6-fe40-4587-8183-90d4a6eaa1f2",
    "color" : "#008EC2",
    "position" : {
      "x" : 50.832817,
      "y" : 8.472136,
      "z" : 25.416409
    },
    "orientation" : 47
  }, {
    "shape" : "90f3e59c-9828-44a9-ad3a-53943179f6e5",
    "color" : "#FFFFFF",
    "position" : {
      "x" : 42.36068,
      "y" : 0.0,
      "z" : 16.944271
    },
    "orientation" : 16
  }, {
    "shape" : "479c6114-1def-4fe4-acc8-f3b9cffb2c3f",
    "color" : "#000000",
    "position" : {
      "x" : 50.832817,
      "y" : 8.472136,
      "z" : 50.832817
    },
    "orientation" : 0
  }, {
    "shape" : "fc4de6b6-fe40-4587-8183-90d4a6eaa1f2",
    "color" : "#008EC2",
    "position" : {
      "x" : 0.0,
      "y" : 8.472136,
      "z" : 50.832817
    },
    "orientation" : 16
  }, {
    "shape" : "7b0ad5cb-c536-41c6-8945-42043612896f",
    "color" : "#F2F2F2",
    "position" : {
      "x" : 50.832817,
      "y" : 16.944271,
      "z" : 33.888542
    }
  }, {
    "shape" : "fc4de6b6-fe40-4587-8183-90d4a6eaa1f2",
    "color" : "#008EC2",
    "position" : {
      "x" : 16.944271,
      "y" : 0.0,
      "z" : 42.36068
    },
    "orientation" : 2
  }, {
    "shape" : "90f3e59c-9828-44a9-ad3a-53943179f6e5",
    "color" : "#FFFFFF",
    "position" : {
      "x" : 25.416409,
      "y" : 0.0,
      "z" : 16.944271
    },
    "orientation" : 16
  }, {
    "shape" : "bf4b85e5-a127-46d6-a546-6a0533769128",
    "color" : "#000000",
    "position" : {
      "x" : 33.888542,
      "y" : 0.0,
      "z" : 8.472136
    },
    "orientation" : 16
  }, {
    "shape" : "38ee91fe-cd34-4b2b-a88d-87423e29d056",
    "color" : "#FFFFFF",
    "position" : {
      "x" : 16.944271,
      "y" : 8.472136,
      "z" : 42.36068
    },
    "orientation" : 1
  }, {
    "shape" : "fc4de6b6-fe40-4587-8183-90d4a6eaa1f2",
    "color" : "#008EC2",
    "position" : {
      "x" : 42.36068,
      "y" : 0.0,
      "z" : 25.416409
    },
    "orientation" : 47
  }, {
    "shape" : "fc4de6b6-fe40-4587-8183-90d4a6eaa1f2",
    "color" : "#008EC2",
    "position" : {
      "x" : 0.0,
      "y" : 0.0,
      "z" : 50.832817
    },
    "orientation" : 0
  }, {
    "shape" : "fc4de6b6-fe40-4587-8183-90d4a6eaa1f2",
    "color" : "#008EC2",
    "position" : {
      "x" : 0.0,
      "y" : 8.472136,
      "z" : 50.832817
    },
    "orientation" : 0
  }, {
    "shape" : "bf4b85e5-a127-46d6-a546-6a0533769128",
    "color" : "#FFFFFF",
    "position" : {
      "x" : 33.888542,
      "y" : 8.472136,
      "z" : 25.416409
    },
    "orientation" : 0
  }, {
    "shape" : "7b0ad5cb-c536-41c6-8945-42043612896f",
    "color" : "#F2F2F2",
    "position" : {
      "x" : 8.472136,
      "y" : 0.0,
      "z" : 42.36068
    }
  }, {
    "shape" : "fc4de6b6-fe40-4587-8183-90d4a6eaa1f2",
    "color" : "#008EC2",
    "position" : {
      "x" : 0.0,
      "y" : 8.472136,
      "z" : 25.416409
    },
    "orientation" : 16
  }, {
    "shape" : "7b0ad5cb-c536-41c6-8945-42043612896f",
    "color" : "#F2F2F2",
    "position" : {
      "x" : 33.888542,
      "y" : 8.472136,
      "z" : 0.0
    }
  }, {
    "shape" : "fc4de6b6-fe40-4587-8183-90d4a6eaa1f2",
    "color" : "#008EC2",
    "position" : {
      "x" : 42.36068,
      "y" : 0.0,
      "z" : 25.416409
    },
    "orientation" : 1
  }, {
    "shape" : "fc4de6b6-fe40-4587-8183-90d4a6eaa1f2",
    "color" : "#008EC2",
    "position" : {
      "x" : -66.15905,
      "y" : -2.618034,
      "z" : -12.708204
    },
    "orientation" : 0
  }, {
    "shape" : "fc4de6b6-fe40-4587-8183-90d4a6eaa1f2",
    "color" : "#008EC2",
    "position" : {
      "x" : 25.416409,
      "y" : 0.0,
      "z" : 42.36068
    },
    "orientation" : 1
  }, {
    "shape" : "fc4de6b6-fe40-4587-8183-90d4a6eaa1f2",
    "color" : "#008EC2",
    "position" : {
      "x" : 16.944271,
      "y" : 8.472136,
      "z" : 0.0
    },
    "orientation" : 0
  }, {
    "shape" : "7b0ad5cb-c536-41c6-8945-42043612896f",
    "color" : "#F2F2F2",
    "position" : {
      "x" : 16.944271,
      "y" : 8.472136,
      "z" : 33.888542
    }
  }, {
    "shape" : "fc4de6b6-fe40-4587-8183-90d4a6eaa1f2",
    "color" : "#008EC2",
    "position" : {
      "x" : 33.888542,
      "y" : 0.0,
      "z" : 50.832817
    },
    "orientation" : 0
