{
  "polygons" : "true",
  "field" : "golden",
  "symmetry" : "icosahedral",
  "orientations" : [ [ 1.0, 0.0, 0.0, 0.0, 0.0, 1.0, 0.0, 0.0, 0.0, 0.0, 1.0, 0.0, 0.0, 0.0, 0.0, 1.0 ], [ 0.0, 0.0, 1.0, 0.0, 1.0, 0.0, 0.0, 0.0, 0.0, 1.0, 0.0, 0.0, 0.0, 0.0, 0.0, 1.0 ], [ 0.0, 1.0, 0.0, 0.0, 0.0, 0.0, 1.0, 0.0, 1.0, 0.0, 0.0, 0.0, 0.0, 0.0, 0.0, 1.0 ], [ 0.809017, 0.309017, 0.5, 0.0, 0.309017, 0.5, -0.809017, 0.0, -0.5, 0.809017, 0.309017, 0.0, 0.0, 0.0, 0.0, 1.0 ], [ -0.5, 0.809017, 0.309017, 0.0, 0.809017, 0.309017, 0.5, 0.0, 0.309017, 0.5, -0.809017, 0.0, 0.0, 0.0, 0.0, 1.0 ], [ 0.309017, 0.5, -0.809017, 0.0, -0.5, 0.809017, 0.309017, 0.0, 0.809017, 0.309017, 0.5, 0.0, 0.0, 0.0, 0.0, 1.0 ], [ 0.5, 0.809017, 0.309017, 0.0, 0.809017, -0.309017, -0.5, 0.0, -0.309017, 0.5, -0.809017, 0.0, 0.0, 0.0, 0.0, 1.0 ], [ -0.309017, 0.5, -0.809017, 0.0, 0.5, 0.809017, 0.309017, 0.0, 0.809017, -0.309017, -0.5, 0.0, 0.0, 0.0, 0.0, 1.0 ], [ 0.809017, -0.309017, -0.5, 0.0, -0.309017, 0.5, -0.809017, 0.0, 0.5, 0.809017, 0.309017, 0.0, 0.0, 0.0, 0.0, 1.0 ], [ 0.5, 0.809017, -0.309017, 0.0, 0.809017, -0.309017, 0.5, 0.0, 0.309017, -0.5, -0.809017, 0.0, 0.0, 0.0, 0.0, 1.0 ], [ 0.309017, -0.5, -0.809017, 0.0, 0.5, 0.809017, -0.309017, 0.0, 0.809017, -0.309017, 0.5, 0.0, 0.0, 0.0, 0.0, 1.0 ], [ 0.809017, -0.309017, 0.5, 0.0, 0.309017, -0.5, -0.809017, 0.0, 0.5, 0.809017, -0.309017, 0.0, 0.0, 0.0, 0.0, 1.0 ], [ 0.809017, 0.309017, -0.5, 0.0, 0.309017, 0.5, 0.809017, 0.0, 0.5, -0.809017, 0.309017, 0.0, 0.0, 0.0, 0.0, 1.0 ], [ 0.5, -0.809017, 0.309017, 0.0, 0.809017, 0.309017, -0.5, 0.0, 0.309017, 0.5, 0.809017, 0.0, 0.0, 0.0, 0.0, 1.0 ], [ 0.309017, 0.5, 0.809017, 0.0, 0.5, -0.809017, 0.309017, 0.0, 0.809017, 0.309017, -0.5, 0.0, 0.0, 0.0, 0.0, 1.0 ], [ 1.0, 0.0, 0.0, 0.0, 0.0, -1.0, 0.0, 0.0, 0.0, 0.0, -1.0, 0.0, 0.0, 0.0, 0.0, 1.0 ], [ 0.0, 0.0, 1.0, 0.0, -1.0, 0.0, 0.0, 0.0, 0.0, -1.0, 0.0, 0.0, 0.0, 0.0, 0.0, 1.0 ], [ 0.0, 1.0, 0.0, 0.0, 0.0, 0.0, -1.0, 0.0, -1.0, 0.0, 0.0, 0.0, 0.0, 0.0, 0.0, 1.0 ], [ 0.809017, 0.309017, 0.5, 0.0, -0.309017, -0.5, 0.809017, 0.0, 0.5, -0.809017, -0.309017, 0.0, 0.0, 0.0, 0.0, 1.0 ], [ -0.5, 0.809017, 0.309017, 0.0, -0.809017, -0.309017, -0.5, 0.0, -0.309017, -0.5, 0.809017, 0.0, 0.0, 0.0, 0.0, 1.0 ], [ 0.309017, 0.5, -0.809017, 0.0, 0.5, -0.809017, -0.309017, 0.0, -0.809017, -0.309017, -0.5, 0.0, 0.0, 0.0, 0.0, 1.0 ], [ 0.5, 0.809017, 0.309017, 0.0, -0.809017, 0.309017, 0.5, 0.0, 0.309017, -0.5, 0.809017, 0.0, 0.0, 0.0, 0.0, 1.0 ], [ -0.309017, 0.5, -0.809017, 0.0, -0.5, -0.809017, -0.309017, 0.0, -0.809017, 0.309017, 0.5, 0.0, 0.0, 0.0, 0.0, 1.0 ], [ 0.809017, -0.309017, -0.5, 0.0, 0.309017, -0.5, 0.809017, 0.0, -0.5, -0.809017, -0.309017, 0.0, 0.0, 0.0, 0.0, 1.0 ], [ 0.5, 0.809017, -0.309017, 0.0, -0.809017, 0.309017, -0.5, 0.0, -0.309017, 0.5, 0.809017, 0.0, 0.0, 0.0, 0.0, 1.0 ], [ 0.309017, -0.5, -0.809017, 0.0, -0.5, -0.809017, 0.309017, 0.0, -0.809017, 0.309017, -0.5, 0.0, 0.0, 0.0, 0.0, 1.0 ], [ 0.809017, -0.309017, 0.5, 0.0, -0.309017, 0.5, 0.809017, 0.0, -0.5, -0.809017, 0.309017, 0.0, 0.0, 0.0, 0.0, 1.0 ], [ 0.809017, 0.309017, -0.5, 0.0, -0.309017, -0.5, -0.809017, 0.0, -0.5, 0.809017, -0.309017, 0.0, 0.0, 0.0, 0.0, 1.0 ], [ 0.5, -0.809017, 0.309017, 0.0, -0.809017, -0.309017, 0.5, 0.0, -0.309017, -0.5, -0.809017, 0.0, 0.0, 0.0, 0.0, 1.0 ], [ 0.309017, 0.5, 0.809017, 0.0, -0.5, 0.809017, -0.309017, 0.0, -0.809017, -0.309017, 0.5, 0.0, 0.0, 0.0, 0.0, 1.0 ], [ -1.0, 0.0, 0.0, 0.0, 0.0, -1.0, 0.0, 0.0, 0.0, 0.0, 1.0, 0.0, 0.0, 0.0, 0.0, 1.0 ], [ 0.0, 0.0, -1.0, 0.0, -1.0, 0.0, 0.0, 0.0, 0.0, 1.0, 0.0, 0.0, 0.0, 0.0, 0.0, 1.0 ], [ 0.0, -1.0, 0.0, 0.0, 0.0, 0.0, -1.0, 0.0, 1.0, 0.0, 0.0, 0.0, 0.0, 0.0, 0.0, 1.0 ], [ -0.809017, -0.309017, -0.5, 0.0, -0.309017, -0.5, 0.809017, 0.0, -0.5, 0.809017, 0.309017, 0.0, 0.0, 0.0, 0.0, 1.0 ], [ 0.5, -0.809017, -0.309017, 0.0, -0.809017, -0.309017, -0.5, 0.0, 0.309017, 0.5, -0.809017, 0.0, 0.0, 0.0, 0.0, 1.0 ], [ -0.309017, -0.5, 0.809017, 0.0, 0.5, -0.809017, -0.309017, 0.0, 0.809017, 0.309017, 0.5, 0.0, 0.0, 0.0, 0.0, 1.0 ], [ -0.5, -0.809017, -0.309017, 0.0, -0.809017, 0.309017, 0.5, 0.0, -0.309017, 0.5, -0.809017, 0.0, 0.0, 0.0, 0.0, 1.0 ], [ 0.309017, -0.5, 0.809017, 0.0, -0.5, -0.809017, -0.309017, 0.0, 0.809017, -0.309017, -0.5, 0.0, 0.0, 0.0, 0.0, 1.0 ], [ -0.809017, 0.309017, 0.5, 0.0, 0.309017, -0.5, 0.809017, 0.0, 0.5, 0.809017, 0.309017, 0.0, 0.0, 0.0, 0.0, 1.0 ], [ -0.5, -0.809017, 0.309017, 0.0, -0.809017, 0.309017, -0.5, 0.0, 0.309017, -0.5, -0.809017, 0.0, 0.0, 0.0, 0.0, 1.0 ], [ -0.309017, 0.5, 0.809017, 0.0, -0.5, -0.809017, 0.309017, 0.0, 0.809017, -0.309017, 0.5, 0.0, 0.0, 0.0, 0.0, 1.0 ], [ -0.809017, 0.309017, -0.5, 0.0, -0.309017, 0.5, 0.809017, 0.0, 0.5, 0.809017, -0.309017, 0.0, 0.0, 0.0, 0.0, 1.0 ], [ -0.809017, -0.309017, 0.5, 0.0, -0.309017, -0.5, -0.809017, 0.0, 0.5, -0.809017, 0.309017, 0.0, 0.0, 0.0, 0.0, 1.0 ], [ -0.5, 0.809017, -0.309017, 0.0, -0.809017, -0.309017, 0.5, 0.0, 0.309017, 0.5, 0.809017, 0.0, 0.0, 0.0, 0.0, 1.0 ], [ -0.309017, -0.5, -0.809017, 0.0, -0.5, 0.809017, -0.309017, 0.0, 0.809017, 0.309017, -0.5, 0.0, 0.0, 0.0, 0.0, 1.0 ], [ -1.0, 0.0, 0.0, 0.0, 0.0, 1.0, 0.0, 0.0, 0.0, 0.0, -1.0, 0.0, 0.0, 0.0, 0.0, 1.0 ], [ 0.0, 0.0, -1.0, 0.0, 1.0, 0.0, 0.0, 0.0, 0.0, -1.0, 0.0, 0.0, 0.0, 0.0, 0.0, 1.0 ], [ 0.0, -1.0, 0.0, 0.0, 0.0, 0.0, 1.0, 0.0, -1.0, 0.0, 0.0, 0.0, 0.0, 0.0, 0.0, 1.0 ], [ -0.809017, -0.309017, -0.5, 0.0, 0.309017, 0.5, -0.809017, 0.0, 0.5, -0.809017, -0.309017, 0.0, 0.0, 0.0, 0.0, 1.0 ], [ 0.5, -0.809017, -0.309017, 0.0, 0.809017, 0.309017, 0.5, 0.0, -0.309017, -0.5, 0.809017, 0.0, 0.0, 0.0, 0.0, 1.0 ], [ -0.309017, -0.5, 0.809017, 0.0, -0.5, 0.809017, 0.309017, 0.0, -0.809017, -0.309017, -0.5, 0.0, 0.0, 0.0, 0.0, 1.0 ], [ -0.5, -0.809017, -0.309017, 0.0, 0.809017, -0.309017, -0.5, 0.0, 0.309017, -0.5, 0.809017, 0.0, 0.0, 0.0, 0.0, 1.0 ], [ 0.309017, -0.5, 0.809017, 0.0, 0.5, 0.809017, 0.309017, 0.0, -0.809017, 0.309017, 0.5, 0.0, 0.0, 0.0, 0.0, 1.0 ], [ -0.809017, 0.309017, 0.5, 0.0, -0.309017, 0.5, -0.809017, 0.0, -0.5, -0.809017, -0.309017, 0.0, 0.0, 0.0, 0.0, 1.0 ], [ -0.5, -0.809017, 0.309017, 0.0, 0.809017, -0.309017, 0.5, 0.0, -0.309017, 0.5, 0.809017, 0.0, 0.0, 0.0, 0.0, 1.0 ], [ -0.309017, 0.5, 0.809017, 0.0, 0.5, 0.809017, -0.309017, 0.0, -0.809017, 0.309017, -0.5, 0.0, 0.0, 0.0, 0.0, 1.0 ], [ -0.809017, 0.309017, -0.5, 0.0, 0.309017, -0.5, -0.809017, 0.0, -0.5, -0.809017, 0.309017, 0.0, 0.0, 0.0, 0.0, 1.0 ], [ -0.809017, -0.309017, 0.5, 0.0, 0.309017, 0.5, 0.809017, 0.0, -0.5, 0.809017, -0.309017, 0.0, 0.0, 0.0, 0.0, 1.0 ], [ -0.5, 0.809017, -0.309017, 0.0, 0.809017, 0.309017, -0.5, 0.0, -0.309017, -0.5, -0.809017, 0.0, 0.0, 0.0, 0.0, 1.0 ], [ -0.309017, -0.5, -0.809017, 0.0, 0.5, -0.809017, 0.309017, 0.0, -0.809017, -0.309017, 0.5, 0.0, 0.0, 0.0, 0.0, 1.0 ] ],
  "lights" : {
    "directionalLights" : [ {
      "direction" : [ 1.0, -1.0, -1.0 ],
      "color" : "#EBEBE4"
    }, {
      "direction" : [ -1.0, 0.0, 0.0 ],
      "color" : "#E4E4EB"
    }, {
      "direction" : [ 0.0, 0.0, -1.0 ],
      "color" : "#1E1E1E"
    } ],
    "backgroundColor" : "#AFC8DC",
    "ambientColor" : "#292929"
  },
  "camera" : {
    "nearClipDistance" : 0.6049646,
    "stereo" : false,
    "lookAtPoint" : {
      "x" : 0.0,
      "y" : 0.0,
      "z" : 0.0
    },
    "farClipDistance" : 483.9717,
    "lookDirection" : {
      "x" : 0.84695345,
      "y" : -0.5316509,
      "z" : -0.0039624274
    },
    "upDirection" : {
      "x" : 0.42771134,
      "y" : 0.6769065,
      "z" : 0.5990448
    },
    "width" : 108.89365,
    "position" : {
      "x" : -204.95078,
      "y" : 128.65201,
      "z" : 0.9588515
    },
    "perspective" : true,
    "lookAtPointRV" : {
      "x" : 0.0,
      "y" : 0.0,
      "z" : 0.0,
      "zero" : true
    },
    "fieldOfView" : 0.44262886,
    "lookDirectionRV" : {
      "x" : 0.84695345,
      "y" : -0.5316509,
      "z" : -0.0039624274,
      "zero" : false
    },
    "upDirectionRV" : {
      "x" : 0.42771134,
      "y" : 0.6769065,
      "z" : 0.5990448,
      "zero" : false
    },
    "viewDistance" : 241.98589
  },
  "embedding" : [ 1.0, 0.0, 0.0, 0.0, 0.0, 1.0, 0.0, 0.0, 0.0, 0.0, 1.0, 0.0, 0.0, 0.0, 0.0, 1.0 ],
  "shapes" : [ {
    "id" : "80cb7f8e-7614-4537-b388-f5a6cf06b895",
    "orbit" : "0",
    "orbitC" : "[[2,-1,1],[-21,13,1]]",
    "length" : "[\"0\",\"1\",\"1\"]",
    "name" : "medium",
    "vertices" : [ {
      "x" : -0.8850707,
      "y" : -6.7226257,
      "z" : -5.7042217
    }, {
      "x" : -0.48507068,
      "y" : -6.8226256,
      "z" : -5.8042216
    }, {
      "x" : 0.07605367,
      "y" : -0.4404933,
      "z" : -0.6498803
    }, {
      "x" : -0.32394633,
      "y" : -0.3404933,
      "z" : -0.5498803
    }, {
      "x" : -0.618404,
      "y" : -6.5892925,
      "z" : -6.104222
    }, {
      "x" : -1.018404,
      "y" : -6.489292,
      "z" : -6.0042214
    }, {
      "x" : -0.190613,
      "y" : -0.5738266,
      "z" : -0.2498803
    }, {
      "x" : 0.209387,
      "y" : -0.67382663,
      "z" : -0.3498803
    } ],
    "faces" : [ {
      "vertices" : [ 2, 3, 6, 7 ]
    }, {
      "vertices" : [ 0, 5, 4, 1 ]
    }, {
      "vertices" : [ 2, 4, 5, 3 ]
    }, {
      "vertices" : [ 0, 6, 3, 5 ]
    }, {
      "vertices" : [ 0, 1, 7, 6 ]
    }, {
      "vertices" : [ 1, 4, 2, 7 ]
    } ]
  }, {
    "id" : "09673055-f750-41ec-af52-80e631f82a6a",
    "orbit" : "blue",
    "orbitC" : "[[0,0,1],[0,0,1]]",
    "length" : "[\"-1\",\"2\",\"2\"]",
    "name" : " :-1/2 +phi",
    "vertices" : [ {
      "x" : 8.472136,
      "y" : 0.309017,
      "z" : 0.19098301
    }, {
      "x" : 8.472136,
      "y" : 0.309017,
      "z" : -0.19098301
    }, {
      "x" : 1.0,
      "y" : 0.309017,
      "z" : -0.19098301
    }, {
      "x" : 1.0,
      "y" : 0.309017,
      "z" : 0.19098301
    }, {
      "x" : 8.472136,
      "y" : -0.309017,
      "z" : 0.19098301
    }, {
      "x" : 1.0,
      "y" : -0.309017,
      "z" : 0.19098301
    }, {
      "x" : 1.0,
      "y" : -0.309017,
      "z" : -0.19098301
    }, {
      "x" : 8.472136,
      "y" : -0.309017,
      "z" : -0.19098301
    }, {
      "x" : 9.472136,
      "y" : 0.0,
      "z" : 0.0
    } ],
    "faces" : [ {
      "vertices" : [ 1, 7, 6, 2 ]
    }, {
      "vertices" : [ 0, 1, 2, 3 ]
    }, {
      "vertices" : [ 4, 5, 6, 7 ]
    }, {
      "vertices" : [ 0, 3, 5, 4 ]
    } ]
  }, {
    "id" : "de058db1-f2d2-4bc4-a78b-ca34c0a67631",
    "name" : "ball",
    "vertices" : [ {
      "x" : 0.309017,
      "y" : -0.809017,
      "z" : 0.618034
    }, {
      "x" : 0.809017,
      "y" : -0.618034,
      "z" : 0.309017
    }, {
      "x" : 0.618034,
      "y" : -0.309017,
      "z" : 0.809017
    }, {
      "x" : 1.0,
      "y" : 0.309017,
      "z" : 0.19098301
    }, {
      "x" : 0.809017,
      "y" : 0.618034,
      "z" : 0.309017
    }, {
      "x" : 0.618034,
      "y" : 0.309017,
      "z" : 0.809017
    }, {
      "x" : 0.809017,
      "y" : 0.0,
      "z" : 0.690983
    }, {
      "x" : 0.19098301,
      "y" : -1.0,
      "z" : 0.309017
    }, {
      "x" : -0.19098301,
      "y" : -1.0,
      "z" : 0.309017
    }, {
      "x" : -0.19098301,
      "y" : -1.0,
      "z" : -0.309017
    }, {
      "x" : 0.19098301,
      "y" : -1.0,
      "z" : -0.309017
    }, {
      "x" : 1.0,
      "y" : -0.309017,
      "z" : -0.19098301
    }, {
      "x" : 0.809017,
      "y" : -0.618034,
      "z" : -0.309017
    }, {
      "x" : 0.618034,
      "y" : -0.309017,
      "z" : -0.809017
    }, {
      "x" : 0.809017,
      "y" : 0.0,
      "z" : -0.690983
    }, {
      "x" : 0.0,
      "y" : 0.690983,
      "z" : -0.809017
    }, {
      "x" : 0.309017,
      "y" : 0.809017,
      "z" : -0.618034
    }, {
      "x" : 0.618034,
      "y" : 0.309017,
      "z" : -0.809017
    }, {
      "x" : 0.309017,
      "y" : 0.19098301,
      "z" : -1.0
    }, {
      "x" : 1.0,
      "y" : 0.309017,
      "z" : -0.19098301
    }, {
      "x" : -0.309017,
      "y" : -0.809017,
      "z" : 0.618034
    }, {
      "x" : 0.0,
      "y" : -0.690983,
      "z" : 0.809017
    }, {
      "x" : 0.809017,
      "y" : 0.618034,
      "z" : -0.309017
    }, {
      "x" : 0.690983,
      "y" : 0.809017,
      "z" : 0.0
    }, {
      "x" : -0.690983,
      "y" : 0.809017,
      "z" : 0.0
    }, {
      "x" : -0.809017,
      "y" : 0.618034,
      "z" : 0.309017
    }, {
      "x" : -0.309017,
      "y" : 0.809017,
      "z" : 0.618034
    }, {
      "x" : -0.19098301,
      "y" : 1.0,
      "z" : 0.309017
    }, {
      "x" : 0.309017,
      "y" : -0.19098301,
      "z" : -1.0
    }, {
      "x" : 0.19098301,
      "y" : 1.0,
      "z" : 0.309017
    }, {
      "x" : 0.309017,
      "y" : 0.809017,
      "z" : 0.618034
    }, {
      "x" : -0.809017,
      "y" : -0.618034,
      "z" : 0.309017
    }, {
      "x" : -0.690983,
      "y" : -0.809017,
      "z" : 0.0
    }, {
      "x" : 0.0,
      "y" : 0.690983,
      "z" : 0.809017
    }, {
      "x" : 0.309017,
      "y" : -0.809017,
      "z" : -0.618034
    }, {
      "x" : 0.0,
      "y" : -0.690983,
      "z" : -0.809017
    }, {
      "x" : -1.0,
      "y" : 0.309017,
      "z" : 0.19098301
    }, {
      "x" : -0.809017,
      "y" : 0.0,
      "z" : 0.690983
    }, {
      "x" : -0.618034,
      "y" : 0.309017,
      "z" : 0.809017
    }, {
      "x" : 1.0,
      "y" : -0.309017,
      "z" : 0.19098301
    }, {
      "x" : -0.309017,
      "y" : -0.809017,
      "z" : -0.618034
    }, {
      "x" : -1.0,
      "y" : 0.309017,
      "z" : -0.19098301
    }, {
      "x" : -1.0,
      "y" : -0.309017,
      "z" : -0.19098301
    }, {
      "x" : -1.0,
      "y" : -0.309017,
      "z" : 0.19098301
    }, {
      "x" : 0.19098301,
      "y" : 1.0,
      "z" : -0.309017
    }, {
      "x" : -0.809017,
      "y" : 0.618034,
      "z" : -0.309017
    }, {
      "x" : -0.19098301,
      "y" : 1.0,
      "z" : -0.309017
    }, {
      "x" : -0.309017,
      "y" : 0.809017,
      "z" : -0.618034
    }, {
      "x" : -0.618034,
      "y" : -0.309017,
      "z" : 0.809017
    }, {
      "x" : 0.309017,
      "y" : 0.19098301,
      "z" : 1.0
    }, {
      "x" : -0.309017,
      "y" : 0.19098301,
      "z" : -1.0
    }, {
      "x" : -0.309017,
      "y" : 0.19098301,
      "z" : 1.0
    }, {
      "x" : -0.309017,
      "y" : -0.19098301,
      "z" : 1.0
    }, {
      "x" : 0.309017,
      "y" : -0.19098301,
      "z" : 1.0
    }, {
      "x" : 0.690983,
      "y" : -0.809017,
      "z" : 0.0
    }, {
      "x" : -0.809017,
      "y" : 0.0,
      "z" : -0.690983
    }, {
      "x" : -0.618034,
      "y" : -0.309017,
      "z" : -0.809017
    }, {
      "x" : -0.309017,
      "y" : -0.19098301,
      "z" : -1.0
    }, {
      "x" : -0.618034,
      "y" : 0.309017,
      "z" : -0.809017
    }, {
      "x" : -0.809017,
      "y" : -0.618034,
      "z" : -0.309017
    } ],
    "faces" : [ {
      "vertices" : [ 9, 40, 35, 34, 10 ]
    }, {
      "vertices" : [ 0, 1, 2 ]
    }, {
      "vertices" : [ 33, 51, 49 ]
    }, {
      "vertices" : [ 25, 36, 37, 38 ]
    }, {
      "vertices" : [ 41, 55, 42 ]
    }, {
      "vertices" : [ 9, 32, 59, 40 ]
    }, {
      "vertices" : [ 20, 21, 52, 48 ]
    }, {
      "vertices" : [ 26, 33, 30, 29, 27 ]
    }, {
      "vertices" : [ 3, 4, 5, 6 ]
    }, {
      "vertices" : [ 27, 29, 44, 46 ]
    }, {
      "vertices" : [ 50, 57, 56, 55, 58 ]
    }, {
      "vertices" : [ 26, 38, 51, 33 ]
    }, {
      "vertices" : [ 45, 47, 58 ]
    }, {
      "vertices" : [ 18, 28, 57, 50 ]
    }, {
      "vertices" : [ 40, 59, 56 ]
    }, {
      "vertices" : [ 31, 48, 37, 43 ]
    }, {
      "vertices" : [ 7, 8, 9, 10 ]
    }, {
      "vertices" : [ 36, 41, 42, 43 ]
    }, {
      "vertices" : [ 24, 46, 47, 45 ]
    }, {
      "vertices" : [ 4, 30, 5 ]
    }, {
      "vertices" : [ 15, 47, 46, 44, 16 ]
    }, {
      "vertices" : [ 15, 50, 58, 47 ]
    }, {
      "vertices" : [ 24, 45, 41, 36, 25 ]
    }, {
      "vertices" : [ 11, 14, 19 ]
    }, {
      "vertices" : [ 3, 6, 39 ]
    }, {
      "vertices" : [ 1, 39, 6, 2 ]
    }, {
      "vertices" : [ 8, 32, 9 ]
    }, {
      "vertices" : [ 11, 12, 13, 14 ]
    }, {
      "vertices" : [ 16, 22, 17 ]
    }, {
      "vertices" : [ 0, 21, 20, 8, 7 ]
    }, {
      "vertices" : [ 12, 34, 13 ]
    }, {
      "vertices" : [ 35, 40, 56, 57 ]
    }, {
      "vertices" : [ 0, 7, 54, 1 ]
    }, {
      "vertices" : [ 15, 16, 17, 18 ]
    }, {
      "vertices" : [ 3, 19, 22, 23, 4 ]
    }, {
      "vertices" : [ 7, 10, 54 ]
    }, {
      "vertices" : [ 41, 45, 58, 55 ]
    }, {
      "vertices" : [ 3, 39, 11, 19 ]
    }, {
      "vertices" : [ 14, 17, 22, 19 ]
    }, {
      "vertices" : [ 0, 2, 53, 21 ]
    }, {
      "vertices" : [ 49, 51, 52, 53 ]
    }, {
      "vertices" : [ 31, 43, 42, 59, 32 ]
    }, {
      "vertices" : [ 15, 18, 50 ]
    }, {
      "vertices" : [ 42, 55, 56, 59 ]
    }, {
      "vertices" : [ 4, 23, 29, 30 ]
    }, {
      "vertices" : [ 25, 38, 26 ]
    }, {
      "vertices" : [ 13, 28, 18, 17, 14 ]
    }, {
      "vertices" : [ 8, 20, 31, 32 ]
    }, {
      "vertices" : [ 23, 44, 29 ]
    }, {
      "vertices" : [ 24, 27, 46 ]
    }, {
      "vertices" : [ 37, 48, 52, 51, 38 ]
    }, {
      "vertices" : [ 20, 48, 31 ]
    }, {
      "vertices" : [ 24, 25, 26, 27 ]
    }, {
      "vertices" : [ 16, 44, 23, 22 ]
    }, {
      "vertices" : [ 13, 34, 35, 28 ]
    }, {
      "vertices" : [ 10, 34, 12, 54 ]
    }, {
      "vertices" : [ 2, 6, 5, 49, 53 ]
    }, {
      "vertices" : [ 36, 43, 37 ]
    }, {
      "vertices" : [ 5, 30, 33, 49 ]
    }, {
      "vertices" : [ 1, 54, 12, 11, 39 ]
    }, {
      "vertices" : [ 28, 35, 57 ]
    }, {
      "vertices" : [ 21, 53, 52 ]
    } ]
  }, {
    "id" : "76fe0c8c-4448-4bfd-8009-ab238d660037",
    "vertices" : [ {
      "x" : 0.0,
      "y" : 0.0,
      "z" : 0.0
    }, {
      "x" : -3.427051,
      "y" : -0.309017,
      "z" : -8.972136
    }, {
      "x" : -5.045085,
      "y" : 8.163119,
      "z" : -13.208204
    }, {
      "x" : -3.427051,
      "y" : 16.635256,
      "z" : -8.972136
    }, {
      "x" : 0.0,
      "y" : 16.326239,
      "z" : 0.0
    }, {
      "x" : 1.809017,
      "y" : 8.163119,
      "z" : 4.736068
    } ],
    "faces" : [ {
      "vertices" : [ 0, 1, 2, 3, 4, 5 ]
    }, {
      "vertices" : [ 0, 5, 4, 3, 2, 1 ]
    } ]
  }, {
    "id" : "560b1b05-447a-46e0-9094-a9115fa6ffe9",
    "vertices" : [ {
      "x" : 0.0,
      "y" : 0.0,
      "z" : 0.0
    }, {
      "x" : -4.736068,
      "y" : 7.663119,
      "z" : -2.927051
    }, {
      "x" : -7.663119,
      "y" : 12.399187,
      "z" : 4.736068
    }, {
      "x" : -4.736068,
      "y" : 7.663119,
      "z" : 12.399187
    }, {
      "x" : 0.0,
      "y" : 0.0,
      "z" : 9.472136
    } ],
    "faces" : [ {
      "vertices" : [ 0, 1, 2, 3, 4 ]
    }, {
      "vertices" : [ 0, 4, 3, 2, 1 ]
    } ]
  }, {
    "id" : "a4739aff-4c61-435e-81b8-ec1ce9e1bcfc",
    "vertices" : [ {
      "x" : 0.0,
      "y" : 0.0,
      "z" : 0.0
    }, {
      "x" : -0.809017,
      "y" : 7.163119,
      "z" : 6.354102
    }, {
      "x" : 7.663119,
      "y" : 2.927051,
      "z" : 4.736068
    } ],
    "faces" : [ {
      "vertices" : [ 0, 1, 2 ]
    }, {
      "vertices" : [ 0, 2, 1 ]
    } ]
  }, {
    "id" : "0adecc61-442c-4543-8746-bd7cd6d17c73",
    "vertices" : [ {
      "x" : 0.0,
      "y" : 0.0,
      "z" : 0.0
    }, {
      "x" : 1.809017,
      "y" : -8.163119,
      "z" : 4.736068
    }, {
      "x" : 0.0,
      "y" : -16.326239,
      "z" : 0.0
    }, {
      "x" : -3.427051,
      "y" : -16.635256,
      "z" : -8.972136
    }, {
      "x" : -5.045085,
      "y" : -8.163119,
      "z" : -13.208204
    }, {
      "x" : -3.427051,
      "y" : 0.309017,
      "z" : -8.972136
    } ],
    "faces" : [ {
      "vertices" : [ 0, 1, 2, 3, 4, 5 ]
    }, {
      "vertices" : [ 0, 5, 4, 3, 2, 1 ]
    } ]
  }, {
    "id" : "a2766ff1-d5e1-479b-958a-ff98f89afe51",
    "vertices" : [ {
      "x" : 0.0,
      "y" : 0.0,
      "z" : 0.0
    }, {
      "x" : 1.618034,
      "y" : 8.472136,
      "z" : 4.236068
    }, {
      "x" : 5.045085,
      "y" : 8.163119,
      "z" : 13.208204
    }, {
      "x" : 6.854102,
      "y" : 0.0,
      "z" : 17.944271
    }, {
      "x" : 5.045085,
      "y" : -8.163119,
      "z" : 13.208204
    }, {
      "x" : 1.618034,
      "y" : -8.472136,
      "z" : 4.236068
    } ],
    "faces" : [ {
      "vertices" : [ 0, 1, 2, 3, 4, 5 ]
    }, {
      "vertices" : [ 0, 5, 4, 3, 2, 1 ]
    } ]
  } ],
  "instances" : [ {
    "shape" : "80cb7f8e-7614-4537-b388-f5a6cf06b895",
    "color" : "#FFFFFF",
    "position" : {
      "x" : 0.0,
      "y" : 27.416409,
      "z" : 0.0
    },
    "orientation" : 23
  }, {
    "shape" : "09673055-f750-41ec-af52-80e631f82a6a",
    "color" : "#008EC2",
    "position" : {
      "x" : -8.163119,
      "y" : -4.736068,
      "z" : -25.607391
    },
    "orientation" : 41
  }, {
    "shape" : "80cb7f8e-7614-4537-b388-f5a6cf06b895",
    "color" : "#FFFFFF",
    "position" : {
      "x" : 20.871323,
      "y" : -15.826238,
      "z" : -7.663119
    },
    "orientation" : 2
  }, {
    "shape" : "80cb7f8e-7614-4537-b388-f5a6cf06b895",
    "color" : "#FFFFFF",
    "position" : {
      "x" : 8.472136,
      "y" : -13.708204,
      "z" : 22.18034
    },
    "orientation" : 0
  }, {
    "shape" : "de058db1-f2d2-4bc4-a78b-ca34c0a67631",
    "color" : "#F2F2F2",
    "position" : {
      "x" : -15.826238,
      "y" : 7.663119,
      "z" : 20.871323
    }
  }, {
    "shape" : "76fe0c8c-4448-4bfd-8009-ab238d660037",
    "color" : "#FFFF00",
    "position" : {
      "x" : -7.663119,
      "y" : 20.871323,
      "z" : -15.826238
    },
    "orientation" : 54
  }, {
    "shape" : "09673055-f750-41ec-af52-80e631f82a6a",
    "color" : "#008EC2",
    "position" : {
      "x" : -25.607391,
      "y" : 8.163119,
      "z" : -4.736068
    },
    "orientation" : 2
  }, {
    "shape" : "09673055-f750-41ec-af52-80e631f82a6a",
    "color" : "#008EC2",
    "position" : {
      "x" : -7.663119,
      "y" : -20.871323,
      "z" : -15.826238
    },
    "orientation" : 23
  }, {
    "shape" : "de058db1-f2d2-4bc4-a78b-ca34c0a67631",
    "color" : "#F2F2F2",
    "position" : {
      "x" : 7.663119,
      "y" : -20.871323,
      "z" : -15.826238
    }
  }, {
    "shape" : "de058db1-f2d2-4bc4-a78b-ca34c0a67631",
    "color" : "#F2F2F2",
    "position" : {
      "x" : -13.708204,
      "y" : -22.18034,
      "z" : -8.472136
    }
  }, {
    "shape" : "09673055-f750-41ec-af52-80e631f82a6a",
    "color" : "#008EC2",
    "position" : {
      "x" : -8.163119,
      "y" : 4.736068,
      "z" : 25.607391
    },
    "orientation" : 56
  }, {
    "shape" : "80cb7f8e-7614-4537-b388-f5a6cf06b895",
    "color" : "#FFFFFF",
    "position" : {
      "x" : -20.562305,
      "y" : 0.0,
      "z" : 17.944271
    },
    "orientation" : 11
  }, {
    "shape" : "560b1b05-447a-46e0-9094-a9115fa6ffe9",
    "color" : "#FF0000",
    "position" : {
      "x" : -4.736068,
      "y" : 25.607391,
      "z" : 8.163119
    },
    "orientation" : 1
  }, {
    "shape" : "80cb7f8e-7614-4537-b388-f5a6cf06b895",
    "color" : "#FFFFFF",
    "position" : {
      "x" : 22.18034,
      "y" : -8.472136,
      "z" : -13.708204
    },
    "orientation" : 50
  }, {
    "shape" : "a4739aff-4c61-435e-81b8-ec1ce9e1bcfc",
    "color" : "#0000FF",
    "position" : {
      "x" : 7.663119,
      "y" : 20.871323,
      "z" : -15.826238
    },
    "orientation" : 38
  }, {
    "shape" : "80cb7f8e-7614-4537-b388-f5a6cf06b895",
    "color" : "#FFFFFF",
    "position" : {
      "x" : -22.18034,
      "y" : 8.472136,
      "z" : 13.708204
    },
    "orientation" : 46
  }, {
    "shape" : "a4739aff-4c61-435e-81b8-ec1ce9e1bcfc",
    "color" : "#0000FF",
    "position" : {
      "x" : -25.607391,
      "y" : 8.163119,
      "z" : 4.736068
    },
    "orientation" : 20
  }, {
    "shape" : "80cb7f8e-7614-4537-b388-f5a6cf06b895",
    "color" : "#FFFFFF",
    "position" : {
      "x" : -13.708204,
      "y" : 22.18034,
      "z" : 8.472136
    },
    "orientation" : 2
  }, {
    "shape" : "80cb7f8e-7614-4537-b388-f5a6cf06b895",
    "color" : "#FFFFFF",
    "position" : {
      "x" : 8.472136,
      "y" : -13.708204,
      "z" : 22.18034
    },
    "orientation" : 42
  }, {
    "shape" : "80cb7f8e-7614-4537-b388-f5a6cf06b895",
    "color" : "#FFFFFF",
    "position" : {
      "x" : -13.708204,
      "y" : -22.18034,
      "z" : 8.472136
    },
    "orientation" : 24
  }, {
    "shape" : "de058db1-f2d2-4bc4-a78b-ca34c0a67631",
    "color" : "#F2F2F2",
    "position" : {
      "x" : -13.708204,
      "y" : 22.18034,
      "z" : 8.472136
    }
  }, {
    "shape" : "09673055-f750-41ec-af52-80e631f82a6a",
    "color" : "#008EC2",
    "position" : {
      "x" : -7.663119,
      "y" : 20.871323,
      "z" : 15.826238
    },
    "orientation" : 8
  }, {
    "shape" : "09673055-f750-41ec-af52-80e631f82a6a",
    "color" : "#008EC2",
    "position" : {
      "x" : 20.871323,
      "y" : 15.826238,
      "z" : 7.663119
    },
    "orientation" : 24
  }, {
    "shape" : "80cb7f8e-7614-4537-b388-f5a6cf06b895",
    "color" : "#FFFFFF",
    "position" : {
      "x" : -13.708204,
      "y" : -22.18034,
      "z" : -8.472136
    },
    "orientation" : 44
  }, {
    "shape" : "80cb7f8e-7614-4537-b388-f5a6cf06b895",
    "color" : "#FFFFFF",
    "position" : {
      "x" : -13.708204,
      "y" : -22.18034,
      "z" : 8.472136
    },
    "orientation" : 48
  }, {
    "shape" : "80cb7f8e-7614-4537-b388-f5a6cf06b895",
    "color" : "#FFFFFF",
    "position" : {
      "x" : -8.472136,
      "y" : -13.708204,
      "z" : 22.18034
    },
    "orientation" : 10
  }, {
    "shape" : "de058db1-f2d2-4bc4-a78b-ca34c0a67631",
    "color" : "#F2F2F2",
    "position" : {
      "x" : 22.18034,
      "y" : -8.472136,
      "z" : -13.708204
    }
  }, {
    "shape" : "80cb7f8e-7614-4537-b388-f5a6cf06b895",
    "color" : "#FFFFFF",
    "position" : {
      "x" : 22.18034,
      "y" : 8.472136,
      "z" : 13.708204
    },
    "orientation" : 26
  }, {
    "shape" : "de058db1-f2d2-4bc4-a78b-ca34c0a67631",
    "color" : "#F2F2F2",
    "position" : {
      "x" : -15.826238,
      "y" : -7.663119,
      "z" : -20.871323
    }
  }, {
    "shape" : "de058db1-f2d2-4bc4-a78b-ca34c0a67631",
    "color" : "#F2F2F2",
    "position" : {
      "x" : 8.163119,
      "y" : -4.736068,
      "z" : -25.607391
    }
  }, {
    "shape" : "de058db1-f2d2-4bc4-a78b-ca34c0a67631",
    "color" : "#F2F2F2",
    "position" : {
      "x" : 25.607391,
      "y" : 8.163119,
      "z" : -4.736068
    }
  }, {
    "shape" : "09673055-f750-41ec-af52-80e631f82a6a",
    "color" : "#008EC2",
    "position" : {
      "x" : 7.663119,
      "y" : 20.871323,
      "z" : -15.826238
    },
    "orientation" : 53
  }, {
    "shape" : "a4739aff-4c61-435e-81b8-ec1ce9e1bcfc",
    "color" : "#0000FF",
    "position" : {
      "x" : -8.163119,
      "y" : 4.736068,
      "z" : -25.607391
    },
    "orientation" : 41
  }, {
    "shape" : "a4739aff-4c61-435e-81b8-ec1ce9e1bcfc",
    "color" : "#0000FF",
    "position" : {
      "x" : 20.871323,
      "y" : 15.826238,
      "z" : -7.663119
    },
    "orientation" : 37
  }, {
    "shape" : "a4739aff-4c61-435e-81b8-ec1ce9e1bcfc",
    "color" : "#0000FF",
    "position" : {
      "x" : 7.663119,
      "y" : -20.871323,
      "z" : 15.826238
    },
    "orientation" : 53
  }, {
    "shape" : "09673055-f750-41ec-af52-80e631f82a6a",
    "color" : "#008EC2",
    "position" : {
      "x" : 20.871323,
      "y" : -15.826238,
      "z" : -7.663119
    },
    "orientation" : 9
  }, {
    "shape" : "0adecc61-442c-4543-8746-bd7cd6d17c73",
    "color" : "#FFFF00",
    "position" : {
      "x" : 15.826238,
      "y" : -7.663119,
      "z" : 20.871323
    },
    "orientation" : 5
  }, {
    "shape" : "80cb7f8e-7614-4537-b388-f5a6cf06b895",
    "color" : "#FFFFFF",
    "position" : {
      "x" : 15.826238,
      "y" : -7.663119,
      "z" : -20.871323
    },
    "orientation" : 46
  }, {
    "shape" : "0adecc61-442c-4543-8746-bd7cd6d17c73",
    "color" : "#FFFF00",
    "position" : {
      "x" : 8.163119,
      "y" : 4.736068,
      "z" : -25.607391
    },
    "orientation" : 17
  }, {
    "shape" : "560b1b05-447a-46e0-9094-a9115fa6ffe9",
    "color" : "#FF0000",
    "position" : {
      "x" : 4.736068,
      "y" : -25.607391,
      "z" : 8.163119
    },
    "orientation" : 31
  }, {
    "shape" : "560b1b05-447a-46e0-9094-a9115fa6ffe9",
    "color" : "#FF0000",
    "position" : {
      "x" : -25.607391,
      "y" : -8.163119,
      "z" : -4.736068
    },
    "orientation" : 30
  }, {
    "shape" : "de058db1-f2d2-4bc4-a78b-ca34c0a67631",
    "color" : "#F2F2F2",
    "position" : {
      "x" : 4.736068,
      "y" : 25.607391,
      "z" : 8.163119
    }
  }, {
    "shape" : "80cb7f8e-7614-4537-b388-f5a6cf06b895",
    "color" : "#FFFFFF",
    "position" : {
      "x" : -8.472136,
      "y" : -13.708204,
      "z" : -22.18034
    },
    "orientation" : 27
  }, {
    "shape" : "de058db1-f2d2-4bc4-a78b-ca34c0a67631",
    "color" : "#F2F2F2",
    "position" : {
      "x" : 15.826238,
      "y" : -7.663119,
      "z" : 20.871323
    }
  }, {
    "shape" : "80cb7f8e-7614-4537-b388-f5a6cf06b895",
    "color" : "#FFFFFF",
    "position" : {
      "x" : 15.826238,
      "y" : 7.663119,
      "z" : 20.871323
    },
    "orientation" : 31
  }, {
    "shape" : "80cb7f8e-7614-4537-b388-f5a6cf06b895",
    "color" : "#FFFFFF",
    "position" : {
      "x" : 0.0,
      "y" : 27.416409,
      "z" : 0.0
    },
    "orientation" : 38
  }, {
    "shape" : "de058db1-f2d2-4bc4-a78b-ca34c0a67631",
    "color" : "#F2F2F2",
    "position" : {
      "x" : 0.0,
      "y" : 27.416409,
      "z" : 0.0
    }
  }, {
    "shape" : "de058db1-f2d2-4bc4-a78b-ca34c0a67631",
    "color" : "#F2F2F2",
    "position" : {
      "x" : 20.871323,
      "y" : -15.826238,
      "z" : 7.663119
    }
  }, {
    "shape" : "80cb7f8e-7614-4537-b388-f5a6cf06b895",
    "color" : "#FFFFFF",
    "position" : {
      "x" : -27.416409,
      "y" : 0.0,
      "z" : 0.0
    },
    "orientation" : 22
  }, {
    "shape" : "a4739aff-4c61-435e-81b8-ec1ce9e1bcfc",
    "color" : "#0000FF",
    "position" : {
      "x" : -15.826238,
      "y" : 7.663119,
      "z" : -20.871323
    },
    "orientation" : 31
  }, {
    "shape" : "80cb7f8e-7614-4537-b388-f5a6cf06b895",
    "color" : "#FFFFFF",
    "position" : {
      "x" : 22.18034,
      "y" : 8.472136,
      "z" : 13.708204
    },
    "orientation" : 35
  }, {
    "shape" : "a4739aff-4c61-435e-81b8-ec1ce9e1bcfc",
    "color" : "#0000FF",
    "position" : {
      "x" : -20.871323,
      "y" : -15.826238,
      "z" : 7.663119
    },
    "orientation" : 17
  }, {
    "shape" : "de058db1-f2d2-4bc4-a78b-ca34c0a67631",
    "color" : "#F2F2F2",
    "position" : {
      "x" : 7.663119,
      "y" : 20.871323,
      "z" : 15.826238
    }
  }, {
    "shape" : "09673055-f750-41ec-af52-80e631f82a6a",
    "color" : "#008EC2",
    "position" : {
      "x" : -7.663119,
      "y" : 20.871323,
      "z" : -15.826238
    },
    "orientation" : 10
  }, {
    "shape" : "80cb7f8e-7614-4537-b388-f5a6cf06b895",
    "color" : "#FFFFFF",
    "position" : {
      "x" : 25.607391,
      "y" : 8.163119,
      "z" : 4.736068
    },
    "orientation" : 58
  }, {
    "shape" : "de058db1-f2d2-4bc4-a78b-ca34c0a67631",
    "color" : "#F2F2F2",
    "position" : {
      "x" : -8.472136,
      "y" : -13.708204,
      "z" : 22.18034
    }
  }, {
    "shape" : "80cb7f8e-7614-4537-b388-f5a6cf06b895",
    "color" : "#FFFFFF",
    "position" : {
      "x" : 20.871323,
      "y" : 15.826238,
      "z" : -7.663119
    },
    "orientation" : 5
  }, {
    "shape" : "de058db1-f2d2-4bc4-a78b-ca34c0a67631",
    "color" : "#F2F2F2",
    "position" : {
      "x" : -22.18034,
      "y" : -8.472136,
      "z" : 13.708204
    }
  }, {
    "shape" : "de058db1-f2d2-4bc4-a78b-ca34c0a67631",
    "color" : "#F2F2F2",
    "position" : {
      "x" : 15.826238,
      "y" : 7.663119,
      "z" : -20.871323
    }
  }, {
    "shape" : "de058db1-f2d2-4bc4-a78b-ca34c0a67631",
    "color" : "#F2F2F2",
    "position" : {
      "x" : 0.0,
      "y" : 17.944271,
      "z" : 20.562305
    }
  }, {
    "shape" : "80cb7f8e-7614-4537-b388-f5a6cf06b895",
    "color" : "#FFFFFF",
    "position" : {
      "x" : 13.708204,
      "y" : 22.18034,
      "z" : -8.472136
    },
    "orientation" : 14
  }, {
    "shape" : "a4739aff-4c61-435e-81b8-ec1ce9e1bcfc",
    "color" : "#0000FF",
    "position" : {
      "x" : -8.163119,
      "y" : 4.736068,
      "z" : 25.607391
    },
    "orientation" : 19
  }, {
    "shape" : "de058db1-f2d2-4bc4-a78b-ca34c0a67631",
    "color" : "#F2F2F2",
    "position" : {
      "x" : 20.562305,
      "y" : 0.0,
      "z" : -17.944271
    }
  }, {
    "shape" : "a4739aff-4c61-435e-81b8-ec1ce9e1bcfc",
    "color" : "#0000FF",
    "position" : {
      "x" : -7.663119,
      "y" : -20.871323,
      "z" : -15.826238
    },
    "orientation" : 8
  }, {
    "shape" : "80cb7f8e-7614-4537-b388-f5a6cf06b895",
    "color" : "#FFFFFF",
    "position" : {
      "x" : -27.416409,
      "y" : 0.0,
      "z" : 0.0
    },
    "orientation" : 7
  }, {
    "shape" : "a4739aff-4c61-435e-81b8-ec1ce9e1bcfc",
    "color" : "#0000FF",
    "position" : {
      "x" : 20.871323,
      "y" : -15.826238,
      "z" : 7.663119
    },
    "orientation" : 52
  }, {
    "shape" : "de058db1-f2d2-4bc4-a78b-ca34c0a67631",
    "color" : "#F2F2F2",
    "position" : {
      "x" : 4.736068,
      "y" : 25.607391,
      "z" : -8.163119
    }
  }, {
    "shape" : "09673055-f750-41ec-af52-80e631f82a6a",
    "color" : "#008EC2",
    "position" : {
      "x" : 4.736068,
      "y" : 25.607391,
      "z" : 8.163119
    },
    "orientation" : 45
  }, {
    "shape" : "560b1b05-447a-46e0-9094-a9115fa6ffe9",
    "color" : "#FF0000",
    "position" : {
      "x" : -4.736068,
      "y" : -25.607391,
      "z" : -8.163119
    },
    "orientation" : 16
  }, {
    "shape" : "0adecc61-442c-4543-8746-bd7cd6d17c73",
    "color" : "#FFFF00",
    "position" : {
      "x" : 20.562305,
      "y" : 0.0,
      "z" : 17.944271
    },
    "orientation" : 8
  }, {
    "shape" : "80cb7f8e-7614-4537-b388-f5a6cf06b895",
    "color" : "#FFFFFF",
    "position" : {
      "x" : 15.826238,
      "y" : 7.663119,
      "z" : -20.871323
    },
    "orientation" : 19
  }, {
    "shape" : "80cb7f8e-7614-4537-b388-f5a6cf06b895",
    "color" : "#FFFFFF",
    "position" : {
      "x" : -7.663119,
      "y" : 20.871323,
      "z" : 15.826238
    },
    "orientation" : 3
  }, {
    "shape" : "de058db1-f2d2-4bc4-a78b-ca34c0a67631",
    "color" : "#F2F2F2",
    "position" : {
      "x" : 15.826238,
      "y" : -7.663119,
      "z" : -20.871323
    }
  }, {
    "shape" : "de058db1-f2d2-4bc4-a78b-ca34c0a67631",
    "color" : "#F2F2F2",
    "position" : {
      "x" : 22.18034,
      "y" : -8.472136,
      "z" : 13.708204
    }
  }, {
    "shape" : "de058db1-f2d2-4bc4-a78b-ca34c0a67631",
    "color" : "#F2F2F2",
    "position" : {
      "x" : 25.607391,
      "y" : 8.163119,
      "z" : 4.736068
    }
  }, {
    "shape" : "09673055-f750-41ec-af52-80e631f82a6a",
    "color" : "#008EC2",
    "position" : {
      "x" : -20.562305,
      "y" : 0.0,
      "z" : 17.944271
    },
    "orientation" : 21
  }, {
    "shape" : "80cb7f8e-7614-4537-b388-f5a6cf06b895",
    "color" : "#FFFFFF",
    "position" : {
      "x" : 17.944271,
      "y" : -20.562305,
      "z" : 0.0
    },
    "orientation" : 9
  }, {
    "shape" : "de058db1-f2d2-4bc4-a78b-ca34c0a67631",
    "color" : "#F2F2F2",
    "position" : {
      "x" : -7.663119,
      "y" : 20.871323,
      "z" : 15.826238
    }
  }, {
    "shape" : "80cb7f8e-7614-4537-b388-f5a6cf06b895",
    "color" : "#FFFFFF",
    "position" : {
      "x" : -20.871323,
      "y" : 15.826238,
      "z" : -7.663119
    },
    "orientation" : 32
  }, {
    "shape" : "80cb7f8e-7614-4537-b388-f5a6cf06b895",
    "color" : "#FFFFFF",
    "position" : {
      "x" : -8.472136,
      "y" : -13.708204,
      "z" : -22.18034
    },
    "orientation" : 45
  }, {
    "shape" : "80cb7f8e-7614-4537-b388-f5a6cf06b895",
    "color" : "#FFFFFF",
    "position" : {
      "x" : -8.163119,
      "y" : 4.736068,
      "z" : 25.607391
    },
    "orientation" : 36
  }, {
    "shape" : "80cb7f8e-7614-4537-b388-f5a6cf06b895",
    "color" : "#FFFFFF",
    "position" : {
      "x" : -4.736068,
      "y" : -25.607391,
      "z" : -8.163119
    },
    "orientation" : 23
  }, {
    "shape" : "80cb7f8e-7614-4537-b388-f5a6cf06b895",
    "color" : "#FFFFFF",
    "position" : {
      "x" : 4.736068,
      "y" : 25.607391,
      "z" : 8.163119
    },
    "orientation" : 44
  }, {
    "shape" : "09673055-f750-41ec-af52-80e631f82a6a",
    "color" : "#008EC2",
    "position" : {
      "x" : 0.0,
      "y" : -17.944271,
      "z" : -20.562305
    },
    "orientation" : 8
  }, {
    "shape" : "80cb7f8e-7614-4537-b388-f5a6cf06b895",
    "color" : "#FFFFFF",
    "position" : {
      "x" : 8.472136,
      "y" : 13.708204,
      "z" : 22.18034
    },
    "orientation" : 40
  }, {
    "shape" : "80cb7f8e-7614-4537-b388-f5a6cf06b895",
    "color" : "#FFFFFF",
    "position" : {
      "x" : -25.607391,
      "y" : -8.163119,
      "z" : 4.736068
    },
    "orientation" : 28
  }, {
    "shape" : "80cb7f8e-7614-4537-b388-f5a6cf06b895",
    "color" : "#FFFFFF",
    "position" : {
      "x" : -8.472136,
      "y" : 13.708204,
      "z" : 22.18034
    },
    "orientation" : 30
  }, {
    "shape" : "80cb7f8e-7614-4537-b388-f5a6cf06b895",
    "color" : "#FFFFFF",
    "position" : {
      "x" : 27.416409,
      "y" : 0.0,
      "z" : 0.0
    },
    "orientation" : 37
  }, {
    "shape" : "de058db1-f2d2-4bc4-a78b-ca34c0a67631",
    "color" : "#F2F2F2",
    "position" : {
      "x" : -7.663119,
      "y" : -20.871323,
      "z" : 15.826238
    }
  }, {
    "shape" : "09673055-f750-41ec-af52-80e631f82a6a",
    "color" : "#008EC2",
    "position" : {
      "x" : -4.736068,
      "y" : 25.607391,
      "z" : 8.163119
    },
    "orientation" : 40
  }, {
    "shape" : "80cb7f8e-7614-4537-b388-f5a6cf06b895",
    "color" : "#FFFFFF",
    "position" : {
      "x" : 7.663119,
      "y" : -20.871323,
      "z" : -15.826238
    },
    "orientation" : 30
  }, {
    "shape" : "80cb7f8e-7614-4537-b388-f5a6cf06b895",
    "color" : "#FFFFFF",
    "position" : {
      "x" : -8.472136,
      "y" : 13.708204,
      "z" : -22.18034
    },
