{
  "polygons" : "true",
  "field" : "golden",
  "symmetry" : "icosahedral",
  "orientations" : [ [ 1.0, 0.0, 0.0, 0.0, 0.0, 1.0, 0.0, 0.0, 0.0, 0.0, 1.0, 0.0, 0.0, 0.0, 0.0, 1.0 ], [ 0.0, 0.0, 1.0, 0.0, 1.0, 0.0, 0.0, 0.0, 0.0, 1.0, 0.0, 0.0, 0.0, 0.0, 0.0, 1.0 ], [ 0.0, 1.0, 0.0, 0.0, 0.0, 0.0, 1.0, 0.0, 1.0, 0.0, 0.0, 0.0, 0.0, 0.0, 0.0, 1.0 ], [ 0.809017, 0.309017, 0.5, 0.0, 0.309017, 0.5, -0.809017, 0.0, -0.5, 0.809017, 0.309017, 0.0, 0.0, 0.0, 0.0, 1.0 ], [ -0.5, 0.809017, 0.309017, 0.0, 0.809017, 0.309017, 0.5, 0.0, 0.309017, 0.5, -0.809017, 0.0, 0.0, 0.0, 0.0, 1.0 ], [ 0.309017, 0.5, -0.809017, 0.0, -0.5, 0.809017, 0.309017, 0.0, 0.809017, 0.309017, 0.5, 0.0, 0.0, 0.0, 0.0, 1.0 ], [ 0.5, 0.809017, 0.309017, 0.0, 0.809017, -0.309017, -0.5, 0.0, -0.309017, 0.5, -0.809017, 0.0, 0.0, 0.0, 0.0, 1.0 ], [ -0.309017, 0.5, -0.809017, 0.0, 0.5, 0.809017, 0.309017, 0.0, 0.809017, -0.309017, -0.5, 0.0, 0.0, 0.0, 0.0, 1.0 ], [ 0.809017, -0.309017, -0.5, 0.0, -0.309017, 0.5, -0.809017, 0.0, 0.5, 0.809017, 0.309017, 0.0, 0.0, 0.0, 0.0, 1.0 ], [ 0.5, 0.809017, -0.309017, 0.0, 0.809017, -0.309017, 0.5, 0.0, 0.309017, -0.5, -0.809017, 0.0, 0.0, 0.0, 0.0, 1.0 ], [ 0.309017, -0.5, -0.809017, 0.0, 0.5, 0.809017, -0.309017, 0.0, 0.809017, -0.309017, 0.5, 0.0, 0.0, 0.0, 0.0, 1.0 ], [ 0.809017, -0.309017, 0.5, 0.0, 0.309017, -0.5, -0.809017, 0.0, 0.5, 0.809017, -0.309017, 0.0, 0.0, 0.0, 0.0, 1.0 ], [ 0.809017, 0.309017, -0.5, 0.0, 0.309017, 0.5, 0.809017, 0.0, 0.5, -0.809017, 0.309017, 0.0, 0.0, 0.0, 0.0, 1.0 ], [ 0.5, -0.809017, 0.309017, 0.0, 0.809017, 0.309017, -0.5, 0.0, 0.309017, 0.5, 0.809017, 0.0, 0.0, 0.0, 0.0, 1.0 ], [ 0.309017, 0.5, 0.809017, 0.0, 0.5, -0.809017, 0.309017, 0.0, 0.809017, 0.309017, -0.5, 0.0, 0.0, 0.0, 0.0, 1.0 ], [ 1.0, 0.0, 0.0, 0.0, 0.0, -1.0, 0.0, 0.0, 0.0, 0.0, -1.0, 0.0, 0.0, 0.0, 0.0, 1.0 ], [ 0.0, 0.0, 1.0, 0.0, -1.0, 0.0, 0.0, 0.0, 0.0, -1.0, 0.0, 0.0, 0.0, 0.0, 0.0, 1.0 ], [ 0.0, 1.0, 0.0, 0.0, 0.0, 0.0, -1.0, 0.0, -1.0, 0.0, 0.0, 0.0, 0.0, 0.0, 0.0, 1.0 ], [ 0.809017, 0.309017, 0.5, 0.0, -0.309017, -0.5, 0.809017, 0.0, 0.5, -0.809017, -0.309017, 0.0, 0.0, 0.0, 0.0, 1.0 ], [ -0.5, 0.809017, 0.309017, 0.0, -0.809017, -0.309017, -0.5, 0.0, -0.309017, -0.5, 0.809017, 0.0, 0.0, 0.0, 0.0, 1.0 ], [ 0.309017, 0.5, -0.809017, 0.0, 0.5, -0.809017, -0.309017, 0.0, -0.809017, -0.309017, -0.5, 0.0, 0.0, 0.0, 0.0, 1.0 ], [ 0.5, 0.809017, 0.309017, 0.0, -0.809017, 0.309017, 0.5, 0.0, 0.309017, -0.5, 0.809017, 0.0, 0.0, 0.0, 0.0, 1.0 ], [ -0.309017, 0.5, -0.809017, 0.0, -0.5, -0.809017, -0.309017, 0.0, -0.809017, 0.309017, 0.5, 0.0, 0.0, 0.0, 0.0, 1.0 ], [ 0.809017, -0.309017, -0.5, 0.0, 0.309017, -0.5, 0.809017, 0.0, -0.5, -0.809017, -0.309017, 0.0, 0.0, 0.0, 0.0, 1.0 ], [ 0.5, 0.809017, -0.309017, 0.0, -0.809017, 0.309017, -0.5, 0.0, -0.309017, 0.5, 0.809017, 0.0, 0.0, 0.0, 0.0, 1.0 ], [ 0.309017, -0.5, -0.809017, 0.0, -0.5, -0.809017, 0.309017, 0.0, -0.809017, 0.309017, -0.5, 0.0, 0.0, 0.0, 0.0, 1.0 ], [ 0.809017, -0.309017, 0.5, 0.0, -0.309017, 0.5, 0.809017, 0.0, -0.5, -0.809017, 0.309017, 0.0, 0.0, 0.0, 0.0, 1.0 ], [ 0.809017, 0.309017, -0.5, 0.0, -0.309017, -0.5, -0.809017, 0.0, -0.5, 0.809017, -0.309017, 0.0, 0.0, 0.0, 0.0, 1.0 ], [ 0.5, -0.809017, 0.309017, 0.0, -0.809017, -0.309017, 0.5, 0.0, -0.309017, -0.5, -0.809017, 0.0, 0.0, 0.0, 0.0, 1.0 ], [ 0.309017, 0.5, 0.809017, 0.0, -0.5, 0.809017, -0.309017, 0.0, -0.809017, -0.309017, 0.5, 0.0, 0.0, 0.0, 0.0, 1.0 ], [ -1.0, 0.0, 0.0, 0.0, 0.0, -1.0, 0.0, 0.0, 0.0, 0.0, 1.0, 0.0, 0.0, 0.0, 0.0, 1.0 ], [ 0.0, 0.0, -1.0, 0.0, -1.0, 0.0, 0.0, 0.0, 0.0, 1.0, 0.0, 0.0, 0.0, 0.0, 0.0, 1.0 ], [ 0.0, -1.0, 0.0, 0.0, 0.0, 0.0, -1.0, 0.0, 1.0, 0.0, 0.0, 0.0, 0.0, 0.0, 0.0, 1.0 ], [ -0.809017, -0.309017, -0.5, 0.0, -0.309017, -0.5, 0.809017, 0.0, -0.5, 0.809017, 0.309017, 0.0, 0.0, 0.0, 0.0, 1.0 ], [ 0.5, -0.809017, -0.309017, 0.0, -0.809017, -0.309017, -0.5, 0.0, 0.309017, 0.5, -0.809017, 0.0, 0.0, 0.0, 0.0, 1.0 ], [ -0.309017, -0.5, 0.809017, 0.0, 0.5, -0.809017, -0.309017, 0.0, 0.809017, 0.309017, 0.5, 0.0, 0.0, 0.0, 0.0, 1.0 ], [ -0.5, -0.809017, -0.309017, 0.0, -0.809017, 0.309017, 0.5, 0.0, -0.309017, 0.5, -0.809017, 0.0, 0.0, 0.0, 0.0, 1.0 ], [ 0.309017, -0.5, 0.809017, 0.0, -0.5, -0.809017, -0.309017, 0.0, 0.809017, -0.309017, -0.5, 0.0, 0.0, 0.0, 0.0, 1.0 ], [ -0.809017, 0.309017, 0.5, 0.0, 0.309017, -0.5, 0.809017, 0.0, 0.5, 0.809017, 0.309017, 0.0, 0.0, 0.0, 0.0, 1.0 ], [ -0.5, -0.809017, 0.309017, 0.0, -0.809017, 0.309017, -0.5, 0.0, 0.309017, -0.5, -0.809017, 0.0, 0.0, 0.0, 0.0, 1.0 ], [ -0.309017, 0.5, 0.809017, 0.0, -0.5, -0.809017, 0.309017, 0.0, 0.809017, -0.309017, 0.5, 0.0, 0.0, 0.0, 0.0, 1.0 ], [ -0.809017, 0.309017, -0.5, 0.0, -0.309017, 0.5, 0.809017, 0.0, 0.5, 0.809017, -0.309017, 0.0, 0.0, 0.0, 0.0, 1.0 ], [ -0.809017, -0.309017, 0.5, 0.0, -0.309017, -0.5, -0.809017, 0.0, 0.5, -0.809017, 0.309017, 0.0, 0.0, 0.0, 0.0, 1.0 ], [ -0.5, 0.809017, -0.309017, 0.0, -0.809017, -0.309017, 0.5, 0.0, 0.309017, 0.5, 0.809017, 0.0, 0.0, 0.0, 0.0, 1.0 ], [ -0.309017, -0.5, -0.809017, 0.0, -0.5, 0.809017, -0.309017, 0.0, 0.809017, 0.309017, -0.5, 0.0, 0.0, 0.0, 0.0, 1.0 ], [ -1.0, 0.0, 0.0, 0.0, 0.0, 1.0, 0.0, 0.0, 0.0, 0.0, -1.0, 0.0, 0.0, 0.0, 0.0, 1.0 ], [ 0.0, 0.0, -1.0, 0.0, 1.0, 0.0, 0.0, 0.0, 0.0, -1.0, 0.0, 0.0, 0.0, 0.0, 0.0, 1.0 ], [ 0.0, -1.0, 0.0, 0.0, 0.0, 0.0, 1.0, 0.0, -1.0, 0.0, 0.0, 0.0, 0.0, 0.0, 0.0, 1.0 ], [ -0.809017, -0.309017, -0.5, 0.0, 0.309017, 0.5, -0.809017, 0.0, 0.5, -0.809017, -0.309017, 0.0, 0.0, 0.0, 0.0, 1.0 ], [ 0.5, -0.809017, -0.309017, 0.0, 0.809017, 0.309017, 0.5, 0.0, -0.309017, -0.5, 0.809017, 0.0, 0.0, 0.0, 0.0, 1.0 ], [ -0.309017, -0.5, 0.809017, 0.0, -0.5, 0.809017, 0.309017, 0.0, -0.809017, -0.309017, -0.5, 0.0, 0.0, 0.0, 0.0, 1.0 ], [ -0.5, -0.809017, -0.309017, 0.0, 0.809017, -0.309017, -0.5, 0.0, 0.309017, -0.5, 0.809017, 0.0, 0.0, 0.0, 0.0, 1.0 ], [ 0.309017, -0.5, 0.809017, 0.0, 0.5, 0.809017, 0.309017, 0.0, -0.809017, 0.309017, 0.5, 0.0, 0.0, 0.0, 0.0, 1.0 ], [ -0.809017, 0.309017, 0.5, 0.0, -0.309017, 0.5, -0.809017, 0.0, -0.5, -0.809017, -0.309017, 0.0, 0.0, 0.0, 0.0, 1.0 ], [ -0.5, -0.809017, 0.309017, 0.0, 0.809017, -0.309017, 0.5, 0.0, -0.309017, 0.5, 0.809017, 0.0, 0.0, 0.0, 0.0, 1.0 ], [ -0.309017, 0.5, 0.809017, 0.0, 0.5, 0.809017, -0.309017, 0.0, -0.809017, 0.309017, -0.5, 0.0, 0.0, 0.0, 0.0, 1.0 ], [ -0.809017, 0.309017, -0.5, 0.0, 0.309017, -0.5, -0.809017, 0.0, -0.5, -0.809017, 0.309017, 0.0, 0.0, 0.0, 0.0, 1.0 ], [ -0.809017, -0.309017, 0.5, 0.0, 0.309017, 0.5, 0.809017, 0.0, -0.5, 0.809017, -0.309017, 0.0, 0.0, 0.0, 0.0, 1.0 ], [ -0.5, 0.809017, -0.309017, 0.0, 0.809017, 0.309017, -0.5, 0.0, -0.309017, -0.5, -0.809017, 0.0, 0.0, 0.0, 0.0, 1.0 ], [ -0.309017, -0.5, -0.809017, 0.0, 0.5, -0.809017, 0.309017, 0.0, -0.809017, -0.309017, 0.5, 0.0, 0.0, 0.0, 0.0, 1.0 ] ],
  "lights" : {
    "ambientColor" : "#292929",
    "backgroundColor" : "#AFC8DC",
    "directionalLights" : [ {
      "direction" : [ 1.0, -1.0, -1.0 ],
      "color" : "#EBEBE4"
    }, {
      "direction" : [ -1.0, 0.0, 0.0 ],
      "color" : "#E4E4EB"
    }, {
      "direction" : [ 0.0, 0.0, -1.0 ],
      "color" : "#1E1E1E"
    } ]
  },
  "camera" : {
    "width" : 90.95586,
    "position" : {
      "x" : 116.50629,
      "y" : -111.79241,
      "z" : -121.58315
    },
    "upDirectionRV" : {
      "x" : -0.63366586,
      "y" : -0.7673281,
      "z" : 0.09832349,
      "zero" : false
    },
    "fieldOfView" : 0.44263,
    "perspective" : false,
    "lookDirectionRV" : {
      "x" : -0.57641107,
      "y" : 0.5530893,
      "z" : 0.6015287,
      "zero" : false
    },
    "lookAtPointRV" : {
      "x" : 0.0,
      "y" : 0.0,
      "z" : 0.0,
      "zero" : true
    },
    "viewDistance" : 202.12361,
    "stereo" : false,
    "lookAtPoint" : {
      "x" : 0.0,
      "y" : 0.0,
      "z" : 0.0
    },
    "farClipDistance" : 404.24643,
    "lookDirection" : {
      "x" : -0.57641107,
      "y" : 0.5530893,
      "z" : 0.6015287
    },
    "upDirection" : {
      "x" : -0.63366586,
      "y" : -0.7673281,
      "z" : 0.09832349
    },
    "nearClipDistance" : 0.50530976
  },
  "embedding" : [ 1.0, 0.0, 0.0, 0.0, 0.0, 1.0, 0.0, 0.0, 0.0, 0.0, 1.0, 0.0, 0.0, 0.0, 0.0, 1.0 ],
  "shapes" : [ {
    "id" : "02deaff1-7855-4682-9055-fea72092d025",
    "orbit" : "31",
    "orbitC" : "[[0,-1845375515,-1845375515],[1362242777,2096892937,-1845375515]]",
    "length" : "[1,2,1]",
    "name" : " :1 +2*phi",
    "vertices" : [ {
      "x" : -27.972975,
      "y" : 5.5415053,
      "z" : 0.13409099
    }, {
      "x" : -28.072975,
      "y" : 5.6415057,
      "z" : -0.26590902
    }, {
      "x" : -0.6454216,
      "y" : 0.34650663,
      "z" : -0.133314
    }, {
      "x" : -0.5454216,
      "y" : 0.24650662,
      "z" : 0.266686
    }, {
      "x" : -27.839642,
      "y" : 5.9415054,
      "z" : -0.13257568
    }, {
      "x" : -27.739641,
      "y" : 5.8415055,
      "z" : 0.26742432
    }, {
      "x" : -0.77875495,
      "y" : -0.053493377,
      "z" : 0.13335267
    }, {
      "x" : -0.878755,
      "y" : 0.046506625,
      "z" : -0.26664734
    } ],
    "faces" : [ {
      "vertices" : [ 2, 3, 6, 7 ]
    }, {
      "vertices" : [ 0, 5, 4, 1 ]
    }, {
      "vertices" : [ 2, 4, 5, 3 ]
    }, {
      "vertices" : [ 0, 6, 3, 5 ]
    }, {
      "vertices" : [ 0, 1, 7, 6 ]
    }, {
      "vertices" : [ 1, 4, 2, 7 ]
    } ]
  }, {
    "id" : "aa5ea547-4c27-4820-b62f-7acd5c136bbd",
    "orbit" : "33",
    "orbitC" : "[[-376434484,565493375,163882643],[565493375,189058891,163882643]]",
    "length" : "[1,0,1]",
    "name" : "short",
    "vertices" : [ {
      "x" : 0.2630603,
      "y" : -0.09416478,
      "z" : 5.2575536
    }, {
      "x" : -0.1369397,
      "y" : -0.19416478,
      "z" : 5.1575537
    }, {
      "x" : -0.26723284,
      "y" : 0.10091608,
      "z" : 0.6325572
    }, {
      "x" : 0.13276717,
      "y" : 0.20091608,
      "z" : 0.73255724
    }, {
      "x" : -0.27027303,
      "y" : 0.10583522,
      "z" : 4.92422
    }, {
      "x" : 0.12972698,
      "y" : 0.20583522,
      "z" : 5.02422
    }, {
      "x" : 0.2661005,
      "y" : -0.09908392,
      "z" : 0.9658905
    }, {
      "x" : -0.1338995,
      "y" : -0.19908392,
      "z" : 0.86589056
    } ],
    "faces" : [ {
      "vertices" : [ 2, 3, 6, 7 ]
    }, {
      "vertices" : [ 0, 5, 4, 1 ]
    }, {
      "vertices" : [ 2, 4, 5, 3 ]
    }, {
      "vertices" : [ 0, 6, 3, 5 ]
    }, {
      "vertices" : [ 0, 1, 7, 6 ]
    }, {
      "vertices" : [ 1, 4, 2, 7 ]
    } ]
  }, {
    "id" : "4e18d25c-575b-4c74-867f-3e2799165ba3",
    "orbit" : "32",
    "orbitC" : "[[697149921,-1360630502,1594200591],[618931637,1528552011,-618931637]]",
    "length" : "[0,1,1]",
    "name" : "medium",
    "vertices" : [ {
      "x" : 9.115784,
      "y" : -5.7279615,
      "z" : -5.4005747
    }, {
      "x" : 9.215784,
      "y" : -5.327962,
      "z" : -5.5005746
    }, {
      "x" : 0.4275737,
      "y" : -0.17223142,
      "z" : -0.50588953
    }, {
      "x" : 0.32757372,
      "y" : -0.5722314,
      "z" : -0.40588954
    }, {
      "x" : 8.9824505,
      "y" : -5.461295,
      "z" : -5.800575
    }, {
      "x" : 8.88245,
      "y" : -5.861295,
      "z" : -5.700575
    }, {
      "x" : 0.56090707,
      "y" : -0.4388981,
      "z" : -0.10588954
    }, {
      "x" : 0.66090703,
      "y" : -0.03889809,
      "z" : -0.20588954
    } ],
    "faces" : [ {
      "vertices" : [ 2, 3, 6, 7 ]
    }, {
      "vertices" : [ 0, 5, 4, 1 ]
    }, {
      "vertices" : [ 2, 4, 5, 3 ]
    }, {
      "vertices" : [ 0, 6, 3, 5 ]
    }, {
      "vertices" : [ 0, 1, 7, 6 ]
    }, {
      "vertices" : [ 1, 4, 2, 7 ]
    } ]
  }, {
    "id" : "88feb46c-2ad1-48ee-a06c-aac32a4e3ebc",
    "name" : "ball",
    "vertices" : [ {
      "x" : -0.309017,
      "y" : -0.19098301,
      "z" : 0.0
    }, {
      "x" : -0.309017,
      "y" : 0.19098301,
      "z" : 0.0
    }, {
      "x" : -0.19098301,
      "y" : 0.0,
      "z" : -0.309017
    }, {
      "x" : -0.19098301,
      "y" : 0.0,
      "z" : 0.309017
    }, {
      "x" : 0.0,
      "y" : -0.309017,
      "z" : -0.19098301
    }, {
      "x" : 0.0,
      "y" : -0.309017,
      "z" : 0.19098301
    }, {
      "x" : 0.0,
      "y" : 0.309017,
      "z" : -0.19098301
    }, {
      "x" : 0.0,
      "y" : 0.309017,
      "z" : 0.19098301
    }, {
      "x" : 0.19098301,
      "y" : 0.0,
      "z" : -0.309017
    }, {
      "x" : 0.19098301,
      "y" : 0.0,
      "z" : 0.309017
    }, {
      "x" : 0.309017,
      "y" : -0.19098301,
      "z" : 0.0
    }, {
      "x" : 0.309017,
      "y" : 0.19098301,
      "z" : 0.0
    } ],
    "faces" : [ {
      "vertices" : [ 0, 1, 2 ]
    }, {
      "vertices" : [ 0, 3, 1 ]
    }, {
      "vertices" : [ 0, 2, 4 ]
    }, {
      "vertices" : [ 0, 5, 3 ]
    }, {
      "vertices" : [ 0, 4, 5 ]
    }, {
      "vertices" : [ 1, 6, 2 ]
    }, {
      "vertices" : [ 1, 3, 7 ]
    }, {
      "vertices" : [ 1, 7, 6 ]
    }, {
      "vertices" : [ 2, 8, 4 ]
    }, {
      "vertices" : [ 2, 6, 8 ]
    }, {
      "vertices" : [ 3, 5, 9 ]
    }, {
      "vertices" : [ 3, 9, 7 ]
    }, {
      "vertices" : [ 4, 10, 5 ]
    }, {
      "vertices" : [ 4, 8, 10 ]
    }, {
      "vertices" : [ 5, 10, 9 ]
    }, {
      "vertices" : [ 6, 7, 11 ]
    }, {
      "vertices" : [ 6, 11, 8 ]
    }, {
      "vertices" : [ 7, 9, 11 ]
    }, {
      "vertices" : [ 8, 11, 10 ]
    }, {
      "vertices" : [ 9, 10, 11 ]
    } ]
  }, {
    "id" : "89a9acef-37c5-4df6-bd94-d56a05864c11",
    "vertices" : [ {
      "x" : 0.0,
      "y" : 0.0,
      "z" : 0.0
    }, {
      "x" : -0.004652734,
      "y" : -9.533755,
      "z" : 9.546753
    }, {
      "x" : 19.07921,
      "y" : 0.0054297196,
      "z" : 0.015576561
    }, {
      "x" : -9.539185,
      "y" : 5.8934417,
      "z" : 0.016353548
    }, {
      "x" : 0.004172531,
      "y" : -0.0067512966,
      "z" : -5.890111
    } ],
    "faces" : [ {
      "vertices" : [ 0, 1, 2, 3, 4 ]
    }, {
      "vertices" : [ 0, 4, 3, 2, 1 ]
    } ]
  }, {
    "id" : "7dbf10d1-3de0-4733-b1af-74d0c1106e1a",
    "orbit" : "29",
    "orbitC" : "[[1072963730,2127461925,-339989375],[339989375,-339989375,-339989375]]",
    "length" : "[0,1,1]",
    "name" : "medium",
    "vertices" : [ {
      "x" : -0.1377423,
      "y" : -8.834242,
      "z" : 9.113225
    }, {
      "x" : 0.2622577,
      "y" : -8.934241,
      "z" : 9.213225
    }, {
      "x" : 0.13308956,
      "y" : -0.69951344,
      "z" : 0.43352777
    }, {
      "x" : -0.26691043,
      "y" : -0.5995134,
      "z" : 0.33352777
    }, {
      "x" : 0.12892437,
      "y" : -9.2342415,
      "z" : 8.979892
    }, {
      "x" : -0.27107564,
      "y" : -9.134242,
      "z" : 8.879891
    }, {
      "x" : -0.13357711,
      "y" : -0.29951343,
      "z" : 0.5668611
    }, {
      "x" : 0.2664229,
      "y" : -0.39951342,
      "z" : 0.6668611
    } ],
    "faces" : [ {
      "vertices" : [ 2, 3, 6, 7 ]
    }, {
      "vertices" : [ 0, 5, 4, 1 ]
    }, {
      "vertices" : [ 2, 4, 5, 3 ]
    }, {
      "vertices" : [ 0, 6, 3, 5 ]
    }, {
      "vertices" : [ 0, 1, 7, 6 ]
    }, {
      "vertices" : [ 1, 4, 2, 7 ]
    } ]
  }, {
    "id" : "511196f5-d6bf-4041-8fed-c6349544b447",
    "orbit" : "318",
    "orbitC" : "[[298270537,-540317539,1192065878],[-1588227410,-1201176985,1192065878]]",
    "length" : "[233,-144,1]",
    "name" : " :233 -144*phi",
    "vertices" : [ {
      "x" : 0.4137786,
      "y" : 0.13567555,
      "z" : -0.5171546
    }, {
      "x" : 0.3137786,
      "y" : 0.5356755,
      "z" : -0.41715458
    }, {
      "x" : -0.42714766,
      "y" : -0.14316109,
      "z" : 0.5259798
    }, {
      "x" : -0.32714766,
      "y" : -0.5431611,
      "z" : 0.42597985
    }, {
      "x" : 0.5471119,
      "y" : 0.40234223,
      "z" : -0.117154576
    }, {
      "x" : 0.64711195,
      "y" : 0.002342217,
      "z" : -0.21715458
    }, {
      "x" : -0.560481,
      "y" : -0.40982777,
      "z" : 0.12597984
    }, {
      "x" : -0.660481,
      "y" : -0.009827761,
      "z" : 0.22597985
    } ],
    "faces" : [ {
      "vertices" : [ 2, 3, 6, 7 ]
    }, {
      "vertices" : [ 0, 5, 4, 1 ]
    }, {
      "vertices" : [ 2, 4, 5, 3 ]
    }, {
      "vertices" : [ 0, 6, 3, 5 ]
    }, {
      "vertices" : [ 0, 1, 7, 6 ]
    }, {
      "vertices" : [ 1, 4, 2, 7 ]
    } ]
  }, {
    "id" : "5f50144e-07f2-426e-b1ae-82d6280ac7ef",
    "orbit" : "30",
    "orbitC" : "[[-2147483648,618931637,-618931637],[-1786782082,-977564391,-618931637]]",
    "length" : "[1,2,1]",
    "name" : " :1 +2*phi",
    "vertices" : [ {
      "x" : 18.617086,
      "y" : 9.072539,
      "z" : -9.398088
    }, {
      "x" : 18.717087,
      "y" : 9.17254,
      "z" : -8.998088
    }, {
      "x" : 0.46677756,
      "y" : 0.46664533,
      "z" : -0.13308813
    }, {
      "x" : 0.36677754,
      "y" : 0.36664534,
      "z" : -0.53308815
    }, {
      "x" : 18.483753,
      "y" : 9.47254,
      "z" : -9.131421
    }, {
      "x" : 18.383753,
      "y" : 9.3725395,
      "z" : -9.531422
    }, {
      "x" : 0.6001109,
      "y" : 0.066645324,
      "z" : -0.3997548
    }, {
      "x" : 0.7001109,
      "y" : 0.16664532,
      "z" : 2.4520207E-4
    } ],
    "faces" : [ {
      "vertices" : [ 2, 3, 6, 7 ]
    }, {
      "vertices" : [ 0, 5, 4, 1 ]
    }, {
      "vertices" : [ 2, 4, 5, 3 ]
    }, {
      "vertices" : [ 0, 6, 3, 5 ]
    }, {
      "vertices" : [ 0, 1, 7, 6 ]
    }, {
      "vertices" : [ 1, 4, 2, 7 ]
    } ]
  }, {
    "id" : "cf25d832-93f5-4dcf-9456-387e4de34d4e",
    "orbit" : "317",
    "orbitC" : "[[-1283841494,-1892613326,-1807494273],[-1681735562,-1263819771,-1807494273]]",
    "length" : "[1,0,1]",
    "name" : "short",
    "vertices" : [ {
      "x" : -0.184833,
      "y" : 0.13396819,
      "z" : -5.167067
    }, {
      "x" : -0.08483301,
      "y" : -0.2660318,
      "z" : -5.267067
    }, {
      "x" : 0.20237459,
      "y" : -0.13323393,
      "z" : -0.7318688
    }, {
      "x" : 0.10237459,
      "y" : 0.26676607,
      "z" : -0.63186884
    }, {
      "x" : 0.21516699,
      "y" : -0.13269848,
      "z" : -5.033734
    }, {
      "x" : 0.11516699,
      "y" : 0.26730153,
      "z" : -4.933734
    }, {
      "x" : -0.1976254,
      "y" : 0.13343273,
      "z" : -0.8652021
    }, {
      "x" : -0.097625405,
      "y" : -0.26656726,
      "z" : -0.96520215
    } ],
    "faces" : [ {
      "vertices" : [ 2, 3, 6, 7 ]
    }, {
      "vertices" : [ 0, 5, 4, 1 ]
    }, {
      "vertices" : [ 2, 4, 5, 3 ]
    }, {
      "vertices" : [ 0, 6, 3, 5 ]
    }, {
      "vertices" : [ 0, 1, 7, 6 ]
    }, {
      "vertices" : [ 1, 4, 2, 7 ]
    } ]
  }, {
    "id" : "dd05b37d-0fb9-4e17-9722-c1cbe427c72c",
    "vertices" : [ {
      "x" : 0.0,
      "y" : 0.0,
      "z" : 0.0
    }, {
      "x" : 9.533755,
      "y" : -9.546753,
      "z" : -0.004652734
    }, {
      "x" : -0.0054297196,
      "y" : -0.015576561,
      "z" : 19.07921
    }, {
      "x" : -5.8934417,
      "y" : -0.016353548,
      "z" : -9.539185
    }, {
      "x" : 0.0067512966,
      "y" : 5.890111,
      "z" : 0.004172531
    } ],
    "faces" : [ {
      "vertices" : [ 0, 1, 2, 3, 4 ]
    }, {
      "vertices" : [ 0, 4, 3, 2, 1 ]
    } ]
  }, {
    "id" : "6a355c94-7ab2-464b-b6db-04996bd35f4a",
    "vertices" : [ {
      "x" : 0.0,
      "y" : 0.0,
      "z" : 0.0
    }, {
      "x" : 7.7232327,
      "y" : -2.95517,
      "z" : 10.660752
    }, {
      "x" : -15.429296,
      "y" : -5.911117,
      "z" : 9.540027
    }, {
      "x" : 5.9043655,
      "y" : -0.012181016,
      "z" : -9.5324335
    }, {
      "x" : -2.9463449,
      "y" : 4.767286,
      "z" : -1.8125961
    } ],
    "faces" : [ {
      "vertices" : [ 0, 1, 2, 3, 4 ]
    }, {
      "vertices" : [ 0, 4, 3, 2, 1 ]
    } ]
  }, {
    "id" : "c9ebf1a8-bc35-4f34-80d9-3707301233f2",
    "vertices" : [ {
      "x" : 0.0,
      "y" : 0.0,
      "z" : 0.0
    }, {
      "x" : 10.660752,
      "y" : -7.7232327,
      "z" : 2.95517
    }, {
      "x" : 9.540027,
      "y" : 15.429296,
      "z" : 5.911117
    }, {
      "x" : -9.5324335,
      "y" : -5.9043655,
      "z" : 0.012181016
    }, {
      "x" : -1.8125961,
      "y" : 2.9463449,
      "z" : -4.767286
    } ],
    "faces" : [ {
      "vertices" : [ 0, 1, 2, 3, 4 ]
    }, {
      "vertices" : [ 0, 4, 3, 2, 1 ]
    } ]
  }, {
    "id" : "e264f540-4d2a-4f96-a887-d1b7a9ffb16d",
    "vertices" : [ {
      "x" : 0.0,
      "y" : 0.0,
      "z" : 0.0
    }, {
      "x" : -4.7651873,
      "y" : -1.8310483,
      "z" : -12.488925
    }, {
      "x" : 9.548812,
      "y" : 15.42594,
      "z" : -5.9056873
    }, {
      "x" : 0.0033557515,
      "y" : -9.546713,
      "z" : 5.881261
    }, {
      "x" : -1.82352,
      "y" : 2.9505172,
      "z" : 4.760535
    } ],
    "faces" : [ {
      "vertices" : [ 0, 1, 2, 3, 4 ]
    }, {
      "vertices" : [ 0, 4, 3, 2, 1 ]
    } ]
  }, {
    "id" : "0b052fcb-737d-40f4-bde8-63e976a3a3f5",
    "vertices" : [ {
      "x" : 0.0,
      "y" : 0.0,
      "z" : 0.0
    }, {
      "x" : 10.665405,
      "y" : 7.7157044,
      "z" : 2.9580455
    }, {
      "x" : -9.539185,
      "y" : 15.441516,
      "z" : -5.880484
    }, {
      "x" : 0.0067512966,
      "y" : -9.530359,
      "z" : 5.9077215
    }, {
      "x" : -1.8167686,
      "y" : -2.9395936,
      "z" : -4.7698646
    } ],
    "faces" : [ {
      "vertices" : [ 0, 1, 2, 3, 4 ]
    }, {
      "vertices" : [ 0, 4, 3, 2, 1 ]
    } ]
  }, {
    "id" : "8cc98801-66c9-4f59-8183-13b7be615d22",
    "vertices" : [ {
      "x" : 0.0,
      "y" : 0.0,
      "z" : 0.0
    }, {
      "x" : 12.4918,
      "y" : -4.760535,
      "z" : -1.82352
    }, {
      "x" : -5.8859134,
      "y" : -9.530399,
      "z" : -15.444872
    }, {
      "x" : 0.014279579,
      "y" : 9.542541,
      "z" : 5.888012
    }, {
      "x" : -4.7631135,
      "y" : -1.8276925,
      "z" : 2.9437659
    } ],
    "faces" : [ {
      "vertices" : [ 0, 1, 2, 3, 4 ]
    }, {
      "vertices" : [ 0, 4, 3, 2, 1 ]
    } ]
  }, {
    "id" : "834f171c-a608-4f36-937f-3391befa2ec3",
    "vertices" : [ {
      "x" : 0.0,
      "y" : 0.0,
      "z" : 0.0
    }, {
      "x" : 9.546753,
      "y" : 0.004652734,
      "z" : 9.533755
    }, {
      "x" : 0.015576561,
      "y" : -19.07921,
      "z" : -0.0054297196
    }, {
      "x" : 0.016353548,
      "y" : 9.539185,
      "z" : -5.8934417
    }, {
      "x" : -5.890111,
      "y" : -0.004172531,
      "z" : 0.0067512966
    } ],
    "faces" : [ {
      "vertices" : [ 0, 1, 2, 3, 4 ]
    }, {
      "vertices" : [ 0, 4, 3, 2, 1 ]
    } ]
  }, {
    "id" : "5c8c3783-9e47-4d1b-b7f8-a9b3e36357a5",
    "vertices" : [ {
      "x" : 0.0,
      "y" : 0.0,
      "z" : 0.0
    }, {
      "x" : -12.4918,
      "y" : 4.760535,
      "z" : -1.82352
    }, {
      "x" : 5.8859134,
      "y" : 9.530399,
      "z" : -15.444872
    }, {
      "x" : -0.014279579,
      "y" : -9.542541,
      "z" : 5.888012
    }, {
      "x" : 4.7631135,
      "y" : 1.8276925,
      "z" : 2.9437659
    } ],
    "faces" : [ {
      "vertices" : [ 0, 1, 2, 3, 4 ]
    }, {
      "vertices" : [ 0, 4, 3, 2, 1 ]
    } ]
  }, {
    "id" : "e0dd0810-ff7e-4861-aeec-dce7bb563091",
    "vertices" : [ {
      "x" : 0.0,
      "y" : 0.0,
      "z" : 0.0
    }, {
      "x" : 7.7157044,
      "y" : 2.9580455,
      "z" : 10.665405
    }, {
      "x" : 15.441516,
      "y" : -5.880484,
      "z" : -9.539185
    }, {
      "x" : -9.530359,
      "y" : 5.9077215,
      "z" : 0.0067512966
    }, {
      "x" : -2.9395936,
      "y" : -4.7698646,
      "z" : -1.8167686
    } ],
    "faces" : [ {
      "vertices" : [ 0, 1, 2, 3, 4 ]
    }, {
      "vertices" : [ 0, 4, 3, 2, 1 ]
    } ]
  }, {
    "id" : "df0ba90b-073f-4e4e-afbe-8edb5026b02f",
    "vertices" : [ {
      "x" : 0.0,
      "y" : 0.0,
      "z" : 0.0
    }, {
      "x" : -2.9580455,
      "y" : -10.665405,
      "z" : 7.7157044
    }, {
      "x" : 5.880484,
      "y" : 9.539185,
      "z" : 15.441516
    }, {
      "x" : -5.9077215,
      "y" : -0.0067512966,
      "z" : -9.530359
    }, {
      "x" : 4.7698646,
      "y" : 1.8167686,
      "z" : -2.9395936
    } ],
    "faces" : [ {
      "vertices" : [ 0, 1, 2, 3, 4 ]
    }, {
      "vertices" : [ 0, 4, 3, 2, 1 ]
    } ]
  }, {
    "id" : "354c67a9-57a9-4434-b35b-d92403552235",
    "vertices" : [ {
      "x" : 0.0,
      "y" : 0.0,
      "z" : 0.0
    }, {
      "x" : 2.95517,
      "y" : 10.660752,
      "z" : -7.7232327
    }, {
      "x" : 5.911117,
      "y" : 9.540027,
      "z" : 15.429296
    }, {
      "x" : 0.012181016,
      "y" : -9.5324335,
      "z" : -5.9043655
    }, {
      "x" : -4.767286,
      "y" : -1.8125961,
      "z" : 2.9463449
    } ],
    "faces" : [ {
      "vertices" : [ 0, 1, 2, 3, 4 ]
    }, {
      "vertices" : [ 0, 4, 3, 2, 1 ]
    } ]
  }, {
    "id" : "6f972bc5-84d6-4b45-ad0c-b3d0e4bc64c9",
    "vertices" : [ {
      "x" : 0.0,
      "y" : 0.0,
      "z" : 0.0
    }, {
      "x" : -9.533755,
      "y" : 9.546753,
      "z" : -0.004652734
    }, {
      "x" : 0.0054297196,
      "y" : 0.015576561,
      "z" : 19.07921
    }, {
      "x" : 5.8934417,
      "y" : 0.016353548,
      "z" : -9.539185
    }, {
      "x" : -0.0067512966,
      "y" : -5.890111,
      "z" : 0.004172531
    } ],
    "faces" : [ {
      "vertices" : [ 0, 1, 2, 3, 4 ]
    }, {
      "vertices" : [ 0, 4, 3, 2, 1 ]
    } ]
  }, {
    "id" : "9149efc4-a49c-4510-a7d3-60228178dc74",
    "vertices" : [ {
      "x" : 0.0,
      "y" : 0.0,
      "z" : 0.0
    }, {
      "x" : 1.82352,
      "y" : 12.4918,
      "z" : 4.760535
    }, {
      "x" : 15.444872,
      "y" : -5.8859134,
      "z" : 9.530399
    }, {
      "x" : -5.888012,
      "y" : 0.014279579,
      "z" : -9.542541
    }, {
      "x" : -2.9437659,
      "y" : -4.7631135,
      "z" : 1.8276925
    } ],
    "faces" : [ {
      "vertices" : [ 0, 1, 2, 3, 4 ]
    }, {
      "vertices" : [ 0, 4, 3, 2, 1 ]
    } ]
  }, {
    "id" : "689d3f63-cb54-4c50-9667-44530bbfd407",
    "vertices" : [ {
      "x" : 0.0,
      "y" : 0.0,
      "z" : 0.0
    }, {
      "x" : -0.004652734,
      "y" : 9.533755,
      "z" : -9.546753
    }, {
      "x" : 19.07921,
      "y" : -0.0054297196,
      "z" : -0.015576561
    }, {
      "x" : -9.539185,
      "y" : -5.8934417,
      "z" : -0.016353548
    }, {
      "x" : 0.004172531,
      "y" : 0.0067512966,
      "z" : 5.890111
    } ],
    "faces" : [ {
      "vertices" : [ 0, 1, 2, 3, 4 ]
    }, {
      "vertices" : [ 0, 4, 3, 2, 1 ]
    } ]
  }, {
    "id" : "2d865c26-6223-4507-942d-960333baedb0",
    "vertices" : [ {
      "x" : 0.0,
      "y" : 0.0,
      "z" : 0.0
    }, {
      "x" : 9.546753,
      "y" : -0.004652734,
      "z" : -9.533755
    }, {
      "x" : 0.015576561,
      "y" : 19.07921,
      "z" : 0.0054297196
    }, {
      "x" : 0.016353548,
      "y" : -9.539185,
      "z" : 5.8934417
    }, {
      "x" : -5.890111,
      "y" : 0.004172531,
      "z" : -0.0067512966
    } ],
    "faces" : [ {
      "vertices" : [ 0, 1, 2, 3, 4 ]
    }, {
      "vertices" : [ 0, 4, 3, 2, 1 ]
    } ]
  }, {
    "id" : "1cf3eded-1988-4afe-a071-e11a86dae81d",
    "vertices" : [ {
      "x" : 0.0,
      "y" : 0.0,
      "z" : 0.0
    }, {
      "x" : 2.9580455,
      "y" : -10.665405,
      "z" : -7.7157044
    }, {
      "x" : -5.880484,
      "y" : 9.539185,
      "z" : -15.441516
    }, {
      "x" : 5.9077215,
      "y" : -0.0067512966,
      "z" : 9.530359
    }, {
      "x" : -4.7698646,
      "y" : 1.8167686,
      "z" : 2.9395936
    } ],
    "faces" : [ {
      "vertices" : [ 0, 1, 2, 3, 4 ]
    }, {
      "vertices" : [ 0, 4, 3, 2, 1 ]
    } ]
  }, {
    "id" : "2e338ae2-01ce-4375-bdbe-0f57b2bf0675",
    "vertices" : [ {
      "x" : 0.0,
      "y" : 0.0,
      "z" : 0.0
    }, {
      "x" : -10.660752,
      "y" : 7.7232327,
      "z" : 2.95517
    }, {
      "x" : -9.540027,
      "y" : -15.429296,
      "z" : 5.911117
    }, {
      "x" : 9.5324335,
      "y" : 5.9043655,
      "z" : 0.012181016
    }, {
      "x" : 1.8125961,
      "y" : -2.9463449,
      "z" : -4.767286
    } ],
    "faces" : [ {
      "vertices" : [ 0, 1, 2, 3, 4 ]
    }, {
      "vertices" : [ 0, 4, 3, 2, 1 ]
    } ]
  }, {
    "id" : "00ced99f-e6e0-41c6-b795-54f5fd62936f",
    "vertices" : [ {
      "x" : 0.0,
      "y" : 0.0,
      "z" : 0.0
    }, {
      "x" : 4.7651873,
      "y" : 1.8310483,
      "z" : -12.488925
    }, {
      "x" : -9.548812,
      "y" : -15.42594,
      "z" : -5.9056873
    }, {
      "x" : -0.0033557515,
      "y" : 9.546713,
      "z" : 5.881261
    }, {
      "x" : 1.82352,
      "y" : -2.9505172,
      "z" : 4.760535
    } ],
    "faces" : [ {
      "vertices" : [ 0, 1, 2, 3, 4 ]
    }, {
      "vertices" : [ 0, 4, 3, 2, 1 ]
    } ]
  }, {
    "id" : "f48806c8-40f1-466b-b995-01d4cc7be336",
    "vertices" : [ {
      "x" : 0.0,
      "y" : 0.0,
      "z" : 0.0
    }, {
      "x" : -7.7157044,
      "y" : -2.9580455,
      "z" : 10.665405
    }, {
      "x" : -15.441516,
      "y" : 5.880484,
      "z" : -9.539185
    }, {
      "x" : 9.530359,
      "y" : -5.9077215,
      "z" : 0.0067512966
    }, {
      "x" : 2.9395936,
      "y" : 4.7698646,
      "z" : -1.8167686
    } ],
    "faces" : [ {
      "vertices" : [ 0, 1, 2, 3, 4 ]
    }, {
      "vertices" : [ 0, 4, 3, 2, 1 ]
    } ]
  }, {
    "id" : "8bec9626-c4bd-485d-84e2-9a2bd6b40315",
    "vertices" : [ {
      "x" : 0.0,
      "y" : 0.0,
      "z" : 0.0
    }, {
      "x" : 4.760535,
      "y" : 1.82352,
      "z" : 12.4918
    }, {
      "x" : 9.530399,
      "y" : 15.444872,
      "z" : -5.8859134
    }, {
      "x" : -9.542541,
      "y" : -5.888012,
      "z" : 0.014279579
    }, {
      "x" : 1.8276925,
      "y" : -2.9437659,
      "z" : -4.7631135
    } ],
    "faces" : [ {
      "vertices" : [ 0, 1, 2, 3, 4 ]
    }, {
      "vertices" : [ 0, 4, 3, 2, 1 ]
    } ]
  }, {
    "id" : "a18578ba-95db-463a-b7bc-c52ed9580461",
    "vertices" : [ {
      "x" : 0.0,
      "y" : 0.0,
      "z" : 0.0
    }, {
      "x" : -2.95517,
      "y" : -10.660752,
      "z" : -7.7232327
    }, {
      "x" : -5.911117,
      "y" : -9.540027,
      "z" : 15.429296
    }, {
      "x" : -0.012181016,
      "y" : 9.5324335,
      "z" : -5.9043655
    }, {
      "x" : 4.767286,
      "y" : 1.8125961,
      "z" : 2.9463449
    } ],
    "faces" : [ {
      "vertices" : [ 0, 1, 2, 3, 4 ]
    }, {
      "vertices" : [ 0, 4, 3, 2, 1 ]
    } ]
  }, {
    "id" : "847d3de3-49f4-4a86-a2fa-e7c739aa4550",
    "vertices" : [ {
      "x" : 0.0,
      "y" : 0.0,
      "z" : 0.0
    }, {
      "x" : -9.546753,
      "y" : -0.004652734,
      "z" : 9.533755
    }, {
      "x" : -0.015576561,
      "y" : 19.07921,
      "z" : -0.0054297196
    }, {
      "x" : -0.016353548,
      "y" : -9.539185,
      "z" : -5.8934417
    }, {
      "x" : 5.890111,
      "y" : 0.004172531,
      "z" : 0.0067512966
    } ],
    "faces" : [ {
      "vertices" : [ 0, 1, 2, 3, 4 ]
    }, {
      "vertices" : [ 0, 4, 3, 2, 1 ]
    } ]
  }, {
    "id" : "a67c2bb0-a472-4842-9e31-af0ea98effa3",
    "vertices" : [ {
      "x" : 0.0,
      "y" : 0.0,
      "z" : 0.0
    }, {
      "x" : 0.004652734,
      "y" : 9.533755,
      "z" : 9.546753
    }, {
      "x" : -19.07921,
      "y" : -0.0054297196,
      "z" : 0.015576561
    }, {
      "x" : 9.539185,
      "y" : -5.8934417,
      "z" : 0.016353548
    }, {
      "x" : -0.004172531,
      "y" : 0.0067512966,
      "z" : -5.890111
    } ],
    "faces" : [ {
      "vertices" : [ 0, 1, 2, 3, 4 ]
    }, {
      "vertices" : [ 0, 4, 3, 2, 1 ]
    } ]
  }, {
    "id" : "49706b5d-098d-4eae-b639-f574dc475919",
    "vertices" : [ {
      "x" : 0.0,
      "y" : 0.0,
      "z" : 0.0
    }, {
      "x" : 9.533755,
      "y" : 9.546753,
      "z" : 0.004652734
    }, {
      "x" : -0.0054297196,
      "y" : 0.015576561,
      "z" : -19.07921
    }, {
      "x" : -5.8934417,
      "y" : 0.016353548,
      "z" : 9.539185
    }, {
      "x" : 0.0067512966,
      "y" : -5.890111,
      "z" : -0.004172531
    } ],
    "faces" : [ {
      "vertices" : [ 0, 1, 2, 3, 4 ]
    }, {
      "vertices" : [ 0, 4, 3, 2, 1 ]
    } ]
  }, {
    "id" : "3c720005-ad41-4333-9c54-53dc849b7220",
    "vertices" : [ {
      "x" : 0.0,
      "y" : 0.0,
      "z" : 0.0
    }, {
      "x" : -1.82352,
      "y" : -12.4918,
      "z" : 4.760535
    }, {
      "x" : -15.444872,
      "y" : 5.8859134,
      "z" : 9.530399
    }, {
      "x" : 5.888012,
      "y" : -0.014279579,
      "z" : -9.542541
    }, {
      "x" : 2.9437659,
      "y" : 4.7631135,
      "z" : 1.8276925
    } ],
    "faces" : [ {
      "vertices" : [ 0, 1, 2, 3, 4 ]
    }, {
      "vertices" : [ 0, 4, 3, 2, 1 ]
    } ]
  }, {
    "id" : "b4700a8f-2c55-4d36-9747-141e057cd096",
    "vertices" : [ {
      "x" : 0.0,
      "y" : 0.0,
      "z" : 0.0
    }, {
      "x" : 10.660752,
      "y" : 7.7232327,
      "z" : -2.95517
    }, {
      "x" : 9.540027,
      "y" : -15.429296,
      "z" : -5.911117
    }, {
      "x" : -9.5324335,
      "y" : 5.9043655,
      "z" : -0.012181016
    }, {
      "x" : -1.8125961,
      "y" : -2.9463449,
      "z" : 4.767286
    } ],
    "faces" : [ {
      "vertices" : [ 0, 1, 2, 3, 4 ]
    }, {
      "vertices" : [ 0, 4, 3, 2, 1 ]
    } ]
  }, {
    "id" : "71650204-b823-493f-95c3-d6fa708fc1b0",
    "vertices" : [ {
      "x" : 0.0,
      "y" : 0.0,
      "z" : 0.0
    }, {
      "x" : 2.95517,
      "y" : -10.660752,
      "z" : 7.7232327
    }, {
      "x" : 5.911117,
      "y" : -9.540027,
      "z" : -15.429296
    }, {
      "x" : 0.012181016,
      "y" : 9.5324335,
      "z" : 5.9043655
    }, {
      "x" : -4.767286,
      "y" : 1.8125961,
      "z" : -2.9463449
    } ],
    "faces" : [ {
      "vertices" : [ 0, 1, 2, 3, 4 ]
    }, {
      "vertices" : [ 0, 4, 3, 2, 1 ]
    } ]
  }, {
    "id" : "f0b3b264-1b9f-4967-b716-e1b9cbf82ed8",
    "vertices" : [ {
      "x" : 0.0,
      "y" : 0.0,
      "z" : 0.0
    }, {
      "x" : -10.660752,
      "y" : -7.7232327,
      "z" : -2.95517
    }, {
      "x" : -9.540027,
      "y" : 15.429296,
      "z" : -5.911117
    }, {
      "x" : 9.5324335,
      "y" : -5.9043655,
      "z" : -0.012181016
    }, {
      "x" : 1.8125961,
      "y" : 2.9463449,
      "z" : 4.767286
    } ],
    "faces" : [ {
      "vertices" : [ 0, 1, 2, 3, 4 ]
    }, {
      "vertices" : [ 0, 4, 3, 2, 1 ]
    } ]
  }, {
    "id" : "f3af0de6-dc01-4b55-a28d-c80935f64925",
    "vertices" : [ {
      "x" : 0.0,
      "y" : 0.0,
      "z" : 0.0
    }, {
      "x" : -1.8310483,
      "y" : -12.488925,
      "z" : -4.7651873
    }, {
      "x" : 15.42594,
      "y" : -5.9056873,
      "z" : 9.548812
    }, {
      "x" : -9.546713,
      "y" : 5.881261,
      "z" : 0.0033557515
    }, {
      "x" : 2.9505172,
      "y" : 4.760535,
      "z" : -1.82352
    } ],
    "faces" : [ {
      "vertices" : [ 0, 1, 2, 3, 4 ]
    }, {
      "vertices" : [ 0, 4, 3, 2, 1 ]
    } ]
  }, {
    "id" : "b021758e-8218-4013-8b99-ba6a64bdb551",
    "vertices" : [ {
      "x" : 0.0,
      "y" : 0.0,
      "z" : 0.0
    }, {
      "x" : -9.533755,
      "y" : -9.546753,
      "z" : 0.004652734
    }, {
      "x" : 0.0054297196,
      "y" : -0.015576561,
      "z" : -19.07921
    }, {
      "x" : 5.8934417,
      "y" : -0.016353548,
      "z" : 9.539185
    }, {
      "x" : -0.0067512966,
      "y" : 5.890111,
      "z" : -0.004172531
    } ],
    "faces" : [ {
      "vertices" : [ 0, 1, 2, 3, 4 ]
    }, {
      "vertices" : [ 0, 4, 3, 2, 1 ]
    } ]
  }, {
    "id" : "5e6bcb88-f5ad-44c6-8e4a-e193e3103097",
    "vertices" : [ {
      "x" : 0.0,
      "y" : 0.0,
      "z" : 0.0
    }, {
      "x" : 4.7651873,
      "y" : -1.8310483,
      "z" : 12.488925
    }, {
      "x" : -9.548812,
      "y" : 15.42594,
      "z" : 5.9056873
    }, {
      "x" : -0.0033557515,
      "y" : -9.546713,
      "z" : -5.881261
    }, {
      "x" : 1.82352,
      "y" : 2.9505172,
      "z" : -4.760535
    } ],
    "faces" : [ {
      "vertices" : [ 0, 1, 2, 3, 4 ]
    }, {
      "vertices" : [ 0, 4, 3, 2, 1 ]
    } ]
  }, {
    "id" : "2cce252a-b4d3-46ed-a1fa-265d2cd0063a",
    "vertices" : [ {
      "x" : 0.0,
      "y" : 0.0,
      "z" : 0.0
    }, {
      "x" : -12.488925,
      "y" : -4.7651873,
      "z" : -1.8310483
    }, {
      "x" : -5.9056873,
      "y" : 9.548812,
      "z" : 15.42594
    }, {
      "x" : 5.881261,
      "y" : 0.0033557515,
      "z" : -9.546713
    }, {
      "x" : 4.760535,
      "y" : -1.82352,
      "z" : 2.9505172
    } ],
    "faces" : [ {
      "vertices" : [ 0, 1, 2, 3, 4 ]
    }, {
      "vertices" : [ 0, 4, 3, 2, 1 ]
    } ]
  }, {
    "id" : "0495b043-294d-4ba6-835a-f845e6bfb2f3",
    "vertices" : [ {
      "x" : 0.0,
      "y" : 0.0,
      "z" : 0.0
    }, {
      "x" : -1.82352,
      "y" : 12.4918,
      "z" : -4.760535
    }, {
      "x" : -15.444872,
      "y" : -5.8859134,
      "z" : -9.530399
    }, {
      "x" : 5.888012,
      "y" : 0.014279579,
      "z" : 9.542541
    }, {
      "x" : 2.9437659,
      "y" : -4.7631135,
      "z" : -1.8276925
    } ],
    "faces" : [ {
      "vertices" : [ 0, 1, 2, 3, 4 ]
    }, {
      "vertices" : [ 0, 4, 3, 2, 1 ]
    } ]
  }, {
    "id" : "7545bfa0-8c49-4616-aa96-8d5303ad81ba",
    "vertices" : [ {
      "x" : 0.0,
      "y" : 0.0,
      "z" : 0.0
    }, {
      "x" : 12.4918,
      "y" : 4.760535,
      "z" : 1.82352
    }, {
      "x" : -5.8859134,
      "y" : 9.530399,
      "z" : 15.444872
    }, {
      "x" : 0.014279579,
      "y" : -9.542541,
      "z" : -5.888012
    }, {
      "x" : -4.7631135,
      "y" : 1.8276925,
      "z" : -2.9437659
    } ],
    "faces" : [ {
      "vertices" : [ 0, 1, 2, 3, 4 ]
    }, {
      "vertices" : [ 0, 4, 3, 2, 1 ]
    } ]
  }, {
    "id" : "90072555-fb88-40e1-8636-6d29b55364ac",
    "vertices" : [ {
      "x" : 0.0,
      "y" : 0.0,
      "z" : 0.0
    }, {
      "x" : -7.7232327,
      "y" : -2.95517,
      "z" : -10.660752
    }, {
      "x" : 15.429296,
      "y" : -5.911117,
      "z" : -9.540027
    }, {
      "x" : -5.9043655,
      "y" : -0.012181016,
      "z" : 9.5324335
    }, {
      "x" : 2.9463449,
      "y" : 4.767286,
      "z" : 1.8125961
    } ],
    "faces" : [ {
      "vertices" : [ 0, 1, 2, 3, 4 ]
    }, {
      "vertices" : [ 0, 4, 3, 2, 1 ]
    } ]
  }, {
    "id" : "f99714f3-7ff0-457b-b754-3bb37b00f88f",
    "vertices" : [ {
      "x" : 0.0,
      "y" : 0.0,
      "z" : 0.0
    }, {
      "x" : -10.665405,
      "y" : -7.7157044,
