{
  "polygons" : "true",
  "field" : "golden",
  "symmetry" : "icosahedral",
  "orientations" : [ [ 1.0, 0.0, 0.0, 0.0, 0.0, 1.0, 0.0, 0.0, 0.0, 0.0, 1.0, 0.0, 0.0, 0.0, 0.0, 1.0 ], [ 0.0, 0.0, 1.0, 0.0, 1.0, 0.0, 0.0, 0.0, 0.0, 1.0, 0.0, 0.0, 0.0, 0.0, 0.0, 1.0 ], [ 0.0, 1.0, 0.0, 0.0, 0.0, 0.0, 1.0, 0.0, 1.0, 0.0, 0.0, 0.0, 0.0, 0.0, 0.0, 1.0 ], [ 0.809017, 0.309017, 0.5, 0.0, 0.309017, 0.5, -0.809017, 0.0, -0.5, 0.809017, 0.309017, 0.0, 0.0, 0.0, 0.0, 1.0 ], [ -0.5, 0.809017, 0.309017, 0.0, 0.809017, 0.309017, 0.5, 0.0, 0.309017, 0.5, -0.809017, 0.0, 0.0, 0.0, 0.0, 1.0 ], [ 0.309017, 0.5, -0.809017, 0.0, -0.5, 0.809017, 0.309017, 0.0, 0.809017, 0.309017, 0.5, 0.0, 0.0, 0.0, 0.0, 1.0 ], [ 0.5, 0.809017, 0.309017, 0.0, 0.809017, -0.309017, -0.5, 0.0, -0.309017, 0.5, -0.809017, 0.0, 0.0, 0.0, 0.0, 1.0 ], [ -0.309017, 0.5, -0.809017, 0.0, 0.5, 0.809017, 0.309017, 0.0, 0.809017, -0.309017, -0.5, 0.0, 0.0, 0.0, 0.0, 1.0 ], [ 0.809017, -0.309017, -0.5, 0.0, -0.309017, 0.5, -0.809017, 0.0, 0.5, 0.809017, 0.309017, 0.0, 0.0, 0.0, 0.0, 1.0 ], [ 0.5, 0.809017, -0.309017, 0.0, 0.809017, -0.309017, 0.5, 0.0, 0.309017, -0.5, -0.809017, 0.0, 0.0, 0.0, 0.0, 1.0 ], [ 0.309017, -0.5, -0.809017, 0.0, 0.5, 0.809017, -0.309017, 0.0, 0.809017, -0.309017, 0.5, 0.0, 0.0, 0.0, 0.0, 1.0 ], [ 0.809017, -0.309017, 0.5, 0.0, 0.309017, -0.5, -0.809017, 0.0, 0.5, 0.809017, -0.309017, 0.0, 0.0, 0.0, 0.0, 1.0 ], [ 0.809017, 0.309017, -0.5, 0.0, 0.309017, 0.5, 0.809017, 0.0, 0.5, -0.809017, 0.309017, 0.0, 0.0, 0.0, 0.0, 1.0 ], [ 0.5, -0.809017, 0.309017, 0.0, 0.809017, 0.309017, -0.5, 0.0, 0.309017, 0.5, 0.809017, 0.0, 0.0, 0.0, 0.0, 1.0 ], [ 0.309017, 0.5, 0.809017, 0.0, 0.5, -0.809017, 0.309017, 0.0, 0.809017, 0.309017, -0.5, 0.0, 0.0, 0.0, 0.0, 1.0 ], [ 1.0, 0.0, 0.0, 0.0, 0.0, -1.0, 0.0, 0.0, 0.0, 0.0, -1.0, 0.0, 0.0, 0.0, 0.0, 1.0 ], [ 0.0, 0.0, 1.0, 0.0, -1.0, 0.0, 0.0, 0.0, 0.0, -1.0, 0.0, 0.0, 0.0, 0.0, 0.0, 1.0 ], [ 0.0, 1.0, 0.0, 0.0, 0.0, 0.0, -1.0, 0.0, -1.0, 0.0, 0.0, 0.0, 0.0, 0.0, 0.0, 1.0 ], [ 0.809017, 0.309017, 0.5, 0.0, -0.309017, -0.5, 0.809017, 0.0, 0.5, -0.809017, -0.309017, 0.0, 0.0, 0.0, 0.0, 1.0 ], [ -0.5, 0.809017, 0.309017, 0.0, -0.809017, -0.309017, -0.5, 0.0, -0.309017, -0.5, 0.809017, 0.0, 0.0, 0.0, 0.0, 1.0 ], [ 0.309017, 0.5, -0.809017, 0.0, 0.5, -0.809017, -0.309017, 0.0, -0.809017, -0.309017, -0.5, 0.0, 0.0, 0.0, 0.0, 1.0 ], [ 0.5, 0.809017, 0.309017, 0.0, -0.809017, 0.309017, 0.5, 0.0, 0.309017, -0.5, 0.809017, 0.0, 0.0, 0.0, 0.0, 1.0 ], [ -0.309017, 0.5, -0.809017, 0.0, -0.5, -0.809017, -0.309017, 0.0, -0.809017, 0.309017, 0.5, 0.0, 0.0, 0.0, 0.0, 1.0 ], [ 0.809017, -0.309017, -0.5, 0.0, 0.309017, -0.5, 0.809017, 0.0, -0.5, -0.809017, -0.309017, 0.0, 0.0, 0.0, 0.0, 1.0 ], [ 0.5, 0.809017, -0.309017, 0.0, -0.809017, 0.309017, -0.5, 0.0, -0.309017, 0.5, 0.809017, 0.0, 0.0, 0.0, 0.0, 1.0 ], [ 0.309017, -0.5, -0.809017, 0.0, -0.5, -0.809017, 0.309017, 0.0, -0.809017, 0.309017, -0.5, 0.0, 0.0, 0.0, 0.0, 1.0 ], [ 0.809017, -0.309017, 0.5, 0.0, -0.309017, 0.5, 0.809017, 0.0, -0.5, -0.809017, 0.309017, 0.0, 0.0, 0.0, 0.0, 1.0 ], [ 0.809017, 0.309017, -0.5, 0.0, -0.309017, -0.5, -0.809017, 0.0, -0.5, 0.809017, -0.309017, 0.0, 0.0, 0.0, 0.0, 1.0 ], [ 0.5, -0.809017, 0.309017, 0.0, -0.809017, -0.309017, 0.5, 0.0, -0.309017, -0.5, -0.809017, 0.0, 0.0, 0.0, 0.0, 1.0 ], [ 0.309017, 0.5, 0.809017, 0.0, -0.5, 0.809017, -0.309017, 0.0, -0.809017, -0.309017, 0.5, 0.0, 0.0, 0.0, 0.0, 1.0 ], [ -1.0, 0.0, 0.0, 0.0, 0.0, -1.0, 0.0, 0.0, 0.0, 0.0, 1.0, 0.0, 0.0, 0.0, 0.0, 1.0 ], [ 0.0, 0.0, -1.0, 0.0, -1.0, 0.0, 0.0, 0.0, 0.0, 1.0, 0.0, 0.0, 0.0, 0.0, 0.0, 1.0 ], [ 0.0, -1.0, 0.0, 0.0, 0.0, 0.0, -1.0, 0.0, 1.0, 0.0, 0.0, 0.0, 0.0, 0.0, 0.0, 1.0 ], [ -0.809017, -0.309017, -0.5, 0.0, -0.309017, -0.5, 0.809017, 0.0, -0.5, 0.809017, 0.309017, 0.0, 0.0, 0.0, 0.0, 1.0 ], [ 0.5, -0.809017, -0.309017, 0.0, -0.809017, -0.309017, -0.5, 0.0, 0.309017, 0.5, -0.809017, 0.0, 0.0, 0.0, 0.0, 1.0 ], [ -0.309017, -0.5, 0.809017, 0.0, 0.5, -0.809017, -0.309017, 0.0, 0.809017, 0.309017, 0.5, 0.0, 0.0, 0.0, 0.0, 1.0 ], [ -0.5, -0.809017, -0.309017, 0.0, -0.809017, 0.309017, 0.5, 0.0, -0.309017, 0.5, -0.809017, 0.0, 0.0, 0.0, 0.0, 1.0 ], [ 0.309017, -0.5, 0.809017, 0.0, -0.5, -0.809017, -0.309017, 0.0, 0.809017, -0.309017, -0.5, 0.0, 0.0, 0.0, 0.0, 1.0 ], [ -0.809017, 0.309017, 0.5, 0.0, 0.309017, -0.5, 0.809017, 0.0, 0.5, 0.809017, 0.309017, 0.0, 0.0, 0.0, 0.0, 1.0 ], [ -0.5, -0.809017, 0.309017, 0.0, -0.809017, 0.309017, -0.5, 0.0, 0.309017, -0.5, -0.809017, 0.0, 0.0, 0.0, 0.0, 1.0 ], [ -0.309017, 0.5, 0.809017, 0.0, -0.5, -0.809017, 0.309017, 0.0, 0.809017, -0.309017, 0.5, 0.0, 0.0, 0.0, 0.0, 1.0 ], [ -0.809017, 0.309017, -0.5, 0.0, -0.309017, 0.5, 0.809017, 0.0, 0.5, 0.809017, -0.309017, 0.0, 0.0, 0.0, 0.0, 1.0 ], [ -0.809017, -0.309017, 0.5, 0.0, -0.309017, -0.5, -0.809017, 0.0, 0.5, -0.809017, 0.309017, 0.0, 0.0, 0.0, 0.0, 1.0 ], [ -0.5, 0.809017, -0.309017, 0.0, -0.809017, -0.309017, 0.5, 0.0, 0.309017, 0.5, 0.809017, 0.0, 0.0, 0.0, 0.0, 1.0 ], [ -0.309017, -0.5, -0.809017, 0.0, -0.5, 0.809017, -0.309017, 0.0, 0.809017, 0.309017, -0.5, 0.0, 0.0, 0.0, 0.0, 1.0 ], [ -1.0, 0.0, 0.0, 0.0, 0.0, 1.0, 0.0, 0.0, 0.0, 0.0, -1.0, 0.0, 0.0, 0.0, 0.0, 1.0 ], [ 0.0, 0.0, -1.0, 0.0, 1.0, 0.0, 0.0, 0.0, 0.0, -1.0, 0.0, 0.0, 0.0, 0.0, 0.0, 1.0 ], [ 0.0, -1.0, 0.0, 0.0, 0.0, 0.0, 1.0, 0.0, -1.0, 0.0, 0.0, 0.0, 0.0, 0.0, 0.0, 1.0 ], [ -0.809017, -0.309017, -0.5, 0.0, 0.309017, 0.5, -0.809017, 0.0, 0.5, -0.809017, -0.309017, 0.0, 0.0, 0.0, 0.0, 1.0 ], [ 0.5, -0.809017, -0.309017, 0.0, 0.809017, 0.309017, 0.5, 0.0, -0.309017, -0.5, 0.809017, 0.0, 0.0, 0.0, 0.0, 1.0 ], [ -0.309017, -0.5, 0.809017, 0.0, -0.5, 0.809017, 0.309017, 0.0, -0.809017, -0.309017, -0.5, 0.0, 0.0, 0.0, 0.0, 1.0 ], [ -0.5, -0.809017, -0.309017, 0.0, 0.809017, -0.309017, -0.5, 0.0, 0.309017, -0.5, 0.809017, 0.0, 0.0, 0.0, 0.0, 1.0 ], [ 0.309017, -0.5, 0.809017, 0.0, 0.5, 0.809017, 0.309017, 0.0, -0.809017, 0.309017, 0.5, 0.0, 0.0, 0.0, 0.0, 1.0 ], [ -0.809017, 0.309017, 0.5, 0.0, -0.309017, 0.5, -0.809017, 0.0, -0.5, -0.809017, -0.309017, 0.0, 0.0, 0.0, 0.0, 1.0 ], [ -0.5, -0.809017, 0.309017, 0.0, 0.809017, -0.309017, 0.5, 0.0, -0.309017, 0.5, 0.809017, 0.0, 0.0, 0.0, 0.0, 1.0 ], [ -0.309017, 0.5, 0.809017, 0.0, 0.5, 0.809017, -0.309017, 0.0, -0.809017, 0.309017, -0.5, 0.0, 0.0, 0.0, 0.0, 1.0 ], [ -0.809017, 0.309017, -0.5, 0.0, 0.309017, -0.5, -0.809017, 0.0, -0.5, -0.809017, 0.309017, 0.0, 0.0, 0.0, 0.0, 1.0 ], [ -0.809017, -0.309017, 0.5, 0.0, 0.309017, 0.5, 0.809017, 0.0, -0.5, 0.809017, -0.309017, 0.0, 0.0, 0.0, 0.0, 1.0 ], [ -0.5, 0.809017, -0.309017, 0.0, 0.809017, 0.309017, -0.5, 0.0, -0.309017, -0.5, -0.809017, 0.0, 0.0, 0.0, 0.0, 1.0 ], [ -0.309017, -0.5, -0.809017, 0.0, 0.5, -0.809017, 0.309017, 0.0, -0.809017, -0.309017, 0.5, 0.0, 0.0, 0.0, 0.0, 1.0 ] ],
  "lights" : {
    "backgroundColor" : "#8CC2E7",
    "ambientColor" : "#292929",
    "directionalLights" : [ {
      "direction" : [ 1.0, -1.0, -1.0 ],
      "color" : "#EBEBE4"
    }, {
      "direction" : [ -1.0, 0.0, 0.0 ],
      "color" : "#E4E4EB"
    }, {
      "direction" : [ 0.0, 0.0, -1.0 ],
      "color" : "#1E1E1E"
    } ]
  },
  "camera" : {
    "position" : {
      "x" : -148.71019,
      "y" : 89.22143,
      "z" : 28.308455
    },
    "lookAtPoint" : {
      "x" : 0.0,
      "y" : 0.0,
      "z" : 0.0
    },
    "upDirection" : {
      "x" : 0.32800207,
      "y" : 0.7349918,
      "z" : -0.5934559
    },
    "lookDirection" : {
      "x" : 0.8463011,
      "y" : -0.50775397,
      "z" : -0.16110177
    },
    "farClipDistance" : 351.43576,
    "nearClipDistance" : 0.16270176,
    "stereo" : false,
    "perspective" : true,
    "lookAtPointRV" : {
      "x" : 0.0,
      "y" : 0.0,
      "z" : 0.0,
      "zero" : true
    },
    "upDirectionRV" : {
      "x" : 0.32800207,
      "y" : 0.7349918,
      "z" : -0.5934559,
      "zero" : false
    },
    "viewDistance" : 175.71783,
    "fieldOfView" : 0.4426289,
    "lookDirectionRV" : {
      "x" : 0.8463011,
      "y" : -0.50775397,
      "z" : -0.16110177,
      "zero" : false
    },
    "width" : 79.07303
  },
  "embedding" : [ 1.0, 0.0, 0.0, 0.0, 0.0, 1.0, 0.0, 0.0, 0.0, 0.0, 1.0, 0.0, 0.0, 0.0, 0.0, 1.0 ],
  "shapes" : [ {
    "id" : "ddcf7fe3-6258-4408-87da-363c68288b1f",
    "vertices" : [ {
      "x" : 0.0,
      "y" : 0.0,
      "z" : 0.0
    }, {
      "x" : 0.0,
      "y" : 0.0,
      "z" : -8.472136
    }, {
      "x" : 0.0,
      "y" : 8.472136,
      "z" : -8.472136
    }, {
      "x" : 0.0,
      "y" : 8.472136,
      "z" : 0.0
    } ],
    "faces" : [ {
      "vertices" : [ 0, 1, 2, 3 ]
    }, {
      "vertices" : [ 0, 3, 2, 1 ]
    } ]
  }, {
    "id" : "5cb867ec-2856-460d-a1f4-b5d206ac7104",
    "orbit" : "blue",
    "orbitC" : "[[0,0,1],[0,0,1]]",
    "length" : "[1,0,1]",
    "name" : "b1",
    "vertices" : [ {
      "x" : 7.472136,
      "y" : 0.309017,
      "z" : 0.19098301
    }, {
      "x" : 7.472136,
      "y" : 0.309017,
      "z" : -0.19098301
    }, {
      "x" : 1.0,
      "y" : 0.309017,
      "z" : -0.19098301
    }, {
      "x" : 1.0,
      "y" : 0.309017,
      "z" : 0.19098301
    }, {
      "x" : 7.472136,
      "y" : -0.309017,
      "z" : 0.19098301
    }, {
      "x" : 1.0,
      "y" : -0.309017,
      "z" : 0.19098301
    }, {
      "x" : 1.0,
      "y" : -0.309017,
      "z" : -0.19098301
    }, {
      "x" : 7.472136,
      "y" : -0.309017,
      "z" : -0.19098301
    }, {
      "x" : 8.472136,
      "y" : 0.0,
      "z" : 0.0
    } ],
    "faces" : [ {
      "vertices" : [ 1, 7, 6, 2 ]
    }, {
      "vertices" : [ 0, 1, 2, 3 ]
    }, {
      "vertices" : [ 4, 5, 6, 7 ]
    }, {
      "vertices" : [ 0, 3, 5, 4 ]
    } ]
  }, {
    "id" : "054b2038-4d9a-49e7-9424-cf7407dd92dc",
    "vertices" : [ {
      "x" : 0.0,
      "y" : 0.0,
      "z" : 0.0
    }, {
      "x" : 4.236068,
      "y" : -6.854102,
      "z" : 2.618034
    }, {
      "x" : 6.854102,
      "y" : -11.09017,
      "z" : -4.236068
    }, {
      "x" : 4.236068,
      "y" : -6.854102,
      "z" : -11.09017
    }, {
      "x" : 0.0,
      "y" : 0.0,
      "z" : -8.472136
    } ],
    "faces" : [ {
      "vertices" : [ 0, 1, 2, 3, 4 ]
    }, {
      "vertices" : [ 0, 4, 3, 2, 1 ]
    } ]
  }, {
    "id" : "fe13d9eb-6613-498a-9fce-a365be8efed9",
    "vertices" : [ {
      "x" : 0.0,
      "y" : 0.0,
      "z" : 0.0
    }, {
      "x" : 2.618034,
      "y" : -4.236068,
      "z" : -6.854102
    }, {
      "x" : 0.0,
      "y" : 0.0,
      "z" : -13.708204
    }, {
      "x" : -4.236068,
      "y" : 6.854102,
      "z" : -11.09017
    }, {
      "x" : -4.236068,
      "y" : 6.854102,
      "z" : -2.618034
    } ],
    "faces" : [ {
      "vertices" : [ 0, 1, 2, 3, 4 ]
    }, {
      "vertices" : [ 0, 4, 3, 2, 1 ]
    } ]
  }, {
    "id" : "1c164845-0895-430a-bf84-bca4822db596",
    "name" : "ball",
    "vertices" : [ {
      "x" : 0.309017,
      "y" : -0.809017,
      "z" : 0.618034
    }, {
      "x" : 0.809017,
      "y" : -0.618034,
      "z" : 0.309017
    }, {
      "x" : 0.618034,
      "y" : -0.309017,
      "z" : 0.809017
    }, {
      "x" : 1.0,
      "y" : 0.309017,
      "z" : 0.19098301
    }, {
      "x" : 0.809017,
      "y" : 0.618034,
      "z" : 0.309017
    }, {
      "x" : 0.618034,
      "y" : 0.309017,
      "z" : 0.809017
    }, {
      "x" : 0.809017,
      "y" : 0.0,
      "z" : 0.690983
    }, {
      "x" : 0.19098301,
      "y" : -1.0,
      "z" : 0.309017
    }, {
      "x" : -0.19098301,
      "y" : -1.0,
      "z" : 0.309017
    }, {
      "x" : -0.19098301,
      "y" : -1.0,
      "z" : -0.309017
    }, {
      "x" : 0.19098301,
      "y" : -1.0,
      "z" : -0.309017
    }, {
      "x" : 1.0,
      "y" : -0.309017,
      "z" : -0.19098301
    }, {
      "x" : 0.809017,
      "y" : -0.618034,
      "z" : -0.309017
    }, {
      "x" : 0.618034,
      "y" : -0.309017,
      "z" : -0.809017
    }, {
      "x" : 0.809017,
      "y" : 0.0,
      "z" : -0.690983
    }, {
      "x" : 0.0,
      "y" : 0.690983,
      "z" : -0.809017
    }, {
      "x" : 0.309017,
      "y" : 0.809017,
      "z" : -0.618034
    }, {
      "x" : 0.618034,
      "y" : 0.309017,
      "z" : -0.809017
    }, {
      "x" : 0.309017,
      "y" : 0.19098301,
      "z" : -1.0
    }, {
      "x" : 1.0,
      "y" : 0.309017,
      "z" : -0.19098301
    }, {
      "x" : -0.309017,
      "y" : -0.809017,
      "z" : 0.618034
    }, {
      "x" : 0.0,
      "y" : -0.690983,
      "z" : 0.809017
    }, {
      "x" : 0.809017,
      "y" : 0.618034,
      "z" : -0.309017
    }, {
      "x" : 0.690983,
      "y" : 0.809017,
      "z" : 0.0
    }, {
      "x" : -0.690983,
      "y" : 0.809017,
      "z" : 0.0
    }, {
      "x" : -0.809017,
      "y" : 0.618034,
      "z" : 0.309017
    }, {
      "x" : -0.309017,
      "y" : 0.809017,
      "z" : 0.618034
    }, {
      "x" : -0.19098301,
      "y" : 1.0,
      "z" : 0.309017
    }, {
      "x" : 0.309017,
      "y" : -0.19098301,
      "z" : -1.0
    }, {
      "x" : 0.19098301,
      "y" : 1.0,
      "z" : 0.309017
    }, {
      "x" : 0.309017,
      "y" : 0.809017,
      "z" : 0.618034
    }, {
      "x" : -0.809017,
      "y" : -0.618034,
      "z" : 0.309017
    }, {
      "x" : -0.690983,
      "y" : -0.809017,
      "z" : 0.0
    }, {
      "x" : 0.0,
      "y" : 0.690983,
      "z" : 0.809017
    }, {
      "x" : 0.309017,
      "y" : -0.809017,
      "z" : -0.618034
    }, {
      "x" : 0.0,
      "y" : -0.690983,
      "z" : -0.809017
    }, {
      "x" : -1.0,
      "y" : 0.309017,
      "z" : 0.19098301
    }, {
      "x" : -0.809017,
      "y" : 0.0,
      "z" : 0.690983
    }, {
      "x" : -0.618034,
      "y" : 0.309017,
      "z" : 0.809017
    }, {
      "x" : 1.0,
      "y" : -0.309017,
      "z" : 0.19098301
    }, {
      "x" : -0.309017,
      "y" : -0.809017,
      "z" : -0.618034
    }, {
      "x" : -1.0,
      "y" : 0.309017,
      "z" : -0.19098301
    }, {
      "x" : -1.0,
      "y" : -0.309017,
      "z" : -0.19098301
    }, {
      "x" : -1.0,
      "y" : -0.309017,
      "z" : 0.19098301
    }, {
      "x" : 0.19098301,
      "y" : 1.0,
      "z" : -0.309017
    }, {
      "x" : -0.809017,
      "y" : 0.618034,
      "z" : -0.309017
    }, {
      "x" : -0.19098301,
      "y" : 1.0,
      "z" : -0.309017
    }, {
      "x" : -0.309017,
      "y" : 0.809017,
      "z" : -0.618034
    }, {
      "x" : -0.618034,
      "y" : -0.309017,
      "z" : 0.809017
    }, {
      "x" : 0.309017,
      "y" : 0.19098301,
      "z" : 1.0
    }, {
      "x" : -0.309017,
      "y" : 0.19098301,
      "z" : -1.0
    }, {
      "x" : -0.309017,
      "y" : 0.19098301,
      "z" : 1.0
    }, {
      "x" : -0.309017,
      "y" : -0.19098301,
      "z" : 1.0
    }, {
      "x" : 0.309017,
      "y" : -0.19098301,
      "z" : 1.0
    }, {
      "x" : 0.690983,
      "y" : -0.809017,
      "z" : 0.0
    }, {
      "x" : -0.809017,
      "y" : 0.0,
      "z" : -0.690983
    }, {
      "x" : -0.618034,
      "y" : -0.309017,
      "z" : -0.809017
    }, {
      "x" : -0.309017,
      "y" : -0.19098301,
      "z" : -1.0
    }, {
      "x" : -0.618034,
      "y" : 0.309017,
      "z" : -0.809017
    }, {
      "x" : -0.809017,
      "y" : -0.618034,
      "z" : -0.309017
    } ],
    "faces" : [ {
      "vertices" : [ 9, 40, 35, 34, 10 ]
    }, {
      "vertices" : [ 0, 1, 2 ]
    }, {
      "vertices" : [ 33, 51, 49 ]
    }, {
      "vertices" : [ 25, 36, 37, 38 ]
    }, {
      "vertices" : [ 41, 55, 42 ]
    }, {
      "vertices" : [ 9, 32, 59, 40 ]
    }, {
      "vertices" : [ 20, 21, 52, 48 ]
    }, {
      "vertices" : [ 26, 33, 30, 29, 27 ]
    }, {
      "vertices" : [ 3, 4, 5, 6 ]
    }, {
      "vertices" : [ 27, 29, 44, 46 ]
    }, {
      "vertices" : [ 50, 57, 56, 55, 58 ]
    }, {
      "vertices" : [ 26, 38, 51, 33 ]
    }, {
      "vertices" : [ 45, 47, 58 ]
    }, {
      "vertices" : [ 18, 28, 57, 50 ]
    }, {
      "vertices" : [ 40, 59, 56 ]
    }, {
      "vertices" : [ 31, 48, 37, 43 ]
    }, {
      "vertices" : [ 7, 8, 9, 10 ]
    }, {
      "vertices" : [ 36, 41, 42, 43 ]
    }, {
      "vertices" : [ 24, 46, 47, 45 ]
    }, {
      "vertices" : [ 4, 30, 5 ]
    }, {
      "vertices" : [ 15, 47, 46, 44, 16 ]
    }, {
      "vertices" : [ 15, 50, 58, 47 ]
    }, {
      "vertices" : [ 24, 45, 41, 36, 25 ]
    }, {
      "vertices" : [ 11, 14, 19 ]
    }, {
      "vertices" : [ 3, 6, 39 ]
    }, {
      "vertices" : [ 1, 39, 6, 2 ]
    }, {
      "vertices" : [ 8, 32, 9 ]
    }, {
      "vertices" : [ 11, 12, 13, 14 ]
    }, {
      "vertices" : [ 16, 22, 17 ]
    }, {
      "vertices" : [ 0, 21, 20, 8, 7 ]
    }, {
      "vertices" : [ 12, 34, 13 ]
    }, {
      "vertices" : [ 35, 40, 56, 57 ]
    }, {
      "vertices" : [ 0, 7, 54, 1 ]
    }, {
      "vertices" : [ 15, 16, 17, 18 ]
    }, {
      "vertices" : [ 3, 19, 22, 23, 4 ]
    }, {
      "vertices" : [ 7, 10, 54 ]
    }, {
      "vertices" : [ 41, 45, 58, 55 ]
    }, {
      "vertices" : [ 3, 39, 11, 19 ]
    }, {
      "vertices" : [ 14, 17, 22, 19 ]
    }, {
      "vertices" : [ 0, 2, 53, 21 ]
    }, {
      "vertices" : [ 49, 51, 52, 53 ]
    }, {
      "vertices" : [ 31, 43, 42, 59, 32 ]
    }, {
      "vertices" : [ 15, 18, 50 ]
    }, {
      "vertices" : [ 42, 55, 56, 59 ]
    }, {
      "vertices" : [ 4, 23, 29, 30 ]
    }, {
      "vertices" : [ 25, 38, 26 ]
    }, {
      "vertices" : [ 13, 28, 18, 17, 14 ]
    }, {
      "vertices" : [ 8, 20, 31, 32 ]
    }, {
      "vertices" : [ 23, 44, 29 ]
    }, {
      "vertices" : [ 24, 27, 46 ]
    }, {
      "vertices" : [ 37, 48, 52, 51, 38 ]
    }, {
      "vertices" : [ 20, 48, 31 ]
    }, {
      "vertices" : [ 24, 25, 26, 27 ]
    }, {
      "vertices" : [ 16, 44, 23, 22 ]
    }, {
      "vertices" : [ 13, 34, 35, 28 ]
    }, {
      "vertices" : [ 10, 34, 12, 54 ]
    }, {
      "vertices" : [ 2, 6, 5, 49, 53 ]
    }, {
      "vertices" : [ 36, 43, 37 ]
    }, {
      "vertices" : [ 5, 30, 33, 49 ]
    }, {
      "vertices" : [ 1, 54, 12, 11, 39 ]
    }, {
      "vertices" : [ 28, 35, 57 ]
    }, {
      "vertices" : [ 21, 53, 52 ]
    } ]
  }, {
    "id" : "d9e86068-d731-41fc-b4e1-c28c87ec2fbd",
    "vertices" : [ {
      "x" : 0.0,
      "y" : 0.0,
      "z" : 0.0
    }, {
      "x" : -2.618034,
      "y" : -4.236068,
      "z" : -6.854102
    }, {
      "x" : -2.618034,
      "y" : 4.236068,
      "z" : -6.854102
    } ],
    "faces" : [ {
      "vertices" : [ 0, 1, 2 ]
    }, {
      "vertices" : [ 0, 2, 1 ]
    } ]
  }, {
    "id" : "08ef8a93-000e-4225-bfed-e0c7ee6068e5",
    "vertices" : [ {
      "x" : 0.0,
      "y" : 0.0,
      "z" : 0.0
    }, {
      "x" : 0.0,
      "y" : 8.472136,
      "z" : 0.0
    }, {
      "x" : 2.618034,
      "y" : 4.236068,
      "z" : 6.854102
    } ],
    "faces" : [ {
      "vertices" : [ 0, 1, 2 ]
    }, {
      "vertices" : [ 0, 2, 1 ]
    } ]
  }, {
    "id" : "3bce722d-801c-4fa6-bc2e-233dfdbbed66",
    "vertices" : [ {
      "x" : 0.0,
      "y" : 0.0,
      "z" : 0.0
    }, {
      "x" : 2.618034,
      "y" : -4.236068,
      "z" : 6.854102
    }, {
      "x" : 0.0,
      "y" : -8.472136,
      "z" : 0.0
    } ],
    "faces" : [ {
      "vertices" : [ 0, 1, 2 ]
    }, {
      "vertices" : [ 0, 2, 1 ]
    } ]
  }, {
    "id" : "989bdb10-a401-4902-a5e4-5092d3c3eb74",
    "vertices" : [ {
      "x" : 0.0,
      "y" : 0.0,
      "z" : 0.0
    }, {
      "x" : -2.618034,
      "y" : 4.236068,
      "z" : -6.854102
    }, {
      "x" : 0.0,
      "y" : 8.472136,
      "z" : 0.0
    } ],
    "faces" : [ {
      "vertices" : [ 0, 1, 2 ]
    }, {
      "vertices" : [ 0, 2, 1 ]
    } ]
  }, {
    "id" : "90e3dcd1-d4a3-484b-8cf7-9880e791e9fb",
    "vertices" : [ {
      "x" : 0.0,
      "y" : 0.0,
      "z" : 0.0
    }, {
      "x" : 0.0,
      "y" : -8.472136,
      "z" : 0.0
    }, {
      "x" : 0.0,
      "y" : -8.472136,
      "z" : -8.472136
    }, {
      "x" : 0.0,
      "y" : 0.0,
      "z" : -8.472136
    } ],
    "faces" : [ {
      "vertices" : [ 0, 1, 2, 3 ]
    }, {
      "vertices" : [ 0, 3, 2, 1 ]
    } ]
  }, {
    "id" : "381ff0ed-e245-48f8-965a-370538f9063d",
    "vertices" : [ {
      "x" : 0.0,
      "y" : 0.0,
      "z" : 0.0
    }, {
      "x" : 2.618034,
      "y" : 4.236068,
      "z" : 6.854102
    }, {
      "x" : 2.618034,
      "y" : -4.236068,
      "z" : 6.854102
    } ],
    "faces" : [ {
      "vertices" : [ 0, 1, 2 ]
    }, {
      "vertices" : [ 0, 2, 1 ]
    } ]
  }, {
    "id" : "efe458d9-e8a5-4ee7-a909-e1e428b65ed3",
    "vertices" : [ {
      "x" : 0.0,
      "y" : 0.0,
      "z" : 0.0
    }, {
      "x" : 0.0,
      "y" : 0.0,
      "z" : 8.472136
    }, {
      "x" : 0.0,
      "y" : -8.472136,
      "z" : 8.472136
    }, {
      "x" : 0.0,
      "y" : -8.472136,
      "z" : 0.0
    } ],
    "faces" : [ {
      "vertices" : [ 0, 1, 2, 3 ]
    }, {
      "vertices" : [ 0, 3, 2, 1 ]
    } ]
  }, {
    "id" : "85b510b9-6320-4933-b721-f329ec18fa9f",
    "vertices" : [ {
      "x" : 0.0,
      "y" : 0.0,
      "z" : 0.0
    }, {
      "x" : -4.236068,
      "y" : 6.854102,
      "z" : 2.618034
    }, {
      "x" : -4.236068,
      "y" : 6.854102,
      "z" : 11.09017
    }, {
      "x" : 0.0,
      "y" : 0.0,
      "z" : 13.708204
    }, {
      "x" : 2.618034,
      "y" : -4.236068,
      "z" : 6.854102
    } ],
    "faces" : [ {
      "vertices" : [ 0, 1, 2, 3, 4 ]
    }, {
      "vertices" : [ 0, 4, 3, 2, 1 ]
    } ]
  }, {
    "id" : "403f2b43-bbc8-4623-8471-6fd7e5f3e66c",
    "vertices" : [ {
      "x" : 0.0,
      "y" : 0.0,
      "z" : 0.0
    }, {
      "x" : 0.0,
      "y" : -8.472136,
      "z" : 0.0
    }, {
      "x" : -2.618034,
      "y" : -4.236068,
      "z" : -6.854102
    } ],
    "faces" : [ {
      "vertices" : [ 0, 1, 2 ]
    }, {
      "vertices" : [ 0, 2, 1 ]
    } ]
  }, {
    "id" : "bec4cd14-c741-4437-a117-420be4eaf710",
    "vertices" : [ {
      "x" : 0.0,
      "y" : 0.0,
      "z" : 0.0
    }, {
      "x" : 0.0,
      "y" : 8.472136,
      "z" : 0.0
    }, {
      "x" : 0.0,
      "y" : 8.472136,
      "z" : 8.472136
    }, {
      "x" : 0.0,
      "y" : 0.0,
      "z" : 8.472136
    } ],
    "faces" : [ {
      "vertices" : [ 0, 1, 2, 3 ]
    }, {
      "vertices" : [ 0, 3, 2, 1 ]
    } ]
  }, {
    "id" : "e8493d8b-8824-4c74-8215-9c3c699911b7",
    "vertices" : [ {
      "x" : 0.0,
      "y" : 0.0,
      "z" : 0.0
    }, {
      "x" : 0.0,
      "y" : 0.0,
      "z" : 8.472136
    }, {
      "x" : 4.236068,
      "y" : -6.854102,
      "z" : 11.09017
    }, {
      "x" : 6.854102,
      "y" : -11.09017,
      "z" : 4.236068
    }, {
      "x" : 4.236068,
      "y" : -6.854102,
      "z" : -2.618034
    } ],
    "faces" : [ {
      "vertices" : [ 0, 1, 2, 3, 4 ]
    }, {
      "vertices" : [ 0, 4, 3, 2, 1 ]
    } ]
  }, {
    "id" : "0f45a4b3-6042-4ce7-b432-67a5eb359611",
    "vertices" : [ {
      "x" : 0.0,
      "y" : 0.0,
      "z" : 0.0
    }, {
      "x" : -2.618034,
      "y" : 4.236068,
      "z" : -6.854102
    }, {
      "x" : -6.854102,
      "y" : 11.09017,
      "z" : -4.236068
    }, {
      "x" : -6.854102,
      "y" : 11.09017,
      "z" : 4.236068
    }, {
      "x" : -2.618034,
      "y" : 4.236068,
      "z" : 6.854102
    } ],
    "faces" : [ {
      "vertices" : [ 0, 1, 2, 3, 4 ]
    }, {
      "vertices" : [ 0, 4, 3, 2, 1 ]
    } ]
  }, {
    "id" : "d5bdd940-ddd2-4fe1-bebb-995cec25009b",
    "vertices" : [ {
      "x" : 0.0,
      "y" : 0.0,
      "z" : 0.0
    }, {
      "x" : 2.618034,
      "y" : 4.236068,
      "z" : 6.854102
    }, {
      "x" : 5.236068,
      "y" : 0.0,
      "z" : 13.708204
    }, {
      "x" : 5.236068,
      "y" : -8.472136,
      "z" : 13.708204
    }, {
      "x" : 2.618034,
      "y" : -12.708204,
      "z" : 6.854102
    }, {
      "x" : 0.0,
      "y" : -8.472136,
      "z" : 0.0
    } ],
    "faces" : [ {
      "vertices" : [ 0, 1, 2, 3, 4, 5 ]
    }, {
      "vertices" : [ 0, 5, 4, 3, 2, 1 ]
    } ]
  }, {
    "id" : "ce315066-6cb2-40e4-b439-24e3768a625f",
    "vertices" : [ {
      "x" : 0.0,
      "y" : 0.0,
      "z" : 0.0
    }, {
      "x" : -2.618034,
      "y" : -4.236068,
      "z" : -6.854102
    }, {
      "x" : -5.236068,
      "y" : 0.0,
      "z" : -13.708204
    }, {
      "x" : -5.236068,
      "y" : 8.472136,
      "z" : -13.708204
    }, {
      "x" : -2.618034,
      "y" : 12.708204,
      "z" : -6.854102
    }, {
      "x" : 0.0,
      "y" : 8.472136,
      "z" : 0.0
    } ],
    "faces" : [ {
      "vertices" : [ 0, 1, 2, 3, 4, 5 ]
    }, {
      "vertices" : [ 0, 5, 4, 3, 2, 1 ]
    } ]
  } ],
  "instances" : [ {
    "shape" : "ddcf7fe3-6258-4408-87da-363c68288b1f",
    "color" : "#7FC6E0",
    "position" : {
      "x" : 4.236068,
      "y" : -6.854102,
      "z" : 2.618034
    },
    "orientation" : 37
  }, {
    "shape" : "5cb867ec-2856-460d-a1f4-b5d206ac7104",
    "color" : "#008EC2",
    "position" : {
      "x" : 6.854102,
      "y" : -2.618034,
      "z" : -4.236068
    },
    "orientation" : 16
  }, {
    "shape" : "054b2038-4d9a-49e7-9424-cf7407dd92dc",
    "color" : "#EC888B",
    "position" : {
      "x" : 11.09017,
      "y" : 4.236068,
      "z" : 6.854102
    },
    "orientation" : 2
  }, {
    "shape" : "5cb867ec-2856-460d-a1f4-b5d206ac7104",
    "color" : "#008EC2",
    "position" : {
      "x" : -6.854102,
      "y" : 2.618034,
      "z" : 4.236068
    },
    "orientation" : 39
  }, {
    "shape" : "5cb867ec-2856-460d-a1f4-b5d206ac7104",
    "color" : "#008EC2",
    "position" : {
      "x" : -13.708204,
      "y" : 0.0,
      "z" : 0.0
    },
    "orientation" : 52
  }, {
    "shape" : "5cb867ec-2856-460d-a1f4-b5d206ac7104",
    "color" : "#008EC2",
    "position" : {
      "x" : 6.854102,
      "y" : 11.09017,
      "z" : -4.236068
    },
    "orientation" : 22
  }, {
    "shape" : "fe13d9eb-6613-498a-9fce-a365be8efed9",
    "color" : "#EC888B",
    "position" : {
      "x" : -6.854102,
      "y" : 11.09017,
      "z" : -4.236068
    },
    "orientation" : 46
  }, {
    "shape" : "1c164845-0895-430a-bf84-bca4822db596",
    "color" : "#F2F2F2",
    "position" : {
      "x" : 0.0,
      "y" : -13.708204,
      "z" : 0.0
    }
  }, {
    "shape" : "5cb867ec-2856-460d-a1f4-b5d206ac7104",
    "color" : "#008EC2",
    "position" : {
      "x" : -4.236068,
      "y" : -6.854102,
      "z" : 11.09017
    },
    "orientation" : 9
  }, {
    "shape" : "d9e86068-d731-41fc-b4e1-c28c87ec2fbd",
    "color" : "#FFD98C",
    "position" : {
      "x" : 0.0,
      "y" : -13.708204,
      "z" : 0.0
    },
    "orientation" : 16
  }, {
    "shape" : "08ef8a93-000e-4225-bfed-e0c7ee6068e5",
    "color" : "#FFD98C",
    "position" : {
      "x" : -4.236068,
      "y" : 6.854102,
      "z" : -2.618034
    },
    "orientation" : 8
  }, {
    "shape" : "5cb867ec-2856-460d-a1f4-b5d206ac7104",
    "color" : "#008EC2",
    "position" : {
      "x" : -4.236068,
      "y" : 6.854102,
      "z" : -2.618034
    },
    "orientation" : 40
  }, {
    "shape" : "3bce722d-801c-4fa6-bc2e-233dfdbbed66",
    "color" : "#FFD98C",
    "position" : {
      "x" : -11.09017,
      "y" : -4.236068,
      "z" : 6.854102
    },
    "orientation" : 39
  }, {
    "shape" : "989bdb10-a401-4902-a5e4-5092d3c3eb74",
    "color" : "#FFD98C",
    "position" : {
      "x" : 0.0,
      "y" : -13.708204,
      "z" : 0.0
    },
    "orientation" : 5
  }, {
    "shape" : "90e3dcd1-d4a3-484b-8cf7-9880e791e9fb",
    "color" : "#7FC6E0",
    "position" : {
      "x" : -6.854102,
      "y" : 2.618034,
      "z" : 4.236068
    },
    "orientation" : 23
  }, {
    "shape" : "3bce722d-801c-4fa6-bc2e-233dfdbbed66",
    "color" : "#FFD98C",
    "position" : {
      "x" : 4.236068,
      "y" : 6.854102,
      "z" : 11.09017
    },
    "orientation" : 7
  }, {
    "shape" : "5cb867ec-2856-460d-a1f4-b5d206ac7104",
    "color" : "#008EC2",
    "position" : {
      "x" : 11.09017,
      "y" : 4.236068,
      "z" : -6.854102
    },
    "orientation" : 37
  }, {
    "shape" : "1c164845-0895-430a-bf84-bca4822db596",
    "color" : "#F2F2F2",
    "position" : {
      "x" : -6.854102,
      "y" : 2.618034,
      "z" : 4.236068
    }
  }, {
    "shape" : "5cb867ec-2856-460d-a1f4-b5d206ac7104",
    "color" : "#008EC2",
    "position" : {
      "x" : 0.0,
      "y" : 13.708204,
      "z" : 0.0
    },
    "orientation" : 26
  }, {
    "shape" : "5cb867ec-2856-460d-a1f4-b5d206ac7104",
    "color" : "#008EC2",
    "position" : {
      "x" : 6.854102,
      "y" : 11.09017,
      "z" : -4.236068
    },
    "orientation" : 2
  }, {
    "shape" : "989bdb10-a401-4902-a5e4-5092d3c3eb74",
    "color" : "#FFD98C",
    "position" : {
      "x" : -4.236068,
      "y" : 6.854102,
      "z" : -11.09017
    },
    "orientation" : 2
  }, {
    "shape" : "1c164845-0895-430a-bf84-bca4822db596",
    "color" : "#F2F2F2",
    "position" : {
      "x" : 0.0,
      "y" : 0.0,
      "z" : -13.708204
    }
  }, {
    "shape" : "5cb867ec-2856-460d-a1f4-b5d206ac7104",
    "color" : "#008EC2",
    "position" : {
      "x" : 11.09017,
      "y" : 4.236068,
      "z" : -6.854102
    },
    "orientation" : 56
  }, {
    "shape" : "5cb867ec-2856-460d-a1f4-b5d206ac7104",
    "color" : "#008EC2",
    "position" : {
      "x" : 4.236068,
      "y" : -6.854102,
      "z" : 2.618034
    },
    "orientation" : 52
  }, {
    "shape" : "5cb867ec-2856-460d-a1f4-b5d206ac7104",
    "color" : "#008EC2",
    "position" : {
      "x" : -2.618034,
      "y" : -4.236068,
      "z" : 6.854102
    },
    "orientation" : 36
  }, {
    "shape" : "90e3dcd1-d4a3-484b-8cf7-9880e791e9fb",
    "color" : "#7FC6E0",
    "position" : {
      "x" : 4.236068,
      "y" : -6.854102,
      "z" : 2.618034
    },
    "orientation" : 51
  }, {
    "shape" : "5cb867ec-2856-460d-a1f4-b5d206ac7104",
    "color" : "#008EC2",
    "position" : {
      "x" : 6.854102,
      "y" : -2.618034,
      "z" : -4.236068
    },
    "orientation" : 22
  }, {
    "shape" : "5cb867ec-2856-460d-a1f4-b5d206ac7104",
    "color" : "#008EC2",
    "position" : {
      "x" : 11.09017,
      "y" : -4.236068,
      "z" : -6.854102
    },
    "orientation" : 10
  }, {
    "shape" : "1c164845-0895-430a-bf84-bca4822db596",
    "color" : "#F2F2F2",
    "position" : {
      "x" : -11.09017,
      "y" : 4.236068,
      "z" : -6.854102
    }
  }, {
    "shape" : "381ff0ed-e245-48f8-965a-370538f9063d",
    "color" : "#FFD98C",
    "position" : {
      "x" : -6.854102,
      "y" : 11.09017,
      "z" : 4.236068
    },
    "orientation" : 24
  }, {
    "shape" : "d9e86068-d731-41fc-b4e1-c28c87ec2fbd",
    "color" : "#FFD98C",
    "position" : {
      "x" : -11.09017,
      "y" : -4.236068,
      "z" : 6.854102
    },
    "orientation" : 22
  }, {
    "shape" : "5cb867ec-2856-460d-a1f4-b5d206ac7104",
    "color" : "#008EC2",
    "position" : {
      "x" : 13.708204,
      "y" : 0.0,
      "z" : 0.0
    },
    "orientation" : 53
  }, {
    "shape" : "1c164845-0895-430a-bf84-bca4822db596",
    "color" : "#F2F2F2",
    "position" : {
      "x" : -4.236068,
      "y" : 6.854102,
      "z" : -11.09017
    }
  }, {
    "shape" : "08ef8a93-000e-4225-bfed-e0c7ee6068e5",
    "color" : "#FFD98C",
    "position" : {
      "x" : -2.618034,
      "y" : -4.236068,
      "z" : 6.854102
    },
    "orientation" : 6
  }, {
    "shape" : "fe13d9eb-6613-498a-9fce-a365be8efed9",
    "color" : "#EC888B",
    "position" : {
      "x" : -4.236068,
      "y" : -6.854102,
      "z" : 11.09017
    },
    "orientation" : 32
  }, {
    "shape" : "1c164845-0895-430a-bf84-bca4822db596",
    "color" : "#F2F2F2",
    "position" : {
      "x" : -6.854102,
      "y" : -11.09017,
      "z" : 4.236068
    }
  }, {
    "shape" : "1c164845-0895-430a-bf84-bca4822db596",
    "color" : "#F2F2F2",
    "position" : {
      "x" : -11.09017,
      "y" : -4.236068,
      "z" : 6.854102
    }
  }, {
    "shape" : "fe13d9eb-6613-498a-9fce-a365be8efed9",
    "color" : "#EC888B",
    "position" : {
      "x" : 11.09017,
      "y" : -4.236068,
      "z" : -6.854102
    },
    "orientation" : 15
  }, {
    "shape" : "1c164845-0895-430a-bf84-bca4822db596",
    "color" : "#F2F2F2",
    "position" : {
      "x" : -4.236068,
      "y" : 6.854102,
      "z" : 11.09017
    }
  }, {
    "shape" : "5cb867ec-2856-460d-a1f4-b5d206ac7104",
    "color" : "#008EC2",
    "position" : {
      "x" : 6.854102,
      "y" : -11.09017,
      "z" : -4.236068
    },
    "orientation" : 2
  }, {
    "shape" : "5cb867ec-2856-460d-a1f4-b5d206ac7104",
    "color" : "#008EC2",
    "position" : {
      "x" : -4.236068,
      "y" : 6.854102,
      "z" : -11.09017
    },
    "orientation" : 7
  }, {
    "shape" : "5cb867ec-2856-460d-a1f4-b5d206ac7104",
    "color" : "#008EC2",
    "position" : {
      "x" : -6.854102,
      "y" : -11.09017,
      "z" : 4.236068
    },
    "orientation" : 26
  }, {
    "shape" : "5cb867ec-2856-460d-a1f4-b5d206ac7104",
    "color" : "#008EC2",
    "position" : {
      "x" : -6.854102,
      "y" : 2.618034,
      "z" : 4.236068
    },
    "orientation" : 53
  }, {
    "shape" : "5cb867ec-2856-460d-a1f4-b5d206ac7104",
    "color" : "#008EC2",
    "position" : {
      "x" : -11.09017,
      "y" : 4.236068,
      "z" : 6.854102
    },
    "orientation" : 6
  }, {
    "shape" : "3bce722d-801c-4fa6-bc2e-233dfdbbed66",
    "color" : "#FFD98C",
    "position" : {
      "x" : 11.09017,
      "y" : 4.236068,
      "z" : -6.854102
    },
    "orientation" : 0
  }, {
    "shape" : "5cb867ec-2856-460d-a1f4-b5d206ac7104",
    "color" : "#008EC2",
    "position" : {
      "x" : 11.09017,
      "y" : -4.236068,
      "z" : 6.854102
    },
    "orientation" : 52
  }, {
    "shape" : "1c164845-0895-430a-bf84-bca4822db596",
    "color" : "#F2F2F2",
    "position" : {
      "x" : -11.09017,
      "y" : 4.236068,
      "z" : 6.854102
    }
  }, {
    "shape" : "efe458d9-e8a5-4ee7-a909-e1e428b65ed3",
    "color" : "#7FC6E0",
    "position" : {
      "x" : 6.854102,
      "y" : -2.618034,
      "z" : -4.236068
    },
    "orientation" : 41
  }, {
    "shape" : "5cb867ec-2856-460d-a1f4-b5d206ac7104",
    "color" : "#008EC2",
    "position" : {
      "x" : 4.236068,
      "y" : -6.854102,
      "z" : 2.618034
    },
    "orientation" : 25
  }, {
    "shape" : "5cb867ec-2856-460d-a1f4-b5d206ac7104",
    "color" : "#008EC2",
    "position" : {
      "x" : 11.09017,
      "y" : 4.236068,
      "z" : 6.854102
    },
    "orientation" : 16
  }, {
    "shape" : "08ef8a93-000e-4225-bfed-e0c7ee6068e5",
    "color" : "#FFD98C",
    "position" : {
      "x" : -11.09017,
      "y" : 4.236068,
      "z" : -6.854102
    },
    "orientation" : 21
  }, {
    "shape" : "5cb867ec-2856-460d-a1f4-b5d206ac7104",
    "color" : "#008EC2",
    "position" : {
      "x" : 4.236068,
      "y" : -6.854102,
      "z" : 2.618034
    },
    "orientation" : 36
  }, {
    "shape" : "5cb867ec-2856-460d-a1f4-b5d206ac7104",
    "color" : "#008EC2",
    "position" : {
      "x" : 4.236068,
      "y" : -6.854102,
      "z" : 11.09017
    },
    "orientation" : 51
  }, {
    "shape" : "d9e86068-d731-41fc-b4e1-c28c87ec2fbd",
    "color" : "#FFD98C",
    "position" : {
      "x" : 6.854102,
      "y" : -11.09017,
      "z" : -4.236068
    },
    "orientation" : 24
  }, {
    "shape" : "5cb867ec-2856-460d-a1f4-b5d206ac7104",
    "color" : "#008EC2",
    "position" : {
      "x" : -4.236068,
      "y" : 6.854102,
      "z" : 11.09017
    },
    "orientation" : 55
  }, {
    "shape" : "5cb867ec-2856-460d-a1f4-b5d206ac7104",
    "color" : "#008EC2",
    "position" : {
      "x" : -2.618034,
      "y" : -4.236068,
      "z" : 6.854102
    },
    "orientation" : 45
  }, {
    "shape" : "3bce722d-801c-4fa6-bc2e-233dfdbbed66",
    "color" : "#FFD98C",
    "position" : {
      "x" : 6.854102,
      "y" : -11.09017,
      "z" : -4.236068
    },
    "orientation" : 30
  }, {
    "shape" : "989bdb10-a401-4902-a5e4-5092d3c3eb74",
    "color" : "#FFD98C",
    "position" : {
      "x" : -13.708204,
      "y" : 0.0,
      "z" : 0.0
    },
    "orientation" : 4
  }, {
    "shape" : "5cb867ec-2856-460d-a1f4-b5d206ac7104",
    "color" : "#008EC2",
    "position" : {
      "x" : -4.236068,
      "y" : 6.854102,
      "z" : 11.09017
    },
    "orientation" : 0
  }, {
    "shape" : "85b510b9-6320-4933-b721-f329ec18fa9f",
    "color" : "#EC888B",
    "position" : {
      "x" : -11.09017,
      "y" : 4.236068,
      "z" : 6.854102
    },
    "orientation" : 45
  }, {
    "shape" : "1c164845-0895-430a-bf84-bca4822db596",
    "color" : "#F2F2F2",
    "position" : {
      "x" : 6.854102,
      "y" : -2.618034,
      "z" : -4.236068
    }
  }, {
    "shape" : "d9e86068-d731-41fc-b4e1-c28c87ec2fbd",
    "color" : "#FFD98C",
    "position" : {
      "x" : 6.854102,
      "y" : 11.09017,
      "z" : -4.236068
    },
    "orientation" : 6
  }, {
    "shape" : "5cb867ec-2856-460d-a1f4-b5d206ac7104",
    "color" : "#008EC2",
    "position" : {
      "x" : 0.0,
      "y" : 13.708204,
      "z" : 0.0
    },
    "orientation" : 53
  }, {
    "shape" : "5cb867ec-2856-460d-a1f4-b5d206ac7104",
    "color" : "#008EC2",
    "position" : {
      "x" : 4.236068,
      "y" : -6.854102,
      "z" : -11.09017
    },
    "orientation" : 37
  }, {
    "shape" : "5cb867ec-2856-460d-a1f4-b5d206ac7104",
    "color" : "#008EC2",
    "position" : {
      "x" : 0.0,
      "y" : 0.0,
      "z" : -13.708204
    },
    "orientation" : 39
  }, {
    "shape" : "5cb867ec-2856-460d-a1f4-b5d206ac7104",
    "color" : "#008EC2",
    "position" : {
      "x" : 4.236068,
      "y" : -6.854102,
      "z" : -11.09017
    },
    "orientation" : 45
  }, {
    "shape" : "1c164845-0895-430a-bf84-bca4822db596",
    "color" : "#F2F2F2",
    "position" : {
      "x" : 0.0,
      "y" : 13.708204,
      "z" : 0.0
    }
  }, {
    "shape" : "5cb867ec-2856-460d-a1f4-b5d206ac7104",
    "color" : "#008EC2",
    "position" : {
      "x" : 11.09017,
      "y" : -4.236068,
      "z" : 6.854102
    },
    "orientation" : 53
  }, {
    "shape" : "5cb867ec-2856-460d-a1f4-b5d206ac7104",
    "color" : "#008EC2",
    "position" : {
      "x" : -11.09017,
      "y" : 4.236068,
      "z" : -6.854102
    },
    "orientation" : 9
  }, {
    "shape" : "5cb867ec-2856-460d-a1f4-b5d206ac7104",
    "color" : "#008EC2",
    "position" : {
      "x" : -6.854102,
      "y" : 2.618034,
      "z" : 4.236068
    },
    "orientation" : 21
  }, {
    "shape" : "08ef8a93-000e-4225-bfed-e0c7ee6068e5",
    "color" : "#FFD98C",
    "position" : {
      "x" : 6.854102,
      "y" : -2.618034,
