{
  "field" : "golden",
  "symmetry" : "icosahedral",
  "orientations" : [ [ 1.0, 0.0, 0.0, 0.0, 0.0, 1.0, 0.0, 0.0, 0.0, 0.0, 1.0, 0.0, 0.0, 0.0, 0.0, 1.0 ], [ 0.0, 0.0, 1.0, 0.0, 1.0, 0.0, 0.0, 0.0, 0.0, 1.0, 0.0, 0.0, 0.0, 0.0, 0.0, 1.0 ], [ 0.0, 1.0, 0.0, 0.0, 0.0, 0.0, 1.0, 0.0, 1.0, 0.0, 0.0, 0.0, 0.0, 0.0, 0.0, 1.0 ], [ 0.809017, 0.309017, 0.5, 0.0, 0.309017, 0.5, -0.809017, 0.0, -0.5, 0.809017, 0.309017, 0.0, 0.0, 0.0, 0.0, 1.0 ], [ -0.5, 0.809017, 0.309017, 0.0, 0.809017, 0.309017, 0.5, 0.0, 0.309017, 0.5, -0.809017, 0.0, 0.0, 0.0, 0.0, 1.0 ], [ 0.309017, 0.5, -0.809017, 0.0, -0.5, 0.809017, 0.309017, 0.0, 0.809017, 0.309017, 0.5, 0.0, 0.0, 0.0, 0.0, 1.0 ], [ 0.5, 0.809017, 0.309017, 0.0, 0.809017, -0.309017, -0.5, 0.0, -0.309017, 0.5, -0.809017, 0.0, 0.0, 0.0, 0.0, 1.0 ], [ -0.309017, 0.5, -0.809017, 0.0, 0.5, 0.809017, 0.309017, 0.0, 0.809017, -0.309017, -0.5, 0.0, 0.0, 0.0, 0.0, 1.0 ], [ 0.809017, -0.309017, -0.5, 0.0, -0.309017, 0.5, -0.809017, 0.0, 0.5, 0.809017, 0.309017, 0.0, 0.0, 0.0, 0.0, 1.0 ], [ 0.5, 0.809017, -0.309017, 0.0, 0.809017, -0.309017, 0.5, 0.0, 0.309017, -0.5, -0.809017, 0.0, 0.0, 0.0, 0.0, 1.0 ], [ 0.309017, -0.5, -0.809017, 0.0, 0.5, 0.809017, -0.309017, 0.0, 0.809017, -0.309017, 0.5, 0.0, 0.0, 0.0, 0.0, 1.0 ], [ 0.809017, -0.309017, 0.5, 0.0, 0.309017, -0.5, -0.809017, 0.0, 0.5, 0.809017, -0.309017, 0.0, 0.0, 0.0, 0.0, 1.0 ], [ 0.809017, 0.309017, -0.5, 0.0, 0.309017, 0.5, 0.809017, 0.0, 0.5, -0.809017, 0.309017, 0.0, 0.0, 0.0, 0.0, 1.0 ], [ 0.5, -0.809017, 0.309017, 0.0, 0.809017, 0.309017, -0.5, 0.0, 0.309017, 0.5, 0.809017, 0.0, 0.0, 0.0, 0.0, 1.0 ], [ 0.309017, 0.5, 0.809017, 0.0, 0.5, -0.809017, 0.309017, 0.0, 0.809017, 0.309017, -0.5, 0.0, 0.0, 0.0, 0.0, 1.0 ], [ 1.0, 0.0, 0.0, 0.0, 0.0, -1.0, 0.0, 0.0, 0.0, 0.0, -1.0, 0.0, 0.0, 0.0, 0.0, 1.0 ], [ 0.0, 0.0, 1.0, 0.0, -1.0, 0.0, 0.0, 0.0, 0.0, -1.0, 0.0, 0.0, 0.0, 0.0, 0.0, 1.0 ], [ 0.0, 1.0, 0.0, 0.0, 0.0, 0.0, -1.0, 0.0, -1.0, 0.0, 0.0, 0.0, 0.0, 0.0, 0.0, 1.0 ], [ 0.809017, 0.309017, 0.5, 0.0, -0.309017, -0.5, 0.809017, 0.0, 0.5, -0.809017, -0.309017, 0.0, 0.0, 0.0, 0.0, 1.0 ], [ -0.5, 0.809017, 0.309017, 0.0, -0.809017, -0.309017, -0.5, 0.0, -0.309017, -0.5, 0.809017, 0.0, 0.0, 0.0, 0.0, 1.0 ], [ 0.309017, 0.5, -0.809017, 0.0, 0.5, -0.809017, -0.309017, 0.0, -0.809017, -0.309017, -0.5, 0.0, 0.0, 0.0, 0.0, 1.0 ], [ 0.5, 0.809017, 0.309017, 0.0, -0.809017, 0.309017, 0.5, 0.0, 0.309017, -0.5, 0.809017, 0.0, 0.0, 0.0, 0.0, 1.0 ], [ -0.309017, 0.5, -0.809017, 0.0, -0.5, -0.809017, -0.309017, 0.0, -0.809017, 0.309017, 0.5, 0.0, 0.0, 0.0, 0.0, 1.0 ], [ 0.809017, -0.309017, -0.5, 0.0, 0.309017, -0.5, 0.809017, 0.0, -0.5, -0.809017, -0.309017, 0.0, 0.0, 0.0, 0.0, 1.0 ], [ 0.5, 0.809017, -0.309017, 0.0, -0.809017, 0.309017, -0.5, 0.0, -0.309017, 0.5, 0.809017, 0.0, 0.0, 0.0, 0.0, 1.0 ], [ 0.309017, -0.5, -0.809017, 0.0, -0.5, -0.809017, 0.309017, 0.0, -0.809017, 0.309017, -0.5, 0.0, 0.0, 0.0, 0.0, 1.0 ], [ 0.809017, -0.309017, 0.5, 0.0, -0.309017, 0.5, 0.809017, 0.0, -0.5, -0.809017, 0.309017, 0.0, 0.0, 0.0, 0.0, 1.0 ], [ 0.809017, 0.309017, -0.5, 0.0, -0.309017, -0.5, -0.809017, 0.0, -0.5, 0.809017, -0.309017, 0.0, 0.0, 0.0, 0.0, 1.0 ], [ 0.5, -0.809017, 0.309017, 0.0, -0.809017, -0.309017, 0.5, 0.0, -0.309017, -0.5, -0.809017, 0.0, 0.0, 0.0, 0.0, 1.0 ], [ 0.309017, 0.5, 0.809017, 0.0, -0.5, 0.809017, -0.309017, 0.0, -0.809017, -0.309017, 0.5, 0.0, 0.0, 0.0, 0.0, 1.0 ], [ -1.0, 0.0, 0.0, 0.0, 0.0, -1.0, 0.0, 0.0, 0.0, 0.0, 1.0, 0.0, 0.0, 0.0, 0.0, 1.0 ], [ 0.0, 0.0, -1.0, 0.0, -1.0, 0.0, 0.0, 0.0, 0.0, 1.0, 0.0, 0.0, 0.0, 0.0, 0.0, 1.0 ], [ 0.0, -1.0, 0.0, 0.0, 0.0, 0.0, -1.0, 0.0, 1.0, 0.0, 0.0, 0.0, 0.0, 0.0, 0.0, 1.0 ], [ -0.809017, -0.309017, -0.5, 0.0, -0.309017, -0.5, 0.809017, 0.0, -0.5, 0.809017, 0.309017, 0.0, 0.0, 0.0, 0.0, 1.0 ], [ 0.5, -0.809017, -0.309017, 0.0, -0.809017, -0.309017, -0.5, 0.0, 0.309017, 0.5, -0.809017, 0.0, 0.0, 0.0, 0.0, 1.0 ], [ -0.309017, -0.5, 0.809017, 0.0, 0.5, -0.809017, -0.309017, 0.0, 0.809017, 0.309017, 0.5, 0.0, 0.0, 0.0, 0.0, 1.0 ], [ -0.5, -0.809017, -0.309017, 0.0, -0.809017, 0.309017, 0.5, 0.0, -0.309017, 0.5, -0.809017, 0.0, 0.0, 0.0, 0.0, 1.0 ], [ 0.309017, -0.5, 0.809017, 0.0, -0.5, -0.809017, -0.309017, 0.0, 0.809017, -0.309017, -0.5, 0.0, 0.0, 0.0, 0.0, 1.0 ], [ -0.809017, 0.309017, 0.5, 0.0, 0.309017, -0.5, 0.809017, 0.0, 0.5, 0.809017, 0.309017, 0.0, 0.0, 0.0, 0.0, 1.0 ], [ -0.5, -0.809017, 0.309017, 0.0, -0.809017, 0.309017, -0.5, 0.0, 0.309017, -0.5, -0.809017, 0.0, 0.0, 0.0, 0.0, 1.0 ], [ -0.309017, 0.5, 0.809017, 0.0, -0.5, -0.809017, 0.309017, 0.0, 0.809017, -0.309017, 0.5, 0.0, 0.0, 0.0, 0.0, 1.0 ], [ -0.809017, 0.309017, -0.5, 0.0, -0.309017, 0.5, 0.809017, 0.0, 0.5, 0.809017, -0.309017, 0.0, 0.0, 0.0, 0.0, 1.0 ], [ -0.809017, -0.309017, 0.5, 0.0, -0.309017, -0.5, -0.809017, 0.0, 0.5, -0.809017, 0.309017, 0.0, 0.0, 0.0, 0.0, 1.0 ], [ -0.5, 0.809017, -0.309017, 0.0, -0.809017, -0.309017, 0.5, 0.0, 0.309017, 0.5, 0.809017, 0.0, 0.0, 0.0, 0.0, 1.0 ], [ -0.309017, -0.5, -0.809017, 0.0, -0.5, 0.809017, -0.309017, 0.0, 0.809017, 0.309017, -0.5, 0.0, 0.0, 0.0, 0.0, 1.0 ], [ -1.0, 0.0, 0.0, 0.0, 0.0, 1.0, 0.0, 0.0, 0.0, 0.0, -1.0, 0.0, 0.0, 0.0, 0.0, 1.0 ], [ 0.0, 0.0, -1.0, 0.0, 1.0, 0.0, 0.0, 0.0, 0.0, -1.0, 0.0, 0.0, 0.0, 0.0, 0.0, 1.0 ], [ 0.0, -1.0, 0.0, 0.0, 0.0, 0.0, 1.0, 0.0, -1.0, 0.0, 0.0, 0.0, 0.0, 0.0, 0.0, 1.0 ], [ -0.809017, -0.309017, -0.5, 0.0, 0.309017, 0.5, -0.809017, 0.0, 0.5, -0.809017, -0.309017, 0.0, 0.0, 0.0, 0.0, 1.0 ], [ 0.5, -0.809017, -0.309017, 0.0, 0.809017, 0.309017, 0.5, 0.0, -0.309017, -0.5, 0.809017, 0.0, 0.0, 0.0, 0.0, 1.0 ], [ -0.309017, -0.5, 0.809017, 0.0, -0.5, 0.809017, 0.309017, 0.0, -0.809017, -0.309017, -0.5, 0.0, 0.0, 0.0, 0.0, 1.0 ], [ -0.5, -0.809017, -0.309017, 0.0, 0.809017, -0.309017, -0.5, 0.0, 0.309017, -0.5, 0.809017, 0.0, 0.0, 0.0, 0.0, 1.0 ], [ 0.309017, -0.5, 0.809017, 0.0, 0.5, 0.809017, 0.309017, 0.0, -0.809017, 0.309017, 0.5, 0.0, 0.0, 0.0, 0.0, 1.0 ], [ -0.809017, 0.309017, 0.5, 0.0, -0.309017, 0.5, -0.809017, 0.0, -0.5, -0.809017, -0.309017, 0.0, 0.0, 0.0, 0.0, 1.0 ], [ -0.5, -0.809017, 0.309017, 0.0, 0.809017, -0.309017, 0.5, 0.0, -0.309017, 0.5, 0.809017, 0.0, 0.0, 0.0, 0.0, 1.0 ], [ -0.309017, 0.5, 0.809017, 0.0, 0.5, 0.809017, -0.309017, 0.0, -0.809017, 0.309017, -0.5, 0.0, 0.0, 0.0, 0.0, 1.0 ], [ -0.809017, 0.309017, -0.5, 0.0, 0.309017, -0.5, -0.809017, 0.0, -0.5, -0.809017, 0.309017, 0.0, 0.0, 0.0, 0.0, 1.0 ], [ -0.809017, -0.309017, 0.5, 0.0, 0.309017, 0.5, 0.809017, 0.0, -0.5, 0.809017, -0.309017, 0.0, 0.0, 0.0, 0.0, 1.0 ], [ -0.5, 0.809017, -0.309017, 0.0, 0.809017, 0.309017, -0.5, 0.0, -0.309017, -0.5, -0.809017, 0.0, 0.0, 0.0, 0.0, 1.0 ], [ -0.309017, -0.5, -0.809017, 0.0, 0.5, -0.809017, 0.309017, 0.0, -0.809017, -0.309017, 0.5, 0.0, 0.0, 0.0, 0.0, 1.0 ] ],
  "lights" : {
    "directionalLights" : [ {
      "direction" : {
        "x" : 1.0,
        "y" : -1.0,
        "z" : -1.0
      },
      "color" : "#EBEBE4"
    }, {
      "direction" : {
        "x" : -1.0,
        "y" : 0.0,
        "z" : 0.0
      },
      "color" : "#E4E4EB"
    }, {
      "direction" : {
        "x" : 0.0,
        "y" : 0.0,
        "z" : -1.0
      },
      "color" : "#1E1E1E"
    } ],
    "backgroundColor" : "#AFC8DC",
    "ambientColor" : "#292929"
  },
  "camera" : {
    "position" : {
      "x" : 132.41142,
      "y" : 0.0,
      "z" : 214.24619
    },
    "width" : 113.337685,
    "perspective" : false,
    "lookAtPoint" : {
      "x" : 0.0,
      "y" : 0.0,
      "z" : 0.0
    },
    "fieldOfView" : 0.4426289,
    "viewDistance" : 251.86151,
    "nearClipDistance" : 0.629654,
    "farClipDistance" : 503.72247,
    "stereo" : false,
    "upDirection" : {
      "x" : 0.5,
      "y" : 0.809017,
      "z" : -0.309017
    },
    "lookDirection" : {
      "x" : -0.5257311,
      "y" : 0.0,
      "z" : -0.8506508
    }
  },
  "embedding" : [ 1.0, 0.0, 0.0, 0.0, 0.0, 1.0, 0.0, 0.0, 0.0, 0.0, 1.0, 0.0, 0.0, 0.0, 0.0, 1.0 ],
  "shapes" : [ {
    "id" : "4d5cb62b-2cbf-4b82-bb0f-65980192b943",
    "vertices" : [ {
      "x" : 15.708204,
      "y" : 22.18034,
      "z" : -5.236068
    }, {
      "x" : 19.944271,
      "y" : 15.326238,
      "z" : -7.854102
    }, {
      "x" : 25.18034,
      "y" : 8.472136,
      "z" : -8.854102
    }, {
      "x" : 20.944271,
      "y" : 15.326238,
      "z" : -6.236068
    } ],
    "faces" : [ {
      "vertices" : [ 0, 1, 2 ]
    }, {
      "vertices" : [ 0, 2, 3 ]
    }, {
      "vertices" : [ 0, 3, 2 ]
    }, {
      "vertices" : [ 0, 2, 1 ]
    } ]
  }, {
    "id" : "5ce8756f-62ae-4d8e-a703-2c8568f3e6b2",
    "vertices" : [ {
      "x" : 1.0,
      "y" : 0.309017,
      "z" : 0.19098301
    }, {
      "x" : 1.0,
      "y" : -0.309017,
      "z" : 0.19098301
    }, {
      "x" : 7.472136,
      "y" : -0.309017,
      "z" : 0.19098301
    }, {
      "x" : 7.472136,
      "y" : 0.309017,
      "z" : 0.19098301
    }, {
      "x" : 7.472136,
      "y" : -0.309017,
      "z" : -0.19098301
    }, {
      "x" : 7.472136,
      "y" : 0.309017,
      "z" : -0.19098301
    }, {
      "x" : 8.09017,
      "y" : 0.0,
      "z" : 0.0
    }, {
      "x" : 0.38196602,
      "y" : 0.0,
      "z" : 0.0
    }, {
      "x" : 1.0,
      "y" : 0.309017,
      "z" : -0.19098301
    }, {
      "x" : 1.0,
      "y" : -0.309017,
      "z" : -0.19098301
    }, {
      "x" : 8.472136,
      "y" : 0.0,
      "z" : 0.0
    } ],
    "faces" : [ {
      "vertices" : [ 1, 9, 4 ]
    }, {
      "vertices" : [ 1, 4, 2 ]
    }, {
      "vertices" : [ 0, 3, 5 ]
    }, {
      "vertices" : [ 0, 5, 8 ]
    }, {
      "vertices" : [ 1, 7, 9 ]
    }, {
      "vertices" : [ 0, 1, 2 ]
    }, {
      "vertices" : [ 0, 2, 3 ]
    }, {
      "vertices" : [ 7, 8, 9 ]
    }, {
      "vertices" : [ 0, 7, 1 ]
    }, {
      "vertices" : [ 4, 9, 8 ]
    }, {
      "vertices" : [ 4, 8, 5 ]
    }, {
      "vertices" : [ 2, 6, 3 ]
    }, {
      "vertices" : [ 2, 4, 6 ]
    }, {
      "vertices" : [ 3, 6, 5 ]
    }, {
      "vertices" : [ 4, 5, 6 ]
    }, {
      "vertices" : [ 0, 8, 7 ]
    } ]
  }, {
    "id" : "abce2e40-ce19-43e1-a8e3-7c8a131e62a6",
    "vertices" : [ {
      "x" : 1.236068,
      "y" : 0.54508495,
      "z" : 0.33688104
    }, {
      "x" : 1.236068,
      "y" : -0.072949015,
      "z" : 0.33688104
    }, {
      "x" : 7.236068,
      "y" : 1.072949,
      "z" : 1.045085
    }, {
      "x" : 7.236068,
      "y" : 1.690983,
      "z" : 1.045085
    }, {
      "x" : 8.472136,
      "y" : 1.618034,
      "z" : 1.0
    }, {
      "x" : 0.295686,
      "y" : 0.056471,
      "z" : 0.034900997
    }, {
      "x" : 1.236068,
      "y" : 0.54508495,
      "z" : -0.045084972
    }, {
      "x" : 7.236068,
      "y" : 1.072949,
      "z" : 0.66311896
    }, {
      "x" : 1.236068,
      "y" : -0.072949015,
      "z" : -0.045084972
    }, {
      "x" : 7.236068,
      "y" : 1.690983,
      "z" : 0.66311896
    }, {
      "x" : 8.17645,
      "y" : 1.561563,
      "z" : 0.965099
    } ],
    "faces" : [ {
      "vertices" : [ 1, 8, 7 ]
    }, {
      "vertices" : [ 1, 7, 2 ]
    }, {
      "vertices" : [ 0, 3, 9 ]
    }, {
      "vertices" : [ 0, 9, 6 ]
    }, {
      "vertices" : [ 2, 7, 10 ]
    }, {
      "vertices" : [ 5, 6, 8 ]
    }, {
      "vertices" : [ 0, 1, 2 ]
    }, {
      "vertices" : [ 0, 2, 3 ]
    }, {
      "vertices" : [ 0, 5, 1 ]
    }, {
      "vertices" : [ 3, 10, 9 ]
    }, {
      "vertices" : [ 7, 9, 10 ]
    }, {
      "vertices" : [ 0, 6, 5 ]
    }, {
      "vertices" : [ 6, 9, 7 ]
    }, {
      "vertices" : [ 6, 7, 8 ]
    }, {
      "vertices" : [ 1, 5, 8 ]
    }, {
      "vertices" : [ 2, 10, 3 ]
    } ]
  }, {
    "id" : "3e9e6ad9-568e-4c81-832d-5ac9523e78cc",
    "vertices" : [ {
      "x" : 0.309017,
      "y" : -0.309017,
      "z" : -0.309017
    }, {
      "x" : 0.5,
      "y" : 0.0,
      "z" : -0.19098301
    }, {
      "x" : 0.5,
      "y" : 0.0,
      "z" : 0.19098301
    }, {
      "x" : 0.309017,
      "y" : -0.309017,
      "z" : 0.309017
    }, {
      "x" : 0.19098301,
      "y" : -0.5,
      "z" : 0.0
    }, {
      "x" : 0.0,
      "y" : 0.19098301,
      "z" : 0.5
    }, {
      "x" : 0.0,
      "y" : -0.19098301,
      "z" : 0.5
    }, {
      "x" : 0.309017,
      "y" : 0.309017,
      "z" : 0.309017
    }, {
      "x" : -0.309017,
      "y" : -0.309017,
      "z" : 0.309017
    }, {
      "x" : -0.309017,
      "y" : 0.309017,
      "z" : 0.309017
    }, {
      "x" : -0.5,
      "y" : 0.0,
      "z" : 0.19098301
    }, {
      "x" : 0.0,
      "y" : -0.19098301,
      "z" : -0.5
    }, {
      "x" : 0.0,
      "y" : 0.19098301,
      "z" : -0.5
    }, {
      "x" : 0.309017,
      "y" : 0.309017,
      "z" : -0.309017
    }, {
      "x" : -0.309017,
      "y" : -0.309017,
      "z" : -0.309017
    }, {
      "x" : -0.19098301,
      "y" : -0.5,
      "z" : 0.0
    }, {
      "x" : -0.5,
      "y" : 0.0,
      "z" : -0.19098301
    }, {
      "x" : 0.19098301,
      "y" : 0.5,
      "z" : 0.0
    }, {
      "x" : -0.309017,
      "y" : 0.309017,
      "z" : -0.309017
    }, {
      "x" : 0.0,
      "y" : 0.0,
      "z" : 0.0
    }, {
      "x" : -0.19098301,
      "y" : 0.5,
      "z" : 0.0
    } ],
    "faces" : [ {
      "vertices" : [ 12, 18, 20 ]
    }, {
      "vertices" : [ 12, 20, 17 ]
    }, {
      "vertices" : [ 12, 17, 13 ]
    }, {
      "vertices" : [ 3, 6, 8 ]
    }, {
      "vertices" : [ 3, 8, 15 ]
    }, {
      "vertices" : [ 3, 15, 4 ]
    }, {
      "vertices" : [ 0, 11, 12 ]
    }, {
      "vertices" : [ 0, 12, 13 ]
    }, {
      "vertices" : [ 0, 13, 1 ]
    }, {
      "vertices" : [ 5, 9, 10 ]
    }, {
      "vertices" : [ 5, 10, 8 ]
    }, {
      "vertices" : [ 5, 8, 6 ]
    }, {
      "vertices" : [ 2, 7, 5 ]
    }, {
      "vertices" : [ 2, 5, 6 ]
    }, {
      "vertices" : [ 2, 6, 3 ]
    }, {
      "vertices" : [ 11, 14, 16 ]
    }, {
      "vertices" : [ 11, 16, 18 ]
    }, {
      "vertices" : [ 11, 18, 12 ]
    }, {
      "vertices" : [ 1, 13, 17 ]
    }, {
      "vertices" : [ 1, 17, 7 ]
    }, {
      "vertices" : [ 1, 7, 2 ]
    }, {
      "vertices" : [ 9, 20, 18 ]
    }, {
      "vertices" : [ 9, 18, 16 ]
    }, {
      "vertices" : [ 9, 16, 10 ]
    }, {
      "vertices" : [ 0, 1, 2 ]
    }, {
      "vertices" : [ 0, 2, 3 ]
    }, {
      "vertices" : [ 0, 3, 4 ]
    }, {
      "vertices" : [ 5, 7, 17 ]
    }, {
      "vertices" : [ 5, 17, 20 ]
    }, {
      "vertices" : [ 5, 20, 9 ]
    }, {
      "vertices" : [ 0, 4, 15 ]
    }, {
      "vertices" : [ 0, 15, 14 ]
    }, {
      "vertices" : [ 0, 14, 11 ]
    }, {
      "vertices" : [ 8, 10, 16 ]
    }, {
      "vertices" : [ 8, 16, 14 ]
    }, {
      "vertices" : [ 8, 14, 15 ]
    } ]
  }, {
    "id" : "f6c0a85e-edbc-4c81-991d-dafa4b3224d2",
    "vertices" : [ {
      "x" : 5.236068,
      "y" : -6.854102,
      "z" : -1.0
    }, {
      "x" : 5.236068,
      "y" : -15.326238,
      "z" : -1.0
    }, {
      "x" : 0.0,
      "y" : -8.472136,
      "z" : 0.0
    }, {
      "x" : 0.0,
      "y" : 0.0,
      "z" : 0.0
    } ],
    "faces" : [ {
      "vertices" : [ 0, 1, 2 ]
    }, {
      "vertices" : [ 0, 2, 3 ]
    }, {
      "vertices" : [ 0, 3, 2 ]
    }, {
      "vertices" : [ 0, 2, 1 ]
    } ]
  }, {
    "id" : "99c5f442-5ee9-4e48-ab32-951adaf4f0fa",
    "vertices" : [ {
      "x" : 19.944271,
      "y" : -15.326238,
      "z" : -7.854102
    }, {
      "x" : 12.09017,
      "y" : -17.944271,
      "z" : -5.236068
    }, {
      "x" : 8.854102,
      "y" : -24.798374,
      "z" : -1.0
    }, {
      "x" : 16.708204,
      "y" : -22.18034,
      "z" : -3.618034
    } ],
    "faces" : [ {
      "vertices" : [ 0, 1, 2 ]
    }, {
      "vertices" : [ 0, 2, 3 ]
    }, {
      "vertices" : [ 0, 3, 2 ]
    }, {
      "vertices" : [ 0, 2, 1 ]
    } ]
  }, {
    "id" : "c6e2ef8f-8227-4198-82da-bd428a782b51",
    "vertices" : [ {
      "x" : -11.708204,
      "y" : 22.18034,
      "z" : 11.708204
    }, {
      "x" : -4.854102,
      "y" : 24.798374,
      "z" : 7.472136
    }, {
      "x" : 3.0,
      "y" : 27.416409,
      "z" : 4.854102
    }, {
      "x" : -3.854102,
      "y" : 24.798374,
      "z" : 9.09017
    } ],
    "faces" : [ {
      "vertices" : [ 0, 1, 2 ]
    }, {
      "vertices" : [ 0, 2, 3 ]
    }, {
      "vertices" : [ 0, 3, 2 ]
    }, {
      "vertices" : [ 0, 2, 1 ]
    } ]
  }, {
    "id" : "1a4e81c7-57f3-4ee1-abd4-a449caadda66",
    "vertices" : [ {
      "x" : -15.944272,
      "y" : -6.854102,
      "z" : 14.326238
    }, {
      "x" : -12.708204,
      "y" : 0.0,
      "z" : 10.09017
    }, {
      "x" : -16.944271,
      "y" : 6.854102,
      "z" : 12.708204
    }, {
      "x" : -20.18034,
      "y" : 0.0,
      "z" : 16.944271
    } ],
    "faces" : [ {
      "vertices" : [ 0, 1, 2 ]
    }, {
      "vertices" : [ 0, 2, 3 ]
    }, {
      "vertices" : [ 0, 3, 2 ]
    }, {
      "vertices" : [ 0, 2, 1 ]
    } ]
  }, {
    "id" : "2ebdbc37-47c4-435e-a41c-f98ff44137af",
    "vertices" : [ {
      "x" : -15.944272,
      "y" : 15.326238,
      "z" : 14.326238
    }, {
      "x" : -9.09017,
      "y" : 17.944271,
      "z" : 10.09017
    }, {
      "x" : -4.854102,
      "y" : 24.798374,
      "z" : 7.472136
    }, {
      "x" : -11.708204,
      "y" : 22.18034,
      "z" : 11.708204
    } ],
    "faces" : [ {
      "vertices" : [ 0, 1, 2 ]
    }, {
      "vertices" : [ 0, 2, 3 ]
    }, {
      "vertices" : [ 0, 3, 2 ]
    }, {
      "vertices" : [ 0, 2, 1 ]
    } ]
  }, {
    "id" : "32dbf23d-9507-48d4-b93c-48439fdccded",
    "vertices" : [ {
      "x" : 19.944271,
      "y" : -6.854102,
      "z" : -7.854102
    }, {
      "x" : 12.09017,
      "y" : -9.472136,
      "z" : -5.236068
    }, {
      "x" : 12.09017,
      "y" : -17.944271,
      "z" : -5.236068
    }, {
      "x" : 19.944271,
      "y" : -15.326238,
      "z" : -7.854102
    } ],
    "faces" : [ {
      "vertices" : [ 0, 1, 2 ]
    }, {
      "vertices" : [ 0, 2, 3 ]
    }, {
      "vertices" : [ 0, 3, 2 ]
    }, {
      "vertices" : [ 0, 2, 1 ]
    } ]
  }, {
    "id" : "e67cd6c8-6391-4667-a050-4a9a02cb92e6",
    "vertices" : [ {
      "x" : 8.854102,
      "y" : -24.798374,
      "z" : -1.0
    }, {
      "x" : 2.0,
      "y" : -22.18034,
      "z" : 3.236068
    }, {
      "x" : -4.854102,
      "y" : -24.798374,
      "z" : 7.472136
    }, {
      "x" : 2.0,
      "y" : -27.416409,
      "z" : 3.236068
    } ],
    "faces" : [ {
      "vertices" : [ 0, 1, 2 ]
    }, {
      "vertices" : [ 0, 2, 3 ]
    }, {
      "vertices" : [ 0, 3, 2 ]
    }, {
      "vertices" : [ 0, 2, 1 ]
    } ]
  }, {
    "id" : "a7b3020e-439f-4420-85bf-261eb554da1e",
    "vertices" : [ {
      "x" : 16.708204,
      "y" : -22.18034,
      "z" : -3.618034
    }, {
      "x" : 8.854102,
      "y" : -24.798374,
      "z" : -1.0
    }, {
      "x" : 2.0,
      "y" : -27.416409,
      "z" : 3.236068
    }, {
      "x" : 9.854102,
      "y" : -24.798374,
      "z" : 0.618034
    } ],
    "faces" : [ {
      "vertices" : [ 0, 1, 2 ]
    }, {
      "vertices" : [ 0, 2, 3 ]
    }, {
      "vertices" : [ 0, 3, 2 ]
    }, {
      "vertices" : [ 0, 2, 1 ]
    } ]
  }, {
    "id" : "8d164531-d174-4ec1-87fb-075e9c93faba",
    "vertices" : [ {
      "x" : -10.09017,
      "y" : -17.944271,
      "z" : 8.472136
    }, {
      "x" : -10.09017,
      "y" : -9.472136,
      "z" : 8.472136
    }, {
      "x" : -3.236068,
      "y" : -6.854102,
      "z" : 4.236068
    }, {
      "x" : -3.236068,
      "y" : -15.326238,
      "z" : 4.236068
    } ],
    "faces" : [ {
      "vertices" : [ 0, 1, 2 ]
    }, {
      "vertices" : [ 0, 2, 3 ]
    }, {
      "vertices" : [ 0, 3, 2 ]
    }, {
      "vertices" : [ 0, 2, 1 ]
    } ]
  }, {
    "id" : "32d3a997-bdb7-48c5-a7d2-931491c47c87",
    "vertices" : [ {
      "x" : 12.09017,
      "y" : -17.944271,
      "z" : -5.236068
    }, {
      "x" : 5.236068,
      "y" : -15.326238,
      "z" : -1.0
    }, {
      "x" : 5.236068,
      "y" : -6.854102,
      "z" : -1.0
    }, {
      "x" : 12.09017,
      "y" : -9.472136,
      "z" : -5.236068
    } ],
    "faces" : [ {
      "vertices" : [ 0, 1, 2 ]
    }, {
      "vertices" : [ 0, 2, 3 ]
    }, {
      "vertices" : [ 0, 3, 2 ]
    }, {
      "vertices" : [ 0, 2, 1 ]
    } ]
  }, {
    "id" : "f254d190-d9ed-4775-aeef-e861ba85dab4",
    "vertices" : [ {
      "x" : 24.18034,
      "y" : 0.0,
      "z" : -10.472136
    }, {
      "x" : 19.944271,
      "y" : -6.854102,
      "z" : -7.854102
    }, {
      "x" : 19.944271,
      "y" : -15.326238,
      "z" : -7.854102
    }, {
      "x" : 24.18034,
      "y" : -8.472136,
      "z" : -10.472136
    } ],
    "faces" : [ {
      "vertices" : [ 0, 1, 2 ]
    }, {
      "vertices" : [ 0, 2, 3 ]
    }, {
      "vertices" : [ 0, 3, 2 ]
    }, {
      "vertices" : [ 0, 2, 1 ]
    } ]
  }, {
    "id" : "f4b6f6d6-795b-4035-a549-ac1c6e79cb04",
    "vertices" : [ {
      "x" : -5.854102,
      "y" : 2.618034,
      "z" : 5.854102
    }, {
      "x" : -10.09017,
      "y" : 9.472136,
      "z" : 8.472136
    }, {
      "x" : -4.236068,
      "y" : 6.854102,
      "z" : 2.618034
    }, {
      "x" : 0.0,
      "y" : 0.0,
      "z" : 0.0
    } ],
    "faces" : [ {
      "vertices" : [ 0, 1, 2 ]
    }, {
      "vertices" : [ 0, 2, 3 ]
    }, {
      "vertices" : [ 0, 3, 2 ]
    }, {
      "vertices" : [ 0, 2, 1 ]
    } ]
  }, {
    "id" : "ca74e1cf-4178-4483-8bf3-edfacd009148",
    "vertices" : [ {
      "x" : 12.09017,
      "y" : 9.472136,
      "z" : -5.236068
    }, {
      "x" : 7.854102,
      "y" : 2.618034,
      "z" : -2.618034
    }, {
      "x" : 0.0,
      "y" : 0.0,
      "z" : 0.0
    }, {
      "x" : 4.236068,
      "y" : 6.854102,
      "z" : -2.618034
    } ],
    "faces" : [ {
      "vertices" : [ 0, 1, 2 ]
    }, {
      "vertices" : [ 0, 2, 3 ]
    }, {
      "vertices" : [ 0, 3, 2 ]
    }, {
      "vertices" : [ 0, 2, 1 ]
    } ]
  }, {
    "id" : "019bc85a-c560-4403-a176-92f142648f76",
    "vertices" : [ {
      "x" : -19.18034,
      "y" : 8.472136,
      "z" : 18.562305
    }, {
      "x" : -15.944272,
      "y" : 15.326238,
      "z" : 14.326238
    }, {
      "x" : -11.708204,
      "y" : 22.18034,
      "z" : 11.708204
    }, {
      "x" : -14.944272,
      "y" : 15.326238,
      "z" : 15.944272
    } ],
    "faces" : [ {
      "vertices" : [ 0, 1, 2 ]
    }, {
      "vertices" : [ 0, 2, 3 ]
    }, {
      "vertices" : [ 0, 3, 2 ]
    }, {
      "vertices" : [ 0, 2, 1 ]
    } ]
  }, {
    "id" : "085e475b-55d7-4e69-af07-8822a32d1605",
    "vertices" : [ {
      "x" : -10.708204,
      "y" : -22.18034,
      "z" : 13.326238
    }, {
      "x" : -15.944272,
      "y" : -15.326238,
      "z" : 14.326238
    }, {
      "x" : -20.18034,
      "y" : -8.472136,
      "z" : 16.944271
    }, {
      "x" : -14.944272,
      "y" : -15.326238,
      "z" : 15.944272
    } ],
    "faces" : [ {
      "vertices" : [ 0, 1, 2 ]
    }, {
      "vertices" : [ 0, 2, 3 ]
    }, {
      "vertices" : [ 0, 3, 2 ]
    }, {
      "vertices" : [ 0, 2, 1 ]
    } ]
  }, {
    "id" : "1ca916d6-d610-4919-b1c9-493665067956",
    "vertices" : [ {
      "x" : -16.944271,
      "y" : 6.854102,
      "z" : 12.708204
    }, {
      "x" : -10.09017,
      "y" : 9.472136,
      "z" : 8.472136
    }, {
      "x" : -5.854102,
      "y" : 2.618034,
      "z" : 5.854102
    }, {
      "x" : -12.708204,
      "y" : 0.0,
      "z" : 10.09017
    } ],
    "faces" : [ {
      "vertices" : [ 0, 1, 2 ]
    }, {
      "vertices" : [ 0, 2, 3 ]
    }, {
      "vertices" : [ 0, 3, 2 ]
    }, {
      "vertices" : [ 0, 2, 1 ]
    } ]
  }, {
    "id" : "c0fcac88-c15e-4f2d-bea6-c21182af4faf",
    "vertices" : [ {
      "x" : -12.708204,
      "y" : 0.0,
      "z" : 10.09017
    }, {
      "x" : -5.854102,
      "y" : 2.618034,
      "z" : 5.854102
    }, {
      "x" : 0.0,
      "y" : 0.0,
      "z" : 0.0
    }, {
      "x" : -6.854102,
      "y" : -2.618034,
      "z" : 4.236068
    } ],
    "faces" : [ {
      "vertices" : [ 0, 1, 2 ]
    }, {
      "vertices" : [ 0, 2, 3 ]
    }, {
      "vertices" : [ 0, 3, 2 ]
    }, {
      "vertices" : [ 0, 2, 1 ]
    } ]
  }, {
    "id" : "8bd85612-260e-46a0-9b22-a69be34e4946",
    "vertices" : [ {
      "x" : -3.236068,
      "y" : -6.854102,
      "z" : 4.236068
    }, {
      "x" : -10.09017,
      "y" : -9.472136,
      "z" : 8.472136
    }, {
      "x" : -6.854102,
      "y" : -2.618034,
      "z" : 4.236068
    }, {
      "x" : 0.0,
      "y" : 0.0,
      "z" : 0.0
    } ],
    "faces" : [ {
      "vertices" : [ 0, 1, 2 ]
    }, {
      "vertices" : [ 0, 2, 3 ]
    }, {
      "vertices" : [ 0, 3, 2 ]
    }, {
      "vertices" : [ 0, 2, 1 ]
    } ]
  }, {
    "id" : "ce5480d6-ab0c-4a41-91e4-79ca3f05d879",
    "vertices" : [ {
      "x" : 2.0,
      "y" : -27.416409,
      "z" : 3.236068
    }, {
      "x" : -4.854102,
      "y" : -24.798374,
      "z" : 7.472136
    }, {
      "x" : -10.708204,
      "y" : -22.18034,
      "z" : 13.326238
    }, {
      "x" : -3.854102,
      "y" : -24.798374,
      "z" : 9.09017
    } ],
    "faces" : [ {
      "vertices" : [ 0, 1, 2 ]
    }, {
      "vertices" : [ 0, 2, 3 ]
    }, {
      "vertices" : [ 0, 3, 2 ]
    }, {
      "vertices" : [ 0, 2, 1 ]
    } ]
  }, {
    "id" : "f810dfe8-bd6d-4282-8b7a-c9d86ce95e8d",
    "vertices" : [ {
      "x" : 2.0,
      "y" : -22.18034,
      "z" : 3.236068
    }, {
      "x" : -3.236068,
      "y" : -15.326238,
      "z" : 4.236068
    }, {
      "x" : -10.09017,
      "y" : -17.944271,
      "z" : 8.472136
    }, {
      "x" : -4.854102,
      "y" : -24.798374,
      "z" : 7.472136
    } ],
    "faces" : [ {
      "vertices" : [ 0, 1, 2 ]
    }, {
      "vertices" : [ 0, 2, 3 ]
    }, {
      "vertices" : [ 0, 3, 2 ]
    }, {
      "vertices" : [ 0, 2, 1 ]
    } ]
  }, {
    "id" : "39511aeb-2b76-4b88-b299-07bf57216eba",
    "vertices" : [ {
      "x" : 12.09017,
      "y" : 9.472136,
      "z" : -5.236068
    }, {
      "x" : 4.236068,
      "y" : 6.854102,
      "z" : -2.618034
    }, {
      "x" : 5.236068,
      "y" : 15.326238,
      "z" : -1.0
    }, {
      "x" : 13.09017,
      "y" : 17.944271,
      "z" : -3.618034
    } ],
    "faces" : [ {
      "vertices" : [ 0, 1, 2 ]
    }, {
      "vertices" : [ 0, 2, 3 ]
    }, {
      "vertices" : [ 0, 3, 2 ]
    }, {
      "vertices" : [ 0, 2, 1 ]
    } ]
  }, {
    "id" : "9f989767-083f-40da-9efd-4e25b584f908",
    "vertices" : [ {
      "x" : -4.854102,
      "y" : -24.798374,
      "z" : 7.472136
    }, {
      "x" : -10.09017,
      "y" : -17.944271,
      "z" : 8.472136
    }, {
      "x" : -15.944272,
      "y" : -15.326238,
      "z" : 14.326238
    }, {
      "x" : -10.708204,
      "y" : -22.18034,
      "z" : 13.326238
    } ],
    "faces" : [ {
      "vertices" : [ 0, 1, 2 ]
    }, {
      "vertices" : [ 0, 2, 3 ]
    }, {
      "vertices" : [ 0, 3, 2 ]
    }, {
      "vertices" : [ 0, 2, 1 ]
    } ]
  }, {
    "id" : "a8a66733-c0e3-42b4-8eb8-1227eb904ce2",
    "vertices" : [ {
      "x" : 25.18034,
      "y" : 8.472136,
      "z" : -8.854102
    }, {
      "x" : 24.18034,
      "y" : 0.0,
      "z" : -10.472136
    }, {
      "x" : 24.18034,
      "y" : -8.472136,
      "z" : -10.472136
    }, {
      "x" : 25.18034,
      "y" : 0.0,
      "z" : -8.854102
    } ],
    "faces" : [ {
      "vertices" : [ 0, 1, 2 ]
    }, {
      "vertices" : [ 0, 2, 3 ]
    }, {
      "vertices" : [ 0, 3, 2 ]
    }, {
      "vertices" : [ 0, 2, 1 ]
    } ]
  }, {
    "id" : "778422b3-92f1-4aa8-ac3d-04b80373a99d",
    "vertices" : [ {
      "x" : -20.18034,
      "y" : -8.472136,
      "z" : 16.944271
    }, {
      "x" : -20.18034,
      "y" : 0.0,
      "z" : 16.944271
    }, {
      "x" : -19.18034,
      "y" : 8.472136,
      "z" : 18.562305
    }, {
      "x" : -19.18034,
      "y" : 0.0,
      "z" : 18.562305
    } ],
    "faces" : [ {
      "vertices" : [ 0, 1, 2 ]
    }, {
      "vertices" : [ 0, 2, 3 ]
    }, {
      "vertices" : [ 0, 3, 2 ]
    }, {
      "vertices" : [ 0, 2, 1 ]
    } ]
  }, {
    "id" : "92fab02f-1122-4afe-80ef-e7602b1b48dc",
    "vertices" : [ {
      "x" : -9.09017,
      "y" : 17.944271,
      "z" : 10.09017
    }, {
      "x" : -3.236068,
      "y" : 15.326238,
      "z" : 4.236068
    }, {
      "x" : 1.0,
      "y" : 22.18034,
      "z" : 1.618034
    }, {
      "x" : -4.854102,
      "y" : 24.798374,
      "z" : 7.472136
    } ],
    "faces" : [ {
      "vertices" : [ 0, 1, 2 ]
    }, {
      "vertices" : [ 0, 2, 3 ]
    }, {
      "vertices" : [ 0, 3, 2 ]
    }, {
      "vertices" : [ 0, 2, 1 ]
    } ]
  }, {
    "id" : "d144eeeb-10f4-42eb-ad24-e06dfcd9cb5b",
    "vertices" : [ {
      "x" : -3.236068,
      "y" : -15.326238,
      "z" : 4.236068
    }, {
      "x" : -3.236068,
      "y" : -6.854102,
      "z" : 4.236068
    }, {
      "x" : 0.0,
      "y" : 0.0,
      "z" : 0.0
    }, {
      "x" : 0.0,
      "y" : -8.472136,
      "z" : 0.0
    } ],
    "faces" : [ {
      "vertices" : [ 0, 1, 2 ]
    }, {
      "vertices" : [ 0, 2, 3 ]
    }, {
      "vertices" : [ 0, 3, 2 ]
    }, {
      "vertices" : [ 0, 2, 1 ]
    } ]
  }, {
    "id" : "fd3f4d20-9ca1-4f52-9de9-d61c4ba3e462",
    "vertices" : [ {
      "x" : -3.236068,
      "y" : 15.326238,
      "z" : 4.236068
    }, {
      "x" : -4.236068,
      "y" : 6.854102,
      "z" : 2.618034
    }, {
      "x" : -10.09017,
      "y" : 9.472136,
      "z" : 8.472136
    }, {
      "x" : -9.09017,
      "y" : 17.944271,
      "z" : 10.09017
    } ],
    "faces" : [ {
      "vertices" : [ 0, 1, 2 ]
    }, {
      "vertices" : [ 0, 2, 3 ]
    }, {
      "vertices" : [ 0, 3, 2 ]
    }, {
      "vertices" : [ 0, 2, 1 ]
    } ]
  }, {
    "id" : "cd496272-0896-43b3-a381-747419d8b5ea",
    "vertices" : [ {
      "x" : -3.236068,
      "y" : -15.326238,
      "z" : 4.236068
    }, {
      "x" : 0.0,
      "y" : -8.472136,
      "z" : 0.0
    }, {
      "x" : 5.236068,
      "y" : -15.326238,
      "z" : -1.0
    }, {
      "x" : 2.0,
      "y" : -22.18034,
      "z" : 3.236068
    } ],
    "faces" : [ {
      "vertices" : [ 0, 1, 2 ]
    }, {
      "vertices" : [ 0, 2, 3 ]
    }, {
      "vertices" : [ 0, 3, 2 ]
    }, {
      "vertices" : [ 0, 2, 1 ]
    } ]
  }, {
    "id" : "27768ca0-f348-4756-97f3-9aa08d05cdec",
    "vertices" : [ {
      "x" : 3.0,
      "y" : 27.416409,
      "z" : 4.854102
    }, {
      "x" : 8.854102,
      "y" : 24.798374,
      "z" : -1.0
    }, {
      "x" : 15.708204,
      "y" : 22.18034,
      "z" : -5.236068
    }, {
      "x" : 9.854102,
      "y" : 24.798374,
      "z" : 0.618034
    } ],
    "faces" : [ {
      "vertices" : [ 0, 1, 2 ]
    }, {
      "vertices" : [ 0, 2, 3 ]
    }, {
      "vertices" : [ 0, 3, 2 ]
    }, {
      "vertices" : [ 0, 2, 1 ]
    } ]
  }, {
    "id" : "d0eaeb6a-b669-4a38-9f8d-08a308678d87",
    "vertices" : [ {
      "x" : 7.854102,
      "y" : 2.618034,
      "z" : -2.618034
    }, {
      "x" : 14.708204,
      "y" : 0.0,
      "z" : -6.854102
    }, {
      "x" : 6.854102,
      "y" : -2.618034,
      "z" : -4.236068
    }, {
      "x" : 0.0,
      "y" : 0.0,
      "z" : 0.0
    } ],
    "faces" : [ {
      "vertices" : [ 0, 1, 2 ]
    }, {
      "vertices" : [ 0, 2, 3 ]
    }, {
      "vertices" : [ 0, 3, 2 ]
    }, {
      "vertices" : [ 0, 2, 1 ]
    } ]
  }, {
    "id" : "48ad8c75-12d9-403b-b141-73218010162a",
    "vertices" : [ {
      "x" : -15.944272,
      "y" : -15.326238,
      "z" : 14.326238
    }, {
      "x" : -15.944272,
      "y" : -6.854102,
      "z" : 14.326238
    }, {
      "x" : -10.09017,
      "y" : -9.472136,
      "z" : 8.472136
    }, {
      "x" : -10.09017,
      "y" : -17.944271,
      "z" : 8.472136
    } ],
    "faces" : [ {
      "vertices" : [ 0, 1, 2 ]
    }, {
      "vertices" : [ 0, 2, 3 ]
    }, {
      "vertices" : [ 0, 3, 2 ]
    }, {
      "vertices" : [ 0, 2, 1 ]
    } ]
  }, {
    "id" : "ab317116-2de9-47e4-850c-d722c76e831d",
    "vertices" : [ {
      "x" : -4.854102,
      "y" : 24.798374,
      "z" : 7.472136
    }, {
      "x" : 1.0,
      "y" : 22.18034,
      "z" : 1.618034
    }, {
      "x" : 8.854102,
      "y" : 24.798374,
      "z" : -1.0
    }, {
      "x" : 3.0,
      "y" : 27.416409,
      "z" : 4.854102
    } ],
    "faces" : [ {
      "vertices" : [ 0, 1, 2 ]
    }, {
      "vertices" : [ 0, 2, 3 ]
    }, {
      "vertices" : [ 0, 3, 2 ]
    }, {
      "vertices" : [ 0, 2, 1 ]
    } ]
  }, {
    "id" : "d544b523-b1e8-4009-9c9e-1b837cf14796",
    "vertices" : [ {
      "x" : 13.09017,
      "y" : 17.944271,
      "z" : -3.618034
    }, {
      "x" : 12.09017,
      "y" : 9.472136,
      "z" : -5.236068
    }, {
      "x" : 18.944271,
      "y" : 6.854102,
      "z" : -9.472136
    }, {
      "x" : 19.944271,
      "y" : 15.326238,
      "z" : -7.854102
    } ],
    "faces" : [ {
      "vertices" : [ 0, 1, 2 ]
    }, {
      "vertices" : [ 0, 2, 3 ]
    }, {
      "vertices" : [ 0, 3, 2 ]
    }, {
      "vertices" : [ 0, 2, 1 ]
    } ]
  }, {
    "id" : "1ed473b3-2efe-49b0-9243-8ee137bcee0e",
    "vertices" : [ {
      "x" : 8.854102,
      "y" : 24.798374,
      "z" : -1.0
    }, {
      "x" : 13.09017,
      "y" : 17.944271,
      "z" : -3.618034
    }, {
      "x" : 19.944271,
      "y" : 15.326238,
      "z" : -7.854102
    }, {
      "x" : 15.708204,
      "y" : 22.18034,
      "z" : -5.236068
    } ],
    "faces" : [ {
      "vertices" : [ 0, 1, 2 ]
    }, {
      "vertices" : [ 0, 2, 3 ]
    }, {
      "vertices" : [ 0, 3, 2 ]
    }, {
      "vertices" : [ 0, 2, 1 ]
    } ]
  }, {
    "id" : "45b1f508-7076-4148-9077-2d9a78ab4400",
    "vertices" : [ {
      "x" : 8.854102,
      "y" : 24.798374,
      "z" : -1.0
    }, {
      "x" : 13.09017,
      "y" : 17.944271,
      "z" : -3.618034
    }, {
      "x" : 5.236068,
      "y" : 15.326238,
      "z" : -1.0
    }, {
      "x" : 1.0,
      "y" : 22.18034,
      "z" : 1.618034
    } ],
    "faces" : [ {
      "vertices" : [ 0, 1, 2 ]
    }, {
      "vertices" : [ 0, 2, 3 ]
    }, {
      "vertices" : [ 0, 3, 2 ]
    }, {
      "vertices" : [ 0, 2, 1 ]
    } ]
  }, {
    "id" : "b8646345-7b48-4263-be0b-668fb01e7b54",
    "vertices" : [ {
      "x" : 24.18034,
      "y" : -8.472136,
      "z" : -10.472136
    }, {
      "x" : 19.944271,
      "y" : -15.326238,
      "z" : -7.854102
    }, {
      "x" : 16.708204,
      "y" : -22.18034,
      "z" : -3.618034
    }, {
      "x" : 20.944271,
      "y" : -15.326238,
      "z" : -6.236068
    } ],
    "faces" : [ {
      "vertices" : [ 0, 1, 2 ]
    }, {
      "vertices" : [ 0, 2, 3 ]
    }, {
      "vertices" : [ 0, 3, 2 ]
    }, {
      "vertices" : [ 0, 2, 1 ]
    } ]
  }, {
    "id" : "6a5952dd-73a6-4287-8a98-920d1746e4dd",
    "vertices" : [ {
      "x" : 1.0,
      "y" : 22.18034,
      "z" : 1.618034
    }, {
      "x" : 5.236068,
      "y" : 15.326238,
      "z" : -1.0
    }, {
      "x" : 1.0,
      "y" : 8.472136,
      "z" : 1.618034
    }, {
      "x" : -3.236068,
      "y" : 15.326238,
      "z" : 4.236068
    } ],
    "faces" : [ {
      "vertices" : [ 0, 1, 2 ]
    }, {
      "vertices" : [ 0, 2, 3 ]
    }, {
      "vertices" : [ 0, 3, 2 ]
    }, {
      "vertices" : [ 0, 2, 1 ]
    } ]
  }, {
    "id" : "24a4938a-9342-4c8f-bafc-7b76da2ab23b",
    "vertices" : [ {
      "x" : 1.0,
      "y" : 8.472136,
      "z" : 1.618034
    }, {
      "x" : 5.236068,
      "y" : 15.326238,
      "z" : -1.0
    }, {
      "x" : 4.236068,
      "y" : 6.854102,
      "z" : -2.618034
    }, {
      "x" : 0.0,
      "y" : 0.0,
      "z" : 0.0
    } ],
    "faces" : [ {
      "vertices" : [ 0, 1, 2 ]
    }, {
      "vertices" : [ 0, 2, 3 ]
    }, {
      "vertices" : [ 0, 3, 2 ]
    }, {
      "vertices" : [ 0, 2, 1 ]
    } ]
  }, {
    "id" : "25b7cf2f-1c52-4320-8257-2f4fe64a5f6a",
    "vertices" : [ {
      "x" : 8.854102,
      "y" : -24.798374,
      "z" : -1.0
    }, {
      "x" : 2.0,
      "y" : -22.18034,
      "z" : 3.236068
    }, {
      "x" : 5.236068,
      "y" : -15.326238,
      "z" : -1.0
    }, {
      "x" : 12.09017,
      "y" : -17.944271,
      "z" : -5.236068
    } ],
    "faces" : [ {
      "vertices" : [ 0, 1, 2 ]
    }, {
      "vertices" : [ 0, 2, 3 ]
    }, {
      "vertices" : [ 0, 3, 2 ]
    }, {
      "vertices" : [ 0, 2, 1 ]
    } ]
  }, {
    "id" : "97bbc116-7a71-4763-8efe-17222d79d1f8",
    "vertices" : [ {
      "x" : -3.236068,
      "y" : 15.326238,
      "z" : 4.236068
    }, {
      "x" : 1.0,
      "y" : 8.472136,
      "z" : 1.618034
    }, {
      "x" : 0.0,
      "y" : 0.0,
      "z" : 0.0
    }, {
      "x" : -4.236068,
      "y" : 6.854102,
      "z" : 2.618034
    } ],
    "faces" : [ {
      "vertices" : [ 0, 1, 2 ]
    }, {
      "vertices" : [ 0, 2, 3 ]
    }, {
      "vertices" : [ 0, 3, 2 ]
    }, {
      "vertices" : [ 0, 2, 1 ]
    } ]
  }, {
    "id" : "6edbd891-ecb0-487f-a812-cf3b441460bf",
    "vertices" : [ {
      "x" : 18.944271,
      "y" : 6.854102,
      "z" : -9.472136
    }, {
      "x" : 14.708204,
      "y" : 0.0,
      "z" : -6.854102
    }, {
      "x" : 7.854102,
      "y" : 2.618034,
      "z" : -2.618034
    }, {
      "x" : 12.09017,
      "y" : 9.472136,
      "z" : -5.236068
    } ],
    "faces" : [ {
      "vertices" : [ 0, 1, 2 ]
    }, {
      "vertices" : [ 0, 2, 3 ]
    }, {
      "vertices" : [ 0, 3, 2 ]
    }, {
      "vertices" : [ 0, 2, 1 ]
    } ]
  }, {
    "id" : "e4d00b0a-91a4-4444-8da0-5cb28d776e44",
    "vertices" : [ {
      "x" : -15.944272,
      "y" : 15.326238,
      "z" : 14.326238
    }, {
      "x" : -9.09017,
      "y" : 17.944271,
      "z" : 10.09017
    }, {
      "x" : -10.09017,
      "y" : 9.472136,
      "z" : 8.472136
    }, {
      "x" : -16.944271,
      "y" : 6.854102,
      "z" : 12.708204
    } ],
    "faces" : [ {
      "vertices" : [ 0, 1, 2 ]
    }, {
      "vertices" : [ 0, 2, 3 ]
    }, {
      "vertices" : [ 0, 3, 2 ]
    }, {
      "vertices" : [ 0, 2, 1 ]
    } ]
  }, {
    "id" : "ac80a478-0d00-4a3e-ae62-49b6dd12f792",
    "vertices" : [ {
      "x" : 24.18034,
      "y" : 0.0,
      "z" : -10.472136
    }, {
      "x" : 19.944271,
      "y" : -6.854102,
      "z" : -7.854102
    }, {
      "x" : 14.708204,
      "y" : 0.0,
      "z" : -6.854102
    }, {
      "x" : 18.944271,
      "y" : 6.854102,
      "z" : -9.472136
    } ],
    "faces" : [ {
      "vertices" : [ 0, 1, 2 ]
    }, {
      "vertices" : [ 0, 2, 3 ]
    }, {
      "vertices" : [ 0, 3, 2 ]
    }, {
      "vertices" : [ 0, 2, 1 ]
    } ]
  }, {
