{
  "polygons" : "true",
  "field" : "golden",
  "symmetry" : "icosahedral",
  "orientations" : [ [ 1.0, 0.0, 0.0, 0.0, 0.0, 1.0, 0.0, 0.0, 0.0, 0.0, 1.0, 0.0, 0.0, 0.0, 0.0, 1.0 ], [ 0.0, 0.0, 1.0, 0.0, 1.0, 0.0, 0.0, 0.0, 0.0, 1.0, 0.0, 0.0, 0.0, 0.0, 0.0, 1.0 ], [ 0.0, 1.0, 0.0, 0.0, 0.0, 0.0, 1.0, 0.0, 1.0, 0.0, 0.0, 0.0, 0.0, 0.0, 0.0, 1.0 ], [ 0.809017, 0.309017, 0.5, 0.0, 0.309017, 0.5, -0.809017, 0.0, -0.5, 0.809017, 0.309017, 0.0, 0.0, 0.0, 0.0, 1.0 ], [ -0.5, 0.809017, 0.309017, 0.0, 0.809017, 0.309017, 0.5, 0.0, 0.309017, 0.5, -0.809017, 0.0, 0.0, 0.0, 0.0, 1.0 ], [ 0.309017, 0.5, -0.809017, 0.0, -0.5, 0.809017, 0.309017, 0.0, 0.809017, 0.309017, 0.5, 0.0, 0.0, 0.0, 0.0, 1.0 ], [ 0.5, 0.809017, 0.309017, 0.0, 0.809017, -0.309017, -0.5, 0.0, -0.309017, 0.5, -0.809017, 0.0, 0.0, 0.0, 0.0, 1.0 ], [ -0.309017, 0.5, -0.809017, 0.0, 0.5, 0.809017, 0.309017, 0.0, 0.809017, -0.309017, -0.5, 0.0, 0.0, 0.0, 0.0, 1.0 ], [ 0.809017, -0.309017, -0.5, 0.0, -0.309017, 0.5, -0.809017, 0.0, 0.5, 0.809017, 0.309017, 0.0, 0.0, 0.0, 0.0, 1.0 ], [ 0.5, 0.809017, -0.309017, 0.0, 0.809017, -0.309017, 0.5, 0.0, 0.309017, -0.5, -0.809017, 0.0, 0.0, 0.0, 0.0, 1.0 ], [ 0.309017, -0.5, -0.809017, 0.0, 0.5, 0.809017, -0.309017, 0.0, 0.809017, -0.309017, 0.5, 0.0, 0.0, 0.0, 0.0, 1.0 ], [ 0.809017, -0.309017, 0.5, 0.0, 0.309017, -0.5, -0.809017, 0.0, 0.5, 0.809017, -0.309017, 0.0, 0.0, 0.0, 0.0, 1.0 ], [ 0.809017, 0.309017, -0.5, 0.0, 0.309017, 0.5, 0.809017, 0.0, 0.5, -0.809017, 0.309017, 0.0, 0.0, 0.0, 0.0, 1.0 ], [ 0.5, -0.809017, 0.309017, 0.0, 0.809017, 0.309017, -0.5, 0.0, 0.309017, 0.5, 0.809017, 0.0, 0.0, 0.0, 0.0, 1.0 ], [ 0.309017, 0.5, 0.809017, 0.0, 0.5, -0.809017, 0.309017, 0.0, 0.809017, 0.309017, -0.5, 0.0, 0.0, 0.0, 0.0, 1.0 ], [ 1.0, 0.0, 0.0, 0.0, 0.0, -1.0, 0.0, 0.0, 0.0, 0.0, -1.0, 0.0, 0.0, 0.0, 0.0, 1.0 ], [ 0.0, 0.0, 1.0, 0.0, -1.0, 0.0, 0.0, 0.0, 0.0, -1.0, 0.0, 0.0, 0.0, 0.0, 0.0, 1.0 ], [ 0.0, 1.0, 0.0, 0.0, 0.0, 0.0, -1.0, 0.0, -1.0, 0.0, 0.0, 0.0, 0.0, 0.0, 0.0, 1.0 ], [ 0.809017, 0.309017, 0.5, 0.0, -0.309017, -0.5, 0.809017, 0.0, 0.5, -0.809017, -0.309017, 0.0, 0.0, 0.0, 0.0, 1.0 ], [ -0.5, 0.809017, 0.309017, 0.0, -0.809017, -0.309017, -0.5, 0.0, -0.309017, -0.5, 0.809017, 0.0, 0.0, 0.0, 0.0, 1.0 ], [ 0.309017, 0.5, -0.809017, 0.0, 0.5, -0.809017, -0.309017, 0.0, -0.809017, -0.309017, -0.5, 0.0, 0.0, 0.0, 0.0, 1.0 ], [ 0.5, 0.809017, 0.309017, 0.0, -0.809017, 0.309017, 0.5, 0.0, 0.309017, -0.5, 0.809017, 0.0, 0.0, 0.0, 0.0, 1.0 ], [ -0.309017, 0.5, -0.809017, 0.0, -0.5, -0.809017, -0.309017, 0.0, -0.809017, 0.309017, 0.5, 0.0, 0.0, 0.0, 0.0, 1.0 ], [ 0.809017, -0.309017, -0.5, 0.0, 0.309017, -0.5, 0.809017, 0.0, -0.5, -0.809017, -0.309017, 0.0, 0.0, 0.0, 0.0, 1.0 ], [ 0.5, 0.809017, -0.309017, 0.0, -0.809017, 0.309017, -0.5, 0.0, -0.309017, 0.5, 0.809017, 0.0, 0.0, 0.0, 0.0, 1.0 ], [ 0.309017, -0.5, -0.809017, 0.0, -0.5, -0.809017, 0.309017, 0.0, -0.809017, 0.309017, -0.5, 0.0, 0.0, 0.0, 0.0, 1.0 ], [ 0.809017, -0.309017, 0.5, 0.0, -0.309017, 0.5, 0.809017, 0.0, -0.5, -0.809017, 0.309017, 0.0, 0.0, 0.0, 0.0, 1.0 ], [ 0.809017, 0.309017, -0.5, 0.0, -0.309017, -0.5, -0.809017, 0.0, -0.5, 0.809017, -0.309017, 0.0, 0.0, 0.0, 0.0, 1.0 ], [ 0.5, -0.809017, 0.309017, 0.0, -0.809017, -0.309017, 0.5, 0.0, -0.309017, -0.5, -0.809017, 0.0, 0.0, 0.0, 0.0, 1.0 ], [ 0.309017, 0.5, 0.809017, 0.0, -0.5, 0.809017, -0.309017, 0.0, -0.809017, -0.309017, 0.5, 0.0, 0.0, 0.0, 0.0, 1.0 ], [ -1.0, 0.0, 0.0, 0.0, 0.0, -1.0, 0.0, 0.0, 0.0, 0.0, 1.0, 0.0, 0.0, 0.0, 0.0, 1.0 ], [ 0.0, 0.0, -1.0, 0.0, -1.0, 0.0, 0.0, 0.0, 0.0, 1.0, 0.0, 0.0, 0.0, 0.0, 0.0, 1.0 ], [ 0.0, -1.0, 0.0, 0.0, 0.0, 0.0, -1.0, 0.0, 1.0, 0.0, 0.0, 0.0, 0.0, 0.0, 0.0, 1.0 ], [ -0.809017, -0.309017, -0.5, 0.0, -0.309017, -0.5, 0.809017, 0.0, -0.5, 0.809017, 0.309017, 0.0, 0.0, 0.0, 0.0, 1.0 ], [ 0.5, -0.809017, -0.309017, 0.0, -0.809017, -0.309017, -0.5, 0.0, 0.309017, 0.5, -0.809017, 0.0, 0.0, 0.0, 0.0, 1.0 ], [ -0.309017, -0.5, 0.809017, 0.0, 0.5, -0.809017, -0.309017, 0.0, 0.809017, 0.309017, 0.5, 0.0, 0.0, 0.0, 0.0, 1.0 ], [ -0.5, -0.809017, -0.309017, 0.0, -0.809017, 0.309017, 0.5, 0.0, -0.309017, 0.5, -0.809017, 0.0, 0.0, 0.0, 0.0, 1.0 ], [ 0.309017, -0.5, 0.809017, 0.0, -0.5, -0.809017, -0.309017, 0.0, 0.809017, -0.309017, -0.5, 0.0, 0.0, 0.0, 0.0, 1.0 ], [ -0.809017, 0.309017, 0.5, 0.0, 0.309017, -0.5, 0.809017, 0.0, 0.5, 0.809017, 0.309017, 0.0, 0.0, 0.0, 0.0, 1.0 ], [ -0.5, -0.809017, 0.309017, 0.0, -0.809017, 0.309017, -0.5, 0.0, 0.309017, -0.5, -0.809017, 0.0, 0.0, 0.0, 0.0, 1.0 ], [ -0.309017, 0.5, 0.809017, 0.0, -0.5, -0.809017, 0.309017, 0.0, 0.809017, -0.309017, 0.5, 0.0, 0.0, 0.0, 0.0, 1.0 ], [ -0.809017, 0.309017, -0.5, 0.0, -0.309017, 0.5, 0.809017, 0.0, 0.5, 0.809017, -0.309017, 0.0, 0.0, 0.0, 0.0, 1.0 ], [ -0.809017, -0.309017, 0.5, 0.0, -0.309017, -0.5, -0.809017, 0.0, 0.5, -0.809017, 0.309017, 0.0, 0.0, 0.0, 0.0, 1.0 ], [ -0.5, 0.809017, -0.309017, 0.0, -0.809017, -0.309017, 0.5, 0.0, 0.309017, 0.5, 0.809017, 0.0, 0.0, 0.0, 0.0, 1.0 ], [ -0.309017, -0.5, -0.809017, 0.0, -0.5, 0.809017, -0.309017, 0.0, 0.809017, 0.309017, -0.5, 0.0, 0.0, 0.0, 0.0, 1.0 ], [ -1.0, 0.0, 0.0, 0.0, 0.0, 1.0, 0.0, 0.0, 0.0, 0.0, -1.0, 0.0, 0.0, 0.0, 0.0, 1.0 ], [ 0.0, 0.0, -1.0, 0.0, 1.0, 0.0, 0.0, 0.0, 0.0, -1.0, 0.0, 0.0, 0.0, 0.0, 0.0, 1.0 ], [ 0.0, -1.0, 0.0, 0.0, 0.0, 0.0, 1.0, 0.0, -1.0, 0.0, 0.0, 0.0, 0.0, 0.0, 0.0, 1.0 ], [ -0.809017, -0.309017, -0.5, 0.0, 0.309017, 0.5, -0.809017, 0.0, 0.5, -0.809017, -0.309017, 0.0, 0.0, 0.0, 0.0, 1.0 ], [ 0.5, -0.809017, -0.309017, 0.0, 0.809017, 0.309017, 0.5, 0.0, -0.309017, -0.5, 0.809017, 0.0, 0.0, 0.0, 0.0, 1.0 ], [ -0.309017, -0.5, 0.809017, 0.0, -0.5, 0.809017, 0.309017, 0.0, -0.809017, -0.309017, -0.5, 0.0, 0.0, 0.0, 0.0, 1.0 ], [ -0.5, -0.809017, -0.309017, 0.0, 0.809017, -0.309017, -0.5, 0.0, 0.309017, -0.5, 0.809017, 0.0, 0.0, 0.0, 0.0, 1.0 ], [ 0.309017, -0.5, 0.809017, 0.0, 0.5, 0.809017, 0.309017, 0.0, -0.809017, 0.309017, 0.5, 0.0, 0.0, 0.0, 0.0, 1.0 ], [ -0.809017, 0.309017, 0.5, 0.0, -0.309017, 0.5, -0.809017, 0.0, -0.5, -0.809017, -0.309017, 0.0, 0.0, 0.0, 0.0, 1.0 ], [ -0.5, -0.809017, 0.309017, 0.0, 0.809017, -0.309017, 0.5, 0.0, -0.309017, 0.5, 0.809017, 0.0, 0.0, 0.0, 0.0, 1.0 ], [ -0.309017, 0.5, 0.809017, 0.0, 0.5, 0.809017, -0.309017, 0.0, -0.809017, 0.309017, -0.5, 0.0, 0.0, 0.0, 0.0, 1.0 ], [ -0.809017, 0.309017, -0.5, 0.0, 0.309017, -0.5, -0.809017, 0.0, -0.5, -0.809017, 0.309017, 0.0, 0.0, 0.0, 0.0, 1.0 ], [ -0.809017, -0.309017, 0.5, 0.0, 0.309017, 0.5, 0.809017, 0.0, -0.5, 0.809017, -0.309017, 0.0, 0.0, 0.0, 0.0, 1.0 ], [ -0.5, 0.809017, -0.309017, 0.0, 0.809017, 0.309017, -0.5, 0.0, -0.309017, -0.5, -0.809017, 0.0, 0.0, 0.0, 0.0, 1.0 ], [ -0.309017, -0.5, -0.809017, 0.0, 0.5, -0.809017, 0.309017, 0.0, -0.809017, -0.309017, 0.5, 0.0, 0.0, 0.0, 0.0, 1.0 ] ],
  "lights" : {
    "ambientColor" : "#292929",
    "backgroundColor" : "#AFC8DC",
    "directionalLights" : [ {
      "direction" : [ 1.0, -1.0, -1.0 ],
      "color" : "#EBEBE4"
    }, {
      "direction" : [ -1.0, 0.0, 0.0 ],
      "color" : "#E4E4EB"
    }, {
      "direction" : [ 0.0, 0.0, -1.0 ],
      "color" : "#1E1E1E"
    } ]
  },
  "camera" : {
    "position" : {
      "x" : 0.0,
      "y" : -1521.0038,
      "z" : -940.03204
    },
    "width" : 804.6218,
    "perspective" : false,
    "upDirectionRV" : {
      "x" : 0.0,
      "y" : 0.5257311,
      "z" : -0.8506508,
      "zero" : false
    },
    "fieldOfView" : 0.4426292,
    "viewDistance" : 1788.0472,
    "lookAtPointRV" : {
      "x" : 0.0,
      "y" : 0.0,
      "z" : 0.0,
      "zero" : true
    },
    "lookDirectionRV" : {
      "x" : 0.0,
      "y" : 0.8506508,
      "z" : 0.5257311,
      "zero" : false
    },
    "nearClipDistance" : 4.4701176,
    "upDirection" : {
      "x" : 0.0,
      "y" : 0.5257311,
      "z" : -0.8506508
    },
    "lookAtPoint" : {
      "x" : 0.0,
      "y" : 0.0,
      "z" : 0.0
    },
    "lookDirection" : {
      "x" : 0.0,
      "y" : 0.8506508,
      "z" : 0.5257311
    },
    "farClipDistance" : 3576.0918,
    "stereo" : false
  },
  "embedding" : [ 1.0, 0.0, 0.0, 0.0, 0.0, 1.0, 0.0, 0.0, 0.0, 0.0, 1.0, 0.0, 0.0, 0.0, 0.0, 1.0 ],
  "shapes" : [ {
    "id" : "dd5cf559-190a-4eba-93c6-11b001f9ef67",
    "orbit" : "blue",
    "orbitC" : "[[0,0,1],[0,0,1]]",
    "length" : "[2,-1,1]",
    "name" : " :2 -phi",
    "vertices" : [ {
      "x" : 2.236068,
      "y" : 0.309017,
      "z" : 0.19098301
    }, {
      "x" : 2.236068,
      "y" : 0.309017,
      "z" : -0.19098301
    }, {
      "x" : 1.0,
      "y" : 0.309017,
      "z" : -0.19098301
    }, {
      "x" : 1.0,
      "y" : 0.309017,
      "z" : 0.19098301
    }, {
      "x" : 2.236068,
      "y" : -0.309017,
      "z" : 0.19098301
    }, {
      "x" : 1.0,
      "y" : -0.309017,
      "z" : 0.19098301
    }, {
      "x" : 1.0,
      "y" : -0.309017,
      "z" : -0.19098301
    }, {
      "x" : 2.236068,
      "y" : -0.309017,
      "z" : -0.19098301
    }, {
      "x" : 3.236068,
      "y" : 0.0,
      "z" : 0.0
    } ],
    "faces" : [ {
      "vertices" : [ 1, 7, 6, 2 ]
    }, {
      "vertices" : [ 0, 1, 2, 3 ]
    }, {
      "vertices" : [ 4, 5, 6, 7 ]
    }, {
      "vertices" : [ 0, 3, 5, 4 ]
    } ]
  }, {
    "id" : "c72a7938-2570-44a0-bb37-ba46b9a58f96",
    "orbit" : "blue",
    "orbitC" : "[[0,0,1],[0,0,1]]",
    "length" : "[1,0,1]",
    "name" : "b1",
    "vertices" : [ {
      "x" : 7.472136,
      "y" : 0.309017,
      "z" : 0.19098301
    }, {
      "x" : 7.472136,
      "y" : 0.309017,
      "z" : -0.19098301
    }, {
      "x" : 1.0,
      "y" : 0.309017,
      "z" : -0.19098301
    }, {
      "x" : 1.0,
      "y" : 0.309017,
      "z" : 0.19098301
    }, {
      "x" : 7.472136,
      "y" : -0.309017,
      "z" : 0.19098301
    }, {
      "x" : 1.0,
      "y" : -0.309017,
      "z" : 0.19098301
    }, {
      "x" : 1.0,
      "y" : -0.309017,
      "z" : -0.19098301
    }, {
      "x" : 7.472136,
      "y" : -0.309017,
      "z" : -0.19098301
    }, {
      "x" : 8.472136,
      "y" : 0.0,
      "z" : 0.0
    } ],
    "faces" : [ {
      "vertices" : [ 1, 7, 6, 2 ]
    }, {
      "vertices" : [ 0, 1, 2, 3 ]
    }, {
      "vertices" : [ 4, 5, 6, 7 ]
    }, {
      "vertices" : [ 0, 3, 5, 4 ]
    } ]
  }, {
    "id" : "01ab88c7-e6f1-4862-9181-cc7763e948e9",
    "orbit" : "blue",
    "orbitC" : "[[0,0,1],[0,0,1]]",
    "length" : "[2,1,1]",
    "name" : " :2 +phi",
    "vertices" : [ {
      "x" : 29.652475,
      "y" : 0.309017,
      "z" : 0.19098301
    }, {
      "x" : 29.652475,
      "y" : 0.309017,
      "z" : -0.19098301
    }, {
      "x" : 1.0,
      "y" : 0.309017,
      "z" : -0.19098301
    }, {
      "x" : 1.0,
      "y" : 0.309017,
      "z" : 0.19098301
    }, {
      "x" : 29.652475,
      "y" : -0.309017,
      "z" : 0.19098301
    }, {
      "x" : 1.0,
      "y" : -0.309017,
      "z" : 0.19098301
    }, {
      "x" : 1.0,
      "y" : -0.309017,
      "z" : -0.19098301
    }, {
      "x" : 29.652475,
      "y" : -0.309017,
      "z" : -0.19098301
    }, {
      "x" : 30.652475,
      "y" : 0.0,
      "z" : 0.0
    } ],
    "faces" : [ {
      "vertices" : [ 1, 7, 6, 2 ]
    }, {
      "vertices" : [ 0, 1, 2, 3 ]
    }, {
      "vertices" : [ 4, 5, 6, 7 ]
    }, {
      "vertices" : [ 0, 3, 5, 4 ]
    } ]
  }, {
    "id" : "b1114970-9e0b-4783-93c5-95ddfa7d1297",
    "name" : "ball",
    "vertices" : [ {
      "x" : 0.309017,
      "y" : -0.809017,
      "z" : 0.618034
    }, {
      "x" : 0.809017,
      "y" : -0.618034,
      "z" : 0.309017
    }, {
      "x" : 0.618034,
      "y" : -0.309017,
      "z" : 0.809017
    }, {
      "x" : 1.0,
      "y" : 0.309017,
      "z" : 0.19098301
    }, {
      "x" : 0.809017,
      "y" : 0.618034,
      "z" : 0.309017
    }, {
      "x" : 0.618034,
      "y" : 0.309017,
      "z" : 0.809017
    }, {
      "x" : 0.809017,
      "y" : 0.0,
      "z" : 0.690983
    }, {
      "x" : 0.19098301,
      "y" : -1.0,
      "z" : 0.309017
    }, {
      "x" : -0.19098301,
      "y" : -1.0,
      "z" : 0.309017
    }, {
      "x" : -0.19098301,
      "y" : -1.0,
      "z" : -0.309017
    }, {
      "x" : 0.19098301,
      "y" : -1.0,
      "z" : -0.309017
    }, {
      "x" : 1.0,
      "y" : -0.309017,
      "z" : -0.19098301
    }, {
      "x" : 0.809017,
      "y" : -0.618034,
      "z" : -0.309017
    }, {
      "x" : 0.618034,
      "y" : -0.309017,
      "z" : -0.809017
    }, {
      "x" : 0.809017,
      "y" : 0.0,
      "z" : -0.690983
    }, {
      "x" : 0.0,
      "y" : 0.690983,
      "z" : -0.809017
    }, {
      "x" : 0.309017,
      "y" : 0.809017,
      "z" : -0.618034
    }, {
      "x" : 0.618034,
      "y" : 0.309017,
      "z" : -0.809017
    }, {
      "x" : 0.309017,
      "y" : 0.19098301,
      "z" : -1.0
    }, {
      "x" : 1.0,
      "y" : 0.309017,
      "z" : -0.19098301
    }, {
      "x" : -0.309017,
      "y" : -0.809017,
      "z" : 0.618034
    }, {
      "x" : 0.0,
      "y" : -0.690983,
      "z" : 0.809017
    }, {
      "x" : 0.809017,
      "y" : 0.618034,
      "z" : -0.309017
    }, {
      "x" : 0.690983,
      "y" : 0.809017,
      "z" : 0.0
    }, {
      "x" : -0.690983,
      "y" : 0.809017,
      "z" : 0.0
    }, {
      "x" : -0.809017,
      "y" : 0.618034,
      "z" : 0.309017
    }, {
      "x" : -0.309017,
      "y" : 0.809017,
      "z" : 0.618034
    }, {
      "x" : -0.19098301,
      "y" : 1.0,
      "z" : 0.309017
    }, {
      "x" : 0.309017,
      "y" : -0.19098301,
      "z" : -1.0
    }, {
      "x" : 0.19098301,
      "y" : 1.0,
      "z" : 0.309017
    }, {
      "x" : 0.309017,
      "y" : 0.809017,
      "z" : 0.618034
    }, {
      "x" : -0.809017,
      "y" : -0.618034,
      "z" : 0.309017
    }, {
      "x" : -0.690983,
      "y" : -0.809017,
      "z" : 0.0
    }, {
      "x" : 0.0,
      "y" : 0.690983,
      "z" : 0.809017
    }, {
      "x" : 0.309017,
      "y" : -0.809017,
      "z" : -0.618034
    }, {
      "x" : 0.0,
      "y" : -0.690983,
      "z" : -0.809017
    }, {
      "x" : -1.0,
      "y" : 0.309017,
      "z" : 0.19098301
    }, {
      "x" : -0.809017,
      "y" : 0.0,
      "z" : 0.690983
    }, {
      "x" : -0.618034,
      "y" : 0.309017,
      "z" : 0.809017
    }, {
      "x" : 1.0,
      "y" : -0.309017,
      "z" : 0.19098301
    }, {
      "x" : -0.309017,
      "y" : -0.809017,
      "z" : -0.618034
    }, {
      "x" : -1.0,
      "y" : 0.309017,
      "z" : -0.19098301
    }, {
      "x" : -1.0,
      "y" : -0.309017,
      "z" : -0.19098301
    }, {
      "x" : -1.0,
      "y" : -0.309017,
      "z" : 0.19098301
    }, {
      "x" : 0.19098301,
      "y" : 1.0,
      "z" : -0.309017
    }, {
      "x" : -0.809017,
      "y" : 0.618034,
      "z" : -0.309017
    }, {
      "x" : -0.19098301,
      "y" : 1.0,
      "z" : -0.309017
    }, {
      "x" : -0.309017,
      "y" : 0.809017,
      "z" : -0.618034
    }, {
      "x" : -0.618034,
      "y" : -0.309017,
      "z" : 0.809017
    }, {
      "x" : 0.309017,
      "y" : 0.19098301,
      "z" : 1.0
    }, {
      "x" : -0.309017,
      "y" : 0.19098301,
      "z" : -1.0
    }, {
      "x" : -0.309017,
      "y" : 0.19098301,
      "z" : 1.0
    }, {
      "x" : -0.309017,
      "y" : -0.19098301,
      "z" : 1.0
    }, {
      "x" : 0.309017,
      "y" : -0.19098301,
      "z" : 1.0
    }, {
      "x" : 0.690983,
      "y" : -0.809017,
      "z" : 0.0
    }, {
      "x" : -0.809017,
      "y" : 0.0,
      "z" : -0.690983
    }, {
      "x" : -0.618034,
      "y" : -0.309017,
      "z" : -0.809017
    }, {
      "x" : -0.309017,
      "y" : -0.19098301,
      "z" : -1.0
    }, {
      "x" : -0.618034,
      "y" : 0.309017,
      "z" : -0.809017
    }, {
      "x" : -0.809017,
      "y" : -0.618034,
      "z" : -0.309017
    } ],
    "faces" : [ {
      "vertices" : [ 9, 40, 35, 34, 10 ]
    }, {
      "vertices" : [ 0, 1, 2 ]
    }, {
      "vertices" : [ 33, 51, 49 ]
    }, {
      "vertices" : [ 25, 36, 37, 38 ]
    }, {
      "vertices" : [ 41, 55, 42 ]
    }, {
      "vertices" : [ 9, 32, 59, 40 ]
    }, {
      "vertices" : [ 20, 21, 52, 48 ]
    }, {
      "vertices" : [ 26, 33, 30, 29, 27 ]
    }, {
      "vertices" : [ 3, 4, 5, 6 ]
    }, {
      "vertices" : [ 27, 29, 44, 46 ]
    }, {
      "vertices" : [ 50, 57, 56, 55, 58 ]
    }, {
      "vertices" : [ 26, 38, 51, 33 ]
    }, {
      "vertices" : [ 45, 47, 58 ]
    }, {
      "vertices" : [ 18, 28, 57, 50 ]
    }, {
      "vertices" : [ 40, 59, 56 ]
    }, {
      "vertices" : [ 31, 48, 37, 43 ]
    }, {
      "vertices" : [ 7, 8, 9, 10 ]
    }, {
      "vertices" : [ 36, 41, 42, 43 ]
    }, {
      "vertices" : [ 24, 46, 47, 45 ]
    }, {
      "vertices" : [ 4, 30, 5 ]
    }, {
      "vertices" : [ 15, 47, 46, 44, 16 ]
    }, {
      "vertices" : [ 15, 50, 58, 47 ]
    }, {
      "vertices" : [ 24, 45, 41, 36, 25 ]
    }, {
      "vertices" : [ 11, 14, 19 ]
    }, {
      "vertices" : [ 3, 6, 39 ]
    }, {
      "vertices" : [ 1, 39, 6, 2 ]
    }, {
      "vertices" : [ 8, 32, 9 ]
    }, {
      "vertices" : [ 11, 12, 13, 14 ]
    }, {
      "vertices" : [ 16, 22, 17 ]
    }, {
      "vertices" : [ 0, 21, 20, 8, 7 ]
    }, {
      "vertices" : [ 12, 34, 13 ]
    }, {
      "vertices" : [ 35, 40, 56, 57 ]
    }, {
      "vertices" : [ 0, 7, 54, 1 ]
    }, {
      "vertices" : [ 15, 16, 17, 18 ]
    }, {
      "vertices" : [ 3, 19, 22, 23, 4 ]
    }, {
      "vertices" : [ 7, 10, 54 ]
    }, {
      "vertices" : [ 41, 45, 58, 55 ]
    }, {
      "vertices" : [ 3, 39, 11, 19 ]
    }, {
      "vertices" : [ 14, 17, 22, 19 ]
    }, {
      "vertices" : [ 0, 2, 53, 21 ]
    }, {
      "vertices" : [ 49, 51, 52, 53 ]
    }, {
      "vertices" : [ 31, 43, 42, 59, 32 ]
    }, {
      "vertices" : [ 15, 18, 50 ]
    }, {
      "vertices" : [ 42, 55, 56, 59 ]
    }, {
      "vertices" : [ 4, 23, 29, 30 ]
    }, {
      "vertices" : [ 25, 38, 26 ]
    }, {
      "vertices" : [ 13, 28, 18, 17, 14 ]
    }, {
      "vertices" : [ 8, 20, 31, 32 ]
    }, {
      "vertices" : [ 23, 44, 29 ]
    }, {
      "vertices" : [ 24, 27, 46 ]
    }, {
      "vertices" : [ 37, 48, 52, 51, 38 ]
    }, {
      "vertices" : [ 20, 48, 31 ]
    }, {
      "vertices" : [ 24, 25, 26, 27 ]
    }, {
      "vertices" : [ 16, 44, 23, 22 ]
    }, {
      "vertices" : [ 13, 34, 35, 28 ]
    }, {
      "vertices" : [ 10, 34, 12, 54 ]
    }, {
      "vertices" : [ 2, 6, 5, 49, 53 ]
    }, {
      "vertices" : [ 36, 43, 37 ]
    }, {
      "vertices" : [ 5, 30, 33, 49 ]
    }, {
      "vertices" : [ 1, 54, 12, 11, 39 ]
    }, {
      "vertices" : [ 28, 35, 57 ]
    }, {
      "vertices" : [ 21, 53, 52 ]
    } ]
  }, {
    "id" : "89d24b04-ef03-4832-949e-5959d5d81eda",
    "orbit" : "blue",
    "orbitC" : "[[0,0,1],[0,0,1]]",
    "length" : "[1,1,1]",
    "name" : "b3",
    "vertices" : [ {
      "x" : 21.18034,
      "y" : 0.309017,
      "z" : 0.19098301
    }, {
      "x" : 21.18034,
      "y" : 0.309017,
      "z" : -0.19098301
    }, {
      "x" : 1.0,
      "y" : 0.309017,
      "z" : -0.19098301
    }, {
      "x" : 1.0,
      "y" : 0.309017,
      "z" : 0.19098301
    }, {
      "x" : 21.18034,
      "y" : -0.309017,
      "z" : 0.19098301
    }, {
      "x" : 1.0,
      "y" : -0.309017,
      "z" : 0.19098301
    }, {
      "x" : 1.0,
      "y" : -0.309017,
      "z" : -0.19098301
    }, {
      "x" : 21.18034,
      "y" : -0.309017,
      "z" : -0.19098301
    }, {
      "x" : 22.18034,
      "y" : 0.0,
      "z" : 0.0
    } ],
    "faces" : [ {
      "vertices" : [ 1, 7, 6, 2 ]
    }, {
      "vertices" : [ 0, 1, 2, 3 ]
    }, {
      "vertices" : [ 4, 5, 6, 7 ]
    }, {
      "vertices" : [ 0, 3, 5, 4 ]
    } ]
  }, {
    "id" : "e6f1cca6-b413-4cd5-9162-19e8da5654a5",
    "orbit" : "blue",
    "orbitC" : "[[0,0,1],[0,0,1]]",
    "length" : "[3,4,1]",
    "name" : " :3 +4*phi",
    "vertices" : [ {
      "x" : 79.24922,
      "y" : 0.309017,
      "z" : 0.19098301
    }, {
      "x" : 79.24922,
      "y" : 0.309017,
      "z" : -0.19098301
    }, {
      "x" : 1.0,
      "y" : 0.309017,
      "z" : -0.19098301
    }, {
      "x" : 1.0,
      "y" : 0.309017,
      "z" : 0.19098301
    }, {
      "x" : 79.24922,
      "y" : -0.309017,
      "z" : 0.19098301
    }, {
      "x" : 1.0,
      "y" : -0.309017,
      "z" : 0.19098301
    }, {
      "x" : 1.0,
      "y" : -0.309017,
      "z" : -0.19098301
    }, {
      "x" : 79.24922,
      "y" : -0.309017,
      "z" : -0.19098301
    }, {
      "x" : 80.24922,
      "y" : 0.0,
      "z" : 0.0
    } ],
    "faces" : [ {
      "vertices" : [ 1, 7, 6, 2 ]
    }, {
      "vertices" : [ 0, 1, 2, 3 ]
    }, {
      "vertices" : [ 4, 5, 6, 7 ]
    }, {
      "vertices" : [ 0, 3, 5, 4 ]
    } ]
  }, {
    "id" : "7c2cecb2-a2e0-4e1d-863a-cd5729111838",
    "orbit" : "blue",
    "orbitC" : "[[0,0,1],[0,0,1]]",
    "length" : "[5,5,1]",
    "name" : " :5 +5*phi",
    "vertices" : [ {
      "x" : 109.9017,
      "y" : 0.309017,
      "z" : 0.19098301
    }, {
      "x" : 109.9017,
      "y" : 0.309017,
      "z" : -0.19098301
    }, {
      "x" : 1.0,
      "y" : 0.309017,
      "z" : -0.19098301
    }, {
      "x" : 1.0,
      "y" : 0.309017,
      "z" : 0.19098301
    }, {
      "x" : 109.9017,
      "y" : -0.309017,
      "z" : 0.19098301
    }, {
      "x" : 1.0,
      "y" : -0.309017,
      "z" : 0.19098301
    }, {
      "x" : 1.0,
      "y" : -0.309017,
      "z" : -0.19098301
    }, {
      "x" : 109.9017,
      "y" : -0.309017,
      "z" : -0.19098301
    }, {
      "x" : 110.9017,
      "y" : 0.0,
      "z" : 0.0
    } ],
    "faces" : [ {
      "vertices" : [ 1, 7, 6, 2 ]
    }, {
      "vertices" : [ 0, 1, 2, 3 ]
    }, {
      "vertices" : [ 4, 5, 6, 7 ]
    }, {
      "vertices" : [ 0, 3, 5, 4 ]
    } ]
  }, {
    "id" : "42f80d99-6094-42c7-9c5d-5e8fc4b2ca82",
    "orbit" : "blue",
    "orbitC" : "[[0,0,1],[0,0,1]]",
    "length" : "[10,15,1]",
    "name" : " :10 +15*phi",
    "vertices" : [ {
      "x" : 289.34442,
      "y" : 0.309017,
      "z" : 0.19098301
    }, {
      "x" : 289.34442,
      "y" : 0.309017,
      "z" : -0.19098301
    }, {
      "x" : 1.0,
      "y" : 0.309017,
      "z" : -0.19098301
    }, {
      "x" : 1.0,
      "y" : 0.309017,
      "z" : 0.19098301
    }, {
      "x" : 289.34442,
      "y" : -0.309017,
      "z" : 0.19098301
    }, {
      "x" : 1.0,
      "y" : -0.309017,
      "z" : 0.19098301
    }, {
      "x" : 1.0,
      "y" : -0.309017,
      "z" : -0.19098301
    }, {
      "x" : 289.34442,
      "y" : -0.309017,
      "z" : -0.19098301
    }, {
      "x" : 290.34442,
      "y" : 0.0,
      "z" : 0.0
    } ],
    "faces" : [ {
      "vertices" : [ 1, 7, 6, 2 ]
    }, {
      "vertices" : [ 0, 1, 2, 3 ]
    }, {
      "vertices" : [ 4, 5, 6, 7 ]
    }, {
      "vertices" : [ 0, 3, 5, 4 ]
    } ]
  } ],
  "instances" : [ {
    "shape" : "dd5cf559-190a-4eba-93c6-11b001f9ef67",
    "color" : "#008EC2",
    "position" : {
      "x" : -40.12461,
      "y" : 81.867256,
      "z" : -132.464
    },
    "orientation" : 41
  }, {
    "shape" : "c72a7938-2570-44a0-bb37-ba46b9a58f96",
    "color" : "#008EC2",
    "position" : {
      "x" : -141.55417,
      "y" : 0.0,
      "z" : 0.0
    },
    "orientation" : 23
  }, {
    "shape" : "c72a7938-2570-44a0-bb37-ba46b9a58f96",
    "color" : "#008EC2",
    "position" : {
      "x" : -100.429565,
      "y" : 44.36068,
      "z" : -71.777084
    },
    "orientation" : 52
  }, {
    "shape" : "01ab88c7-e6f1-4862-9181-cc7763e948e9",
    "color" : "#008EC2",
    "position" : {
      "x" : 3.618034,
      "y" : -74.39512,
      "z" : 120.37383
    },
    "orientation" : 37
  }, {
    "shape" : "b1114970-9e0b-4783-93c5-95ddfa7d1297",
    "color" : "#F2F2F2",
    "position" : {
      "x" : 83.867256,
      "y" : -60.686916,
      "z" : 98.1935
    }
  }, {
    "shape" : "01ab88c7-e6f1-4862-9181-cc7763e948e9",
    "color" : "#008EC2",
    "position" : {
      "x" : -86.103325,
      "y" : 40.12461,
      "z" : -64.92299
    },
    "orientation" : 0
  }, {
    "shape" : "c72a7938-2570-44a0-bb37-ba46b9a58f96",
    "color" : "#008EC2",
    "position" : {
      "x" : -58.068882,
      "y" : 88.72136,
      "z" : -143.55417
    },
    "orientation" : 52
  }, {
    "shape" : "dd5cf559-190a-4eba-93c6-11b001f9ef67",
    "color" : "#008EC2",
    "position" : {
      "x" : -153.26237,
      "y" : -39.12461,
      "z" : 63.30495
    },
    "orientation" : 0
  }, {
    "shape" : "b1114970-9e0b-4783-93c5-95ddfa7d1297",
    "color" : "#F2F2F2",
    "position" : {
      "x" : -79.24922,
      "y" : -42.742645,
      "z" : 69.15905
    }
  }, {
    "shape" : "b1114970-9e0b-4783-93c5-95ddfa7d1297",
    "color" : "#F2F2F2",
    "position" : {
      "x" : -52.214783,
      "y" : 48.59675,
      "z" : -78.63119
    }
  }, {
    "shape" : "c72a7938-2570-44a0-bb37-ba46b9a58f96",
    "color" : "#008EC2",
    "position" : {
      "x" : -85.103325,
      "y" : 55.45085,
      "z" : -89.72136
    },
    "orientation" : 0
  }, {
    "shape" : "dd5cf559-190a-4eba-93c6-11b001f9ef67",
    "color" : "#008EC2",
    "position" : {
      "x" : -64.92299,
      "y" : 33.27051,
      "z" : -53.832817
    },
    "orientation" : 52
  }, {
    "shape" : "b1114970-9e0b-4783-93c5-95ddfa7d1297",
    "color" : "#F2F2F2",
    "position" : {
      "x" : -58.068882,
      "y" : 75.01315,
      "z" : -121.37383
    }
  }, {
    "shape" : "b1114970-9e0b-4783-93c5-95ddfa7d1297",
    "color" : "#F2F2F2",
    "position" : {
      "x" : -126.227936,
      "y" : 69.15905,
      "z" : -111.9017
    }
  }, {
    "shape" : "b1114970-9e0b-4783-93c5-95ddfa7d1297",
    "color" : "#F2F2F2",
    "position" : {
      "x" : -141.55417,
      "y" : 22.18034,
      "z" : -35.888542
    }
  }, {
    "shape" : "c72a7938-2570-44a0-bb37-ba46b9a58f96",
    "color" : "#008EC2",
    "position" : {
      "x" : -5.854102,
      "y" : -4.236068,
      "z" : 6.854102
    },
    "orientation" : 45
  }, {
    "shape" : "b1114970-9e0b-4783-93c5-95ddfa7d1297",
    "color" : "#F2F2F2",
    "position" : {
      "x" : -58.068882,
      "y" : 35.888542,
      "z" : -58.068882
    }
  }, {
    "shape" : "dd5cf559-190a-4eba-93c6-11b001f9ef67",
    "color" : "#008EC2",
    "position" : {
      "x" : -141.55417,
      "y" : -8.472136,
      "z" : 13.708204
    },
    "orientation" : 37
  }, {
    "shape" : "b1114970-9e0b-4783-93c5-95ddfa7d1297",
    "color" : "#F2F2F2",
    "position" : {
      "x" : -76.63119,
      "y" : -24.798374,
      "z" : 40.12461
    }
  }, {
    "shape" : "c72a7938-2570-44a0-bb37-ba46b9a58f96",
    "color" : "#008EC2",
    "position" : {
      "x" : -33.27051,
      "y" : 101.429565,
      "z" : -164.11649
    },
    "orientation" : 41
  }, {
    "shape" : "c72a7938-2570-44a0-bb37-ba46b9a58f96",
    "color" : "#008EC2",
    "position" : {
      "x" : -100.429565,
      "y" : 58.068882,
      "z" : -93.95743
    },
    "orientation" : 52
  }, {
    "shape" : "b1114970-9e0b-4783-93c5-95ddfa7d1297",
    "color" : "#F2F2F2",
    "position" : {
      "x" : -51.832817,
      "y" : -51.214783,
      "z" : 82.867256
    }
  }, {
    "shape" : "dd5cf559-190a-4eba-93c6-11b001f9ef67",
    "color" : "#008EC2",
    "position" : {
      "x" : 59.068882,
      "y" : -73.39512,
      "z" : 118.7558
    },
    "orientation" : 37
  }, {
    "shape" : "b1114970-9e0b-4783-93c5-95ddfa7d1297",
    "color" : "#F2F2F2",
    "position" : {
      "x" : 1.0,
      "y" : -51.214783,
      "z" : 82.867256
    }
  }, {
    "shape" : "dd5cf559-190a-4eba-93c6-11b001f9ef67",
    "color" : "#008EC2",
    "position" : {
      "x" : -40.12461,
      "y" : 81.867256,
      "z" : -132.464
    },
    "orientation" : 0
  }, {
    "shape" : "b1114970-9e0b-4783-93c5-95ddfa7d1297",
    "color" : "#F2F2F2",
    "position" : {
      "x" : -70.777084,
      "y" : 90.33939,
      "z" : -146.17221
    }
  }, {
    "shape" : "b1114970-9e0b-4783-93c5-95ddfa7d1297",
    "color" : "#F2F2F2",
    "position" : {
      "x" : -51.832817,
      "y" : -56.45085,
      "z" : 91.33939
    }
  }, {
    "shape" : "c72a7938-2570-44a0-bb37-ba46b9a58f96",
    "color" : "#008EC2",
    "position" : {
      "x" : -79.24922,
      "y" : 59.686916,
      "z" : -96.57546
    },
    "orientation" : 56
  }, {
    "shape" : "b1114970-9e0b-4783-93c5-95ddfa7d1297",
    "color" : "#F2F2F2",
    "position" : {
      "x" : 50.59675,
      "y" : -56.45085,
      "z" : 91.33939
    }
  }, {
    "shape" : "b1114970-9e0b-4783-93c5-95ddfa7d1297",
    "color" : "#F2F2F2",
    "position" : {
      "x" : -126.227936,
      "y" : 108.28367,
      "z" : -175.20665
    }
  }, {
    "shape" : "c72a7938-2570-44a0-bb37-ba46b9a58f96",
    "color" : "#008EC2",
    "position" : {
      "x" : -33.27051,
      "y" : -53.832817,
      "z" : 87.103325
    },
    "orientation" : 52
  }, {
    "shape" : "dd5cf559-190a-4eba-93c6-11b001f9ef67",
    "color" : "#008EC2",
    "position" : {
      "x" : -40.12461,
      "y" : 90.33939,
      "z" : -146.17221
    },
    "orientation" : 52
  }, {
    "shape" : "89d24b04-ef03-4832-949e-5959d5d81eda",
    "color" : "#008EC2",
    "position" : {
      "x" : -86.103325,
      "y" : 9.472136,
      "z" : -15.326238
    },
    "orientation" : 52
  }, {
    "shape" : "b1114970-9e0b-4783-93c5-95ddfa7d1297",
    "color" : "#F2F2F2",
    "position" : {
      "x" : -132.08205,
      "y" : -6.854102,
      "z" : 11.09017
    }
  }, {
    "shape" : "b1114970-9e0b-4783-93c5-95ddfa7d1297",
    "color" : "#F2F2F2",
    "position" : {
      "x" : -125.227936,
      "y" : 40.12461,
      "z" : -64.92299
    }
  }, {
    "shape" : "b1114970-9e0b-4783-93c5-95ddfa7d1297",
    "color" : "#F2F2F2",
    "position" : {
      "x" : 44.742645,
      "y" : -52.214783,
      "z" : 84.48529
    }
  }, {
    "shape" : "c72a7938-2570-44a0-bb37-ba46b9a58f96",
    "color" : "#008EC2",
    "position" : {
      "x" : -73.39512,
      "y" : 77.63119,
      "z" : -125.6099
    },
    "orientation" : 0
  }, {
    "shape" : "c72a7938-2570-44a0-bb37-ba46b9a58f96",
    "color" : "#008EC2",
    "position" : {
      "x" : -15.326238,
      "y" : 11.09017,
      "z" : -17.944271
    },
    "orientation" : 40
  }, {
    "shape" : "c72a7938-2570-44a0-bb37-ba46b9a58f96",
    "color" : "#008EC2",
    "position" : {
      "x" : 3.618034,
      "y" : -5.854102,
      "z" : 9.472136
    },
    "orientation" : 40
  }, {
    "shape" : "c72a7938-2570-44a0-bb37-ba46b9a58f96",
    "color" : "#008EC2",
    "position" : {
      "x" : -134.70007,
      "y" : 19.562305,
      "z" : -31.652475
    },
    "orientation" : 56
  }, {
    "shape" : "c72a7938-2570-44a0-bb37-ba46b9a58f96",
    "color" : "#008EC2",
    "position" : {
      "x" : -147.40828,
      "y" : 12.708204,
      "z" : -20.562305
    },
    "orientation" : 40
  }, {
    "shape" : "01ab88c7-e6f1-4862-9181-cc7763e948e9",
    "color" : "#008EC2",
    "position" : {
      "x" : -51.832817,
      "y" : -64.92299,
      "z" : 105.0476
    },
    "orientation" : 0
  }, {
    "shape" : "b1114970-9e0b-4783-93c5-95ddfa7d1297",
    "color" : "#F2F2F2",
    "position" : {
      "x" : -107.28367,
      "y" : 63.922985,
      "z" : -103.429565
    }
  }, {
    "shape" : "c72a7938-2570-44a0-bb37-ba46b9a58f96",
    "color" : "#008EC2",
    "position" : {
      "x" : -79.24922,
      "y" : 59.686916,
      "z" : -96.57546
    },
    "orientation" : 0
  }, {
    "shape" : "c72a7938-2570-44a0-bb37-ba46b9a58f96",
    "color" : "#008EC2",
    "position" : {
      "x" : -30.652475,
      "y" : 0.0,
      "z" : 0.0
    },
    "orientation" : 8
  }, {
    "shape" : "b1114970-9e0b-4783-93c5-95ddfa7d1297",
    "color" : "#F2F2F2",
    "position" : {
      "x" : 81.24922,
      "y" : -39.506577,
      "z" : 63.922985
    }
  }, {
    "shape" : "c72a7938-2570-44a0-bb37-ba46b9a58f96",
    "color" : "#008EC2",
    "position" : {
      "x" : -140.55417,
      "y" : -15.326238,
      "z" : 24.798374
    },
    "orientation" : 0
  }, {
    "shape" : "89d24b04-ef03-4832-949e-5959d5d81eda",
    "color" : "#008EC2",
    "position" : {
      "x" : -141.55417,
      "y" : 30.652475,
      "z" : -49.59675
    },
    "orientation" : 0
  }, {
    "shape" : "89d24b04-ef03-4832-949e-5959d5d81eda",
    "color" : "#008EC2",
    "position" : {
      "x" : -125.227936,
      "y" : -43.36068,
      "z" : 70.15905
    },
    "orientation" : 23
  }, {
    "shape" : "c72a7938-2570-44a0-bb37-ba46b9a58f96",
    "color" : "#008EC2",
    "position" : {
      "x" : -134.70007,
      "y" : -2.618034,
      "z" : 4.236068
    },
    "orientation" : 0
  }, {
    "shape" : "dd5cf559-190a-4eba-93c6-11b001f9ef67",
    "color" : "#008EC2",
    "position" : {
      "x" : -116.7558,
      "y" : 84.48529,
      "z" : -136.70007
    },
    "orientation" : 56
  }, {
    "shape" : "c72a7938-2570-44a0-bb37-ba46b9a58f96",
    "color" : "#008EC2",
    "position" : {
      "x" : -52.214783,
      "y" : 48.59675,
      "z" : -78.63119
    },
    "orientation" : 0
  }, {
    "shape" : "dd5cf559-190a-4eba-93c6-11b001f9ef67",
    "color" : "#008EC2",
    "position" : {
      "x" : -116.7558,
      "y" : 76.01315,
      "z" : -122.99187
    },
    "orientation" : 37
  }, {
    "shape" : "b1114970-9e0b-4783-93c5-95ddfa7d1297",
    "color" : "#F2F2F2",
    "position" : {
      "x" : -70.777084,
      "y" : -20.562305,
      "z" : 33.27051
    }
  }, {
    "shape" : "c72a7938-2570-44a0-bb37-ba46b9a58f96",
    "color" : "#008EC2",
    "position" : {
      "x" : -55.45085,
      "y" : 92.95743,
      "z" : -150.40828
    },
    "orientation" : 8
  }, {
    "shape" : "b1114970-9e0b-4783-93c5-95ddfa7d1297",
    "color" : "#F2F2F2",
    "position" : {
      "x" : 25.798374,
      "y" : -38.506577,
      "z" : 62.30495
    }
  }, {
    "shape" : "dd5cf559-190a-4eba-93c6-11b001f9ef67",
    "color" : "#008EC2",
    "position" : {
      "x" : -97.81153,
      "y" : -40.12461,
      "z" : 64.92299
    },
    "orientation" : 56
  }, {
    "shape" : "b1114970-9e0b-4783-93c5-95ddfa7d1297",
    "color" : "#F2F2F2",
    "position" : {
      "x" : -70.777084,
      "y" : 59.686916,
      "z" : -96.57546
    }
  }, {
    "shape" : "c72a7938-2570-44a0-bb37-ba46b9a58f96",
    "color" : "#008EC2",
    "position" : {
      "x" : -128.84598,
      "y" : 15.326238,
      "z" : -24.798374
    },
    "orientation" : 52
  }, {
    "shape" : "c72a7938-2570-44a0-bb37-ba46b9a58f96",
    "color" : "#008EC2",
    "position" : {
      "x" : -134.70007,
      "y" : 33.27051,
      "z" : -53.832817
    },
    "orientation" : 0
  }, {
    "shape" : "c72a7938-2570-44a0-bb37-ba46b9a58f96",
    "color" : "#008EC2",
    "position" : {
      "x" : 1.0,
      "y" : -45.978714,
      "z" : 74.39512
    },
    "orientation" : 56
  }, {
    "shape" : "dd5cf559-190a-4eba-93c6-11b001f9ef67",
    "color" : "#008EC2",
    "position" : {
      "x" : -122.6099,
      "y" : 71.777084,
      "z" : -116.137764
    },
    "orientation" : 41
  }, {
    "shape" : "c72a7938-2570-44a0-bb37-ba46b9a58f96",
    "color" : "#008EC2",
    "position" : {
      "x" : -94.57546,
      "y" : 62.30495,
      "z" : -100.81153
    },
    "orientation" : 0
  }, {
    "shape" : "c72a7938-2570-44a0-bb37-ba46b9a58f96",
    "color" : "#008EC2",
    "position" : {
      "x" : -36.506577,
      "y" : -62.30495,
      "z" : 100.81153
    },
    "orientation" : 23
  }, {
    "shape" : "b1114970-9e0b-4783-93c5-95ddfa7d1297",
    "color" : "#F2F2F2",
    "position" : {
      "x" : -21.18034,
      "y" : -64.92299,
      "z" : 105.0476
    }
  }, {
    "shape" : "c72a7938-2570-44a0-bb37-ba46b9a58f96",
    "color" : "#008EC2",
    "position" : {
      "x" : -115.7558,
      "y" : 36.506577,
      "z" : -59.068882
    },
    "orientation" : 0
  }, {
    "shape" : "dd5cf559-190a-4eba-93c6-11b001f9ef67",
    "color" : "#008EC2",
    "position" : {
      "x" : -55.45085,
      "y" : -9.472136,
      "z" : 15.326238
    },
    "orientation" : 37
  }, {
    "shape" : "dd5cf559-190a-4eba-93c6-11b001f9ef67",
    "color" : "#008EC2",
    "position" : {
      "x" : -34.27051,
      "y" : 24.798374,
      "z" : -40.12461
    },
    "orientation" : 37
  }, {
    "shape" : "b1114970-9e0b-4783-93c5-95ddfa7d1297",
    "color" : "#F2F2F2",
    "position" : {
      "x" : -155.88042,
      "y" : 12.708204,
      "z" : -20.562305
    }
  }, {
    "shape" : "01ab88c7-e6f1-4862-9181-cc7763e948e9",
    "color" : "#008EC2",
    "position" : {
      "x" : 68.54102,
      "y" : -49.59675,
      "z" : 80.24922
    },
    "orientation" : 40
  }, {
    "shape" : "dd5cf559-190a-4eba-93c6-11b001f9ef67",
    "color" : "#008EC2",
    "position" : {
      "x" : -55.45085,
      "y" : 70.777084,
      "z" : -114.51973
    },
    "orientation" : 0
  }, {
    "shape" : "b1114970-9e0b-4783-93c5-95ddfa7d1297",
    "color" : "#F2F2F2",
    "position" : {
      "x" : -150.0263,
      "y" : 80.24922,
      "z" : -129.84598
    }
  }, {
    "shape" : "c72a7938-2570-44a0-bb37-ba46b9a58f96",
    "color" : "#008EC2",
    "position" : {
      "x" : 44.742645,
      "y" : -33.27051,
      "z" : 53.832817
    },
    "orientation" : 41
  }, {
    "shape" : "dd5cf559-190a-4eba-93c6-11b001f9ef67",
    "color" : "#008EC2",
    "position" : {
      "x" : 37.888542,
      "y" : -35.888542,
      "z" : 58.068882
    },
    "orientation" : 56
  }, {
    "shape" : "c72a7938-2570-44a0-bb37-ba46b9a58f96",
    "color" : "#008EC2",
    "position" : {
      "x" : -153.26237,
      "y" : 0.0,
      "z" : 0.0
    },
    "orientation" : 55
  }, {
    "shape" : "b1114970-9e0b-4783-93c5-95ddfa7d1297",
    "color" : "#F2F2F2",
    "position" : {
      "x" : -82.48529,
      "y" : -51.214783,
      "z" : 82.867256
    }
  }, {
    "shape" : "c72a7938-2570-44a0-bb37-ba46b9a58f96",
    "color" : "#008EC2",
    "position" : {
      "x" : -52.214783,
      "y" : 70.777084,
      "z" : -114.51973
    },
    "orientation" : 52
  }, {
    "shape" : "c72a7938-2570-44a0-bb37-ba46b9a58f96",
    "color" : "#008EC2",
    "position" : {
      "x" : -52.214783,
      "y" : 40.12461,
      "z" : -64.92299
    },
    "orientation" : 0
  }, {
    "shape" : "dd5cf559-190a-4eba-93c6-11b001f9ef67",
    "color" : "#008EC2",
    "position" : {
      "x" : 83.867256,
      "y" : -38.506577,
      "z" : 62.30495
    },
    "orientation" : 41
  }, {
    "shape" : "c72a7938-2570-44a0-bb37-ba46b9a58f96",
    "color" : "#008EC2",
    "position" : {
      "x" : -70.777084,
      "y" : 68.15905,
      "z" : -110.28367
    },
    "orientation" : 8
  }, {
    "shape" : "c72a7938-2570-44a0-bb37-ba46b9a58f96",
    "color" : "#008EC2",
