{
  "polygons" : "true",
  "field" : "golden",
  "symmetry" : "icosahedral",
  "orientations" : [ [ 1.0, 0.0, 0.0, 0.0, 0.0, 1.0, 0.0, 0.0, 0.0, 0.0, 1.0, 0.0, 0.0, 0.0, 0.0, 1.0 ], [ 0.0, 0.0, 1.0, 0.0, 1.0, 0.0, 0.0, 0.0, 0.0, 1.0, 0.0, 0.0, 0.0, 0.0, 0.0, 1.0 ], [ 0.0, 1.0, 0.0, 0.0, 0.0, 0.0, 1.0, 0.0, 1.0, 0.0, 0.0, 0.0, 0.0, 0.0, 0.0, 1.0 ], [ 0.809017, 0.309017, 0.5, 0.0, 0.309017, 0.5, -0.809017, 0.0, -0.5, 0.809017, 0.309017, 0.0, 0.0, 0.0, 0.0, 1.0 ], [ -0.5, 0.809017, 0.309017, 0.0, 0.809017, 0.309017, 0.5, 0.0, 0.309017, 0.5, -0.809017, 0.0, 0.0, 0.0, 0.0, 1.0 ], [ 0.309017, 0.5, -0.809017, 0.0, -0.5, 0.809017, 0.309017, 0.0, 0.809017, 0.309017, 0.5, 0.0, 0.0, 0.0, 0.0, 1.0 ], [ 0.5, 0.809017, 0.309017, 0.0, 0.809017, -0.309017, -0.5, 0.0, -0.309017, 0.5, -0.809017, 0.0, 0.0, 0.0, 0.0, 1.0 ], [ -0.309017, 0.5, -0.809017, 0.0, 0.5, 0.809017, 0.309017, 0.0, 0.809017, -0.309017, -0.5, 0.0, 0.0, 0.0, 0.0, 1.0 ], [ 0.809017, -0.309017, -0.5, 0.0, -0.309017, 0.5, -0.809017, 0.0, 0.5, 0.809017, 0.309017, 0.0, 0.0, 0.0, 0.0, 1.0 ], [ 0.5, 0.809017, -0.309017, 0.0, 0.809017, -0.309017, 0.5, 0.0, 0.309017, -0.5, -0.809017, 0.0, 0.0, 0.0, 0.0, 1.0 ], [ 0.309017, -0.5, -0.809017, 0.0, 0.5, 0.809017, -0.309017, 0.0, 0.809017, -0.309017, 0.5, 0.0, 0.0, 0.0, 0.0, 1.0 ], [ 0.809017, -0.309017, 0.5, 0.0, 0.309017, -0.5, -0.809017, 0.0, 0.5, 0.809017, -0.309017, 0.0, 0.0, 0.0, 0.0, 1.0 ], [ 0.809017, 0.309017, -0.5, 0.0, 0.309017, 0.5, 0.809017, 0.0, 0.5, -0.809017, 0.309017, 0.0, 0.0, 0.0, 0.0, 1.0 ], [ 0.5, -0.809017, 0.309017, 0.0, 0.809017, 0.309017, -0.5, 0.0, 0.309017, 0.5, 0.809017, 0.0, 0.0, 0.0, 0.0, 1.0 ], [ 0.309017, 0.5, 0.809017, 0.0, 0.5, -0.809017, 0.309017, 0.0, 0.809017, 0.309017, -0.5, 0.0, 0.0, 0.0, 0.0, 1.0 ], [ 1.0, 0.0, 0.0, 0.0, 0.0, -1.0, 0.0, 0.0, 0.0, 0.0, -1.0, 0.0, 0.0, 0.0, 0.0, 1.0 ], [ 0.0, 0.0, 1.0, 0.0, -1.0, 0.0, 0.0, 0.0, 0.0, -1.0, 0.0, 0.0, 0.0, 0.0, 0.0, 1.0 ], [ 0.0, 1.0, 0.0, 0.0, 0.0, 0.0, -1.0, 0.0, -1.0, 0.0, 0.0, 0.0, 0.0, 0.0, 0.0, 1.0 ], [ 0.809017, 0.309017, 0.5, 0.0, -0.309017, -0.5, 0.809017, 0.0, 0.5, -0.809017, -0.309017, 0.0, 0.0, 0.0, 0.0, 1.0 ], [ -0.5, 0.809017, 0.309017, 0.0, -0.809017, -0.309017, -0.5, 0.0, -0.309017, -0.5, 0.809017, 0.0, 0.0, 0.0, 0.0, 1.0 ], [ 0.309017, 0.5, -0.809017, 0.0, 0.5, -0.809017, -0.309017, 0.0, -0.809017, -0.309017, -0.5, 0.0, 0.0, 0.0, 0.0, 1.0 ], [ 0.5, 0.809017, 0.309017, 0.0, -0.809017, 0.309017, 0.5, 0.0, 0.309017, -0.5, 0.809017, 0.0, 0.0, 0.0, 0.0, 1.0 ], [ -0.309017, 0.5, -0.809017, 0.0, -0.5, -0.809017, -0.309017, 0.0, -0.809017, 0.309017, 0.5, 0.0, 0.0, 0.0, 0.0, 1.0 ], [ 0.809017, -0.309017, -0.5, 0.0, 0.309017, -0.5, 0.809017, 0.0, -0.5, -0.809017, -0.309017, 0.0, 0.0, 0.0, 0.0, 1.0 ], [ 0.5, 0.809017, -0.309017, 0.0, -0.809017, 0.309017, -0.5, 0.0, -0.309017, 0.5, 0.809017, 0.0, 0.0, 0.0, 0.0, 1.0 ], [ 0.309017, -0.5, -0.809017, 0.0, -0.5, -0.809017, 0.309017, 0.0, -0.809017, 0.309017, -0.5, 0.0, 0.0, 0.0, 0.0, 1.0 ], [ 0.809017, -0.309017, 0.5, 0.0, -0.309017, 0.5, 0.809017, 0.0, -0.5, -0.809017, 0.309017, 0.0, 0.0, 0.0, 0.0, 1.0 ], [ 0.809017, 0.309017, -0.5, 0.0, -0.309017, -0.5, -0.809017, 0.0, -0.5, 0.809017, -0.309017, 0.0, 0.0, 0.0, 0.0, 1.0 ], [ 0.5, -0.809017, 0.309017, 0.0, -0.809017, -0.309017, 0.5, 0.0, -0.309017, -0.5, -0.809017, 0.0, 0.0, 0.0, 0.0, 1.0 ], [ 0.309017, 0.5, 0.809017, 0.0, -0.5, 0.809017, -0.309017, 0.0, -0.809017, -0.309017, 0.5, 0.0, 0.0, 0.0, 0.0, 1.0 ], [ -1.0, 0.0, 0.0, 0.0, 0.0, -1.0, 0.0, 0.0, 0.0, 0.0, 1.0, 0.0, 0.0, 0.0, 0.0, 1.0 ], [ 0.0, 0.0, -1.0, 0.0, -1.0, 0.0, 0.0, 0.0, 0.0, 1.0, 0.0, 0.0, 0.0, 0.0, 0.0, 1.0 ], [ 0.0, -1.0, 0.0, 0.0, 0.0, 0.0, -1.0, 0.0, 1.0, 0.0, 0.0, 0.0, 0.0, 0.0, 0.0, 1.0 ], [ -0.809017, -0.309017, -0.5, 0.0, -0.309017, -0.5, 0.809017, 0.0, -0.5, 0.809017, 0.309017, 0.0, 0.0, 0.0, 0.0, 1.0 ], [ 0.5, -0.809017, -0.309017, 0.0, -0.809017, -0.309017, -0.5, 0.0, 0.309017, 0.5, -0.809017, 0.0, 0.0, 0.0, 0.0, 1.0 ], [ -0.309017, -0.5, 0.809017, 0.0, 0.5, -0.809017, -0.309017, 0.0, 0.809017, 0.309017, 0.5, 0.0, 0.0, 0.0, 0.0, 1.0 ], [ -0.5, -0.809017, -0.309017, 0.0, -0.809017, 0.309017, 0.5, 0.0, -0.309017, 0.5, -0.809017, 0.0, 0.0, 0.0, 0.0, 1.0 ], [ 0.309017, -0.5, 0.809017, 0.0, -0.5, -0.809017, -0.309017, 0.0, 0.809017, -0.309017, -0.5, 0.0, 0.0, 0.0, 0.0, 1.0 ], [ -0.809017, 0.309017, 0.5, 0.0, 0.309017, -0.5, 0.809017, 0.0, 0.5, 0.809017, 0.309017, 0.0, 0.0, 0.0, 0.0, 1.0 ], [ -0.5, -0.809017, 0.309017, 0.0, -0.809017, 0.309017, -0.5, 0.0, 0.309017, -0.5, -0.809017, 0.0, 0.0, 0.0, 0.0, 1.0 ], [ -0.309017, 0.5, 0.809017, 0.0, -0.5, -0.809017, 0.309017, 0.0, 0.809017, -0.309017, 0.5, 0.0, 0.0, 0.0, 0.0, 1.0 ], [ -0.809017, 0.309017, -0.5, 0.0, -0.309017, 0.5, 0.809017, 0.0, 0.5, 0.809017, -0.309017, 0.0, 0.0, 0.0, 0.0, 1.0 ], [ -0.809017, -0.309017, 0.5, 0.0, -0.309017, -0.5, -0.809017, 0.0, 0.5, -0.809017, 0.309017, 0.0, 0.0, 0.0, 0.0, 1.0 ], [ -0.5, 0.809017, -0.309017, 0.0, -0.809017, -0.309017, 0.5, 0.0, 0.309017, 0.5, 0.809017, 0.0, 0.0, 0.0, 0.0, 1.0 ], [ -0.309017, -0.5, -0.809017, 0.0, -0.5, 0.809017, -0.309017, 0.0, 0.809017, 0.309017, -0.5, 0.0, 0.0, 0.0, 0.0, 1.0 ], [ -1.0, 0.0, 0.0, 0.0, 0.0, 1.0, 0.0, 0.0, 0.0, 0.0, -1.0, 0.0, 0.0, 0.0, 0.0, 1.0 ], [ 0.0, 0.0, -1.0, 0.0, 1.0, 0.0, 0.0, 0.0, 0.0, -1.0, 0.0, 0.0, 0.0, 0.0, 0.0, 1.0 ], [ 0.0, -1.0, 0.0, 0.0, 0.0, 0.0, 1.0, 0.0, -1.0, 0.0, 0.0, 0.0, 0.0, 0.0, 0.0, 1.0 ], [ -0.809017, -0.309017, -0.5, 0.0, 0.309017, 0.5, -0.809017, 0.0, 0.5, -0.809017, -0.309017, 0.0, 0.0, 0.0, 0.0, 1.0 ], [ 0.5, -0.809017, -0.309017, 0.0, 0.809017, 0.309017, 0.5, 0.0, -0.309017, -0.5, 0.809017, 0.0, 0.0, 0.0, 0.0, 1.0 ], [ -0.309017, -0.5, 0.809017, 0.0, -0.5, 0.809017, 0.309017, 0.0, -0.809017, -0.309017, -0.5, 0.0, 0.0, 0.0, 0.0, 1.0 ], [ -0.5, -0.809017, -0.309017, 0.0, 0.809017, -0.309017, -0.5, 0.0, 0.309017, -0.5, 0.809017, 0.0, 0.0, 0.0, 0.0, 1.0 ], [ 0.309017, -0.5, 0.809017, 0.0, 0.5, 0.809017, 0.309017, 0.0, -0.809017, 0.309017, 0.5, 0.0, 0.0, 0.0, 0.0, 1.0 ], [ -0.809017, 0.309017, 0.5, 0.0, -0.309017, 0.5, -0.809017, 0.0, -0.5, -0.809017, -0.309017, 0.0, 0.0, 0.0, 0.0, 1.0 ], [ -0.5, -0.809017, 0.309017, 0.0, 0.809017, -0.309017, 0.5, 0.0, -0.309017, 0.5, 0.809017, 0.0, 0.0, 0.0, 0.0, 1.0 ], [ -0.309017, 0.5, 0.809017, 0.0, 0.5, 0.809017, -0.309017, 0.0, -0.809017, 0.309017, -0.5, 0.0, 0.0, 0.0, 0.0, 1.0 ], [ -0.809017, 0.309017, -0.5, 0.0, 0.309017, -0.5, -0.809017, 0.0, -0.5, -0.809017, 0.309017, 0.0, 0.0, 0.0, 0.0, 1.0 ], [ -0.809017, -0.309017, 0.5, 0.0, 0.309017, 0.5, 0.809017, 0.0, -0.5, 0.809017, -0.309017, 0.0, 0.0, 0.0, 0.0, 1.0 ], [ -0.5, 0.809017, -0.309017, 0.0, 0.809017, 0.309017, -0.5, 0.0, -0.309017, -0.5, -0.809017, 0.0, 0.0, 0.0, 0.0, 1.0 ], [ -0.309017, -0.5, -0.809017, 0.0, 0.5, -0.809017, 0.309017, 0.0, -0.809017, -0.309017, 0.5, 0.0, 0.0, 0.0, 0.0, 1.0 ] ],
  "lights" : {
    "directionalLights" : [ {
      "direction" : [ 1.0, -1.0, -1.0 ],
      "color" : "#EBEBE4"
    }, {
      "direction" : [ -1.0, 0.0, 0.0 ],
      "color" : "#E4E4EB"
    }, {
      "direction" : [ 0.0, 0.0, -1.0 ],
      "color" : "#1E1E1E"
    } ],
    "ambientColor" : "#292929",
    "backgroundColor" : "#AFC8DC"
  },
  "camera" : {
    "width" : 202.42554,
    "position" : {
      "x" : -224.9172,
      "y" : 363.92368,
      "z" : 139.00648
    },
    "nearClipDistance" : 1.1245863,
    "perspective" : false,
    "fieldOfView" : 0.44262898,
    "viewDistance" : 449.8344,
    "upDirectionRV" : {
      "x" : 0.8506508,
      "y" : 0.5257311,
      "z" : 0.0,
      "zero" : false
    },
    "lookDirectionRV" : {
      "x" : 0.5,
      "y" : -0.809017,
      "z" : -0.309017,
      "zero" : false
    },
    "lookAtPointRV" : {
      "x" : 0.0,
      "y" : 0.0,
      "z" : 0.0,
      "zero" : true
    },
    "lookAtPoint" : {
      "x" : 0.0,
      "y" : 0.0,
      "z" : 0.0
    },
    "farClipDistance" : 899.6686,
    "lookDirection" : {
      "x" : 0.5,
      "y" : -0.809017,
      "z" : -0.309017
    },
    "upDirection" : {
      "x" : 0.8506508,
      "y" : 0.5257311,
      "z" : 0.0
    },
    "stereo" : false
  },
  "embedding" : [ 1.0, 0.0, 0.0, 0.0, 0.0, 1.0, 0.0, 0.0, 0.0, 0.0, 1.0, 0.0, 0.0, 0.0, 0.0, 1.0 ],
  "shapes" : [ {
    "id" : "54e952ae-0ec3-4d21-9f0d-0c6f872fa85b",
    "name" : "ball",
    "vertices" : [ {
      "x" : 0.309017,
      "y" : -0.809017,
      "z" : 0.618034
    }, {
      "x" : 0.809017,
      "y" : -0.618034,
      "z" : 0.309017
    }, {
      "x" : 0.618034,
      "y" : -0.309017,
      "z" : 0.809017
    }, {
      "x" : 1.0,
      "y" : 0.309017,
      "z" : 0.19098301
    }, {
      "x" : 0.809017,
      "y" : 0.618034,
      "z" : 0.309017
    }, {
      "x" : 0.618034,
      "y" : 0.309017,
      "z" : 0.809017
    }, {
      "x" : 0.809017,
      "y" : 0.0,
      "z" : 0.690983
    }, {
      "x" : 0.19098301,
      "y" : -1.0,
      "z" : 0.309017
    }, {
      "x" : -0.19098301,
      "y" : -1.0,
      "z" : 0.309017
    }, {
      "x" : -0.19098301,
      "y" : -1.0,
      "z" : -0.309017
    }, {
      "x" : 0.19098301,
      "y" : -1.0,
      "z" : -0.309017
    }, {
      "x" : 1.0,
      "y" : -0.309017,
      "z" : -0.19098301
    }, {
      "x" : 0.809017,
      "y" : -0.618034,
      "z" : -0.309017
    }, {
      "x" : 0.618034,
      "y" : -0.309017,
      "z" : -0.809017
    }, {
      "x" : 0.809017,
      "y" : 0.0,
      "z" : -0.690983
    }, {
      "x" : 0.0,
      "y" : 0.690983,
      "z" : -0.809017
    }, {
      "x" : 0.309017,
      "y" : 0.809017,
      "z" : -0.618034
    }, {
      "x" : 0.618034,
      "y" : 0.309017,
      "z" : -0.809017
    }, {
      "x" : 0.309017,
      "y" : 0.19098301,
      "z" : -1.0
    }, {
      "x" : 1.0,
      "y" : 0.309017,
      "z" : -0.19098301
    }, {
      "x" : -0.309017,
      "y" : -0.809017,
      "z" : 0.618034
    }, {
      "x" : 0.0,
      "y" : -0.690983,
      "z" : 0.809017
    }, {
      "x" : 0.809017,
      "y" : 0.618034,
      "z" : -0.309017
    }, {
      "x" : 0.690983,
      "y" : 0.809017,
      "z" : 0.0
    }, {
      "x" : -0.690983,
      "y" : 0.809017,
      "z" : 0.0
    }, {
      "x" : -0.809017,
      "y" : 0.618034,
      "z" : 0.309017
    }, {
      "x" : -0.309017,
      "y" : 0.809017,
      "z" : 0.618034
    }, {
      "x" : -0.19098301,
      "y" : 1.0,
      "z" : 0.309017
    }, {
      "x" : 0.309017,
      "y" : -0.19098301,
      "z" : -1.0
    }, {
      "x" : 0.19098301,
      "y" : 1.0,
      "z" : 0.309017
    }, {
      "x" : 0.309017,
      "y" : 0.809017,
      "z" : 0.618034
    }, {
      "x" : -0.809017,
      "y" : -0.618034,
      "z" : 0.309017
    }, {
      "x" : -0.690983,
      "y" : -0.809017,
      "z" : 0.0
    }, {
      "x" : 0.0,
      "y" : 0.690983,
      "z" : 0.809017
    }, {
      "x" : 0.309017,
      "y" : -0.809017,
      "z" : -0.618034
    }, {
      "x" : 0.0,
      "y" : -0.690983,
      "z" : -0.809017
    }, {
      "x" : -1.0,
      "y" : 0.309017,
      "z" : 0.19098301
    }, {
      "x" : -0.809017,
      "y" : 0.0,
      "z" : 0.690983
    }, {
      "x" : -0.618034,
      "y" : 0.309017,
      "z" : 0.809017
    }, {
      "x" : 1.0,
      "y" : -0.309017,
      "z" : 0.19098301
    }, {
      "x" : -0.309017,
      "y" : -0.809017,
      "z" : -0.618034
    }, {
      "x" : -1.0,
      "y" : 0.309017,
      "z" : -0.19098301
    }, {
      "x" : -1.0,
      "y" : -0.309017,
      "z" : -0.19098301
    }, {
      "x" : -1.0,
      "y" : -0.309017,
      "z" : 0.19098301
    }, {
      "x" : 0.19098301,
      "y" : 1.0,
      "z" : -0.309017
    }, {
      "x" : -0.809017,
      "y" : 0.618034,
      "z" : -0.309017
    }, {
      "x" : -0.19098301,
      "y" : 1.0,
      "z" : -0.309017
    }, {
      "x" : -0.309017,
      "y" : 0.809017,
      "z" : -0.618034
    }, {
      "x" : -0.618034,
      "y" : -0.309017,
      "z" : 0.809017
    }, {
      "x" : 0.309017,
      "y" : 0.19098301,
      "z" : 1.0
    }, {
      "x" : -0.309017,
      "y" : 0.19098301,
      "z" : -1.0
    }, {
      "x" : -0.309017,
      "y" : 0.19098301,
      "z" : 1.0
    }, {
      "x" : -0.309017,
      "y" : -0.19098301,
      "z" : 1.0
    }, {
      "x" : 0.309017,
      "y" : -0.19098301,
      "z" : 1.0
    }, {
      "x" : 0.690983,
      "y" : -0.809017,
      "z" : 0.0
    }, {
      "x" : -0.809017,
      "y" : 0.0,
      "z" : -0.690983
    }, {
      "x" : -0.618034,
      "y" : -0.309017,
      "z" : -0.809017
    }, {
      "x" : -0.309017,
      "y" : -0.19098301,
      "z" : -1.0
    }, {
      "x" : -0.618034,
      "y" : 0.309017,
      "z" : -0.809017
    }, {
      "x" : -0.809017,
      "y" : -0.618034,
      "z" : -0.309017
    } ],
    "faces" : [ {
      "vertices" : [ 9, 40, 35, 34, 10 ]
    }, {
      "vertices" : [ 0, 1, 2 ]
    }, {
      "vertices" : [ 33, 51, 49 ]
    }, {
      "vertices" : [ 25, 36, 37, 38 ]
    }, {
      "vertices" : [ 41, 55, 42 ]
    }, {
      "vertices" : [ 9, 32, 59, 40 ]
    }, {
      "vertices" : [ 20, 21, 52, 48 ]
    }, {
      "vertices" : [ 26, 33, 30, 29, 27 ]
    }, {
      "vertices" : [ 3, 4, 5, 6 ]
    }, {
      "vertices" : [ 27, 29, 44, 46 ]
    }, {
      "vertices" : [ 50, 57, 56, 55, 58 ]
    }, {
      "vertices" : [ 26, 38, 51, 33 ]
    }, {
      "vertices" : [ 45, 47, 58 ]
    }, {
      "vertices" : [ 18, 28, 57, 50 ]
    }, {
      "vertices" : [ 40, 59, 56 ]
    }, {
      "vertices" : [ 31, 48, 37, 43 ]
    }, {
      "vertices" : [ 7, 8, 9, 10 ]
    }, {
      "vertices" : [ 36, 41, 42, 43 ]
    }, {
      "vertices" : [ 24, 46, 47, 45 ]
    }, {
      "vertices" : [ 4, 30, 5 ]
    }, {
      "vertices" : [ 15, 47, 46, 44, 16 ]
    }, {
      "vertices" : [ 15, 50, 58, 47 ]
    }, {
      "vertices" : [ 24, 45, 41, 36, 25 ]
    }, {
      "vertices" : [ 11, 14, 19 ]
    }, {
      "vertices" : [ 3, 6, 39 ]
    }, {
      "vertices" : [ 1, 39, 6, 2 ]
    }, {
      "vertices" : [ 8, 32, 9 ]
    }, {
      "vertices" : [ 11, 12, 13, 14 ]
    }, {
      "vertices" : [ 16, 22, 17 ]
    }, {
      "vertices" : [ 0, 21, 20, 8, 7 ]
    }, {
      "vertices" : [ 12, 34, 13 ]
    }, {
      "vertices" : [ 35, 40, 56, 57 ]
    }, {
      "vertices" : [ 0, 7, 54, 1 ]
    }, {
      "vertices" : [ 15, 16, 17, 18 ]
    }, {
      "vertices" : [ 3, 19, 22, 23, 4 ]
    }, {
      "vertices" : [ 7, 10, 54 ]
    }, {
      "vertices" : [ 41, 45, 58, 55 ]
    }, {
      "vertices" : [ 3, 39, 11, 19 ]
    }, {
      "vertices" : [ 14, 17, 22, 19 ]
    }, {
      "vertices" : [ 0, 2, 53, 21 ]
    }, {
      "vertices" : [ 49, 51, 52, 53 ]
    }, {
      "vertices" : [ 31, 43, 42, 59, 32 ]
    }, {
      "vertices" : [ 15, 18, 50 ]
    }, {
      "vertices" : [ 42, 55, 56, 59 ]
    }, {
      "vertices" : [ 4, 23, 29, 30 ]
    }, {
      "vertices" : [ 25, 38, 26 ]
    }, {
      "vertices" : [ 13, 28, 18, 17, 14 ]
    }, {
      "vertices" : [ 8, 20, 31, 32 ]
    }, {
      "vertices" : [ 23, 44, 29 ]
    }, {
      "vertices" : [ 24, 27, 46 ]
    }, {
      "vertices" : [ 37, 48, 52, 51, 38 ]
    }, {
      "vertices" : [ 20, 48, 31 ]
    }, {
      "vertices" : [ 24, 25, 26, 27 ]
    }, {
      "vertices" : [ 16, 44, 23, 22 ]
    }, {
      "vertices" : [ 13, 34, 35, 28 ]
    }, {
      "vertices" : [ 10, 34, 12, 54 ]
    }, {
      "vertices" : [ 2, 6, 5, 49, 53 ]
    }, {
      "vertices" : [ 36, 43, 37 ]
    }, {
      "vertices" : [ 5, 30, 33, 49 ]
    }, {
      "vertices" : [ 1, 54, 12, 11, 39 ]
    }, {
      "vertices" : [ 28, 35, 57 ]
    }, {
      "vertices" : [ 21, 53, 52 ]
    } ]
  }, {
    "id" : "240b77d7-893d-416a-afc6-092f0cd855ca",
    "orbit" : "blue",
    "orbitC" : "[[0,0,1],[0,0,1]]",
    "length" : "[1,0,1]",
    "name" : "b1",
    "vertices" : [ {
      "x" : 7.472136,
      "y" : 0.309017,
      "z" : 0.19098301
    }, {
      "x" : 7.472136,
      "y" : 0.309017,
      "z" : -0.19098301
    }, {
      "x" : 1.0,
      "y" : 0.309017,
      "z" : -0.19098301
    }, {
      "x" : 1.0,
      "y" : 0.309017,
      "z" : 0.19098301
    }, {
      "x" : 7.472136,
      "y" : -0.309017,
      "z" : 0.19098301
    }, {
      "x" : 1.0,
      "y" : -0.309017,
      "z" : 0.19098301
    }, {
      "x" : 1.0,
      "y" : -0.309017,
      "z" : -0.19098301
    }, {
      "x" : 7.472136,
      "y" : -0.309017,
      "z" : -0.19098301
    }, {
      "x" : 8.472136,
      "y" : 0.0,
      "z" : 0.0
    } ],
    "faces" : [ {
      "vertices" : [ 1, 7, 6, 2 ]
    }, {
      "vertices" : [ 0, 1, 2, 3 ]
    }, {
      "vertices" : [ 4, 5, 6, 7 ]
    }, {
      "vertices" : [ 0, 3, 5, 4 ]
    } ]
  }, {
    "id" : "faa2647a-80f9-4072-ab34-11b365138795",
    "orbit" : "2",
    "orbitC" : "[[-8,5,1],[-11,7,1]]",
    "length" : "[1,0,1]",
    "name" : "short",
    "vertices" : [ {
      "x" : 3.281162,
      "y" : 7.0289907,
      "z" : 0.13333334
    }, {
      "x" : 3.3811622,
      "y" : 7.1289907,
      "z" : -0.26666668
    }, {
      "x" : 0.50769234,
      "y" : 0.548718,
      "z" : -0.13333334
    }, {
      "x" : 0.4076923,
      "y" : 0.44871795,
      "z" : 0.26666668
    }, {
      "x" : 3.681162,
      "y" : 6.8956575,
      "z" : -0.13333334
    }, {
      "x" : 3.581162,
      "y" : 6.7956576,
      "z" : 0.26666668
    }, {
      "x" : 0.10769231,
      "y" : 0.6820513,
      "z" : 0.13333334
    }, {
      "x" : 0.20769231,
      "y" : 0.78205127,
      "z" : -0.26666668
    } ],
    "faces" : [ {
      "vertices" : [ 2, 3, 6, 7 ]
    }, {
      "vertices" : [ 0, 5, 4, 1 ]
    }, {
      "vertices" : [ 2, 4, 5, 3 ]
    }, {
      "vertices" : [ 0, 6, 3, 5 ]
    }, {
      "vertices" : [ 0, 1, 7, 6 ]
    }, {
      "vertices" : [ 1, 4, 2, 7 ]
    } ]
  }, {
    "id" : "62390530-3c3d-4ab8-bdab-c4f6fe3e556d",
    "orbit" : "orange",
    "orbitC" : "[[-4,3,5],[3,-1,5]]",
    "length" : "[-2,2,1]",
    "name" : " :-2 +2*phi",
    "vertices" : [ {
      "x" : 1.0,
      "y" : -0.309017,
      "z" : -0.19098301
    }, {
      "x" : 0.809017,
      "y" : 0.0,
      "z" : -0.690983
    }, {
      "x" : 1.0,
      "y" : 0.309017,
      "z" : -0.19098301
    }, {
      "x" : 1.809017,
      "y" : 0.0,
      "z" : -0.309017
    }, {
      "x" : 1.618034,
      "y" : 0.309017,
      "z" : -0.809017
    }, {
      "x" : 2.0,
      "y" : 0.309017,
      "z" : -0.19098301
    }, {
      "x" : 1.809017,
      "y" : 0.618034,
      "z" : -0.690983
    }, {
      "x" : 7.663119,
      "y" : 1.0,
      "z" : -1.927051
    }, {
      "x" : 7.472136,
      "y" : 1.309017,
      "z" : -2.427051
    }, {
      "x" : 7.854102,
      "y" : 1.309017,
      "z" : -1.809017
    }, {
      "x" : 7.663119,
      "y" : 1.618034,
      "z" : -2.309017
    }, {
      "x" : 8.472136,
      "y" : 1.309017,
      "z" : -2.427051
    }, {
      "x" : 8.663119,
      "y" : 1.618034,
      "z" : -1.927051
    }, {
      "x" : 8.472136,
      "y" : 1.927051,
      "z" : -2.427051
    }, {
      "x" : 9.472136,
      "y" : 1.618034,
      "z" : -2.618034
    } ],
    "faces" : [ {
      "vertices" : [ 8, 13, 11 ]
    }, {
      "vertices" : [ 2, 5, 9, 10, 6 ]
    }, {
      "vertices" : [ 3, 4, 8, 11, 7 ]
    }, {
      "vertices" : [ 0, 2, 1 ]
    }, {
      "vertices" : [ 11, 13, 12 ]
    }, {
      "vertices" : [ 0, 5, 2 ]
    }, {
      "vertices" : [ 0, 3, 5 ]
    }, {
      "vertices" : [ 0, 1, 4, 3 ]
    }, {
      "vertices" : [ 1, 2, 6 ]
    }, {
      "vertices" : [ 1, 6, 4 ]
    }, {
      "vertices" : [ 9, 12, 13, 10 ]
    }, {
      "vertices" : [ 3, 7, 9, 5 ]
    }, {
      "vertices" : [ 7, 12, 9 ]
    }, {
      "vertices" : [ 4, 6, 10, 8 ]
    }, {
      "vertices" : [ 7, 11, 12 ]
    }, {
      "vertices" : [ 8, 10, 13 ]
    } ]
  }, {
    "id" : "6c4b545d-34c9-42d5-8b20-a7179d45680e",
    "orbit" : "0",
    "orbitC" : "[[-8,5,1],[0,0,1]]",
    "length" : "[0,1,1]",
    "name" : "medium",
    "vertices" : [ {
      "x" : -9.327076,
      "y" : -0.72599363,
      "z" : -0.26666668
    }, {
      "x" : -9.227077,
      "y" : -0.6259936,
      "z" : 0.13333334
    }, {
      "x" : -0.5922732,
      "y" : -0.16843356,
      "z" : 0.26666668
    }, {
      "x" : -0.6922732,
      "y" : -0.26843357,
      "z" : -0.13333334
    }, {
      "x" : -8.993743,
      "y" : -0.9259936,
      "z" : 0.26666668
    }, {
      "x" : -9.093743,
      "y" : -1.0259936,
      "z" : -0.13333334
    }, {
      "x" : -0.92560655,
      "y" : 0.031566434,
      "z" : -0.26666668
    }, {
      "x" : -0.8256065,
      "y" : 0.13156644,
      "z" : 0.13333334
    } ],
    "faces" : [ {
      "vertices" : [ 2, 3, 6, 7 ]
    }, {
      "vertices" : [ 0, 5, 4, 1 ]
    }, {
      "vertices" : [ 2, 4, 5, 3 ]
    }, {
      "vertices" : [ 0, 6, 3, 5 ]
    }, {
      "vertices" : [ 0, 1, 7, 6 ]
    }, {
      "vertices" : [ 1, 4, 2, 7 ]
    } ]
  }, {
    "id" : "56bb144b-8677-4cf9-8250-3d696212f86f",
    "orbit" : "1",
    "orbitC" : "[[0,0,1],[-8,5,1]]",
    "length" : "[1,0,1]",
    "name" : "short",
    "vertices" : [ {
      "x" : -5.80168,
      "y" : 2.55084,
      "z" : 3.7936983
    }, {
      "x" : -5.70168,
      "y" : 2.95084,
      "z" : 3.6936984
    }, {
      "x" : -0.32881522,
      "y" : 0.51440763,
      "z" : 0.44236955
    }, {
      "x" : -0.42881522,
      "y" : 0.11440761,
      "z" : 0.54236954
    }, {
      "x" : -5.4683466,
      "y" : 3.0841732,
      "z" : 3.9936984
    }, {
      "x" : -5.5683465,
      "y" : 2.6841733,
      "z" : 4.0936985
    }, {
      "x" : -0.66214854,
      "y" : -0.018925725,
      "z" : 0.24236956
    }, {
      "x" : -0.5621486,
      "y" : 0.38107428,
      "z" : 0.14236957
    } ],
    "faces" : [ {
      "vertices" : [ 2, 3, 6, 7 ]
    }, {
      "vertices" : [ 0, 5, 4, 1 ]
    }, {
      "vertices" : [ 2, 4, 5, 3 ]
    }, {
      "vertices" : [ 0, 6, 3, 5 ]
    }, {
      "vertices" : [ 0, 1, 7, 6 ]
    }, {
      "vertices" : [ 1, 4, 2, 7 ]
    } ]
  }, {
    "id" : "02c813e3-4599-4a9d-8675-850f92905eb4",
    "orbit" : "red",
    "orbitC" : "[[-1,1,1],[0,0,1]]",
    "length" : "[1,0,1]",
    "name" : "r1",
    "vertices" : [ {
      "x" : 2.618034,
      "y" : 1.736068,
      "z" : 0.309017
    }, {
      "x" : 4.236068,
      "y" : 2.5,
      "z" : 0.309017
    }, {
      "x" : 4.045085,
      "y" : 2.809017,
      "z" : 0.19098301
    }, {
      "x" : 0.809017,
      "y" : 0.618034,
      "z" : -0.309017
    }, {
      "x" : 0.690983,
      "y" : 0.809017,
      "z" : 0.0
    }, {
      "x" : 2.5,
      "y" : 1.927051,
      "z" : 0.0
    }, {
      "x" : 2.618034,
      "y" : 1.736068,
      "z" : -0.309017
    }, {
      "x" : 6.045085,
      "y" : 3.618034,
      "z" : 0.309017
    }, {
      "x" : 2.809017,
      "y" : 1.427051,
      "z" : 0.19098301
    }, {
      "x" : 2.809017,
      "y" : 1.427051,
      "z" : -0.19098301
    }, {
      "x" : 4.354102,
      "y" : 2.309017,
      "z" : 0.0
    }, {
      "x" : 4.236068,
      "y" : 2.5,
      "z" : -0.309017
    }, {
      "x" : 6.163119,
      "y" : 3.427051,
      "z" : 0.0
    }, {
      "x" : 1.0,
      "y" : 0.309017,
      "z" : 0.19098301
    }, {
      "x" : 1.0,
      "y" : 0.309017,
      "z" : -0.19098301
    }, {
      "x" : 0.809017,
      "y" : 0.618034,
      "z" : 0.309017
    }, {
      "x" : 5.854102,
      "y" : 3.927051,
      "z" : 0.19098301
    }, {
      "x" : 6.045085,
      "y" : 3.618034,
      "z" : -0.309017
    }, {
      "x" : 5.854102,
      "y" : 3.927051,
      "z" : -0.19098301
    }, {
      "x" : 6.854102,
      "y" : 4.236068,
      "z" : 0.0
    }, {
      "x" : 4.045085,
      "y" : 2.809017,
      "z" : -0.19098301
    } ],
    "faces" : [ {
      "vertices" : [ 3, 6, 9, 14 ]
    }, {
      "vertices" : [ 11, 20, 18, 17 ]
    }, {
      "vertices" : [ 0, 1, 2 ]
    }, {
      "vertices" : [ 0, 15, 13, 8 ]
    }, {
      "vertices" : [ 6, 20, 11 ]
    }, {
      "vertices" : [ 0, 2, 5 ]
    }, {
      "vertices" : [ 0, 8, 1 ]
    }, {
      "vertices" : [ 8, 13, 14, 9 ]
    }, {
      "vertices" : [ 3, 4, 5, 6 ]
    }, {
      "vertices" : [ 10, 11, 17, 12 ]
    }, {
      "vertices" : [ 1, 8, 10 ]
    }, {
      "vertices" : [ 0, 5, 4, 15 ]
    }, {
      "vertices" : [ 2, 16, 18, 20 ]
    }, {
      "vertices" : [ 1, 7, 16, 2 ]
    }, {
      "vertices" : [ 6, 11, 9 ]
    }, {
      "vertices" : [ 8, 9, 10 ]
    }, {
      "vertices" : [ 2, 20, 5 ]
    }, {
      "vertices" : [ 9, 11, 10 ]
    }, {
      "vertices" : [ 1, 10, 12, 7 ]
    }, {
      "vertices" : [ 5, 20, 6 ]
    } ]
  }, {
    "id" : "921d2e7b-9486-4594-8892-9a588d0bf84a",
    "orbit" : "3",
    "orbitC" : "[[1,0,2],[0,0,1]]",
    "length" : "[1,0,1]",
    "name" : "short",
    "vertices" : [ {
      "x" : 4.463249,
      "y" : 0.14480127,
      "z" : 6.4729223
    }, {
      "x" : 4.3632493,
      "y" : 0.5448013,
      "z" : 6.372922
    }, {
      "x" : 0.49642542,
      "y" : 0.30241233,
      "z" : 0.3811798
    }, {
      "x" : 0.5964254,
      "y" : -0.097587675,
      "z" : 0.4811798
    }, {
      "x" : 4.6632495,
      "y" : 0.6781346,
      "z" : 6.139589
    }, {
      "x" : 4.7632494,
      "y" : 0.2781346,
      "z" : 6.2395887
    }, {
      "x" : 0.29642543,
      "y" : -0.230921,
      "z" : 0.7145131
    }, {
      "x" : 0.19642544,
      "y" : 0.16907899,
      "z" : 0.61451316
    } ],
    "faces" : [ {
      "vertices" : [ 2, 3, 6, 7 ]
    }, {
      "vertices" : [ 0, 5, 4, 1 ]
    }, {
      "vertices" : [ 2, 4, 5, 3 ]
    }, {
      "vertices" : [ 0, 6, 3, 5 ]
    }, {
      "vertices" : [ 0, 1, 7, 6 ]
    }, {
      "vertices" : [ 1, 4, 2, 7 ]
    } ]
  } ],
  "instances" : [ {
    "shape" : "54e952ae-0ec3-4d21-9f0d-0c6f872fa85b",
    "color" : "#F2F2F2",
    "position" : {
      "x" : 46.36068,
      "y" : 20.18034,
      "z" : 0.0
    }
  }, {
    "shape" : "240b77d7-893d-416a-afc6-092f0cd855ca",
    "color" : "#008EC2",
    "position" : {
      "x" : -30.034441,
      "y" : -7.472136,
      "z" : -6.854102
    },
    "orientation" : 9
  }, {
    "shape" : "54e952ae-0ec3-4d21-9f0d-0c6f872fa85b",
    "color" : "#F2F2F2",
    "position" : {
      "x" : -34.5469,
      "y" : -30.823296,
      "z" : -11.09017
    }
  }, {
    "shape" : "54e952ae-0ec3-4d21-9f0d-0c6f872fa85b",
    "color" : "#F2F2F2",
    "position" : {
      "x" : 14.8790245,
      "y" : 6.5777087,
      "z" : -6.854102
    }
  }, {
    "shape" : "faa2647a-80f9-4072-ab34-11b365138795",
    "color" : "#B0E0E6",
    "position" : {
      "x" : 22.456734,
      "y" : 2.7888544,
      "z" : -6.854102
    },
    "orientation" : 6
  }, {
    "shape" : "240b77d7-893d-416a-afc6-092f0cd855ca",
    "color" : "#008EC2",
    "position" : {
      "x" : -8.748529,
      "y" : -2.7888544,
      "z" : 6.854102
    },
    "orientation" : 24
  }, {
    "shape" : "54e952ae-0ec3-4d21-9f0d-0c6f872fa85b",
    "color" : "#F2F2F2",
    "position" : {
      "x" : 24.35116,
      "y" : 21.903946,
      "z" : -4.236068
    }
  }, {
    "shape" : "54e952ae-0ec3-4d21-9f0d-0c6f872fa85b",
    "color" : "#F2F2F2",
    "position" : {
      "x" : -32.652477,
      "y" : -11.708204,
      "z" : 0.0
    }
  }, {
    "shape" : "62390530-3c3d-4ab8-bdab-c4f6fe3e556d",
    "color" : "#EB5200",
    "position" : {
      "x" : -13.984597,
      "y" : -11.26099,
      "z" : 6.854102
    },
    "orientation" : 6
  }, {
    "shape" : "240b77d7-893d-416a-afc6-092f0cd855ca",
    "color" : "#008EC2",
    "position" : {
      "x" : 8.024922,
      "y" : 2.3416407,
      "z" : -6.854102
    },
    "orientation" : 51
  }, {
    "shape" : "54e952ae-0ec3-4d21-9f0d-0c6f872fa85b",
    "color" : "#F2F2F2",
    "position" : {
      "x" : -11.366563,
      "y" : -15.497058,
      "z" : 0.0
    }
  }, {
    "shape" : "6c4b545d-34c9-42d5-8b20-a7179d45680e",
    "color" : "#FFFFFF",
    "position" : {
      "x" : 1.1708204,
      "y" : -1.8944272,
      "z" : 6.854102
    },
    "orientation" : 0
  }, {
    "shape" : "54e952ae-0ec3-4d21-9f0d-0c6f872fa85b",
    "color" : "#F2F2F2",
    "position" : {
      "x" : 3.7888544,
      "y" : 9.195743,
      "z" : 4.236068
    }
  }, {
    "shape" : "faa2647a-80f9-4072-ab34-11b365138795",
    "color" : "#B0E0E6",
    "position" : {
      "x" : 15.602632,
      "y" : 13.8790245,
      "z" : 11.09017
    },
    "orientation" : 0
  }, {
    "shape" : "56bb144b-8677-4cf9-8250-3d696212f86f",
    "color" : "#FFFFFF",
    "position" : {
      "x" : -18.220665,
      "y" : -19.733126,
      "z" : 0.0
    },
    "orientation" : 30
  }, {
    "shape" : "6c4b545d-34c9-42d5-8b20-a7179d45680e",
    "color" : "#FFFFFF",
    "position" : {
      "x" : 33.823296,
      "y" : 23.52198,
      "z" : -6.854102
    },
    "orientation" : 30
  }, {
    "shape" : "54e952ae-0ec3-4d21-9f0d-0c6f872fa85b",
    "color" : "#F2F2F2",
    "position" : {
      "x" : -0.4472136,
      "y" : 9.195743,
      "z" : 11.09017
    }
  }, {
    "shape" : "240b77d7-893d-416a-afc6-092f0cd855ca",
    "color" : "#008EC2",
    "position" : {
      "x" : 21.733126,
      "y" : 10.813777,
      "z" : -6.854102
    },
    "orientation" : 51
  }, {
    "shape" : "240b77d7-893d-416a-afc6-092f0cd855ca",
    "color" : "#008EC2",
    "position" : {
      "x" : 39.506577,
      "y" : 31.27051,
      "z" : 4.236068
    },
    "orientation" : 47
  }, {
    "shape" : "240b77d7-893d-416a-afc6-092f0cd855ca",
    "color" : "#008EC2",
    "position" : {
      "x" : -25.798374,
      "y" : -22.798374,
      "z" : -4.236068
    },
    "orientation" : 8
  }, {
    "shape" : "54e952ae-0ec3-4d21-9f0d-0c6f872fa85b",
    "color" : "#F2F2F2",
    "position" : {
      "x" : -41.401005,
      "y" : -28.205263,
      "z" : 6.854102
    }
  }, {
    "shape" : "02c813e3-4599-4a9d-8675-850f92905eb4",
    "color" : "#D91218",
    "position" : {
      "x" : -13.984597,
      "y" : -11.26099,
      "z" : -6.854102
    },
    "orientation" : 30
  }, {
    "shape" : "54e952ae-0ec3-4d21-9f0d-0c6f872fa85b",
    "color" : "#F2F2F2",
    "position" : {
      "x" : -38.78297,
      "y" : -17.115093,
      "z" : -4.236068
    }
  }, {
    "shape" : "240b77d7-893d-416a-afc6-092f0cd855ca",
    "color" : "#008EC2",
    "position" : {
      "x" : -31.92887,
      "y" : -35.059364,
      "z" : 4.236068
    },
    "orientation" : 47
  }, {
    "shape" : "6c4b545d-34c9-42d5-8b20-a7179d45680e",
    "color" : "#FFFFFF",
    "position" : {
      "x" : -11.366563,
      "y" : 1.4472136,
      "z" : 0.0
    },
    "orientation" : 42
  }, {
    "shape" : "921d2e7b-9486-4594-8892-9a588d0bf84a",
    "color" : "#B8860B",
    "position" : {
      "x" : 10.642957,
      "y" : 13.43181,
      "z" : -4.236068
    },
    "orientation" : 12
  }, {
    "shape" : "56bb144b-8677-4cf9-8250-3d696212f86f",
    "color" : "#FFFFFF",
    "position" : {
      "x" : -20.8387,
      "y" : -15.497058,
      "z" : -6.854102
    },
    "orientation" : 42
  }, {
    "shape" : "240b77d7-893d-416a-afc6-092f0cd855ca",
    "color" : "#008EC2",
    "position" : {
      "x" : -25.798374,
      "y" : -22.798374,
      "z" : 4.236068
    },
    "orientation" : 10
  }, {
    "shape" : "240b77d7-893d-416a-afc6-092f0cd855ca",
    "color" : "#008EC2",
    "position" : {
      "x" : 17.497059,
      "y" : 2.3416407,
      "z" : 0.0
    },
    "orientation" : 7
  }, {
    "shape" : "62390530-3c3d-4ab8-bdab-c4f6fe3e556d",
    "color" : "#EB5200",
    "position" : {
      "x" : 31.205263,
      "y" : 27.758049,
      "z" : 0.0
    },
    "orientation" : 33
  }, {
    "shape" : "56bb144b-8677-4cf9-8250-3d696212f86f",
    "color" : "#FFFFFF",
    "position" : {
      "x" : 19.391485,
      "y" : 21.456734,
      "z" : 11.09017
    },
    "orientation" : 9
  }, {
    "shape" : "240b77d7-893d-416a-afc6-092f0cd855ca",
    "color" : "#008EC2",
    "position" : {
      "x" : -18.944271,
      "y" : -25.416409,
      "z" : 0.0
    },
    "orientation" : 11
  }, {
    "shape" : "54e952ae-0ec3-4d21-9f0d-0c6f872fa85b",
    "color" : "#F2F2F2",
    "position" : {
      "x" : -34.5469,
      "y" : -23.969194,
      "z" : -6.854102
    }
  }, {
    "shape" : "54e952ae-0ec3-4d21-9f0d-0c6f872fa85b",
    "color" : "#F2F2F2",
    "position" : {
      "x" : 17.497059,
      "y" : 17.66788,
      "z" : 4.236068
    }
  }, {
    "shape" : "6c4b545d-34c9-42d5-8b20-a7179d45680e",
    "color" : "#FFFFFF",
    "position" : {
      "x" : 38.059364,
      "y" : 16.66788,
      "z" : 4.236068
    },
    "orientation" : 42
  }, {
    "shape" : "02c813e3-4599-4a9d-8675-850f92905eb4",
    "color" : "#D91218",
    "position" : {
      "x" : 24.35116,
      "y" : 21.903946,
      "z" : -4.236068
    },
    "orientation" : 30
  }, {
    "shape" : "02c813e3-4599-4a9d-8675-850f92905eb4",
    "color" : "#D91218",
    "position" : {
      "x" : -45.637074,
      "y" : -21.35116,
      "z" : 4.236068
    },
    "orientation" : 0
  }, {
    "shape" : "54e952ae-0ec3-4d21-9f0d-0c6f872fa85b",
    "color" : "#F2F2F2",
    "position" : {
      "x" : -0.4472136,
      "y" : 9.195743,
      "z" : -11.09017
    }
  }, {
    "shape" : "56bb144b-8677-4cf9-8250-3d696212f86f",
    "color" : "#FFFFFF",
    "position" : {
      "x" : -25.074766,
      "y" : -8.642957,
      "z" : -4.236068
    },
    "orientation" : 39
  }, {
    "shape" : "240b77d7-893d-416a-afc6-092f0cd855ca",
    "color" : "#008EC2",
    "position" : {
      "x" : 10.642957,
      "y" : 13.43181,
      "z" : 4.236068
    },
    "orientation" : 40
  }, {
    "shape" : "54e952ae-0ec3-4d21-9f0d-0c6f872fa85b",
    "color" : "#F2F2F2",
    "position" : {
      "x" : -25.798374,
      "y" : -22.798374,
      "z" : -4.236068
    }
  }, {
    "shape" : "54e952ae-0ec3-4d21-9f0d-0c6f872fa85b",
    "color" : "#F2F2F2",
    "position" : {
      "x" : 10.642957,
      "y" : 13.43181,
      "z" : 4.236068
    }
  }, {
    "shape" : "54e952ae-0ec3-4d21-9f0d-0c6f872fa85b",
    "color" : "#F2F2F2",
    "position" : {
      "x" : 38.059364,
      "y" : 16.66788,
      "z" : -4.236068
    }
  }, {
    "shape" : "54e952ae-0ec3-4d21-9f0d-0c6f872fa85b",
    "color" : "#F2F2F2",
    "position" : {
      "x" : 30.481655,
      "y" : 3.5124612,
      "z" : 4.236068
    }
  }, {
    "shape" : "56bb144b-8677-4cf9-8250-3d696212f86f",
    "color" : "#FFFFFF",
    "position" : {
      "x" : 23.627554,
      "y" : 14.602632,
      "z" : 13.708204
    },
    "orientation" : 9
  }, {
    "shape" : "54e952ae-0ec3-4d21-9f0d-0c6f872fa85b",
    "color" : "#F2F2F2",
    "position" : {
      "x" : -26.52198,
      "y" : -30.09969,
      "z" : 0.0
    }
  }, {
    "shape" : "240b77d7-893d-416a-afc6-092f0cd855ca",
    "color" : "#008EC2",
    "position" : {
      "x" : -12.09017,
      "y" : -22.798374,
      "z" : -4.236068
    },
    "orientation" : 55
  }, {
    "shape" : "240b77d7-893d-416a-afc6-092f0cd855ca",
    "color" : "#008EC2",
    "position" : {
      "x" : -43.01904,
      "y" : -17.115093,
      "z" : -11.09017
    },
    "orientation" : 7
  }, {
    "shape" : "54e952ae-0ec3-4d21-9f0d-0c6f872fa85b",
    "color" : "#F2F2F2",
    "position" : {
      "x" : -4.512461,
      "y" : -9.642957,
      "z" : -4.236068
    }
  }, {
    "shape" : "54e952ae-0ec3-4d21-9f0d-0c6f872fa85b",
    "color" : "#F2F2F2",
    "position" : {
      "x" : 3.7888544,
      "y" : -6.130495,
      "z" : 0.0
    }
  }, {
    "shape" : "921d2e7b-9486-4594-8892-9a588d0bf84a",
    "color" : "#B8860B",
    "position" : {
      "x" : 17.497059,
      "y" : 2.3416407,
      "z" : 0.0
    },
    "orientation" : 0
  }, {
    "shape" : "54e952ae-0ec3-4d21-9f0d-0c6f872fa85b",
    "color" : "#F2F2F2",
    "position" : {
      "x" : -38.78297,
      "y" : -32.44133,
      "z" : 0.0
    }
  }, {
    "shape" : "62390530-3c3d-4ab8-bdab-c4f6fe3e556d",
    "color" : "#EB5200",
    "position" : {
      "x" : 24.35116,
      "y" : 21.903946,
      "z" : 4.236068
    },
    "orientation" : 12
  }, {
    "shape" : "240b77d7-893d-416a-afc6-092f0cd855ca",
    "color" : "#008EC2",
    "position" : {
      "x" : 14.8790245,
      "y" : -1.8944272,
      "z" : 6.854102
    },
    "orientation" : 41
  }, {
    "shape" : "240b77d7-893d-416a-afc6-092f0cd855ca",
    "color" : "#008EC2",
    "position" : {
      "x" : 10.642957,
      "y" : -8.748529,
      "z" : -4.236068
    },
    "orientation" : 2
  }, {
    "shape" : "54e952ae-0ec3-4d21-9f0d-0c6f872fa85b",
    "color" : "#F2F2F2",
    "position" : {
      "x" : 43.742645,
      "y" : 24.416409,
      "z" : 6.854102
    }
  }, {
    "shape" : "240b77d7-893d-416a-afc6-092f0cd855ca",
    "color" : "#008EC2",
    "position" : {
      "x" : 14.8790245,
      "y" : -1.8944272,
      "z" : 6.854102
    },
    "orientation" : 36
  }, {
    "shape" : "54e952ae-0ec3-4d21-9f0d-0c6f872fa85b",
    "color" : "#F2F2F2",
    "position" : {
      "x" : -18.220665,
      "y" : -4.4068885,
      "z" : -4.236068
    }
  }, {
    "shape" : "54e952ae-0ec3-4d21-9f0d-0c6f872fa85b",
    "color" : "#F2F2F2",
    "position" : {
      "x" : 21.733126,
      "y" : 10.813777,
      "z" : 6.854102
    }
  }, {
    "shape" : "56bb144b-8677-4cf9-8250-3d696212f86f",
    "color" : "#FFFFFF",
    "position" : {
      "x" : 27.86362,
      "y" : 7.748529,
      "z" : -11.09017
    },
    "orientation" : 0
  }, {
    "shape" : "240b77d7-893d-416a-afc6-092f0cd855ca",
    "color" : "#008EC2",
    "position" : {
      "x" : 14.8790245,
      "y" : -1.8944272,
      "z" : -6.854102
    },
    "orientation" : 53
  }, {
    "shape" : "54e952ae-0ec3-4d21-9f0d-0c6f872fa85b",
    "color" : "#F2F2F2",
    "position" : {
      "x" : 17.497059,
      "y" : 2.3416407,
      "z" : 0.0
    }
  }, {
    "shape" : "02c813e3-4599-4a9d-8675-850f92905eb4",
    "color" : "#D91218",
    "position" : {
      "x" : -3.0652475,
      "y" : 4.959675,
      "z" : -4.236068
    },
    "orientation" : 0
  }, {
    "shape" : "54e952ae-0ec3-4d21-9f0d-0c6f872fa85b",
    "color" : "#F2F2F2",
    "position" : {
      "x" : 33.823296,
      "y" : 23.52198,
      "z" : 6.854102
    }
  }, {
    "shape" : "02c813e3-4599-4a9d-8675-850f92905eb4",
    "color" : "#D91218",
    "position" : {
      "x" : -31.92887,
      "y" : -28.205263,
      "z" : 0.0
    },
    "orientation" : 16
  }, {
    "shape" : "240b77d7-893d-416a-afc6-092f0cd855ca",
    "color" : "#008EC2",
    "position" : {
      "x" : -3.0652475,
      "y" : 4.959675,
      "z" : 4.236068
    },
    "orientation" : 21
  }, {
    "shape" : "240b77d7-893d-416a-afc6-092f0cd855ca",
    "color" : "#008EC2",
    "position" : {
      "x" : 3.7888544,
      "y" : -6.130495,
      "z" : 0.0
    },
    "orientation" : 55
  }, {
    "shape" : "240b77d7-893d-416a-afc6-092f0cd855ca",
    "color" : "#008EC2",
