{
  "field" : "golden",
  "symmetry" : "icosahedral",
  "orientations" : [ [ 1.0, 0.0, 0.0, 0.0, 0.0, 1.0, 0.0, 0.0, 0.0, 0.0, 1.0, 0.0, 0.0, 0.0, 0.0, 1.0 ], [ 0.0, 0.0, 1.0, 0.0, 1.0, 0.0, 0.0, 0.0, 0.0, 1.0, 0.0, 0.0, 0.0, 0.0, 0.0, 1.0 ], [ 0.0, 1.0, 0.0, 0.0, 0.0, 0.0, 1.0, 0.0, 1.0, 0.0, 0.0, 0.0, 0.0, 0.0, 0.0, 1.0 ], [ 0.809017, 0.309017, 0.5, 0.0, 0.309017, 0.5, -0.809017, 0.0, -0.5, 0.809017, 0.309017, 0.0, 0.0, 0.0, 0.0, 1.0 ], [ -0.5, 0.809017, 0.309017, 0.0, 0.809017, 0.309017, 0.5, 0.0, 0.309017, 0.5, -0.809017, 0.0, 0.0, 0.0, 0.0, 1.0 ], [ 0.309017, 0.5, -0.809017, 0.0, -0.5, 0.809017, 0.309017, 0.0, 0.809017, 0.309017, 0.5, 0.0, 0.0, 0.0, 0.0, 1.0 ], [ 0.5, 0.809017, 0.309017, 0.0, 0.809017, -0.309017, -0.5, 0.0, -0.309017, 0.5, -0.809017, 0.0, 0.0, 0.0, 0.0, 1.0 ], [ -0.309017, 0.5, -0.809017, 0.0, 0.5, 0.809017, 0.309017, 0.0, 0.809017, -0.309017, -0.5, 0.0, 0.0, 0.0, 0.0, 1.0 ], [ 0.809017, -0.309017, -0.5, 0.0, -0.309017, 0.5, -0.809017, 0.0, 0.5, 0.809017, 0.309017, 0.0, 0.0, 0.0, 0.0, 1.0 ], [ 0.5, 0.809017, -0.309017, 0.0, 0.809017, -0.309017, 0.5, 0.0, 0.309017, -0.5, -0.809017, 0.0, 0.0, 0.0, 0.0, 1.0 ], [ 0.309017, -0.5, -0.809017, 0.0, 0.5, 0.809017, -0.309017, 0.0, 0.809017, -0.309017, 0.5, 0.0, 0.0, 0.0, 0.0, 1.0 ], [ 0.809017, -0.309017, 0.5, 0.0, 0.309017, -0.5, -0.809017, 0.0, 0.5, 0.809017, -0.309017, 0.0, 0.0, 0.0, 0.0, 1.0 ], [ 0.809017, 0.309017, -0.5, 0.0, 0.309017, 0.5, 0.809017, 0.0, 0.5, -0.809017, 0.309017, 0.0, 0.0, 0.0, 0.0, 1.0 ], [ 0.5, -0.809017, 0.309017, 0.0, 0.809017, 0.309017, -0.5, 0.0, 0.309017, 0.5, 0.809017, 0.0, 0.0, 0.0, 0.0, 1.0 ], [ 0.309017, 0.5, 0.809017, 0.0, 0.5, -0.809017, 0.309017, 0.0, 0.809017, 0.309017, -0.5, 0.0, 0.0, 0.0, 0.0, 1.0 ], [ 1.0, 0.0, 0.0, 0.0, 0.0, -1.0, 0.0, 0.0, 0.0, 0.0, -1.0, 0.0, 0.0, 0.0, 0.0, 1.0 ], [ 0.0, 0.0, 1.0, 0.0, -1.0, 0.0, 0.0, 0.0, 0.0, -1.0, 0.0, 0.0, 0.0, 0.0, 0.0, 1.0 ], [ 0.0, 1.0, 0.0, 0.0, 0.0, 0.0, -1.0, 0.0, -1.0, 0.0, 0.0, 0.0, 0.0, 0.0, 0.0, 1.0 ], [ 0.809017, 0.309017, 0.5, 0.0, -0.309017, -0.5, 0.809017, 0.0, 0.5, -0.809017, -0.309017, 0.0, 0.0, 0.0, 0.0, 1.0 ], [ -0.5, 0.809017, 0.309017, 0.0, -0.809017, -0.309017, -0.5, 0.0, -0.309017, -0.5, 0.809017, 0.0, 0.0, 0.0, 0.0, 1.0 ], [ 0.309017, 0.5, -0.809017, 0.0, 0.5, -0.809017, -0.309017, 0.0, -0.809017, -0.309017, -0.5, 0.0, 0.0, 0.0, 0.0, 1.0 ], [ 0.5, 0.809017, 0.309017, 0.0, -0.809017, 0.309017, 0.5, 0.0, 0.309017, -0.5, 0.809017, 0.0, 0.0, 0.0, 0.0, 1.0 ], [ -0.309017, 0.5, -0.809017, 0.0, -0.5, -0.809017, -0.309017, 0.0, -0.809017, 0.309017, 0.5, 0.0, 0.0, 0.0, 0.0, 1.0 ], [ 0.809017, -0.309017, -0.5, 0.0, 0.309017, -0.5, 0.809017, 0.0, -0.5, -0.809017, -0.309017, 0.0, 0.0, 0.0, 0.0, 1.0 ], [ 0.5, 0.809017, -0.309017, 0.0, -0.809017, 0.309017, -0.5, 0.0, -0.309017, 0.5, 0.809017, 0.0, 0.0, 0.0, 0.0, 1.0 ], [ 0.309017, -0.5, -0.809017, 0.0, -0.5, -0.809017, 0.309017, 0.0, -0.809017, 0.309017, -0.5, 0.0, 0.0, 0.0, 0.0, 1.0 ], [ 0.809017, -0.309017, 0.5, 0.0, -0.309017, 0.5, 0.809017, 0.0, -0.5, -0.809017, 0.309017, 0.0, 0.0, 0.0, 0.0, 1.0 ], [ 0.809017, 0.309017, -0.5, 0.0, -0.309017, -0.5, -0.809017, 0.0, -0.5, 0.809017, -0.309017, 0.0, 0.0, 0.0, 0.0, 1.0 ], [ 0.5, -0.809017, 0.309017, 0.0, -0.809017, -0.309017, 0.5, 0.0, -0.309017, -0.5, -0.809017, 0.0, 0.0, 0.0, 0.0, 1.0 ], [ 0.309017, 0.5, 0.809017, 0.0, -0.5, 0.809017, -0.309017, 0.0, -0.809017, -0.309017, 0.5, 0.0, 0.0, 0.0, 0.0, 1.0 ], [ -1.0, 0.0, 0.0, 0.0, 0.0, -1.0, 0.0, 0.0, 0.0, 0.0, 1.0, 0.0, 0.0, 0.0, 0.0, 1.0 ], [ 0.0, 0.0, -1.0, 0.0, -1.0, 0.0, 0.0, 0.0, 0.0, 1.0, 0.0, 0.0, 0.0, 0.0, 0.0, 1.0 ], [ 0.0, -1.0, 0.0, 0.0, 0.0, 0.0, -1.0, 0.0, 1.0, 0.0, 0.0, 0.0, 0.0, 0.0, 0.0, 1.0 ], [ -0.809017, -0.309017, -0.5, 0.0, -0.309017, -0.5, 0.809017, 0.0, -0.5, 0.809017, 0.309017, 0.0, 0.0, 0.0, 0.0, 1.0 ], [ 0.5, -0.809017, -0.309017, 0.0, -0.809017, -0.309017, -0.5, 0.0, 0.309017, 0.5, -0.809017, 0.0, 0.0, 0.0, 0.0, 1.0 ], [ -0.309017, -0.5, 0.809017, 0.0, 0.5, -0.809017, -0.309017, 0.0, 0.809017, 0.309017, 0.5, 0.0, 0.0, 0.0, 0.0, 1.0 ], [ -0.5, -0.809017, -0.309017, 0.0, -0.809017, 0.309017, 0.5, 0.0, -0.309017, 0.5, -0.809017, 0.0, 0.0, 0.0, 0.0, 1.0 ], [ 0.309017, -0.5, 0.809017, 0.0, -0.5, -0.809017, -0.309017, 0.0, 0.809017, -0.309017, -0.5, 0.0, 0.0, 0.0, 0.0, 1.0 ], [ -0.809017, 0.309017, 0.5, 0.0, 0.309017, -0.5, 0.809017, 0.0, 0.5, 0.809017, 0.309017, 0.0, 0.0, 0.0, 0.0, 1.0 ], [ -0.5, -0.809017, 0.309017, 0.0, -0.809017, 0.309017, -0.5, 0.0, 0.309017, -0.5, -0.809017, 0.0, 0.0, 0.0, 0.0, 1.0 ], [ -0.309017, 0.5, 0.809017, 0.0, -0.5, -0.809017, 0.309017, 0.0, 0.809017, -0.309017, 0.5, 0.0, 0.0, 0.0, 0.0, 1.0 ], [ -0.809017, 0.309017, -0.5, 0.0, -0.309017, 0.5, 0.809017, 0.0, 0.5, 0.809017, -0.309017, 0.0, 0.0, 0.0, 0.0, 1.0 ], [ -0.809017, -0.309017, 0.5, 0.0, -0.309017, -0.5, -0.809017, 0.0, 0.5, -0.809017, 0.309017, 0.0, 0.0, 0.0, 0.0, 1.0 ], [ -0.5, 0.809017, -0.309017, 0.0, -0.809017, -0.309017, 0.5, 0.0, 0.309017, 0.5, 0.809017, 0.0, 0.0, 0.0, 0.0, 1.0 ], [ -0.309017, -0.5, -0.809017, 0.0, -0.5, 0.809017, -0.309017, 0.0, 0.809017, 0.309017, -0.5, 0.0, 0.0, 0.0, 0.0, 1.0 ], [ -1.0, 0.0, 0.0, 0.0, 0.0, 1.0, 0.0, 0.0, 0.0, 0.0, -1.0, 0.0, 0.0, 0.0, 0.0, 1.0 ], [ 0.0, 0.0, -1.0, 0.0, 1.0, 0.0, 0.0, 0.0, 0.0, -1.0, 0.0, 0.0, 0.0, 0.0, 0.0, 1.0 ], [ 0.0, -1.0, 0.0, 0.0, 0.0, 0.0, 1.0, 0.0, -1.0, 0.0, 0.0, 0.0, 0.0, 0.0, 0.0, 1.0 ], [ -0.809017, -0.309017, -0.5, 0.0, 0.309017, 0.5, -0.809017, 0.0, 0.5, -0.809017, -0.309017, 0.0, 0.0, 0.0, 0.0, 1.0 ], [ 0.5, -0.809017, -0.309017, 0.0, 0.809017, 0.309017, 0.5, 0.0, -0.309017, -0.5, 0.809017, 0.0, 0.0, 0.0, 0.0, 1.0 ], [ -0.309017, -0.5, 0.809017, 0.0, -0.5, 0.809017, 0.309017, 0.0, -0.809017, -0.309017, -0.5, 0.0, 0.0, 0.0, 0.0, 1.0 ], [ -0.5, -0.809017, -0.309017, 0.0, 0.809017, -0.309017, -0.5, 0.0, 0.309017, -0.5, 0.809017, 0.0, 0.0, 0.0, 0.0, 1.0 ], [ 0.309017, -0.5, 0.809017, 0.0, 0.5, 0.809017, 0.309017, 0.0, -0.809017, 0.309017, 0.5, 0.0, 0.0, 0.0, 0.0, 1.0 ], [ -0.809017, 0.309017, 0.5, 0.0, -0.309017, 0.5, -0.809017, 0.0, -0.5, -0.809017, -0.309017, 0.0, 0.0, 0.0, 0.0, 1.0 ], [ -0.5, -0.809017, 0.309017, 0.0, 0.809017, -0.309017, 0.5, 0.0, -0.309017, 0.5, 0.809017, 0.0, 0.0, 0.0, 0.0, 1.0 ], [ -0.309017, 0.5, 0.809017, 0.0, 0.5, 0.809017, -0.309017, 0.0, -0.809017, 0.309017, -0.5, 0.0, 0.0, 0.0, 0.0, 1.0 ], [ -0.809017, 0.309017, -0.5, 0.0, 0.309017, -0.5, -0.809017, 0.0, -0.5, -0.809017, 0.309017, 0.0, 0.0, 0.0, 0.0, 1.0 ], [ -0.809017, -0.309017, 0.5, 0.0, 0.309017, 0.5, 0.809017, 0.0, -0.5, 0.809017, -0.309017, 0.0, 0.0, 0.0, 0.0, 1.0 ], [ -0.5, 0.809017, -0.309017, 0.0, 0.809017, 0.309017, -0.5, 0.0, -0.309017, -0.5, -0.809017, 0.0, 0.0, 0.0, 0.0, 1.0 ], [ -0.309017, -0.5, -0.809017, 0.0, 0.5, -0.809017, 0.309017, 0.0, -0.809017, -0.309017, 0.5, 0.0, 0.0, 0.0, 0.0, 1.0 ] ],
  "lights" : {
    "directionalLights" : [ {
      "direction" : {
        "x" : 1.0,
        "y" : -1.0,
        "z" : -1.0
      },
      "color" : "#EBEBE4"
    }, {
      "direction" : {
        "x" : -1.0,
        "y" : 0.0,
        "z" : 0.0
      },
      "color" : "#E4E4EB"
    }, {
      "direction" : {
        "x" : 0.0,
        "y" : 0.0,
        "z" : -1.0
      },
      "color" : "#1E1E1E"
    } ],
    "backgroundColor" : "#CCCCFF",
    "ambientColor" : "#292929"
  },
  "camera" : {
    "perspective" : false,
    "viewDistance" : 227.89374,
    "farClipDistance" : 455.7869,
    "fieldOfView" : 0.44262862,
    "lookAtPoint" : {
      "x" : 0.0,
      "y" : 0.0,
      "z" : 0.0
    },
    "position" : {
      "x" : 0.0,
      "y" : 0.0,
      "z" : 227.89374
    },
    "width" : 102.55212,
    "nearClipDistance" : 0.5697344,
    "stereo" : false,
    "lookDirection" : {
      "x" : 0.0,
      "y" : 0.0,
      "z" : -1.0
    },
    "upDirection" : {
      "x" : 0.0,
      "y" : 1.0,
      "z" : 0.0
    }
  },
  "embedding" : [ 1.0, 0.0, 0.0, 0.0, 0.0, 1.0, 0.0, 0.0, 0.0, 0.0, 1.0, 0.0, 0.0, 0.0, 0.0, 1.0 ],
  "shapes" : [ {
    "id" : "ce940254-3030-4a96-a467-c1747893145f",
    "vertices" : [ {
      "x" : 1.0,
      "y" : 0.309017,
      "z" : 0.19098301
    }, {
      "x" : 1.0,
      "y" : -0.309017,
      "z" : 0.19098301
    }, {
      "x" : 10.09017,
      "y" : -0.309017,
      "z" : 0.19098301
    }, {
      "x" : 10.09017,
      "y" : 0.309017,
      "z" : 0.19098301
    }, {
      "x" : 10.09017,
      "y" : -0.309017,
      "z" : -0.19098301
    }, {
      "x" : 10.09017,
      "y" : 0.309017,
      "z" : -0.19098301
    }, {
      "x" : 10.708204,
      "y" : 0.0,
      "z" : 0.0
    }, {
      "x" : 0.38196602,
      "y" : 0.0,
      "z" : 0.0
    }, {
      "x" : 1.0,
      "y" : 0.309017,
      "z" : -0.19098301
    }, {
      "x" : 1.0,
      "y" : -0.309017,
      "z" : -0.19098301
    }, {
      "x" : 11.09017,
      "y" : 0.0,
      "z" : 0.0
    } ],
    "faces" : [ {
      "vertices" : [ 1, 9, 4 ]
    }, {
      "vertices" : [ 1, 4, 2 ]
    }, {
      "vertices" : [ 0, 3, 5 ]
    }, {
      "vertices" : [ 0, 5, 8 ]
    }, {
      "vertices" : [ 1, 7, 9 ]
    }, {
      "vertices" : [ 0, 1, 2 ]
    }, {
      "vertices" : [ 0, 2, 3 ]
    }, {
      "vertices" : [ 7, 8, 9 ]
    }, {
      "vertices" : [ 0, 7, 1 ]
    }, {
      "vertices" : [ 4, 9, 8 ]
    }, {
      "vertices" : [ 4, 8, 5 ]
    }, {
      "vertices" : [ 2, 6, 3 ]
    }, {
      "vertices" : [ 2, 4, 6 ]
    }, {
      "vertices" : [ 3, 6, 5 ]
    }, {
      "vertices" : [ 4, 5, 6 ]
    }, {
      "vertices" : [ 0, 8, 7 ]
    } ]
  }, {
    "id" : "8579386b-14ba-40ca-99b7-02f34520f91c",
    "vertices" : [ {
      "x" : 0.309017,
      "y" : -0.309017,
      "z" : -0.309017
    }, {
      "x" : 0.5,
      "y" : 0.0,
      "z" : -0.19098301
    }, {
      "x" : 0.5,
      "y" : 0.0,
      "z" : 0.19098301
    }, {
      "x" : 0.309017,
      "y" : -0.309017,
      "z" : 0.309017
    }, {
      "x" : 0.19098301,
      "y" : -0.5,
      "z" : 0.0
    }, {
      "x" : 0.0,
      "y" : 0.19098301,
      "z" : 0.5
    }, {
      "x" : 0.0,
      "y" : -0.19098301,
      "z" : 0.5
    }, {
      "x" : 0.309017,
      "y" : 0.309017,
      "z" : 0.309017
    }, {
      "x" : -0.309017,
      "y" : -0.309017,
      "z" : 0.309017
    }, {
      "x" : -0.309017,
      "y" : 0.309017,
      "z" : 0.309017
    }, {
      "x" : -0.5,
      "y" : 0.0,
      "z" : 0.19098301
    }, {
      "x" : 0.0,
      "y" : -0.19098301,
      "z" : -0.5
    }, {
      "x" : 0.0,
      "y" : 0.19098301,
      "z" : -0.5
    }, {
      "x" : 0.309017,
      "y" : 0.309017,
      "z" : -0.309017
    }, {
      "x" : -0.309017,
      "y" : -0.309017,
      "z" : -0.309017
    }, {
      "x" : -0.19098301,
      "y" : -0.5,
      "z" : 0.0
    }, {
      "x" : -0.5,
      "y" : 0.0,
      "z" : -0.19098301
    }, {
      "x" : 0.19098301,
      "y" : 0.5,
      "z" : 0.0
    }, {
      "x" : -0.309017,
      "y" : 0.309017,
      "z" : -0.309017
    }, {
      "x" : 0.0,
      "y" : 0.0,
      "z" : 0.0
    }, {
      "x" : -0.19098301,
      "y" : 0.5,
      "z" : 0.0
    } ],
    "faces" : [ {
      "vertices" : [ 12, 18, 20 ]
    }, {
      "vertices" : [ 12, 20, 17 ]
    }, {
      "vertices" : [ 12, 17, 13 ]
    }, {
      "vertices" : [ 3, 6, 8 ]
    }, {
      "vertices" : [ 3, 8, 15 ]
    }, {
      "vertices" : [ 3, 15, 4 ]
    }, {
      "vertices" : [ 0, 11, 12 ]
    }, {
      "vertices" : [ 0, 12, 13 ]
    }, {
      "vertices" : [ 0, 13, 1 ]
    }, {
      "vertices" : [ 5, 9, 10 ]
    }, {
      "vertices" : [ 5, 10, 8 ]
    }, {
      "vertices" : [ 5, 8, 6 ]
    }, {
      "vertices" : [ 2, 7, 5 ]
    }, {
      "vertices" : [ 2, 5, 6 ]
    }, {
      "vertices" : [ 2, 6, 3 ]
    }, {
      "vertices" : [ 11, 14, 16 ]
    }, {
      "vertices" : [ 11, 16, 18 ]
    }, {
      "vertices" : [ 11, 18, 12 ]
    }, {
      "vertices" : [ 1, 13, 17 ]
    }, {
      "vertices" : [ 1, 17, 7 ]
    }, {
      "vertices" : [ 1, 7, 2 ]
    }, {
      "vertices" : [ 9, 20, 18 ]
    }, {
      "vertices" : [ 9, 18, 16 ]
    }, {
      "vertices" : [ 9, 16, 10 ]
    }, {
      "vertices" : [ 0, 1, 2 ]
    }, {
      "vertices" : [ 0, 2, 3 ]
    }, {
      "vertices" : [ 0, 3, 4 ]
    }, {
      "vertices" : [ 5, 7, 17 ]
    }, {
      "vertices" : [ 5, 17, 20 ]
    }, {
      "vertices" : [ 5, 20, 9 ]
    }, {
      "vertices" : [ 0, 4, 15 ]
    }, {
      "vertices" : [ 0, 15, 14 ]
    }, {
      "vertices" : [ 0, 14, 11 ]
    }, {
      "vertices" : [ 8, 10, 16 ]
    }, {
      "vertices" : [ 8, 16, 14 ]
    }, {
      "vertices" : [ 8, 14, 15 ]
    } ]
  }, {
    "id" : "262f5d83-6c52-493d-a616-c3195cf1b384",
    "vertices" : [ {
      "x" : 0.809017,
      "y" : 0.618034,
      "z" : -0.19098301
    }, {
      "x" : 0.809017,
      "y" : 0.0,
      "z" : -0.19098301
    }, {
      "x" : 0.309017,
      "y" : 0.11803399,
      "z" : 0.0
    }, {
      "x" : 5.172407,
      "y" : 2.2847006,
      "z" : 0.19098301
    }, {
      "x" : 0.809017,
      "y" : 0.618034,
      "z" : 0.19098301
    }, {
      "x" : 0.809017,
      "y" : 0.0,
      "z" : 0.19098301
    }, {
      "x" : 5.172407,
      "y" : 1.6666666,
      "z" : 0.19098301
    }, {
      "x" : 5.672407,
      "y" : 2.1666667,
      "z" : 0.0
    }, {
      "x" : 5.172407,
      "y" : 2.2847006,
      "z" : -0.19098301
    }, {
      "x" : 5.981424,
      "y" : 2.2847006,
      "z" : 0.0
    }, {
      "x" : 5.172407,
      "y" : 1.6666666,
      "z" : -0.19098301
    } ],
    "faces" : [ {
      "vertices" : [ 3, 6, 7 ]
    }, {
      "vertices" : [ 3, 4, 5 ]
    }, {
      "vertices" : [ 3, 5, 6 ]
    }, {
      "vertices" : [ 3, 7, 8 ]
    }, {
      "vertices" : [ 0, 1, 2 ]
    }, {
      "vertices" : [ 0, 8, 10 ]
    }, {
      "vertices" : [ 0, 10, 1 ]
    }, {
      "vertices" : [ 1, 10, 6 ]
    }, {
      "vertices" : [ 1, 6, 5 ]
    }, {
      "vertices" : [ 0, 2, 4 ]
    }, {
      "vertices" : [ 6, 10, 7 ]
    }, {
      "vertices" : [ 1, 5, 2 ]
    }, {
      "vertices" : [ 7, 10, 8 ]
    }, {
      "vertices" : [ 2, 5, 4 ]
    }, {
      "vertices" : [ 0, 4, 3 ]
    }, {
      "vertices" : [ 0, 3, 8 ]
    } ]
  } ],
  "instances" : [ {
    "shape" : "ce940254-3030-4a96-a467-c1747893145f",
    "color" : "#007695",
    "position" : {
      "x" : 0.0,
      "y" : 11.962848,
      "z" : 4.5694013
    },
    "orientation" : 45
  }, {
    "shape" : "8579386b-14ba-40ca-99b7-02f34520f91c",
    "color" : "#FFFFFF",
    "position" : {
      "x" : 5.545085,
      "y" : -14.95356,
      "z" : -5.7117515
    }
  }, {
    "shape" : "262f5d83-6c52-493d-a616-c3195cf1b384",
    "color" : "#6C00C6",
    "position" : {
      "x" : 22.18034,
      "y" : -5.981424,
      "z" : -2.2847006
    },
    "orientation" : 1
  }, {
    "shape" : "8579386b-14ba-40ca-99b7-02f34520f91c",
    "color" : "#FFFFFF",
    "position" : {
      "x" : 22.18034,
      "y" : 0.0,
      "z" : 0.0
    }
  }, {
    "shape" : "ce940254-3030-4a96-a467-c1747893145f",
    "color" : "#007695",
    "position" : {
      "x" : 11.09017,
      "y" : -5.981424,
      "z" : -2.2847006
    },
    "orientation" : 0
  }, {
    "shape" : "8579386b-14ba-40ca-99b7-02f34520f91c",
    "color" : "#FFFFFF",
    "position" : {
      "x" : 0.0,
      "y" : -11.962848,
      "z" : -4.5694013
    }
  }, {
    "shape" : "262f5d83-6c52-493d-a616-c3195cf1b384",
    "color" : "#6C00C6",
    "position" : {
      "x" : 5.545085,
      "y" : 2.990712,
      "z" : 1.1423503
    },
    "orientation" : 12
  }, {
    "shape" : "8579386b-14ba-40ca-99b7-02f34520f91c",
    "color" : "#FFFFFF",
    "position" : {
      "x" : 22.18034,
      "y" : -5.981424,
      "z" : -2.2847006
    }
  }, {
    "shape" : "ce940254-3030-4a96-a467-c1747893145f",
    "color" : "#007695",
    "position" : {
      "x" : 0.0,
      "y" : 11.962848,
      "z" : 4.5694013
    },
    "orientation" : 24
  }, {
    "shape" : "ce940254-3030-4a96-a467-c1747893145f",
    "color" : "#007695",
    "position" : {
      "x" : 0.0,
      "y" : -5.981424,
      "z" : -2.2847006
    },
    "orientation" : 0
  }, {
    "shape" : "8579386b-14ba-40ca-99b7-02f34520f91c",
    "color" : "#FFFFFF",
    "position" : {
      "x" : 16.635256,
      "y" : 2.990712,
      "z" : 1.1423503
    }
  }, {
    "shape" : "262f5d83-6c52-493d-a616-c3195cf1b384",
    "color" : "#6C00C6",
    "position" : {
      "x" : -5.545085,
      "y" : 2.990712,
      "z" : 1.1423503
    },
    "orientation" : 48
  }, {
    "shape" : "8579386b-14ba-40ca-99b7-02f34520f91c",
    "color" : "#FFFFFF",
    "position" : {
      "x" : -11.09017,
      "y" : -5.981424,
      "z" : -2.2847006
    }
  }, {
    "shape" : "262f5d83-6c52-493d-a616-c3195cf1b384",
    "color" : "#6C00C6",
    "position" : {
      "x" : 11.09017,
      "y" : 5.981424,
      "z" : 2.2847006
    },
    "orientation" : 27
  }, {
    "shape" : "ce940254-3030-4a96-a467-c1747893145f",
    "color" : "#007695",
    "position" : {
      "x" : -5.545085,
      "y" : 2.990712,
      "z" : 1.1423503
    },
    "orientation" : 36
  }, {
    "shape" : "ce940254-3030-4a96-a467-c1747893145f",
    "color" : "#007695",
    "position" : {
      "x" : -11.09017,
      "y" : -5.981424,
      "z" : -2.2847006
    },
    "orientation" : 0
  }, {
    "shape" : "262f5d83-6c52-493d-a616-c3195cf1b384",
    "color" : "#6C00C6",
    "position" : {
      "x" : -5.545085,
      "y" : -14.95356,
      "z" : -5.7117515
    },
    "orientation" : 12
  }, {
    "shape" : "8579386b-14ba-40ca-99b7-02f34520f91c",
    "color" : "#FFFFFF",
    "position" : {
      "x" : -11.09017,
      "y" : 5.981424,
      "z" : 2.2847006
    }
  }, {
    "shape" : "262f5d83-6c52-493d-a616-c3195cf1b384",
    "color" : "#6C00C6",
    "position" : {
      "x" : 0.0,
      "y" : -11.962848,
      "z" : -4.5694013
    },
    "orientation" : 27
  }, {
    "shape" : "8579386b-14ba-40ca-99b7-02f34520f91c",
    "color" : "#FFFFFF",
    "position" : {
      "x" : 5.545085,
      "y" : 2.990712,
      "z" : 1.1423503
    }
  }, {
    "shape" : "262f5d83-6c52-493d-a616-c3195cf1b384",
    "color" : "#6C00C6",
    "position" : {
      "x" : -11.09017,
      "y" : 5.981424,
      "z" : 2.2847006
    },
    "orientation" : 1
  }, {
    "shape" : "262f5d83-6c52-493d-a616-c3195cf1b384",
    "color" : "#6C00C6",
    "position" : {
      "x" : 16.635256,
      "y" : 2.990712,
      "z" : 1.1423503
    },
    "orientation" : 27
  }, {
    "shape" : "8579386b-14ba-40ca-99b7-02f34520f91c",
    "color" : "#FFFFFF",
    "position" : {
      "x" : 0.0,
      "y" : 0.0,
      "z" : 0.0
    }
  }, {
    "shape" : "ce940254-3030-4a96-a467-c1747893145f",
    "color" : "#007695",
    "position" : {
      "x" : -11.09017,
      "y" : -5.981424,
      "z" : -2.2847006
    },
    "orientation" : 24
  }, {
    "shape" : "262f5d83-6c52-493d-a616-c3195cf1b384",
    "color" : "#6C00C6",
    "position" : {
      "x" : 0.0,
      "y" : -5.981424,
      "z" : -2.2847006
    },
    "orientation" : 1
  }, {
    "shape" : "ce940254-3030-4a96-a467-c1747893145f",
    "color" : "#007695",
    "position" : {
      "x" : 0.0,
      "y" : 11.962848,
      "z" : 4.5694013
    },
    "orientation" : 36
  }, {
    "shape" : "262f5d83-6c52-493d-a616-c3195cf1b384",
    "color" : "#6C00C6",
    "position" : {
      "x" : 5.545085,
      "y" : 2.990712,
      "z" : 1.1423503
    },
    "orientation" : 33
  }, {
    "shape" : "8579386b-14ba-40ca-99b7-02f34520f91c",
    "color" : "#FFFFFF",
    "position" : {
      "x" : 0.0,
      "y" : 11.962848,
      "z" : 4.5694013
    }
  }, {
    "shape" : "8579386b-14ba-40ca-99b7-02f34520f91c",
    "color" : "#FFFFFF",
    "position" : {
      "x" : -5.545085,
      "y" : 2.990712,
      "z" : 1.1423503
    }
  }, {
    "shape" : "8579386b-14ba-40ca-99b7-02f34520f91c",
    "color" : "#FFFFFF",
    "position" : {
      "x" : -5.545085,
      "y" : -14.95356,
      "z" : -5.7117515
    }
  }, {
    "shape" : "262f5d83-6c52-493d-a616-c3195cf1b384",
    "color" : "#6C00C6",
    "position" : {
      "x" : -5.545085,
      "y" : 2.990712,
      "z" : 1.1423503
    },
    "orientation" : 27
  }, {
    "shape" : "262f5d83-6c52-493d-a616-c3195cf1b384",
    "color" : "#6C00C6",
    "position" : {
      "x" : 0.0,
      "y" : -5.981424,
      "z" : -2.2847006
    },
    "orientation" : 16
  }, {
    "shape" : "8579386b-14ba-40ca-99b7-02f34520f91c",
    "color" : "#FFFFFF",
    "position" : {
      "x" : -11.09017,
      "y" : 11.962848,
      "z" : 4.5694013
    }
  }, {
    "shape" : "ce940254-3030-4a96-a467-c1747893145f",
    "color" : "#007695",
    "position" : {
      "x" : 11.09017,
      "y" : -5.981424,
      "z" : -2.2847006
    },
    "orientation" : 9
  }, {
    "shape" : "8579386b-14ba-40ca-99b7-02f34520f91c",
    "color" : "#FFFFFF",
    "position" : {
      "x" : 11.09017,
      "y" : 5.981424,
      "z" : 2.2847006
    }
  }, {
    "shape" : "ce940254-3030-4a96-a467-c1747893145f",
    "color" : "#007695",
    "position" : {
      "x" : 11.09017,
      "y" : -5.981424,
      "z" : -2.2847006
    },
    "orientation" : 36
  }, {
    "shape" : "8579386b-14ba-40ca-99b7-02f34520f91c",
    "color" : "#FFFFFF",
    "position" : {
      "x" : 11.09017,
      "y" : -5.981424,
      "z" : -2.2847006
    }
  }, {
    "shape" : "ce940254-3030-4a96-a467-c1747893145f",
    "color" : "#007695",
    "position" : {
      "x" : 11.09017,
      "y" : -5.981424,
      "z" : -2.2847006
    },
    "orientation" : 51
  }, {
    "shape" : "8579386b-14ba-40ca-99b7-02f34520f91c",
    "color" : "#FFFFFF",
    "position" : {
      "x" : 0.0,
      "y" : -5.981424,
      "z" : -2.2847006
    }
  } ],
  "scenes" : [ ],
  "snapshots" : [ ]
}