{
  "field" : "golden",
  "symmetry" : "icosahedral",
  "orientations" : [ [ 1.0, 0.0, 0.0, 0.0, 0.0, 1.0, 0.0, 0.0, 0.0, 0.0, 1.0, 0.0, 0.0, 0.0, 0.0, 1.0 ], [ 0.0, 0.0, 1.0, 0.0, 1.0, 0.0, 0.0, 0.0, 0.0, 1.0, 0.0, 0.0, 0.0, 0.0, 0.0, 1.0 ], [ 0.0, 1.0, 0.0, 0.0, 0.0, 0.0, 1.0, 0.0, 1.0, 0.0, 0.0, 0.0, 0.0, 0.0, 0.0, 1.0 ], [ 0.809017, 0.309017, 0.5, 0.0, 0.309017, 0.5, -0.809017, 0.0, -0.5, 0.809017, 0.309017, 0.0, 0.0, 0.0, 0.0, 1.0 ], [ -0.5, 0.809017, 0.309017, 0.0, 0.809017, 0.309017, 0.5, 0.0, 0.309017, 0.5, -0.809017, 0.0, 0.0, 0.0, 0.0, 1.0 ], [ 0.309017, 0.5, -0.809017, 0.0, -0.5, 0.809017, 0.309017, 0.0, 0.809017, 0.309017, 0.5, 0.0, 0.0, 0.0, 0.0, 1.0 ], [ 0.5, 0.809017, 0.309017, 0.0, 0.809017, -0.309017, -0.5, 0.0, -0.309017, 0.5, -0.809017, 0.0, 0.0, 0.0, 0.0, 1.0 ], [ -0.309017, 0.5, -0.809017, 0.0, 0.5, 0.809017, 0.309017, 0.0, 0.809017, -0.309017, -0.5, 0.0, 0.0, 0.0, 0.0, 1.0 ], [ 0.809017, -0.309017, -0.5, 0.0, -0.309017, 0.5, -0.809017, 0.0, 0.5, 0.809017, 0.309017, 0.0, 0.0, 0.0, 0.0, 1.0 ], [ 0.5, 0.809017, -0.309017, 0.0, 0.809017, -0.309017, 0.5, 0.0, 0.309017, -0.5, -0.809017, 0.0, 0.0, 0.0, 0.0, 1.0 ], [ 0.309017, -0.5, -0.809017, 0.0, 0.5, 0.809017, -0.309017, 0.0, 0.809017, -0.309017, 0.5, 0.0, 0.0, 0.0, 0.0, 1.0 ], [ 0.809017, -0.309017, 0.5, 0.0, 0.309017, -0.5, -0.809017, 0.0, 0.5, 0.809017, -0.309017, 0.0, 0.0, 0.0, 0.0, 1.0 ], [ 0.809017, 0.309017, -0.5, 0.0, 0.309017, 0.5, 0.809017, 0.0, 0.5, -0.809017, 0.309017, 0.0, 0.0, 0.0, 0.0, 1.0 ], [ 0.5, -0.809017, 0.309017, 0.0, 0.809017, 0.309017, -0.5, 0.0, 0.309017, 0.5, 0.809017, 0.0, 0.0, 0.0, 0.0, 1.0 ], [ 0.309017, 0.5, 0.809017, 0.0, 0.5, -0.809017, 0.309017, 0.0, 0.809017, 0.309017, -0.5, 0.0, 0.0, 0.0, 0.0, 1.0 ], [ 1.0, 0.0, 0.0, 0.0, 0.0, -1.0, 0.0, 0.0, 0.0, 0.0, -1.0, 0.0, 0.0, 0.0, 0.0, 1.0 ], [ 0.0, 0.0, 1.0, 0.0, -1.0, 0.0, 0.0, 0.0, 0.0, -1.0, 0.0, 0.0, 0.0, 0.0, 0.0, 1.0 ], [ 0.0, 1.0, 0.0, 0.0, 0.0, 0.0, -1.0, 0.0, -1.0, 0.0, 0.0, 0.0, 0.0, 0.0, 0.0, 1.0 ], [ 0.809017, 0.309017, 0.5, 0.0, -0.309017, -0.5, 0.809017, 0.0, 0.5, -0.809017, -0.309017, 0.0, 0.0, 0.0, 0.0, 1.0 ], [ -0.5, 0.809017, 0.309017, 0.0, -0.809017, -0.309017, -0.5, 0.0, -0.309017, -0.5, 0.809017, 0.0, 0.0, 0.0, 0.0, 1.0 ], [ 0.309017, 0.5, -0.809017, 0.0, 0.5, -0.809017, -0.309017, 0.0, -0.809017, -0.309017, -0.5, 0.0, 0.0, 0.0, 0.0, 1.0 ], [ 0.5, 0.809017, 0.309017, 0.0, -0.809017, 0.309017, 0.5, 0.0, 0.309017, -0.5, 0.809017, 0.0, 0.0, 0.0, 0.0, 1.0 ], [ -0.309017, 0.5, -0.809017, 0.0, -0.5, -0.809017, -0.309017, 0.0, -0.809017, 0.309017, 0.5, 0.0, 0.0, 0.0, 0.0, 1.0 ], [ 0.809017, -0.309017, -0.5, 0.0, 0.309017, -0.5, 0.809017, 0.0, -0.5, -0.809017, -0.309017, 0.0, 0.0, 0.0, 0.0, 1.0 ], [ 0.5, 0.809017, -0.309017, 0.0, -0.809017, 0.309017, -0.5, 0.0, -0.309017, 0.5, 0.809017, 0.0, 0.0, 0.0, 0.0, 1.0 ], [ 0.309017, -0.5, -0.809017, 0.0, -0.5, -0.809017, 0.309017, 0.0, -0.809017, 0.309017, -0.5, 0.0, 0.0, 0.0, 0.0, 1.0 ], [ 0.809017, -0.309017, 0.5, 0.0, -0.309017, 0.5, 0.809017, 0.0, -0.5, -0.809017, 0.309017, 0.0, 0.0, 0.0, 0.0, 1.0 ], [ 0.809017, 0.309017, -0.5, 0.0, -0.309017, -0.5, -0.809017, 0.0, -0.5, 0.809017, -0.309017, 0.0, 0.0, 0.0, 0.0, 1.0 ], [ 0.5, -0.809017, 0.309017, 0.0, -0.809017, -0.309017, 0.5, 0.0, -0.309017, -0.5, -0.809017, 0.0, 0.0, 0.0, 0.0, 1.0 ], [ 0.309017, 0.5, 0.809017, 0.0, -0.5, 0.809017, -0.309017, 0.0, -0.809017, -0.309017, 0.5, 0.0, 0.0, 0.0, 0.0, 1.0 ], [ -1.0, 0.0, 0.0, 0.0, 0.0, -1.0, 0.0, 0.0, 0.0, 0.0, 1.0, 0.0, 0.0, 0.0, 0.0, 1.0 ], [ 0.0, 0.0, -1.0, 0.0, -1.0, 0.0, 0.0, 0.0, 0.0, 1.0, 0.0, 0.0, 0.0, 0.0, 0.0, 1.0 ], [ 0.0, -1.0, 0.0, 0.0, 0.0, 0.0, -1.0, 0.0, 1.0, 0.0, 0.0, 0.0, 0.0, 0.0, 0.0, 1.0 ], [ -0.809017, -0.309017, -0.5, 0.0, -0.309017, -0.5, 0.809017, 0.0, -0.5, 0.809017, 0.309017, 0.0, 0.0, 0.0, 0.0, 1.0 ], [ 0.5, -0.809017, -0.309017, 0.0, -0.809017, -0.309017, -0.5, 0.0, 0.309017, 0.5, -0.809017, 0.0, 0.0, 0.0, 0.0, 1.0 ], [ -0.309017, -0.5, 0.809017, 0.0, 0.5, -0.809017, -0.309017, 0.0, 0.809017, 0.309017, 0.5, 0.0, 0.0, 0.0, 0.0, 1.0 ], [ -0.5, -0.809017, -0.309017, 0.0, -0.809017, 0.309017, 0.5, 0.0, -0.309017, 0.5, -0.809017, 0.0, 0.0, 0.0, 0.0, 1.0 ], [ 0.309017, -0.5, 0.809017, 0.0, -0.5, -0.809017, -0.309017, 0.0, 0.809017, -0.309017, -0.5, 0.0, 0.0, 0.0, 0.0, 1.0 ], [ -0.809017, 0.309017, 0.5, 0.0, 0.309017, -0.5, 0.809017, 0.0, 0.5, 0.809017, 0.309017, 0.0, 0.0, 0.0, 0.0, 1.0 ], [ -0.5, -0.809017, 0.309017, 0.0, -0.809017, 0.309017, -0.5, 0.0, 0.309017, -0.5, -0.809017, 0.0, 0.0, 0.0, 0.0, 1.0 ], [ -0.309017, 0.5, 0.809017, 0.0, -0.5, -0.809017, 0.309017, 0.0, 0.809017, -0.309017, 0.5, 0.0, 0.0, 0.0, 0.0, 1.0 ], [ -0.809017, 0.309017, -0.5, 0.0, -0.309017, 0.5, 0.809017, 0.0, 0.5, 0.809017, -0.309017, 0.0, 0.0, 0.0, 0.0, 1.0 ], [ -0.809017, -0.309017, 0.5, 0.0, -0.309017, -0.5, -0.809017, 0.0, 0.5, -0.809017, 0.309017, 0.0, 0.0, 0.0, 0.0, 1.0 ], [ -0.5, 0.809017, -0.309017, 0.0, -0.809017, -0.309017, 0.5, 0.0, 0.309017, 0.5, 0.809017, 0.0, 0.0, 0.0, 0.0, 1.0 ], [ -0.309017, -0.5, -0.809017, 0.0, -0.5, 0.809017, -0.309017, 0.0, 0.809017, 0.309017, -0.5, 0.0, 0.0, 0.0, 0.0, 1.0 ], [ -1.0, 0.0, 0.0, 0.0, 0.0, 1.0, 0.0, 0.0, 0.0, 0.0, -1.0, 0.0, 0.0, 0.0, 0.0, 1.0 ], [ 0.0, 0.0, -1.0, 0.0, 1.0, 0.0, 0.0, 0.0, 0.0, -1.0, 0.0, 0.0, 0.0, 0.0, 0.0, 1.0 ], [ 0.0, -1.0, 0.0, 0.0, 0.0, 0.0, 1.0, 0.0, -1.0, 0.0, 0.0, 0.0, 0.0, 0.0, 0.0, 1.0 ], [ -0.809017, -0.309017, -0.5, 0.0, 0.309017, 0.5, -0.809017, 0.0, 0.5, -0.809017, -0.309017, 0.0, 0.0, 0.0, 0.0, 1.0 ], [ 0.5, -0.809017, -0.309017, 0.0, 0.809017, 0.309017, 0.5, 0.0, -0.309017, -0.5, 0.809017, 0.0, 0.0, 0.0, 0.0, 1.0 ], [ -0.309017, -0.5, 0.809017, 0.0, -0.5, 0.809017, 0.309017, 0.0, -0.809017, -0.309017, -0.5, 0.0, 0.0, 0.0, 0.0, 1.0 ], [ -0.5, -0.809017, -0.309017, 0.0, 0.809017, -0.309017, -0.5, 0.0, 0.309017, -0.5, 0.809017, 0.0, 0.0, 0.0, 0.0, 1.0 ], [ 0.309017, -0.5, 0.809017, 0.0, 0.5, 0.809017, 0.309017, 0.0, -0.809017, 0.309017, 0.5, 0.0, 0.0, 0.0, 0.0, 1.0 ], [ -0.809017, 0.309017, 0.5, 0.0, -0.309017, 0.5, -0.809017, 0.0, -0.5, -0.809017, -0.309017, 0.0, 0.0, 0.0, 0.0, 1.0 ], [ -0.5, -0.809017, 0.309017, 0.0, 0.809017, -0.309017, 0.5, 0.0, -0.309017, 0.5, 0.809017, 0.0, 0.0, 0.0, 0.0, 1.0 ], [ -0.309017, 0.5, 0.809017, 0.0, 0.5, 0.809017, -0.309017, 0.0, -0.809017, 0.309017, -0.5, 0.0, 0.0, 0.0, 0.0, 1.0 ], [ -0.809017, 0.309017, -0.5, 0.0, 0.309017, -0.5, -0.809017, 0.0, -0.5, -0.809017, 0.309017, 0.0, 0.0, 0.0, 0.0, 1.0 ], [ -0.809017, -0.309017, 0.5, 0.0, 0.309017, 0.5, 0.809017, 0.0, -0.5, 0.809017, -0.309017, 0.0, 0.0, 0.0, 0.0, 1.0 ], [ -0.5, 0.809017, -0.309017, 0.0, 0.809017, 0.309017, -0.5, 0.0, -0.309017, -0.5, -0.809017, 0.0, 0.0, 0.0, 0.0, 1.0 ], [ -0.309017, -0.5, -0.809017, 0.0, 0.5, -0.809017, 0.309017, 0.0, -0.809017, -0.309017, 0.5, 0.0, 0.0, 0.0, 0.0, 1.0 ] ],
  "lights" : {
    "directionalLights" : [ {
      "direction" : {
        "x" : 1.0,
        "y" : -1.0,
        "z" : -1.0
      },
      "color" : "#EBEBE4"
    }, {
      "direction" : {
        "x" : -1.0,
        "y" : 0.0,
        "z" : 0.0
      },
      "color" : "#E4E4EB"
    }, {
      "direction" : {
        "x" : 0.0,
        "y" : 0.0,
        "z" : -1.0
      },
      "color" : "#1E1E1E"
    } ],
    "backgroundColor" : "#AFC8DC",
    "ambientColor" : "#292929"
  },
  "camera" : {
    "position" : {
      "x" : -32.60637,
      "y" : 38.810783,
      "z" : 106.3222
    },
    "width" : 53.00419,
    "perspective" : false,
    "upDirection" : {
      "x" : 0.9519609,
      "y" : -0.033950865,
      "z" : 0.3043371
    },
    "lookDirection" : {
      "x" : 0.2768244,
      "y" : -0.3294992,
      "z" : -0.9026635
    },
    "lookAtPoint" : {
      "x" : 0.0,
      "y" : 0.0,
      "z" : 0.0
    },
    "stereo" : false,
    "nearClipDistance" : 0.29446816,
    "farClipDistance" : 235.574,
    "fieldOfView" : 0.44262853,
    "viewDistance" : 117.787186
  },
  "embedding" : [ 1.0, 0.0, 0.0, 0.0, 0.0, 1.0, 0.0, 0.0, 0.0, 0.0, 1.0, 0.0, 0.0, 0.0, 0.0, 1.0 ],
  "shapes" : [ {
    "id" : "7d74aa65-535a-4300-8da9-1eec1198e1d8",
    "vertices" : [ {
      "x" : 0.309017,
      "y" : -0.309017,
      "z" : -0.309017
    }, {
      "x" : 0.5,
      "y" : 0.0,
      "z" : -0.19098301
    }, {
      "x" : 0.5,
      "y" : 0.0,
      "z" : 0.19098301
    }, {
      "x" : 0.309017,
      "y" : -0.309017,
      "z" : 0.309017
    }, {
      "x" : 0.19098301,
      "y" : -0.5,
      "z" : 0.0
    }, {
      "x" : 0.0,
      "y" : 0.19098301,
      "z" : 0.5
    }, {
      "x" : 0.0,
      "y" : -0.19098301,
      "z" : 0.5
    }, {
      "x" : 0.309017,
      "y" : 0.309017,
      "z" : 0.309017
    }, {
      "x" : -0.309017,
      "y" : -0.309017,
      "z" : 0.309017
    }, {
      "x" : -0.309017,
      "y" : 0.309017,
      "z" : 0.309017
    }, {
      "x" : -0.5,
      "y" : 0.0,
      "z" : 0.19098301
    }, {
      "x" : 0.0,
      "y" : -0.19098301,
      "z" : -0.5
    }, {
      "x" : 0.0,
      "y" : 0.19098301,
      "z" : -0.5
    }, {
      "x" : 0.309017,
      "y" : 0.309017,
      "z" : -0.309017
    }, {
      "x" : -0.309017,
      "y" : -0.309017,
      "z" : -0.309017
    }, {
      "x" : -0.19098301,
      "y" : -0.5,
      "z" : 0.0
    }, {
      "x" : -0.5,
      "y" : 0.0,
      "z" : -0.19098301
    }, {
      "x" : 0.19098301,
      "y" : 0.5,
      "z" : 0.0
    }, {
      "x" : -0.309017,
      "y" : 0.309017,
      "z" : -0.309017
    }, {
      "x" : 0.0,
      "y" : 0.0,
      "z" : 0.0
    }, {
      "x" : -0.19098301,
      "y" : 0.5,
      "z" : 0.0
    } ],
    "faces" : [ {
      "vertices" : [ 12, 18, 20 ]
    }, {
      "vertices" : [ 12, 20, 17 ]
    }, {
      "vertices" : [ 12, 17, 13 ]
    }, {
      "vertices" : [ 3, 6, 8 ]
    }, {
      "vertices" : [ 3, 8, 15 ]
    }, {
      "vertices" : [ 3, 15, 4 ]
    }, {
      "vertices" : [ 0, 11, 12 ]
    }, {
      "vertices" : [ 0, 12, 13 ]
    }, {
      "vertices" : [ 0, 13, 1 ]
    }, {
      "vertices" : [ 5, 9, 10 ]
    }, {
      "vertices" : [ 5, 10, 8 ]
    }, {
      "vertices" : [ 5, 8, 6 ]
    }, {
      "vertices" : [ 2, 7, 5 ]
    }, {
      "vertices" : [ 2, 5, 6 ]
    }, {
      "vertices" : [ 2, 6, 3 ]
    }, {
      "vertices" : [ 11, 14, 16 ]
    }, {
      "vertices" : [ 11, 16, 18 ]
    }, {
      "vertices" : [ 11, 18, 12 ]
    }, {
      "vertices" : [ 1, 13, 17 ]
    }, {
      "vertices" : [ 1, 17, 7 ]
    }, {
      "vertices" : [ 1, 7, 2 ]
    }, {
      "vertices" : [ 9, 20, 18 ]
    }, {
      "vertices" : [ 9, 18, 16 ]
    }, {
      "vertices" : [ 9, 16, 10 ]
    }, {
      "vertices" : [ 0, 1, 2 ]
    }, {
      "vertices" : [ 0, 2, 3 ]
    }, {
      "vertices" : [ 0, 3, 4 ]
    }, {
      "vertices" : [ 5, 7, 17 ]
    }, {
      "vertices" : [ 5, 17, 20 ]
    }, {
      "vertices" : [ 5, 20, 9 ]
    }, {
      "vertices" : [ 0, 4, 15 ]
    }, {
      "vertices" : [ 0, 15, 14 ]
    }, {
      "vertices" : [ 0, 14, 11 ]
    }, {
      "vertices" : [ 8, 10, 16 ]
    }, {
      "vertices" : [ 8, 16, 14 ]
    }, {
      "vertices" : [ 8, 14, 15 ]
    } ]
  }, {
    "id" : "16be8fc3-13cf-4f3d-bc52-cbfb82b0042a",
    "vertices" : [ {
      "x" : 6.972136,
      "y" : 1.5,
      "z" : -0.5
    }, {
      "x" : 1.190983,
      "y" : 0.0,
      "z" : 0.072949015
    }, {
      "x" : 1.190983,
      "y" : 0.0,
      "z" : -0.309017
    }, {
      "x" : 6.972136,
      "y" : 1.5,
      "z" : -0.881966
    }, {
      "x" : 7.708204,
      "y" : 2.0,
      "z" : -0.76393205
    }, {
      "x" : 1.190983,
      "y" : 0.618034,
      "z" : -0.309017
    }, {
      "x" : 6.972136,
      "y" : 2.118034,
      "z" : -0.881966
    }, {
      "x" : 6.972136,
      "y" : 2.118034,
      "z" : -0.5
    }, {
      "x" : 1.190983,
      "y" : 0.618034,
      "z" : 0.072949015
    }, {
      "x" : 0.45491502,
      "y" : 0.11803399,
      "z" : -0.045084972
    }, {
      "x" : 8.163119,
      "y" : 2.118034,
      "z" : -0.809017
    } ],
    "faces" : [ {
      "vertices" : [ 2, 5, 6 ]
    }, {
      "vertices" : [ 2, 6, 3 ]
    }, {
      "vertices" : [ 0, 7, 8 ]
    }, {
      "vertices" : [ 0, 8, 1 ]
    }, {
      "vertices" : [ 2, 9, 5 ]
    }, {
      "vertices" : [ 4, 6, 7 ]
    }, {
      "vertices" : [ 1, 8, 9 ]
    }, {
      "vertices" : [ 0, 1, 2 ]
    }, {
      "vertices" : [ 0, 2, 3 ]
    }, {
      "vertices" : [ 5, 9, 8 ]
    }, {
      "vertices" : [ 0, 3, 4 ]
    }, {
      "vertices" : [ 5, 8, 7 ]
    }, {
      "vertices" : [ 5, 7, 6 ]
    }, {
      "vertices" : [ 0, 4, 7 ]
    }, {
      "vertices" : [ 1, 9, 2 ]
    }, {
      "vertices" : [ 3, 6, 4 ]
    } ]
  }, {
    "id" : "4e899a5f-f48d-428b-a0b8-63acc6e5d7d3",
    "vertices" : [ {
      "x" : -4.736068,
      "y" : -6.045085,
      "z" : -8.163119
    }, {
      "x" : 2.927051,
      "y" : -8.972136,
      "z" : -6.045085
    }, {
      "x" : 0.0,
      "y" : -11.09017,
      "z" : 1.618034
    }, {
      "x" : -7.663119,
      "y" : -8.163119,
      "z" : -0.5
    } ],
    "faces" : [ {
      "vertices" : [ 0, 1, 2 ]
    }, {
      "vertices" : [ 0, 2, 3 ]
    }, {
      "vertices" : [ 0, 3, 2 ]
    }, {
      "vertices" : [ 0, 2, 1 ]
    } ]
  }, {
    "id" : "c14d1966-3dd7-4fa3-97e3-8e33c2a6828b",
    "vertices" : [ {
      "x" : 3.427051,
      "y" : 1.309017,
      "z" : 6.354102
    }, {
      "x" : -3.427051,
      "y" : -1.309017,
      "z" : 10.59017
    }, {
      "x" : -2.618034,
      "y" : 6.854102,
      "z" : 8.472136
    } ],
    "faces" : [ {
      "vertices" : [ 0, 1, 2 ]
    }, {
      "vertices" : [ 0, 2, 1 ]
    } ]
  }, {
    "id" : "7af302e3-8151-4385-9ca4-5b9cae1a494a",
    "vertices" : [ {
      "x" : 6.854102,
      "y" : 0.0,
      "z" : -2.618034
    }, {
      "x" : 6.545085,
      "y" : 0.0,
      "z" : -2.5
    }, {
      "x" : 6.1405764,
      "y" : -0.1545085,
      "z" : -2.059017
    }, {
      "x" : 5.9495935,
      "y" : -0.1545085,
      "z" : -2.559017
    }, {
      "x" : 0.9045085,
      "y" : -0.1545085,
      "z" : -0.059016995
    }, {
      "x" : 0.809017,
      "y" : 0.309017,
      "z" : -0.309017
    }, {
      "x" : 0.309017,
      "y" : 0.0,
      "z" : -0.11803399
    }, {
      "x" : 6.045085,
      "y" : 0.309017,
      "z" : -2.309017
    }, {
      "x" : 0.7135255,
      "y" : -0.1545085,
      "z" : -0.559017
    } ],
    "faces" : [ {
      "vertices" : [ 2, 4, 8 ]
    }, {
      "vertices" : [ 2, 8, 3 ]
    }, {
      "vertices" : [ 2, 7, 5 ]
    }, {
      "vertices" : [ 2, 5, 4 ]
    }, {
      "vertices" : [ 4, 6, 8 ]
    }, {
      "vertices" : [ 5, 8, 6 ]
    }, {
      "vertices" : [ 1, 2, 3 ]
    }, {
      "vertices" : [ 3, 8, 5 ]
    }, {
      "vertices" : [ 3, 5, 7 ]
    }, {
      "vertices" : [ 1, 7, 2 ]
    }, {
      "vertices" : [ 1, 3, 7 ]
    }, {
      "vertices" : [ 4, 5, 6 ]
    } ]
  }, {
    "id" : "8f65ef57-8773-4a08-923c-61aedc6217ff",
    "vertices" : [ {
      "x" : -4.736068,
      "y" : -6.045085,
      "z" : -8.163119
    }, {
      "x" : -7.663119,
      "y" : -8.163119,
      "z" : -0.5
    }, {
      "x" : -9.781153,
      "y" : -2.118034,
      "z" : 5.045085
    }, {
      "x" : -8.972136,
      "y" : 6.045085,
      "z" : 2.927051
    }, {
      "x" : -6.045085,
      "y" : 8.163119,
      "z" : -4.736068
    }, {
      "x" : -3.927051,
      "y" : 2.118034,
      "z" : -10.281153
    } ],
    "faces" : [ {
      "vertices" : [ 0, 1, 2 ]
    }, {
      "vertices" : [ 0, 2, 3 ]
    }, {
      "vertices" : [ 0, 3, 4 ]
    }, {
      "vertices" : [ 0, 4, 5 ]
    }, {
      "vertices" : [ 0, 5, 4 ]
    }, {
      "vertices" : [ 0, 4, 3 ]
    }, {
      "vertices" : [ 0, 3, 2 ]
    }, {
      "vertices" : [ 0, 2, 1 ]
    } ]
  }, {
    "id" : "ec10e289-4e53-48c1-ae61-56d32e8f0061",
    "vertices" : [ {
      "x" : 3.1989825,
      "y" : 2.20757,
      "z" : 10.962727
    }, {
      "x" : 3.0989823,
      "y" : 2.6075702,
      "z" : 10.862726
    }, {
      "x" : 0.29172963,
      "y" : 0.41046387,
      "z" : 0.4607767
    }, {
      "x" : 0.39172962,
      "y" : 0.010463884,
      "z" : 0.56077665
    }, {
      "x" : 3.3989823,
      "y" : 2.7409034,
      "z" : 10.629394
    }, {
      "x" : 3.4989824,
      "y" : 2.3409035,
      "z" : 10.729393
    }, {
      "x" : 0.091729626,
      "y" : -0.12286945,
      "z" : 0.79411
    }, {
      "x" : -0.008270376,
      "y" : 0.27713054,
      "z" : 0.69411
    } ],
    "faces" : [ {
      "vertices" : [ 2, 3, 6 ]
    }, {
      "vertices" : [ 2, 6, 7 ]
    }, {
      "vertices" : [ 0, 5, 4 ]
    }, {
      "vertices" : [ 0, 4, 1 ]
    }, {
      "vertices" : [ 2, 4, 5 ]
    }, {
      "vertices" : [ 2, 5, 3 ]
    }, {
      "vertices" : [ 0, 6, 3 ]
    }, {
      "vertices" : [ 0, 3, 5 ]
    }, {
      "vertices" : [ 0, 1, 7 ]
    }, {
      "vertices" : [ 0, 7, 6 ]
    }, {
      "vertices" : [ 1, 4, 2 ]
    }, {
      "vertices" : [ 1, 2, 7 ]
    } ]
  }, {
    "id" : "f7b4a9af-3792-4bdb-99c3-18eac4db0034",
    "vertices" : [ {
      "x" : 4.236068,
      "y" : 9.472136,
      "z" : 4.236068
    }, {
      "x" : 3.427051,
      "y" : 1.309017,
      "z" : 6.354102
    }, {
      "x" : -2.618034,
      "y" : 6.854102,
      "z" : 8.472136
    } ],
    "faces" : [ {
      "vertices" : [ 0, 1, 2 ]
    }, {
      "vertices" : [ 0, 2, 1 ]
    } ]
  }, {
    "id" : "fc82e9d5-c062-49c6-b32d-58656ff9ffb3",
    "vertices" : [ {
      "x" : 3.427051,
      "y" : 1.309017,
      "z" : 6.354102
    }, {
      "x" : 2.618034,
      "y" : -6.854102,
      "z" : 8.472136
    }, {
      "x" : -3.427051,
      "y" : -1.309017,
      "z" : 10.59017
    } ],
    "faces" : [ {
      "vertices" : [ 0, 1, 2 ]
    }, {
      "vertices" : [ 0, 2, 1 ]
    } ]
  }, {
    "id" : "b7fd80ca-3f68-4fbd-8fd7-7340db5aebcf",
    "vertices" : [ {
      "x" : 8.472136,
      "y" : -2.618034,
      "z" : -6.854102
    }, {
      "x" : 11.962848,
      "y" : 0.0,
      "z" : 4.5694013
    }, {
      "x" : 4.236068,
      "y" : 9.472136,
      "z" : 4.236068
    } ],
    "faces" : [ {
      "vertices" : [ 0, 1, 2 ]
    }, {
      "vertices" : [ 0, 2, 1 ]
    } ]
  }, {
    "id" : "0515aa07-0de6-4e00-bfac-59af1a12670f",
    "vertices" : [ {
      "x" : 5.108746,
      "y" : 0.0,
      "z" : -1.9513674
    }, {
      "x" : 4.799729,
      "y" : 0.0,
      "z" : -1.8333334
    }, {
      "x" : 4.3952203,
      "y" : -0.1545085,
      "z" : -1.3923503
    }, {
      "x" : 4.2042375,
      "y" : -0.1545085,
      "z" : -1.8923503
    }, {
      "x" : 0.9045085,
      "y" : -0.1545085,
      "z" : -0.059016995
    }, {
      "x" : 0.809017,
      "y" : 0.309017,
      "z" : -0.309017
    }, {
      "x" : 0.309017,
      "y" : 0.0,
      "z" : -0.11803399
    }, {
      "x" : 4.299729,
      "y" : 0.309017,
      "z" : -1.6423503
    }, {
      "x" : 0.7135255,
      "y" : -0.1545085,
      "z" : -0.559017
    } ],
    "faces" : [ {
      "vertices" : [ 2, 4, 8 ]
    }, {
      "vertices" : [ 2, 8, 3 ]
    }, {
      "vertices" : [ 2, 7, 5 ]
    }, {
      "vertices" : [ 2, 5, 4 ]
    }, {
      "vertices" : [ 4, 6, 8 ]
    }, {
      "vertices" : [ 5, 8, 6 ]
    }, {
      "vertices" : [ 1, 2, 3 ]
    }, {
      "vertices" : [ 3, 8, 5 ]
    }, {
      "vertices" : [ 3, 5, 7 ]
    }, {
      "vertices" : [ 1, 7, 2 ]
    }, {
      "vertices" : [ 1, 3, 7 ]
    }, {
      "vertices" : [ 4, 5, 6 ]
    } ]
  }, {
    "id" : "b1d2b80b-9c66-4177-bae7-b25d08ea9ecc",
    "vertices" : [ {
      "x" : 11.962848,
      "y" : 0.0,
      "z" : 4.5694013
    }, {
      "x" : 4.236068,
      "y" : 9.472136,
      "z" : 4.236068
    }, {
      "x" : 2.618034,
      "y" : -6.854102,
      "z" : 8.472136
    } ],
    "faces" : [ {
      "vertices" : [ 0, 1, 2 ]
    }, {
      "vertices" : [ 0, 2, 1 ]
    } ]
  }, {
    "id" : "ddf098a4-3a77-4ac8-8cff-4a181987bd56",
    "vertices" : [ {
      "x" : 1.0,
      "y" : 0.309017,
      "z" : 0.19098301
    }, {
      "x" : 1.0,
      "y" : -0.309017,
      "z" : 0.19098301
    }, {
      "x" : 7.472136,
      "y" : -0.309017,
      "z" : 0.19098301
    }, {
      "x" : 7.472136,
      "y" : 0.309017,
      "z" : 0.19098301
    }, {
      "x" : 7.472136,
      "y" : -0.309017,
      "z" : -0.19098301
    }, {
      "x" : 7.472136,
      "y" : 0.309017,
      "z" : -0.19098301
    }, {
      "x" : 8.09017,
      "y" : 0.0,
      "z" : 0.0
    }, {
      "x" : 0.38196602,
      "y" : 0.0,
      "z" : 0.0
    }, {
      "x" : 1.0,
      "y" : 0.309017,
      "z" : -0.19098301
    }, {
      "x" : 1.0,
      "y" : -0.309017,
      "z" : -0.19098301
    }, {
      "x" : 8.472136,
      "y" : 0.0,
      "z" : 0.0
    } ],
    "faces" : [ {
      "vertices" : [ 1, 9, 4 ]
    }, {
      "vertices" : [ 1, 4, 2 ]
    }, {
      "vertices" : [ 0, 3, 5 ]
    }, {
      "vertices" : [ 0, 5, 8 ]
    }, {
      "vertices" : [ 1, 7, 9 ]
    }, {
      "vertices" : [ 0, 1, 2 ]
    }, {
      "vertices" : [ 0, 2, 3 ]
    }, {
      "vertices" : [ 7, 8, 9 ]
    }, {
      "vertices" : [ 0, 7, 1 ]
    }, {
      "vertices" : [ 4, 9, 8 ]
    }, {
      "vertices" : [ 4, 8, 5 ]
    }, {
      "vertices" : [ 2, 6, 3 ]
    }, {
      "vertices" : [ 2, 4, 6 ]
    }, {
      "vertices" : [ 3, 6, 5 ]
    }, {
      "vertices" : [ 4, 5, 6 ]
    }, {
      "vertices" : [ 0, 8, 7 ]
    } ]
  }, {
    "id" : "0edf0140-aa8a-4018-a256-83c0699d7a18",
    "vertices" : [ {
      "x" : 2.118034,
      "y" : 10.281153,
      "z" : -3.927051
    }, {
      "x" : 4.236068,
      "y" : 4.236068,
      "z" : -9.472136
    }, {
      "x" : 6.354102,
      "y" : 3.427051,
      "z" : -1.309017
    } ],
    "faces" : [ {
      "vertices" : [ 0, 1, 2 ]
    }, {
      "vertices" : [ 0, 2, 1 ]
    } ]
  }, {
    "id" : "08efc37b-2cc6-49c0-ada9-fab1e78fd840",
    "vertices" : [ {
      "x" : 2.618034,
      "y" : -6.854102,
      "z" : 8.472136
    }, {
      "x" : -3.427051,
      "y" : -1.309017,
      "z" : 10.59017
    }, {
      "x" : -9.781153,
      "y" : -2.118034,
      "z" : 5.045085
    }, {
      "x" : -7.663119,
      "y" : -8.163119,
      "z" : -0.5
    }, {
      "x" : 0.0,
      "y" : -11.09017,
      "z" : 1.618034
    } ],
    "faces" : [ {
      "vertices" : [ 0, 1, 2 ]
    }, {
      "vertices" : [ 0, 2, 3 ]
    }, {
      "vertices" : [ 0, 3, 4 ]
    }, {
      "vertices" : [ 0, 4, 3 ]
    }, {
      "vertices" : [ 0, 3, 2 ]
    }, {
      "vertices" : [ 0, 2, 1 ]
    } ]
  }, {
    "id" : "afdff1ba-66e4-4ffa-b548-8fde6d2235aa",
    "vertices" : [ {
      "x" : 5.545085,
      "y" : -4.736068,
      "z" : 0.809017
    }, {
      "x" : 2.927051,
      "y" : -8.972136,
      "z" : -6.045085
    }, {
      "x" : 8.472136,
      "y" : -2.618034,
      "z" : -6.854102
    } ],
    "faces" : [ {
      "vertices" : [ 0, 1, 2 ]
    }, {
      "vertices" : [ 0, 2, 1 ]
    } ]
  }, {
    "id" : "cafbef97-15de-4cb8-8d9c-0cedc0815e6f",
    "vertices" : [ {
      "x" : 2.118034,
      "y" : 10.281153,
      "z" : -3.927051
    }, {
      "x" : -6.045085,
      "y" : 8.163119,
      "z" : -4.736068
    }, {
      "x" : -8.972136,
      "y" : 6.045085,
      "z" : 2.927051
    }, {
      "x" : -2.618034,
      "y" : 6.854102,
      "z" : 8.472136
    }, {
      "x" : 4.236068,
      "y" : 9.472136,
      "z" : 4.236068
    } ],
    "faces" : [ {
      "vertices" : [ 0, 1, 2 ]
    }, {
      "vertices" : [ 0, 2, 3 ]
    }, {
      "vertices" : [ 0, 3, 4 ]
    }, {
      "vertices" : [ 0, 4, 3 ]
    }, {
      "vertices" : [ 0, 3, 2 ]
    }, {
      "vertices" : [ 0, 2, 1 ]
    } ]
  }, {
    "id" : "5ba6fb8f-af2a-4377-947e-782331bb7752",
    "vertices" : [ {
      "x" : 2.618034,
      "y" : -6.854102,
      "z" : 8.472136
    }, {
      "x" : 8.472136,
      "y" : -2.618034,
      "z" : -6.854102
    }, {
      "x" : 11.962848,
      "y" : 0.0,
      "z" : 4.5694013
    } ],
    "faces" : [ {
      "vertices" : [ 0, 1, 2 ]
    }, {
      "vertices" : [ 0, 2, 1 ]
    } ]
  }, {
    "id" : "2b5754b5-65f9-4781-a021-bdc6a149e8a0",
    "vertices" : [ {
      "x" : -4.736068,
      "y" : -6.045085,
      "z" : -8.163119
    }, {
      "x" : -3.927051,
      "y" : 2.118034,
      "z" : -10.281153
    }, {
      "x" : 4.236068,
      "y" : 4.236068,
      "z" : -9.472136
    }, {
      "x" : 8.472136,
      "y" : -2.618034,
      "z" : -6.854102
    }, {
      "x" : 2.927051,
      "y" : -8.972136,
      "z" : -6.045085
    } ],
    "faces" : [ {
      "vertices" : [ 0, 1, 2 ]
    }, {
      "vertices" : [ 0, 2, 3 ]
    }, {
      "vertices" : [ 0, 3, 4 ]
    }, {
      "vertices" : [ 0, 4, 3 ]
    }, {
      "vertices" : [ 0, 3, 2 ]
    }, {
      "vertices" : [ 0, 2, 1 ]
    } ]
  }, {
    "id" : "5f553bf4-339e-4dbf-96be-b18275237073",
    "vertices" : [ {
      "x" : 0.809017,
      "y" : 0.618034,
      "z" : -0.19098301
    }, {
      "x" : 0.809017,
      "y" : 0.0,
      "z" : -0.19098301
    }, {
      "x" : 0.309017,
      "y" : 0.11803399,
      "z" : 0.0
    }, {
      "x" : 6.045085,
      "y" : 2.618034,
      "z" : 0.19098301
    }, {
      "x" : 0.809017,
      "y" : 0.618034,
      "z" : 0.19098301
    }, {
      "x" : 0.809017,
      "y" : 0.0,
      "z" : 0.19098301
    }, {
      "x" : 6.045085,
      "y" : 2.0,
      "z" : 0.19098301
    }, {
      "x" : 6.545085,
      "y" : 2.5,
      "z" : 0.0
    }, {
      "x" : 6.045085,
      "y" : 2.618034,
      "z" : -0.19098301
    }, {
      "x" : 6.854102,
      "y" : 2.618034,
      "z" : 0.0
    }, {
      "x" : 6.045085,
      "y" : 2.0,
      "z" : -0.19098301
    } ],
    "faces" : [ {
      "vertices" : [ 3, 6, 7 ]
    }, {
      "vertices" : [ 3, 4, 5 ]
    }, {
      "vertices" : [ 3, 5, 6 ]
    }, {
      "vertices" : [ 3, 7, 8 ]
    }, {
      "vertices" : [ 0, 1, 2 ]
    }, {
      "vertices" : [ 0, 8, 10 ]
    }, {
      "vertices" : [ 0, 10, 1 ]
    }, {
      "vertices" : [ 1, 10, 6 ]
    }, {
      "vertices" : [ 1, 6, 5 ]
    }, {
      "vertices" : [ 0, 2, 4 ]
    }, {
      "vertices" : [ 6, 10, 7 ]
    }, {
      "vertices" : [ 1, 5, 2 ]
    }, {
      "vertices" : [ 7, 10, 8 ]
    }, {
      "vertices" : [ 2, 5, 4 ]
    }, {
      "vertices" : [ 0, 4, 3 ]
    }, {
      "vertices" : [ 0, 3, 8 ]
    } ]
  }, {
    "id" : "21d34de5-341f-4ee5-92db-4e958c4b09a7",
    "vertices" : [ {
      "x" : 2.927051,
      "y" : -8.972136,
      "z" : -6.045085
    }, {
      "x" : 0.0,
      "y" : -11.09017,
      "z" : 1.618034
    }, {
      "x" : 5.545085,
      "y" : -4.736068,
      "z" : 0.809017
    } ],
    "faces" : [ {
      "vertices" : [ 0, 1, 2 ]
    }, {
      "vertices" : [ 0, 2, 1 ]
    } ]
  }, {
    "id" : "c93da429-7037-42a4-8585-74539c5beb81",
    "vertices" : [ {
      "x" : 2.118034,
      "y" : 10.281153,
      "z" : -3.927051
    }, {
      "x" : 4.236068,
      "y" : 4.236068,
      "z" : -9.472136
    }, {
      "x" : -3.927051,
      "y" : 2.118034,
      "z" : -10.281153
    }, {
      "x" : -6.045085,
      "y" : 8.163119,
      "z" : -4.736068
    } ],
    "faces" : [ {
      "vertices" : [ 0, 1, 2 ]
    }, {
      "vertices" : [ 0, 2, 3 ]
    }, {
      "vertices" : [ 0, 3, 2 ]
    }, {
      "vertices" : [ 0, 2, 1 ]
    } ]
  }, {
    "id" : "d41ab919-2de4-4682-80ba-560bb3933614",
    "vertices" : [ {
      "x" : 6.354102,
      "y" : 3.427051,
      "z" : -1.309017
    }, {
      "x" : 4.236068,
      "y" : 9.472136,
      "z" : 4.236068
    }, {
      "x" : 2.118034,
      "y" : 10.281153,
      "z" : -3.927051
    } ],
    "faces" : [ {
      "vertices" : [ 0, 1, 2 ]
    }, {
      "vertices" : [ 0, 2, 1 ]
    } ]
  }, {
    "id" : "d4a73cf0-49bc-4985-80c1-906221a8cf49",
    "vertices" : [ {
      "x" : 8.472136,
      "y" : -2.618034,
      "z" : -6.854102
    }, {
      "x" : 6.354102,
      "y" : 3.427051,
      "z" : -1.309017
    }, {
      "x" : 4.236068,
      "y" : 4.236068,
      "z" : -9.472136
    } ],
    "faces" : [ {
      "vertices" : [ 0, 1, 2 ]
    }, {
      "vertices" : [ 0, 2, 1 ]
    } ]
  }, {
    "id" : "343402f1-8658-4d93-b847-f4b5297cd4f5",
    "vertices" : [ {
      "x" : 2.618034,
      "y" : -6.854102,
      "z" : 8.472136
    }, {
      "x" : 5.545085,
      "y" : -4.736068,
      "z" : 0.809017
    }, {
      "x" : 0.0,
      "y" : -11.09017,
      "z" : 1.618034
    } ],
    "faces" : [ {
      "vertices" : [ 0, 1, 2 ]
    }, {
      "vertices" : [ 0, 2, 1 ]
    } ]
  } ],
  "instances" : [ {
    "shape" : "7d74aa65-535a-4300-8da9-1eec1198e1d8",
    "color" : "#FFFFFF",
    "position" : {
      "x" : -2.618034,
      "y" : 6.854102,
      "z" : 8.472136
    }
  }, {
    "shape" : "16be8fc3-13cf-4f3d-bc52-cbfb82b0042a",
    "color" : "#1E1E1E",
    "position" : {
      "x" : -7.663119,
      "y" : -8.163119,
      "z" : -0.5
    },
    "orientation" : 46
  }, {
    "shape" : "7d74aa65-535a-4300-8da9-1eec1198e1d8",
    "color" : "#FFFFFF",
    "position" : {
      "x" : 4.236068,
      "y" : 9.472136,
      "z" : 4.236068
    }
  }, {
    "shape" : "16be8fc3-13cf-4f3d-bc52-cbfb82b0042a",
    "color" : "#1E1E1E",
    "position" : {
      "x" : 4.236068,
      "y" : 9.472136,
      "z" : 4.236068
    },
    "orientation" : 25
  }, {
    "shape" : "16be8fc3-13cf-4f3d-bc52-cbfb82b0042a",
    "color" : "#1E1E1E",
    "position" : {
      "x" : 0.0,
      "y" : -11.09017,
      "z" : 1.618034
    },
    "orientation" : 57
  }, {
    "shape" : "7d74aa65-535a-4300-8da9-1eec1198e1d8",
    "color" : "#FFFFFF",
    "position" : {
      "x" : 2.927051,
      "y" : -8.972136,
      "z" : -6.045085
    }
  }, {
    "shape" : "4e899a5f-f48d-428b-a0b8-63acc6e5d7d3",
    "color" : "#00FF00",
    "position" : {
      "x" : 0.0,
      "y" : 0.0,
      "z" : 0.0
    }
  }, {
    "shape" : "7d74aa65-535a-4300-8da9-1eec1198e1d8",
    "color" : "#FFFFFF",
    "position" : {
      "x" : 8.472136,
      "y" : -2.618034,
      "z" : -6.854102
    }
  }, {
    "shape" : "16be8fc3-13cf-4f3d-bc52-cbfb82b0042a",
    "color" : "#1E1E1E",
    "position" : {
      "x" : 5.545085,
      "y" : -4.736068,
      "z" : 0.809017
    },
    "orientation" : 46
  }, {
    "shape" : "16be8fc3-13cf-4f3d-bc52-cbfb82b0042a",
    "color" : "#1E1E1E",
    "position" : {
      "x" : 3.427051,
      "y" : 1.309017,
      "z" : 6.354102
    },
    "orientation" : 46
  }, {
    "shape" : "7d74aa65-535a-4300-8da9-1eec1198e1d8",
    "color" : "#FFFFFF",
    "position" : {
      "x" : 6.354102,
      "y" : 3.427051,
      "z" : -1.309017
    }
  }, {
    "shape" : "c14d1966-3dd7-4fa3-97e3-8e33c2a6828b",
    "color" : "#00FF00",
    "position" : {
      "x" : 0.0,
      "y" : 0.0,
      "z" : 0.0
    }
  }, {
    "shape" : "16be8fc3-13cf-4f3d-bc52-cbfb82b0042a",
    "color" : "#1E1E1E",
    "position" : {
      "x" : -9.781153,
      "y" : -2.118034,
      "z" : 5.045085
    },
    "orientation" : 46
  }, {
    "shape" : "7af302e3-8151-4385-9ca4-5b9cae1a494a",
    "color" : "#F0A000",
    "position" : {
      "x" : 5.108746,
      "y" : 0.0,
      "z" : 1.9513674
    },
    "orientation" : 8
  }, {
    "shape" : "8f65ef57-8773-4a08-923c-61aedc6217ff",
    "color" : "#00FF00",
    "position" : {
      "x" : 0.0,
      "y" : 0.0,
      "z" : 0.0
    }
  }, {
    "shape" : "7d74aa65-535a-4300-8da9-1eec1198e1d8",
    "color" : "#FFFFFF",
    "position" : {
      "x" : -3.927051,
      "y" : 2.118034,
      "z" : -10.281153
    }
  }, {
    "shape" : "7d74aa65-535a-4300-8da9-1eec1198e1d8",
    "color" : "#FFFFFF",
    "position" : {
      "x" : 0.0,
      "y" : -11.09017,
      "z" : 1.618034
    }
  }, {
    "shape" : "16be8fc3-13cf-4f3d-bc52-cbfb82b0042a",
    "color" : "#1E1E1E",
    "position" : {
      "x" : -8.972136,
      "y" : 6.045085,
      "z" : 2.927051
    },
    "orientation" : 25
  }, {
    "shape" : "ec10e289-4e53-48c1-ae61-56d32e8f0061",
    "color" : "#FFFFFF",
    "position" : {
      "x" : 2.618034,
      "y" : -6.854102,
      "z" : 8.472136
    },
    "orientation" : 18
  }, {
    "shape" : "f7b4a9af-3792-4bdb-99c3-18eac4db0034",
    "color" : "#00FF00",
    "position" : {
      "x" : 0.0,
      "y" : 0.0,
      "z" : 0.0
    }
  }, {
    "shape" : "16be8fc3-13cf-4f3d-bc52-cbfb82b0042a",
    "color" : "#1E1E1E",
    "position" : {
      "x" : 2.118034,
      "y" : 10.281153,
      "z" : -3.927051
    },
    "orientation" : 2
  }, {
    "shape" : "16be8fc3-13cf-4f3d-bc52-cbfb82b0042a",
    "color" : "#1E1E1E",
    "position" : {
      "x" : 2.927051,
      "y" : -8.972136,
      "z" : -6.045085
    },
    "orientation" : 6
  }, {
    "shape" : "ec10e289-4e53-48c1-ae61-56d32e8f0061",
    "color" : "#FFFFFF",
    "position" : {
      "x" : 4.236068,
      "y" : 9.472136,
      "z" : 4.236068
    },
    "orientation" : 11
  }, {
    "shape" : "7d74aa65-535a-4300-8da9-1eec1198e1d8",
    "color" : "#FFFFFF",
    "position" : {
      "x" : 0.0,
      "y" : 0.0,
      "z" : 0.0
    }
  }, {
    "shape" : "fc82e9d5-c062-49c6-b32d-58656ff9ffb3",
    "color" : "#00FF00",
    "position" : {
      "x" : 0.0,
      "y" : 0.0,
      "z" : 0.0
    }
  }, {
    "shape" : "b7fd80ca-3f68-4fbd-8fd7-7340db5aebcf",
    "color" : "#00FF00",
    "position" : {
      "x" : 0.0,
      "y" : 0.0,
      "z" : 0.0
    }
  }, {
    "shape" : "16be8fc3-13cf-4f3d-bc52-cbfb82b0042a",
    "color" : "#1E1E1E",
    "position" : {
      "x" : 2.618034,
      "y" : -6.854102,
      "z" : 8.472136
    },
    "orientation" : 46
  }, {
    "shape" : "7af302e3-8151-4385-9ca4-5b9cae1a494a",
    "color" : "#F0A000",
    "position" : {
      "x" : 0.0,
      "y" : 0.0,
      "z" : 0.0
    },
    "orientation" : 30
  }, {
    "shape" : "7d74aa65-535a-4300-8da9-1eec1198e1d8",
    "color" : "#FFFFFF",
    "position" : {
      "x" : 5.108746,
      "y" : 0.0,
      "z" : 1.9513674
    }
  }, {
    "shape" : "0515aa07-0de6-4e00-bfac-59af1a12670f",
    "color" : "#F0A000",
    "position" : {
      "x" : 5.108746,
      "y" : 0.0,
      "z" : 1.9513674
    },
    "orientation" : 30
  }, {
    "shape" : "16be8fc3-13cf-4f3d-bc52-cbfb82b0042a",
    "color" : "#1E1E1E",
    "position" : {
      "x" : -9.781153,
      "y" : -2.118034,
      "z" : 5.045085
    },
    "orientation" : 25
  }, {
    "shape" : "16be8fc3-13cf-4f3d-bc52-cbfb82b0042a",
    "color" : "#1E1E1E",
    "position" : {
      "x" : -3.427051,
      "y" : -1.309017,
      "z" : 10.59017
    },
    "orientation" : 53
  }, {
    "shape" : "16be8fc3-13cf-4f3d-bc52-cbfb82b0042a",
    "color" : "#1E1E1E",
    "position" : {
      "x" : 4.236068,
      "y" : 4.236068,
      "z" : -9.472136
    },
    "orientation" : 2
  }, {
    "shape" : "16be8fc3-13cf-4f3d-bc52-cbfb82b0042a",
    "color" : "#1E1E1E",
    "position" : {
      "x" : -3.927051,
      "y" : 2.118034,
      "z" : -10.281153
    },
    "orientation" : 44
  }, {
    "shape" : "b1d2b80b-9c66-4177-bae7-b25d08ea9ecc",
    "color" : "#00FF00",
    "position" : {
      "x" : 0.0,
      "y" : 0.0,
      "z" : 0.0
    }
  }, {
    "shape" : "7d74aa65-535a-4300-8da9-1eec1198e1d8",
    "color" : "#FFFFFF",
    "position" : {
      "x" : -9.781153,
      "y" : -2.118034,
      "z" : 5.045085
    }
  }, {
    "shape" : "ddf098a4-3a77-4ac8-8cff-4a181987bd56",
    "color" : "#007695",
    "position" : {
      "x" : 4.236068,
      "y" : 9.472136,
      "z" : 4.236068
    },
    "orientation" : 41
  }, {
    "shape" : "7d74aa65-535a-4300-8da9-1eec1198e1d8",
    "color" : "#FFFFFF",
    "position" : {
      "x" : -6.045085,
      "y" : 8.163119,
      "z" : -4.736068
    }
  }, {
    "shape" : "ddf098a4-3a77-4ac8-8cff-4a181987bd56",
    "color" : "#007695",
    "position" : {
      "x" : 8.472136,
      "y" : -2.618034,
      "z" : -6.854102
    },
    "orientation" : 54
  }, {
    "shape" : "16be8fc3-13cf-4f3d-bc52-cbfb82b0042a",
    "color" : "#1E1E1E",
    "position" : {
      "x" : 0.0,
      "y" : -11.09017,
      "z" : 1.618034
    },
    "orientation" : 6
  }, {
    "shape" : "7d74aa65-535a-4300-8da9-1eec1198e1d8",
    "color" : "#FFFFFF",
    "position" : {
      "x" : 4.236068,
      "y" : 4.236068,
      "z" : -9.472136
    }
  }, {
    "shape" : "0edf0140-aa8a-4018-a256-83c0699d7a18",
    "color" : "#00FF00",
    "position" : {
      "x" : 0.0,
      "y" : 0.0,
      "z" : 0.0
    }
  }, {
    "shape" : "08efc37b-2cc6-49c0-ada9-fab1e78fd840",
    "color" : "#00FF00",
    "position" : {
      "x" : 0.0,
      "y" : 0.0,
      "z" : 0.0
    }
  }, {
    "shape" : "afdff1ba-66e4-4ffa-b548-8fde6d2235aa",
    "color" : "#00FF00",
    "position" : {
      "x" : 0.0,
      "y" : 0.0,
      "z" : 0.0
    }
  }, {
    "shape" : "ddf098a4-3a77-4ac8-8cff-4a181987bd56",
    "color" : "#007695",
    "position" : {
      "x" : 6.354102,
      "y" : 3.427051,
      "z" : -1.309017
    },
    "orientation" : 54
  }, {
    "shape" : "16be8fc3-13cf-4f3d-bc52-cbfb82b0042a",
    "color" : "#1E1E1E",
    "position" : {
      "x" : -6.854102,
      "y" : 0.0,
      "z" : -2.618034
    },
    "orientation" : 46
  }, {
    "shape" : "cafbef97-15de-4cb8-8d9c-0cedc0815e6f",
    "color" : "#00FF00",
    "position" : {
      "x" : 0.0,
      "y" : 0.0,
      "z" : 0.0
    }
  }, {
    "shape" : "16be8fc3-13cf-4f3d-bc52-cbfb82b0042a",
    "color" : "#1E1E1E",
    "position" : {
      "x" : 2.118034,
      "y" : 10.281153,
      "z" : -3.927051
    },
    "orientation" : 30
  }, {
    "shape" : "16be8fc3-13cf-4f3d-bc52-cbfb82b0042a",
    "color" : "#1E1E1E",
    "position" : {
      "x" : 2.118034,
      "y" : 10.281153,
      "z" : -3.927051
    },
    "orientation" : 25
  }, {
    "shape" : "16be8fc3-13cf-4f3d-bc52-cbfb82b0042a",
    "color" : "#1E1E1E",
    "position" : {
      "x" : -4.736068,
      "y" : -6.045085,
      "z" : -8.163119
    },
    "orientation" : 44
  }, {
    "shape" : "5ba6fb8f-af2a-4377-947e-782331bb7752",
    "color" : "#00FF00",
    "position" : {
      "x" : 0.0,
      "y" : 0.0,
      "z" : 0.0
    }
  }, {
    "shape" : "2b5754b5-65f9-4781-a021-bdc6a149e8a0",
    "color" : "#00FF00",
    "position" : {
      "x" : 0.0,
      "y" : 0.0,
      "z" : 0.0
    }
  }, {
    "shape" : "5f553bf4-339e-4dbf-96be-b18275237073",
    "color" : "#6C00C6",
    "position" : {
      "x" : 0.0,
      "y" : 0.0,
      "z" : 0.0
    },
    "orientation" : 14
  }, {
    "shape" : "ddf098a4-3a77-4ac8-8cff-4a181987bd56",
    "color" : "#007695",
    "position" : {
      "x" : 0.0,
      "y" : -11.09017,
      "z" : 1.618034
    },
    "orientation" : 10
  }, {
    "shape" : "5f553bf4-339e-4dbf-96be-b18275237073",
    "color" : "#6C00C6",
    "position" : {
      "x" : 5.545085,
      "y" : -4.736068,
      "z" : 0.809017
    },
