{
  "polygons" : "true",
  "field" : "golden",
  "symmetry" : "icosahedral",
  "orientations" : [ [ 1.0, 0.0, 0.0, 0.0, 0.0, 1.0, 0.0, 0.0, 0.0, 0.0, 1.0, 0.0, 0.0, 0.0, 0.0, 1.0 ], [ 0.0, 0.0, 1.0, 0.0, 1.0, 0.0, 0.0, 0.0, 0.0, 1.0, 0.0, 0.0, 0.0, 0.0, 0.0, 1.0 ], [ 0.0, 1.0, 0.0, 0.0, 0.0, 0.0, 1.0, 0.0, 1.0, 0.0, 0.0, 0.0, 0.0, 0.0, 0.0, 1.0 ], [ 0.809017, 0.309017, 0.5, 0.0, 0.309017, 0.5, -0.809017, 0.0, -0.5, 0.809017, 0.309017, 0.0, 0.0, 0.0, 0.0, 1.0 ], [ -0.5, 0.809017, 0.309017, 0.0, 0.809017, 0.309017, 0.5, 0.0, 0.309017, 0.5, -0.809017, 0.0, 0.0, 0.0, 0.0, 1.0 ], [ 0.309017, 0.5, -0.809017, 0.0, -0.5, 0.809017, 0.309017, 0.0, 0.809017, 0.309017, 0.5, 0.0, 0.0, 0.0, 0.0, 1.0 ], [ 0.5, 0.809017, 0.309017, 0.0, 0.809017, -0.309017, -0.5, 0.0, -0.309017, 0.5, -0.809017, 0.0, 0.0, 0.0, 0.0, 1.0 ], [ -0.309017, 0.5, -0.809017, 0.0, 0.5, 0.809017, 0.309017, 0.0, 0.809017, -0.309017, -0.5, 0.0, 0.0, 0.0, 0.0, 1.0 ], [ 0.809017, -0.309017, -0.5, 0.0, -0.309017, 0.5, -0.809017, 0.0, 0.5, 0.809017, 0.309017, 0.0, 0.0, 0.0, 0.0, 1.0 ], [ 0.5, 0.809017, -0.309017, 0.0, 0.809017, -0.309017, 0.5, 0.0, 0.309017, -0.5, -0.809017, 0.0, 0.0, 0.0, 0.0, 1.0 ], [ 0.309017, -0.5, -0.809017, 0.0, 0.5, 0.809017, -0.309017, 0.0, 0.809017, -0.309017, 0.5, 0.0, 0.0, 0.0, 0.0, 1.0 ], [ 0.809017, -0.309017, 0.5, 0.0, 0.309017, -0.5, -0.809017, 0.0, 0.5, 0.809017, -0.309017, 0.0, 0.0, 0.0, 0.0, 1.0 ], [ 0.809017, 0.309017, -0.5, 0.0, 0.309017, 0.5, 0.809017, 0.0, 0.5, -0.809017, 0.309017, 0.0, 0.0, 0.0, 0.0, 1.0 ], [ 0.5, -0.809017, 0.309017, 0.0, 0.809017, 0.309017, -0.5, 0.0, 0.309017, 0.5, 0.809017, 0.0, 0.0, 0.0, 0.0, 1.0 ], [ 0.309017, 0.5, 0.809017, 0.0, 0.5, -0.809017, 0.309017, 0.0, 0.809017, 0.309017, -0.5, 0.0, 0.0, 0.0, 0.0, 1.0 ], [ 1.0, 0.0, 0.0, 0.0, 0.0, -1.0, 0.0, 0.0, 0.0, 0.0, -1.0, 0.0, 0.0, 0.0, 0.0, 1.0 ], [ 0.0, 0.0, 1.0, 0.0, -1.0, 0.0, 0.0, 0.0, 0.0, -1.0, 0.0, 0.0, 0.0, 0.0, 0.0, 1.0 ], [ 0.0, 1.0, 0.0, 0.0, 0.0, 0.0, -1.0, 0.0, -1.0, 0.0, 0.0, 0.0, 0.0, 0.0, 0.0, 1.0 ], [ 0.809017, 0.309017, 0.5, 0.0, -0.309017, -0.5, 0.809017, 0.0, 0.5, -0.809017, -0.309017, 0.0, 0.0, 0.0, 0.0, 1.0 ], [ -0.5, 0.809017, 0.309017, 0.0, -0.809017, -0.309017, -0.5, 0.0, -0.309017, -0.5, 0.809017, 0.0, 0.0, 0.0, 0.0, 1.0 ], [ 0.309017, 0.5, -0.809017, 0.0, 0.5, -0.809017, -0.309017, 0.0, -0.809017, -0.309017, -0.5, 0.0, 0.0, 0.0, 0.0, 1.0 ], [ 0.5, 0.809017, 0.309017, 0.0, -0.809017, 0.309017, 0.5, 0.0, 0.309017, -0.5, 0.809017, 0.0, 0.0, 0.0, 0.0, 1.0 ], [ -0.309017, 0.5, -0.809017, 0.0, -0.5, -0.809017, -0.309017, 0.0, -0.809017, 0.309017, 0.5, 0.0, 0.0, 0.0, 0.0, 1.0 ], [ 0.809017, -0.309017, -0.5, 0.0, 0.309017, -0.5, 0.809017, 0.0, -0.5, -0.809017, -0.309017, 0.0, 0.0, 0.0, 0.0, 1.0 ], [ 0.5, 0.809017, -0.309017, 0.0, -0.809017, 0.309017, -0.5, 0.0, -0.309017, 0.5, 0.809017, 0.0, 0.0, 0.0, 0.0, 1.0 ], [ 0.309017, -0.5, -0.809017, 0.0, -0.5, -0.809017, 0.309017, 0.0, -0.809017, 0.309017, -0.5, 0.0, 0.0, 0.0, 0.0, 1.0 ], [ 0.809017, -0.309017, 0.5, 0.0, -0.309017, 0.5, 0.809017, 0.0, -0.5, -0.809017, 0.309017, 0.0, 0.0, 0.0, 0.0, 1.0 ], [ 0.809017, 0.309017, -0.5, 0.0, -0.309017, -0.5, -0.809017, 0.0, -0.5, 0.809017, -0.309017, 0.0, 0.0, 0.0, 0.0, 1.0 ], [ 0.5, -0.809017, 0.309017, 0.0, -0.809017, -0.309017, 0.5, 0.0, -0.309017, -0.5, -0.809017, 0.0, 0.0, 0.0, 0.0, 1.0 ], [ 0.309017, 0.5, 0.809017, 0.0, -0.5, 0.809017, -0.309017, 0.0, -0.809017, -0.309017, 0.5, 0.0, 0.0, 0.0, 0.0, 1.0 ], [ -1.0, 0.0, 0.0, 0.0, 0.0, -1.0, 0.0, 0.0, 0.0, 0.0, 1.0, 0.0, 0.0, 0.0, 0.0, 1.0 ], [ 0.0, 0.0, -1.0, 0.0, -1.0, 0.0, 0.0, 0.0, 0.0, 1.0, 0.0, 0.0, 0.0, 0.0, 0.0, 1.0 ], [ 0.0, -1.0, 0.0, 0.0, 0.0, 0.0, -1.0, 0.0, 1.0, 0.0, 0.0, 0.0, 0.0, 0.0, 0.0, 1.0 ], [ -0.809017, -0.309017, -0.5, 0.0, -0.309017, -0.5, 0.809017, 0.0, -0.5, 0.809017, 0.309017, 0.0, 0.0, 0.0, 0.0, 1.0 ], [ 0.5, -0.809017, -0.309017, 0.0, -0.809017, -0.309017, -0.5, 0.0, 0.309017, 0.5, -0.809017, 0.0, 0.0, 0.0, 0.0, 1.0 ], [ -0.309017, -0.5, 0.809017, 0.0, 0.5, -0.809017, -0.309017, 0.0, 0.809017, 0.309017, 0.5, 0.0, 0.0, 0.0, 0.0, 1.0 ], [ -0.5, -0.809017, -0.309017, 0.0, -0.809017, 0.309017, 0.5, 0.0, -0.309017, 0.5, -0.809017, 0.0, 0.0, 0.0, 0.0, 1.0 ], [ 0.309017, -0.5, 0.809017, 0.0, -0.5, -0.809017, -0.309017, 0.0, 0.809017, -0.309017, -0.5, 0.0, 0.0, 0.0, 0.0, 1.0 ], [ -0.809017, 0.309017, 0.5, 0.0, 0.309017, -0.5, 0.809017, 0.0, 0.5, 0.809017, 0.309017, 0.0, 0.0, 0.0, 0.0, 1.0 ], [ -0.5, -0.809017, 0.309017, 0.0, -0.809017, 0.309017, -0.5, 0.0, 0.309017, -0.5, -0.809017, 0.0, 0.0, 0.0, 0.0, 1.0 ], [ -0.309017, 0.5, 0.809017, 0.0, -0.5, -0.809017, 0.309017, 0.0, 0.809017, -0.309017, 0.5, 0.0, 0.0, 0.0, 0.0, 1.0 ], [ -0.809017, 0.309017, -0.5, 0.0, -0.309017, 0.5, 0.809017, 0.0, 0.5, 0.809017, -0.309017, 0.0, 0.0, 0.0, 0.0, 1.0 ], [ -0.809017, -0.309017, 0.5, 0.0, -0.309017, -0.5, -0.809017, 0.0, 0.5, -0.809017, 0.309017, 0.0, 0.0, 0.0, 0.0, 1.0 ], [ -0.5, 0.809017, -0.309017, 0.0, -0.809017, -0.309017, 0.5, 0.0, 0.309017, 0.5, 0.809017, 0.0, 0.0, 0.0, 0.0, 1.0 ], [ -0.309017, -0.5, -0.809017, 0.0, -0.5, 0.809017, -0.309017, 0.0, 0.809017, 0.309017, -0.5, 0.0, 0.0, 0.0, 0.0, 1.0 ], [ -1.0, 0.0, 0.0, 0.0, 0.0, 1.0, 0.0, 0.0, 0.0, 0.0, -1.0, 0.0, 0.0, 0.0, 0.0, 1.0 ], [ 0.0, 0.0, -1.0, 0.0, 1.0, 0.0, 0.0, 0.0, 0.0, -1.0, 0.0, 0.0, 0.0, 0.0, 0.0, 1.0 ], [ 0.0, -1.0, 0.0, 0.0, 0.0, 0.0, 1.0, 0.0, -1.0, 0.0, 0.0, 0.0, 0.0, 0.0, 0.0, 1.0 ], [ -0.809017, -0.309017, -0.5, 0.0, 0.309017, 0.5, -0.809017, 0.0, 0.5, -0.809017, -0.309017, 0.0, 0.0, 0.0, 0.0, 1.0 ], [ 0.5, -0.809017, -0.309017, 0.0, 0.809017, 0.309017, 0.5, 0.0, -0.309017, -0.5, 0.809017, 0.0, 0.0, 0.0, 0.0, 1.0 ], [ -0.309017, -0.5, 0.809017, 0.0, -0.5, 0.809017, 0.309017, 0.0, -0.809017, -0.309017, -0.5, 0.0, 0.0, 0.0, 0.0, 1.0 ], [ -0.5, -0.809017, -0.309017, 0.0, 0.809017, -0.309017, -0.5, 0.0, 0.309017, -0.5, 0.809017, 0.0, 0.0, 0.0, 0.0, 1.0 ], [ 0.309017, -0.5, 0.809017, 0.0, 0.5, 0.809017, 0.309017, 0.0, -0.809017, 0.309017, 0.5, 0.0, 0.0, 0.0, 0.0, 1.0 ], [ -0.809017, 0.309017, 0.5, 0.0, -0.309017, 0.5, -0.809017, 0.0, -0.5, -0.809017, -0.309017, 0.0, 0.0, 0.0, 0.0, 1.0 ], [ -0.5, -0.809017, 0.309017, 0.0, 0.809017, -0.309017, 0.5, 0.0, -0.309017, 0.5, 0.809017, 0.0, 0.0, 0.0, 0.0, 1.0 ], [ -0.309017, 0.5, 0.809017, 0.0, 0.5, 0.809017, -0.309017, 0.0, -0.809017, 0.309017, -0.5, 0.0, 0.0, 0.0, 0.0, 1.0 ], [ -0.809017, 0.309017, -0.5, 0.0, 0.309017, -0.5, -0.809017, 0.0, -0.5, -0.809017, 0.309017, 0.0, 0.0, 0.0, 0.0, 1.0 ], [ -0.809017, -0.309017, 0.5, 0.0, 0.309017, 0.5, 0.809017, 0.0, -0.5, 0.809017, -0.309017, 0.0, 0.0, 0.0, 0.0, 1.0 ], [ -0.5, 0.809017, -0.309017, 0.0, 0.809017, 0.309017, -0.5, 0.0, -0.309017, -0.5, -0.809017, 0.0, 0.0, 0.0, 0.0, 1.0 ], [ -0.309017, -0.5, -0.809017, 0.0, 0.5, -0.809017, 0.309017, 0.0, -0.809017, -0.309017, 0.5, 0.0, 0.0, 0.0, 0.0, 1.0 ] ],
  "lights" : {
    "backgroundColor" : "#AFC8DC",
    "directionalLights" : [ {
      "direction" : [ 1.0, -1.0, -1.0 ],
      "color" : "#EBEBE4"
    }, {
      "direction" : [ -1.0, 0.0, 0.0 ],
      "color" : "#E4E4EB"
    }, {
      "direction" : [ 0.0, 0.0, -1.0 ],
      "color" : "#1E1E1E"
    } ],
    "ambientColor" : "#292929"
  },
  "camera" : {
    "position" : {
      "x" : 0.0,
      "y" : 0.0,
      "z" : 108.73127
    },
    "width" : 48.92907,
    "perspective" : true,
    "lookAtPointRV" : {
      "x" : 0.0,
      "y" : 0.0,
      "z" : 0.0,
      "zero" : true
    },
    "upDirectionRV" : {
      "x" : 0.0,
      "y" : 1.0,
      "z" : 0.0,
      "zero" : false
    },
    "viewDistance" : 108.73127,
    "lookDirectionRV" : {
      "x" : 0.0,
      "y" : 0.0,
      "z" : -1.0,
      "zero" : false
    },
    "fieldOfView" : 0.44262886,
    "nearClipDistance" : 0.27182817,
    "lookAtPoint" : {
      "x" : 0.0,
      "y" : 0.0,
      "z" : 0.0
    },
    "upDirection" : {
      "x" : 0.0,
      "y" : 1.0,
      "z" : 0.0
    },
    "lookDirection" : {
      "x" : 0.0,
      "y" : 0.0,
      "z" : -1.0
    },
    "stereo" : false,
    "farClipDistance" : 217.46254
  },
  "embedding" : [ 1.0, 0.0, 0.0, 0.0, 0.0, 1.0, 0.0, 0.0, 0.0, 0.0, 1.0, 0.0, 0.0, 0.0, 0.0, 1.0 ],
  "shapes" : [ {
    "id" : "7d6d6309-70bf-4677-8e22-d3e6b098a443",
    "orbit" : "green",
    "orbitC" : "[[2,-1,1],[5,-3,1]]",
    "length" : "[-1,1,1]",
    "name" : "g0",
    "vertices" : [ {
      "x" : 5.1405764,
      "y" : 1.7725425,
      "z" : -0.868034
    }, {
      "x" : 6.163119,
      "y" : 1.809017,
      "z" : -1.0
    }, {
      "x" : 5.1405764,
      "y" : 1.7725425,
      "z" : -0.48606798
    }, {
      "x" : 4.9495935,
      "y" : 2.0815594,
      "z" : -0.98606795
    }, {
      "x" : 4.9495935,
      "y" : 2.0815594,
      "z" : -0.60410196
    }, {
      "x" : 0.809017,
      "y" : 0.618034,
      "z" : 0.309017
    }, {
      "x" : 1.0,
      "y" : 0.309017,
      "z" : 0.19098301
    }, {
      "x" : 1.9045085,
      "y" : 0.5364745,
      "z" : -0.013932022
    }, {
      "x" : 5.854102,
      "y" : 2.309017,
      "z" : -1.190983
    }, {
      "x" : 6.045085,
      "y" : 2.0,
      "z" : -1.309017
    }, {
      "x" : 6.045085,
      "y" : 2.0,
      "z" : -0.690983
    }, {
      "x" : 5.854102,
      "y" : 2.309017,
      "z" : -0.809017
    }, {
      "x" : 1.7135255,
      "y" : 0.8454915,
      "z" : -0.13196601
    }, {
      "x" : 0.690983,
      "y" : 0.809017,
      "z" : 0.0
    }, {
      "x" : 1.9045085,
      "y" : 0.5364745,
      "z" : -0.39589804
    }, {
      "x" : 1.7135255,
      "y" : 0.8454915,
      "z" : -0.51393205
    }, {
      "x" : 0.809017,
      "y" : 0.618034,
      "z" : -0.309017
    }, {
      "x" : 1.0,
      "y" : 0.309017,
      "z" : -0.19098301
    }, {
      "x" : 6.854102,
      "y" : 2.618034,
      "z" : -1.0
    } ],
    "faces" : [ {
      "vertices" : [ 0, 14, 15, 3 ]
    }, {
      "vertices" : [ 3, 15, 12, 4 ]
    }, {
      "vertices" : [ 0, 1, 2 ]
    }, {
      "vertices" : [ 12, 15, 13 ]
    }, {
      "vertices" : [ 0, 9, 1 ]
    }, {
      "vertices" : [ 0, 3, 9 ]
    }, {
      "vertices" : [ 13, 15, 16 ]
    }, {
      "vertices" : [ 6, 17, 14, 7 ]
    }, {
      "vertices" : [ 1, 10, 2 ]
    }, {
      "vertices" : [ 5, 6, 7 ]
    }, {
      "vertices" : [ 3, 8, 9 ]
    }, {
      "vertices" : [ 0, 2, 7, 14 ]
    }, {
      "vertices" : [ 5, 7, 12 ]
    }, {
      "vertices" : [ 2, 4, 12, 7 ]
    }, {
      "vertices" : [ 3, 4, 11, 8 ]
    }, {
      "vertices" : [ 2, 10, 11, 4 ]
    }, {
      "vertices" : [ 5, 12, 13 ]
    }, {
      "vertices" : [ 14, 17, 16, 15 ]
    } ]
  }, {
    "id" : "a58ffea8-3183-4e37-ad4b-f99f91a25b2e",
    "name" : "ball",
    "vertices" : [ {
      "x" : 0.309017,
      "y" : -0.809017,
      "z" : 0.618034
    }, {
      "x" : 0.809017,
      "y" : -0.618034,
      "z" : 0.309017
    }, {
      "x" : 0.618034,
      "y" : -0.309017,
      "z" : 0.809017
    }, {
      "x" : 1.0,
      "y" : 0.309017,
      "z" : 0.19098301
    }, {
      "x" : 0.809017,
      "y" : 0.618034,
      "z" : 0.309017
    }, {
      "x" : 0.618034,
      "y" : 0.309017,
      "z" : 0.809017
    }, {
      "x" : 0.809017,
      "y" : 0.0,
      "z" : 0.690983
    }, {
      "x" : 0.19098301,
      "y" : -1.0,
      "z" : 0.309017
    }, {
      "x" : -0.19098301,
      "y" : -1.0,
      "z" : 0.309017
    }, {
      "x" : -0.19098301,
      "y" : -1.0,
      "z" : -0.309017
    }, {
      "x" : 0.19098301,
      "y" : -1.0,
      "z" : -0.309017
    }, {
      "x" : 1.0,
      "y" : -0.309017,
      "z" : -0.19098301
    }, {
      "x" : 0.809017,
      "y" : -0.618034,
      "z" : -0.309017
    }, {
      "x" : 0.618034,
      "y" : -0.309017,
      "z" : -0.809017
    }, {
      "x" : 0.809017,
      "y" : 0.0,
      "z" : -0.690983
    }, {
      "x" : 0.0,
      "y" : 0.690983,
      "z" : -0.809017
    }, {
      "x" : 0.309017,
      "y" : 0.809017,
      "z" : -0.618034
    }, {
      "x" : 0.618034,
      "y" : 0.309017,
      "z" : -0.809017
    }, {
      "x" : 0.309017,
      "y" : 0.19098301,
      "z" : -1.0
    }, {
      "x" : 1.0,
      "y" : 0.309017,
      "z" : -0.19098301
    }, {
      "x" : -0.309017,
      "y" : -0.809017,
      "z" : 0.618034
    }, {
      "x" : 0.0,
      "y" : -0.690983,
      "z" : 0.809017
    }, {
      "x" : 0.809017,
      "y" : 0.618034,
      "z" : -0.309017
    }, {
      "x" : 0.690983,
      "y" : 0.809017,
      "z" : 0.0
    }, {
      "x" : -0.690983,
      "y" : 0.809017,
      "z" : 0.0
    }, {
      "x" : -0.809017,
      "y" : 0.618034,
      "z" : 0.309017
    }, {
      "x" : -0.309017,
      "y" : 0.809017,
      "z" : 0.618034
    }, {
      "x" : -0.19098301,
      "y" : 1.0,
      "z" : 0.309017
    }, {
      "x" : 0.309017,
      "y" : -0.19098301,
      "z" : -1.0
    }, {
      "x" : 0.19098301,
      "y" : 1.0,
      "z" : 0.309017
    }, {
      "x" : 0.309017,
      "y" : 0.809017,
      "z" : 0.618034
    }, {
      "x" : -0.809017,
      "y" : -0.618034,
      "z" : 0.309017
    }, {
      "x" : -0.690983,
      "y" : -0.809017,
      "z" : 0.0
    }, {
      "x" : 0.0,
      "y" : 0.690983,
      "z" : 0.809017
    }, {
      "x" : 0.309017,
      "y" : -0.809017,
      "z" : -0.618034
    }, {
      "x" : 0.0,
      "y" : -0.690983,
      "z" : -0.809017
    }, {
      "x" : -1.0,
      "y" : 0.309017,
      "z" : 0.19098301
    }, {
      "x" : -0.809017,
      "y" : 0.0,
      "z" : 0.690983
    }, {
      "x" : -0.618034,
      "y" : 0.309017,
      "z" : 0.809017
    }, {
      "x" : 1.0,
      "y" : -0.309017,
      "z" : 0.19098301
    }, {
      "x" : -0.309017,
      "y" : -0.809017,
      "z" : -0.618034
    }, {
      "x" : -1.0,
      "y" : 0.309017,
      "z" : -0.19098301
    }, {
      "x" : -1.0,
      "y" : -0.309017,
      "z" : -0.19098301
    }, {
      "x" : -1.0,
      "y" : -0.309017,
      "z" : 0.19098301
    }, {
      "x" : 0.19098301,
      "y" : 1.0,
      "z" : -0.309017
    }, {
      "x" : -0.809017,
      "y" : 0.618034,
      "z" : -0.309017
    }, {
      "x" : -0.19098301,
      "y" : 1.0,
      "z" : -0.309017
    }, {
      "x" : -0.309017,
      "y" : 0.809017,
      "z" : -0.618034
    }, {
      "x" : -0.618034,
      "y" : -0.309017,
      "z" : 0.809017
    }, {
      "x" : 0.309017,
      "y" : 0.19098301,
      "z" : 1.0
    }, {
      "x" : -0.309017,
      "y" : 0.19098301,
      "z" : -1.0
    }, {
      "x" : -0.309017,
      "y" : 0.19098301,
      "z" : 1.0
    }, {
      "x" : -0.309017,
      "y" : -0.19098301,
      "z" : 1.0
    }, {
      "x" : 0.309017,
      "y" : -0.19098301,
      "z" : 1.0
    }, {
      "x" : 0.690983,
      "y" : -0.809017,
      "z" : 0.0
    }, {
      "x" : -0.809017,
      "y" : 0.0,
      "z" : -0.690983
    }, {
      "x" : -0.618034,
      "y" : -0.309017,
      "z" : -0.809017
    }, {
      "x" : -0.309017,
      "y" : -0.19098301,
      "z" : -1.0
    }, {
      "x" : -0.618034,
      "y" : 0.309017,
      "z" : -0.809017
    }, {
      "x" : -0.809017,
      "y" : -0.618034,
      "z" : -0.309017
    } ],
    "faces" : [ {
      "vertices" : [ 9, 40, 35, 34, 10 ]
    }, {
      "vertices" : [ 0, 1, 2 ]
    }, {
      "vertices" : [ 33, 51, 49 ]
    }, {
      "vertices" : [ 25, 36, 37, 38 ]
    }, {
      "vertices" : [ 41, 55, 42 ]
    }, {
      "vertices" : [ 9, 32, 59, 40 ]
    }, {
      "vertices" : [ 20, 21, 52, 48 ]
    }, {
      "vertices" : [ 26, 33, 30, 29, 27 ]
    }, {
      "vertices" : [ 3, 4, 5, 6 ]
    }, {
      "vertices" : [ 27, 29, 44, 46 ]
    }, {
      "vertices" : [ 50, 57, 56, 55, 58 ]
    }, {
      "vertices" : [ 26, 38, 51, 33 ]
    }, {
      "vertices" : [ 45, 47, 58 ]
    }, {
      "vertices" : [ 18, 28, 57, 50 ]
    }, {
      "vertices" : [ 40, 59, 56 ]
    }, {
      "vertices" : [ 31, 48, 37, 43 ]
    }, {
      "vertices" : [ 7, 8, 9, 10 ]
    }, {
      "vertices" : [ 36, 41, 42, 43 ]
    }, {
      "vertices" : [ 24, 46, 47, 45 ]
    }, {
      "vertices" : [ 4, 30, 5 ]
    }, {
      "vertices" : [ 15, 47, 46, 44, 16 ]
    }, {
      "vertices" : [ 15, 50, 58, 47 ]
    }, {
      "vertices" : [ 24, 45, 41, 36, 25 ]
    }, {
      "vertices" : [ 11, 14, 19 ]
    }, {
      "vertices" : [ 3, 6, 39 ]
    }, {
      "vertices" : [ 1, 39, 6, 2 ]
    }, {
      "vertices" : [ 8, 32, 9 ]
    }, {
      "vertices" : [ 11, 12, 13, 14 ]
    }, {
      "vertices" : [ 16, 22, 17 ]
    }, {
      "vertices" : [ 0, 21, 20, 8, 7 ]
    }, {
      "vertices" : [ 12, 34, 13 ]
    }, {
      "vertices" : [ 35, 40, 56, 57 ]
    }, {
      "vertices" : [ 0, 7, 54, 1 ]
    }, {
      "vertices" : [ 15, 16, 17, 18 ]
    }, {
      "vertices" : [ 3, 19, 22, 23, 4 ]
    }, {
      "vertices" : [ 7, 10, 54 ]
    }, {
      "vertices" : [ 41, 45, 58, 55 ]
    }, {
      "vertices" : [ 3, 39, 11, 19 ]
    }, {
      "vertices" : [ 14, 17, 22, 19 ]
    }, {
      "vertices" : [ 0, 2, 53, 21 ]
    }, {
      "vertices" : [ 49, 51, 52, 53 ]
    }, {
      "vertices" : [ 31, 43, 42, 59, 32 ]
    }, {
      "vertices" : [ 15, 18, 50 ]
    }, {
      "vertices" : [ 42, 55, 56, 59 ]
    }, {
      "vertices" : [ 4, 23, 29, 30 ]
    }, {
      "vertices" : [ 25, 38, 26 ]
    }, {
      "vertices" : [ 13, 28, 18, 17, 14 ]
    }, {
      "vertices" : [ 8, 20, 31, 32 ]
    }, {
      "vertices" : [ 23, 44, 29 ]
    }, {
      "vertices" : [ 24, 27, 46 ]
    }, {
      "vertices" : [ 37, 48, 52, 51, 38 ]
    }, {
      "vertices" : [ 20, 48, 31 ]
    }, {
      "vertices" : [ 24, 25, 26, 27 ]
    }, {
      "vertices" : [ 16, 44, 23, 22 ]
    }, {
      "vertices" : [ 13, 34, 35, 28 ]
    }, {
      "vertices" : [ 10, 34, 12, 54 ]
    }, {
      "vertices" : [ 2, 6, 5, 49, 53 ]
    }, {
      "vertices" : [ 36, 43, 37 ]
    }, {
      "vertices" : [ 5, 30, 33, 49 ]
    }, {
      "vertices" : [ 1, 54, 12, 11, 39 ]
    }, {
      "vertices" : [ 28, 35, 57 ]
    }, {
      "vertices" : [ 21, 53, 52 ]
    } ]
  } ],
  "instances" : [ {
    "shape" : "7d6d6309-70bf-4677-8e22-d3e6b098a443",
    "color" : "#00993F",
    "position" : {
      "x" : 0.0,
      "y" : -5.236068,
      "z" : -5.236068
    },
    "orientation" : 51
  }, {
    "shape" : "a58ffea8-3183-4e37-ad4b-f99f91a25b2e",
    "color" : "#F2F2F2",
    "position" : {
      "x" : 0.618034,
      "y" : 9.472136,
      "z" : -8.854102
    }
  }, {
    "shape" : "7d6d6309-70bf-4677-8e22-d3e6b098a443",
    "color" : "#00993F",
    "position" : {
      "x" : -5.236068,
      "y" : 5.236068,
      "z" : -10.472136
    },
    "orientation" : 9
  }, {
    "shape" : "7d6d6309-70bf-4677-8e22-d3e6b098a443",
    "color" : "#00993F",
    "position" : {
      "x" : -5.236068,
      "y" : 0.0,
      "z" : -5.236068
    },
    "orientation" : 52
  }, {
    "shape" : "a58ffea8-3183-4e37-ad4b-f99f91a25b2e",
    "color" : "#F2F2F2",
    "position" : {
      "x" : 0.0,
      "y" : -5.236068,
      "z" : -5.236068
    }
  }, {
    "shape" : "7d6d6309-70bf-4677-8e22-d3e6b098a443",
    "color" : "#00993F",
    "position" : {
      "x" : 11.09017,
      "y" : -1.0,
      "z" : -8.854102
    },
    "orientation" : 33
  }, {
    "shape" : "7d6d6309-70bf-4677-8e22-d3e6b098a443",
    "color" : "#00993F",
    "position" : {
      "x" : 0.0,
      "y" : 0.0,
      "z" : 0.0
    },
    "orientation" : 9
  }, {
    "shape" : "a58ffea8-3183-4e37-ad4b-f99f91a25b2e",
    "color" : "#F2F2F2",
    "position" : {
      "x" : 11.09017,
      "y" : 4.236068,
      "z" : -3.618034
    }
  }, {
    "shape" : "7d6d6309-70bf-4677-8e22-d3e6b098a443",
    "color" : "#00993F",
    "position" : {
      "x" : 0.0,
      "y" : 0.0,
      "z" : 0.0
    },
    "orientation" : 22
  }, {
    "shape" : "a58ffea8-3183-4e37-ad4b-f99f91a25b2e",
    "color" : "#F2F2F2",
    "position" : {
      "x" : 5.236068,
      "y" : -5.236068,
      "z" : -10.472136
    }
  }, {
    "shape" : "a58ffea8-3183-4e37-ad4b-f99f91a25b2e",
    "color" : "#F2F2F2",
    "position" : {
      "x" : 0.0,
      "y" : 0.0,
      "z" : 0.0
    }
  }, {
    "shape" : "a58ffea8-3183-4e37-ad4b-f99f91a25b2e",
    "color" : "#F2F2F2",
    "position" : {
      "x" : -5.236068,
      "y" : 5.236068,
      "z" : -10.472136
    }
  }, {
    "shape" : "7d6d6309-70bf-4677-8e22-d3e6b098a443",
    "color" : "#00993F",
    "position" : {
      "x" : 5.854102,
      "y" : 4.236068,
      "z" : 1.618034
    },
    "orientation" : 23
  }, {
    "shape" : "a58ffea8-3183-4e37-ad4b-f99f91a25b2e",
    "color" : "#F2F2F2",
    "position" : {
      "x" : -5.236068,
      "y" : 0.0,
      "z" : -5.236068
    }
  }, {
    "shape" : "a58ffea8-3183-4e37-ad4b-f99f91a25b2e",
    "color" : "#F2F2F2",
    "position" : {
      "x" : 5.854102,
      "y" : 9.472136,
      "z" : -3.618034
    }
  }, {
    "shape" : "7d6d6309-70bf-4677-8e22-d3e6b098a443",
    "color" : "#00993F",
    "position" : {
      "x" : 11.09017,
      "y" : 4.236068,
      "z" : -3.618034
    },
    "orientation" : 22
  }, {
    "shape" : "a58ffea8-3183-4e37-ad4b-f99f91a25b2e",
    "color" : "#F2F2F2",
    "position" : {
      "x" : 5.854102,
      "y" : 4.236068,
      "z" : 1.618034
    }
  }, {
    "shape" : "7d6d6309-70bf-4677-8e22-d3e6b098a443",
    "color" : "#00993F",
    "position" : {
      "x" : 5.854102,
      "y" : 4.236068,
      "z" : 1.618034
    },
    "orientation" : 52
  }, {
    "shape" : "7d6d6309-70bf-4677-8e22-d3e6b098a443",
    "color" : "#00993F",
    "position" : {
      "x" : 5.236068,
      "y" : -5.236068,
      "z" : -10.472136
    },
    "orientation" : 38
  }, {
    "shape" : "7d6d6309-70bf-4677-8e22-d3e6b098a443",
    "color" : "#00993F",
    "position" : {
      "x" : 0.0,
      "y" : 0.0,
      "z" : 0.0
    },
    "orientation" : 53
  }, {
    "shape" : "7d6d6309-70bf-4677-8e22-d3e6b098a443",
    "color" : "#00993F",
    "position" : {
      "x" : 0.618034,
      "y" : 9.472136,
      "z" : -8.854102
    },
    "orientation" : 8
  }, {
    "shape" : "a58ffea8-3183-4e37-ad4b-f99f91a25b2e",
    "color" : "#F2F2F2",
    "position" : {
      "x" : 11.09017,
      "y" : -1.0,
      "z" : -8.854102
    }
  } ],
  "scenes" : [ {
    "title" : "",
    "content" : "",
    "view" : {
      "position" : {
        "x" : 0.0,
        "y" : 0.0,
        "z" : 98.384125
      },
      "width" : 44.272858,
      "perspective" : false,
      "lookAtPointRV" : {
        "x" : 0.0,
        "y" : 0.0,
        "z" : 0.0,
        "zero" : true
      },
      "upDirectionRV" : {
        "x" : 0.0,
        "y" : 1.0,
        "z" : 0.0,
        "zero" : false
      },
      "viewDistance" : 98.384125,
      "lookDirectionRV" : {
        "x" : 0.0,
        "y" : 0.0,
        "z" : -1.0,
        "zero" : false
      },
      "fieldOfView" : 0.4426289,
      "nearClipDistance" : 0.24596031,
      "lookAtPoint" : {
        "x" : 0.0,
        "y" : 0.0,
        "z" : 0.0
      },
      "upDirection" : {
        "x" : 0.0,
        "y" : 1.0,
        "z" : 0.0
      },
      "lookDirection" : {
        "x" : 0.0,
        "y" : 0.0,
        "z" : -1.0
      },
      "stereo" : false,
      "farClipDistance" : 196.76825
    },
    "snapshot" : 0
  }, {
    "title" : "Create Equilateral Triangle",
    "content" : "",
    "view" : {
      "position" : {
        "x" : 0.0,
        "y" : 0.0,
        "z" : 98.384125
      },
      "width" : 44.272858,
      "perspective" : false,
      "lookAtPointRV" : {
        "x" : 0.0,
        "y" : 0.0,
        "z" : 0.0,
        "zero" : true
      },
      "upDirectionRV" : {
        "x" : 0.0,
        "y" : 1.0,
        "z" : 0.0,
        "zero" : false
      },
      "viewDistance" : 98.384125,
      "lookDirectionRV" : {
        "x" : 0.0,
        "y" : 0.0,
        "z" : -1.0,
        "zero" : false
      },
      "fieldOfView" : 0.4426289,
      "nearClipDistance" : 0.24596031,
      "lookAtPoint" : {
        "x" : 0.0,
        "y" : 0.0,
        "z" : 0.0
      },
      "upDirection" : {
        "x" : 0.0,
        "y" : 1.0,
        "z" : 0.0
      },
      "lookDirection" : {
        "x" : 0.0,
        "y" : 0.0,
        "z" : -1.0
      },
      "stereo" : false,
      "farClipDistance" : 196.76825
    },
    "snapshot" : 1
  }, {
    "title" : "Side B",
    "content" : "",
    "view" : {
      "position" : {
        "x" : 0.0,
        "y" : 0.0,
        "z" : 98.384125
      },
      "width" : 44.272858,
      "perspective" : false,
      "lookAtPointRV" : {
        "x" : 0.0,
        "y" : 0.0,
        "z" : 0.0,
        "zero" : true
      },
      "upDirectionRV" : {
        "x" : 0.0,
        "y" : 1.0,
        "z" : 0.0,
        "zero" : false
      },
      "viewDistance" : 98.384125,
      "lookDirectionRV" : {
        "x" : 0.0,
        "y" : 0.0,
        "z" : -1.0,
        "zero" : false
      },
      "fieldOfView" : 0.4426289,
      "nearClipDistance" : 0.24596031,
      "lookAtPoint" : {
        "x" : 0.0,
        "y" : 0.0,
        "z" : 0.0
      },
      "upDirection" : {
        "x" : 0.0,
        "y" : 1.0,
        "z" : 0.0
      },
      "lookDirection" : {
        "x" : 0.0,
        "y" : 0.0,
        "z" : -1.0
      },
      "stereo" : false,
      "farClipDistance" : 196.76825
    },
    "snapshot" : 2
  }, {
    "title" : "Side C",
    "content" : "",
    "view" : {
      "position" : {
        "x" : 0.0,
        "y" : 0.0,
        "z" : 98.384125
      },
      "width" : 44.272858,
      "perspective" : false,
      "lookAtPointRV" : {
        "x" : 0.0,
        "y" : 0.0,
        "z" : 0.0,
        "zero" : true
      },
      "upDirectionRV" : {
        "x" : 0.0,
        "y" : 1.0,
        "z" : 0.0,
        "zero" : false
      },
      "viewDistance" : 98.384125,
      "lookDirectionRV" : {
        "x" : 0.0,
        "y" : 0.0,
        "z" : -1.0,
        "zero" : false
      },
      "fieldOfView" : 0.4426289,
      "nearClipDistance" : 0.24596031,
      "lookAtPoint" : {
        "x" : 0.0,
        "y" : 0.0,
        "z" : 0.0
      },
      "upDirection" : {
        "x" : 0.0,
        "y" : 1.0,
        "z" : 0.0
      },
      "lookDirection" : {
        "x" : 0.0,
        "y" : 0.0,
        "z" : -1.0
      },
      "stereo" : false,
      "farClipDistance" : 196.76825
    },
    "snapshot" : 3
  }, {
    "title" : "Hexagon Side B",
    "content" : "",
    "view" : {
      "position" : {
        "x" : 0.0,
        "y" : 0.0,
        "z" : 98.384125
      },
      "width" : 44.272858,
      "perspective" : false,
      "lookAtPointRV" : {
        "x" : 0.0,
        "y" : 0.0,
        "z" : 0.0,
        "zero" : true
      },
      "upDirectionRV" : {
        "x" : 0.0,
        "y" : 1.0,
        "z" : 0.0,
        "zero" : false
      },
      "viewDistance" : 98.384125,
      "lookDirectionRV" : {
        "x" : 0.0,
        "y" : 0.0,
        "z" : -1.0,
        "zero" : false
      },
      "fieldOfView" : 0.4426289,
      "nearClipDistance" : 0.24596031,
      "lookAtPoint" : {
        "x" : 0.0,
        "y" : 0.0,
        "z" : 0.0
      },
      "upDirection" : {
        "x" : 0.0,
        "y" : 1.0,
        "z" : 0.0
      },
      "lookDirection" : {
        "x" : 0.0,
        "y" : 0.0,
        "z" : -1.0
      },
      "stereo" : false,
      "farClipDistance" : 196.76825
    },
    "snapshot" : 4
  }, {
    "title" : "Hexagon Side C",
    "content" : "",
    "view" : {
      "position" : {
        "x" : 0.0,
        "y" : 0.0,
        "z" : 98.384125
      },
      "width" : 44.272858,
      "perspective" : false,
      "lookAtPointRV" : {
        "x" : 0.0,
        "y" : 0.0,
        "z" : 0.0,
        "zero" : true
      },
      "upDirectionRV" : {
        "x" : 0.0,
        "y" : 1.0,
        "z" : 0.0,
        "zero" : false
      },
      "viewDistance" : 98.384125,
      "lookDirectionRV" : {
        "x" : 0.0,
        "y" : 0.0,
        "z" : -1.0,
        "zero" : false
      },
      "fieldOfView" : 0.4426289,
      "nearClipDistance" : 0.24596031,
      "lookAtPoint" : {
        "x" : 0.0,
        "y" : 0.0,
        "z" : 0.0
      },
      "upDirection" : {
        "x" : 0.0,
        "y" : 1.0,
        "z" : 0.0
      },
      "lookDirection" : {
        "x" : 0.0,
        "y" : 0.0,
        "z" : -1.0
      },
      "stereo" : false,
      "farClipDistance" : 196.76825
    },
    "snapshot" : 5
  }, {
    "title" : "Hexagon Side D",
    "content" : "",
    "view" : {
      "position" : {
        "x" : 0.0,
        "y" : 0.0,
        "z" : 98.384125
      },
      "width" : 44.272858,
      "perspective" : false,
      "lookAtPointRV" : {
        "x" : 0.0,
        "y" : 0.0,
        "z" : 0.0,
        "zero" : true
      },
      "upDirectionRV" : {
        "x" : 0.0,
        "y" : 1.0,
        "z" : 0.0,
        "zero" : false
      },
      "viewDistance" : 98.384125,
      "lookDirectionRV" : {
        "x" : 0.0,
        "y" : 0.0,
        "z" : -1.0,
        "zero" : false
      },
      "fieldOfView" : 0.4426289,
      "nearClipDistance" : 0.24596031,
      "lookAtPoint" : {
        "x" : 0.0,
        "y" : 0.0,
        "z" : 0.0
      },
      "upDirection" : {
        "x" : 0.0,
        "y" : 1.0,
        "z" : 0.0
      },
      "lookDirection" : {
        "x" : 0.0,
        "y" : 0.0,
        "z" : -1.0
      },
      "stereo" : false,
      "farClipDistance" : 196.76825
    },
    "snapshot" : 6
  }, {
    "title" : "Hexagon Side E",
    "content" : "",
    "view" : {
      "position" : {
        "x" : 0.0,
        "y" : 0.0,
        "z" : 98.384125
      },
      "width" : 44.272858,
      "perspective" : false,
      "lookAtPointRV" : {
        "x" : 0.0,
        "y" : 0.0,
        "z" : 0.0,
        "zero" : true
      },
      "upDirectionRV" : {
        "x" : 0.0,
        "y" : 1.0,
        "z" : 0.0,
        "zero" : false
      },
      "viewDistance" : 98.384125,
      "lookDirectionRV" : {
        "x" : 0.0,
        "y" : 0.0,
        "z" : -1.0,
        "zero" : false
      },
      "fieldOfView" : 0.4426289,
      "nearClipDistance" : 0.24596031,
      "lookAtPoint" : {
        "x" : 0.0,
        "y" : 0.0,
        "z" : 0.0
      },
      "upDirection" : {
        "x" : 0.0,
        "y" : 1.0,
        "z" : 0.0
      },
      "lookDirection" : {
        "x" : 0.0,
        "y" : 0.0,
        "z" : -1.0
      },
      "stereo" : false,
      "farClipDistance" : 196.76825
    },
    "snapshot" : 7
  }, {
    "title" : "Hexagon Side F",
    "content" : "",
    "view" : {
      "position" : {
        "x" : 0.0,
        "y" : 0.0,
        "z" : 98.384125
      },
      "width" : 44.272858,
      "perspective" : false,
      "lookAtPointRV" : {
        "x" : 0.0,
        "y" : 0.0,
        "z" : 0.0,
        "zero" : true
      },
      "upDirectionRV" : {
        "x" : 0.0,
        "y" : 1.0,
        "z" : 0.0,
        "zero" : false
      },
      "viewDistance" : 98.384125,
      "lookDirectionRV" : {
        "x" : 0.0,
        "y" : 0.0,
        "z" : -1.0,
        "zero" : false
      },
      "fieldOfView" : 0.4426289,
      "nearClipDistance" : 0.24596031,
      "lookAtPoint" : {
        "x" : 0.0,
        "y" : 0.0,
        "z" : 0.0
      },
      "upDirection" : {
        "x" : 0.0,
        "y" : 1.0,
        "z" : 0.0
      },
      "lookDirection" : {
        "x" : 0.0,
        "y" : 0.0,
        "z" : -1.0
      },
      "stereo" : false,
      "farClipDistance" : 196.76825
    },
    "snapshot" : 8
  }, {
    "title" : "Second Hexagon Side C",
    "content" : "",
    "view" : {
      "position" : {
        "x" : 0.0,
        "y" : 0.0,
        "z" : 98.384125
      },
      "width" : 44.272858,
      "perspective" : false,
      "lookAtPointRV" : {
        "x" : 0.0,
        "y" : 0.0,
        "z" : 0.0,
        "zero" : true
      },
      "upDirectionRV" : {
        "x" : 0.0,
        "y" : 1.0,
        "z" : 0.0,
        "zero" : false
      },
      "viewDistance" : 98.384125,
      "lookDirectionRV" : {
        "x" : 0.0,
        "y" : 0.0,
        "z" : -1.0,
        "zero" : false
      },
      "fieldOfView" : 0.4426289,
      "nearClipDistance" : 0.24596031,
      "lookAtPoint" : {
        "x" : 0.0,
        "y" : 0.0,
        "z" : 0.0
      },
      "upDirection" : {
        "x" : 0.0,
        "y" : 1.0,
        "z" : 0.0
      },
      "lookDirection" : {
        "x" : 0.0,
        "y" : 0.0,
        "z" : -1.0
      },
      "stereo" : false,
      "farClipDistance" : 196.76825
    },
    "snapshot" : 9
  }, {
    "title" : "Second Hexagon Side D",
    "content" : "",
    "view" : {
      "position" : {
        "x" : 0.0,
        "y" : 0.0,
        "z" : 98.384125
      },
      "width" : 44.272858,
      "perspective" : false,
      "lookAtPointRV" : {
        "x" : 0.0,
        "y" : 0.0,
        "z" : 0.0,
        "zero" : true
      },
      "upDirectionRV" : {
        "x" : 0.0,
        "y" : 1.0,
        "z" : 0.0,
        "zero" : false
      },
      "viewDistance" : 98.384125,
      "lookDirectionRV" : {
        "x" : 0.0,
        "y" : 0.0,
        "z" : -1.0,
        "zero" : false
      },
      "fieldOfView" : 0.4426289,
      "nearClipDistance" : 0.24596031,
      "lookAtPoint" : {
        "x" : 0.0,
        "y" : 0.0,
        "z" : 0.0
      },
      "upDirection" : {
        "x" : 0.0,
        "y" : 1.0,
        "z" : 0.0
      },
      "lookDirection" : {
        "x" : 0.0,
        "y" : 0.0,
        "z" : -1.0
      },
      "stereo" : false,
      "farClipDistance" : 196.76825
    },
    "snapshot" : 10
  }, {
    "title" : "Second Hexagon Side E",
    "content" : "",
    "view" : {
      "position" : {
        "x" : 0.0,
        "y" : 0.0,
        "z" : 98.384125
      },
      "width" : 44.272858,
      "perspective" : false,
      "lookAtPointRV" : {
        "x" : 0.0,
        "y" : 0.0,
        "z" : 0.0,
        "zero" : true
      },
      "upDirectionRV" : {
        "x" : 0.0,
        "y" : 1.0,
        "z" : 0.0,
        "zero" : false
      },
      "viewDistance" : 98.384125,
      "lookDirectionRV" : {
        "x" : 0.0,
        "y" : 0.0,
        "z" : -1.0,
        "zero" : false
      },
      "fieldOfView" : 0.4426289,
      "nearClipDistance" : 0.24596031,
      "lookAtPoint" : {
        "x" : 0.0,
        "y" : 0.0,
        "z" : 0.0
      },
      "upDirection" : {
        "x" : 0.0,
        "y" : 1.0,
        "z" : 0.0
      },
      "lookDirection" : {
        "x" : 0.0,
        "y" : 0.0,
        "z" : -1.0
      },
      "stereo" : false,
      "farClipDistance" : 196.76825
    },
    "snapshot" : 11
  }, {
    "title" : "Second Hexagon Side F",
    "content" : "",
    "view" : {
      "position" : {
        "x" : 0.0,
        "y" : 0.0,
        "z" : 98.384125
      },
      "width" : 44.272858,
      "perspective" : false,
      "lookAtPointRV" : {
        "x" : 0.0,
        "y" : 0.0,
        "z" : 0.0,
        "zero" : true
      },
      "upDirectionRV" : {
        "x" : 0.0,
        "y" : 1.0,
        "z" : 0.0,
        "zero" : false
      },
      "viewDistance" : 98.384125,
      "lookDirectionRV" : {
        "x" : 0.0,
        "y" : 0.0,
        "z" : -1.0,
        "zero" : false
      },
      "fieldOfView" : 0.4426289,
      "nearClipDistance" : 0.24596031,
      "lookAtPoint" : {
        "x" : 0.0,
        "y" : 0.0,
        "z" : 0.0
      },
      "upDirection" : {
        "x" : 0.0,
        "y" : 1.0,
        "z" : 0.0
      },
      "lookDirection" : {
        "x" : 0.0,
        "y" : 0.0,
        "z" : -1.0
      },
      "stereo" : false,
      "farClipDistance" : 196.76825
    },
    "snapshot" : 12
  } ],
  "snapshots" : [ [ {
    "shape" : "a58ffea8-3183-4e37-ad4b-f99f91a25b2e",
    "color" : "#F2F2F2",
    "position" : {
      "x" : 0.0,
      "y" : 0.0,
      "z" : 0.0
    },
    "orientation" : 0
  } ], [ {
    "shape" : "a58ffea8-3183-4e37-ad4b-f99f91a25b2e",
    "color" : "#F2F2F2",
    "position" : {
      "x" : 0.0,
      "y" : 0.0,
      "z" : 0.0
    },
    "orientation" : 0
  }, {
    "shape" : "a58ffea8-3183-4e37-ad4b-f99f91a25b2e",
    "color" : "#F2F2F2",
    "position" : {
      "x" : -5.236068,
      "y" : 0.0,
      "z" : -5.236068
    },
    "orientation" : 0
  }, {
    "shape" : "7d6d6309-70bf-4677-8e22-d3e6b098a443",
    "color" : "#00993F",
    "position" : {
      "x" : 0.0,
      "y" : 0.0,
      "z" : 0.0
    },
    "orientation" : 53
  } ], [ {
    "shape" : "7d6d6309-70bf-4677-8e22-d3e6b098a443",
    "color" : "#00993F",
    "position" : {
      "x" : 0.0,
      "y" : 0.0,
      "z" : 0.0
    },
    "orientation" : 22
  }, {
    "shape" : "a58ffea8-3183-4e37-ad4b-f99f91a25b2e",
    "color" : "#F2F2F2",
    "position" : {
      "x" : -5.236068,
      "y" : 0.0,
      "z" : -5.236068
    },
    "orientation" : 0
  }, {
    "shape" : "a58ffea8-3183-4e37-ad4b-f99f91a25b2e",
    "color" : "#F2F2F2",
    "position" : {
      "x" : 0.0,
      "y" : 0.0,
      "z" : 0.0
    },
    "orientation" : 0
  }, {
    "shape" : "7d6d6309-70bf-4677-8e22-d3e6b098a443",
    "color" : "#00993F",
    "position" : {
      "x" : 0.0,
      "y" : 0.0,
      "z" : 0.0
    },
    "orientation" : 53
  }, {
    "shape" : "a58ffea8-3183-4e37-ad4b-f99f91a25b2e",
    "color" : "#F2F2F2",
    "position" : {
      "x" : 0.0,
      "y" : -5.236068,
      "z" : -5.236068
    },
    "orientation" : 0
  } ], [ {
    "shape" : "7d6d6309-70bf-4677-8e22-d3e6b098a443",
    "color" : "#00993F",
    "position" : {
      "x" : 0.0,
      "y" : -5.236068,
      "z" : -5.236068
    },
    "orientation" : 51
  }, {
    "shape" : "7d6d6309-70bf-4677-8e22-d3e6b098a443",
    "color" : "#00993F",
    "position" : {
      "x" : 0.0,
      "y" : 0.0,
      "z" : 0.0
    },
    "orientation" : 53
  }, {
    "shape" : "7d6d6309-70bf-4677-8e22-d3e6b098a443",
    "color" : "#00993F",
    "position" : {
      "x" : 0.0,
      "y" : 0.0,
      "z" : 0.0
    },
    "orientation" : 22
  }, {
    "shape" : "a58ffea8-3183-4e37-ad4b-f99f91a25b2e",
    "color" : "#F2F2F2",
    "position" : {
      "x" : -5.236068,
      "y" : 0.0,
      "z" : -5.236068
    },
    "orientation" : 0
  }, {
    "shape" : "a58ffea8-3183-4e37-ad4b-f99f91a25b2e",
    "color" : "#F2F2F2",
    "position" : {
      "x" : 0.0,
      "y" : 0.0,
      "z" : 0.0
    },
    "orientation" : 0
  }, {
    "shape" : "a58ffea8-3183-4e37-ad4b-f99f91a25b2e",
    "color" : "#F2F2F2",
    "position" : {
      "x" : 0.0,
      "y" : -5.236068,
      "z" : -5.236068
    },
    "orientation" : 0
  } ], [ {
    "shape" : "a58ffea8-3183-4e37-ad4b-f99f91a25b2e",
    "color" : "#F2F2F2",
    "position" : {
      "x" : 0.0,
      "y" : -5.236068,
