{
  "polygons" : "true",
  "field" : "golden",
  "symmetry" : "icosahedral",
  "orientations" : [ [ 1.0, 0.0, 0.0, 0.0, 0.0, 1.0, 0.0, 0.0, 0.0, 0.0, 1.0, 0.0, 0.0, 0.0, 0.0, 1.0 ], [ 0.0, 0.0, 1.0, 0.0, 1.0, 0.0, 0.0, 0.0, 0.0, 1.0, 0.0, 0.0, 0.0, 0.0, 0.0, 1.0 ], [ 0.0, 1.0, 0.0, 0.0, 0.0, 0.0, 1.0, 0.0, 1.0, 0.0, 0.0, 0.0, 0.0, 0.0, 0.0, 1.0 ], [ 0.809017, 0.309017, 0.5, 0.0, 0.309017, 0.5, -0.809017, 0.0, -0.5, 0.809017, 0.309017, 0.0, 0.0, 0.0, 0.0, 1.0 ], [ -0.5, 0.809017, 0.309017, 0.0, 0.809017, 0.309017, 0.5, 0.0, 0.309017, 0.5, -0.809017, 0.0, 0.0, 0.0, 0.0, 1.0 ], [ 0.309017, 0.5, -0.809017, 0.0, -0.5, 0.809017, 0.309017, 0.0, 0.809017, 0.309017, 0.5, 0.0, 0.0, 0.0, 0.0, 1.0 ], [ 0.5, 0.809017, 0.309017, 0.0, 0.809017, -0.309017, -0.5, 0.0, -0.309017, 0.5, -0.809017, 0.0, 0.0, 0.0, 0.0, 1.0 ], [ -0.309017, 0.5, -0.809017, 0.0, 0.5, 0.809017, 0.309017, 0.0, 0.809017, -0.309017, -0.5, 0.0, 0.0, 0.0, 0.0, 1.0 ], [ 0.809017, -0.309017, -0.5, 0.0, -0.309017, 0.5, -0.809017, 0.0, 0.5, 0.809017, 0.309017, 0.0, 0.0, 0.0, 0.0, 1.0 ], [ 0.5, 0.809017, -0.309017, 0.0, 0.809017, -0.309017, 0.5, 0.0, 0.309017, -0.5, -0.809017, 0.0, 0.0, 0.0, 0.0, 1.0 ], [ 0.309017, -0.5, -0.809017, 0.0, 0.5, 0.809017, -0.309017, 0.0, 0.809017, -0.309017, 0.5, 0.0, 0.0, 0.0, 0.0, 1.0 ], [ 0.809017, -0.309017, 0.5, 0.0, 0.309017, -0.5, -0.809017, 0.0, 0.5, 0.809017, -0.309017, 0.0, 0.0, 0.0, 0.0, 1.0 ], [ 0.809017, 0.309017, -0.5, 0.0, 0.309017, 0.5, 0.809017, 0.0, 0.5, -0.809017, 0.309017, 0.0, 0.0, 0.0, 0.0, 1.0 ], [ 0.5, -0.809017, 0.309017, 0.0, 0.809017, 0.309017, -0.5, 0.0, 0.309017, 0.5, 0.809017, 0.0, 0.0, 0.0, 0.0, 1.0 ], [ 0.309017, 0.5, 0.809017, 0.0, 0.5, -0.809017, 0.309017, 0.0, 0.809017, 0.309017, -0.5, 0.0, 0.0, 0.0, 0.0, 1.0 ], [ 1.0, 0.0, 0.0, 0.0, 0.0, -1.0, 0.0, 0.0, 0.0, 0.0, -1.0, 0.0, 0.0, 0.0, 0.0, 1.0 ], [ 0.0, 0.0, 1.0, 0.0, -1.0, 0.0, 0.0, 0.0, 0.0, -1.0, 0.0, 0.0, 0.0, 0.0, 0.0, 1.0 ], [ 0.0, 1.0, 0.0, 0.0, 0.0, 0.0, -1.0, 0.0, -1.0, 0.0, 0.0, 0.0, 0.0, 0.0, 0.0, 1.0 ], [ 0.809017, 0.309017, 0.5, 0.0, -0.309017, -0.5, 0.809017, 0.0, 0.5, -0.809017, -0.309017, 0.0, 0.0, 0.0, 0.0, 1.0 ], [ -0.5, 0.809017, 0.309017, 0.0, -0.809017, -0.309017, -0.5, 0.0, -0.309017, -0.5, 0.809017, 0.0, 0.0, 0.0, 0.0, 1.0 ], [ 0.309017, 0.5, -0.809017, 0.0, 0.5, -0.809017, -0.309017, 0.0, -0.809017, -0.309017, -0.5, 0.0, 0.0, 0.0, 0.0, 1.0 ], [ 0.5, 0.809017, 0.309017, 0.0, -0.809017, 0.309017, 0.5, 0.0, 0.309017, -0.5, 0.809017, 0.0, 0.0, 0.0, 0.0, 1.0 ], [ -0.309017, 0.5, -0.809017, 0.0, -0.5, -0.809017, -0.309017, 0.0, -0.809017, 0.309017, 0.5, 0.0, 0.0, 0.0, 0.0, 1.0 ], [ 0.809017, -0.309017, -0.5, 0.0, 0.309017, -0.5, 0.809017, 0.0, -0.5, -0.809017, -0.309017, 0.0, 0.0, 0.0, 0.0, 1.0 ], [ 0.5, 0.809017, -0.309017, 0.0, -0.809017, 0.309017, -0.5, 0.0, -0.309017, 0.5, 0.809017, 0.0, 0.0, 0.0, 0.0, 1.0 ], [ 0.309017, -0.5, -0.809017, 0.0, -0.5, -0.809017, 0.309017, 0.0, -0.809017, 0.309017, -0.5, 0.0, 0.0, 0.0, 0.0, 1.0 ], [ 0.809017, -0.309017, 0.5, 0.0, -0.309017, 0.5, 0.809017, 0.0, -0.5, -0.809017, 0.309017, 0.0, 0.0, 0.0, 0.0, 1.0 ], [ 0.809017, 0.309017, -0.5, 0.0, -0.309017, -0.5, -0.809017, 0.0, -0.5, 0.809017, -0.309017, 0.0, 0.0, 0.0, 0.0, 1.0 ], [ 0.5, -0.809017, 0.309017, 0.0, -0.809017, -0.309017, 0.5, 0.0, -0.309017, -0.5, -0.809017, 0.0, 0.0, 0.0, 0.0, 1.0 ], [ 0.309017, 0.5, 0.809017, 0.0, -0.5, 0.809017, -0.309017, 0.0, -0.809017, -0.309017, 0.5, 0.0, 0.0, 0.0, 0.0, 1.0 ], [ -1.0, 0.0, 0.0, 0.0, 0.0, -1.0, 0.0, 0.0, 0.0, 0.0, 1.0, 0.0, 0.0, 0.0, 0.0, 1.0 ], [ 0.0, 0.0, -1.0, 0.0, -1.0, 0.0, 0.0, 0.0, 0.0, 1.0, 0.0, 0.0, 0.0, 0.0, 0.0, 1.0 ], [ 0.0, -1.0, 0.0, 0.0, 0.0, 0.0, -1.0, 0.0, 1.0, 0.0, 0.0, 0.0, 0.0, 0.0, 0.0, 1.0 ], [ -0.809017, -0.309017, -0.5, 0.0, -0.309017, -0.5, 0.809017, 0.0, -0.5, 0.809017, 0.309017, 0.0, 0.0, 0.0, 0.0, 1.0 ], [ 0.5, -0.809017, -0.309017, 0.0, -0.809017, -0.309017, -0.5, 0.0, 0.309017, 0.5, -0.809017, 0.0, 0.0, 0.0, 0.0, 1.0 ], [ -0.309017, -0.5, 0.809017, 0.0, 0.5, -0.809017, -0.309017, 0.0, 0.809017, 0.309017, 0.5, 0.0, 0.0, 0.0, 0.0, 1.0 ], [ -0.5, -0.809017, -0.309017, 0.0, -0.809017, 0.309017, 0.5, 0.0, -0.309017, 0.5, -0.809017, 0.0, 0.0, 0.0, 0.0, 1.0 ], [ 0.309017, -0.5, 0.809017, 0.0, -0.5, -0.809017, -0.309017, 0.0, 0.809017, -0.309017, -0.5, 0.0, 0.0, 0.0, 0.0, 1.0 ], [ -0.809017, 0.309017, 0.5, 0.0, 0.309017, -0.5, 0.809017, 0.0, 0.5, 0.809017, 0.309017, 0.0, 0.0, 0.0, 0.0, 1.0 ], [ -0.5, -0.809017, 0.309017, 0.0, -0.809017, 0.309017, -0.5, 0.0, 0.309017, -0.5, -0.809017, 0.0, 0.0, 0.0, 0.0, 1.0 ], [ -0.309017, 0.5, 0.809017, 0.0, -0.5, -0.809017, 0.309017, 0.0, 0.809017, -0.309017, 0.5, 0.0, 0.0, 0.0, 0.0, 1.0 ], [ -0.809017, 0.309017, -0.5, 0.0, -0.309017, 0.5, 0.809017, 0.0, 0.5, 0.809017, -0.309017, 0.0, 0.0, 0.0, 0.0, 1.0 ], [ -0.809017, -0.309017, 0.5, 0.0, -0.309017, -0.5, -0.809017, 0.0, 0.5, -0.809017, 0.309017, 0.0, 0.0, 0.0, 0.0, 1.0 ], [ -0.5, 0.809017, -0.309017, 0.0, -0.809017, -0.309017, 0.5, 0.0, 0.309017, 0.5, 0.809017, 0.0, 0.0, 0.0, 0.0, 1.0 ], [ -0.309017, -0.5, -0.809017, 0.0, -0.5, 0.809017, -0.309017, 0.0, 0.809017, 0.309017, -0.5, 0.0, 0.0, 0.0, 0.0, 1.0 ], [ -1.0, 0.0, 0.0, 0.0, 0.0, 1.0, 0.0, 0.0, 0.0, 0.0, -1.0, 0.0, 0.0, 0.0, 0.0, 1.0 ], [ 0.0, 0.0, -1.0, 0.0, 1.0, 0.0, 0.0, 0.0, 0.0, -1.0, 0.0, 0.0, 0.0, 0.0, 0.0, 1.0 ], [ 0.0, -1.0, 0.0, 0.0, 0.0, 0.0, 1.0, 0.0, -1.0, 0.0, 0.0, 0.0, 0.0, 0.0, 0.0, 1.0 ], [ -0.809017, -0.309017, -0.5, 0.0, 0.309017, 0.5, -0.809017, 0.0, 0.5, -0.809017, -0.309017, 0.0, 0.0, 0.0, 0.0, 1.0 ], [ 0.5, -0.809017, -0.309017, 0.0, 0.809017, 0.309017, 0.5, 0.0, -0.309017, -0.5, 0.809017, 0.0, 0.0, 0.0, 0.0, 1.0 ], [ -0.309017, -0.5, 0.809017, 0.0, -0.5, 0.809017, 0.309017, 0.0, -0.809017, -0.309017, -0.5, 0.0, 0.0, 0.0, 0.0, 1.0 ], [ -0.5, -0.809017, -0.309017, 0.0, 0.809017, -0.309017, -0.5, 0.0, 0.309017, -0.5, 0.809017, 0.0, 0.0, 0.0, 0.0, 1.0 ], [ 0.309017, -0.5, 0.809017, 0.0, 0.5, 0.809017, 0.309017, 0.0, -0.809017, 0.309017, 0.5, 0.0, 0.0, 0.0, 0.0, 1.0 ], [ -0.809017, 0.309017, 0.5, 0.0, -0.309017, 0.5, -0.809017, 0.0, -0.5, -0.809017, -0.309017, 0.0, 0.0, 0.0, 0.0, 1.0 ], [ -0.5, -0.809017, 0.309017, 0.0, 0.809017, -0.309017, 0.5, 0.0, -0.309017, 0.5, 0.809017, 0.0, 0.0, 0.0, 0.0, 1.0 ], [ -0.309017, 0.5, 0.809017, 0.0, 0.5, 0.809017, -0.309017, 0.0, -0.809017, 0.309017, -0.5, 0.0, 0.0, 0.0, 0.0, 1.0 ], [ -0.809017, 0.309017, -0.5, 0.0, 0.309017, -0.5, -0.809017, 0.0, -0.5, -0.809017, 0.309017, 0.0, 0.0, 0.0, 0.0, 1.0 ], [ -0.809017, -0.309017, 0.5, 0.0, 0.309017, 0.5, 0.809017, 0.0, -0.5, 0.809017, -0.309017, 0.0, 0.0, 0.0, 0.0, 1.0 ], [ -0.5, 0.809017, -0.309017, 0.0, 0.809017, 0.309017, -0.5, 0.0, -0.309017, -0.5, -0.809017, 0.0, 0.0, 0.0, 0.0, 1.0 ], [ -0.309017, -0.5, -0.809017, 0.0, 0.5, -0.809017, 0.309017, 0.0, -0.809017, -0.309017, 0.5, 0.0, 0.0, 0.0, 0.0, 1.0 ] ],
  "lights" : {
    "backgroundColor" : "#AFC8DC",
    "ambientColor" : "#292929",
    "directionalLights" : [ {
      "direction" : [ 1.0, -1.0, -1.0 ],
      "color" : "#EBEBE4"
    }, {
      "direction" : [ -1.0, 0.0, 0.0 ],
      "color" : "#E4E4EB"
    }, {
      "direction" : [ 0.0, 0.0, -1.0 ],
      "color" : "#1E1E1E"
    } ]
  },
  "camera" : {
    "perspective" : true,
    "nearClipDistance" : 0.27182817,
    "lookAtPoint" : {
      "x" : 0.0,
      "y" : 0.0,
      "z" : 0.0
    },
    "upDirection" : {
      "x" : 0.9352266,
      "y" : -0.08553849,
      "z" : -0.34356305
    },
    "lookDirection" : {
      "x" : -0.28237003,
      "y" : -0.7655982,
      "z" : -0.5780372
    },
    "farClipDistance" : 217.46254,
    "position" : {
      "x" : 30.702452,
      "y" : 83.24446,
      "z" : 62.85072
    },
    "width" : 48.92907,
    "lookDirectionRV" : {
      "x" : -0.28237003,
      "y" : -0.7655982,
      "z" : -0.5780372,
      "zero" : false
    },
    "fieldOfView" : 0.44262886,
    "viewDistance" : 108.73127,
    "lookAtPointRV" : {
      "x" : 0.0,
      "y" : 0.0,
      "z" : 0.0,
      "zero" : true
    },
    "upDirectionRV" : {
      "x" : 0.9352266,
      "y" : -0.08553849,
      "z" : -0.34356305,
      "zero" : false
    },
    "stereo" : false
  },
  "embedding" : [ 1.0, 0.0, 0.0, 0.0, 0.0, 1.0, 0.0, 0.0, 0.0, 0.0, 1.0, 0.0, 0.0, 0.0, 0.0, 1.0 ],
  "shapes" : [ {
    "id" : "eb0a3140-a907-4d63-93d6-5973664870c9",
    "orbit" : "1",
    "orbitC" : "[[-8,5,1],[0,0,1]]",
    "length" : "[0,1,1]",
    "name" : "medium",
    "vertices" : [ {
      "x" : -5.2107816,
      "y" : -7.4073334,
      "z" : -2.1797733
    }, {
      "x" : -5.1107817,
      "y" : -7.3073335,
      "z" : -2.5797732
    }, {
      "x" : -0.47249982,
      "y" : -0.34119585,
      "z" : -0.4382607
    }, {
      "x" : -0.5724998,
      "y" : -0.44119585,
      "z" : -0.03826069
    }, {
      "x" : -5.410782,
      "y" : -7.074,
      "z" : -2.7131066
    }, {
      "x" : -5.510782,
      "y" : -7.174,
      "z" : -2.3131065
    }, {
      "x" : -0.2724998,
      "y" : -0.6745292,
      "z" : 0.09507264
    }, {
      "x" : -0.1724998,
      "y" : -0.5745292,
      "z" : -0.30492735
    } ],
    "faces" : [ {
      "vertices" : [ 2, 3, 6, 7 ]
    }, {
      "vertices" : [ 0, 5, 4, 1 ]
    }, {
      "vertices" : [ 2, 4, 5, 3 ]
    }, {
      "vertices" : [ 0, 6, 3, 5 ]
    }, {
      "vertices" : [ 0, 1, 7, 6 ]
    }, {
      "vertices" : [ 1, 4, 2, 7 ]
    } ]
  }, {
    "id" : "106865e3-a230-4875-81a4-ba720bc25419",
    "vertices" : [ {
      "x" : 0.0,
      "y" : 0.0,
      "z" : 0.0
    }, {
      "x" : -2.618034,
      "y" : 4.236068,
      "z" : -6.854102
    }, {
      "x" : -6.854102,
      "y" : 11.09017,
      "z" : -4.236068
    }, {
      "x" : -6.854102,
      "y" : 11.09017,
      "z" : 4.236068
    }, {
      "x" : -2.618034,
      "y" : 4.236068,
      "z" : 6.854102
    } ],
    "faces" : [ {
      "vertices" : [ 0, 1, 2, 3, 4 ]
    }, {
      "vertices" : [ 0, 4, 3, 2, 1 ]
    } ]
  }, {
    "id" : "49b30466-baf3-431b-8fa7-bb5b7b7a7237",
    "vertices" : [ {
      "x" : 0.0,
      "y" : 0.0,
      "z" : 0.0
    }, {
      "x" : -5.6832814,
      "y" : -7.748529,
      "z" : -2.618034
    }, {
      "x" : 2.618034,
      "y" : -4.236068,
      "z" : -6.854102
    } ],
    "faces" : [ {
      "vertices" : [ 0, 1, 2 ]
    }, {
      "vertices" : [ 0, 2, 1 ]
    } ]
  }, {
    "id" : "55f16a8e-c515-405d-ba67-80cf64552b29",
    "orbit" : "blue",
    "orbitC" : "[[0,0,1],[0,0,1]]",
    "length" : "[1,0,1]",
    "name" : "b1",
    "vertices" : [ {
      "x" : 7.472136,
      "y" : 0.309017,
      "z" : 0.19098301
    }, {
      "x" : 7.472136,
      "y" : 0.309017,
      "z" : -0.19098301
    }, {
      "x" : 1.0,
      "y" : 0.309017,
      "z" : -0.19098301
    }, {
      "x" : 1.0,
      "y" : 0.309017,
      "z" : 0.19098301
    }, {
      "x" : 7.472136,
      "y" : -0.309017,
      "z" : 0.19098301
    }, {
      "x" : 1.0,
      "y" : -0.309017,
      "z" : 0.19098301
    }, {
      "x" : 1.0,
      "y" : -0.309017,
      "z" : -0.19098301
    }, {
      "x" : 7.472136,
      "y" : -0.309017,
      "z" : -0.19098301
    }, {
      "x" : 8.472136,
      "y" : 0.0,
      "z" : 0.0
    } ],
    "faces" : [ {
      "vertices" : [ 1, 7, 6, 2 ]
    }, {
      "vertices" : [ 0, 1, 2, 3 ]
    }, {
      "vertices" : [ 4, 5, 6, 7 ]
    }, {
      "vertices" : [ 0, 3, 5, 4 ]
    } ]
  }, {
    "id" : "fc775a6a-b471-4108-b750-7be0121be600",
    "name" : "ball",
    "vertices" : [ {
      "x" : 0.309017,
      "y" : -0.809017,
      "z" : 0.618034
    }, {
      "x" : 0.809017,
      "y" : -0.618034,
      "z" : 0.309017
    }, {
      "x" : 0.618034,
      "y" : -0.309017,
      "z" : 0.809017
    }, {
      "x" : 1.0,
      "y" : 0.309017,
      "z" : 0.19098301
    }, {
      "x" : 0.809017,
      "y" : 0.618034,
      "z" : 0.309017
    }, {
      "x" : 0.618034,
      "y" : 0.309017,
      "z" : 0.809017
    }, {
      "x" : 0.809017,
      "y" : 0.0,
      "z" : 0.690983
    }, {
      "x" : 0.19098301,
      "y" : -1.0,
      "z" : 0.309017
    }, {
      "x" : -0.19098301,
      "y" : -1.0,
      "z" : 0.309017
    }, {
      "x" : -0.19098301,
      "y" : -1.0,
      "z" : -0.309017
    }, {
      "x" : 0.19098301,
      "y" : -1.0,
      "z" : -0.309017
    }, {
      "x" : 1.0,
      "y" : -0.309017,
      "z" : -0.19098301
    }, {
      "x" : 0.809017,
      "y" : -0.618034,
      "z" : -0.309017
    }, {
      "x" : 0.618034,
      "y" : -0.309017,
      "z" : -0.809017
    }, {
      "x" : 0.809017,
      "y" : 0.0,
      "z" : -0.690983
    }, {
      "x" : 0.0,
      "y" : 0.690983,
      "z" : -0.809017
    }, {
      "x" : 0.309017,
      "y" : 0.809017,
      "z" : -0.618034
    }, {
      "x" : 0.618034,
      "y" : 0.309017,
      "z" : -0.809017
    }, {
      "x" : 0.309017,
      "y" : 0.19098301,
      "z" : -1.0
    }, {
      "x" : 1.0,
      "y" : 0.309017,
      "z" : -0.19098301
    }, {
      "x" : -0.309017,
      "y" : -0.809017,
      "z" : 0.618034
    }, {
      "x" : 0.0,
      "y" : -0.690983,
      "z" : 0.809017
    }, {
      "x" : 0.809017,
      "y" : 0.618034,
      "z" : -0.309017
    }, {
      "x" : 0.690983,
      "y" : 0.809017,
      "z" : 0.0
    }, {
      "x" : -0.690983,
      "y" : 0.809017,
      "z" : 0.0
    }, {
      "x" : -0.809017,
      "y" : 0.618034,
      "z" : 0.309017
    }, {
      "x" : -0.309017,
      "y" : 0.809017,
      "z" : 0.618034
    }, {
      "x" : -0.19098301,
      "y" : 1.0,
      "z" : 0.309017
    }, {
      "x" : 0.309017,
      "y" : -0.19098301,
      "z" : -1.0
    }, {
      "x" : 0.19098301,
      "y" : 1.0,
      "z" : 0.309017
    }, {
      "x" : 0.309017,
      "y" : 0.809017,
      "z" : 0.618034
    }, {
      "x" : -0.809017,
      "y" : -0.618034,
      "z" : 0.309017
    }, {
      "x" : -0.690983,
      "y" : -0.809017,
      "z" : 0.0
    }, {
      "x" : 0.0,
      "y" : 0.690983,
      "z" : 0.809017
    }, {
      "x" : 0.309017,
      "y" : -0.809017,
      "z" : -0.618034
    }, {
      "x" : 0.0,
      "y" : -0.690983,
      "z" : -0.809017
    }, {
      "x" : -1.0,
      "y" : 0.309017,
      "z" : 0.19098301
    }, {
      "x" : -0.809017,
      "y" : 0.0,
      "z" : 0.690983
    }, {
      "x" : -0.618034,
      "y" : 0.309017,
      "z" : 0.809017
    }, {
      "x" : 1.0,
      "y" : -0.309017,
      "z" : 0.19098301
    }, {
      "x" : -0.309017,
      "y" : -0.809017,
      "z" : -0.618034
    }, {
      "x" : -1.0,
      "y" : 0.309017,
      "z" : -0.19098301
    }, {
      "x" : -1.0,
      "y" : -0.309017,
      "z" : -0.19098301
    }, {
      "x" : -1.0,
      "y" : -0.309017,
      "z" : 0.19098301
    }, {
      "x" : 0.19098301,
      "y" : 1.0,
      "z" : -0.309017
    }, {
      "x" : -0.809017,
      "y" : 0.618034,
      "z" : -0.309017
    }, {
      "x" : -0.19098301,
      "y" : 1.0,
      "z" : -0.309017
    }, {
      "x" : -0.309017,
      "y" : 0.809017,
      "z" : -0.618034
    }, {
      "x" : -0.618034,
      "y" : -0.309017,
      "z" : 0.809017
    }, {
      "x" : 0.309017,
      "y" : 0.19098301,
      "z" : 1.0
    }, {
      "x" : -0.309017,
      "y" : 0.19098301,
      "z" : -1.0
    }, {
      "x" : -0.309017,
      "y" : 0.19098301,
      "z" : 1.0
    }, {
      "x" : -0.309017,
      "y" : -0.19098301,
      "z" : 1.0
    }, {
      "x" : 0.309017,
      "y" : -0.19098301,
      "z" : 1.0
    }, {
      "x" : 0.690983,
      "y" : -0.809017,
      "z" : 0.0
    }, {
      "x" : -0.809017,
      "y" : 0.0,
      "z" : -0.690983
    }, {
      "x" : -0.618034,
      "y" : -0.309017,
      "z" : -0.809017
    }, {
      "x" : -0.309017,
      "y" : -0.19098301,
      "z" : -1.0
    }, {
      "x" : -0.618034,
      "y" : 0.309017,
      "z" : -0.809017
    }, {
      "x" : -0.809017,
      "y" : -0.618034,
      "z" : -0.309017
    } ],
    "faces" : [ {
      "vertices" : [ 9, 40, 35, 34, 10 ]
    }, {
      "vertices" : [ 0, 1, 2 ]
    }, {
      "vertices" : [ 33, 51, 49 ]
    }, {
      "vertices" : [ 25, 36, 37, 38 ]
    }, {
      "vertices" : [ 41, 55, 42 ]
    }, {
      "vertices" : [ 9, 32, 59, 40 ]
    }, {
      "vertices" : [ 20, 21, 52, 48 ]
    }, {
      "vertices" : [ 26, 33, 30, 29, 27 ]
    }, {
      "vertices" : [ 3, 4, 5, 6 ]
    }, {
      "vertices" : [ 27, 29, 44, 46 ]
    }, {
      "vertices" : [ 50, 57, 56, 55, 58 ]
    }, {
      "vertices" : [ 26, 38, 51, 33 ]
    }, {
      "vertices" : [ 45, 47, 58 ]
    }, {
      "vertices" : [ 18, 28, 57, 50 ]
    }, {
      "vertices" : [ 40, 59, 56 ]
    }, {
      "vertices" : [ 31, 48, 37, 43 ]
    }, {
      "vertices" : [ 7, 8, 9, 10 ]
    }, {
      "vertices" : [ 36, 41, 42, 43 ]
    }, {
      "vertices" : [ 24, 46, 47, 45 ]
    }, {
      "vertices" : [ 4, 30, 5 ]
    }, {
      "vertices" : [ 15, 47, 46, 44, 16 ]
    }, {
      "vertices" : [ 15, 50, 58, 47 ]
    }, {
      "vertices" : [ 24, 45, 41, 36, 25 ]
    }, {
      "vertices" : [ 11, 14, 19 ]
    }, {
      "vertices" : [ 3, 6, 39 ]
    }, {
      "vertices" : [ 1, 39, 6, 2 ]
    }, {
      "vertices" : [ 8, 32, 9 ]
    }, {
      "vertices" : [ 11, 12, 13, 14 ]
    }, {
      "vertices" : [ 16, 22, 17 ]
    }, {
      "vertices" : [ 0, 21, 20, 8, 7 ]
    }, {
      "vertices" : [ 12, 34, 13 ]
    }, {
      "vertices" : [ 35, 40, 56, 57 ]
    }, {
      "vertices" : [ 0, 7, 54, 1 ]
    }, {
      "vertices" : [ 15, 16, 17, 18 ]
    }, {
      "vertices" : [ 3, 19, 22, 23, 4 ]
    }, {
      "vertices" : [ 7, 10, 54 ]
    }, {
      "vertices" : [ 41, 45, 58, 55 ]
    }, {
      "vertices" : [ 3, 39, 11, 19 ]
    }, {
      "vertices" : [ 14, 17, 22, 19 ]
    }, {
      "vertices" : [ 0, 2, 53, 21 ]
    }, {
      "vertices" : [ 49, 51, 52, 53 ]
    }, {
      "vertices" : [ 31, 43, 42, 59, 32 ]
    }, {
      "vertices" : [ 15, 18, 50 ]
    }, {
      "vertices" : [ 42, 55, 56, 59 ]
    }, {
      "vertices" : [ 4, 23, 29, 30 ]
    }, {
      "vertices" : [ 25, 38, 26 ]
    }, {
      "vertices" : [ 13, 28, 18, 17, 14 ]
    }, {
      "vertices" : [ 8, 20, 31, 32 ]
    }, {
      "vertices" : [ 23, 44, 29 ]
    }, {
      "vertices" : [ 24, 27, 46 ]
    }, {
      "vertices" : [ 37, 48, 52, 51, 38 ]
    }, {
      "vertices" : [ 20, 48, 31 ]
    }, {
      "vertices" : [ 24, 25, 26, 27 ]
    }, {
      "vertices" : [ 16, 44, 23, 22 ]
    }, {
      "vertices" : [ 13, 34, 35, 28 ]
    }, {
      "vertices" : [ 10, 34, 12, 54 ]
    }, {
      "vertices" : [ 2, 6, 5, 49, 53 ]
    }, {
      "vertices" : [ 36, 43, 37 ]
    }, {
      "vertices" : [ 5, 30, 33, 49 ]
    }, {
      "vertices" : [ 1, 54, 12, 11, 39 ]
    }, {
      "vertices" : [ 28, 35, 57 ]
    }, {
      "vertices" : [ 21, 53, 52 ]
    } ]
  }, {
    "id" : "9aba9a36-5bea-4992-b30b-a9a0a7d951c8",
    "vertices" : [ {
      "x" : 0.0,
      "y" : 0.0,
      "z" : 0.0
    }, {
      "x" : 8.301315,
      "y" : 3.5124612,
      "z" : -4.236068
    }, {
      "x" : 5.6832814,
      "y" : 7.748529,
      "z" : 2.618034
    } ],
    "faces" : [ {
      "vertices" : [ 0, 1, 2 ]
    }, {
      "vertices" : [ 0, 2, 1 ]
    } ]
  }, {
    "id" : "217bfc44-abf8-4fc5-b967-dbe003204791",
    "vertices" : [ {
      "x" : 0.0,
      "y" : 0.0,
      "z" : 0.0
    }, {
      "x" : 2.618034,
      "y" : -4.236068,
      "z" : -6.854102
    }, {
      "x" : 0.0,
      "y" : 0.0,
      "z" : -13.708204
    }, {
      "x" : -4.236068,
      "y" : 6.854102,
      "z" : -11.09017
    }, {
      "x" : -4.236068,
      "y" : 6.854102,
      "z" : -2.618034
    } ],
    "faces" : [ {
      "vertices" : [ 0, 1, 2, 3, 4 ]
    }, {
      "vertices" : [ 0, 4, 3, 2, 1 ]
    } ]
  } ],
  "instances" : [ {
    "shape" : "eb0a3140-a907-4d63-93d6-5973664870c9",
    "color" : "#FFFFFF",
    "position" : {
      "x" : 0.7236068,
      "y" : 7.301316,
      "z" : -4.236068
    },
    "orientation" : 0
  }, {
    "shape" : "106865e3-a230-4875-81a4-ba720bc25419",
    "color" : "#EC888B",
    "position" : {
      "x" : -7.5777087,
      "y" : 3.7888544,
      "z" : 0.0
    },
    "orientation" : 30
  }, {
    "shape" : "49b30466-baf3-431b-8fa7-bb5b7b7a7237",
    "color" : "#FFFF00",
    "position" : {
      "x" : 4.959675,
      "y" : 0.4472136,
      "z" : 6.854102
    },
    "orientation" : 0
  }, {
    "shape" : "49b30466-baf3-431b-8fa7-bb5b7b7a7237",
    "color" : "#FFFF00",
    "position" : {
      "x" : 0.7236068,
      "y" : 7.301316,
      "z" : 4.236068
    },
    "orientation" : 12
  }, {
    "shape" : "55f16a8e-c515-405d-ba67-80cf64552b29",
    "color" : "#008EC2",
    "position" : {
      "x" : -7.5777087,
      "y" : 3.7888544,
      "z" : 0.0
    },
    "orientation" : 37
  }, {
    "shape" : "55f16a8e-c515-405d-ba67-80cf64552b29",
    "color" : "#008EC2",
    "position" : {
      "x" : 4.959675,
      "y" : 0.4472136,
      "z" : -6.854102
    },
    "orientation" : 37
  }, {
    "shape" : "fc775a6a-b471-4108-b750-7be0121be600",
    "color" : "#F2F2F2",
    "position" : {
      "x" : -7.5777087,
      "y" : 3.7888544,
      "z" : 0.0
    }
  }, {
    "shape" : "fc775a6a-b471-4108-b750-7be0121be600",
    "color" : "#F2F2F2",
    "position" : {
      "x" : 4.959675,
      "y" : 0.4472136,
      "z" : -6.854102
    }
  }, {
    "shape" : "eb0a3140-a907-4d63-93d6-5973664870c9",
    "color" : "#FFFFFF",
    "position" : {
      "x" : 0.7236068,
      "y" : 7.301316,
      "z" : -4.236068
    },
    "orientation" : 9
  }, {
    "shape" : "55f16a8e-c515-405d-ba67-80cf64552b29",
    "color" : "#008EC2",
    "position" : {
      "x" : -4.959675,
      "y" : -0.4472136,
      "z" : 6.854102
    },
    "orientation" : 24
  }, {
    "shape" : "eb0a3140-a907-4d63-93d6-5973664870c9",
    "color" : "#FFFFFF",
    "position" : {
      "x" : 4.959675,
      "y" : 0.4472136,
      "z" : 6.854102
    },
    "orientation" : 0
  }, {
    "shape" : "eb0a3140-a907-4d63-93d6-5973664870c9",
    "color" : "#FFFFFF",
    "position" : {
      "x" : 0.7236068,
      "y" : 7.301316,
      "z" : 4.236068
    },
    "orientation" : 3
  }, {
    "shape" : "9aba9a36-5bea-4992-b30b-a9a0a7d951c8",
    "color" : "#FFFF00",
    "position" : {
      "x" : 7.5777087,
      "y" : -3.7888544,
      "z" : 0.0
    },
    "orientation" : 39
  }, {
    "shape" : "9aba9a36-5bea-4992-b30b-a9a0a7d951c8",
    "color" : "#FFFF00",
    "position" : {
      "x" : 0.7236068,
      "y" : 7.301316,
      "z" : 4.236068
    },
    "orientation" : 30
  }, {
    "shape" : "9aba9a36-5bea-4992-b30b-a9a0a7d951c8",
    "color" : "#FFFF00",
    "position" : {
      "x" : 4.959675,
      "y" : 0.4472136,
      "z" : -6.854102
    },
    "orientation" : 36
  }, {
    "shape" : "55f16a8e-c515-405d-ba67-80cf64552b29",
    "color" : "#008EC2",
    "position" : {
      "x" : 7.5777087,
      "y" : -3.7888544,
      "z" : 0.0
    },
    "orientation" : 7
  }, {
    "shape" : "55f16a8e-c515-405d-ba67-80cf64552b29",
    "color" : "#008EC2",
    "position" : {
      "x" : -4.959675,
      "y" : -0.4472136,
      "z" : -6.854102
    },
    "orientation" : 7
  }, {
    "shape" : "55f16a8e-c515-405d-ba67-80cf64552b29",
    "color" : "#008EC2",
    "position" : {
      "x" : 0.7236068,
      "y" : 7.301316,
      "z" : 4.236068
    },
    "orientation" : 47
  }, {
    "shape" : "fc775a6a-b471-4108-b750-7be0121be600",
    "color" : "#F2F2F2",
    "position" : {
      "x" : 0.0,
      "y" : 0.0,
      "z" : 0.0
    }
  }, {
    "shape" : "55f16a8e-c515-405d-ba67-80cf64552b29",
    "color" : "#008EC2",
    "position" : {
      "x" : 0.7236068,
      "y" : 7.301316,
      "z" : -4.236068
    },
    "orientation" : 24
  }, {
    "shape" : "fc775a6a-b471-4108-b750-7be0121be600",
    "color" : "#F2F2F2",
    "position" : {
      "x" : 0.7236068,
      "y" : 7.301316,
      "z" : 4.236068
    }
  }, {
    "shape" : "fc775a6a-b471-4108-b750-7be0121be600",
    "color" : "#F2F2F2",
    "position" : {
      "x" : -4.959675,
      "y" : -0.4472136,
      "z" : -6.854102
    }
  }, {
    "shape" : "fc775a6a-b471-4108-b750-7be0121be600",
    "color" : "#F2F2F2",
    "position" : {
      "x" : 4.959675,
      "y" : 0.4472136,
      "z" : 6.854102
    }
  }, {
    "shape" : "fc775a6a-b471-4108-b750-7be0121be600",
    "color" : "#F2F2F2",
    "position" : {
      "x" : 0.7236068,
      "y" : 7.301316,
      "z" : -4.236068
    }
  }, {
    "shape" : "217bfc44-abf8-4fc5-b967-dbe003204791",
    "color" : "#FFFF33",
    "position" : {
      "x" : 4.959675,
      "y" : 0.4472136,
      "z" : 6.854102
    },
    "orientation" : 0
  }, {
    "shape" : "eb0a3140-a907-4d63-93d6-5973664870c9",
    "color" : "#FFFFFF",
    "position" : {
      "x" : -0.7236068,
      "y" : -7.301316,
      "z" : 4.236068
    },
    "orientation" : 33
  }, {
    "shape" : "eb0a3140-a907-4d63-93d6-5973664870c9",
    "color" : "#FFFFFF",
    "position" : {
      "x" : 4.959675,
      "y" : 0.4472136,
      "z" : -6.854102
    },
    "orientation" : 12
  }, {
    "shape" : "55f16a8e-c515-405d-ba67-80cf64552b29",
    "color" : "#008EC2",
    "position" : {
      "x" : 4.959675,
      "y" : 0.4472136,
      "z" : 6.854102
    },
    "orientation" : 54
  }, {
    "shape" : "49b30466-baf3-431b-8fa7-bb5b7b7a7237",
    "color" : "#FFFF00",
    "position" : {
      "x" : 0.7236068,
      "y" : 7.301316,
      "z" : -4.236068
    },
    "orientation" : 9
  }, {
    "shape" : "55f16a8e-c515-405d-ba67-80cf64552b29",
    "color" : "#008EC2",
    "position" : {
      "x" : -0.7236068,
      "y" : -7.301316,
      "z" : -4.236068
    },
    "orientation" : 54
  }, {
    "shape" : "49b30466-baf3-431b-8fa7-bb5b7b7a7237",
    "color" : "#FFFF00",
    "position" : {
      "x" : 7.5777087,
      "y" : -3.7888544,
      "z" : 0.0
    },
    "orientation" : 3
  }, {
    "shape" : "eb0a3140-a907-4d63-93d6-5973664870c9",
    "color" : "#FFFFFF",
    "position" : {
      "x" : 4.959675,
      "y" : 0.4472136,
      "z" : -6.854102
    },
    "orientation" : 6
  }, {
    "shape" : "eb0a3140-a907-4d63-93d6-5973664870c9",
    "color" : "#FFFFFF",
    "position" : {
      "x" : 7.5777087,
      "y" : -3.7888544,
      "z" : 0.0
    },
    "orientation" : 3
  }, {
    "shape" : "9aba9a36-5bea-4992-b30b-a9a0a7d951c8",
    "color" : "#FFFF00",
    "position" : {
      "x" : 4.959675,
      "y" : 0.4472136,
      "z" : 6.854102
    },
    "orientation" : 42
  }, {
    "shape" : "fc775a6a-b471-4108-b750-7be0121be600",
    "color" : "#F2F2F2",
    "position" : {
      "x" : -4.959675,
      "y" : -0.4472136,
      "z" : 6.854102
    }
  }, {
    "shape" : "eb0a3140-a907-4d63-93d6-5973664870c9",
    "color" : "#FFFFFF",
    "position" : {
      "x" : 0.7236068,
      "y" : 7.301316,
      "z" : 4.236068
    },
    "orientation" : 12
  }, {
    "shape" : "fc775a6a-b471-4108-b750-7be0121be600",
    "color" : "#F2F2F2",
    "position" : {
      "x" : -0.7236068,
      "y" : -7.301316,
      "z" : -4.236068
    }
  }, {
    "shape" : "fc775a6a-b471-4108-b750-7be0121be600",
    "color" : "#F2F2F2",
    "position" : {
      "x" : 7.5777087,
      "y" : -3.7888544,
      "z" : 0.0
    }
  }, {
    "shape" : "eb0a3140-a907-4d63-93d6-5973664870c9",
    "color" : "#FFFFFF",
    "position" : {
      "x" : 4.959675,
      "y" : 0.4472136,
      "z" : 6.854102
    },
    "orientation" : 6
  }, {
    "shape" : "9aba9a36-5bea-4992-b30b-a9a0a7d951c8",
    "color" : "#FFFF00",
    "position" : {
      "x" : 0.7236068,
      "y" : 7.301316,
      "z" : -4.236068
    },
    "orientation" : 33
  }, {
    "shape" : "fc775a6a-b471-4108-b750-7be0121be600",
    "color" : "#F2F2F2",
    "position" : {
      "x" : -0.7236068,
      "y" : -7.301316,
      "z" : 4.236068
    }
  }, {
    "shape" : "49b30466-baf3-431b-8fa7-bb5b7b7a7237",
    "color" : "#FFFF00",
    "position" : {
      "x" : 4.959675,
      "y" : 0.4472136,
      "z" : -6.854102
    },
    "orientation" : 6
  }, {
    "shape" : "55f16a8e-c515-405d-ba67-80cf64552b29",
    "color" : "#008EC2",
    "position" : {
      "x" : -0.7236068,
      "y" : -7.301316,
      "z" : 4.236068
    },
    "orientation" : 47
  } ],
  "scenes" : [ ],
  "snapshots" : [ [ ], [ ], [ ], [ ], [ ], [ ], [ ], [ ] ]
}