{
  "polygons" : "true",
  "field" : "golden",
  "symmetry" : "icosahedral",
  "orientations" : [ [ 1.0, 0.0, 0.0, 0.0, 0.0, 1.0, 0.0, 0.0, 0.0, 0.0, 1.0, 0.0, 0.0, 0.0, 0.0, 1.0 ], [ 0.0, 0.0, 1.0, 0.0, 1.0, 0.0, 0.0, 0.0, 0.0, 1.0, 0.0, 0.0, 0.0, 0.0, 0.0, 1.0 ], [ 0.0, 1.0, 0.0, 0.0, 0.0, 0.0, 1.0, 0.0, 1.0, 0.0, 0.0, 0.0, 0.0, 0.0, 0.0, 1.0 ], [ 0.809017, 0.309017, 0.5, 0.0, 0.309017, 0.5, -0.809017, 0.0, -0.5, 0.809017, 0.309017, 0.0, 0.0, 0.0, 0.0, 1.0 ], [ -0.5, 0.809017, 0.309017, 0.0, 0.809017, 0.309017, 0.5, 0.0, 0.309017, 0.5, -0.809017, 0.0, 0.0, 0.0, 0.0, 1.0 ], [ 0.309017, 0.5, -0.809017, 0.0, -0.5, 0.809017, 0.309017, 0.0, 0.809017, 0.309017, 0.5, 0.0, 0.0, 0.0, 0.0, 1.0 ], [ 0.5, 0.809017, 0.309017, 0.0, 0.809017, -0.309017, -0.5, 0.0, -0.309017, 0.5, -0.809017, 0.0, 0.0, 0.0, 0.0, 1.0 ], [ -0.309017, 0.5, -0.809017, 0.0, 0.5, 0.809017, 0.309017, 0.0, 0.809017, -0.309017, -0.5, 0.0, 0.0, 0.0, 0.0, 1.0 ], [ 0.809017, -0.309017, -0.5, 0.0, -0.309017, 0.5, -0.809017, 0.0, 0.5, 0.809017, 0.309017, 0.0, 0.0, 0.0, 0.0, 1.0 ], [ 0.5, 0.809017, -0.309017, 0.0, 0.809017, -0.309017, 0.5, 0.0, 0.309017, -0.5, -0.809017, 0.0, 0.0, 0.0, 0.0, 1.0 ], [ 0.309017, -0.5, -0.809017, 0.0, 0.5, 0.809017, -0.309017, 0.0, 0.809017, -0.309017, 0.5, 0.0, 0.0, 0.0, 0.0, 1.0 ], [ 0.809017, -0.309017, 0.5, 0.0, 0.309017, -0.5, -0.809017, 0.0, 0.5, 0.809017, -0.309017, 0.0, 0.0, 0.0, 0.0, 1.0 ], [ 0.809017, 0.309017, -0.5, 0.0, 0.309017, 0.5, 0.809017, 0.0, 0.5, -0.809017, 0.309017, 0.0, 0.0, 0.0, 0.0, 1.0 ], [ 0.5, -0.809017, 0.309017, 0.0, 0.809017, 0.309017, -0.5, 0.0, 0.309017, 0.5, 0.809017, 0.0, 0.0, 0.0, 0.0, 1.0 ], [ 0.309017, 0.5, 0.809017, 0.0, 0.5, -0.809017, 0.309017, 0.0, 0.809017, 0.309017, -0.5, 0.0, 0.0, 0.0, 0.0, 1.0 ], [ 1.0, 0.0, 0.0, 0.0, 0.0, -1.0, 0.0, 0.0, 0.0, 0.0, -1.0, 0.0, 0.0, 0.0, 0.0, 1.0 ], [ 0.0, 0.0, 1.0, 0.0, -1.0, 0.0, 0.0, 0.0, 0.0, -1.0, 0.0, 0.0, 0.0, 0.0, 0.0, 1.0 ], [ 0.0, 1.0, 0.0, 0.0, 0.0, 0.0, -1.0, 0.0, -1.0, 0.0, 0.0, 0.0, 0.0, 0.0, 0.0, 1.0 ], [ 0.809017, 0.309017, 0.5, 0.0, -0.309017, -0.5, 0.809017, 0.0, 0.5, -0.809017, -0.309017, 0.0, 0.0, 0.0, 0.0, 1.0 ], [ -0.5, 0.809017, 0.309017, 0.0, -0.809017, -0.309017, -0.5, 0.0, -0.309017, -0.5, 0.809017, 0.0, 0.0, 0.0, 0.0, 1.0 ], [ 0.309017, 0.5, -0.809017, 0.0, 0.5, -0.809017, -0.309017, 0.0, -0.809017, -0.309017, -0.5, 0.0, 0.0, 0.0, 0.0, 1.0 ], [ 0.5, 0.809017, 0.309017, 0.0, -0.809017, 0.309017, 0.5, 0.0, 0.309017, -0.5, 0.809017, 0.0, 0.0, 0.0, 0.0, 1.0 ], [ -0.309017, 0.5, -0.809017, 0.0, -0.5, -0.809017, -0.309017, 0.0, -0.809017, 0.309017, 0.5, 0.0, 0.0, 0.0, 0.0, 1.0 ], [ 0.809017, -0.309017, -0.5, 0.0, 0.309017, -0.5, 0.809017, 0.0, -0.5, -0.809017, -0.309017, 0.0, 0.0, 0.0, 0.0, 1.0 ], [ 0.5, 0.809017, -0.309017, 0.0, -0.809017, 0.309017, -0.5, 0.0, -0.309017, 0.5, 0.809017, 0.0, 0.0, 0.0, 0.0, 1.0 ], [ 0.309017, -0.5, -0.809017, 0.0, -0.5, -0.809017, 0.309017, 0.0, -0.809017, 0.309017, -0.5, 0.0, 0.0, 0.0, 0.0, 1.0 ], [ 0.809017, -0.309017, 0.5, 0.0, -0.309017, 0.5, 0.809017, 0.0, -0.5, -0.809017, 0.309017, 0.0, 0.0, 0.0, 0.0, 1.0 ], [ 0.809017, 0.309017, -0.5, 0.0, -0.309017, -0.5, -0.809017, 0.0, -0.5, 0.809017, -0.309017, 0.0, 0.0, 0.0, 0.0, 1.0 ], [ 0.5, -0.809017, 0.309017, 0.0, -0.809017, -0.309017, 0.5, 0.0, -0.309017, -0.5, -0.809017, 0.0, 0.0, 0.0, 0.0, 1.0 ], [ 0.309017, 0.5, 0.809017, 0.0, -0.5, 0.809017, -0.309017, 0.0, -0.809017, -0.309017, 0.5, 0.0, 0.0, 0.0, 0.0, 1.0 ], [ -1.0, 0.0, 0.0, 0.0, 0.0, -1.0, 0.0, 0.0, 0.0, 0.0, 1.0, 0.0, 0.0, 0.0, 0.0, 1.0 ], [ 0.0, 0.0, -1.0, 0.0, -1.0, 0.0, 0.0, 0.0, 0.0, 1.0, 0.0, 0.0, 0.0, 0.0, 0.0, 1.0 ], [ 0.0, -1.0, 0.0, 0.0, 0.0, 0.0, -1.0, 0.0, 1.0, 0.0, 0.0, 0.0, 0.0, 0.0, 0.0, 1.0 ], [ -0.809017, -0.309017, -0.5, 0.0, -0.309017, -0.5, 0.809017, 0.0, -0.5, 0.809017, 0.309017, 0.0, 0.0, 0.0, 0.0, 1.0 ], [ 0.5, -0.809017, -0.309017, 0.0, -0.809017, -0.309017, -0.5, 0.0, 0.309017, 0.5, -0.809017, 0.0, 0.0, 0.0, 0.0, 1.0 ], [ -0.309017, -0.5, 0.809017, 0.0, 0.5, -0.809017, -0.309017, 0.0, 0.809017, 0.309017, 0.5, 0.0, 0.0, 0.0, 0.0, 1.0 ], [ -0.5, -0.809017, -0.309017, 0.0, -0.809017, 0.309017, 0.5, 0.0, -0.309017, 0.5, -0.809017, 0.0, 0.0, 0.0, 0.0, 1.0 ], [ 0.309017, -0.5, 0.809017, 0.0, -0.5, -0.809017, -0.309017, 0.0, 0.809017, -0.309017, -0.5, 0.0, 0.0, 0.0, 0.0, 1.0 ], [ -0.809017, 0.309017, 0.5, 0.0, 0.309017, -0.5, 0.809017, 0.0, 0.5, 0.809017, 0.309017, 0.0, 0.0, 0.0, 0.0, 1.0 ], [ -0.5, -0.809017, 0.309017, 0.0, -0.809017, 0.309017, -0.5, 0.0, 0.309017, -0.5, -0.809017, 0.0, 0.0, 0.0, 0.0, 1.0 ], [ -0.309017, 0.5, 0.809017, 0.0, -0.5, -0.809017, 0.309017, 0.0, 0.809017, -0.309017, 0.5, 0.0, 0.0, 0.0, 0.0, 1.0 ], [ -0.809017, 0.309017, -0.5, 0.0, -0.309017, 0.5, 0.809017, 0.0, 0.5, 0.809017, -0.309017, 0.0, 0.0, 0.0, 0.0, 1.0 ], [ -0.809017, -0.309017, 0.5, 0.0, -0.309017, -0.5, -0.809017, 0.0, 0.5, -0.809017, 0.309017, 0.0, 0.0, 0.0, 0.0, 1.0 ], [ -0.5, 0.809017, -0.309017, 0.0, -0.809017, -0.309017, 0.5, 0.0, 0.309017, 0.5, 0.809017, 0.0, 0.0, 0.0, 0.0, 1.0 ], [ -0.309017, -0.5, -0.809017, 0.0, -0.5, 0.809017, -0.309017, 0.0, 0.809017, 0.309017, -0.5, 0.0, 0.0, 0.0, 0.0, 1.0 ], [ -1.0, 0.0, 0.0, 0.0, 0.0, 1.0, 0.0, 0.0, 0.0, 0.0, -1.0, 0.0, 0.0, 0.0, 0.0, 1.0 ], [ 0.0, 0.0, -1.0, 0.0, 1.0, 0.0, 0.0, 0.0, 0.0, -1.0, 0.0, 0.0, 0.0, 0.0, 0.0, 1.0 ], [ 0.0, -1.0, 0.0, 0.0, 0.0, 0.0, 1.0, 0.0, -1.0, 0.0, 0.0, 0.0, 0.0, 0.0, 0.0, 1.0 ], [ -0.809017, -0.309017, -0.5, 0.0, 0.309017, 0.5, -0.809017, 0.0, 0.5, -0.809017, -0.309017, 0.0, 0.0, 0.0, 0.0, 1.0 ], [ 0.5, -0.809017, -0.309017, 0.0, 0.809017, 0.309017, 0.5, 0.0, -0.309017, -0.5, 0.809017, 0.0, 0.0, 0.0, 0.0, 1.0 ], [ -0.309017, -0.5, 0.809017, 0.0, -0.5, 0.809017, 0.309017, 0.0, -0.809017, -0.309017, -0.5, 0.0, 0.0, 0.0, 0.0, 1.0 ], [ -0.5, -0.809017, -0.309017, 0.0, 0.809017, -0.309017, -0.5, 0.0, 0.309017, -0.5, 0.809017, 0.0, 0.0, 0.0, 0.0, 1.0 ], [ 0.309017, -0.5, 0.809017, 0.0, 0.5, 0.809017, 0.309017, 0.0, -0.809017, 0.309017, 0.5, 0.0, 0.0, 0.0, 0.0, 1.0 ], [ -0.809017, 0.309017, 0.5, 0.0, -0.309017, 0.5, -0.809017, 0.0, -0.5, -0.809017, -0.309017, 0.0, 0.0, 0.0, 0.0, 1.0 ], [ -0.5, -0.809017, 0.309017, 0.0, 0.809017, -0.309017, 0.5, 0.0, -0.309017, 0.5, 0.809017, 0.0, 0.0, 0.0, 0.0, 1.0 ], [ -0.309017, 0.5, 0.809017, 0.0, 0.5, 0.809017, -0.309017, 0.0, -0.809017, 0.309017, -0.5, 0.0, 0.0, 0.0, 0.0, 1.0 ], [ -0.809017, 0.309017, -0.5, 0.0, 0.309017, -0.5, -0.809017, 0.0, -0.5, -0.809017, 0.309017, 0.0, 0.0, 0.0, 0.0, 1.0 ], [ -0.809017, -0.309017, 0.5, 0.0, 0.309017, 0.5, 0.809017, 0.0, -0.5, 0.809017, -0.309017, 0.0, 0.0, 0.0, 0.0, 1.0 ], [ -0.5, 0.809017, -0.309017, 0.0, 0.809017, 0.309017, -0.5, 0.0, -0.309017, -0.5, -0.809017, 0.0, 0.0, 0.0, 0.0, 1.0 ], [ -0.309017, -0.5, -0.809017, 0.0, 0.5, -0.809017, 0.309017, 0.0, -0.809017, -0.309017, 0.5, 0.0, 0.0, 0.0, 0.0, 1.0 ] ],
  "lights" : {
    "directionalLights" : [ {
      "direction" : [ 1.0, -1.0, -1.0 ],
      "color" : "#EBEBE4"
    }, {
      "direction" : [ -1.0, 0.0, 0.0 ],
      "color" : "#E4E4EB"
    }, {
      "direction" : [ 0.0, 0.0, -1.0 ],
      "color" : "#1E1E1E"
    } ],
    "ambientColor" : "#292929",
    "backgroundColor" : "#AFC8DC"
  },
  "camera" : {
    "width" : 56.28183,
    "position" : {
      "x" : 62.535366,
      "y" : -101.18435,
      "z" : -38.648983
    },
    "lookAtPointRV" : {
      "x" : 0.0,
      "y" : 0.0,
      "z" : 0.0,
      "zero" : true
    },
    "perspective" : false,
    "upDirectionRV" : {
      "x" : 0.8506508,
      "y" : 0.5257311,
      "z" : 0.0,
      "zero" : false
    },
    "viewDistance" : 125.07073,
    "lookDirectionRV" : {
      "x" : -0.5,
      "y" : 0.809017,
      "z" : 0.309017,
      "zero" : false
    },
    "fieldOfView" : 0.4426289,
    "nearClipDistance" : 0.31267682,
    "upDirection" : {
      "x" : 0.8506508,
      "y" : 0.5257311,
      "z" : 0.0
    },
    "lookAtPoint" : {
      "x" : 0.0,
      "y" : 0.0,
      "z" : 0.0
    },
    "farClipDistance" : 250.14146,
    "lookDirection" : {
      "x" : -0.5,
      "y" : 0.809017,
      "z" : 0.309017
    },
    "stereo" : false
  },
  "embedding" : [ 1.0, 0.0, 0.0, 0.0, 0.0, 1.0, 0.0, 0.0, 0.0, 0.0, 1.0, 0.0, 0.0, 0.0, 0.0, 1.0 ],
  "shapes" : [ {
    "id" : "62523dd7-893c-43fa-87ca-50e0ad830aba",
    "name" : "ball",
    "vertices" : [ {
      "x" : 0.309017,
      "y" : -0.809017,
      "z" : 0.618034
    }, {
      "x" : 0.809017,
      "y" : -0.618034,
      "z" : 0.309017
    }, {
      "x" : 0.618034,
      "y" : -0.309017,
      "z" : 0.809017
    }, {
      "x" : 1.0,
      "y" : 0.309017,
      "z" : 0.19098301
    }, {
      "x" : 0.809017,
      "y" : 0.618034,
      "z" : 0.309017
    }, {
      "x" : 0.618034,
      "y" : 0.309017,
      "z" : 0.809017
    }, {
      "x" : 0.809017,
      "y" : 0.0,
      "z" : 0.690983
    }, {
      "x" : 0.19098301,
      "y" : -1.0,
      "z" : 0.309017
    }, {
      "x" : -0.19098301,
      "y" : -1.0,
      "z" : 0.309017
    }, {
      "x" : -0.19098301,
      "y" : -1.0,
      "z" : -0.309017
    }, {
      "x" : 0.19098301,
      "y" : -1.0,
      "z" : -0.309017
    }, {
      "x" : 1.0,
      "y" : -0.309017,
      "z" : -0.19098301
    }, {
      "x" : 0.809017,
      "y" : -0.618034,
      "z" : -0.309017
    }, {
      "x" : 0.618034,
      "y" : -0.309017,
      "z" : -0.809017
    }, {
      "x" : 0.809017,
      "y" : 0.0,
      "z" : -0.690983
    }, {
      "x" : 0.0,
      "y" : 0.690983,
      "z" : -0.809017
    }, {
      "x" : 0.309017,
      "y" : 0.809017,
      "z" : -0.618034
    }, {
      "x" : 0.618034,
      "y" : 0.309017,
      "z" : -0.809017
    }, {
      "x" : 0.309017,
      "y" : 0.19098301,
      "z" : -1.0
    }, {
      "x" : 1.0,
      "y" : 0.309017,
      "z" : -0.19098301
    }, {
      "x" : -0.309017,
      "y" : -0.809017,
      "z" : 0.618034
    }, {
      "x" : 0.0,
      "y" : -0.690983,
      "z" : 0.809017
    }, {
      "x" : 0.809017,
      "y" : 0.618034,
      "z" : -0.309017
    }, {
      "x" : 0.690983,
      "y" : 0.809017,
      "z" : 0.0
    }, {
      "x" : -0.690983,
      "y" : 0.809017,
      "z" : 0.0
    }, {
      "x" : -0.809017,
      "y" : 0.618034,
      "z" : 0.309017
    }, {
      "x" : -0.309017,
      "y" : 0.809017,
      "z" : 0.618034
    }, {
      "x" : -0.19098301,
      "y" : 1.0,
      "z" : 0.309017
    }, {
      "x" : 0.309017,
      "y" : -0.19098301,
      "z" : -1.0
    }, {
      "x" : 0.19098301,
      "y" : 1.0,
      "z" : 0.309017
    }, {
      "x" : 0.309017,
      "y" : 0.809017,
      "z" : 0.618034
    }, {
      "x" : -0.809017,
      "y" : -0.618034,
      "z" : 0.309017
    }, {
      "x" : -0.690983,
      "y" : -0.809017,
      "z" : 0.0
    }, {
      "x" : 0.0,
      "y" : 0.690983,
      "z" : 0.809017
    }, {
      "x" : 0.309017,
      "y" : -0.809017,
      "z" : -0.618034
    }, {
      "x" : 0.0,
      "y" : -0.690983,
      "z" : -0.809017
    }, {
      "x" : -1.0,
      "y" : 0.309017,
      "z" : 0.19098301
    }, {
      "x" : -0.809017,
      "y" : 0.0,
      "z" : 0.690983
    }, {
      "x" : -0.618034,
      "y" : 0.309017,
      "z" : 0.809017
    }, {
      "x" : 1.0,
      "y" : -0.309017,
      "z" : 0.19098301
    }, {
      "x" : -0.309017,
      "y" : -0.809017,
      "z" : -0.618034
    }, {
      "x" : -1.0,
      "y" : 0.309017,
      "z" : -0.19098301
    }, {
      "x" : -1.0,
      "y" : -0.309017,
      "z" : -0.19098301
    }, {
      "x" : -1.0,
      "y" : -0.309017,
      "z" : 0.19098301
    }, {
      "x" : 0.19098301,
      "y" : 1.0,
      "z" : -0.309017
    }, {
      "x" : -0.809017,
      "y" : 0.618034,
      "z" : -0.309017
    }, {
      "x" : -0.19098301,
      "y" : 1.0,
      "z" : -0.309017
    }, {
      "x" : -0.309017,
      "y" : 0.809017,
      "z" : -0.618034
    }, {
      "x" : -0.618034,
      "y" : -0.309017,
      "z" : 0.809017
    }, {
      "x" : 0.309017,
      "y" : 0.19098301,
      "z" : 1.0
    }, {
      "x" : -0.309017,
      "y" : 0.19098301,
      "z" : -1.0
    }, {
      "x" : -0.309017,
      "y" : 0.19098301,
      "z" : 1.0
    }, {
      "x" : -0.309017,
      "y" : -0.19098301,
      "z" : 1.0
    }, {
      "x" : 0.309017,
      "y" : -0.19098301,
      "z" : 1.0
    }, {
      "x" : 0.690983,
      "y" : -0.809017,
      "z" : 0.0
    }, {
      "x" : -0.809017,
      "y" : 0.0,
      "z" : -0.690983
    }, {
      "x" : -0.618034,
      "y" : -0.309017,
      "z" : -0.809017
    }, {
      "x" : -0.309017,
      "y" : -0.19098301,
      "z" : -1.0
    }, {
      "x" : -0.618034,
      "y" : 0.309017,
      "z" : -0.809017
    }, {
      "x" : -0.809017,
      "y" : -0.618034,
      "z" : -0.309017
    } ],
    "faces" : [ {
      "vertices" : [ 9, 40, 35, 34, 10 ]
    }, {
      "vertices" : [ 0, 1, 2 ]
    }, {
      "vertices" : [ 33, 51, 49 ]
    }, {
      "vertices" : [ 25, 36, 37, 38 ]
    }, {
      "vertices" : [ 41, 55, 42 ]
    }, {
      "vertices" : [ 9, 32, 59, 40 ]
    }, {
      "vertices" : [ 20, 21, 52, 48 ]
    }, {
      "vertices" : [ 26, 33, 30, 29, 27 ]
    }, {
      "vertices" : [ 3, 4, 5, 6 ]
    }, {
      "vertices" : [ 27, 29, 44, 46 ]
    }, {
      "vertices" : [ 50, 57, 56, 55, 58 ]
    }, {
      "vertices" : [ 26, 38, 51, 33 ]
    }, {
      "vertices" : [ 45, 47, 58 ]
    }, {
      "vertices" : [ 18, 28, 57, 50 ]
    }, {
      "vertices" : [ 40, 59, 56 ]
    }, {
      "vertices" : [ 31, 48, 37, 43 ]
    }, {
      "vertices" : [ 7, 8, 9, 10 ]
    }, {
      "vertices" : [ 36, 41, 42, 43 ]
    }, {
      "vertices" : [ 24, 46, 47, 45 ]
    }, {
      "vertices" : [ 4, 30, 5 ]
    }, {
      "vertices" : [ 15, 47, 46, 44, 16 ]
    }, {
      "vertices" : [ 15, 50, 58, 47 ]
    }, {
      "vertices" : [ 24, 45, 41, 36, 25 ]
    }, {
      "vertices" : [ 11, 14, 19 ]
    }, {
      "vertices" : [ 3, 6, 39 ]
    }, {
      "vertices" : [ 1, 39, 6, 2 ]
    }, {
      "vertices" : [ 8, 32, 9 ]
    }, {
      "vertices" : [ 11, 12, 13, 14 ]
    }, {
      "vertices" : [ 16, 22, 17 ]
    }, {
      "vertices" : [ 0, 21, 20, 8, 7 ]
    }, {
      "vertices" : [ 12, 34, 13 ]
    }, {
      "vertices" : [ 35, 40, 56, 57 ]
    }, {
      "vertices" : [ 0, 7, 54, 1 ]
    }, {
      "vertices" : [ 15, 16, 17, 18 ]
    }, {
      "vertices" : [ 3, 19, 22, 23, 4 ]
    }, {
      "vertices" : [ 7, 10, 54 ]
    }, {
      "vertices" : [ 41, 45, 58, 55 ]
    }, {
      "vertices" : [ 3, 39, 11, 19 ]
    }, {
      "vertices" : [ 14, 17, 22, 19 ]
    }, {
      "vertices" : [ 0, 2, 53, 21 ]
    }, {
      "vertices" : [ 49, 51, 52, 53 ]
    }, {
      "vertices" : [ 31, 43, 42, 59, 32 ]
    }, {
      "vertices" : [ 15, 18, 50 ]
    }, {
      "vertices" : [ 42, 55, 56, 59 ]
    }, {
      "vertices" : [ 4, 23, 29, 30 ]
    }, {
      "vertices" : [ 25, 38, 26 ]
    }, {
      "vertices" : [ 13, 28, 18, 17, 14 ]
    }, {
      "vertices" : [ 8, 20, 31, 32 ]
    }, {
      "vertices" : [ 23, 44, 29 ]
    }, {
      "vertices" : [ 24, 27, 46 ]
    }, {
      "vertices" : [ 37, 48, 52, 51, 38 ]
    }, {
      "vertices" : [ 20, 48, 31 ]
    }, {
      "vertices" : [ 24, 25, 26, 27 ]
    }, {
      "vertices" : [ 16, 44, 23, 22 ]
    }, {
      "vertices" : [ 13, 34, 35, 28 ]
    }, {
      "vertices" : [ 10, 34, 12, 54 ]
    }, {
      "vertices" : [ 2, 6, 5, 49, 53 ]
    }, {
      "vertices" : [ 36, 43, 37 ]
    }, {
      "vertices" : [ 5, 30, 33, 49 ]
    }, {
      "vertices" : [ 1, 54, 12, 11, 39 ]
    }, {
      "vertices" : [ 28, 35, 57 ]
    }, {
      "vertices" : [ 21, 53, 52 ]
    } ]
  }, {
    "id" : "b4a5adf9-a4a3-4d39-b23b-9285d174174c",
    "orbit" : "blue",
    "orbitC" : "[[0,0,1],[0,0,1]]",
    "length" : "[1,0,1]",
    "name" : "b1",
    "vertices" : [ {
      "x" : 7.472136,
      "y" : 0.309017,
      "z" : 0.19098301
    }, {
      "x" : 7.472136,
      "y" : 0.309017,
      "z" : -0.19098301
    }, {
      "x" : 1.0,
      "y" : 0.309017,
      "z" : -0.19098301
    }, {
      "x" : 1.0,
      "y" : 0.309017,
      "z" : 0.19098301
    }, {
      "x" : 7.472136,
      "y" : -0.309017,
      "z" : 0.19098301
    }, {
      "x" : 1.0,
      "y" : -0.309017,
      "z" : 0.19098301
    }, {
      "x" : 1.0,
      "y" : -0.309017,
      "z" : -0.19098301
    }, {
      "x" : 7.472136,
      "y" : -0.309017,
      "z" : -0.19098301
    }, {
      "x" : 8.472136,
      "y" : 0.0,
      "z" : 0.0
    } ],
    "faces" : [ {
      "vertices" : [ 1, 7, 6, 2 ]
    }, {
      "vertices" : [ 0, 1, 2, 3 ]
    }, {
      "vertices" : [ 4, 5, 6, 7 ]
    }, {
      "vertices" : [ 0, 3, 5, 4 ]
    } ]
  }, {
    "id" : "2758c8cd-cb5f-49cc-bb95-00782c4f91dd",
    "orbit" : "0",
    "orbitC" : "[[1,0,2],[0,0,1]]",
    "length" : "[1,0,1]",
    "name" : "short",
    "vertices" : [ {
      "x" : -7.0289907,
      "y" : 3.281162,
      "z" : 0.13333334
    }, {
      "x" : -7.1289907,
      "y" : 3.3811622,
      "z" : -0.26666668
    }, {
      "x" : -0.548718,
      "y" : 0.50769234,
      "z" : -0.13333334
    }, {
      "x" : -0.44871795,
      "y" : 0.4076923,
      "z" : 0.26666668
    }, {
      "x" : -6.8956575,
      "y" : 3.681162,
      "z" : -0.13333334
    }, {
      "x" : -6.7956576,
      "y" : 3.581162,
      "z" : 0.26666668
    }, {
      "x" : -0.6820513,
      "y" : 0.10769231,
      "z" : 0.13333334
    }, {
      "x" : -0.78205127,
      "y" : 0.20769231,
      "z" : -0.26666668
    } ],
    "faces" : [ {
      "vertices" : [ 2, 3, 6, 7 ]
    }, {
      "vertices" : [ 0, 5, 4, 1 ]
    }, {
      "vertices" : [ 2, 4, 5, 3 ]
    }, {
      "vertices" : [ 0, 6, 3, 5 ]
    }, {
      "vertices" : [ 0, 1, 7, 6 ]
    }, {
      "vertices" : [ 1, 4, 2, 7 ]
    } ]
  }, {
    "id" : "b30c4ea8-4e31-48bd-8bf1-bd24361e2ddc",
    "vertices" : [ {
      "x" : 0.0,
      "y" : 0.0,
      "z" : 0.0
    }, {
      "x" : 4.236068,
      "y" : -6.854102,
      "z" : 2.618034
    }, {
      "x" : 6.854102,
      "y" : -11.09017,
      "z" : -4.236068
    }, {
      "x" : 4.236068,
      "y" : -6.854102,
      "z" : -11.09017
    }, {
      "x" : 0.0,
      "y" : 0.0,
      "z" : -8.472136
    } ],
    "faces" : [ {
      "vertices" : [ 0, 1, 2, 3, 4 ]
    }, {
      "vertices" : [ 0, 4, 3, 2, 1 ]
    } ]
  }, {
    "id" : "a2311483-6179-44eb-824f-6e369cb421bb",
    "orbit" : "1",
    "orbitC" : "[[-8,5,1],[-11,7,1]]",
    "length" : "[1,0,1]",
    "name" : "short",
    "vertices" : [ {
      "x" : -3.281162,
      "y" : -7.0289907,
      "z" : 0.13333334
    }, {
      "x" : -3.3811622,
      "y" : -7.1289907,
      "z" : -0.26666668
    }, {
      "x" : -0.50769234,
      "y" : -0.548718,
      "z" : -0.13333334
    }, {
      "x" : -0.4076923,
      "y" : -0.44871795,
      "z" : 0.26666668
    }, {
      "x" : -3.681162,
      "y" : -6.8956575,
      "z" : -0.13333334
    }, {
      "x" : -3.581162,
      "y" : -6.7956576,
      "z" : 0.26666668
    }, {
      "x" : -0.10769231,
      "y" : -0.6820513,
      "z" : 0.13333334
    }, {
      "x" : -0.20769231,
      "y" : -0.78205127,
      "z" : -0.26666668
    } ],
    "faces" : [ {
      "vertices" : [ 2, 3, 6, 7 ]
    }, {
      "vertices" : [ 0, 5, 4, 1 ]
    }, {
      "vertices" : [ 2, 4, 5, 3 ]
    }, {
      "vertices" : [ 0, 6, 3, 5 ]
    }, {
      "vertices" : [ 0, 1, 7, 6 ]
    }, {
      "vertices" : [ 1, 4, 2, 7 ]
    } ]
  }, {
    "id" : "f2eed41c-6428-4571-89bf-dba2cab78947",
    "vertices" : [ {
      "x" : 0.0,
      "y" : 0.0,
      "z" : 0.0
    }, {
      "x" : 8.024922,
      "y" : 0.7236068,
      "z" : 2.618034
    }, {
      "x" : 4.236068,
      "y" : -6.854102,
      "z" : 2.618034
    } ],
    "faces" : [ {
      "vertices" : [ 0, 1, 2 ]
    }, {
      "vertices" : [ 0, 2, 1 ]
    } ]
  }, {
    "id" : "30cf57bd-9c04-4b60-92d5-2f54dedf8749",
    "vertices" : [ {
      "x" : 0.0,
      "y" : 0.0,
      "z" : 0.0
    }, {
      "x" : 0.0,
      "y" : 0.0,
      "z" : -8.472136
    }, {
      "x" : 0.0,
      "y" : 8.472136,
      "z" : -8.472136
    }, {
      "x" : 0.0,
      "y" : 8.472136,
      "z" : 0.0
    } ],
    "faces" : [ {
      "vertices" : [ 0, 1, 2, 3 ]
    }, {
      "vertices" : [ 0, 3, 2, 1 ]
    } ]
  }, {
    "id" : "2022f8fe-5661-4659-9635-49cf11b21227",
    "vertices" : [ {
      "x" : 0.0,
      "y" : 0.0,
      "z" : 0.0
    }, {
      "x" : -0.7236068,
      "y" : -7.301316,
      "z" : 4.236068
    }, {
      "x" : -0.7236068,
      "y" : -7.301316,
      "z" : -4.236068
    } ],
    "faces" : [ {
      "vertices" : [ 0, 1, 2 ]
    }, {
      "vertices" : [ 0, 2, 1 ]
    } ]
  }, {
    "id" : "2e4ad141-c049-4ec0-a706-fd77f8c4f551",
    "vertices" : [ {
      "x" : 0.0,
      "y" : 0.0,
      "z" : 0.0
    }, {
      "x" : -3.7888544,
      "y" : -7.5777087,
      "z" : 0.0
    }, {
      "x" : -8.024922,
      "y" : -0.7236068,
      "z" : -2.618034
    } ],
    "faces" : [ {
      "vertices" : [ 0, 1, 2 ]
    }, {
      "vertices" : [ 0, 2, 1 ]
    } ]
  }, {
    "id" : "f4b22ce4-4f60-40e5-a167-7f0bb6b56507",
    "vertices" : [ {
      "x" : 0.0,
      "y" : 0.0,
      "z" : 0.0
    }, {
      "x" : 0.7236068,
      "y" : 7.301316,
      "z" : 4.236068
    }, {
      "x" : 0.0,
      "y" : 0.0,
      "z" : 8.472136
    } ],
    "faces" : [ {
      "vertices" : [ 0, 1, 2 ]
    }, {
      "vertices" : [ 0, 2, 1 ]
    } ]
  }, {
    "id" : "976b18e3-1d9b-450a-85bd-34c73f87ec6c",
    "vertices" : [ {
      "x" : 0.0,
      "y" : 0.0,
      "z" : 0.0
    }, {
      "x" : 2.618034,
      "y" : -4.236068,
      "z" : 6.854102
    }, {
      "x" : 0.0,
      "y" : -8.472136,
      "z" : 0.0
    } ],
    "faces" : [ {
      "vertices" : [ 0, 1, 2 ]
    }, {
      "vertices" : [ 0, 2, 1 ]
    } ]
  }, {
    "id" : "cbd071a0-7943-4e04-9d40-ef5dde6aacbe",
    "vertices" : [ {
      "x" : 0.0,
      "y" : 0.0,
      "z" : 0.0
    }, {
      "x" : -2.618034,
      "y" : -4.236068,
      "z" : -6.854102
    }, {
      "x" : -2.618034,
      "y" : 4.236068,
      "z" : -6.854102
    } ],
    "faces" : [ {
      "vertices" : [ 0, 1, 2 ]
    }, {
      "vertices" : [ 0, 2, 1 ]
    } ]
  }, {
    "id" : "9df2dbb6-1539-4ffa-bfe5-e486075c0369",
    "vertices" : [ {
      "x" : 0.0,
      "y" : 0.0,
      "z" : 0.0
    }, {
      "x" : -4.959675,
      "y" : -0.4472136,
      "z" : -6.854102
    }, {
      "x" : -12.984597,
      "y" : -1.1708204,
      "z" : -4.236068
    }, {
      "x" : -12.984597,
      "y" : -1.1708204,
      "z" : 4.236068
    }, {
      "x" : -4.959675,
      "y" : -0.4472136,
      "z" : 6.854102
    } ],
    "faces" : [ {
      "vertices" : [ 0, 1, 2, 3, 4 ]
    }, {
      "vertices" : [ 0, 4, 3, 2, 1 ]
    } ]
  }, {
    "id" : "c1d26a75-9155-4d9c-aa33-97475d170fff",
    "vertices" : [ {
      "x" : 0.0,
      "y" : 0.0,
      "z" : 0.0
    }, {
      "x" : -0.7236068,
      "y" : -7.301316,
      "z" : -4.236068
    }, {
      "x" : 0.0,
      "y" : 0.0,
      "z" : -8.472136
    } ],
    "faces" : [ {
      "vertices" : [ 0, 1, 2 ]
    }, {
      "vertices" : [ 0, 2, 1 ]
    } ]
  }, {
    "id" : "cb564c16-fb7c-44cb-834d-6b9e52819d00",
    "vertices" : [ {
      "x" : 0.0,
      "y" : 0.0,
      "z" : 0.0
    }, {
      "x" : 8.024922,
      "y" : 0.7236068,
      "z" : 2.618034
    }, {
      "x" : 12.984597,
      "y" : 1.1708204,
      "z" : -4.236068
    }, {
      "x" : 8.024922,
      "y" : 0.7236068,
      "z" : -11.09017
    }, {
      "x" : 0.0,
      "y" : 0.0,
      "z" : -8.472136
    } ],
    "faces" : [ {
      "vertices" : [ 0, 1, 2, 3, 4 ]
    }, {
      "vertices" : [ 0, 4, 3, 2, 1 ]
    } ]
  }, {
    "id" : "13c829cd-a786-40aa-9dd0-e0c9a18b15fc",
    "vertices" : [ {
      "x" : 0.0,
      "y" : 0.0,
      "z" : 0.0
    }, {
      "x" : 0.0,
      "y" : 8.472136,
      "z" : 0.0
    }, {
      "x" : 2.618034,
      "y" : 4.236068,
      "z" : 6.854102
    } ],
    "faces" : [ {
      "vertices" : [ 0, 1, 2 ]
    }, {
      "vertices" : [ 0, 2, 1 ]
    } ]
  }, {
    "id" : "15ce60e4-12e6-4e2e-9470-ebfc98ba5394",
    "vertices" : [ {
      "x" : 0.0,
      "y" : 0.0,
      "z" : 0.0
    }, {
      "x" : -4.236068,
      "y" : 6.854102,
      "z" : 2.618034
    }, {
      "x" : -4.236068,
      "y" : 6.854102,
      "z" : 11.09017
    }, {
      "x" : 0.0,
      "y" : 0.0,
      "z" : 13.708204
    }, {
      "x" : 2.618034,
      "y" : -4.236068,
      "z" : 6.854102
    } ],
    "faces" : [ {
      "vertices" : [ 0, 1, 2, 3, 4 ]
    }, {
      "vertices" : [ 0, 4, 3, 2, 1 ]
    } ]
  }, {
    "id" : "f0fa263d-71e0-4123-a236-ebce09ead491",
    "vertices" : [ {
      "x" : 0.0,
      "y" : 0.0,
      "z" : 0.0
    }, {
      "x" : 0.0,
      "y" : 8.472136,
      "z" : 0.0
    }, {
      "x" : 0.0,
      "y" : 8.472136,
      "z" : 8.472136
    }, {
      "x" : 0.0,
      "y" : 0.0,
      "z" : 8.472136
    } ],
    "faces" : [ {
      "vertices" : [ 0, 1, 2, 3 ]
    }, {
      "vertices" : [ 0, 3, 2, 1 ]
    } ]
  }, {
    "id" : "f5bbf1dd-cb6b-426f-bf5d-8e38c076bd8f",
    "vertices" : [ {
      "x" : 0.0,
      "y" : 0.0,
      "z" : 0.0
    }, {
      "x" : 0.0,
      "y" : 0.0,
      "z" : 8.472136
    }, {
      "x" : 0.0,
      "y" : -8.472136,
      "z" : 8.472136
    }, {
      "x" : 0.0,
      "y" : -8.472136,
      "z" : 0.0
    } ],
    "faces" : [ {
      "vertices" : [ 0, 1, 2, 3 ]
    }, {
      "vertices" : [ 0, 3, 2, 1 ]
    } ]
  }, {
    "id" : "3a7ac9ad-58a3-4f61-ad6a-6430e7874fa8",
    "vertices" : [ {
      "x" : 0.0,
      "y" : 0.0,
      "z" : 0.0
    }, {
      "x" : 0.0,
      "y" : 0.0,
      "z" : -8.472136
    }, {
      "x" : 0.7236068,
      "y" : 7.301316,
      "z" : -4.236068
    } ],
    "faces" : [ {
      "vertices" : [ 0, 1, 2 ]
    }, {
      "vertices" : [ 0, 2, 1 ]
    } ]
  }, {
    "id" : "0c45aed9-9df5-4f11-9cfc-263338580a80",
    "vertices" : [ {
      "x" : 0.0,
      "y" : 0.0,
      "z" : 0.0
    }, {
      "x" : 8.024922,
      "y" : 0.7236068,
      "z" : -2.618034
    }, {
      "x" : 8.024922,
      "y" : 0.7236068,
      "z" : -11.09017
    }, {
      "x" : 0.0,
      "y" : 0.0,
      "z" : -13.708204
    }, {
      "x" : -4.959675,
      "y" : -0.4472136,
      "z" : -6.854102
    } ],
    "faces" : [ {
      "vertices" : [ 0, 1, 2, 3, 4 ]
    }, {
      "vertices" : [ 0, 4, 3, 2, 1 ]
    } ]
  }, {
    "id" : "028b465d-033a-4abd-aa2b-6a7d3e2ee259",
    "vertices" : [ {
      "x" : 0.0,
      "y" : 0.0,
      "z" : 0.0
    }, {
      "x" : 0.0,
      "y" : -8.472136,
      "z" : 0.0
    }, {
      "x" : 0.0,
      "y" : -8.472136,
      "z" : -8.472136
    }, {
      "x" : 0.0,
      "y" : 0.0,
      "z" : -8.472136
    } ],
    "faces" : [ {
      "vertices" : [ 0, 1, 2, 3 ]
    }, {
      "vertices" : [ 0, 3, 2, 1 ]
    } ]
  }, {
    "id" : "00b0e648-a9ba-4bb4-a52b-de5d946df2ea",
    "vertices" : [ {
      "x" : 0.0,
      "y" : 0.0,
      "z" : 0.0
    }, {
      "x" : 4.236068,
      "y" : -6.854102,
      "z" : -2.618034
    }, {
      "x" : 4.236068,
      "y" : -6.854102,
      "z" : -11.09017
    }, {
      "x" : 0.0,
      "y" : 0.0,
      "z" : -13.708204
    }, {
      "x" : -2.618034,
      "y" : 4.236068,
      "z" : -6.854102
    } ],
    "faces" : [ {
      "vertices" : [ 0, 1, 2, 3, 4 ]
    }, {
      "vertices" : [ 0, 4, 3, 2, 1 ]
    } ]
  } ],
  "instances" : [ {
    "shape" : "62523dd7-893c-43fa-87ca-50e0ad830aba",
    "color" : "#F2F2F2",
    "position" : {
      "x" : -3.0652475,
      "y" : -8.748529,
      "z" : -4.236068
    }
  }, {
    "shape" : "b4a5adf9-a4a3-4d39-b23b-9285d174174c",
    "color" : "#008EC2",
    "position" : {
      "x" : -9.91935,
      "y" : -6.130495,
      "z" : 13.708204
    },
    "orientation" : 52
  }, {
    "shape" : "b4a5adf9-a4a3-4d39-b23b-9285d174174c",
    "color" : "#008EC2",
    "position" : {
      "x" : -3.7888544,
      "y" : -2.3416407,
      "z" : -13.708204
    },
    "orientation" : 21
  }, {
    "shape" : "b4a5adf9-a4a3-4d39-b23b-9285d174174c",
    "color" : "#008EC2",
    "position" : {
      "x" : 9.195743,
      "y" : -1.1708204,
      "z" : 4.236068
    },
    "orientation" : 47
  }, {
    "shape" : "2758c8cd-cb5f-49cc-bb95-00782c4f91dd",
    "color" : "#B8860B",
    "position" : {
      "x" : -1.8944272,
      "y" : -5.4068885,
      "z" : -11.09017
    },
    "orientation" : 33
  }, {
    "shape" : "62523dd7-893c-43fa-87ca-50e0ad830aba",
    "color" : "#F2F2F2",
    "position" : {
      "x" : 8.472136,
      "y" : -8.472136,
      "z" : 0.0
    }
  }, {
    "shape" : "b30c4ea8-4e31-48bd-8bf1-bd24361e2ddc",
    "color" : "#EC888B",
    "position" : {
      "x" : 3.0652475,
      "y" : -4.959675,
      "z" : 4.236068
    },
    "orientation" : 30
  }, {
    "shape" : "62523dd7-893c-43fa-87ca-50e0ad830aba",
    "color" : "#F2F2F2",
    "position" : {
      "x" : -10.642957,
      "y" : 8.748529,
      "z" : 4.236068
    }
  }, {
    "shape" : "b4a5adf9-a4a3-4d39-b23b-9285d174174c",
    "color" : "#008EC2",
    "position" : {
      "x" : -3.7888544,
      "y" : -2.3416407,
      "z" : -13.708204
    },
    "orientation" : 51
  }, {
    "shape" : "b4a5adf9-a4a3-4d39-b23b-9285d174174c",
    "color" : "#008EC2",
    "position" : {
      "x" : -3.0652475,
      "y" : -8.748529,
      "z" : 4.236068
    },
    "orientation" : 51
  }, {
    "shape" : "b4a5adf9-a4a3-4d39-b23b-9285d174174c",
    "color" : "#008EC2",
    "position" : {
      "x" : -3.0652475,
      "y" : -8.748529,
      "z" : -4.236068
    },
    "orientation" : 2
  }, {
    "shape" : "2758c8cd-cb5f-49cc-bb95-00782c4f91dd",
    "color" : "#B8860B",
    "position" : {
      "x" : -1.1708204,
      "y" : 1.8944272,
      "z" : 6.854102
    },
    "orientation" : 6
  }, {
    "shape" : "a2311483-6179-44eb-824f-6e369cb421bb",
    "color" : "#B0E0E6",
    "position" : {
      "x" : -2.618034,
      "y" : 9.472136,
      "z" : -6.854102
    },
    "orientation" : 9
  }, {
    "shape" : "b4a5adf9-a4a3-4d39-b23b-9285d174174c",
    "color" : "#008EC2",
    "position" : {
      "x" : -5.6832814,
      "y" : -12.984597,
      "z" : 11.09017
    },
    "orientation" : 51
  }, {
    "shape" : "62523dd7-893c-43fa-87ca-50e0ad830aba",
    "color" : "#F2F2F2",
    "position" : {
      "x" : -8.024922,
      "y" : 4.512461,
      "z" : 11.09017
    }
  }, {
    "shape" : "62523dd7-893c-43fa-87ca-50e0ad830aba",
    "color" : "#F2F2F2",
    "position" : {
      "x" : -9.91935,
      "y" : -6.130495,
      "z" : -13.708204
    }
  }, {
    "shape" : "f2eed41c-6428-4571-89bf-dba2cab78947",
    "color" : "#FF0000",
    "position" : {
      "x" : -5.6832814,
      "y" : -12.984597,
      "z" : 11.09017
    },
    "orientation" : 9
  }, {
    "shape" : "a2311483-6179-44eb-824f-6e369cb421bb",
    "color" : "#B0E0E6",
    "position" : {
      "x" : 3.0652475,
      "y" : -13.43181,
      "z" : 4.236068
    },
    "orientation" : 33
  }, {
    "shape" : "2758c8cd-cb5f-49cc-bb95-00782c4f91dd",
    "color" : "#B8860B",
    "position" : {
      "x" : 9.195743,
      "y" : -1.1708204,
      "z" : 4.236068
    },
    "orientation" : 3
  }, {
    "shape" : "2758c8cd-cb5f-49cc-bb95-00782c4f91dd",
    "color" : "#B8860B",
    "position" : {
      "x" : 4.236068,
      "y" : -1.618034,
      "z" : -11.09017
    },
    "orientation" : 33
  }, {
    "shape" : "62523dd7-893c-43fa-87ca-50e0ad830aba",
    "color" : "#F2F2F2",
    "position" : {
      "x" : 3.0652475,
      "y" : -13.43181,
      "z" : 4.236068
    }
  }, {
    "shape" : "30cf57bd-9c04-4b60-92d5-2f54dedf8749",
    "color" : "#FF69B4",
    "position" : {
      "x" : -9.91935,
      "y" : -6.130495,
      "z" : -13.708204
    },
    "orientation" : 41
  }, {
    "shape" : "b4a5adf9-a4a3-4d39-b23b-9285d174174c",
    "color" : "#008EC2",
    "position" : {
      "x" : -3.0652475,
      "y" : -8.748529,
      "z" : -4.236068
    },
    "orientation" : 22
  }, {
    "shape" : "2758c8cd-cb5f-49cc-bb95-00782c4f91dd",
    "color" : "#B8860B",
    "position" : {
      "x" : -2.618034,
      "y" : 9.472136,
      "z" : 6.854102
    },
    "orientation" : 42
  }, {
    "shape" : "b4a5adf9-a4a3-4d39-b23b-9285d174174c",
    "color" : "#008EC2",
    "position" : {
      "x" : -10.642957,
      "y" : 8.748529,
      "z" : -4.236068
    },
    "orientation" : 8
  }, {
    "shape" : "2022f8fe-5661-4659-9635-49cf11b21227",
    "color" : "#FF0000",
    "position" : {
      "x" : 2.3416407,
      "y" : -12.26099,
      "z" : 0.0
    },
    "orientation" : 30
  }, {
    "shape" : "2e4ad141-c049-4ec0-a706-fd77f8c4f551",
    "color" : "#FF0000",
    "position" : {
      "x" : 8.472136,
      "y" : -8.472136,
      "z" : 0.0
    },
    "orientation" : 12
  }, {
    "shape" : "b4a5adf9-a4a3-4d39-b23b-9285d174174c",
    "color" : "#008EC2",
    "position" : {
      "x" : -7.301316,
      "y" : -1.8944272,
      "z" : 6.854102
    },
    "orientation" : 38
  }, {
    "shape" : "b4a5adf9-a4a3-4d39-b23b-9285d174174c",
    "color" : "#008EC2",
    "position" : {
      "x" : -9.91935,
      "y" : 2.3416407,
      "z" : 0.0
    },
    "orientation" : 38
  }, {
    "shape" : "b4a5adf9-a4a3-4d39-b23b-9285d174174c",
    "color" : "#008EC2",
    "position" : {
      "x" : 3.0652475,
      "y" : -4.959675,
      "z" : -4.236068
    },
    "orientation" : 22
  }, {
    "shape" : "f4b22ce4-4f60-40e5-a167-7f0bb6b56507",
    "color" : "#FF0000",
    "position" : {
      "x" : -3.7888544,
      "y" : 6.130495,
      "z" : 0.0
    },
    "orientation" : 39
  }, {
    "shape" : "b4a5adf9-a4a3-4d39-b23b-9285d174174c",
    "color" : "#008EC2",
    "position" : {
      "x" : 3.0652475,
      "y" : -4.959675,
      "z" : -4.236068
    },
    "orientation" : 2
  }, {
    "shape" : "b4a5adf9-a4a3-4d39-b23b-9285d174174c",
    "color" : "#008EC2",
    "position" : {
      "x" : -14.155417,
      "y" : 0.7236068,
      "z" : 11.09017
    },
    "orientation" : 55
  }, {
    "shape" : "62523dd7-893c-43fa-87ca-50e0ad830aba",
    "color" : "#F2F2F2",
    "position" : {
      "x" : -8.748529,
      "y" : 5.6832814,
      "z" : 6.854102
    }
  }, {
    "shape" : "b4a5adf9-a4a3-4d39-b23b-9285d174174c",
    "color" : "#008EC2",
    "position" : {
      "x" : -3.0652475,
      "y" : -8.748529,
      "z" : -4.236068
    },
    "orientation" : 54
  }, {
    "shape" : "976b18e3-1d9b-450a-85bd-34c73f87ec6c",
    "color" : "#FF69B4",
    "position" : {
      "x" : -7.301316,
      "y" : -1.8944272,
      "z" : 6.854102
    },
    "orientation" : 19
  }, {
    "shape" : "b4a5adf9-a4a3-4d39-b23b-9285d174174c",
    "color" : "#008EC2",
    "position" : {
      "x" : -8.024922,
      "y" : 4.512461,
      "z" : -11.09017
    },
    "orientation" : 7
  }, {
    "shape" : "b4a5adf9-a4a3-4d39-b23b-9285d174174c",
    "color" : "#008EC2",
    "position" : {
      "x" : -3.7888544,
      "y" : 6.130495,
      "z" : 0.0
    },
    "orientation" : 38
  }, {
    "shape" : "cbd071a0-7943-4e04-9d40-ef5dde6aacbe",
    "color" : "#FF69B4",
    "position" : {
      "x" : -3.7888544,
      "y" : 6.130495,
      "z" : 0.0
    },
    "orientation" : 16
  }, {
    "shape" : "9df2dbb6-1539-4ffa-bfe5-e486075c0369",
    "color" : "#FF0000",
    "position" : {
      "x" : 9.195743,
      "y" : -1.1708204,
      "z" : -4.236068
    },
    "orientation" : 9
  }, {
    "shape" : "c1d26a75-9155-4d9c-aa33-97475d170fff",
    "color" : "#FF0000",
    "position" : {
      "x" : 4.959675,
      "y" : 5.6832814,
      "z" : 6.854102
    },
    "orientation" : 12
  }, {
    "shape" : "b4a5adf9-a4a3-4d39-b23b-9285d174174c",
    "color" : "#008EC2",
    "position" : {
      "x" : -1.1708204,
      "y" : 1.8944272,
      "z" : -6.854102
    },
    "orientation" : 7
  }, {
    "shape" : "62523dd7-893c-43fa-87ca-50e0ad830aba",
    "color" : "#F2F2F2",
    "position" : {
      "x" : -10.642957,
      "y" : 8.748529,
      "z" : -4.236068
    }
  }, {
    "shape" : "62523dd7-893c-43fa-87ca-50e0ad830aba",
    "color" : "#F2F2F2",
    "position" : {
      "x" : -3.0652475,
      "y" : -8.748529,
      "z" : 4.236068
    }
  }, {
    "shape" : "62523dd7-893c-43fa-87ca-50e0ad830aba",
    "color" : "#F2F2F2",
    "position" : {
      "x" : -7.301316,
      "y" : -1.8944272,
      "z" : -6.854102
    }
  }, {
    "shape" : "62523dd7-893c-43fa-87ca-50e0ad830aba",
    "color" : "#F2F2F2",
    "position" : {
      "x" : 4.236068,
      "y" : -1.618034,
      "z" : 11.09017
    }
  }, {
    "shape" : "62523dd7-893c-43fa-87ca-50e0ad830aba",
    "color" : "#F2F2F2",
    "position" : {
      "x" : -3.0652475,
      "y" : -17.220665,
      "z" : 4.236068
    }
  }, {
    "shape" : "2e4ad141-c049-4ec0-a706-fd77f8c4f551",
    "color" : "#FF0000",
    "position" : {
      "x" : 4.236068,
      "y" : -1.618034,
      "z" : -11.09017
    },
    "orientation" : 0
  }, {
    "shape" : "62523dd7-893c-43fa-87ca-50e0ad830aba",
    "color" : "#F2F2F2",
    "position" : {
      "x" : -7.301316,
      "y" : -1.8944272,
      "z" : 6.854102
    }
  }, {
    "shape" : "2758c8cd-cb5f-49cc-bb95-00782c4f91dd",
    "color" : "#B8860B",
    "position" : {
      "x" : 2.3416407,
      "y" : 9.91935,
      "z" : 0.0
    },
    "orientation" : 12
  }, {
    "shape" : "2e4ad141-c049-4ec0-a706-fd77f8c4f551",
    "color" : "#FF0000",
    "position" : {
      "x" : -2.618034,
      "y" : 9.472136,
      "z" : -6.854102
    },
    "orientation" : 3
  }, {
    "shape" : "b4a5adf9-a4a3-4d39-b23b-9285d174174c",
    "color" : "#008EC2",
    "position" : {
      "x" : -14.155417,
      "y" : 0.7236068,
      "z" : -11.09017
    },
    "orientation" : 8
  }, {
    "shape" : "a2311483-6179-44eb-824f-6e369cb421bb",
    "color" : "#B0E0E6",
    "position" : {
      "x" : 4.236068,
      "y" : -1.618034,
      "z" : -11.09017
    },
    "orientation" : 6
  }, {
    "shape" : "976b18e3-1d9b-450a-85bd-34c73f87ec6c",
    "color" : "#FF69B4",
    "position" : {
      "x" : 3.0652475,
      "y" : -13.43181,
      "z" : -4.236068
    },
    "orientation" : 38
  }, {
    "shape" : "a2311483-6179-44eb-824f-6e369cb421bb",
    "color" : "#B0E0E6",
    "position" : {
      "x" : 0.4472136,
      "y" : -9.195743,
      "z" : -11.09017
    },
    "orientation" : 30
  }, {
    "shape" : "a2311483-6179-44eb-824f-6e369cb421bb",
    "color" : "#B0E0E6",
    "position" : {
      "x" : -16.77345,
      "y" : 4.959675,
      "z" : 4.236068
    },
    "orientation" : 39
  }, {
    "shape" : "cb564c16-fb7c-44cb-834d-6b9e52819d00",
    "color" : "#FF0000",
    "position" : {
      "x" : -3.0652475,
      "y" : -17.220665,
      "z" : 4.236068
    },
    "orientation" : 6
  }, {
