{
  "polygons" : "true",
  "field" : "golden",
  "symmetry" : "icosahedral",
  "orientations" : [ [ 1.0, 0.0, 0.0, 0.0, 0.0, 1.0, 0.0, 0.0, 0.0, 0.0, 1.0, 0.0, 0.0, 0.0, 0.0, 1.0 ], [ 0.0, 0.0, 1.0, 0.0, 1.0, 0.0, 0.0, 0.0, 0.0, 1.0, 0.0, 0.0, 0.0, 0.0, 0.0, 1.0 ], [ 0.0, 1.0, 0.0, 0.0, 0.0, 0.0, 1.0, 0.0, 1.0, 0.0, 0.0, 0.0, 0.0, 0.0, 0.0, 1.0 ], [ 0.809017, 0.309017, 0.5, 0.0, 0.309017, 0.5, -0.809017, 0.0, -0.5, 0.809017, 0.309017, 0.0, 0.0, 0.0, 0.0, 1.0 ], [ -0.5, 0.809017, 0.309017, 0.0, 0.809017, 0.309017, 0.5, 0.0, 0.309017, 0.5, -0.809017, 0.0, 0.0, 0.0, 0.0, 1.0 ], [ 0.309017, 0.5, -0.809017, 0.0, -0.5, 0.809017, 0.309017, 0.0, 0.809017, 0.309017, 0.5, 0.0, 0.0, 0.0, 0.0, 1.0 ], [ 0.5, 0.809017, 0.309017, 0.0, 0.809017, -0.309017, -0.5, 0.0, -0.309017, 0.5, -0.809017, 0.0, 0.0, 0.0, 0.0, 1.0 ], [ -0.309017, 0.5, -0.809017, 0.0, 0.5, 0.809017, 0.309017, 0.0, 0.809017, -0.309017, -0.5, 0.0, 0.0, 0.0, 0.0, 1.0 ], [ 0.809017, -0.309017, -0.5, 0.0, -0.309017, 0.5, -0.809017, 0.0, 0.5, 0.809017, 0.309017, 0.0, 0.0, 0.0, 0.0, 1.0 ], [ 0.5, 0.809017, -0.309017, 0.0, 0.809017, -0.309017, 0.5, 0.0, 0.309017, -0.5, -0.809017, 0.0, 0.0, 0.0, 0.0, 1.0 ], [ 0.309017, -0.5, -0.809017, 0.0, 0.5, 0.809017, -0.309017, 0.0, 0.809017, -0.309017, 0.5, 0.0, 0.0, 0.0, 0.0, 1.0 ], [ 0.809017, -0.309017, 0.5, 0.0, 0.309017, -0.5, -0.809017, 0.0, 0.5, 0.809017, -0.309017, 0.0, 0.0, 0.0, 0.0, 1.0 ], [ 0.809017, 0.309017, -0.5, 0.0, 0.309017, 0.5, 0.809017, 0.0, 0.5, -0.809017, 0.309017, 0.0, 0.0, 0.0, 0.0, 1.0 ], [ 0.5, -0.809017, 0.309017, 0.0, 0.809017, 0.309017, -0.5, 0.0, 0.309017, 0.5, 0.809017, 0.0, 0.0, 0.0, 0.0, 1.0 ], [ 0.309017, 0.5, 0.809017, 0.0, 0.5, -0.809017, 0.309017, 0.0, 0.809017, 0.309017, -0.5, 0.0, 0.0, 0.0, 0.0, 1.0 ], [ 1.0, 0.0, 0.0, 0.0, 0.0, -1.0, 0.0, 0.0, 0.0, 0.0, -1.0, 0.0, 0.0, 0.0, 0.0, 1.0 ], [ 0.0, 0.0, 1.0, 0.0, -1.0, 0.0, 0.0, 0.0, 0.0, -1.0, 0.0, 0.0, 0.0, 0.0, 0.0, 1.0 ], [ 0.0, 1.0, 0.0, 0.0, 0.0, 0.0, -1.0, 0.0, -1.0, 0.0, 0.0, 0.0, 0.0, 0.0, 0.0, 1.0 ], [ 0.809017, 0.309017, 0.5, 0.0, -0.309017, -0.5, 0.809017, 0.0, 0.5, -0.809017, -0.309017, 0.0, 0.0, 0.0, 0.0, 1.0 ], [ -0.5, 0.809017, 0.309017, 0.0, -0.809017, -0.309017, -0.5, 0.0, -0.309017, -0.5, 0.809017, 0.0, 0.0, 0.0, 0.0, 1.0 ], [ 0.309017, 0.5, -0.809017, 0.0, 0.5, -0.809017, -0.309017, 0.0, -0.809017, -0.309017, -0.5, 0.0, 0.0, 0.0, 0.0, 1.0 ], [ 0.5, 0.809017, 0.309017, 0.0, -0.809017, 0.309017, 0.5, 0.0, 0.309017, -0.5, 0.809017, 0.0, 0.0, 0.0, 0.0, 1.0 ], [ -0.309017, 0.5, -0.809017, 0.0, -0.5, -0.809017, -0.309017, 0.0, -0.809017, 0.309017, 0.5, 0.0, 0.0, 0.0, 0.0, 1.0 ], [ 0.809017, -0.309017, -0.5, 0.0, 0.309017, -0.5, 0.809017, 0.0, -0.5, -0.809017, -0.309017, 0.0, 0.0, 0.0, 0.0, 1.0 ], [ 0.5, 0.809017, -0.309017, 0.0, -0.809017, 0.309017, -0.5, 0.0, -0.309017, 0.5, 0.809017, 0.0, 0.0, 0.0, 0.0, 1.0 ], [ 0.309017, -0.5, -0.809017, 0.0, -0.5, -0.809017, 0.309017, 0.0, -0.809017, 0.309017, -0.5, 0.0, 0.0, 0.0, 0.0, 1.0 ], [ 0.809017, -0.309017, 0.5, 0.0, -0.309017, 0.5, 0.809017, 0.0, -0.5, -0.809017, 0.309017, 0.0, 0.0, 0.0, 0.0, 1.0 ], [ 0.809017, 0.309017, -0.5, 0.0, -0.309017, -0.5, -0.809017, 0.0, -0.5, 0.809017, -0.309017, 0.0, 0.0, 0.0, 0.0, 1.0 ], [ 0.5, -0.809017, 0.309017, 0.0, -0.809017, -0.309017, 0.5, 0.0, -0.309017, -0.5, -0.809017, 0.0, 0.0, 0.0, 0.0, 1.0 ], [ 0.309017, 0.5, 0.809017, 0.0, -0.5, 0.809017, -0.309017, 0.0, -0.809017, -0.309017, 0.5, 0.0, 0.0, 0.0, 0.0, 1.0 ], [ -1.0, 0.0, 0.0, 0.0, 0.0, -1.0, 0.0, 0.0, 0.0, 0.0, 1.0, 0.0, 0.0, 0.0, 0.0, 1.0 ], [ 0.0, 0.0, -1.0, 0.0, -1.0, 0.0, 0.0, 0.0, 0.0, 1.0, 0.0, 0.0, 0.0, 0.0, 0.0, 1.0 ], [ 0.0, -1.0, 0.0, 0.0, 0.0, 0.0, -1.0, 0.0, 1.0, 0.0, 0.0, 0.0, 0.0, 0.0, 0.0, 1.0 ], [ -0.809017, -0.309017, -0.5, 0.0, -0.309017, -0.5, 0.809017, 0.0, -0.5, 0.809017, 0.309017, 0.0, 0.0, 0.0, 0.0, 1.0 ], [ 0.5, -0.809017, -0.309017, 0.0, -0.809017, -0.309017, -0.5, 0.0, 0.309017, 0.5, -0.809017, 0.0, 0.0, 0.0, 0.0, 1.0 ], [ -0.309017, -0.5, 0.809017, 0.0, 0.5, -0.809017, -0.309017, 0.0, 0.809017, 0.309017, 0.5, 0.0, 0.0, 0.0, 0.0, 1.0 ], [ -0.5, -0.809017, -0.309017, 0.0, -0.809017, 0.309017, 0.5, 0.0, -0.309017, 0.5, -0.809017, 0.0, 0.0, 0.0, 0.0, 1.0 ], [ 0.309017, -0.5, 0.809017, 0.0, -0.5, -0.809017, -0.309017, 0.0, 0.809017, -0.309017, -0.5, 0.0, 0.0, 0.0, 0.0, 1.0 ], [ -0.809017, 0.309017, 0.5, 0.0, 0.309017, -0.5, 0.809017, 0.0, 0.5, 0.809017, 0.309017, 0.0, 0.0, 0.0, 0.0, 1.0 ], [ -0.5, -0.809017, 0.309017, 0.0, -0.809017, 0.309017, -0.5, 0.0, 0.309017, -0.5, -0.809017, 0.0, 0.0, 0.0, 0.0, 1.0 ], [ -0.309017, 0.5, 0.809017, 0.0, -0.5, -0.809017, 0.309017, 0.0, 0.809017, -0.309017, 0.5, 0.0, 0.0, 0.0, 0.0, 1.0 ], [ -0.809017, 0.309017, -0.5, 0.0, -0.309017, 0.5, 0.809017, 0.0, 0.5, 0.809017, -0.309017, 0.0, 0.0, 0.0, 0.0, 1.0 ], [ -0.809017, -0.309017, 0.5, 0.0, -0.309017, -0.5, -0.809017, 0.0, 0.5, -0.809017, 0.309017, 0.0, 0.0, 0.0, 0.0, 1.0 ], [ -0.5, 0.809017, -0.309017, 0.0, -0.809017, -0.309017, 0.5, 0.0, 0.309017, 0.5, 0.809017, 0.0, 0.0, 0.0, 0.0, 1.0 ], [ -0.309017, -0.5, -0.809017, 0.0, -0.5, 0.809017, -0.309017, 0.0, 0.809017, 0.309017, -0.5, 0.0, 0.0, 0.0, 0.0, 1.0 ], [ -1.0, 0.0, 0.0, 0.0, 0.0, 1.0, 0.0, 0.0, 0.0, 0.0, -1.0, 0.0, 0.0, 0.0, 0.0, 1.0 ], [ 0.0, 0.0, -1.0, 0.0, 1.0, 0.0, 0.0, 0.0, 0.0, -1.0, 0.0, 0.0, 0.0, 0.0, 0.0, 1.0 ], [ 0.0, -1.0, 0.0, 0.0, 0.0, 0.0, 1.0, 0.0, -1.0, 0.0, 0.0, 0.0, 0.0, 0.0, 0.0, 1.0 ], [ -0.809017, -0.309017, -0.5, 0.0, 0.309017, 0.5, -0.809017, 0.0, 0.5, -0.809017, -0.309017, 0.0, 0.0, 0.0, 0.0, 1.0 ], [ 0.5, -0.809017, -0.309017, 0.0, 0.809017, 0.309017, 0.5, 0.0, -0.309017, -0.5, 0.809017, 0.0, 0.0, 0.0, 0.0, 1.0 ], [ -0.309017, -0.5, 0.809017, 0.0, -0.5, 0.809017, 0.309017, 0.0, -0.809017, -0.309017, -0.5, 0.0, 0.0, 0.0, 0.0, 1.0 ], [ -0.5, -0.809017, -0.309017, 0.0, 0.809017, -0.309017, -0.5, 0.0, 0.309017, -0.5, 0.809017, 0.0, 0.0, 0.0, 0.0, 1.0 ], [ 0.309017, -0.5, 0.809017, 0.0, 0.5, 0.809017, 0.309017, 0.0, -0.809017, 0.309017, 0.5, 0.0, 0.0, 0.0, 0.0, 1.0 ], [ -0.809017, 0.309017, 0.5, 0.0, -0.309017, 0.5, -0.809017, 0.0, -0.5, -0.809017, -0.309017, 0.0, 0.0, 0.0, 0.0, 1.0 ], [ -0.5, -0.809017, 0.309017, 0.0, 0.809017, -0.309017, 0.5, 0.0, -0.309017, 0.5, 0.809017, 0.0, 0.0, 0.0, 0.0, 1.0 ], [ -0.309017, 0.5, 0.809017, 0.0, 0.5, 0.809017, -0.309017, 0.0, -0.809017, 0.309017, -0.5, 0.0, 0.0, 0.0, 0.0, 1.0 ], [ -0.809017, 0.309017, -0.5, 0.0, 0.309017, -0.5, -0.809017, 0.0, -0.5, -0.809017, 0.309017, 0.0, 0.0, 0.0, 0.0, 1.0 ], [ -0.809017, -0.309017, 0.5, 0.0, 0.309017, 0.5, 0.809017, 0.0, -0.5, 0.809017, -0.309017, 0.0, 0.0, 0.0, 0.0, 1.0 ], [ -0.5, 0.809017, -0.309017, 0.0, 0.809017, 0.309017, -0.5, 0.0, -0.309017, -0.5, -0.809017, 0.0, 0.0, 0.0, 0.0, 1.0 ], [ -0.309017, -0.5, -0.809017, 0.0, 0.5, -0.809017, 0.309017, 0.0, -0.809017, -0.309017, 0.5, 0.0, 0.0, 0.0, 0.0, 1.0 ] ],
  "lights" : {
    "ambientColor" : "#292929",
    "backgroundColor" : "#AFC8DC",
    "directionalLights" : [ {
      "direction" : [ 1.0, -1.0, -1.0 ],
      "color" : "#EBEBE4"
    }, {
      "direction" : [ -1.0, 0.0, 0.0 ],
      "color" : "#E4E4EB"
    }, {
      "direction" : [ 0.0, 0.0, -1.0 ],
      "color" : "#1E1E1E"
    } ]
  },
  "camera" : {
    "viewDistance" : 218.9579,
    "perspective" : false,
    "lookAtPoint" : {
      "x" : 0.0,
      "y" : 0.0,
      "z" : 0.0
    },
    "fieldOfView" : 0.44262895,
    "farClipDistance" : 437.91537,
    "nearClipDistance" : 0.5473947,
    "lookDirection" : {
      "x" : 0.92561483,
      "y" : 0.3535534,
      "z" : 0.1350454
    },
    "stereo" : false,
    "upDirection" : {
      "x" : -0.309017,
      "y" : 0.5,
      "z" : 0.809017
    },
    "width" : 98.531075,
    "position" : {
      "x" : -202.67068,
      "y" : -77.413315,
      "z" : -29.569256
    }
  },
  "embedding" : [ 1.0, 0.0, 0.0, 0.0, 0.0, 1.0, 0.0, 0.0, 0.0, 0.0, 1.0, 0.0, 0.0, 0.0, 0.0, 1.0 ],
  "shapes" : [ {
    "id" : "35cdd572-be30-42d8-a64a-cb3785c09752",
    "orbit" : "blue",
    "orbitC" : "[[0,0,1],[0,0,1]]",
    "length" : "[1,0,1]",
    "name" : "b1",
    "vertices" : [ {
      "x" : 7.472136,
      "y" : 0.309017,
      "z" : 0.19098301
    }, {
      "x" : 7.472136,
      "y" : 0.309017,
      "z" : -0.19098301
    }, {
      "x" : 1.0,
      "y" : 0.309017,
      "z" : -0.19098301
    }, {
      "x" : 1.0,
      "y" : 0.309017,
      "z" : 0.19098301
    }, {
      "x" : 7.472136,
      "y" : -0.309017,
      "z" : 0.19098301
    }, {
      "x" : 1.0,
      "y" : -0.309017,
      "z" : 0.19098301
    }, {
      "x" : 1.0,
      "y" : -0.309017,
      "z" : -0.19098301
    }, {
      "x" : 7.472136,
      "y" : -0.309017,
      "z" : -0.19098301
    }, {
      "x" : 8.472136,
      "y" : 0.0,
      "z" : 0.0
    } ],
    "faces" : [ {
      "vertices" : [ 1, 7, 6, 2 ]
    }, {
      "vertices" : [ 0, 1, 2, 3 ]
    }, {
      "vertices" : [ 4, 5, 6, 7 ]
    }, {
      "vertices" : [ 0, 3, 5, 4 ]
    } ]
  }, {
    "id" : "ed0801f7-dfa1-41eb-ab1e-b1d192bff68d",
    "name" : "ball",
    "vertices" : [ {
      "x" : 0.309017,
      "y" : -0.809017,
      "z" : 0.618034
    }, {
      "x" : 0.809017,
      "y" : -0.618034,
      "z" : 0.309017
    }, {
      "x" : 0.618034,
      "y" : -0.309017,
      "z" : 0.809017
    }, {
      "x" : 1.0,
      "y" : 0.309017,
      "z" : 0.19098301
    }, {
      "x" : 0.809017,
      "y" : 0.618034,
      "z" : 0.309017
    }, {
      "x" : 0.618034,
      "y" : 0.309017,
      "z" : 0.809017
    }, {
      "x" : 0.809017,
      "y" : 0.0,
      "z" : 0.690983
    }, {
      "x" : 0.19098301,
      "y" : -1.0,
      "z" : 0.309017
    }, {
      "x" : -0.19098301,
      "y" : -1.0,
      "z" : 0.309017
    }, {
      "x" : -0.19098301,
      "y" : -1.0,
      "z" : -0.309017
    }, {
      "x" : 0.19098301,
      "y" : -1.0,
      "z" : -0.309017
    }, {
      "x" : 1.0,
      "y" : -0.309017,
      "z" : -0.19098301
    }, {
      "x" : 0.809017,
      "y" : -0.618034,
      "z" : -0.309017
    }, {
      "x" : 0.618034,
      "y" : -0.309017,
      "z" : -0.809017
    }, {
      "x" : 0.809017,
      "y" : 0.0,
      "z" : -0.690983
    }, {
      "x" : 0.0,
      "y" : 0.690983,
      "z" : -0.809017
    }, {
      "x" : 0.309017,
      "y" : 0.809017,
      "z" : -0.618034
    }, {
      "x" : 0.618034,
      "y" : 0.309017,
      "z" : -0.809017
    }, {
      "x" : 0.309017,
      "y" : 0.19098301,
      "z" : -1.0
    }, {
      "x" : 1.0,
      "y" : 0.309017,
      "z" : -0.19098301
    }, {
      "x" : -0.309017,
      "y" : -0.809017,
      "z" : 0.618034
    }, {
      "x" : 0.0,
      "y" : -0.690983,
      "z" : 0.809017
    }, {
      "x" : 0.809017,
      "y" : 0.618034,
      "z" : -0.309017
    }, {
      "x" : 0.690983,
      "y" : 0.809017,
      "z" : 0.0
    }, {
      "x" : -0.690983,
      "y" : 0.809017,
      "z" : 0.0
    }, {
      "x" : -0.809017,
      "y" : 0.618034,
      "z" : 0.309017
    }, {
      "x" : -0.309017,
      "y" : 0.809017,
      "z" : 0.618034
    }, {
      "x" : -0.19098301,
      "y" : 1.0,
      "z" : 0.309017
    }, {
      "x" : 0.309017,
      "y" : -0.19098301,
      "z" : -1.0
    }, {
      "x" : 0.19098301,
      "y" : 1.0,
      "z" : 0.309017
    }, {
      "x" : 0.309017,
      "y" : 0.809017,
      "z" : 0.618034
    }, {
      "x" : -0.809017,
      "y" : -0.618034,
      "z" : 0.309017
    }, {
      "x" : -0.690983,
      "y" : -0.809017,
      "z" : 0.0
    }, {
      "x" : 0.0,
      "y" : 0.690983,
      "z" : 0.809017
    }, {
      "x" : 0.309017,
      "y" : -0.809017,
      "z" : -0.618034
    }, {
      "x" : 0.0,
      "y" : -0.690983,
      "z" : -0.809017
    }, {
      "x" : -1.0,
      "y" : 0.309017,
      "z" : 0.19098301
    }, {
      "x" : -0.809017,
      "y" : 0.0,
      "z" : 0.690983
    }, {
      "x" : -0.618034,
      "y" : 0.309017,
      "z" : 0.809017
    }, {
      "x" : 1.0,
      "y" : -0.309017,
      "z" : 0.19098301
    }, {
      "x" : -0.309017,
      "y" : -0.809017,
      "z" : -0.618034
    }, {
      "x" : -1.0,
      "y" : 0.309017,
      "z" : -0.19098301
    }, {
      "x" : -1.0,
      "y" : -0.309017,
      "z" : -0.19098301
    }, {
      "x" : -1.0,
      "y" : -0.309017,
      "z" : 0.19098301
    }, {
      "x" : 0.19098301,
      "y" : 1.0,
      "z" : -0.309017
    }, {
      "x" : -0.809017,
      "y" : 0.618034,
      "z" : -0.309017
    }, {
      "x" : -0.19098301,
      "y" : 1.0,
      "z" : -0.309017
    }, {
      "x" : -0.309017,
      "y" : 0.809017,
      "z" : -0.618034
    }, {
      "x" : -0.618034,
      "y" : -0.309017,
      "z" : 0.809017
    }, {
      "x" : 0.309017,
      "y" : 0.19098301,
      "z" : 1.0
    }, {
      "x" : -0.309017,
      "y" : 0.19098301,
      "z" : -1.0
    }, {
      "x" : -0.309017,
      "y" : 0.19098301,
      "z" : 1.0
    }, {
      "x" : -0.309017,
      "y" : -0.19098301,
      "z" : 1.0
    }, {
      "x" : 0.309017,
      "y" : -0.19098301,
      "z" : 1.0
    }, {
      "x" : 0.690983,
      "y" : -0.809017,
      "z" : 0.0
    }, {
      "x" : -0.809017,
      "y" : 0.0,
      "z" : -0.690983
    }, {
      "x" : -0.618034,
      "y" : -0.309017,
      "z" : -0.809017
    }, {
      "x" : -0.309017,
      "y" : -0.19098301,
      "z" : -1.0
    }, {
      "x" : -0.618034,
      "y" : 0.309017,
      "z" : -0.809017
    }, {
      "x" : -0.809017,
      "y" : -0.618034,
      "z" : -0.309017
    } ],
    "faces" : [ {
      "vertices" : [ 9, 40, 35, 34, 10 ]
    }, {
      "vertices" : [ 0, 1, 2 ]
    }, {
      "vertices" : [ 33, 51, 49 ]
    }, {
      "vertices" : [ 25, 36, 37, 38 ]
    }, {
      "vertices" : [ 41, 55, 42 ]
    }, {
      "vertices" : [ 9, 32, 59, 40 ]
    }, {
      "vertices" : [ 20, 21, 52, 48 ]
    }, {
      "vertices" : [ 26, 33, 30, 29, 27 ]
    }, {
      "vertices" : [ 3, 4, 5, 6 ]
    }, {
      "vertices" : [ 27, 29, 44, 46 ]
    }, {
      "vertices" : [ 50, 57, 56, 55, 58 ]
    }, {
      "vertices" : [ 26, 38, 51, 33 ]
    }, {
      "vertices" : [ 45, 47, 58 ]
    }, {
      "vertices" : [ 18, 28, 57, 50 ]
    }, {
      "vertices" : [ 40, 59, 56 ]
    }, {
      "vertices" : [ 31, 48, 37, 43 ]
    }, {
      "vertices" : [ 7, 8, 9, 10 ]
    }, {
      "vertices" : [ 36, 41, 42, 43 ]
    }, {
      "vertices" : [ 24, 46, 47, 45 ]
    }, {
      "vertices" : [ 4, 30, 5 ]
    }, {
      "vertices" : [ 15, 47, 46, 44, 16 ]
    }, {
      "vertices" : [ 15, 50, 58, 47 ]
    }, {
      "vertices" : [ 24, 45, 41, 36, 25 ]
    }, {
      "vertices" : [ 11, 14, 19 ]
    }, {
      "vertices" : [ 3, 6, 39 ]
    }, {
      "vertices" : [ 1, 39, 6, 2 ]
    }, {
      "vertices" : [ 8, 32, 9 ]
    }, {
      "vertices" : [ 11, 12, 13, 14 ]
    }, {
      "vertices" : [ 16, 22, 17 ]
    }, {
      "vertices" : [ 0, 21, 20, 8, 7 ]
    }, {
      "vertices" : [ 12, 34, 13 ]
    }, {
      "vertices" : [ 35, 40, 56, 57 ]
    }, {
      "vertices" : [ 0, 7, 54, 1 ]
    }, {
      "vertices" : [ 15, 16, 17, 18 ]
    }, {
      "vertices" : [ 3, 19, 22, 23, 4 ]
    }, {
      "vertices" : [ 7, 10, 54 ]
    }, {
      "vertices" : [ 41, 45, 58, 55 ]
    }, {
      "vertices" : [ 3, 39, 11, 19 ]
    }, {
      "vertices" : [ 14, 17, 22, 19 ]
    }, {
      "vertices" : [ 0, 2, 53, 21 ]
    }, {
      "vertices" : [ 49, 51, 52, 53 ]
    }, {
      "vertices" : [ 31, 43, 42, 59, 32 ]
    }, {
      "vertices" : [ 15, 18, 50 ]
    }, {
      "vertices" : [ 42, 55, 56, 59 ]
    }, {
      "vertices" : [ 4, 23, 29, 30 ]
    }, {
      "vertices" : [ 25, 38, 26 ]
    }, {
      "vertices" : [ 13, 28, 18, 17, 14 ]
    }, {
      "vertices" : [ 8, 20, 31, 32 ]
    }, {
      "vertices" : [ 23, 44, 29 ]
    }, {
      "vertices" : [ 24, 27, 46 ]
    }, {
      "vertices" : [ 37, 48, 52, 51, 38 ]
    }, {
      "vertices" : [ 20, 48, 31 ]
    }, {
      "vertices" : [ 24, 25, 26, 27 ]
    }, {
      "vertices" : [ 16, 44, 23, 22 ]
    }, {
      "vertices" : [ 13, 34, 35, 28 ]
    }, {
      "vertices" : [ 10, 34, 12, 54 ]
    }, {
      "vertices" : [ 2, 6, 5, 49, 53 ]
    }, {
      "vertices" : [ 36, 43, 37 ]
    }, {
      "vertices" : [ 5, 30, 33, 49 ]
    }, {
      "vertices" : [ 1, 54, 12, 11, 39 ]
    }, {
      "vertices" : [ 28, 35, 57 ]
    }, {
      "vertices" : [ 21, 53, 52 ]
    } ]
  }, {
    "id" : "53a75673-19e9-406d-b490-a9ffa0cd6c03",
    "vertices" : [ {
      "x" : 0.0,
      "y" : 0.0,
      "z" : 0.0
    }, {
      "x" : 2.618034,
      "y" : 4.236068,
      "z" : 6.854102
    }, {
      "x" : 5.236068,
      "y" : 0.0,
      "z" : 13.708204
    }, {
      "x" : 5.236068,
      "y" : -8.472136,
      "z" : 13.708204
    }, {
      "x" : 2.618034,
      "y" : -12.708204,
      "z" : 6.854102
    }, {
      "x" : 0.0,
      "y" : -8.472136,
      "z" : 0.0
    } ],
    "faces" : [ {
      "vertices" : [ 0, 1, 2, 3, 4, 5 ]
    }, {
      "vertices" : [ 0, 5, 4, 3, 2, 1 ]
    } ]
  }, {
    "id" : "15b340ad-1a11-44a5-9c0a-53ddb9b51158",
    "vertices" : [ {
      "x" : 0.0,
      "y" : 0.0,
      "z" : 0.0
    }, {
      "x" : 0.0,
      "y" : 0.0,
      "z" : 8.472136
    }, {
      "x" : 4.236068,
      "y" : -6.854102,
      "z" : 11.09017
    }, {
      "x" : 6.854102,
      "y" : -11.09017,
      "z" : 4.236068
    }, {
      "x" : 4.236068,
      "y" : -6.854102,
      "z" : -2.618034
    } ],
    "faces" : [ {
      "vertices" : [ 0, 1, 2, 3, 4 ]
    }, {
      "vertices" : [ 0, 4, 3, 2, 1 ]
    } ]
  }, {
    "id" : "13835a14-f334-4ff2-8414-64109c42498e",
    "vertices" : [ {
      "x" : 0.0,
      "y" : 0.0,
      "z" : 0.0
    }, {
      "x" : 2.618034,
      "y" : -4.236068,
      "z" : 6.854102
    }, {
      "x" : 2.618034,
      "y" : -12.708204,
      "z" : 6.854102
    }, {
      "x" : 0.0,
      "y" : -16.944271,
      "z" : 0.0
    }, {
      "x" : -2.618034,
      "y" : -12.708204,
      "z" : -6.854102
    }, {
      "x" : -2.618034,
      "y" : -4.236068,
      "z" : -6.854102
    } ],
    "faces" : [ {
      "vertices" : [ 0, 1, 2, 3, 4, 5 ]
    }, {
      "vertices" : [ 0, 5, 4, 3, 2, 1 ]
    } ]
  }, {
    "id" : "21057260-957c-4556-bce6-91a74109faf3",
    "vertices" : [ {
      "x" : 0.0,
      "y" : 0.0,
      "z" : 0.0
    }, {
      "x" : -2.618034,
      "y" : -4.236068,
      "z" : -6.854102
    }, {
      "x" : -5.236068,
      "y" : 0.0,
      "z" : -13.708204
    }, {
      "x" : -5.236068,
      "y" : 8.472136,
      "z" : -13.708204
    }, {
      "x" : -2.618034,
      "y" : 12.708204,
      "z" : -6.854102
    }, {
      "x" : 0.0,
      "y" : 8.472136,
      "z" : 0.0
    } ],
    "faces" : [ {
      "vertices" : [ 0, 1, 2, 3, 4, 5 ]
    }, {
      "vertices" : [ 0, 5, 4, 3, 2, 1 ]
    } ]
  }, {
    "id" : "a667be9b-cb95-48eb-84c2-5eb26920421b",
    "vertices" : [ {
      "x" : 0.0,
      "y" : 0.0,
      "z" : 0.0
    }, {
      "x" : -2.618034,
      "y" : 4.236068,
      "z" : -6.854102
    }, {
      "x" : -6.854102,
      "y" : 11.09017,
      "z" : -4.236068
    }, {
      "x" : -6.854102,
      "y" : 11.09017,
      "z" : 4.236068
    }, {
      "x" : -2.618034,
      "y" : 4.236068,
      "z" : 6.854102
    } ],
    "faces" : [ {
      "vertices" : [ 0, 1, 2, 3, 4 ]
    }, {
      "vertices" : [ 0, 4, 3, 2, 1 ]
    } ]
  }, {
    "id" : "2b1eaee5-958e-453b-b1b7-328424221fe2",
    "vertices" : [ {
      "x" : 0.0,
      "y" : 0.0,
      "z" : 0.0
    }, {
      "x" : -2.618034,
      "y" : 4.236068,
      "z" : -6.854102
    }, {
      "x" : -2.618034,
      "y" : 12.708204,
      "z" : -6.854102
    }, {
      "x" : 0.0,
      "y" : 16.944271,
      "z" : 0.0
    }, {
      "x" : 2.618034,
      "y" : 12.708204,
      "z" : 6.854102
    }, {
      "x" : 2.618034,
      "y" : 4.236068,
      "z" : 6.854102
    } ],
    "faces" : [ {
      "vertices" : [ 0, 1, 2, 3, 4, 5 ]
    }, {
      "vertices" : [ 0, 5, 4, 3, 2, 1 ]
    } ]
  }, {
    "id" : "c74c01bb-ef99-428a-9cea-f3806c55dc38",
    "vertices" : [ {
      "x" : 0.0,
      "y" : 0.0,
      "z" : 0.0
    }, {
      "x" : 2.618034,
      "y" : -4.236068,
      "z" : -6.854102
    }, {
      "x" : 0.0,
      "y" : 0.0,
      "z" : -13.708204
    }, {
      "x" : -4.236068,
      "y" : 6.854102,
      "z" : -11.09017
    }, {
      "x" : -4.236068,
      "y" : 6.854102,
      "z" : -2.618034
    } ],
    "faces" : [ {
      "vertices" : [ 0, 1, 2, 3, 4 ]
    }, {
      "vertices" : [ 0, 4, 3, 2, 1 ]
    } ]
  }, {
    "id" : "f268d337-e75d-4b83-b05e-240ac1df2122",
    "vertices" : [ {
      "x" : 0.0,
      "y" : 0.0,
      "z" : 0.0
    }, {
      "x" : -4.236068,
      "y" : 6.854102,
      "z" : 2.618034
    }, {
      "x" : -4.236068,
      "y" : 6.854102,
      "z" : 11.09017
    }, {
      "x" : 0.0,
      "y" : 0.0,
      "z" : 13.708204
    }, {
      "x" : 2.618034,
      "y" : -4.236068,
      "z" : 6.854102
    } ],
    "faces" : [ {
      "vertices" : [ 0, 1, 2, 3, 4 ]
    }, {
      "vertices" : [ 0, 4, 3, 2, 1 ]
    } ]
  }, {
    "id" : "e63a7ae2-042a-4e9e-aa9f-9ce88537fc7c",
    "vertices" : [ {
      "x" : 0.0,
      "y" : 0.0,
      "z" : 0.0
    }, {
      "x" : 4.236068,
      "y" : -6.854102,
      "z" : 2.618034
    }, {
      "x" : 6.854102,
      "y" : -11.09017,
      "z" : -4.236068
    }, {
      "x" : 4.236068,
      "y" : -6.854102,
      "z" : -11.09017
    }, {
      "x" : 0.0,
      "y" : 0.0,
      "z" : -8.472136
    } ],
    "faces" : [ {
      "vertices" : [ 0, 1, 2, 3, 4 ]
    }, {
      "vertices" : [ 0, 4, 3, 2, 1 ]
    } ]
  }, {
    "id" : "11c16633-822d-4e64-9b43-738add700229",
    "vertices" : [ {
      "x" : 0.0,
      "y" : 0.0,
      "z" : 0.0
    }, {
      "x" : 0.0,
      "y" : -8.472136,
      "z" : 0.0
    }, {
      "x" : -2.618034,
      "y" : -12.708204,
      "z" : -6.854102
    }, {
      "x" : -5.236068,
      "y" : -8.472136,
      "z" : -13.708204
    }, {
      "x" : -5.236068,
      "y" : 0.0,
      "z" : -13.708204
    }, {
      "x" : -2.618034,
      "y" : 4.236068,
      "z" : -6.854102
    } ],
    "faces" : [ {
      "vertices" : [ 0, 1, 2, 3, 4, 5 ]
    }, {
      "vertices" : [ 0, 5, 4, 3, 2, 1 ]
    } ]
  }, {
    "id" : "c1e5c49d-889f-430d-b9bd-314bd754fae2",
    "vertices" : [ {
      "x" : 0.0,
      "y" : 0.0,
      "z" : 0.0
    }, {
      "x" : 0.0,
      "y" : 8.472136,
      "z" : 0.0
    }, {
      "x" : 2.618034,
      "y" : 12.708204,
      "z" : 6.854102
    }, {
      "x" : 5.236068,
      "y" : 8.472136,
      "z" : 13.708204
    }, {
      "x" : 5.236068,
      "y" : 0.0,
      "z" : 13.708204
    }, {
      "x" : 2.618034,
      "y" : -4.236068,
      "z" : 6.854102
    } ],
    "faces" : [ {
      "vertices" : [ 0, 1, 2, 3, 4, 5 ]
    }, {
      "vertices" : [ 0, 5, 4, 3, 2, 1 ]
    } ]
  } ],
  "instances" : [ {
    "shape" : "35cdd572-be30-42d8-a64a-cb3785c09752",
    "color" : "#007695",
    "position" : {
      "x" : 4.0037255,
      "y" : -13.967971,
      "z" : -15.25444
    },
    "orientation" : 6
  }, {
    "shape" : "ed0801f7-dfa1-41eb-ab1e-b1d192bff68d",
    "color" : "#FFFFFF",
    "position" : {
      "x" : -0.23234244,
      "y" : -20.822073,
      "z" : 4.3078656
    }
  }, {
    "shape" : "35cdd572-be30-42d8-a64a-cb3785c09752",
    "color" : "#007695",
    "position" : {
      "x" : -0.23234244,
      "y" : -20.822073,
      "z" : -4.1642704
    },
    "orientation" : 2
  }, {
    "shape" : "ed0801f7-dfa1-41eb-ab1e-b1d192bff68d",
    "color" : "#FFFFFF",
    "position" : {
      "x" : -8.704478,
      "y" : -7.1138687,
      "z" : -17.872475
    }
  }, {
    "shape" : "53a75673-19e9-406d-b490-a9ffa0cd6c03",
    "color" : "#F7CF7F",
    "position" : {
      "x" : -8.704478,
      "y" : 6.594335,
      "z" : 18.01607
    },
    "orientation" : 4
  }, {
    "shape" : "ed0801f7-dfa1-41eb-ab1e-b1d192bff68d",
    "color" : "#FFFFFF",
    "position" : {
      "x" : 8.239794,
      "y" : 6.594335,
      "z" : -17.872475
    }
  }, {
    "shape" : "35cdd572-be30-42d8-a64a-cb3785c09752",
    "color" : "#007695",
    "position" : {
      "x" : 4.0037255,
      "y" : 13.448437,
      "z" : -15.25444
    },
    "orientation" : 10
  }, {
    "shape" : "ed0801f7-dfa1-41eb-ab1e-b1d192bff68d",
    "color" : "#FFFFFF",
    "position" : {
      "x" : -15.55858,
      "y" : 3.9763012,
      "z" : -13.636406
    }
  }, {
    "shape" : "35cdd572-be30-42d8-a64a-cb3785c09752",
    "color" : "#007695",
    "position" : {
      "x" : -13.940546,
      "y" : -15.586004,
      "z" : 4.3078656
    },
    "orientation" : 51
  }, {
    "shape" : "35cdd572-be30-42d8-a64a-cb3785c09752",
    "color" : "#007695",
    "position" : {
      "x" : 15.093896,
      "y" : 3.9763012,
      "z" : -13.636406
    },
    "orientation" : 56
  }, {
    "shape" : "15b340ad-1a11-44a5-9c0a-53ddb9b51158",
    "color" : "#D77F7F",
    "position" : {
      "x" : -4.4684105,
      "y" : 13.448437,
      "z" : 15.398036
    },
    "orientation" : 1
  }, {
    "shape" : "35cdd572-be30-42d8-a64a-cb3785c09752",
    "color" : "#007695",
    "position" : {
      "x" : 4.0037255,
      "y" : -13.967971,
      "z" : 15.398036
    },
    "orientation" : 25
  }, {
    "shape" : "ed0801f7-dfa1-41eb-ab1e-b1d192bff68d",
    "color" : "#FFFFFF",
    "position" : {
      "x" : -4.4684105,
      "y" : -0.25976676,
      "z" : -20.490509
    }
  }, {
    "shape" : "35cdd572-be30-42d8-a64a-cb3785c09752",
    "color" : "#007695",
    "position" : {
      "x" : -15.55858,
      "y" : -4.495835,
      "z" : -13.636406
    },
    "orientation" : 1
  }, {
    "shape" : "ed0801f7-dfa1-41eb-ab1e-b1d192bff68d",
    "color" : "#FFFFFF",
    "position" : {
      "x" : 17.71193,
      "y" : 8.212369,
      "z" : -6.7823043
    }
  }, {
    "shape" : "35cdd572-be30-42d8-a64a-cb3785c09752",
    "color" : "#007695",
    "position" : {
      "x" : -7.0864444,
      "y" : -18.204039,
      "z" : 8.543934
    },
    "orientation" : 10
  }, {
    "shape" : "35cdd572-be30-42d8-a64a-cb3785c09752",
    "color" : "#007695",
    "position" : {
      "x" : 13.475862,
      "y" : 15.066471,
      "z" : 4.3078656
    },
    "orientation" : 47
  }, {
    "shape" : "53a75673-19e9-406d-b490-a9ffa0cd6c03",
    "color" : "#F7CF7F",
    "position" : {
      "x" : 6.6217594,
      "y" : -18.204039,
      "z" : -8.400338
    },
    "orientation" : 21
  }, {
    "shape" : "13835a14-f334-4ff2-8414-64109c42498e",
    "color" : "#F7CF7F",
    "position" : {
      "x" : 15.093896,
      "y" : -4.495835,
      "z" : 13.780002
    },
    "orientation" : 5
  }, {
    "shape" : "35cdd572-be30-42d8-a64a-cb3785c09752",
    "color" : "#007695",
    "position" : {
      "x" : 17.71193,
      "y" : -8.731903,
      "z" : -6.7823043
    },
    "orientation" : 55
  }, {
    "shape" : "35cdd572-be30-42d8-a64a-cb3785c09752",
    "color" : "#007695",
    "position" : {
      "x" : 20.329964,
      "y" : -4.495835,
      "z" : 0.071797766
    },
    "orientation" : 1
  }, {
    "shape" : "21057260-957c-4556-bce6-91a74109faf3",
    "color" : "#F7CF7F",
    "position" : {
      "x" : 15.093896,
      "y" : 3.9763012,
      "z" : -13.636406
    },
    "orientation" : 3
  }, {
    "shape" : "53a75673-19e9-406d-b490-a9ffa0cd6c03",
    "color" : "#F7CF7F",
    "position" : {
      "x" : -15.55858,
      "y" : 3.9763012,
      "z" : -13.636406
    },
    "orientation" : 54
  }, {
    "shape" : "53a75673-19e9-406d-b490-a9ffa0cd6c03",
    "color" : "#F7CF7F",
    "position" : {
      "x" : 15.093896,
      "y" : 3.9763012,
      "z" : 13.780002
    },
    "orientation" : 9
  }, {
    "shape" : "35cdd572-be30-42d8-a64a-cb3785c09752",
    "color" : "#007695",
    "position" : {
      "x" : -13.940546,
      "y" : -15.586004,
      "z" : 4.3078656
    },
    "orientation" : 47
  }, {
    "shape" : "ed0801f7-dfa1-41eb-ab1e-b1d192bff68d",
    "color" : "#FFFFFF",
    "position" : {
      "x" : 4.0037255,
      "y" : -13.967971,
      "z" : -15.25444
    }
  }, {
    "shape" : "ed0801f7-dfa1-41eb-ab1e-b1d192bff68d",
    "color" : "#FFFFFF",
    "position" : {
      "x" : -4.4684105,
      "y" : 13.448437,
      "z" : -15.25444
    }
  }, {
    "shape" : "ed0801f7-dfa1-41eb-ab1e-b1d192bff68d",
    "color" : "#FFFFFF",
    "position" : {
      "x" : -7.0864444,
      "y" : -18.204039,
      "z" : 8.543934
    }
  }, {
    "shape" : "ed0801f7-dfa1-41eb-ab1e-b1d192bff68d",
    "color" : "#FFFFFF",
    "position" : {
      "x" : 6.6217594,
      "y" : -18.204039,
      "z" : 8.543934
    }
  }, {
    "shape" : "ed0801f7-dfa1-41eb-ab1e-b1d192bff68d",
    "color" : "#FFFFFF",
    "position" : {
      "x" : -20.79465,
      "y" : -4.495835,
      "z" : 0.071797766
    }
  }, {
    "shape" : "ed0801f7-dfa1-41eb-ab1e-b1d192bff68d",
    "color" : "#FFFFFF",
    "position" : {
      "x" : 8.239794,
      "y" : -7.1138687,
      "z" : 18.01607
    }
  }, {
    "shape" : "35cdd572-be30-42d8-a64a-cb3785c09752",
    "color" : "#007695",
    "position" : {
      "x" : 15.093896,
      "y" : -4.495835,
      "z" : -13.636406
    },
    "orientation" : 1
  }, {
    "shape" : "15b340ad-1a11-44a5-9c0a-53ddb9b51158",
    "color" : "#D77F7F",
    "position" : {
      "x" : 4.0037255,
      "y" : -13.967971,
      "z" : 15.398036
    },
    "orientation" : 31
  }, {
    "shape" : "ed0801f7-dfa1-41eb-ab1e-b1d192bff68d",
    "color" : "#FFFFFF",
    "position" : {
      "x" : -7.0864444,
      "y" : 17.684505,
      "z" : -8.400338
    }
  }, {
    "shape" : "35cdd572-be30-42d8-a64a-cb3785c09752",
    "color" : "#007695",
    "position" : {
      "x" : 15.093896,
      "y" : -4.495835,
      "z" : 13.780002
    },
    "orientation" : 41
  }, {
    "shape" : "ed0801f7-dfa1-41eb-ab1e-b1d192bff68d",
    "color" : "#FFFFFF",
    "position" : {
      "x" : 13.475862,
      "y" : -15.586004,
      "z" : -4.1642704
    }
  }, {
    "shape" : "ed0801f7-dfa1-41eb-ab1e-b1d192bff68d",
    "color" : "#FFFFFF",
    "position" : {
      "x" : -13.940546,
      "y" : -15.586004,
      "z" : -4.1642704
    }
  }, {
    "shape" : "35cdd572-be30-42d8-a64a-cb3785c09752",
    "color" : "#007695",
    "position" : {
      "x" : -13.940546,
      "y" : -15.586004,
      "z" : -4.1642704
    },
    "orientation" : 54
  }, {
    "shape" : "35cdd572-be30-42d8-a64a-cb3785c09752",
    "color" : "#007695",
    "position" : {
      "x" : -4.4684105,
      "y" : -0.25976676,
      "z" : 20.634104
    },
    "orientation" : 0
  }, {
    "shape" : "ed0801f7-dfa1-41eb-ab1e-b1d192bff68d",
    "color" : "#FFFFFF",
    "position" : {
      "x" : 17.71193,
      "y" : 8.212369,
      "z" : 6.9258995
    }
  }, {
    "shape" : "ed0801f7-dfa1-41eb-ab1e-b1d192bff68d",
    "color" : "#FFFFFF",
    "position" : {
      "x" : 13.475862,
      "y" : 15.066471,
      "z" : -4.1642704
    }
  }, {
    "shape" : "35cdd572-be30-42d8-a64a-cb3785c09752",
    "color" : "#007695",
    "position" : {
      "x" : -0.23234244,
      "y" : 20.30254,
      "z" : 4.3078656
    },
    "orientation" : 47
  }, {
    "shape" : "35cdd572-be30-42d8-a64a-cb3785c09752",
    "color" : "#007695",
    "position" : {
      "x" : -18.176615,
      "y" : -8.731903,
      "z" : 6.9258995
    },
    "orientation" : 55
  }, {
    "shape" : "35cdd572-be30-42d8-a64a-cb3785c09752",
    "color" : "#007695",
    "position" : {
      "x" : -18.176615,
      "y" : 8.212369,
      "z" : 6.9258995
    },
    "orientation" : 37
  }, {
    "shape" : "35cdd572-be30-42d8-a64a-cb3785c09752",
    "color" : "#007695",
    "position" : {
      "x" : -20.79465,
      "y" : 3.9763012,
      "z" : 0.071797766
    },
    "orientation" : 10
  }, {
    "shape" : "35cdd572-be30-42d8-a64a-cb3785c09752",
    "color" : "#007695",
    "position" : {
      "x" : -13.940546,
      "y" : 15.066471,
      "z" : -4.1642704
    },
    "orientation" : 2
  }, {
    "shape" : "a667be9b-cb95-48eb-84c2-5eb26920421b",
    "color" : "#D77F7F",
    "position" : {
      "x" : 20.329964,
      "y" : 3.9763012,
      "z" : 0.071797766
    },
    "orientation" : 0
  }, {
    "shape" : "35cdd572-be30-42d8-a64a-cb3785c09752",
    "color" : "#007695",
    "position" : {
      "x" : -18.176615,
      "y" : 8.212369,
      "z" : 6.9258995
    },
    "orientation" : 6
  }, {
    "shape" : "ed0801f7-dfa1-41eb-ab1e-b1d192bff68d",
    "color" : "#FFFFFF",
    "position" : {
      "x" : -18.176615,
      "y" : 8.212369,
      "z" : 6.9258995
    }
  }, {
    "shape" : "ed0801f7-dfa1-41eb-ab1e-b1d192bff68d",
    "color" : "#FFFFFF",
    "position" : {
      "x" : 4.0037255,
      "y" : -0.25976676,
      "z" : 20.634104
    }
  }, {
    "shape" : "35cdd572-be30-42d8-a64a-cb3785c09752",
    "color" : "#007695",
    "position" : {
      "x" : 17.71193,
      "y" : -8.731903,
      "z" : 6.9258995
    },
    "orientation" : 52
  }, {
    "shape" : "35cdd572-be30-42d8-a64a-cb3785c09752",
    "color" : "#007695",
    "position" : {
      "x" : 4.0037255,
      "y" : 13.448437,
      "z" : 15.398036
    },
    "orientation" : 52
  }, {
    "shape" : "a667be9b-cb95-48eb-84c2-5eb26920421b",
    "color" : "#D77F7F",
    "position" : {
      "x" : -20.79465,
      "y" : -4.495835,
      "z" : 0.071797766
    },
    "orientation" : 30
  }, {
    "shape" : "ed0801f7-dfa1-41eb-ab1e-b1d192bff68d",
    "color" : "#FFFFFF",
    "position" : {
      "x" : -4.4684105,
      "y" : -13.967971,
      "z" : -15.25444
    }
  }, {
    "shape" : "2b1eaee5-958e-453b-b1b7-328424221fe2",
    "color" : "#F7CF7F",
    "position" : {
      "x" : 17.71193,
      "y" : -8.731903,
      "z" : -6.7823043
    },
    "orientation" : 0
  }, {
    "shape" : "35cdd572-be30-42d8-a64a-cb3785c09752",
    "color" : "#007695",
    "position" : {
      "x" : -4.4684105,
      "y" : 13.448437,
      "z" : -15.25444
    },
    "orientation" : 36
  }, {
    "shape" : "ed0801f7-dfa1-41eb-ab1e-b1d192bff68d",
    "color" : "#FFFFFF",
    "position" : {
      "x" : 8.239794,
      "y" : 6.594335,
      "z" : 18.01607
    }
  }, {
    "shape" : "c74c01bb-ef99-428a-9cea-f3806c55dc38",
    "color" : "#D77F7F",
    "position" : {
      "x" : 6.6217594,
      "y" : -18.204039,
      "z" : -8.400338
    },
    "orientation" : 16
  }, {
    "shape" : "ed0801f7-dfa1-41eb-ab1e-b1d192bff68d",
    "color" : "#FFFFFF",
    "position" : {
      "x" : -8.704478,
      "y" : -7.1138687,
      "z" : 18.01607
    }
  }, {
    "shape" : "35cdd572-be30-42d8-a64a-cb3785c09752",
    "color" : "#007695",
    "position" : {
      "x" : 8.239794,
      "y" : -7.1138687,
      "z" : 18.01607
    },
    "orientation" : 51
  }, {
    "shape" : "35cdd572-be30-42d8-a64a-cb3785c09752",
    "color" : "#007695",
    "position" : {
      "x" : 20.329964,
      "y" : 3.9763012,
      "z" : 0.071797766
    },
    "orientation" : 55
  }, {
    "shape" : "ed0801f7-dfa1-41eb-ab1e-b1d192bff68d",
    "color" : "#FFFFFF",
    "position" : {
      "x" : 17.71193,
      "y" : -8.731903,
      "z" : 6.9258995
    }
  }, {
    "shape" : "ed0801f7-dfa1-41eb-ab1e-b1d192bff68d",
    "color" : "#FFFFFF",
    "position" : {
      "x" : -18.176615,
      "y" : -8.731903,
      "z" : -6.7823043
    }
  }, {
    "shape" : "35cdd572-be30-42d8-a64a-cb3785c09752",
    "color" : "#007695",
    "position" : {
      "x" : 6.6217594,
      "y" : -18.204039,
      "z" : 8.543934
    },
    "orientation" : 23
  }, {
    "shape" : "35cdd572-be30-42d8-a64a-cb3785c09752",
    "color" : "#007695",
    "position" : {
      "x" : 13.475862,
      "y" : -15.586004,
      "z" : -4.1642704
    },
    "orientation" : 53
  }, {
    "shape" : "ed0801f7-dfa1-41eb-ab1e-b1d192bff68d",
    "color" : "#FFFFFF",
    "position" : {
      "x" : -18.176615,
      "y" : -8.731903,
      "z" : 6.9258995
    }
  }, {
    "shape" : "35cdd572-be30-42d8-a64a-cb3785c09752",
    "color" : "#007695",
    "position" : {
      "x" : 17.71193,
      "y" : -8.731903,
      "z" : 6.9258995
    },
    "orientation" : 7
  }, {
    "shape" : "f268d337-e75d-4b83-b05e-240ac1df2122",
    "color" : "#D77F7F",
    "position" : {
      "x" : 6.6217594,
      "y" : 17.684505,
      "z" : -8.400338
    },
    "orientation" : 46
  }, {
    "shape" : "35cdd572-be30-42d8-a64a-cb3785c09752",
    "color" : "#007695",
    "position" : {
      "x" : -7.0864444,
      "y" : 17.684505,
      "z" : 8.543934
    },
    "orientation" : 37
  }, {
    "shape" : "2b1eaee5-958e-453b-b1b7-328424221fe2",
    "color" : "#F7CF7F",
    "position" : {
      "x" : -8.704478,
      "y" : -7.1138687,
      "z" : 18.01607
    },
    "orientation" : 2
  }, {
    "shape" : "ed0801f7-dfa1-41eb-ab1e-b1d192bff68d",
    "color" : "#FFFFFF",
    "position" : {
      "x" : -4.4684105,
      "y" : -0.25976676,
      "z" : 20.634104
    }
  }, {
    "shape" : "ed0801f7-dfa1-41eb-ab1e-b1d192bff68d",
    "color" : "#FFFFFF",
    "position" : {
      "x" : -15.55858,
      "y" : -4.495835,
      "z" : 13.780002
    }
  }, {
    "shape" : "35cdd572-be30-42d8-a64a-cb3785c09752",
    "color" : "#007695",
    "position" : {
      "x" : 15.093896,
      "y" : -4.495835,
      "z" : -13.636406
    },
    "orientation" : 53
  }, {
    "shape" : "ed0801f7-dfa1-41eb-ab1e-b1d192bff68d",
    "color" : "#FFFFFF",
    "position" : {
      "x" : 4.0037255,
      "y" : 13.448437,
      "z" : 15.398036
    }
  }, {
    "shape" : "ed0801f7-dfa1-41eb-ab1e-b1d192bff68d",
    "color" : "#FFFFFF",
    "position" : {
      "x" : 15.093896,
      "y" : 3.9763012,
      "z" : 13.780002
    }
  }, {
    "shape" : "21057260-957c-4556-bce6-91a74109faf3",
    "color" : "#F7CF7F",
    "position" : {
      "x" : 6.6217594,
      "y" : 17.684505,
      "z" : -8.400338
    },
    "orientation" : 6
  }, {
    "shape" : "ed0801f7-dfa1-41eb-ab1e-b1d192bff68d",
    "color" : "#FFFFFF",
    "position" : {
      "x" : 20.329964,
      "y" : -4.495835,
      "z" : 0.071797766
    }
  }, {
    "shape" : "e63a7ae2-042a-4e9e-aa9f-9ce88537fc7c",
    "color" : "#D77F7F",
    "position" : {
      "x" : -15.55858,
      "y" : 3.9763012,
      "z" : -13.636406
    },
    "orientation" : 47
  }, {
    "shape" : "ed0801f7-dfa1-41eb-ab1e-b1d192bff68d",
    "color" : "#FFFFFF",
    "position" : {
      "x" : -0.23234244,
      "y" : 20.30254,
      "z" : -4.1642704
    }
  }, {
    "shape" : "35cdd572-be30-42d8-a64a-cb3785c09752",
    "color" : "#007695",
    "position" : {
      "x" : 13.475862,
      "y" : -15.586004,
      "z" : 4.3078656
    },
    "orientation" : 47
  }, {
    "shape" : "ed0801f7-dfa1-41eb-ab1e-b1d192bff68d",
    "color" : "#FFFFFF",
    "position" : {
      "x" : 6.6217594,
      "y" : 17.684505,
      "z" : -8.400338
    }
  }, {
    "shape" : "35cdd572-be30-42d8-a64a-cb3785c09752",
    "color" : "#007695",
