{
  "polygons" : "true",
  "field" : "golden",
  "symmetry" : "icosahedral",
  "orientations" : [ [ 1.0, 0.0, 0.0, 0.0, 0.0, 1.0, 0.0, 0.0, 0.0, 0.0, 1.0, 0.0, 0.0, 0.0, 0.0, 1.0 ], [ 0.0, 0.0, 1.0, 0.0, 1.0, 0.0, 0.0, 0.0, 0.0, 1.0, 0.0, 0.0, 0.0, 0.0, 0.0, 1.0 ], [ 0.0, 1.0, 0.0, 0.0, 0.0, 0.0, 1.0, 0.0, 1.0, 0.0, 0.0, 0.0, 0.0, 0.0, 0.0, 1.0 ], [ 0.809017, 0.309017, 0.5, 0.0, 0.309017, 0.5, -0.809017, 0.0, -0.5, 0.809017, 0.309017, 0.0, 0.0, 0.0, 0.0, 1.0 ], [ -0.5, 0.809017, 0.309017, 0.0, 0.809017, 0.309017, 0.5, 0.0, 0.309017, 0.5, -0.809017, 0.0, 0.0, 0.0, 0.0, 1.0 ], [ 0.309017, 0.5, -0.809017, 0.0, -0.5, 0.809017, 0.309017, 0.0, 0.809017, 0.309017, 0.5, 0.0, 0.0, 0.0, 0.0, 1.0 ], [ 0.5, 0.809017, 0.309017, 0.0, 0.809017, -0.309017, -0.5, 0.0, -0.309017, 0.5, -0.809017, 0.0, 0.0, 0.0, 0.0, 1.0 ], [ -0.309017, 0.5, -0.809017, 0.0, 0.5, 0.809017, 0.309017, 0.0, 0.809017, -0.309017, -0.5, 0.0, 0.0, 0.0, 0.0, 1.0 ], [ 0.809017, -0.309017, -0.5, 0.0, -0.309017, 0.5, -0.809017, 0.0, 0.5, 0.809017, 0.309017, 0.0, 0.0, 0.0, 0.0, 1.0 ], [ 0.5, 0.809017, -0.309017, 0.0, 0.809017, -0.309017, 0.5, 0.0, 0.309017, -0.5, -0.809017, 0.0, 0.0, 0.0, 0.0, 1.0 ], [ 0.309017, -0.5, -0.809017, 0.0, 0.5, 0.809017, -0.309017, 0.0, 0.809017, -0.309017, 0.5, 0.0, 0.0, 0.0, 0.0, 1.0 ], [ 0.809017, -0.309017, 0.5, 0.0, 0.309017, -0.5, -0.809017, 0.0, 0.5, 0.809017, -0.309017, 0.0, 0.0, 0.0, 0.0, 1.0 ], [ 0.809017, 0.309017, -0.5, 0.0, 0.309017, 0.5, 0.809017, 0.0, 0.5, -0.809017, 0.309017, 0.0, 0.0, 0.0, 0.0, 1.0 ], [ 0.5, -0.809017, 0.309017, 0.0, 0.809017, 0.309017, -0.5, 0.0, 0.309017, 0.5, 0.809017, 0.0, 0.0, 0.0, 0.0, 1.0 ], [ 0.309017, 0.5, 0.809017, 0.0, 0.5, -0.809017, 0.309017, 0.0, 0.809017, 0.309017, -0.5, 0.0, 0.0, 0.0, 0.0, 1.0 ], [ 1.0, 0.0, 0.0, 0.0, 0.0, -1.0, 0.0, 0.0, 0.0, 0.0, -1.0, 0.0, 0.0, 0.0, 0.0, 1.0 ], [ 0.0, 0.0, 1.0, 0.0, -1.0, 0.0, 0.0, 0.0, 0.0, -1.0, 0.0, 0.0, 0.0, 0.0, 0.0, 1.0 ], [ 0.0, 1.0, 0.0, 0.0, 0.0, 0.0, -1.0, 0.0, -1.0, 0.0, 0.0, 0.0, 0.0, 0.0, 0.0, 1.0 ], [ 0.809017, 0.309017, 0.5, 0.0, -0.309017, -0.5, 0.809017, 0.0, 0.5, -0.809017, -0.309017, 0.0, 0.0, 0.0, 0.0, 1.0 ], [ -0.5, 0.809017, 0.309017, 0.0, -0.809017, -0.309017, -0.5, 0.0, -0.309017, -0.5, 0.809017, 0.0, 0.0, 0.0, 0.0, 1.0 ], [ 0.309017, 0.5, -0.809017, 0.0, 0.5, -0.809017, -0.309017, 0.0, -0.809017, -0.309017, -0.5, 0.0, 0.0, 0.0, 0.0, 1.0 ], [ 0.5, 0.809017, 0.309017, 0.0, -0.809017, 0.309017, 0.5, 0.0, 0.309017, -0.5, 0.809017, 0.0, 0.0, 0.0, 0.0, 1.0 ], [ -0.309017, 0.5, -0.809017, 0.0, -0.5, -0.809017, -0.309017, 0.0, -0.809017, 0.309017, 0.5, 0.0, 0.0, 0.0, 0.0, 1.0 ], [ 0.809017, -0.309017, -0.5, 0.0, 0.309017, -0.5, 0.809017, 0.0, -0.5, -0.809017, -0.309017, 0.0, 0.0, 0.0, 0.0, 1.0 ], [ 0.5, 0.809017, -0.309017, 0.0, -0.809017, 0.309017, -0.5, 0.0, -0.309017, 0.5, 0.809017, 0.0, 0.0, 0.0, 0.0, 1.0 ], [ 0.309017, -0.5, -0.809017, 0.0, -0.5, -0.809017, 0.309017, 0.0, -0.809017, 0.309017, -0.5, 0.0, 0.0, 0.0, 0.0, 1.0 ], [ 0.809017, -0.309017, 0.5, 0.0, -0.309017, 0.5, 0.809017, 0.0, -0.5, -0.809017, 0.309017, 0.0, 0.0, 0.0, 0.0, 1.0 ], [ 0.809017, 0.309017, -0.5, 0.0, -0.309017, -0.5, -0.809017, 0.0, -0.5, 0.809017, -0.309017, 0.0, 0.0, 0.0, 0.0, 1.0 ], [ 0.5, -0.809017, 0.309017, 0.0, -0.809017, -0.309017, 0.5, 0.0, -0.309017, -0.5, -0.809017, 0.0, 0.0, 0.0, 0.0, 1.0 ], [ 0.309017, 0.5, 0.809017, 0.0, -0.5, 0.809017, -0.309017, 0.0, -0.809017, -0.309017, 0.5, 0.0, 0.0, 0.0, 0.0, 1.0 ], [ -1.0, 0.0, 0.0, 0.0, 0.0, -1.0, 0.0, 0.0, 0.0, 0.0, 1.0, 0.0, 0.0, 0.0, 0.0, 1.0 ], [ 0.0, 0.0, -1.0, 0.0, -1.0, 0.0, 0.0, 0.0, 0.0, 1.0, 0.0, 0.0, 0.0, 0.0, 0.0, 1.0 ], [ 0.0, -1.0, 0.0, 0.0, 0.0, 0.0, -1.0, 0.0, 1.0, 0.0, 0.0, 0.0, 0.0, 0.0, 0.0, 1.0 ], [ -0.809017, -0.309017, -0.5, 0.0, -0.309017, -0.5, 0.809017, 0.0, -0.5, 0.809017, 0.309017, 0.0, 0.0, 0.0, 0.0, 1.0 ], [ 0.5, -0.809017, -0.309017, 0.0, -0.809017, -0.309017, -0.5, 0.0, 0.309017, 0.5, -0.809017, 0.0, 0.0, 0.0, 0.0, 1.0 ], [ -0.309017, -0.5, 0.809017, 0.0, 0.5, -0.809017, -0.309017, 0.0, 0.809017, 0.309017, 0.5, 0.0, 0.0, 0.0, 0.0, 1.0 ], [ -0.5, -0.809017, -0.309017, 0.0, -0.809017, 0.309017, 0.5, 0.0, -0.309017, 0.5, -0.809017, 0.0, 0.0, 0.0, 0.0, 1.0 ], [ 0.309017, -0.5, 0.809017, 0.0, -0.5, -0.809017, -0.309017, 0.0, 0.809017, -0.309017, -0.5, 0.0, 0.0, 0.0, 0.0, 1.0 ], [ -0.809017, 0.309017, 0.5, 0.0, 0.309017, -0.5, 0.809017, 0.0, 0.5, 0.809017, 0.309017, 0.0, 0.0, 0.0, 0.0, 1.0 ], [ -0.5, -0.809017, 0.309017, 0.0, -0.809017, 0.309017, -0.5, 0.0, 0.309017, -0.5, -0.809017, 0.0, 0.0, 0.0, 0.0, 1.0 ], [ -0.309017, 0.5, 0.809017, 0.0, -0.5, -0.809017, 0.309017, 0.0, 0.809017, -0.309017, 0.5, 0.0, 0.0, 0.0, 0.0, 1.0 ], [ -0.809017, 0.309017, -0.5, 0.0, -0.309017, 0.5, 0.809017, 0.0, 0.5, 0.809017, -0.309017, 0.0, 0.0, 0.0, 0.0, 1.0 ], [ -0.809017, -0.309017, 0.5, 0.0, -0.309017, -0.5, -0.809017, 0.0, 0.5, -0.809017, 0.309017, 0.0, 0.0, 0.0, 0.0, 1.0 ], [ -0.5, 0.809017, -0.309017, 0.0, -0.809017, -0.309017, 0.5, 0.0, 0.309017, 0.5, 0.809017, 0.0, 0.0, 0.0, 0.0, 1.0 ], [ -0.309017, -0.5, -0.809017, 0.0, -0.5, 0.809017, -0.309017, 0.0, 0.809017, 0.309017, -0.5, 0.0, 0.0, 0.0, 0.0, 1.0 ], [ -1.0, 0.0, 0.0, 0.0, 0.0, 1.0, 0.0, 0.0, 0.0, 0.0, -1.0, 0.0, 0.0, 0.0, 0.0, 1.0 ], [ 0.0, 0.0, -1.0, 0.0, 1.0, 0.0, 0.0, 0.0, 0.0, -1.0, 0.0, 0.0, 0.0, 0.0, 0.0, 1.0 ], [ 0.0, -1.0, 0.0, 0.0, 0.0, 0.0, 1.0, 0.0, -1.0, 0.0, 0.0, 0.0, 0.0, 0.0, 0.0, 1.0 ], [ -0.809017, -0.309017, -0.5, 0.0, 0.309017, 0.5, -0.809017, 0.0, 0.5, -0.809017, -0.309017, 0.0, 0.0, 0.0, 0.0, 1.0 ], [ 0.5, -0.809017, -0.309017, 0.0, 0.809017, 0.309017, 0.5, 0.0, -0.309017, -0.5, 0.809017, 0.0, 0.0, 0.0, 0.0, 1.0 ], [ -0.309017, -0.5, 0.809017, 0.0, -0.5, 0.809017, 0.309017, 0.0, -0.809017, -0.309017, -0.5, 0.0, 0.0, 0.0, 0.0, 1.0 ], [ -0.5, -0.809017, -0.309017, 0.0, 0.809017, -0.309017, -0.5, 0.0, 0.309017, -0.5, 0.809017, 0.0, 0.0, 0.0, 0.0, 1.0 ], [ 0.309017, -0.5, 0.809017, 0.0, 0.5, 0.809017, 0.309017, 0.0, -0.809017, 0.309017, 0.5, 0.0, 0.0, 0.0, 0.0, 1.0 ], [ -0.809017, 0.309017, 0.5, 0.0, -0.309017, 0.5, -0.809017, 0.0, -0.5, -0.809017, -0.309017, 0.0, 0.0, 0.0, 0.0, 1.0 ], [ -0.5, -0.809017, 0.309017, 0.0, 0.809017, -0.309017, 0.5, 0.0, -0.309017, 0.5, 0.809017, 0.0, 0.0, 0.0, 0.0, 1.0 ], [ -0.309017, 0.5, 0.809017, 0.0, 0.5, 0.809017, -0.309017, 0.0, -0.809017, 0.309017, -0.5, 0.0, 0.0, 0.0, 0.0, 1.0 ], [ -0.809017, 0.309017, -0.5, 0.0, 0.309017, -0.5, -0.809017, 0.0, -0.5, -0.809017, 0.309017, 0.0, 0.0, 0.0, 0.0, 1.0 ], [ -0.809017, -0.309017, 0.5, 0.0, 0.309017, 0.5, 0.809017, 0.0, -0.5, 0.809017, -0.309017, 0.0, 0.0, 0.0, 0.0, 1.0 ], [ -0.5, 0.809017, -0.309017, 0.0, 0.809017, 0.309017, -0.5, 0.0, -0.309017, -0.5, -0.809017, 0.0, 0.0, 0.0, 0.0, 1.0 ], [ -0.309017, -0.5, -0.809017, 0.0, 0.5, -0.809017, 0.309017, 0.0, -0.809017, -0.309017, 0.5, 0.0, 0.0, 0.0, 0.0, 1.0 ] ],
  "lights" : {
    "directionalLights" : [ {
      "direction" : [ 1.0, -1.0, -1.0 ],
      "color" : "#EBEBE4"
    }, {
      "direction" : [ -1.0, 0.0, 0.0 ],
      "color" : "#E4E4EB"
    }, {
      "direction" : [ 0.0, 0.0, -1.0 ],
      "color" : "#1E1E1E"
    } ],
    "backgroundColor" : "#AFC8DC",
    "ambientColor" : "#292929"
  },
  "camera" : {
    "width" : 74.46816,
    "position" : {
      "x" : 0.0,
      "y" : 0.0,
      "z" : -165.48482
    },
    "lookAtPoint" : {
      "x" : 0.0,
      "y" : 0.0,
      "z" : 0.0
    },
    "lookDirection" : {
      "x" : 0.0,
      "y" : 0.0,
      "z" : 1.0
    },
    "upDirection" : {
      "x" : -0.8506508,
      "y" : -0.5257311,
      "z" : 0.0
    },
    "farClipDistance" : 330.9695,
    "nearClipDistance" : 0.41371205,
    "perspective" : false,
    "fieldOfView" : 0.44262883,
    "lookAtPointRV" : {
      "x" : 0.0,
      "y" : 0.0,
      "z" : 0.0,
      "zero" : true
    },
    "upDirectionRV" : {
      "x" : -0.8506508,
      "y" : -0.5257311,
      "z" : 0.0,
      "zero" : false
    },
    "viewDistance" : 165.48482,
    "lookDirectionRV" : {
      "x" : 0.0,
      "y" : 0.0,
      "z" : 1.0,
      "zero" : false
    },
    "stereo" : false
  },
  "embedding" : [ 1.0, 0.0, 0.0, 0.0, 0.0, 1.0, 0.0, 0.0, 0.0, 0.0, 1.0, 0.0, 0.0, 0.0, 0.0, 1.0 ],
  "shapes" : [ {
    "id" : "0d6b427a-5d0a-4dd7-8000-bedc08143496",
    "vertices" : [ {
      "x" : 0.0,
      "y" : 0.0,
      "z" : 0.0
    }, {
      "x" : -0.7236068,
      "y" : -7.301316,
      "z" : 4.236068
    }, {
      "x" : 4.236068,
      "y" : -6.854102,
      "z" : -2.618034
    } ],
    "faces" : [ {
      "vertices" : [ 0, 1, 2 ]
    }, {
      "vertices" : [ 0, 2, 1 ]
    } ]
  }, {
    "id" : "52852bd1-53c2-4776-8b18-a9723fee12ef",
    "name" : "ball",
    "vertices" : [ {
      "x" : -0.309017,
      "y" : -0.19098301,
      "z" : 0.0
    }, {
      "x" : -0.309017,
      "y" : 0.19098301,
      "z" : 0.0
    }, {
      "x" : -0.19098301,
      "y" : 0.0,
      "z" : -0.309017
    }, {
      "x" : -0.19098301,
      "y" : 0.0,
      "z" : 0.309017
    }, {
      "x" : 0.0,
      "y" : -0.309017,
      "z" : -0.19098301
    }, {
      "x" : 0.0,
      "y" : -0.309017,
      "z" : 0.19098301
    }, {
      "x" : 0.0,
      "y" : 0.309017,
      "z" : -0.19098301
    }, {
      "x" : 0.0,
      "y" : 0.309017,
      "z" : 0.19098301
    }, {
      "x" : 0.19098301,
      "y" : 0.0,
      "z" : -0.309017
    }, {
      "x" : 0.19098301,
      "y" : 0.0,
      "z" : 0.309017
    }, {
      "x" : 0.309017,
      "y" : -0.19098301,
      "z" : 0.0
    }, {
      "x" : 0.309017,
      "y" : 0.19098301,
      "z" : 0.0
    } ],
    "faces" : [ {
      "vertices" : [ 0, 1, 2 ]
    }, {
      "vertices" : [ 0, 3, 1 ]
    }, {
      "vertices" : [ 0, 2, 4 ]
    }, {
      "vertices" : [ 0, 5, 3 ]
    }, {
      "vertices" : [ 0, 4, 5 ]
    }, {
      "vertices" : [ 1, 6, 2 ]
    }, {
      "vertices" : [ 1, 3, 7 ]
    }, {
      "vertices" : [ 1, 7, 6 ]
    }, {
      "vertices" : [ 2, 8, 4 ]
    }, {
      "vertices" : [ 2, 6, 8 ]
    }, {
      "vertices" : [ 3, 5, 9 ]
    }, {
      "vertices" : [ 3, 9, 7 ]
    }, {
      "vertices" : [ 4, 10, 5 ]
    }, {
      "vertices" : [ 4, 8, 10 ]
    }, {
      "vertices" : [ 5, 10, 9 ]
    }, {
      "vertices" : [ 6, 7, 11 ]
    }, {
      "vertices" : [ 6, 11, 8 ]
    }, {
      "vertices" : [ 7, 9, 11 ]
    }, {
      "vertices" : [ 8, 11, 10 ]
    }, {
      "vertices" : [ 9, 10, 11 ]
    } ]
  }, {
    "id" : "ad25920f-43e8-4ffc-a669-40c064bc6cf2",
    "vertices" : [ {
      "x" : 0.0,
      "y" : 0.0,
      "z" : 0.0
    }, {
      "x" : -2.618034,
      "y" : -4.236068,
      "z" : -6.854102
    }, {
      "x" : -2.618034,
      "y" : 4.236068,
      "z" : -6.854102
    } ],
    "faces" : [ {
      "vertices" : [ 0, 1, 2 ]
    }, {
      "vertices" : [ 0, 2, 1 ]
    } ]
  }, {
    "id" : "f3d24527-becd-498c-bdf8-4d163d211fa9",
    "orbit" : "blue",
    "orbitC" : "[[0,0,1],[0,0,1]]",
    "length" : "[1,0,1]",
    "name" : "b1",
    "vertices" : [ {
      "x" : 1.0,
      "y" : 0.309017,
      "z" : 0.19098301
    }, {
      "x" : 1.0,
      "y" : -0.309017,
      "z" : 0.19098301
    }, {
      "x" : 7.472136,
      "y" : -0.309017,
      "z" : 0.19098301
    }, {
      "x" : 7.472136,
      "y" : 0.309017,
      "z" : 0.19098301
    }, {
      "x" : 7.472136,
      "y" : -0.309017,
      "z" : -0.19098301
    }, {
      "x" : 7.472136,
      "y" : 0.309017,
      "z" : -0.19098301
    }, {
      "x" : 8.09017,
      "y" : 0.0,
      "z" : 0.0
    }, {
      "x" : 0.38196602,
      "y" : 0.0,
      "z" : 0.0
    }, {
      "x" : 1.0,
      "y" : 0.309017,
      "z" : -0.19098301
    }, {
      "x" : 1.0,
      "y" : -0.309017,
      "z" : -0.19098301
    }, {
      "x" : 8.472136,
      "y" : 0.0,
      "z" : 0.0
    } ],
    "faces" : [ {
      "vertices" : [ 1, 9, 4, 2 ]
    }, {
      "vertices" : [ 0, 3, 5, 8 ]
    }, {
      "vertices" : [ 1, 7, 9 ]
    }, {
      "vertices" : [ 0, 1, 2, 3 ]
    }, {
      "vertices" : [ 7, 8, 9 ]
    }, {
      "vertices" : [ 0, 7, 1 ]
    }, {
      "vertices" : [ 4, 9, 8, 5 ]
    }, {
      "vertices" : [ 2, 6, 3 ]
    }, {
      "vertices" : [ 2, 4, 6 ]
    }, {
      "vertices" : [ 3, 6, 5 ]
    }, {
      "vertices" : [ 4, 5, 6 ]
    }, {
      "vertices" : [ 0, 8, 7 ]
    } ]
  }, {
    "id" : "102f7ff4-4f83-455e-9a21-442448b6ac24",
    "vertices" : [ {
      "x" : 0.0,
      "y" : 0.0,
      "z" : 0.0
    }, {
      "x" : 4.959675,
      "y" : 0.4472136,
      "z" : -6.854102
    }, {
      "x" : 0.7236068,
      "y" : 7.301316,
      "z" : -4.236068
    } ],
    "faces" : [ {
      "vertices" : [ 0, 1, 2 ]
    }, {
      "vertices" : [ 0, 2, 1 ]
    } ]
  }, {
    "id" : "12e26c6e-38b8-4471-b6b7-3a5ed3351e62",
    "orbit" : "1",
    "orbitC" : "[[-8,5,1],[-11,7,1]]",
    "length" : "[1,1,2]",
    "name" : " :1/2 +1/2*phi",
    "vertices" : [ {
      "x" : 5.0443144,
      "y" : 4.365937,
      "z" : -4.033109
    }, {
      "x" : 5.1443143,
      "y" : 4.465937,
      "z" : -3.6331093
    }, {
      "x" : 0.36257407,
      "y" : 0.5937375,
      "z" : -0.20295861
    }, {
      "x" : 0.26257408,
      "y" : 0.49373746,
      "z" : -0.6029586
    }, {
      "x" : 4.910981,
      "y" : 4.7659373,
      "z" : -3.7664428
    }, {
      "x" : 4.810981,
      "y" : 4.6659374,
      "z" : -4.166443
    }, {
      "x" : 0.49590743,
      "y" : 0.19373746,
      "z" : -0.46962526
    }, {
      "x" : 0.5959074,
      "y" : 0.29373747,
      "z" : -0.06962527
    } ],
    "faces" : [ {
      "vertices" : [ 2, 3, 6, 7 ]
    }, {
      "vertices" : [ 0, 5, 4, 1 ]
    }, {
      "vertices" : [ 2, 4, 5, 3 ]
    }, {
      "vertices" : [ 0, 6, 3, 5 ]
    }, {
      "vertices" : [ 0, 1, 7, 6 ]
    }, {
      "vertices" : [ 1, 4, 2, 7 ]
    } ]
  }, {
    "id" : "eab82f71-e8fb-4378-a115-e98c794f8769",
    "orbit" : "4",
    "orbitC" : "[[1,0,2],[0,0,1]]",
    "length" : "[1,0,1]",
    "name" : "short",
    "vertices" : [ {
      "x" : 4.3632493,
      "y" : 0.5448013,
      "z" : -6.372922
    }, {
      "x" : 4.463249,
      "y" : 0.14480127,
      "z" : -6.4729223
    }, {
      "x" : 0.5964254,
      "y" : -0.097587675,
      "z" : -0.4811798
    }, {
      "x" : 0.49642542,
      "y" : 0.30241233,
      "z" : -0.3811798
    }, {
      "x" : 4.7632494,
      "y" : 0.2781346,
      "z" : -6.2395887
    }, {
      "x" : 4.6632495,
      "y" : 0.6781346,
      "z" : -6.139589
    }, {
      "x" : 0.19642544,
      "y" : 0.16907899,
      "z" : -0.61451316
    }, {
      "x" : 0.29642543,
      "y" : -0.230921,
      "z" : -0.7145131
    } ],
    "faces" : [ {
      "vertices" : [ 2, 3, 6, 7 ]
    }, {
      "vertices" : [ 0, 5, 4, 1 ]
    }, {
      "vertices" : [ 2, 4, 5, 3 ]
    }, {
      "vertices" : [ 0, 6, 3, 5 ]
    }, {
      "vertices" : [ 0, 1, 7, 6 ]
    }, {
      "vertices" : [ 1, 4, 2, 7 ]
    } ]
  }, {
    "id" : "f2d4352a-3726-41b6-8d2e-05b8852671d3",
    "vertices" : [ {
      "x" : 0.0,
      "y" : 0.0,
      "z" : 0.0
    }, {
      "x" : -4.959675,
      "y" : -0.4472136,
      "z" : -6.854102
    }, {
      "x" : -12.984597,
      "y" : -1.1708204,
      "z" : -4.236068
    }, {
      "x" : -12.984597,
      "y" : -1.1708204,
      "z" : 4.236068
    }, {
      "x" : -4.959675,
      "y" : -0.4472136,
      "z" : 6.854102
    } ],
    "faces" : [ {
      "vertices" : [ 0, 1, 2, 3, 4 ]
    }, {
      "vertices" : [ 0, 4, 3, 2, 1 ]
    } ]
  }, {
    "id" : "395f041e-b558-4f8f-a0de-6bd846079aa1",
    "vertices" : [ {
      "x" : 0.0,
      "y" : 0.0,
      "z" : 0.0
    }, {
      "x" : -8.024922,
      "y" : -0.7236068,
      "z" : 2.618034
    }, {
      "x" : -8.024922,
      "y" : -0.7236068,
      "z" : 11.09017
    }, {
      "x" : 0.0,
      "y" : 0.0,
      "z" : 13.708204
    }, {
      "x" : 4.959675,
      "y" : 0.4472136,
      "z" : 6.854102
    } ],
    "faces" : [ {
      "vertices" : [ 0, 1, 2, 3, 4 ]
    }, {
      "vertices" : [ 0, 4, 3, 2, 1 ]
    } ]
  }, {
    "id" : "5f3d9d9d-e192-4112-b29f-c20956542ec8",
    "vertices" : [ {
      "x" : 0.0,
      "y" : 0.0,
      "z" : 0.0
    }, {
      "x" : 2.618034,
      "y" : -4.236068,
      "z" : 6.854102
    }, {
      "x" : 0.0,
      "y" : -8.472136,
      "z" : 0.0
    } ],
    "faces" : [ {
      "vertices" : [ 0, 1, 2 ]
    }, {
      "vertices" : [ 0, 2, 1 ]
    } ]
  }, {
    "id" : "dc37daee-4ccc-4b7c-8dbf-432a66d831af",
    "vertices" : [ {
      "x" : 0.0,
      "y" : 0.0,
      "z" : 0.0
    }, {
      "x" : 0.0,
      "y" : 0.0,
      "z" : -8.472136
    }, {
      "x" : 0.0,
      "y" : 8.472136,
      "z" : -8.472136
    }, {
      "x" : 0.0,
      "y" : 8.472136,
      "z" : 0.0
    } ],
    "faces" : [ {
      "vertices" : [ 0, 1, 2, 3 ]
    }, {
      "vertices" : [ 0, 3, 2, 1 ]
    } ]
  }, {
    "id" : "b4c92ca0-6704-46cb-affe-8d8f48d153f8",
    "vertices" : [ {
      "x" : 0.0,
      "y" : 0.0,
      "z" : 0.0
    }, {
      "x" : -2.618034,
      "y" : 4.236068,
      "z" : -6.854102
    }, {
      "x" : -6.854102,
      "y" : 11.09017,
      "z" : -4.236068
    }, {
      "x" : -6.854102,
      "y" : 11.09017,
      "z" : 4.236068
    }, {
      "x" : -2.618034,
      "y" : 4.236068,
      "z" : 6.854102
    } ],
    "faces" : [ {
      "vertices" : [ 0, 1, 2, 3, 4 ]
    }, {
      "vertices" : [ 0, 4, 3, 2, 1 ]
    } ]
  }, {
    "id" : "1f289785-a01e-49f8-8ff5-959b8ab34aeb",
    "vertices" : [ {
      "x" : 0.0,
      "y" : 0.0,
      "z" : 0.0
    }, {
      "x" : 0.0,
      "y" : 8.472136,
      "z" : 0.0
    }, {
      "x" : 2.618034,
      "y" : 4.236068,
      "z" : 6.854102
    } ],
    "faces" : [ {
      "vertices" : [ 0, 1, 2 ]
    }, {
      "vertices" : [ 0, 2, 1 ]
    } ]
  }, {
    "id" : "5e1cd671-d8d0-44a1-a648-dfa6f9f2640b",
    "vertices" : [ {
      "x" : 0.0,
      "y" : 0.0,
      "z" : 0.0
    }, {
      "x" : 4.959675,
      "y" : 0.4472136,
      "z" : 6.854102
    }, {
      "x" : 9.195743,
      "y" : -6.4068885,
      "z" : 4.236068
    }, {
      "x" : 4.236068,
      "y" : -6.854102,
      "z" : -2.618034
    } ],
    "faces" : [ {
      "vertices" : [ 0, 1, 2, 3 ]
    }, {
      "vertices" : [ 0, 3, 2, 1 ]
    } ]
  }, {
    "id" : "ad4771e7-8c4e-48e7-b207-9c50f9d1059d",
    "vertices" : [ {
      "x" : 0.0,
      "y" : 0.0,
      "z" : 0.0
    }, {
      "x" : 2.618034,
      "y" : -4.236068,
      "z" : -6.854102
    }, {
      "x" : 0.0,
      "y" : 0.0,
      "z" : -13.708204
    }, {
      "x" : -4.236068,
      "y" : 6.854102,
      "z" : -11.09017
    }, {
      "x" : -4.236068,
      "y" : 6.854102,
      "z" : -2.618034
    } ],
    "faces" : [ {
      "vertices" : [ 0, 1, 2, 3, 4 ]
    }, {
      "vertices" : [ 0, 4, 3, 2, 1 ]
    } ]
  }, {
    "id" : "9001f481-acff-4749-bb68-8d3c8450e2e9",
    "vertices" : [ {
      "x" : 0.0,
      "y" : 0.0,
      "z" : 0.0
    }, {
      "x" : 4.236068,
      "y" : -6.854102,
      "z" : 2.618034
    }, {
      "x" : 6.854102,
      "y" : -11.09017,
      "z" : -4.236068
    }, {
      "x" : 4.236068,
      "y" : -6.854102,
      "z" : -11.09017
    }, {
      "x" : 0.0,
      "y" : 0.0,
      "z" : -8.472136
    } ],
    "faces" : [ {
      "vertices" : [ 0, 1, 2, 3, 4 ]
    }, {
      "vertices" : [ 0, 4, 3, 2, 1 ]
    } ]
  }, {
    "id" : "13bff398-814d-41ea-a705-93f714657982",
    "vertices" : [ {
      "x" : 0.0,
      "y" : 0.0,
      "z" : 0.0
    }, {
      "x" : -5.4068885,
      "y" : -4.959675,
      "z" : -4.236068
    }, {
      "x" : -8.024922,
      "y" : -0.7236068,
      "z" : 2.618034
    } ],
    "faces" : [ {
      "vertices" : [ 0, 1, 2 ]
    }, {
      "vertices" : [ 0, 2, 1 ]
    } ]
  }, {
    "id" : "1347c624-5e92-4d89-9216-c6e959e739e2",
    "vertices" : [ {
      "x" : 0.0,
      "y" : 0.0,
      "z" : 0.0
    }, {
      "x" : -2.618034,
      "y" : 4.236068,
      "z" : 6.854102
    }, {
      "x" : 5.4068885,
      "y" : 4.959675,
      "z" : 4.236068
    } ],
    "faces" : [ {
      "vertices" : [ 0, 1, 2 ]
    }, {
      "vertices" : [ 0, 2, 1 ]
    } ]
  }, {
    "id" : "4c96f035-7e0c-47b1-bf9f-308d92961f19",
    "vertices" : [ {
      "x" : 0.0,
      "y" : 0.0,
      "z" : 0.0
    }, {
      "x" : 0.0,
      "y" : -8.472136,
      "z" : 0.0
    }, {
      "x" : 0.0,
      "y" : -8.472136,
      "z" : -8.472136
    }, {
      "x" : 0.0,
      "y" : 0.0,
      "z" : -8.472136
    } ],
    "faces" : [ {
      "vertices" : [ 0, 1, 2, 3 ]
    }, {
      "vertices" : [ 0, 3, 2, 1 ]
    } ]
  }, {
    "id" : "67f0259c-707c-4b04-abff-cac1159d166c",
    "vertices" : [ {
      "x" : 0.0,
      "y" : 0.0,
      "z" : 0.0
    }, {
      "x" : 0.0,
      "y" : 0.0,
      "z" : 8.472136
    }, {
      "x" : 4.236068,
      "y" : -6.854102,
      "z" : 11.09017
    }, {
      "x" : 6.854102,
      "y" : -11.09017,
      "z" : 4.236068
    }, {
      "x" : 4.236068,
      "y" : -6.854102,
      "z" : -2.618034
    } ],
    "faces" : [ {
      "vertices" : [ 0, 1, 2, 3, 4 ]
    }, {
      "vertices" : [ 0, 4, 3, 2, 1 ]
    } ]
  }, {
    "id" : "9f28dd47-ebb7-46c8-a821-0749456f1fcb",
    "vertices" : [ {
      "x" : 0.0,
      "y" : 0.0,
      "z" : 0.0
    }, {
      "x" : 0.0,
      "y" : 8.472136,
      "z" : 0.0
    }, {
      "x" : 0.0,
      "y" : 8.472136,
      "z" : 8.472136
    }, {
      "x" : 0.0,
      "y" : 0.0,
      "z" : 8.472136
    } ],
    "faces" : [ {
      "vertices" : [ 0, 1, 2, 3 ]
    }, {
      "vertices" : [ 0, 3, 2, 1 ]
    } ]
  }, {
    "id" : "78be9fd4-1a9d-4975-9fc4-91e99917609b",
    "vertices" : [ {
      "x" : 0.0,
      "y" : 0.0,
      "z" : 0.0
    }, {
      "x" : -4.236068,
      "y" : 6.854102,
      "z" : -2.618034
    }, {
      "x" : -6.854102,
      "y" : 11.09017,
      "z" : 4.236068
    }, {
      "x" : -4.236068,
      "y" : 6.854102,
      "z" : 11.09017
    }, {
      "x" : 0.0,
      "y" : 0.0,
      "z" : 8.472136
    } ],
    "faces" : [ {
      "vertices" : [ 0, 1, 2, 3, 4 ]
    }, {
      "vertices" : [ 0, 4, 3, 2, 1 ]
    } ]
  } ],
  "instances" : [ {
    "shape" : "0d6b427a-5d0a-4dd7-8000-bedc08143496",
    "color" : "#FF0000",
    "position" : {
      "x" : 3.0652475,
      "y" : -4.959675,
      "z" : 4.236068
    },
    "orientation" : 3
  }, {
    "shape" : "52852bd1-53c2-4776-8b18-a9723fee12ef",
    "color" : "#F2F2F2",
    "position" : {
      "x" : 2.3416407,
      "y" : 9.91935,
      "z" : 0.0
    }
  }, {
    "shape" : "52852bd1-53c2-4776-8b18-a9723fee12ef",
    "color" : "#F2F2F2",
    "position" : {
      "x" : -8.748529,
      "y" : 5.6832814,
      "z" : 6.854102
    }
  }, {
    "shape" : "ad25920f-43e8-4ffc-a669-40c064bc6cf2",
    "color" : "#800080",
    "position" : {
      "x" : 3.0652475,
      "y" : 17.220665,
      "z" : 4.236068
    },
    "orientation" : 4
  }, {
    "shape" : "f3d24527-becd-498c-bdf8-4d163d211fa9",
    "color" : "#008EC2",
    "position" : {
      "x" : -16.77345,
      "y" : 4.959675,
      "z" : -4.236068
    },
    "orientation" : 8
  }, {
    "shape" : "52852bd1-53c2-4776-8b18-a9723fee12ef",
    "color" : "#F2F2F2",
    "position" : {
      "x" : -7.301316,
      "y" : -1.8944272,
      "z" : -6.854102
    }
  }, {
    "shape" : "52852bd1-53c2-4776-8b18-a9723fee12ef",
    "color" : "#F2F2F2",
    "position" : {
      "x" : 9.195743,
      "y" : -1.1708204,
      "z" : 4.236068
    }
  }, {
    "shape" : "f3d24527-becd-498c-bdf8-4d163d211fa9",
    "color" : "#008EC2",
    "position" : {
      "x" : -7.301316,
      "y" : -1.8944272,
      "z" : 6.854102
    },
    "orientation" : 40
  }, {
    "shape" : "52852bd1-53c2-4776-8b18-a9723fee12ef",
    "color" : "#F2F2F2",
    "position" : {
      "x" : -14.155417,
      "y" : 0.7236068,
      "z" : 11.09017
    }
  }, {
    "shape" : "f3d24527-becd-498c-bdf8-4d163d211fa9",
    "color" : "#008EC2",
    "position" : {
      "x" : -5.6832814,
      "y" : -12.984597,
      "z" : -11.09017
    },
    "orientation" : 54
  }, {
    "shape" : "f3d24527-becd-498c-bdf8-4d163d211fa9",
    "color" : "#008EC2",
    "position" : {
      "x" : -9.91935,
      "y" : -6.130495,
      "z" : -13.708204
    },
    "orientation" : 10
  }, {
    "shape" : "f3d24527-becd-498c-bdf8-4d163d211fa9",
    "color" : "#008EC2",
    "position" : {
      "x" : 5.6832814,
      "y" : -0.7236068,
      "z" : -11.09017
    },
    "orientation" : 0
  }, {
    "shape" : "f3d24527-becd-498c-bdf8-4d163d211fa9",
    "color" : "#008EC2",
    "position" : {
      "x" : -16.77345,
      "y" : 4.959675,
      "z" : 4.236068
    },
    "orientation" : 26
  }, {
    "shape" : "f3d24527-becd-498c-bdf8-4d163d211fa9",
    "color" : "#008EC2",
    "position" : {
      "x" : -3.0652475,
      "y" : -8.748529,
      "z" : -4.236068
    },
    "orientation" : 16
  }, {
    "shape" : "ad25920f-43e8-4ffc-a669-40c064bc6cf2",
    "color" : "#FF69B4",
    "position" : {
      "x" : -9.91935,
      "y" : -6.130495,
      "z" : -13.708204
    },
    "orientation" : 39
  }, {
    "shape" : "102f7ff4-4f83-455e-9a21-442448b6ac24",
    "color" : "#0000FF",
    "position" : {
      "x" : 4.959675,
      "y" : 5.6832814,
      "z" : 6.854102
    },
    "orientation" : 6
  }, {
    "shape" : "f3d24527-becd-498c-bdf8-4d163d211fa9",
    "color" : "#008EC2",
    "position" : {
      "x" : 9.91935,
      "y" : -7.5777087,
      "z" : 0.0
    },
    "orientation" : 11
  }, {
    "shape" : "f3d24527-becd-498c-bdf8-4d163d211fa9",
    "color" : "#008EC2",
    "position" : {
      "x" : -3.0652475,
      "y" : -8.748529,
      "z" : 4.236068
    },
    "orientation" : 16
  }, {
    "shape" : "12e26c6e-38b8-4471-b6b7-3a5ed3351e62",
    "color" : "#B0E0E6",
    "position" : {
      "x" : -8.748529,
      "y" : 5.6832814,
      "z" : -6.854102
    },
    "orientation" : 39
  }, {
    "shape" : "f3d24527-becd-498c-bdf8-4d163d211fa9",
    "color" : "#008EC2",
    "position" : {
      "x" : 3.0652475,
      "y" : 17.220665,
      "z" : 4.236068
    },
    "orientation" : 47
  }, {
    "shape" : "f3d24527-becd-498c-bdf8-4d163d211fa9",
    "color" : "#008EC2",
    "position" : {
      "x" : -9.91935,
      "y" : -6.130495,
      "z" : -13.708204
    },
    "orientation" : 51
  }, {
    "shape" : "eab82f71-e8fb-4378-a115-e98c794f8769",
    "color" : "#B8860B",
    "position" : {
      "x" : 3.0652475,
      "y" : 17.220665,
      "z" : -4.236068
    },
    "orientation" : 36
  }, {
    "shape" : "f3d24527-becd-498c-bdf8-4d163d211fa9",
    "color" : "#008EC2",
    "position" : {
      "x" : -1.1708204,
      "y" : 1.8944272,
      "z" : -6.854102
    },
    "orientation" : 26
  }, {
    "shape" : "f3d24527-becd-498c-bdf8-4d163d211fa9",
    "color" : "#008EC2",
    "position" : {
      "x" : -14.155417,
      "y" : 0.7236068,
      "z" : -11.09017
    },
    "orientation" : 8
  }, {
    "shape" : "52852bd1-53c2-4776-8b18-a9723fee12ef",
    "color" : "#F2F2F2",
    "position" : {
      "x" : -9.91935,
      "y" : -6.130495,
      "z" : 13.708204
    }
  }, {
    "shape" : "102f7ff4-4f83-455e-9a21-442448b6ac24",
    "color" : "#0000FF",
    "position" : {
      "x" : 9.195743,
      "y" : -1.1708204,
      "z" : 4.236068
    },
    "orientation" : 9
  }, {
    "shape" : "f3d24527-becd-498c-bdf8-4d163d211fa9",
    "color" : "#008EC2",
    "position" : {
      "x" : 14.155417,
      "y" : -0.7236068,
      "z" : 11.09017
    },
    "orientation" : 45
  }, {
    "shape" : "f3d24527-becd-498c-bdf8-4d163d211fa9",
    "color" : "#008EC2",
    "position" : {
      "x" : -1.1708204,
      "y" : 1.8944272,
      "z" : 6.854102
    },
    "orientation" : 8
  }, {
    "shape" : "f3d24527-becd-498c-bdf8-4d163d211fa9",
    "color" : "#008EC2",
    "position" : {
      "x" : 9.195743,
      "y" : -1.1708204,
      "z" : -4.236068
    },
    "orientation" : 2
  }, {
    "shape" : "52852bd1-53c2-4776-8b18-a9723fee12ef",
    "color" : "#F2F2F2",
    "position" : {
      "x" : -5.6832814,
      "y" : -12.984597,
      "z" : -11.09017
    }
  }, {
    "shape" : "f2d4352a-3726-41b6-8d2e-05b8852671d3",
    "color" : "#FF0000",
    "position" : {
      "x" : -1.1708204,
      "y" : 1.8944272,
      "z" : -6.854102
    },
    "orientation" : 12
  }, {
    "shape" : "f3d24527-becd-498c-bdf8-4d163d211fa9",
    "color" : "#008EC2",
    "position" : {
      "x" : -9.91935,
      "y" : 2.3416407,
      "z" : 0.0
    },
    "orientation" : 37
  }, {
    "shape" : "395f041e-b558-4f8f-a0de-6bd846079aa1",
    "color" : "#FF0000",
    "position" : {
      "x" : 2.3416407,
      "y" : -12.26099,
      "z" : 0.0
    },
    "orientation" : 9
  }, {
    "shape" : "12e26c6e-38b8-4471-b6b7-3a5ed3351e62",
    "color" : "#B0E0E6",
    "position" : {
      "x" : -5.6832814,
      "y" : -12.984597,
      "z" : 11.09017
    },
    "orientation" : 3
  }, {
    "shape" : "52852bd1-53c2-4776-8b18-a9723fee12ef",
    "color" : "#F2F2F2",
    "position" : {
      "x" : 3.0652475,
      "y" : -4.959675,
      "z" : 4.236068
    }
  }, {
    "shape" : "12e26c6e-38b8-4471-b6b7-3a5ed3351e62",
    "color" : "#B0E0E6",
    "position" : {
      "x" : -16.77345,
      "y" : 4.959675,
      "z" : 4.236068
    },
    "orientation" : 9
  }, {
    "shape" : "ad25920f-43e8-4ffc-a669-40c064bc6cf2",
    "color" : "#800080",
    "position" : {
      "x" : 9.91935,
      "y" : 6.130495,
      "z" : 13.708204
    },
    "orientation" : 2
  }, {
    "shape" : "52852bd1-53c2-4776-8b18-a9723fee12ef",
    "color" : "#F2F2F2",
    "position" : {
      "x" : -3.0652475,
      "y" : -17.220665,
      "z" : 4.236068
    }
  }, {
    "shape" : "52852bd1-53c2-4776-8b18-a9723fee12ef",
    "color" : "#F2F2F2",
    "position" : {
      "x" : 2.3416407,
      "y" : -12.26099,
      "z" : 0.0
    }
  }, {
    "shape" : "5f3d9d9d-e192-4112-b29f-c20956542ec8",
    "color" : "#FF69B4",
    "position" : {
      "x" : -7.301316,
      "y" : -1.8944272,
      "z" : 6.854102
    },
    "orientation" : 19
  }, {
    "shape" : "f3d24527-becd-498c-bdf8-4d163d211fa9",
    "color" : "#008EC2",
    "position" : {
      "x" : -3.7888544,
      "y" : 6.130495,
      "z" : 0.0
    },
    "orientation" : 37
  }, {
    "shape" : "f3d24527-becd-498c-bdf8-4d163d211fa9",
    "color" : "#008EC2",
    "position" : {
      "x" : 3.0652475,
      "y" : -4.959675,
      "z" : -4.236068
    },
    "orientation" : 8
  }, {
    "shape" : "eab82f71-e8fb-4378-a115-e98c794f8769",
    "color" : "#B8860B",
    "position" : {
      "x" : 14.155417,
      "y" : -0.7236068,
      "z" : 11.09017
    },
    "orientation" : 30
  }, {
    "shape" : "52852bd1-53c2-4776-8b18-a9723fee12ef",
    "color" : "#F2F2F2",
    "position" : {
      "x" : -5.6832814,
      "y" : -12.984597,
      "z" : 11.09017
    }
  }, {
    "shape" : "52852bd1-53c2-4776-8b18-a9723fee12ef",
    "color" : "#F2F2F2",
    "position" : {
      "x" : 3.0652475,
      "y" : 17.220665,
      "z" : 4.236068
    }
  }, {
    "shape" : "dc37daee-4ccc-4b7c-8dbf-432a66d831af",
    "color" : "#FF69B4",
    "position" : {
      "x" : -7.301316,
      "y" : -1.8944272,
      "z" : -6.854102
    },
    "orientation" : 39
  }, {
    "shape" : "b4c92ca0-6704-46cb-affe-8d8f48d153f8",
    "color" : "#800080",
    "position" : {
      "x" : 9.91935,
      "y" : 6.130495,
      "z" : -13.708204
    },
    "orientation" : 47
  }, {
    "shape" : "f3d24527-becd-498c-bdf8-4d163d211fa9",
    "color" : "#008EC2",
    "position" : {
      "x" : 14.155417,
      "y" : -0.7236068,
      "z" : 11.09017
    },
    "orientation" : 25
  }, {
    "shape" : "1f289785-a01e-49f8-8ff5-959b8ab34aeb",
    "color" : "#FF69B4",
    "position" : {
      "x" : -5.6832814,
      "y" : -12.984597,
      "z" : -11.09017
    },
    "orientation" : 38
  }, {
    "shape" : "f3d24527-becd-498c-bdf8-4d163d211fa9",
    "color" : "#008EC2",
    "position" : {
      "x" : -1.1708204,
      "y" : 10.366563,
      "z" : -6.854102
    },
    "orientation" : 40
  }, {
    "shape" : "f3d24527-becd-498c-bdf8-4d163d211fa9",
    "color" : "#008EC2",
    "position" : {
      "x" : 3.0652475,
      "y" : -4.959675,
      "z" : 4.236068
    },
    "orientation" : 51
  }, {
    "shape" : "f3d24527-becd-498c-bdf8-4d163d211fa9",
    "color" : "#008EC2",
    "position" : {
      "x" : -1.1708204,
      "y" : 1.8944272,
      "z" : -6.854102
    },
    "orientation" : 7
  }, {
    "shape" : "f3d24527-becd-498c-bdf8-4d163d211fa9",
    "color" : "#008EC2",
    "position" : {
      "x" : -1.1708204,
      "y" : 10.366563,
      "z" : 6.854102
    },
    "orientation" : 11
  }, {
    "shape" : "f3d24527-becd-498c-bdf8-4d163d211fa9",
    "color" : "#008EC2",
    "position" : {
      "x" : 5.6832814,
      "y" : 12.984597,
      "z" : 11.09017
    },
    "orientation" : 55
  }, {
    "shape" : "0d6b427a-5d0a-4dd7-8000-bedc08143496",
    "color" : "#FF0000",
    "position" : {
      "x" : -1.1708204,
      "y" : 1.8944272,
      "z" : -6.854102
    },
    "orientation" : 9
  }, {
    "shape" : "5f3d9d9d-e192-4112-b29f-c20956542ec8",
    "color" : "#800080",
    "position" : {
      "x" : -1.1708204,
      "y" : 1.8944272,
      "z" : 6.854102
    },
    "orientation" : 39
  }, {
    "shape" : "eab82f71-e8fb-4378-a115-e98c794f8769",
    "color" : "#B8860B",
    "position" : {
      "x" : -1.8944272,
      "y" : -5.4068885,
      "z" : 11.09017
    },
    "orientation" : 0
  }, {
    "shape" : "eab82f71-e8fb-4378-a115-e98c794f8769",
    "color" : "#B8860B",
    "position" : {
      "x" : 5.6832814,
      "y" : 12.984597,
      "z" : 11.09017
    },
    "orientation" : 33
  }, {
    "shape" : "52852bd1-53c2-4776-8b18-a9723fee12ef",
    "color" : "#F2F2F2",
    "position" : {
      "x" : -14.155417,
      "y" : 0.7236068,
      "z" : -11.09017
    }
  }, {
    "shape" : "12e26c6e-38b8-4471-b6b7-3a5ed3351e62",
    "color" : "#B0E0E6",
    "position" : {
      "x" : -9.91935,
      "y" : -6.130495,
      "z" : -13.708204
    },
    "orientation" : 9
  }, {
    "shape" : "eab82f71-e8fb-4378-a115-e98c794f8769",
    "color" : "#B8860B",
    "position" : {
      "x" : 14.155417,
      "y" : -0.7236068,
      "z" : -11.09017
    },
    "orientation" : 39
  }, {
    "shape" : "eab82f71-e8fb-4378-a115-e98c794f8769",
    "color" : "#B8860B",
    "position" : {
      "x" : -1.8944272,
      "y" : -5.4068885,
      "z" : -11.09017
    },
    "orientation" : 9
  }, {
    "shape" : "f3d24527-becd-498c-bdf8-4d163d211fa9",
    "color" : "#008EC2",
    "position" : {
      "x" : 16.77345,
      "y" : -4.959675,
      "z" : -4.236068
    },
    "orientation" : 2
  }, {
    "shape" : "f3d24527-becd-498c-bdf8-4d163d211fa9",
    "color" : "#008EC2",
    "position" : {
      "x" : 3.0652475,
      "y" : 17.220665,
      "z" : -4.236068
    },
    "orientation" : 25
  }, {
    "shape" : "f3d24527-becd-498c-bdf8-4d163d211fa9",
    "color" : "#008EC2",
    "position" : {
      "x" : 3.0652475,
      "y" : -4.959675,
      "z" : 4.236068
    },
    "orientation" : 26
  }, {
    "shape" : "f3d24527-becd-498c-bdf8-4d163d211fa9",
    "color" : "#008EC2",
    "position" : {
      "x" : 14.155417,
      "y" : -0.7236068,
      "z" : -11.09017
    },
    "orientation" : 54
  }, {
    "shape" : "52852bd1-53c2-4776-8b18-a9723fee12ef",
    "color" : "#F2F2F2",
    "position" : {
      "x" : 5.6832814,
      "y" : 12.984597,
      "z" : -11.09017
    }
  }, {
    "shape" : "52852bd1-53c2-4776-8b18-a9723fee12ef",
    "color" : "#F2F2F2",
    "position" : {
      "x" : -1.8944272,
      "y" : -5.4068885,
      "z" : -11.09017
    }
  }, {
    "shape" : "f3d24527-becd-498c-bdf8-4d163d211fa9",
    "color" : "#008EC2",
    "position" : {
      "x" : -16.77345,
      "y" : 4.959675,
      "z" : 4.236068
    },
    "orientation" : 37
  }, {
    "shape" : "f3d24527-becd-498c-bdf8-4d163d211fa9",
    "color" : "#008EC2",
    "position" : {
      "x" : -1.1708204,
      "y" : 10.366563,
      "z" : 6.854102
    },
    "orientation" : 6
  }, {
    "shape" : "1f289785-a01e-49f8-8ff5-959b8ab34aeb",
    "color" : "#800080",
    "position" : {
      "x" : 5.6832814,
      "y" : 12.984597,
      "z" : -11.09017
    },
    "orientation" : 54
  }, {
    "shape" : "5e1cd671-d8d0-44a1-a648-dfa6f9f2640b",
    "color" : "#0000FF",
    "position" : {
      "x" : 2.3416407,
      "y" : 9.91935,
      "z" : 0.0
    },
    "orientation" : 12
  }, {
    "shape" : "52852bd1-53c2-4776-8b18-a9723fee12ef",
    "color" : "#F2F2F2",
    "position" : {
      "x" : -9.91935,
      "y" : 2.3416407,
      "z" : 0.0
    }
  }, {
    "shape" : "f3d24527-becd-498c-bdf8-4d163d211fa9",
    "color" : "#008EC2",
    "position" : {
      "x" : 9.195743,
      "y" : -1.1708204,
      "z" : 4.236068
    },
    "orientation" : 51
  }, {
    "shape" : "52852bd1-53c2-4776-8b18-a9723fee12ef",
    "color" : "#F2F2F2",
    "position" : {
      "x" : -3.0652475,
      "y" : -8.748529,
      "z" : -4.236068
    }
  }, {
    "shape" : "1f289785-a01e-49f8-8ff5-959b8ab34aeb",
    "color" : "#800080",
    "position" : {
      "x" : -3.7888544,
      "y" : 6.130495,
      "z" : 0.0
    },
    "orientation" : 38
  }, {
    "shape" : "ad4771e7-8c4e-48e7-b207-9c50f9d1059d",
    "color" : "#800080",
    "position" : {
      "x" : 16.77345,
      "y" : -4.959675,
      "z" : -4.236068
    },
    "orientation" : 16
  }, {
    "shape" : "f3d24527-becd-498c-bdf8-4d163d211fa9",
    "color" : "#008EC2",
    "position" : {
      "x" : -9.91935,
      "y" : -6.130495,
      "z" : 13.708204
    },
    "orientation" : 24
  }, {
    "shape" : "12e26c6e-38b8-4471-b6b7-3a5ed3351e62",
    "color" : "#B0E0E6",
    "position" : {
      "x" : -3.0652475,
      "y" : -17.220665,
      "z" : 4.236068
    },
    "orientation" : 0
  }, {
    "shape" : "f3d24527-becd-498c-bdf8-4d163d211fa9",
    "color" : "#008EC2",
    "position" : {
      "x" : 2.3416407,
      "y" : 9.91935,
      "z" : 0.0
    },
    "orientation" : 25
  }, {
    "shape" : "f3d24527-becd-498c-bdf8-4d163d211fa9",
    "color" : "#008EC2",
    "position" : {
      "x" : -7.301316,
      "y" : -1.8944272,
      "z" : -6.854102
    },
    "orientation" : 7
  }, {
    "shape" : "5f3d9d9d-e192-4112-b29f-c20956542ec8",
    "color" : "#800080",
    "position" : {
      "x" : 14.155417,
      "y" : -0.7236068,
      "z" : -11.09017
    },
    "orientation" : 22
  }, {
    "shape" : "f3d24527-becd-498c-bdf8-4d163d211fa9",
    "color" : "#008EC2",
    "position" : {
      "x" : -5.6832814,
      "y" : -12.984597,
      "z" : 11.09017
    },
    "orientation" : 25
  }, {
    "shape" : "52852bd1-53c2-4776-8b18-a9723fee12ef",
    "color" : "#F2F2F2",
    "position" : {
      "x" : -16.77345,
      "y" : 4.959675,
      "z" : -4.236068
    }
  }, {
