{
  "field" : "golden",
  "symmetry" : "icosahedral",
  "orientations" : [ [ 1.0, 0.0, 0.0, 0.0, 0.0, 1.0, 0.0, 0.0, 0.0, 0.0, 1.0, 0.0, 0.0, 0.0, 0.0, 1.0 ], [ 0.0, 0.0, 1.0, 0.0, 1.0, 0.0, 0.0, 0.0, 0.0, 1.0, 0.0, 0.0, 0.0, 0.0, 0.0, 1.0 ], [ 0.0, 1.0, 0.0, 0.0, 0.0, 0.0, 1.0, 0.0, 1.0, 0.0, 0.0, 0.0, 0.0, 0.0, 0.0, 1.0 ], [ 0.809017, 0.309017, 0.5, 0.0, 0.309017, 0.5, -0.809017, 0.0, -0.5, 0.809017, 0.309017, 0.0, 0.0, 0.0, 0.0, 1.0 ], [ -0.5, 0.809017, 0.309017, 0.0, 0.809017, 0.309017, 0.5, 0.0, 0.309017, 0.5, -0.809017, 0.0, 0.0, 0.0, 0.0, 1.0 ], [ 0.309017, 0.5, -0.809017, 0.0, -0.5, 0.809017, 0.309017, 0.0, 0.809017, 0.309017, 0.5, 0.0, 0.0, 0.0, 0.0, 1.0 ], [ 0.5, 0.809017, 0.309017, 0.0, 0.809017, -0.309017, -0.5, 0.0, -0.309017, 0.5, -0.809017, 0.0, 0.0, 0.0, 0.0, 1.0 ], [ -0.309017, 0.5, -0.809017, 0.0, 0.5, 0.809017, 0.309017, 0.0, 0.809017, -0.309017, -0.5, 0.0, 0.0, 0.0, 0.0, 1.0 ], [ 0.809017, -0.309017, -0.5, 0.0, -0.309017, 0.5, -0.809017, 0.0, 0.5, 0.809017, 0.309017, 0.0, 0.0, 0.0, 0.0, 1.0 ], [ 0.5, 0.809017, -0.309017, 0.0, 0.809017, -0.309017, 0.5, 0.0, 0.309017, -0.5, -0.809017, 0.0, 0.0, 0.0, 0.0, 1.0 ], [ 0.309017, -0.5, -0.809017, 0.0, 0.5, 0.809017, -0.309017, 0.0, 0.809017, -0.309017, 0.5, 0.0, 0.0, 0.0, 0.0, 1.0 ], [ 0.809017, -0.309017, 0.5, 0.0, 0.309017, -0.5, -0.809017, 0.0, 0.5, 0.809017, -0.309017, 0.0, 0.0, 0.0, 0.0, 1.0 ], [ 0.809017, 0.309017, -0.5, 0.0, 0.309017, 0.5, 0.809017, 0.0, 0.5, -0.809017, 0.309017, 0.0, 0.0, 0.0, 0.0, 1.0 ], [ 0.5, -0.809017, 0.309017, 0.0, 0.809017, 0.309017, -0.5, 0.0, 0.309017, 0.5, 0.809017, 0.0, 0.0, 0.0, 0.0, 1.0 ], [ 0.309017, 0.5, 0.809017, 0.0, 0.5, -0.809017, 0.309017, 0.0, 0.809017, 0.309017, -0.5, 0.0, 0.0, 0.0, 0.0, 1.0 ], [ 1.0, 0.0, 0.0, 0.0, 0.0, -1.0, 0.0, 0.0, 0.0, 0.0, -1.0, 0.0, 0.0, 0.0, 0.0, 1.0 ], [ 0.0, 0.0, 1.0, 0.0, -1.0, 0.0, 0.0, 0.0, 0.0, -1.0, 0.0, 0.0, 0.0, 0.0, 0.0, 1.0 ], [ 0.0, 1.0, 0.0, 0.0, 0.0, 0.0, -1.0, 0.0, -1.0, 0.0, 0.0, 0.0, 0.0, 0.0, 0.0, 1.0 ], [ 0.809017, 0.309017, 0.5, 0.0, -0.309017, -0.5, 0.809017, 0.0, 0.5, -0.809017, -0.309017, 0.0, 0.0, 0.0, 0.0, 1.0 ], [ -0.5, 0.809017, 0.309017, 0.0, -0.809017, -0.309017, -0.5, 0.0, -0.309017, -0.5, 0.809017, 0.0, 0.0, 0.0, 0.0, 1.0 ], [ 0.309017, 0.5, -0.809017, 0.0, 0.5, -0.809017, -0.309017, 0.0, -0.809017, -0.309017, -0.5, 0.0, 0.0, 0.0, 0.0, 1.0 ], [ 0.5, 0.809017, 0.309017, 0.0, -0.809017, 0.309017, 0.5, 0.0, 0.309017, -0.5, 0.809017, 0.0, 0.0, 0.0, 0.0, 1.0 ], [ -0.309017, 0.5, -0.809017, 0.0, -0.5, -0.809017, -0.309017, 0.0, -0.809017, 0.309017, 0.5, 0.0, 0.0, 0.0, 0.0, 1.0 ], [ 0.809017, -0.309017, -0.5, 0.0, 0.309017, -0.5, 0.809017, 0.0, -0.5, -0.809017, -0.309017, 0.0, 0.0, 0.0, 0.0, 1.0 ], [ 0.5, 0.809017, -0.309017, 0.0, -0.809017, 0.309017, -0.5, 0.0, -0.309017, 0.5, 0.809017, 0.0, 0.0, 0.0, 0.0, 1.0 ], [ 0.309017, -0.5, -0.809017, 0.0, -0.5, -0.809017, 0.309017, 0.0, -0.809017, 0.309017, -0.5, 0.0, 0.0, 0.0, 0.0, 1.0 ], [ 0.809017, -0.309017, 0.5, 0.0, -0.309017, 0.5, 0.809017, 0.0, -0.5, -0.809017, 0.309017, 0.0, 0.0, 0.0, 0.0, 1.0 ], [ 0.809017, 0.309017, -0.5, 0.0, -0.309017, -0.5, -0.809017, 0.0, -0.5, 0.809017, -0.309017, 0.0, 0.0, 0.0, 0.0, 1.0 ], [ 0.5, -0.809017, 0.309017, 0.0, -0.809017, -0.309017, 0.5, 0.0, -0.309017, -0.5, -0.809017, 0.0, 0.0, 0.0, 0.0, 1.0 ], [ 0.309017, 0.5, 0.809017, 0.0, -0.5, 0.809017, -0.309017, 0.0, -0.809017, -0.309017, 0.5, 0.0, 0.0, 0.0, 0.0, 1.0 ], [ -1.0, 0.0, 0.0, 0.0, 0.0, -1.0, 0.0, 0.0, 0.0, 0.0, 1.0, 0.0, 0.0, 0.0, 0.0, 1.0 ], [ 0.0, 0.0, -1.0, 0.0, -1.0, 0.0, 0.0, 0.0, 0.0, 1.0, 0.0, 0.0, 0.0, 0.0, 0.0, 1.0 ], [ 0.0, -1.0, 0.0, 0.0, 0.0, 0.0, -1.0, 0.0, 1.0, 0.0, 0.0, 0.0, 0.0, 0.0, 0.0, 1.0 ], [ -0.809017, -0.309017, -0.5, 0.0, -0.309017, -0.5, 0.809017, 0.0, -0.5, 0.809017, 0.309017, 0.0, 0.0, 0.0, 0.0, 1.0 ], [ 0.5, -0.809017, -0.309017, 0.0, -0.809017, -0.309017, -0.5, 0.0, 0.309017, 0.5, -0.809017, 0.0, 0.0, 0.0, 0.0, 1.0 ], [ -0.309017, -0.5, 0.809017, 0.0, 0.5, -0.809017, -0.309017, 0.0, 0.809017, 0.309017, 0.5, 0.0, 0.0, 0.0, 0.0, 1.0 ], [ -0.5, -0.809017, -0.309017, 0.0, -0.809017, 0.309017, 0.5, 0.0, -0.309017, 0.5, -0.809017, 0.0, 0.0, 0.0, 0.0, 1.0 ], [ 0.309017, -0.5, 0.809017, 0.0, -0.5, -0.809017, -0.309017, 0.0, 0.809017, -0.309017, -0.5, 0.0, 0.0, 0.0, 0.0, 1.0 ], [ -0.809017, 0.309017, 0.5, 0.0, 0.309017, -0.5, 0.809017, 0.0, 0.5, 0.809017, 0.309017, 0.0, 0.0, 0.0, 0.0, 1.0 ], [ -0.5, -0.809017, 0.309017, 0.0, -0.809017, 0.309017, -0.5, 0.0, 0.309017, -0.5, -0.809017, 0.0, 0.0, 0.0, 0.0, 1.0 ], [ -0.309017, 0.5, 0.809017, 0.0, -0.5, -0.809017, 0.309017, 0.0, 0.809017, -0.309017, 0.5, 0.0, 0.0, 0.0, 0.0, 1.0 ], [ -0.809017, 0.309017, -0.5, 0.0, -0.309017, 0.5, 0.809017, 0.0, 0.5, 0.809017, -0.309017, 0.0, 0.0, 0.0, 0.0, 1.0 ], [ -0.809017, -0.309017, 0.5, 0.0, -0.309017, -0.5, -0.809017, 0.0, 0.5, -0.809017, 0.309017, 0.0, 0.0, 0.0, 0.0, 1.0 ], [ -0.5, 0.809017, -0.309017, 0.0, -0.809017, -0.309017, 0.5, 0.0, 0.309017, 0.5, 0.809017, 0.0, 0.0, 0.0, 0.0, 1.0 ], [ -0.309017, -0.5, -0.809017, 0.0, -0.5, 0.809017, -0.309017, 0.0, 0.809017, 0.309017, -0.5, 0.0, 0.0, 0.0, 0.0, 1.0 ], [ -1.0, 0.0, 0.0, 0.0, 0.0, 1.0, 0.0, 0.0, 0.0, 0.0, -1.0, 0.0, 0.0, 0.0, 0.0, 1.0 ], [ 0.0, 0.0, -1.0, 0.0, 1.0, 0.0, 0.0, 0.0, 0.0, -1.0, 0.0, 0.0, 0.0, 0.0, 0.0, 1.0 ], [ 0.0, -1.0, 0.0, 0.0, 0.0, 0.0, 1.0, 0.0, -1.0, 0.0, 0.0, 0.0, 0.0, 0.0, 0.0, 1.0 ], [ -0.809017, -0.309017, -0.5, 0.0, 0.309017, 0.5, -0.809017, 0.0, 0.5, -0.809017, -0.309017, 0.0, 0.0, 0.0, 0.0, 1.0 ], [ 0.5, -0.809017, -0.309017, 0.0, 0.809017, 0.309017, 0.5, 0.0, -0.309017, -0.5, 0.809017, 0.0, 0.0, 0.0, 0.0, 1.0 ], [ -0.309017, -0.5, 0.809017, 0.0, -0.5, 0.809017, 0.309017, 0.0, -0.809017, -0.309017, -0.5, 0.0, 0.0, 0.0, 0.0, 1.0 ], [ -0.5, -0.809017, -0.309017, 0.0, 0.809017, -0.309017, -0.5, 0.0, 0.309017, -0.5, 0.809017, 0.0, 0.0, 0.0, 0.0, 1.0 ], [ 0.309017, -0.5, 0.809017, 0.0, 0.5, 0.809017, 0.309017, 0.0, -0.809017, 0.309017, 0.5, 0.0, 0.0, 0.0, 0.0, 1.0 ], [ -0.809017, 0.309017, 0.5, 0.0, -0.309017, 0.5, -0.809017, 0.0, -0.5, -0.809017, -0.309017, 0.0, 0.0, 0.0, 0.0, 1.0 ], [ -0.5, -0.809017, 0.309017, 0.0, 0.809017, -0.309017, 0.5, 0.0, -0.309017, 0.5, 0.809017, 0.0, 0.0, 0.0, 0.0, 1.0 ], [ -0.309017, 0.5, 0.809017, 0.0, 0.5, 0.809017, -0.309017, 0.0, -0.809017, 0.309017, -0.5, 0.0, 0.0, 0.0, 0.0, 1.0 ], [ -0.809017, 0.309017, -0.5, 0.0, 0.309017, -0.5, -0.809017, 0.0, -0.5, -0.809017, 0.309017, 0.0, 0.0, 0.0, 0.0, 1.0 ], [ -0.809017, -0.309017, 0.5, 0.0, 0.309017, 0.5, 0.809017, 0.0, -0.5, 0.809017, -0.309017, 0.0, 0.0, 0.0, 0.0, 1.0 ], [ -0.5, 0.809017, -0.309017, 0.0, 0.809017, 0.309017, -0.5, 0.0, -0.309017, -0.5, -0.809017, 0.0, 0.0, 0.0, 0.0, 1.0 ], [ -0.309017, -0.5, -0.809017, 0.0, 0.5, -0.809017, 0.309017, 0.0, -0.809017, -0.309017, 0.5, 0.0, 0.0, 0.0, 0.0, 1.0 ] ],
  "lights" : {
    "directionalLights" : [ {
      "direction" : {
        "x" : 1.0,
        "y" : -1.0,
        "z" : -1.0
      },
      "color" : "#EBEBE4"
    }, {
      "direction" : {
        "x" : -1.0,
        "y" : 0.0,
        "z" : 0.0
      },
      "color" : "#E4E4EB"
    }, {
      "direction" : {
        "x" : 0.0,
        "y" : 0.0,
        "z" : -1.0
      },
      "color" : "#1E1E1E"
    } ],
    "backgroundColor" : "#AFC8DC",
    "ambientColor" : "#292929"
  },
  "camera" : {
    "position" : {
      "x" : 63.303898,
      "y" : 229.03564,
      "z" : 165.73175
    },
    "width" : 130.36935,
    "viewDistance" : 289.70972,
    "farClipDistance" : 579.4192,
    "lookAtPoint" : {
      "x" : 0.0,
      "y" : 0.0,
      "z" : 0.0
    },
    "fieldOfView" : 0.44262883,
    "perspective" : true,
    "nearClipDistance" : 0.7242742,
    "upDirection" : {
      "x" : 0.97103685,
      "y" : -0.2342163,
      "z" : -0.047224116
    },
    "lookDirection" : {
      "x" : -0.21850802,
      "y" : -0.7905694,
      "z" : -0.5720614
    },
    "stereo" : false
  },
  "embedding" : [ 1.0, 0.0, 0.0, 0.0, 0.0, 1.0, 0.0, 0.0, 0.0, 0.0, 1.0, 0.0, 0.0, 0.0, 0.0, 1.0 ],
  "shapes" : [ {
    "id" : "8a5cfa57-7ac8-4621-aa6c-b3ed8a055bc5",
    "vertices" : [ {
      "x" : 5.236068,
      "y" : -26.18034,
      "z" : 5.236068
    }, {
      "x" : 10.472136,
      "y" : -31.416409,
      "z" : 10.472136
    }, {
      "x" : -10.472136,
      "y" : -31.416409,
      "z" : 10.472136
    }, {
      "x" : -5.236068,
      "y" : -26.18034,
      "z" : 5.236068
    } ],
    "faces" : [ {
      "vertices" : [ 0, 1, 2 ]
    }, {
      "vertices" : [ 0, 2, 3 ]
    }, {
      "vertices" : [ 0, 3, 2 ]
    }, {
      "vertices" : [ 0, 2, 1 ]
    } ]
  }, {
    "id" : "4de4b8ca-a6c0-43f0-9169-e97c83a8c09a",
    "vertices" : [ {
      "x" : -5.236068,
      "y" : -26.18034,
      "z" : -5.236068
    }, {
      "x" : -5.236068,
      "y" : -26.18034,
      "z" : 5.236068
    }, {
      "x" : -10.472136,
      "y" : -31.416409,
      "z" : 10.472136
    }, {
      "x" : -10.472136,
      "y" : -31.416409,
      "z" : -10.472136
    } ],
    "faces" : [ {
      "vertices" : [ 0, 1, 2 ]
    }, {
      "vertices" : [ 0, 2, 3 ]
    }, {
      "vertices" : [ 0, 3, 2 ]
    }, {
      "vertices" : [ 0, 2, 1 ]
    } ]
  }, {
    "id" : "ea5a8132-8ec1-4c38-8cb0-aae89cdc8bc4",
    "vertices" : [ {
      "x" : 10.472136,
      "y" : -10.472136,
      "z" : 10.472136
    }, {
      "x" : -10.472136,
      "y" : -10.472136,
      "z" : 10.472136
    }, {
      "x" : -10.472136,
      "y" : -10.472136,
      "z" : -10.472136
    }, {
      "x" : 10.472136,
      "y" : -10.472136,
      "z" : -10.472136
    } ],
    "faces" : [ {
      "vertices" : [ 0, 1, 2 ]
    }, {
      "vertices" : [ 0, 2, 3 ]
    }, {
      "vertices" : [ 0, 3, 2 ]
    }, {
      "vertices" : [ 0, 2, 1 ]
    } ]
  }, {
    "id" : "f8c033aa-3638-4d02-a393-981c728aa103",
    "vertices" : [ {
      "x" : -5.236068,
      "y" : 5.236068,
      "z" : 5.236068
    }, {
      "x" : -5.236068,
      "y" : -5.236068,
      "z" : 5.236068
    }, {
      "x" : 5.236068,
      "y" : -5.236068,
      "z" : 5.236068
    }, {
      "x" : 5.236068,
      "y" : 5.236068,
      "z" : 5.236068
    } ],
    "faces" : [ {
      "vertices" : [ 0, 1, 2 ]
    }, {
      "vertices" : [ 0, 2, 3 ]
    }, {
      "vertices" : [ 0, 3, 2 ]
    }, {
      "vertices" : [ 0, 2, 1 ]
    } ]
  }, {
    "id" : "2b1e0129-743f-4e2d-b3da-cb8d31037b0a",
    "vertices" : [ {
      "x" : 10.472136,
      "y" : -10.472136,
      "z" : 31.416409
    }, {
      "x" : 5.236068,
      "y" : -5.236068,
      "z" : 26.18034
    }, {
      "x" : 5.236068,
      "y" : 5.236068,
      "z" : 26.18034
    }, {
      "x" : 10.472136,
      "y" : 10.472136,
      "z" : 31.416409
    } ],
    "faces" : [ {
      "vertices" : [ 0, 1, 2 ]
    }, {
      "vertices" : [ 0, 2, 3 ]
    }, {
      "vertices" : [ 0, 3, 2 ]
    }, {
      "vertices" : [ 0, 2, 1 ]
    } ]
  }, {
    "id" : "a954c59c-57ea-4085-89a0-e8d4a3e4383d",
    "vertices" : [ {
      "x" : 5.236068,
      "y" : 5.236068,
      "z" : 5.236068
    }, {
      "x" : 5.236068,
      "y" : -5.236068,
      "z" : 5.236068
    }, {
      "x" : 5.236068,
      "y" : -5.236068,
      "z" : -5.236068
    }, {
      "x" : 5.236068,
      "y" : 5.236068,
      "z" : -5.236068
    } ],
    "faces" : [ {
      "vertices" : [ 0, 1, 2 ]
    }, {
      "vertices" : [ 0, 2, 3 ]
    }, {
      "vertices" : [ 0, 3, 2 ]
    }, {
      "vertices" : [ 0, 2, 1 ]
    } ]
  }, {
    "id" : "82351c14-c2df-4653-828c-52d72170e76a",
    "vertices" : [ {
      "x" : 26.18034,
      "y" : 5.236068,
      "z" : 5.236068
    }, {
      "x" : 26.18034,
      "y" : 5.236068,
      "z" : -5.236068
    }, {
      "x" : 26.18034,
      "y" : -5.236068,
      "z" : -5.236068
    }, {
      "x" : 26.18034,
      "y" : -5.236068,
      "z" : 5.236068
    } ],
    "faces" : [ {
      "vertices" : [ 0, 1, 2 ]
    }, {
      "vertices" : [ 0, 2, 3 ]
    }, {
      "vertices" : [ 0, 3, 2 ]
    }, {
      "vertices" : [ 0, 2, 1 ]
    } ]
  }, {
    "id" : "bd460071-1cba-4279-82be-baf31d289c29",
    "vertices" : [ {
      "x" : 5.236068,
      "y" : -5.236068,
      "z" : -5.236068
    }, {
      "x" : -5.236068,
      "y" : -5.236068,
      "z" : -5.236068
    }, {
      "x" : -5.236068,
      "y" : 5.236068,
      "z" : -5.236068
    }, {
      "x" : 5.236068,
      "y" : 5.236068,
      "z" : -5.236068
    } ],
    "faces" : [ {
      "vertices" : [ 0, 1, 2 ]
    }, {
      "vertices" : [ 0, 2, 3 ]
    }, {
      "vertices" : [ 0, 3, 2 ]
    }, {
      "vertices" : [ 0, 2, 1 ]
    } ]
  }, {
    "id" : "2a83568f-6e54-4810-b46e-7f3e16d27b86",
    "vertices" : [ {
      "x" : -5.236068,
      "y" : -5.236068,
      "z" : -26.18034
    }, {
      "x" : 5.236068,
      "y" : -5.236068,
      "z" : -26.18034
    }, {
      "x" : 5.236068,
      "y" : 5.236068,
      "z" : -26.18034
    }, {
      "x" : -5.236068,
      "y" : 5.236068,
      "z" : -26.18034
    } ],
    "faces" : [ {
      "vertices" : [ 0, 1, 2 ]
    }, {
      "vertices" : [ 0, 2, 3 ]
    }, {
      "vertices" : [ 0, 3, 2 ]
    }, {
      "vertices" : [ 0, 2, 1 ]
    } ]
  }, {
    "id" : "0e6a915c-103f-4a25-9615-55d74db67f3b",
    "vertices" : [ {
      "x" : -10.472136,
      "y" : 31.416409,
      "z" : 10.472136
    }, {
      "x" : -5.236068,
      "y" : 26.18034,
      "z" : 5.236068
    }, {
      "x" : 5.236068,
      "y" : 26.18034,
      "z" : 5.236068
    }, {
      "x" : 10.472136,
      "y" : 31.416409,
      "z" : 10.472136
    } ],
    "faces" : [ {
      "vertices" : [ 0, 1, 2 ]
    }, {
      "vertices" : [ 0, 2, 3 ]
    }, {
      "vertices" : [ 0, 3, 2 ]
    }, {
      "vertices" : [ 0, 2, 1 ]
    } ]
  }, {
    "id" : "62240dd2-4c29-44ef-b9dd-fd6fb74166a3",
    "vertices" : [ {
      "x" : -10.472136,
      "y" : -10.472136,
      "z" : 10.472136
    }, {
      "x" : -10.472136,
      "y" : 10.472136,
      "z" : 10.472136
    }, {
      "x" : -10.472136,
      "y" : 10.472136,
      "z" : -10.472136
    }, {
      "x" : -10.472136,
      "y" : -10.472136,
      "z" : -10.472136
    } ],
    "faces" : [ {
      "vertices" : [ 0, 1, 2 ]
    }, {
      "vertices" : [ 0, 2, 3 ]
    }, {
      "vertices" : [ 0, 3, 2 ]
    }, {
      "vertices" : [ 0, 2, 1 ]
    } ]
  }, {
    "id" : "7c28580f-de93-4473-895a-ce70715042ec",
    "vertices" : [ {
      "x" : 31.416409,
      "y" : 10.472136,
      "z" : -10.472136
    }, {
      "x" : 26.18034,
      "y" : 5.236068,
      "z" : -5.236068
    }, {
      "x" : 26.18034,
      "y" : 5.236068,
      "z" : 5.236068
    }, {
      "x" : 31.416409,
      "y" : 10.472136,
      "z" : 10.472136
    } ],
    "faces" : [ {
      "vertices" : [ 0, 1, 2 ]
    }, {
      "vertices" : [ 0, 2, 3 ]
    }, {
      "vertices" : [ 0, 3, 2 ]
    }, {
      "vertices" : [ 0, 2, 1 ]
    } ]
  }, {
    "id" : "62b5294f-fe9d-4693-8347-1801c63ba3cb",
    "vertices" : [ {
      "x" : 10.472136,
      "y" : -10.472136,
      "z" : -31.416409
    }, {
      "x" : 5.236068,
      "y" : -5.236068,
      "z" : -26.18034
    }, {
      "x" : -5.236068,
      "y" : -5.236068,
      "z" : -26.18034
    }, {
      "x" : -10.472136,
      "y" : -10.472136,
      "z" : -31.416409
    } ],
    "faces" : [ {
      "vertices" : [ 0, 1, 2 ]
    }, {
      "vertices" : [ 0, 2, 3 ]
    }, {
      "vertices" : [ 0, 3, 2 ]
    }, {
      "vertices" : [ 0, 2, 1 ]
    } ]
  }, {
    "id" : "c40d12fd-92a7-494f-9634-aa76eb428e06",
    "vertices" : [ {
      "x" : -5.236068,
      "y" : -5.236068,
      "z" : 26.18034
    }, {
      "x" : 5.236068,
      "y" : -5.236068,
      "z" : 26.18034
    }, {
      "x" : 10.472136,
      "y" : -10.472136,
      "z" : 31.416409
    }, {
      "x" : -10.472136,
      "y" : -10.472136,
      "z" : 31.416409
    } ],
    "faces" : [ {
      "vertices" : [ 0, 1, 2 ]
    }, {
      "vertices" : [ 0, 2, 3 ]
    }, {
      "vertices" : [ 0, 3, 2 ]
    }, {
      "vertices" : [ 0, 2, 1 ]
    } ]
  }, {
    "id" : "cd913cc1-8c5b-43e1-aba3-6fa701232b68",
    "vertices" : [ {
      "x" : -26.18034,
      "y" : 5.236068,
      "z" : 5.236068
    }, {
      "x" : -26.18034,
      "y" : 5.236068,
      "z" : -5.236068
    }, {
      "x" : -31.416409,
      "y" : 10.472136,
      "z" : -10.472136
    }, {
      "x" : -31.416409,
      "y" : 10.472136,
      "z" : 10.472136
    } ],
    "faces" : [ {
      "vertices" : [ 0, 1, 2 ]
    }, {
      "vertices" : [ 0, 2, 3 ]
    }, {
      "vertices" : [ 0, 3, 2 ]
    }, {
      "vertices" : [ 0, 2, 1 ]
    } ]
  }, {
    "id" : "09166f24-5d3c-40bd-b3ca-b554ec943954",
    "vertices" : [ {
      "x" : 5.236068,
      "y" : -26.18034,
      "z" : 5.236068
    }, {
      "x" : 10.472136,
      "y" : -31.416409,
      "z" : 10.472136
    }, {
      "x" : 10.472136,
      "y" : -31.416409,
      "z" : -10.472136
    }, {
      "x" : 5.236068,
      "y" : -26.18034,
      "z" : -5.236068
    } ],
    "faces" : [ {
      "vertices" : [ 0, 1, 2 ]
    }, {
      "vertices" : [ 0, 2, 3 ]
    }, {
      "vertices" : [ 0, 3, 2 ]
    }, {
      "vertices" : [ 0, 2, 1 ]
    } ]
  }, {
    "id" : "d221cacf-744f-4e99-a631-20a38c67907c",
    "vertices" : [ {
      "x" : 5.236068,
      "y" : 26.18034,
      "z" : -5.236068
    }, {
      "x" : -5.236068,
      "y" : 26.18034,
      "z" : -5.236068
    }, {
      "x" : -10.472136,
      "y" : 31.416409,
      "z" : -10.472136
    }, {
      "x" : 10.472136,
      "y" : 31.416409,
      "z" : -10.472136
    } ],
    "faces" : [ {
      "vertices" : [ 0, 1, 2 ]
    }, {
      "vertices" : [ 0, 2, 3 ]
    }, {
      "vertices" : [ 0, 3, 2 ]
    }, {
      "vertices" : [ 0, 2, 1 ]
    } ]
  }, {
    "id" : "954c536a-bc85-4126-872e-6e95b62d5498",
    "vertices" : [ {
      "x" : 5.236068,
      "y" : -5.236068,
      "z" : 5.236068
    }, {
      "x" : -5.236068,
      "y" : -5.236068,
      "z" : 5.236068
    }, {
      "x" : -5.236068,
      "y" : -5.236068,
      "z" : -5.236068
    }, {
      "x" : 5.236068,
      "y" : -5.236068,
      "z" : -5.236068
    } ],
    "faces" : [ {
      "vertices" : [ 0, 1, 2 ]
    }, {
      "vertices" : [ 0, 2, 3 ]
    }, {
      "vertices" : [ 0, 3, 2 ]
    }, {
      "vertices" : [ 0, 2, 1 ]
    } ]
  }, {
    "id" : "5e2d041a-34c0-4b43-b6d5-70facf6bc3c0",
    "vertices" : [ {
      "x" : -31.416409,
      "y" : 10.472136,
      "z" : -10.472136
    }, {
      "x" : -31.416409,
      "y" : -10.472136,
      "z" : -10.472136
    }, {
      "x" : -31.416409,
      "y" : -10.472136,
      "z" : 10.472136
    }, {
      "x" : -31.416409,
      "y" : 10.472136,
      "z" : 10.472136
    } ],
    "faces" : [ {
      "vertices" : [ 0, 1, 2 ]
    }, {
      "vertices" : [ 0, 2, 3 ]
    }, {
      "vertices" : [ 0, 3, 2 ]
    }, {
      "vertices" : [ 0, 2, 1 ]
    } ]
  }, {
    "id" : "b665b559-7d00-42de-8424-73f59f2a3eb0",
    "vertices" : [ {
      "x" : -5.236068,
      "y" : -5.236068,
      "z" : 5.236068
    }, {
      "x" : -5.236068,
      "y" : 5.236068,
      "z" : 5.236068
    }, {
      "x" : -5.236068,
      "y" : 5.236068,
      "z" : -5.236068
    }, {
      "x" : -5.236068,
      "y" : -5.236068,
      "z" : -5.236068
    } ],
    "faces" : [ {
      "vertices" : [ 0, 1, 2 ]
    }, {
      "vertices" : [ 0, 2, 3 ]
    }, {
      "vertices" : [ 0, 3, 2 ]
    }, {
      "vertices" : [ 0, 2, 1 ]
    } ]
  }, {
    "id" : "2ddd81cb-f57f-4f20-8d28-eb5ffc507d40",
    "vertices" : [ {
      "x" : 31.416409,
      "y" : -10.472136,
      "z" : 10.472136
    }, {
      "x" : 26.18034,
      "y" : -5.236068,
      "z" : 5.236068
    }, {
      "x" : 26.18034,
      "y" : -5.236068,
      "z" : -5.236068
    }, {
      "x" : 31.416409,
      "y" : -10.472136,
      "z" : -10.472136
    } ],
    "faces" : [ {
      "vertices" : [ 0, 1, 2 ]
    }, {
      "vertices" : [ 0, 2, 3 ]
    }, {
      "vertices" : [ 0, 3, 2 ]
    }, {
      "vertices" : [ 0, 2, 1 ]
    } ]
  }, {
    "id" : "31a42c67-e3df-4c77-a2e8-9b366db003d0",
    "vertices" : [ {
      "x" : 31.416409,
      "y" : -10.472136,
      "z" : 10.472136
    }, {
      "x" : 31.416409,
      "y" : -10.472136,
      "z" : -10.472136
    }, {
      "x" : 31.416409,
      "y" : 10.472136,
      "z" : -10.472136
    }, {
      "x" : 31.416409,
      "y" : 10.472136,
      "z" : 10.472136
    } ],
    "faces" : [ {
      "vertices" : [ 0, 1, 2 ]
    }, {
      "vertices" : [ 0, 2, 3 ]
    }, {
      "vertices" : [ 0, 3, 2 ]
    }, {
      "vertices" : [ 0, 2, 1 ]
    } ]
  }, {
    "id" : "fc338607-4770-4415-8f30-111e8c337941",
    "vertices" : [ {
      "x" : -10.472136,
      "y" : 10.472136,
      "z" : -31.416409
    }, {
      "x" : -5.236068,
      "y" : 5.236068,
      "z" : -26.18034
    }, {
      "x" : 5.236068,
      "y" : 5.236068,
      "z" : -26.18034
    }, {
      "x" : 10.472136,
      "y" : 10.472136,
      "z" : -31.416409
    } ],
    "faces" : [ {
      "vertices" : [ 0, 1, 2 ]
    }, {
      "vertices" : [ 0, 2, 3 ]
    }, {
      "vertices" : [ 0, 3, 2 ]
    }, {
      "vertices" : [ 0, 2, 1 ]
    } ]
  }, {
    "id" : "c1fca433-7db5-4d09-b8ba-f6f45cba11f0",
    "vertices" : [ {
      "x" : -5.236068,
      "y" : -26.18034,
      "z" : 5.236068
    }, {
      "x" : 5.236068,
      "y" : -26.18034,
      "z" : 5.236068
    }, {
      "x" : 5.236068,
      "y" : -26.18034,
      "z" : -5.236068
    }, {
      "x" : -5.236068,
      "y" : -26.18034,
      "z" : -5.236068
    } ],
    "faces" : [ {
      "vertices" : [ 0, 1, 2 ]
    }, {
      "vertices" : [ 0, 2, 3 ]
    }, {
      "vertices" : [ 0, 3, 2 ]
    }, {
      "vertices" : [ 0, 2, 1 ]
    } ]
  }, {
    "id" : "868d3652-af58-4798-8c40-827bbb73efa4",
    "vertices" : [ {
      "x" : 10.472136,
      "y" : -31.416409,
      "z" : -10.472136
    }, {
      "x" : 10.472136,
      "y" : -31.416409,
      "z" : 10.472136
    }, {
      "x" : -10.472136,
      "y" : -31.416409,
      "z" : 10.472136
    }, {
      "x" : -10.472136,
      "y" : -31.416409,
      "z" : -10.472136
    } ],
    "faces" : [ {
      "vertices" : [ 0, 1, 2 ]
    }, {
      "vertices" : [ 0, 2, 3 ]
    }, {
      "vertices" : [ 0, 3, 2 ]
    }, {
      "vertices" : [ 0, 2, 1 ]
    } ]
  }, {
    "id" : "b3b35e79-5bda-411a-bb22-df717cd8b721",
    "vertices" : [ {
      "x" : -26.18034,
      "y" : -5.236068,
      "z" : -5.236068
    }, {
      "x" : -26.18034,
      "y" : -5.236068,
      "z" : 5.236068
    }, {
      "x" : -31.416409,
      "y" : -10.472136,
      "z" : 10.472136
    }, {
      "x" : -31.416409,
      "y" : -10.472136,
      "z" : -10.472136
    } ],
    "faces" : [ {
      "vertices" : [ 0, 1, 2 ]
    }, {
      "vertices" : [ 0, 2, 3 ]
    }, {
      "vertices" : [ 0, 3, 2 ]
    }, {
      "vertices" : [ 0, 2, 1 ]
    } ]
  }, {
    "id" : "eb39a6d7-bdcc-4faa-969a-3ef3de462161",
    "vertices" : [ {
      "x" : -10.472136,
      "y" : 31.416409,
      "z" : -10.472136
    }, {
      "x" : -10.472136,
      "y" : 31.416409,
      "z" : 10.472136
    }, {
      "x" : 10.472136,
      "y" : 31.416409,
      "z" : 10.472136
    }, {
      "x" : 10.472136,
      "y" : 31.416409,
      "z" : -10.472136
    } ],
    "faces" : [ {
      "vertices" : [ 0, 1, 2 ]
    }, {
      "vertices" : [ 0, 2, 3 ]
    }, {
      "vertices" : [ 0, 3, 2 ]
    }, {
      "vertices" : [ 0, 2, 1 ]
    } ]
  }, {
    "id" : "5f2be368-04c6-46bf-9659-d23467766989",
    "vertices" : [ {
      "x" : -10.472136,
      "y" : -10.472136,
      "z" : 31.416409
    }, {
      "x" : 10.472136,
      "y" : -10.472136,
      "z" : 31.416409
    }, {
      "x" : 10.472136,
      "y" : 10.472136,
      "z" : 31.416409
    }, {
      "x" : -10.472136,
      "y" : 10.472136,
      "z" : 31.416409
    } ],
    "faces" : [ {
      "vertices" : [ 0, 1, 2 ]
    }, {
      "vertices" : [ 0, 2, 3 ]
    }, {
      "vertices" : [ 0, 3, 2 ]
    }, {
      "vertices" : [ 0, 2, 1 ]
    } ]
  }, {
    "id" : "ad889382-3c62-46b2-83b4-f5abb7aa6bb8",
    "vertices" : [ {
      "x" : -5.236068,
      "y" : 5.236068,
      "z" : -5.236068
    }, {
      "x" : -5.236068,
      "y" : 5.236068,
      "z" : 5.236068
    }, {
      "x" : 5.236068,
      "y" : 5.236068,
      "z" : 5.236068
    }, {
      "x" : 5.236068,
      "y" : 5.236068,
      "z" : -5.236068
    } ],
    "faces" : [ {
      "vertices" : [ 0, 1, 2 ]
    }, {
      "vertices" : [ 0, 2, 3 ]
    }, {
      "vertices" : [ 0, 3, 2 ]
    }, {
      "vertices" : [ 0, 2, 1 ]
    } ]
  }, {
    "id" : "7f1bb27b-a237-4d41-a3ee-47ed7ba7a58b",
    "vertices" : [ {
      "x" : -26.18034,
      "y" : 5.236068,
      "z" : -5.236068
    }, {
      "x" : -26.18034,
      "y" : 5.236068,
      "z" : 5.236068
    }, {
      "x" : -26.18034,
      "y" : -5.236068,
      "z" : 5.236068
    }, {
      "x" : -26.18034,
      "y" : -5.236068,
      "z" : -5.236068
    } ],
    "faces" : [ {
      "vertices" : [ 0, 1, 2 ]
    }, {
      "vertices" : [ 0, 2, 3 ]
    }, {
      "vertices" : [ 0, 3, 2 ]
    }, {
      "vertices" : [ 0, 2, 1 ]
    } ]
  }, {
    "id" : "5ec8c33c-9905-4e69-8969-274a333ec31b",
    "vertices" : [ {
      "x" : 5.236068,
      "y" : 26.18034,
      "z" : 5.236068
    }, {
      "x" : -5.236068,
      "y" : 26.18034,
      "z" : 5.236068
    }, {
      "x" : -5.236068,
      "y" : 26.18034,
      "z" : -5.236068
    }, {
      "x" : 5.236068,
      "y" : 26.18034,
      "z" : -5.236068
    } ],
    "faces" : [ {
      "vertices" : [ 0, 1, 2 ]
    }, {
      "vertices" : [ 0, 2, 3 ]
    }, {
      "vertices" : [ 0, 3, 2 ]
    }, {
      "vertices" : [ 0, 2, 1 ]
    } ]
  }, {
    "id" : "b987aeab-81c5-4ed4-ae2a-084e0e908929",
    "vertices" : [ {
      "x" : -26.18034,
      "y" : -5.236068,
      "z" : 5.236068
    }, {
      "x" : -26.18034,
      "y" : 5.236068,
      "z" : 5.236068
    }, {
      "x" : -31.416409,
      "y" : 10.472136,
      "z" : 10.472136
    }, {
      "x" : -31.416409,
      "y" : -10.472136,
      "z" : 10.472136
    } ],
    "faces" : [ {
      "vertices" : [ 0, 1, 2 ]
    }, {
      "vertices" : [ 0, 2, 3 ]
    }, {
      "vertices" : [ 0, 3, 2 ]
    }, {
      "vertices" : [ 0, 2, 1 ]
    } ]
  }, {
    "id" : "a72ed427-7a5c-4241-883c-d5f72bdf58f8",
    "vertices" : [ {
      "x" : 10.472136,
      "y" : 10.472136,
      "z" : -31.416409
    }, {
      "x" : 5.236068,
      "y" : 5.236068,
      "z" : -26.18034
    }, {
      "x" : 5.236068,
      "y" : -5.236068,
      "z" : -26.18034
    }, {
      "x" : 10.472136,
      "y" : -10.472136,
      "z" : -31.416409
    } ],
    "faces" : [ {
      "vertices" : [ 0, 1, 2 ]
    }, {
      "vertices" : [ 0, 2, 3 ]
    }, {
      "vertices" : [ 0, 3, 2 ]
    }, {
      "vertices" : [ 0, 2, 1 ]
    } ]
  }, {
    "id" : "9091b53d-7beb-4a9d-817e-fa74ceb63359",
    "vertices" : [ {
      "x" : -10.472136,
      "y" : -10.472136,
      "z" : -31.416409
    }, {
      "x" : -5.236068,
      "y" : -5.236068,
      "z" : -26.18034
    }, {
      "x" : -5.236068,
      "y" : 5.236068,
      "z" : -26.18034
    }, {
      "x" : -10.472136,
      "y" : 10.472136,
      "z" : -31.416409
    } ],
    "faces" : [ {
      "vertices" : [ 0, 1, 2 ]
    }, {
      "vertices" : [ 0, 2, 3 ]
    }, {
      "vertices" : [ 0, 3, 2 ]
    }, {
      "vertices" : [ 0, 2, 1 ]
    } ]
  }, {
    "id" : "284f8236-3267-4ddd-80ef-35d2c27ec801",
    "vertices" : [ {
      "x" : 10.472136,
      "y" : 10.472136,
      "z" : 31.416409
    }, {
      "x" : 5.236068,
      "y" : 5.236068,
      "z" : 26.18034
    }, {
      "x" : -5.236068,
      "y" : 5.236068,
      "z" : 26.18034
    }, {
      "x" : -10.472136,
      "y" : 10.472136,
      "z" : 31.416409
    } ],
    "faces" : [ {
      "vertices" : [ 0, 1, 2 ]
    }, {
      "vertices" : [ 0, 2, 3 ]
    }, {
      "vertices" : [ 0, 3, 2 ]
    }, {
      "vertices" : [ 0, 2, 1 ]
    } ]
  }, {
    "id" : "86fb61ab-9a21-46e8-8d3c-372f2a5aee90",
    "vertices" : [ {
      "x" : 31.416409,
      "y" : 10.472136,
      "z" : 10.472136
    }, {
      "x" : 26.18034,
      "y" : 5.236068,
      "z" : 5.236068
    }, {
      "x" : 26.18034,
      "y" : -5.236068,
      "z" : 5.236068
    }, {
      "x" : 31.416409,
      "y" : -10.472136,
      "z" : 10.472136
    } ],
    "faces" : [ {
      "vertices" : [ 0, 1, 2 ]
    }, {
      "vertices" : [ 0, 2, 3 ]
    }, {
      "vertices" : [ 0, 3, 2 ]
    }, {
      "vertices" : [ 0, 2, 1 ]
    } ]
  }, {
    "id" : "3fefdf5a-4a26-41ce-b0c4-a7bc45dc92e0",
    "vertices" : [ {
      "x" : 5.236068,
      "y" : 5.236068,
      "z" : 26.18034
    }, {
      "x" : 5.236068,
      "y" : -5.236068,
      "z" : 26.18034
    }, {
      "x" : -5.236068,
      "y" : -5.236068,
      "z" : 26.18034
    }, {
      "x" : -5.236068,
      "y" : 5.236068,
      "z" : 26.18034
    } ],
    "faces" : [ {
      "vertices" : [ 0, 1, 2 ]
    }, {
      "vertices" : [ 0, 2, 3 ]
    }, {
      "vertices" : [ 0, 3, 2 ]
    }, {
      "vertices" : [ 0, 2, 1 ]
    } ]
  }, {
    "id" : "11c42989-cc72-4b12-8990-15d8bdfd5055",
    "vertices" : [ {
      "x" : 31.416409,
      "y" : -10.472136,
      "z" : -10.472136
    }, {
      "x" : 26.18034,
      "y" : -5.236068,
      "z" : -5.236068
    }, {
      "x" : 26.18034,
      "y" : 5.236068,
      "z" : -5.236068
    }, {
      "x" : 31.416409,
      "y" : 10.472136,
      "z" : -10.472136
    } ],
    "faces" : [ {
      "vertices" : [ 0, 1, 2 ]
    }, {
      "vertices" : [ 0, 2, 3 ]
    }, {
      "vertices" : [ 0, 3, 2 ]
    }, {
      "vertices" : [ 0, 2, 1 ]
    } ]
  }, {
    "id" : "2bc86a06-b66b-4068-a1c0-28c622912c6c",
    "vertices" : [ {
      "x" : -26.18034,
      "y" : 5.236068,
      "z" : -5.236068
    }, {
      "x" : -26.18034,
      "y" : -5.236068,
      "z" : -5.236068
    }, {
      "x" : -31.416409,
      "y" : -10.472136,
      "z" : -10.472136
    }, {
      "x" : -31.416409,
      "y" : 10.472136,
      "z" : -10.472136
    } ],
    "faces" : [ {
      "vertices" : [ 0, 1, 2 ]
    }, {
      "vertices" : [ 0, 2, 3 ]
    }, {
      "vertices" : [ 0, 3, 2 ]
    }, {
      "vertices" : [ 0, 2, 1 ]
    } ]
  }, {
    "id" : "12a71a21-acfe-4a96-977d-f69fd7201cae",
    "vertices" : [ {
      "x" : 10.472136,
      "y" : -10.472136,
      "z" : -31.416409
    }, {
      "x" : -10.472136,
      "y" : -10.472136,
      "z" : -31.416409
    }, {
      "x" : -10.472136,
      "y" : 10.472136,
      "z" : -31.416409
    }, {
      "x" : 10.472136,
      "y" : 10.472136,
      "z" : -31.416409
    } ],
    "faces" : [ {
      "vertices" : [ 0, 1, 2 ]
    }, {
      "vertices" : [ 0, 2, 3 ]
    }, {
      "vertices" : [ 0, 3, 2 ]
    }, {
      "vertices" : [ 0, 2, 1 ]
    } ]
  }, {
    "id" : "7a2dda00-e9ea-4499-a93b-1dc497ed408e",
    "vertices" : [ {
      "x" : 10.472136,
      "y" : -10.472136,
      "z" : -10.472136
    }, {
      "x" : -10.472136,
      "y" : -10.472136,
      "z" : -10.472136
    }, {
      "x" : -10.472136,
      "y" : 10.472136,
      "z" : -10.472136
    }, {
      "x" : 10.472136,
      "y" : 10.472136,
      "z" : -10.472136
    } ],
    "faces" : [ {
      "vertices" : [ 0, 1, 2 ]
    }, {
      "vertices" : [ 0, 2, 3 ]
    }, {
      "vertices" : [ 0, 3, 2 ]
    }, {
      "vertices" : [ 0, 2, 1 ]
    } ]
  }, {
    "id" : "a45e6f50-d589-4a18-b96d-5589b93bd93f",
    "vertices" : [ {
      "x" : -5.236068,
      "y" : -26.18034,
      "z" : -5.236068
    }, {
      "x" : 5.236068,
      "y" : -26.18034,
      "z" : -5.236068
    }, {
      "x" : 10.472136,
      "y" : -31.416409,
      "z" : -10.472136
    }, {
      "x" : -10.472136,
      "y" : -31.416409,
      "z" : -10.472136
    } ],
    "faces" : [ {
      "vertices" : [ 0, 1, 2 ]
    }, {
      "vertices" : [ 0, 2, 3 ]
    }, {
      "vertices" : [ 0, 3, 2 ]
    }, {
      "vertices" : [ 0, 2, 1 ]
    } ]
  }, {
    "id" : "18b62ae1-5f75-4041-bb96-99c4c63844e9",
    "vertices" : [ {
      "x" : -10.472136,
      "y" : 31.416409,
      "z" : 10.472136
    }, {
      "x" : -10.472136,
      "y" : 31.416409,
      "z" : -10.472136
    }, {
      "x" : -5.236068,
      "y" : 26.18034,
      "z" : -5.236068
    }, {
      "x" : -5.236068,
      "y" : 26.18034,
      "z" : 5.236068
    } ],
    "faces" : [ {
      "vertices" : [ 0, 1, 2 ]
    }, {
      "vertices" : [ 0, 2, 3 ]
    }, {
      "vertices" : [ 0, 3, 2 ]
    }, {
      "vertices" : [ 0, 2, 1 ]
    } ]
  }, {
    "id" : "1b7b528a-99f8-4bf5-8743-d9c1232dd8e8",
    "vertices" : [ {
      "x" : 10.472136,
      "y" : 31.416409,
      "z" : 10.472136
    }, {
      "x" : 5.236068,
      "y" : 26.18034,
      "z" : 5.236068
    }, {
      "x" : 5.236068,
      "y" : 26.18034,
      "z" : -5.236068
    }, {
      "x" : 10.472136,
      "y" : 31.416409,
      "z" : -10.472136
    } ],
    "faces" : [ {
      "vertices" : [ 0, 1, 2 ]
    }, {
      "vertices" : [ 0, 2, 3 ]
    }, {
      "vertices" : [ 0, 3, 2 ]
    }, {
      "vertices" : [ 0, 2, 1 ]
    } ]
  }, {
    "id" : "ea15f17f-8696-4eb4-acc5-c1be4422bfe9",
    "vertices" : [ {
      "x" : -5.236068,
      "y" : 5.236068,
      "z" : 26.18034
    }, {
      "x" : -5.236068,
      "y" : -5.236068,
      "z" : 26.18034
    }, {
      "x" : -10.472136,
      "y" : -10.472136,
      "z" : 31.416409
    }, {
      "x" : -10.472136,
      "y" : 10.472136,
      "z" : 31.416409
    } ],
    "faces" : [ {
      "vertices" : [ 0, 1, 2 ]
    }, {
      "vertices" : [ 0, 2, 3 ]
    }, {
      "vertices" : [ 0, 3, 2 ]
    }, {
      "vertices" : [ 0, 2, 1 ]
    } ]
  }, {
    "id" : "c0ac7f87-639d-4e30-aa48-3a3df48a8ff6",
    "vertices" : [ {
      "x" : 10.472136,
      "y" : -10.472136,
      "z" : -10.472136
    }, {
      "x" : 10.472136,
      "y" : 10.472136,
      "z" : -10.472136
    }, {
      "x" : 10.472136,
      "y" : 10.472136,
      "z" : 10.472136
    }, {
      "x" : 10.472136,
      "y" : -10.472136,
      "z" : 10.472136
    } ],
    "faces" : [ {
      "vertices" : [ 0, 1, 2 ]
    }, {
      "vertices" : [ 0, 2, 3 ]
    }, {
      "vertices" : [ 0, 3, 2 ]
    }, {
      "vertices" : [ 0, 2, 1 ]
    } ]
  } ],
  "instances" : [ {
    "shape" : "8a5cfa57-7ac8-4621-aa6c-b3ed8a055bc5",
    "color" : "#FFA500",
    "position" : {
      "x" : 0.0,
      "y" : 0.0,
      "z" : 0.0
    }
  }, {
    "shape" : "4de4b8ca-a6c0-43f0-9169-e97c83a8c09a",
    "color" : "#FFA500",
    "position" : {
      "x" : 0.0,
      "y" : 0.0,
      "z" : 0.0
    }
  }, {
    "shape" : "ea5a8132-8ec1-4c38-8cb0-aae89cdc8bc4",
    "color" : "#00FF00",
    "position" : {
      "x" : 0.0,
      "y" : 0.0,
      "z" : 0.0
    }
  }, {
    "shape" : "f8c033aa-3638-4d02-a393-981c728aa103",
    "color" : "#000000",
    "position" : {
      "x" : 0.0,
      "y" : 0.0,
      "z" : 0.0
    }
  }, {
    "shape" : "2b1e0129-743f-4e2d-b3da-cb8d31037b0a",
    "color" : "#0000FF",
    "position" : {
      "x" : 0.0,
      "y" : 0.0,
      "z" : 0.0
    }
  }, {
    "shape" : "a954c59c-57ea-4085-89a0-e8d4a3e4383d",
    "color" : "#000000",
    "position" : {
      "x" : 0.0,
      "y" : 0.0,
      "z" : 0.0
    }
  }, {
    "shape" : "82351c14-c2df-4653-828c-52d72170e76a",
    "color" : "#FFFF00",
    "position" : {
      "x" : 0.0,
      "y" : 0.0,
      "z" : 0.0
    }
  }, {
    "shape" : "bd460071-1cba-4279-82be-baf31d289c29",
    "color" : "#000000",
    "position" : {
      "x" : 0.0,
      "y" : 0.0,
      "z" : 0.0
    }
  }, {
    "shape" : "2a83568f-6e54-4810-b46e-7f3e16d27b86",
    "color" : "#FF69B4",
    "position" : {
      "x" : 0.0,
      "y" : 0.0,
      "z" : 0.0
    }
  }, {
    "shape" : "0e6a915c-103f-4a25-9615-55d74db67f3b",
    "color" : "#FF0000",
    "position" : {
      "x" : 0.0,
      "y" : 0.0,
      "z" : 0.0
    }
  }, {
    "shape" : "62240dd2-4c29-44ef-b9dd-fd6fb74166a3",
    "color" : "#00FF00",
    "position" : {
      "x" : 0.0,
      "y" : 0.0,
      "z" : 0.0
    }
  }, {
    "shape" : "7c28580f-de93-4473-895a-ce70715042ec",
    "color" : "#FFFF00",
    "position" : {
      "x" : 0.0,
      "y" : 0.0,
      "z" : 0.0
    }
  }, {
    "shape" : "62b5294f-fe9d-4693-8347-1801c63ba3cb",
    "color" : "#FF69B4",
    "position" : {
      "x" : 0.0,
      "y" : 0.0,
      "z" : 0.0
    }
  }, {
    "shape" : "c40d12fd-92a7-494f-9634-aa76eb428e06",
    "color" : "#0000FF",
    "position" : {
      "x" : 0.0,
      "y" : 0.0,
      "z" : 0.0
    }
  }, {
    "shape" : "cd913cc1-8c5b-43e1-aba3-6fa701232b68",
    "color" : "#800080",
    "position" : {
      "x" : 0.0,
      "y" : 0.0,
      "z" : 0.0
    }
  }, {
    "shape" : "09166f24-5d3c-40bd-b3ca-b554ec943954",
    "color" : "#FFA500",
    "position" : {
      "x" : 0.0,
      "y" : 0.0,
      "z" : 0.0
    }
  }, {
    "shape" : "d221cacf-744f-4e99-a631-20a38c67907c",
    "color" : "#FF0000",
    "position" : {
      "x" : 0.0,
      "y" : 0.0,
      "z" : 0.0
    }
  }, {
    "shape" : "954c536a-bc85-4126-872e-6e95b62d5498",
    "color" : "#000000",
    "position" : {
      "x" : 0.0,
      "y" : 0.0,
      "z" : 0.0
    }
  }, {
    "shape" : "5e2d041a-34c0-4b43-b6d5-70facf6bc3c0",
    "color" : "#800080",
    "position" : {
      "x" : 0.0,
      "y" : 0.0,
      "z" : 0.0
    }
  }, {
    "shape" : "b665b559-7d00-42de-8424-73f59f2a3eb0",
    "color" : "#000000",
    "position" : {
      "x" : 0.0,
      "y" : 0.0,
      "z" : 0.0
    }
  }, {
    "shape" : "2ddd81cb-f57f-4f20-8d28-eb5ffc507d40",
    "color" : "#FFFF00",
    "position" : {
      "x" : 0.0,
      "y" : 0.0,
      "z" : 0.0
    }
  }, {
    "shape" : "31a42c67-e3df-4c77-a2e8-9b366db003d0",
    "color" : "#FFFF00",
    "position" : {
      "x" : 0.0,
      "y" : 0.0,
      "z" : 0.0
    }
  }, {
    "shape" : "fc338607-4770-4415-8f30-111e8c337941",
    "color" : "#FF69B4",
    "position" : {
      "x" : 0.0,
      "y" : 0.0,
      "z" : 0.0
    }
  }, {
    "shape" : "c1fca433-7db5-4d09-b8ba-f6f45cba11f0",
    "color" : "#FFA500",
    "position" : {
      "x" : 0.0,
      "y" : 0.0,
      "z" : 0.0
    }
  }, {
    "shape" : "868d3652-af58-4798-8c40-827bbb73efa4",
    "color" : "#FFA500",
    "position" : {
      "x" : 0.0,
      "y" : 0.0,
      "z" : 0.0
    }
  }, {
    "shape" : "b3b35e79-5bda-411a-bb22-df717cd8b721",
    "color" : "#800080",
    "position" : {
      "x" : 0.0,
      "y" : 0.0,
      "z" : 0.0
    }
  }, {
    "shape" : "eb39a6d7-bdcc-4faa-969a-3ef3de462161",
    "color" : "#FF0000",
    "position" : {
      "x" : 0.0,
      "y" : 0.0,
      "z" : 0.0
    }
  }, {
    "shape" : "5f2be368-04c6-46bf-9659-d23467766989",
    "color" : "#0000FF",
    "position" : {
      "x" : 0.0,
