{
  "polygons" : "true",
  "field" : "golden",
  "symmetry" : "icosahedral",
  "orientations" : [ [ 1.0, 0.0, 0.0, 0.0, 0.0, 1.0, 0.0, 0.0, 0.0, 0.0, 1.0, 0.0, 0.0, 0.0, 0.0, 1.0 ], [ 0.0, 0.0, 1.0, 0.0, 1.0, 0.0, 0.0, 0.0, 0.0, 1.0, 0.0, 0.0, 0.0, 0.0, 0.0, 1.0 ], [ 0.0, 1.0, 0.0, 0.0, 0.0, 0.0, 1.0, 0.0, 1.0, 0.0, 0.0, 0.0, 0.0, 0.0, 0.0, 1.0 ], [ 0.809017, 0.309017, 0.5, 0.0, 0.309017, 0.5, -0.809017, 0.0, -0.5, 0.809017, 0.309017, 0.0, 0.0, 0.0, 0.0, 1.0 ], [ -0.5, 0.809017, 0.309017, 0.0, 0.809017, 0.309017, 0.5, 0.0, 0.309017, 0.5, -0.809017, 0.0, 0.0, 0.0, 0.0, 1.0 ], [ 0.309017, 0.5, -0.809017, 0.0, -0.5, 0.809017, 0.309017, 0.0, 0.809017, 0.309017, 0.5, 0.0, 0.0, 0.0, 0.0, 1.0 ], [ 0.5, 0.809017, 0.309017, 0.0, 0.809017, -0.309017, -0.5, 0.0, -0.309017, 0.5, -0.809017, 0.0, 0.0, 0.0, 0.0, 1.0 ], [ -0.309017, 0.5, -0.809017, 0.0, 0.5, 0.809017, 0.309017, 0.0, 0.809017, -0.309017, -0.5, 0.0, 0.0, 0.0, 0.0, 1.0 ], [ 0.809017, -0.309017, -0.5, 0.0, -0.309017, 0.5, -0.809017, 0.0, 0.5, 0.809017, 0.309017, 0.0, 0.0, 0.0, 0.0, 1.0 ], [ 0.5, 0.809017, -0.309017, 0.0, 0.809017, -0.309017, 0.5, 0.0, 0.309017, -0.5, -0.809017, 0.0, 0.0, 0.0, 0.0, 1.0 ], [ 0.309017, -0.5, -0.809017, 0.0, 0.5, 0.809017, -0.309017, 0.0, 0.809017, -0.309017, 0.5, 0.0, 0.0, 0.0, 0.0, 1.0 ], [ 0.809017, -0.309017, 0.5, 0.0, 0.309017, -0.5, -0.809017, 0.0, 0.5, 0.809017, -0.309017, 0.0, 0.0, 0.0, 0.0, 1.0 ], [ 0.809017, 0.309017, -0.5, 0.0, 0.309017, 0.5, 0.809017, 0.0, 0.5, -0.809017, 0.309017, 0.0, 0.0, 0.0, 0.0, 1.0 ], [ 0.5, -0.809017, 0.309017, 0.0, 0.809017, 0.309017, -0.5, 0.0, 0.309017, 0.5, 0.809017, 0.0, 0.0, 0.0, 0.0, 1.0 ], [ 0.309017, 0.5, 0.809017, 0.0, 0.5, -0.809017, 0.309017, 0.0, 0.809017, 0.309017, -0.5, 0.0, 0.0, 0.0, 0.0, 1.0 ], [ 1.0, 0.0, 0.0, 0.0, 0.0, -1.0, 0.0, 0.0, 0.0, 0.0, -1.0, 0.0, 0.0, 0.0, 0.0, 1.0 ], [ 0.0, 0.0, 1.0, 0.0, -1.0, 0.0, 0.0, 0.0, 0.0, -1.0, 0.0, 0.0, 0.0, 0.0, 0.0, 1.0 ], [ 0.0, 1.0, 0.0, 0.0, 0.0, 0.0, -1.0, 0.0, -1.0, 0.0, 0.0, 0.0, 0.0, 0.0, 0.0, 1.0 ], [ 0.809017, 0.309017, 0.5, 0.0, -0.309017, -0.5, 0.809017, 0.0, 0.5, -0.809017, -0.309017, 0.0, 0.0, 0.0, 0.0, 1.0 ], [ -0.5, 0.809017, 0.309017, 0.0, -0.809017, -0.309017, -0.5, 0.0, -0.309017, -0.5, 0.809017, 0.0, 0.0, 0.0, 0.0, 1.0 ], [ 0.309017, 0.5, -0.809017, 0.0, 0.5, -0.809017, -0.309017, 0.0, -0.809017, -0.309017, -0.5, 0.0, 0.0, 0.0, 0.0, 1.0 ], [ 0.5, 0.809017, 0.309017, 0.0, -0.809017, 0.309017, 0.5, 0.0, 0.309017, -0.5, 0.809017, 0.0, 0.0, 0.0, 0.0, 1.0 ], [ -0.309017, 0.5, -0.809017, 0.0, -0.5, -0.809017, -0.309017, 0.0, -0.809017, 0.309017, 0.5, 0.0, 0.0, 0.0, 0.0, 1.0 ], [ 0.809017, -0.309017, -0.5, 0.0, 0.309017, -0.5, 0.809017, 0.0, -0.5, -0.809017, -0.309017, 0.0, 0.0, 0.0, 0.0, 1.0 ], [ 0.5, 0.809017, -0.309017, 0.0, -0.809017, 0.309017, -0.5, 0.0, -0.309017, 0.5, 0.809017, 0.0, 0.0, 0.0, 0.0, 1.0 ], [ 0.309017, -0.5, -0.809017, 0.0, -0.5, -0.809017, 0.309017, 0.0, -0.809017, 0.309017, -0.5, 0.0, 0.0, 0.0, 0.0, 1.0 ], [ 0.809017, -0.309017, 0.5, 0.0, -0.309017, 0.5, 0.809017, 0.0, -0.5, -0.809017, 0.309017, 0.0, 0.0, 0.0, 0.0, 1.0 ], [ 0.809017, 0.309017, -0.5, 0.0, -0.309017, -0.5, -0.809017, 0.0, -0.5, 0.809017, -0.309017, 0.0, 0.0, 0.0, 0.0, 1.0 ], [ 0.5, -0.809017, 0.309017, 0.0, -0.809017, -0.309017, 0.5, 0.0, -0.309017, -0.5, -0.809017, 0.0, 0.0, 0.0, 0.0, 1.0 ], [ 0.309017, 0.5, 0.809017, 0.0, -0.5, 0.809017, -0.309017, 0.0, -0.809017, -0.309017, 0.5, 0.0, 0.0, 0.0, 0.0, 1.0 ], [ -1.0, 0.0, 0.0, 0.0, 0.0, -1.0, 0.0, 0.0, 0.0, 0.0, 1.0, 0.0, 0.0, 0.0, 0.0, 1.0 ], [ 0.0, 0.0, -1.0, 0.0, -1.0, 0.0, 0.0, 0.0, 0.0, 1.0, 0.0, 0.0, 0.0, 0.0, 0.0, 1.0 ], [ 0.0, -1.0, 0.0, 0.0, 0.0, 0.0, -1.0, 0.0, 1.0, 0.0, 0.0, 0.0, 0.0, 0.0, 0.0, 1.0 ], [ -0.809017, -0.309017, -0.5, 0.0, -0.309017, -0.5, 0.809017, 0.0, -0.5, 0.809017, 0.309017, 0.0, 0.0, 0.0, 0.0, 1.0 ], [ 0.5, -0.809017, -0.309017, 0.0, -0.809017, -0.309017, -0.5, 0.0, 0.309017, 0.5, -0.809017, 0.0, 0.0, 0.0, 0.0, 1.0 ], [ -0.309017, -0.5, 0.809017, 0.0, 0.5, -0.809017, -0.309017, 0.0, 0.809017, 0.309017, 0.5, 0.0, 0.0, 0.0, 0.0, 1.0 ], [ -0.5, -0.809017, -0.309017, 0.0, -0.809017, 0.309017, 0.5, 0.0, -0.309017, 0.5, -0.809017, 0.0, 0.0, 0.0, 0.0, 1.0 ], [ 0.309017, -0.5, 0.809017, 0.0, -0.5, -0.809017, -0.309017, 0.0, 0.809017, -0.309017, -0.5, 0.0, 0.0, 0.0, 0.0, 1.0 ], [ -0.809017, 0.309017, 0.5, 0.0, 0.309017, -0.5, 0.809017, 0.0, 0.5, 0.809017, 0.309017, 0.0, 0.0, 0.0, 0.0, 1.0 ], [ -0.5, -0.809017, 0.309017, 0.0, -0.809017, 0.309017, -0.5, 0.0, 0.309017, -0.5, -0.809017, 0.0, 0.0, 0.0, 0.0, 1.0 ], [ -0.309017, 0.5, 0.809017, 0.0, -0.5, -0.809017, 0.309017, 0.0, 0.809017, -0.309017, 0.5, 0.0, 0.0, 0.0, 0.0, 1.0 ], [ -0.809017, 0.309017, -0.5, 0.0, -0.309017, 0.5, 0.809017, 0.0, 0.5, 0.809017, -0.309017, 0.0, 0.0, 0.0, 0.0, 1.0 ], [ -0.809017, -0.309017, 0.5, 0.0, -0.309017, -0.5, -0.809017, 0.0, 0.5, -0.809017, 0.309017, 0.0, 0.0, 0.0, 0.0, 1.0 ], [ -0.5, 0.809017, -0.309017, 0.0, -0.809017, -0.309017, 0.5, 0.0, 0.309017, 0.5, 0.809017, 0.0, 0.0, 0.0, 0.0, 1.0 ], [ -0.309017, -0.5, -0.809017, 0.0, -0.5, 0.809017, -0.309017, 0.0, 0.809017, 0.309017, -0.5, 0.0, 0.0, 0.0, 0.0, 1.0 ], [ -1.0, 0.0, 0.0, 0.0, 0.0, 1.0, 0.0, 0.0, 0.0, 0.0, -1.0, 0.0, 0.0, 0.0, 0.0, 1.0 ], [ 0.0, 0.0, -1.0, 0.0, 1.0, 0.0, 0.0, 0.0, 0.0, -1.0, 0.0, 0.0, 0.0, 0.0, 0.0, 1.0 ], [ 0.0, -1.0, 0.0, 0.0, 0.0, 0.0, 1.0, 0.0, -1.0, 0.0, 0.0, 0.0, 0.0, 0.0, 0.0, 1.0 ], [ -0.809017, -0.309017, -0.5, 0.0, 0.309017, 0.5, -0.809017, 0.0, 0.5, -0.809017, -0.309017, 0.0, 0.0, 0.0, 0.0, 1.0 ], [ 0.5, -0.809017, -0.309017, 0.0, 0.809017, 0.309017, 0.5, 0.0, -0.309017, -0.5, 0.809017, 0.0, 0.0, 0.0, 0.0, 1.0 ], [ -0.309017, -0.5, 0.809017, 0.0, -0.5, 0.809017, 0.309017, 0.0, -0.809017, -0.309017, -0.5, 0.0, 0.0, 0.0, 0.0, 1.0 ], [ -0.5, -0.809017, -0.309017, 0.0, 0.809017, -0.309017, -0.5, 0.0, 0.309017, -0.5, 0.809017, 0.0, 0.0, 0.0, 0.0, 1.0 ], [ 0.309017, -0.5, 0.809017, 0.0, 0.5, 0.809017, 0.309017, 0.0, -0.809017, 0.309017, 0.5, 0.0, 0.0, 0.0, 0.0, 1.0 ], [ -0.809017, 0.309017, 0.5, 0.0, -0.309017, 0.5, -0.809017, 0.0, -0.5, -0.809017, -0.309017, 0.0, 0.0, 0.0, 0.0, 1.0 ], [ -0.5, -0.809017, 0.309017, 0.0, 0.809017, -0.309017, 0.5, 0.0, -0.309017, 0.5, 0.809017, 0.0, 0.0, 0.0, 0.0, 1.0 ], [ -0.309017, 0.5, 0.809017, 0.0, 0.5, 0.809017, -0.309017, 0.0, -0.809017, 0.309017, -0.5, 0.0, 0.0, 0.0, 0.0, 1.0 ], [ -0.809017, 0.309017, -0.5, 0.0, 0.309017, -0.5, -0.809017, 0.0, -0.5, -0.809017, 0.309017, 0.0, 0.0, 0.0, 0.0, 1.0 ], [ -0.809017, -0.309017, 0.5, 0.0, 0.309017, 0.5, 0.809017, 0.0, -0.5, 0.809017, -0.309017, 0.0, 0.0, 0.0, 0.0, 1.0 ], [ -0.5, 0.809017, -0.309017, 0.0, 0.809017, 0.309017, -0.5, 0.0, -0.309017, -0.5, -0.809017, 0.0, 0.0, 0.0, 0.0, 1.0 ], [ -0.309017, -0.5, -0.809017, 0.0, 0.5, -0.809017, 0.309017, 0.0, -0.809017, -0.309017, 0.5, 0.0, 0.0, 0.0, 0.0, 1.0 ] ],
  "lights" : {
    "directionalLights" : [ {
      "direction" : [ 1.0, -1.0, -1.0 ],
      "color" : "#EBEBE4"
    }, {
      "direction" : [ -1.0, 0.0, 0.0 ],
      "color" : "#E4E4EB"
    }, {
      "direction" : [ 0.0, 0.0, -1.0 ],
      "color" : "#1E1E1E"
    } ],
    "backgroundColor" : "#AFC8DC",
    "ambientColor" : "#292929"
  },
  "camera" : {
    "width" : 40.868988,
    "position" : {
      "x" : -45.409996,
      "y" : 73.474915,
      "z" : 28.064922
    },
    "lookAtPoint" : {
      "x" : 0.0,
      "y" : 0.0,
      "z" : 0.0
    },
    "lookDirection" : {
      "x" : 0.5,
      "y" : -0.809017,
      "z" : -0.309017
    },
    "upDirection" : {
      "x" : -0.8506508,
      "y" : -0.5257311,
      "z" : 0.0
    },
    "farClipDistance" : 181.63997,
    "nearClipDistance" : 0.22704998,
    "perspective" : false,
    "fieldOfView" : 0.4426288,
    "lookAtPointRV" : {
      "x" : 0.0,
      "y" : 0.0,
      "z" : 0.0,
      "zero" : true
    },
    "upDirectionRV" : {
      "x" : -0.8506508,
      "y" : -0.5257311,
      "z" : 0.0,
      "zero" : false
    },
    "viewDistance" : 90.81999,
    "lookDirectionRV" : {
      "x" : 0.5,
      "y" : -0.809017,
      "z" : -0.309017,
      "zero" : false
    },
    "stereo" : false
  },
  "embedding" : [ 1.0, 0.0, 0.0, 0.0, 0.0, 1.0, 0.0, 0.0, 0.0, 0.0, 1.0, 0.0, 0.0, 0.0, 0.0, 1.0 ],
  "shapes" : [ {
    "id" : "b6590a12-be10-498f-b92b-c3b6bbf37684",
    "orbit" : "blue",
    "orbitC" : "[[0,0,1],[0,0,1]]",
    "length" : "[1,0,1]",
    "name" : "b1",
    "vertices" : [ {
      "x" : 1.0,
      "y" : 0.309017,
      "z" : 0.19098301
    }, {
      "x" : 1.0,
      "y" : -0.309017,
      "z" : 0.19098301
    }, {
      "x" : 7.472136,
      "y" : -0.309017,
      "z" : 0.19098301
    }, {
      "x" : 7.472136,
      "y" : 0.309017,
      "z" : 0.19098301
    }, {
      "x" : 7.472136,
      "y" : -0.309017,
      "z" : -0.19098301
    }, {
      "x" : 7.472136,
      "y" : 0.309017,
      "z" : -0.19098301
    }, {
      "x" : 8.09017,
      "y" : 0.0,
      "z" : 0.0
    }, {
      "x" : 0.38196602,
      "y" : 0.0,
      "z" : 0.0
    }, {
      "x" : 1.0,
      "y" : 0.309017,
      "z" : -0.19098301
    }, {
      "x" : 1.0,
      "y" : -0.309017,
      "z" : -0.19098301
    }, {
      "x" : 8.472136,
      "y" : 0.0,
      "z" : 0.0
    } ],
    "faces" : [ {
      "vertices" : [ 1, 9, 4, 2 ]
    }, {
      "vertices" : [ 0, 3, 5, 8 ]
    }, {
      "vertices" : [ 1, 7, 9 ]
    }, {
      "vertices" : [ 0, 1, 2, 3 ]
    }, {
      "vertices" : [ 7, 8, 9 ]
    }, {
      "vertices" : [ 0, 7, 1 ]
    }, {
      "vertices" : [ 4, 9, 8, 5 ]
    }, {
      "vertices" : [ 2, 6, 3 ]
    }, {
      "vertices" : [ 2, 4, 6 ]
    }, {
      "vertices" : [ 3, 6, 5 ]
    }, {
      "vertices" : [ 4, 5, 6 ]
    }, {
      "vertices" : [ 0, 8, 7 ]
    } ]
  }, {
    "id" : "3a102d80-a8f7-42d4-b731-94756101b95f",
    "vertices" : [ {
      "x" : 0.0,
      "y" : 0.0,
      "z" : 0.0
    }, {
      "x" : 0.0,
      "y" : 8.472136,
      "z" : 0.0
    }, {
      "x" : 2.618034,
      "y" : 4.236068,
      "z" : 6.854102
    } ],
    "faces" : [ {
      "vertices" : [ 0, 1, 2 ]
    }, {
      "vertices" : [ 0, 2, 1 ]
    } ]
  }, {
    "id" : "acf6cfda-b6dd-4ff5-b395-17d4db9e268f",
    "orbit" : "1",
    "orbitC" : "[[-8,5,1],[-11,7,1]]",
    "length" : "[1,0,1]",
    "name" : "short",
    "vertices" : [ {
      "x" : -7.4421387,
      "y" : -0.79837924,
      "z" : 2.2061586
    }, {
      "x" : -7.5421386,
      "y" : -0.39837924,
      "z" : 2.3061585
    }, {
      "x" : -0.58278376,
      "y" : 0.074772425,
      "z" : 0.41187537
    }, {
      "x" : -0.48278376,
      "y" : -0.3252276,
      "z" : 0.31187534
    }, {
      "x" : -7.3088055,
      "y" : -0.53171253,
      "z" : 2.6061587
    }, {
      "x" : -7.208805,
      "y" : -0.93171257,
      "z" : 2.5061586
    }, {
      "x" : -0.7161171,
      "y" : -0.19189425,
      "z" : 0.011875356
    }, {
      "x" : -0.8161171,
      "y" : 0.20810576,
      "z" : 0.111875355
    } ],
    "faces" : [ {
      "vertices" : [ 2, 3, 6, 7 ]
    }, {
      "vertices" : [ 0, 5, 4, 1 ]
    }, {
      "vertices" : [ 2, 4, 5, 3 ]
    }, {
      "vertices" : [ 0, 6, 3, 5 ]
    }, {
      "vertices" : [ 0, 1, 7, 6 ]
    }, {
      "vertices" : [ 1, 4, 2, 7 ]
    } ]
  }, {
    "id" : "37521dee-b3dd-4e0f-b5a1-26fdd3de57ba",
    "name" : "ball",
    "vertices" : [ {
      "x" : -0.309017,
      "y" : -0.19098301,
      "z" : 0.0
    }, {
      "x" : -0.309017,
      "y" : 0.19098301,
      "z" : 0.0
    }, {
      "x" : -0.19098301,
      "y" : 0.0,
      "z" : -0.309017
    }, {
      "x" : -0.19098301,
      "y" : 0.0,
      "z" : 0.309017
    }, {
      "x" : 0.0,
      "y" : -0.309017,
      "z" : -0.19098301
    }, {
      "x" : 0.0,
      "y" : -0.309017,
      "z" : 0.19098301
    }, {
      "x" : 0.0,
      "y" : 0.309017,
      "z" : -0.19098301
    }, {
      "x" : 0.0,
      "y" : 0.309017,
      "z" : 0.19098301
    }, {
      "x" : 0.19098301,
      "y" : 0.0,
      "z" : -0.309017
    }, {
      "x" : 0.19098301,
      "y" : 0.0,
      "z" : 0.309017
    }, {
      "x" : 0.309017,
      "y" : -0.19098301,
      "z" : 0.0
    }, {
      "x" : 0.309017,
      "y" : 0.19098301,
      "z" : 0.0
    } ],
    "faces" : [ {
      "vertices" : [ 0, 1, 2 ]
    }, {
      "vertices" : [ 0, 3, 1 ]
    }, {
      "vertices" : [ 0, 2, 4 ]
    }, {
      "vertices" : [ 0, 5, 3 ]
    }, {
      "vertices" : [ 0, 4, 5 ]
    }, {
      "vertices" : [ 1, 6, 2 ]
    }, {
      "vertices" : [ 1, 3, 7 ]
    }, {
      "vertices" : [ 1, 7, 6 ]
    }, {
      "vertices" : [ 2, 8, 4 ]
    }, {
      "vertices" : [ 2, 6, 8 ]
    }, {
      "vertices" : [ 3, 5, 9 ]
    }, {
      "vertices" : [ 3, 9, 7 ]
    }, {
      "vertices" : [ 4, 10, 5 ]
    }, {
      "vertices" : [ 4, 8, 10 ]
    }, {
      "vertices" : [ 5, 10, 9 ]
    }, {
      "vertices" : [ 6, 7, 11 ]
    }, {
      "vertices" : [ 6, 11, 8 ]
    }, {
      "vertices" : [ 7, 9, 11 ]
    }, {
      "vertices" : [ 8, 11, 10 ]
    }, {
      "vertices" : [ 9, 10, 11 ]
    } ]
  }, {
    "id" : "f05a9721-df5d-4e0a-a429-b15ad0e89014",
    "vertices" : [ {
      "x" : 0.0,
      "y" : 0.0,
      "z" : 0.0
    }, {
      "x" : 5.4068885,
      "y" : 4.959675,
      "z" : 4.236068
    }, {
      "x" : 0.0,
      "y" : 0.0,
      "z" : 8.472136
    } ],
    "faces" : [ {
      "vertices" : [ 0, 1, 2 ]
    }, {
      "vertices" : [ 0, 2, 1 ]
    } ]
  }, {
    "id" : "a6a951a6-c5fa-4b1f-8fec-17d64db259c7",
    "vertices" : [ {
      "x" : 0.0,
      "y" : 0.0,
      "z" : 0.0
    }, {
      "x" : -5.4068885,
      "y" : -4.959675,
      "z" : 4.236068
    }, {
      "x" : -5.4068885,
      "y" : -4.959675,
      "z" : -4.236068
    } ],
    "faces" : [ {
      "vertices" : [ 0, 1, 2 ]
    }, {
      "vertices" : [ 0, 2, 1 ]
    } ]
  }, {
    "id" : "3d31d028-b9fe-404b-8a97-b161ee761e1f",
    "vertices" : [ {
      "x" : 0.0,
      "y" : 0.0,
      "z" : 0.0
    }, {
      "x" : 0.0,
      "y" : 0.0,
      "z" : -8.472136
    }, {
      "x" : 5.4068885,
      "y" : 4.959675,
      "z" : -4.236068
    } ],
    "faces" : [ {
      "vertices" : [ 0, 1, 2 ]
    }, {
      "vertices" : [ 0, 2, 1 ]
    } ]
  }, {
    "id" : "552bb49d-7413-4836-9f5f-d382396d56b8",
    "vertices" : [ {
      "x" : 0.0,
      "y" : 0.0,
      "z" : 0.0
    }, {
      "x" : 2.618034,
      "y" : -4.236068,
      "z" : 6.854102
    }, {
      "x" : 0.0,
      "y" : -8.472136,
      "z" : 0.0
    } ],
    "faces" : [ {
      "vertices" : [ 0, 1, 2 ]
    }, {
      "vertices" : [ 0, 2, 1 ]
    } ]
  }, {
    "id" : "5970c79e-9a13-48c8-a717-390226a7ef5e",
    "vertices" : [ {
      "x" : 0.0,
      "y" : 0.0,
      "z" : 0.0
    }, {
      "x" : -2.618034,
      "y" : -4.236068,
      "z" : -6.854102
    }, {
      "x" : -2.618034,
      "y" : 4.236068,
      "z" : -6.854102
    } ],
    "faces" : [ {
      "vertices" : [ 0, 1, 2 ]
    }, {
      "vertices" : [ 0, 2, 1 ]
    } ]
  }, {
    "id" : "dad9d073-2c13-47db-b4be-e84958a19844",
    "vertices" : [ {
      "x" : 0.0,
      "y" : 0.0,
      "z" : 0.0
    }, {
      "x" : 2.618034,
      "y" : -4.236068,
      "z" : 6.854102
    }, {
      "x" : 6.854102,
      "y" : -11.09017,
      "z" : 4.236068
    }, {
      "x" : 6.854102,
      "y" : -11.09017,
      "z" : -4.236068
    }, {
      "x" : 2.618034,
      "y" : -4.236068,
      "z" : -6.854102
    } ],
    "faces" : [ {
      "vertices" : [ 0, 1, 2, 3, 4 ]
    }, {
      "vertices" : [ 0, 4, 3, 2, 1 ]
    } ]
  }, {
    "id" : "2cb342f0-6de9-4bee-8f14-6011effa7abb",
    "vertices" : [ {
      "x" : 0.0,
      "y" : 0.0,
      "z" : 0.0
    }, {
      "x" : 2.618034,
      "y" : -4.236068,
      "z" : -6.854102
    }, {
      "x" : 0.0,
      "y" : 0.0,
      "z" : -13.708204
    }, {
      "x" : -4.236068,
      "y" : 6.854102,
      "z" : -11.09017
    }, {
      "x" : -4.236068,
      "y" : 6.854102,
      "z" : -2.618034
    } ],
    "faces" : [ {
      "vertices" : [ 0, 1, 2, 3, 4 ]
    }, {
      "vertices" : [ 0, 4, 3, 2, 1 ]
    } ]
  } ],
  "instances" : [ {
    "shape" : "b6590a12-be10-498f-b92b-c3b6bbf37684",
    "color" : "#008EC2",
    "position" : {
      "x" : 4.959675,
      "y" : -8.024922,
      "z" : 6.854102
    },
    "orientation" : 6
  }, {
    "shape" : "3a102d80-a8f7-42d4-b731-94756101b95f",
    "color" : "#FFD98C",
    "position" : {
      "x" : -1.8944272,
      "y" : 3.0652475,
      "z" : 2.618034
    },
    "orientation" : 7
  }, {
    "shape" : "acf6cfda-b6dd-4ff5-b395-17d4db9e268f",
    "color" : "#B0E0E6",
    "position" : {
      "x" : 0.7236068,
      "y" : -1.1708204,
      "z" : 4.236068
    },
    "orientation" : 0
  }, {
    "shape" : "37521dee-b3dd-4e0f-b5a1-26fdd3de57ba",
    "color" : "#F2F2F2",
    "position" : {
      "x" : -9.91935,
      "y" : 2.3416407,
      "z" : 0.0
    }
  }, {
    "shape" : "37521dee-b3dd-4e0f-b5a1-26fdd3de57ba",
    "color" : "#F2F2F2",
    "position" : {
      "x" : 9.195743,
      "y" : -1.1708204,
      "z" : -4.236068
    }
  }, {
    "shape" : "37521dee-b3dd-4e0f-b5a1-26fdd3de57ba",
    "color" : "#F2F2F2",
    "position" : {
      "x" : 2.3416407,
      "y" : -3.7888544,
      "z" : 0.0
    }
  }, {
    "shape" : "f05a9721-df5d-4e0a-a429-b15ad0e89014",
    "color" : "#FFFFFF",
    "position" : {
      "x" : -3.0652475,
      "y" : -8.748529,
      "z" : 4.236068
    },
    "orientation" : 12
  }, {
    "shape" : "b6590a12-be10-498f-b92b-c3b6bbf37684",
    "color" : "#008EC2",
    "position" : {
      "x" : -1.8944272,
      "y" : 3.0652475,
      "z" : -2.618034
    },
    "orientation" : 51
  }, {
    "shape" : "b6590a12-be10-498f-b92b-c3b6bbf37684",
    "color" : "#008EC2",
    "position" : {
      "x" : 4.959675,
      "y" : -8.024922,
      "z" : -6.854102
    },
    "orientation" : 9
  }, {
    "shape" : "37521dee-b3dd-4e0f-b5a1-26fdd3de57ba",
    "color" : "#F2F2F2",
    "position" : {
      "x" : -1.8944272,
      "y" : 3.0652475,
      "z" : 2.618034
    }
  }, {
    "shape" : "acf6cfda-b6dd-4ff5-b395-17d4db9e268f",
    "color" : "#B0E0E6",
    "position" : {
      "x" : -9.91935,
      "y" : 2.3416407,
      "z" : 0.0
    },
    "orientation" : 42
  }, {
    "shape" : "a6a951a6-c5fa-4b1f-8fec-17d64db259c7",
    "color" : "#FFFFFF",
    "position" : {
      "x" : -7.301316,
      "y" : -1.8944272,
      "z" : 6.854102
    },
    "orientation" : 30
  }, {
    "shape" : "b6590a12-be10-498f-b92b-c3b6bbf37684",
    "color" : "#008EC2",
    "position" : {
      "x" : 2.3416407,
      "y" : 9.91935,
      "z" : 0.0
    },
    "orientation" : 45
  }, {
    "shape" : "b6590a12-be10-498f-b92b-c3b6bbf37684",
    "color" : "#008EC2",
    "position" : {
      "x" : 0.7236068,
      "y" : -1.1708204,
      "z" : 4.236068
    },
    "orientation" : 7
  }, {
    "shape" : "b6590a12-be10-498f-b92b-c3b6bbf37684",
    "color" : "#008EC2",
    "position" : {
      "x" : 2.3416407,
      "y" : 9.91935,
      "z" : 0.0
    },
    "orientation" : 36
  }, {
    "shape" : "3a102d80-a8f7-42d4-b731-94756101b95f",
    "color" : "#FFD98C",
    "position" : {
      "x" : 0.7236068,
      "y" : -1.1708204,
      "z" : -4.236068
    },
    "orientation" : 17
  }, {
    "shape" : "a6a951a6-c5fa-4b1f-8fec-17d64db259c7",
    "color" : "#FFFFFF",
    "position" : {
      "x" : -9.91935,
      "y" : 2.3416407,
      "z" : 0.0
    },
    "orientation" : 42
  }, {
    "shape" : "b6590a12-be10-498f-b92b-c3b6bbf37684",
    "color" : "#008EC2",
    "position" : {
      "x" : -3.0652475,
      "y" : -8.748529,
      "z" : -4.236068
    },
    "orientation" : 54
  }, {
    "shape" : "3d31d028-b9fe-404b-8a97-b161ee761e1f",
    "color" : "#FFFFFF",
    "position" : {
      "x" : 4.959675,
      "y" : -8.024922,
      "z" : -6.854102
    },
    "orientation" : 39
  }, {
    "shape" : "3a102d80-a8f7-42d4-b731-94756101b95f",
    "color" : "#FFD98C",
    "position" : {
      "x" : 2.3416407,
      "y" : -3.7888544,
      "z" : 0.0
    },
    "orientation" : 24
  }, {
    "shape" : "37521dee-b3dd-4e0f-b5a1-26fdd3de57ba",
    "color" : "#F2F2F2",
    "position" : {
      "x" : -1.8944272,
      "y" : 3.0652475,
      "z" : -11.09017
    }
  }, {
    "shape" : "37521dee-b3dd-4e0f-b5a1-26fdd3de57ba",
    "color" : "#F2F2F2",
    "position" : {
      "x" : 4.959675,
      "y" : -8.024922,
      "z" : 6.854102
    }
  }, {
    "shape" : "f05a9721-df5d-4e0a-a429-b15ad0e89014",
    "color" : "#FFFFFF",
    "position" : {
      "x" : -9.91935,
      "y" : 2.3416407,
      "z" : 0.0
    },
    "orientation" : 6
  }, {
    "shape" : "b6590a12-be10-498f-b92b-c3b6bbf37684",
    "color" : "#008EC2",
    "position" : {
      "x" : 0.7236068,
      "y" : -1.1708204,
      "z" : 4.236068
    },
    "orientation" : 21
  }, {
    "shape" : "a6a951a6-c5fa-4b1f-8fec-17d64db259c7",
    "color" : "#FFFFFF",
    "position" : {
      "x" : -3.0652475,
      "y" : -8.748529,
      "z" : 4.236068
    },
    "orientation" : 42
  }, {
    "shape" : "b6590a12-be10-498f-b92b-c3b6bbf37684",
    "color" : "#008EC2",
    "position" : {
      "x" : 0.7236068,
      "y" : -1.1708204,
      "z" : -4.236068
    },
    "orientation" : 24
  }, {
    "shape" : "b6590a12-be10-498f-b92b-c3b6bbf37684",
    "color" : "#008EC2",
    "position" : {
      "x" : 4.959675,
      "y" : 5.6832814,
      "z" : -6.854102
    },
    "orientation" : 39
  }, {
    "shape" : "f05a9721-df5d-4e0a-a429-b15ad0e89014",
    "color" : "#FFFFFF",
    "position" : {
      "x" : -7.301316,
      "y" : -1.8944272,
      "z" : 6.854102
    },
    "orientation" : 9
  }, {
    "shape" : "b6590a12-be10-498f-b92b-c3b6bbf37684",
    "color" : "#008EC2",
    "position" : {
      "x" : -1.8944272,
      "y" : 3.0652475,
      "z" : 2.618034
    },
    "orientation" : 2
  }, {
    "shape" : "3a102d80-a8f7-42d4-b731-94756101b95f",
    "color" : "#FFD98C",
    "position" : {
      "x" : 2.3416407,
      "y" : -3.7888544,
      "z" : 0.0
    },
    "orientation" : 21
  }, {
    "shape" : "acf6cfda-b6dd-4ff5-b395-17d4db9e268f",
    "color" : "#B0E0E6",
    "position" : {
      "x" : 2.3416407,
      "y" : -3.7888544,
      "z" : 0.0
    },
    "orientation" : 3
  }, {
    "shape" : "b6590a12-be10-498f-b92b-c3b6bbf37684",
    "color" : "#008EC2",
    "position" : {
      "x" : 0.7236068,
      "y" : -1.1708204,
      "z" : -4.236068
    },
    "orientation" : 55
  }, {
    "shape" : "3a102d80-a8f7-42d4-b731-94756101b95f",
    "color" : "#FFD98C",
    "position" : {
      "x" : -1.8944272,
      "y" : 3.0652475,
      "z" : 2.618034
    },
    "orientation" : 4
  }, {
    "shape" : "37521dee-b3dd-4e0f-b5a1-26fdd3de57ba",
    "color" : "#F2F2F2",
    "position" : {
      "x" : -3.0652475,
      "y" : -8.748529,
      "z" : 4.236068
    }
  }, {
    "shape" : "37521dee-b3dd-4e0f-b5a1-26fdd3de57ba",
    "color" : "#F2F2F2",
    "position" : {
      "x" : 0.0,
      "y" : 0.0,
      "z" : 0.0
    }
  }, {
    "shape" : "b6590a12-be10-498f-b92b-c3b6bbf37684",
    "color" : "#008EC2",
    "position" : {
      "x" : 9.195743,
      "y" : -1.1708204,
      "z" : -4.236068
    },
    "orientation" : 41
  }, {
    "shape" : "b6590a12-be10-498f-b92b-c3b6bbf37684",
    "color" : "#008EC2",
    "position" : {
      "x" : 9.195743,
      "y" : -1.1708204,
      "z" : 4.236068
    },
    "orientation" : 51
  }, {
    "shape" : "b6590a12-be10-498f-b92b-c3b6bbf37684",
    "color" : "#008EC2",
    "position" : {
      "x" : 4.959675,
      "y" : 5.6832814,
      "z" : -6.854102
    },
    "orientation" : 53
  }, {
    "shape" : "b6590a12-be10-498f-b92b-c3b6bbf37684",
    "color" : "#008EC2",
    "position" : {
      "x" : 4.959675,
      "y" : 5.6832814,
      "z" : -6.854102
    },
    "orientation" : 7
  }, {
    "shape" : "b6590a12-be10-498f-b92b-c3b6bbf37684",
    "color" : "#008EC2",
    "position" : {
      "x" : 2.3416407,
      "y" : 9.91935,
      "z" : 0.0
    },
    "orientation" : 37
  }, {
    "shape" : "37521dee-b3dd-4e0f-b5a1-26fdd3de57ba",
    "color" : "#F2F2F2",
    "position" : {
      "x" : 0.7236068,
      "y" : -1.1708204,
      "z" : -4.236068
    }
  }, {
    "shape" : "37521dee-b3dd-4e0f-b5a1-26fdd3de57ba",
    "color" : "#F2F2F2",
    "position" : {
      "x" : -7.301316,
      "y" : -1.8944272,
      "z" : -6.854102
    }
  }, {
    "shape" : "37521dee-b3dd-4e0f-b5a1-26fdd3de57ba",
    "color" : "#F2F2F2",
    "position" : {
      "x" : 4.959675,
      "y" : -8.024922,
      "z" : -6.854102
    }
  }, {
    "shape" : "b6590a12-be10-498f-b92b-c3b6bbf37684",
    "color" : "#008EC2",
    "position" : {
      "x" : -7.301316,
      "y" : -1.8944272,
      "z" : -6.854102
    },
    "orientation" : 7
  }, {
    "shape" : "b6590a12-be10-498f-b92b-c3b6bbf37684",
    "color" : "#008EC2",
    "position" : {
      "x" : 9.195743,
      "y" : -1.1708204,
      "z" : -4.236068
    },
    "orientation" : 2
  }, {
    "shape" : "b6590a12-be10-498f-b92b-c3b6bbf37684",
    "color" : "#008EC2",
    "position" : {
      "x" : 2.3416407,
      "y" : -3.7888544,
      "z" : 0.0
    },
    "orientation" : 37
  }, {
    "shape" : "3a102d80-a8f7-42d4-b731-94756101b95f",
    "color" : "#FFD98C",
    "position" : {
      "x" : 0.7236068,
      "y" : -1.1708204,
      "z" : 4.236068
    },
    "orientation" : 2
  }, {
    "shape" : "acf6cfda-b6dd-4ff5-b395-17d4db9e268f",
    "color" : "#B0E0E6",
    "position" : {
      "x" : 4.959675,
      "y" : -8.024922,
      "z" : -6.854102
    },
    "orientation" : 0
  }, {
    "shape" : "acf6cfda-b6dd-4ff5-b395-17d4db9e268f",
    "color" : "#B0E0E6",
    "position" : {
      "x" : -7.301316,
      "y" : -1.8944272,
      "z" : -6.854102
    },
    "orientation" : 30
  }, {
    "shape" : "552bb49d-7413-4836-9f5f-d382396d56b8",
    "color" : "#FFD98C",
    "position" : {
      "x" : -1.8944272,
      "y" : 3.0652475,
      "z" : 11.09017
    },
    "orientation" : 1
  }, {
    "shape" : "a6a951a6-c5fa-4b1f-8fec-17d64db259c7",
    "color" : "#FFFFFF",
    "position" : {
      "x" : -7.301316,
      "y" : -1.8944272,
      "z" : 6.854102
    },
    "orientation" : 39
  }, {
    "shape" : "f05a9721-df5d-4e0a-a429-b15ad0e89014",
    "color" : "#FFFFFF",
    "position" : {
      "x" : -3.0652475,
      "y" : -8.748529,
      "z" : -4.236068
    },
    "orientation" : 0
  }, {
    "shape" : "acf6cfda-b6dd-4ff5-b395-17d4db9e268f",
    "color" : "#B0E0E6",
    "position" : {
      "x" : -7.301316,
      "y" : -1.8944272,
      "z" : -6.854102
    },
    "orientation" : 39
  }, {
    "shape" : "552bb49d-7413-4836-9f5f-d382396d56b8",
    "color" : "#FFD98C",
    "position" : {
      "x" : -1.8944272,
      "y" : 3.0652475,
      "z" : -2.618034
    },
    "orientation" : 1
  }, {
    "shape" : "b6590a12-be10-498f-b92b-c3b6bbf37684",
    "color" : "#008EC2",
    "position" : {
      "x" : -3.0652475,
      "y" : -8.748529,
      "z" : 4.236068
    },
    "orientation" : 51
  }, {
    "shape" : "a6a951a6-c5fa-4b1f-8fec-17d64db259c7",
    "color" : "#FFFFFF",
    "position" : {
      "x" : -7.301316,
      "y" : -1.8944272,
      "z" : -6.854102
    },
    "orientation" : 36
  }, {
    "shape" : "acf6cfda-b6dd-4ff5-b395-17d4db9e268f",
    "color" : "#B0E0E6",
    "position" : {
      "x" : 2.3416407,
      "y" : -3.7888544,
      "z" : 0.0
    },
    "orientation" : 9
  }, {
    "shape" : "5970c79e-9a13-48c8-a717-390226a7ef5e",
    "color" : "#FFD98C",
    "position" : {
      "x" : 0.7236068,
      "y" : -1.1708204,
      "z" : -4.236068
    },
    "orientation" : 22
  }, {
    "shape" : "f05a9721-df5d-4e0a-a429-b15ad0e89014",
    "color" : "#FFFFFF",
    "position" : {
      "x" : -7.301316,
      "y" : -1.8944272,
      "z" : -6.854102
    },
    "orientation" : 3
  }, {
    "shape" : "dad9d073-2c13-47db-b4be-e84958a19844",
    "color" : "#EC888B",
    "position" : {
      "x" : 2.3416407,
      "y" : 9.91935,
      "z" : 0.0
    },
    "orientation" : 0
  }, {
    "shape" : "37521dee-b3dd-4e0f-b5a1-26fdd3de57ba",
    "color" : "#F2F2F2",
    "position" : {
      "x" : -3.0652475,
      "y" : -8.748529,
      "z" : -4.236068
    }
  }, {
    "shape" : "acf6cfda-b6dd-4ff5-b395-17d4db9e268f",
    "color" : "#B0E0E6",
    "position" : {
      "x" : -7.301316,
      "y" : -1.8944272,
      "z" : 6.854102
    },
    "orientation" : 39
  }, {
    "shape" : "3a102d80-a8f7-42d4-b731-94756101b95f",
    "color" : "#FFD98C",
    "position" : {
      "x" : 4.959675,
      "y" : -8.024922,
      "z" : 6.854102
    },
    "orientation" : 7
  }, {
    "shape" : "acf6cfda-b6dd-4ff5-b395-17d4db9e268f",
    "color" : "#B0E0E6",
    "position" : {
      "x" : -1.8944272,
      "y" : 3.0652475,
      "z" : 11.09017
    },
    "orientation" : 9
  }, {
    "shape" : "552bb49d-7413-4836-9f5f-d382396d56b8",
    "color" : "#FFD98C",
    "position" : {
      "x" : -1.8944272,
      "y" : 3.0652475,
      "z" : -2.618034
    },
    "orientation" : 54
  }, {
    "shape" : "b6590a12-be10-498f-b92b-c3b6bbf37684",
    "color" : "#008EC2",
    "position" : {
      "x" : -1.8944272,
      "y" : 3.0652475,
      "z" : -2.618034
    },
    "orientation" : 47
  }, {
    "shape" : "acf6cfda-b6dd-4ff5-b395-17d4db9e268f",
    "color" : "#B0E0E6",
    "position" : {
      "x" : 0.7236068,
      "y" : -1.1708204,
      "z" : -4.236068
    },
    "orientation" : 6
  }, {
    "shape" : "a6a951a6-c5fa-4b1f-8fec-17d64db259c7",
    "color" : "#FFFFFF",
    "position" : {
      "x" : -3.0652475,
      "y" : -8.748529,
      "z" : -4.236068
    },
    "orientation" : 33
  }, {
    "shape" : "3a102d80-a8f7-42d4-b731-94756101b95f",
    "color" : "#FFD98C",
    "position" : {
      "x" : 4.959675,
      "y" : -8.024922,
      "z" : -6.854102
    },
    "orientation" : 5
  }, {
    "shape" : "2cb342f0-6de9-4bee-8f14-6011effa7abb",
    "color" : "#EC888B",
    "position" : {
      "x" : -7.301316,
      "y" : -1.8944272,
      "z" : 6.854102
    },
    "orientation" : 30
  }, {
    "shape" : "b6590a12-be10-498f-b92b-c3b6bbf37684",
    "color" : "#008EC2",
    "position" : {
      "x" : 4.959675,
      "y" : 5.6832814,
      "z" : 6.854102
    },
    "orientation" : 53
  }, {
    "shape" : "37521dee-b3dd-4e0f-b5a1-26fdd3de57ba",
    "color" : "#F2F2F2",
    "position" : {
      "x" : 4.959675,
      "y" : 5.6832814,
      "z" : 6.854102
    }
  }, {
    "shape" : "37521dee-b3dd-4e0f-b5a1-26fdd3de57ba",
    "color" : "#F2F2F2",
    "position" : {
      "x" : 9.195743,
      "y" : -1.1708204,
      "z" : 4.236068
    }
  }, {
    "shape" : "37521dee-b3dd-4e0f-b5a1-26fdd3de57ba",
    "color" : "#F2F2F2",
    "position" : {
      "x" : 0.7236068,
      "y" : -1.1708204,
      "z" : 4.236068
    }
  }, {
    "shape" : "b6590a12-be10-498f-b92b-c3b6bbf37684",
    "color" : "#008EC2",
    "position" : {
      "x" : -3.0652475,
      "y" : -8.748529,
      "z" : -4.236068
    },
    "orientation" : 2
  }, {
    "shape" : "37521dee-b3dd-4e0f-b5a1-26fdd3de57ba",
    "color" : "#F2F2F2",
    "position" : {
      "x" : -7.301316,
      "y" : -1.8944272,
      "z" : 6.854102
    }
  }, {
    "shape" : "acf6cfda-b6dd-4ff5-b395-17d4db9e268f",
    "color" : "#B0E0E6",
    "position" : {
      "x" : -1.8944272,
      "y" : 3.0652475,
      "z" : -2.618034
    },
    "orientation" : 9
  }, {
    "shape" : "acf6cfda-b6dd-4ff5-b395-17d4db9e268f",
    "color" : "#B0E0E6",
    "position" : {
      "x" : -6.130495,
      "y" : 9.91935,
      "z" : 0.0
    },
    "orientation" : 6
  }, {
    "shape" : "b6590a12-be10-498f-b92b-c3b6bbf37684",
    "color" : "#008EC2",
    "position" : {
      "x" : 9.195743,
      "y" : -1.1708204,
      "z" : 4.236068
    },
    "orientation" : 53
  }, {
    "shape" : "acf6cfda-b6dd-4ff5-b395-17d4db9e268f",
    "color" : "#B0E0E6",
    "position" : {
      "x" : -1.8944272,
      "y" : 3.0652475,
      "z" : 2.618034
    },
    "orientation" : 12
  }, {
    "shape" : "37521dee-b3dd-4e0f-b5a1-26fdd3de57ba",
    "color" : "#F2F2F2",
    "position" : {
      "x" : 4.959675,
      "y" : 5.6832814,
      "z" : -6.854102
    }
  }, {
    "shape" : "37521dee-b3dd-4e0f-b5a1-26fdd3de57ba",
    "color" : "#F2F2F2",
    "position" : {
      "x" : -1.8944272,
      "y" : 3.0652475,
      "z" : 11.09017
    }
  }, {
    "shape" : "b6590a12-be10-498f-b92b-c3b6bbf37684",
    "color" : "#008EC2",
    "position" : {
      "x" : 9.195743,
      "y" : -1.1708204,
      "z" : -4.236068
    },
    "orientation" : 54
  }, {
    "shape" : "b6590a12-be10-498f-b92b-c3b6bbf37684",
    "color" : "#008EC2",
    "position" : {
      "x" : 4.959675,
      "y" : -8.024922,
      "z" : -6.854102
    },
    "orientation" : 7
  }, {
    "shape" : "b6590a12-be10-498f-b92b-c3b6bbf37684",
    "color" : "#008EC2",
    "position" : {
      "x" : -1.8944272,
      "y" : 3.0652475,
      "z" : 2.618034
    },
    "orientation" : 54
  }, {
    "shape" : "b6590a12-be10-498f-b92b-c3b6bbf37684",
    "color" : "#008EC2",
    "position" : {
      "x" : 9.195743,
      "y" : -1.1708204,
      "z" : 4.236068
    },
    "orientation" : 45
  }, {
    "shape" : "b6590a12-be10-498f-b92b-c3b6bbf37684",
    "color" : "#008EC2",
    "position" : {
      "x" : 4.959675,
      "y" : 5.6832814,
      "z" : -6.854102
    },
    "orientation" : 41
  }, {
    "shape" : "acf6cfda-b6dd-4ff5-b395-17d4db9e268f",
    "color" : "#B0E0E6",
    "position" : {
      "x" : -3.0652475,
      "y" : -8.748529,
      "z" : 4.236068
    },
    "orientation" : 30
  }, {
    "shape" : "b6590a12-be10-498f-b92b-c3b6bbf37684",
    "color" : "#008EC2",
    "position" : {
      "x" : 2.3416407,
      "y" : 9.91935,
      "z" : 0.0
    },
    "orientation" : 39
  }, {
    "shape" : "37521dee-b3dd-4e0f-b5a1-26fdd3de57ba",
    "color" : "#F2F2F2",
    "position" : {
      "x" : -6.130495,
      "y" : 9.91935,
      "z" : 0.0
    }
  }, {
    "shape" : "3a102d80-a8f7-42d4-b731-94756101b95f",
    "color" : "#FFD98C",
    "position" : {
      "x" : 0.7236068,
      "y" : -1.1708204,
      "z" : 4.236068
    },
    "orientation" : 5
  }, {
    "shape" : "b6590a12-be10-498f-b92b-c3b6bbf37684",
    "color" : "#008EC2",
    "position" : {
      "x" : -9.91935,
      "y" : 2.3416407,
      "z" : 0.0
    },
    "orientation" : 37
  }, {
    "shape" : "3a102d80-a8f7-42d4-b731-94756101b95f",
    "color" : "#FFD98C",
    "position" : {
      "x" : -6.130495,
      "y" : 9.91935,
      "z" : 0.0
    },
    "orientation" : 17
  }, {
    "shape" : "a6a951a6-c5fa-4b1f-8fec-17d64db259c7",
    "color" : "#FFFFFF",
    "position" : {
      "x" : -7.301316,
      "y" : -1.8944272,
      "z" : -6.854102
    },
    "orientation" : 30
  }, {
    "shape" : "3a102d80-a8f7-42d4-b731-94756101b95f",
    "color" : "#FFD98C",
    "position" : {
      "x" : -1.8944272,
      "y" : 3.0652475,
      "z" : -11.09017
    },
    "orientation" : 24
  }, {
    "shape" : "b6590a12-be10-498f-b92b-c3b6bbf37684",
    "color" : "#008EC2",
    "position" : {
      "x" : 4.959675,
      "y" : 5.6832814,
      "z" : 6.854102
    },
    "orientation" : 36
  }, {
    "shape" : "b6590a12-be10-498f-b92b-c3b6bbf37684",
    "color" : "#008EC2",
    "position" : {
      "x" : 4.959675,
      "y" : 5.6832814,
      "z" : 6.854102
    },
    "orientation" : 41
  }, {
    "shape" : "a6a951a6-c5fa-4b1f-8fec-17d64db259c7",
    "color" : "#FFFFFF",
    "position" : {
      "x" : -9.91935,
      "y" : 2.3416407,
      "z" : 0.0
    },
    "orientation" : 33
  }, {
    "shape" : "acf6cfda-b6dd-4ff5-b395-17d4db9e268f",
    "color" : "#B0E0E6",
    "position" : {
      "x" : -3.0652475,
      "y" : -8.748529,
      "z" : 4.236068
    },
    "orientation" : 36
  }, {
    "shape" : "b6590a12-be10-498f-b92b-c3b6bbf37684",
    "color" : "#008EC2",
    "position" : {
      "x" : 9.195743,
      "y" : -1.1708204,
      "z" : -4.236068
    },
    "orientation" : 45
  }, {
    "shape" : "37521dee-b3dd-4e0f-b5a1-26fdd3de57ba",
    "color" : "#F2F2F2",
    "position" : {
      "x" : -1.8944272,
      "y" : 3.0652475,
      "z" : -2.618034
    }
  }, {
    "shape" : "a6a951a6-c5fa-4b1f-8fec-17d64db259c7",
    "color" : "#FFFFFF",
    "position" : {
      "x" : -3.0652475,
      "y" : -8.748529,
      "z" : 4.236068
    },
    "orientation" : 36
  }, {
    "shape" : "37521dee-b3dd-4e0f-b5a1-26fdd3de57ba",
    "color" : "#F2F2F2",
    "position" : {
      "x" : 2.3416407,
      "y" : 9.91935,
      "z" : 0.0
    }
  } ],
  "scenes" : [ {
    "title" : "Edges",
    "content" : "",
    "view" : {
      "width" : 40.868988,
      "position" : {
        "x" : -45.409996,
        "y" : 73.474915,
        "z" : 28.064922
      },
      "lookAtPoint" : {
        "x" : 0.0,
        "y" : 0.0,
        "z" : 0.0
      },
      "lookDirection" : {
        "x" : 0.5,
        "y" : -0.809017,
        "z" : -0.309017
      },
      "upDirection" : {
        "x" : -0.8506508,
        "y" : -0.5257311,
        "z" : 0.0
      },
      "farClipDistance" : 181.63997,
      "nearClipDistance" : 0.22704998,
      "perspective" : false,
      "fieldOfView" : 0.4426288,
      "lookAtPointRV" : {
        "x" : 0.0,
        "y" : 0.0,
        "z" : 0.0,
        "zero" : true
      },
      "upDirectionRV" : {
        "x" : -0.8506508,
        "y" : -0.5257311,
        "z" : 0.0,
        "zero" : false
      },
      "viewDistance" : 90.81999,
      "lookDirectionRV" : {
        "x" : 0.5,
        "y" : -0.809017,
        "z" : -0.309017,
        "zero" : false
      },
      "stereo" : false
    },
    "snapshot" : 5
  }, {
    "title" : "Faces",
    "content" : "",
    "view" : {
      "width" : 40.868988,
      "position" : {
        "x" : -45.409996,
        "y" : 73.474915,
        "z" : 28.064922
      },
      "lookAtPoint" : {
        "x" : 0.0,
        "y" : 0.0,
        "z" : 0.0
      },
      "lookDirection" : {
        "x" : 0.5,
        "y" : -0.809017,
        "z" : -0.309017
      },
      "upDirection" : {
        "x" : -0.8506508,
        "y" : -0.5257311,
        "z" : 0.0
      },
      "farClipDistance" : 181.63997,
      "nearClipDistance" : 0.22704998,
      "perspective" : false,
      "fieldOfView" : 0.4426288,
      "lookAtPointRV" : {
        "x" : 0.0,
        "y" : 0.0,
        "z" : 0.0,
        "zero" : true
      },
      "upDirectionRV" : {
        "x" : -0.8506508,
        "y" : -0.5257311,
        "z" : 0.0,
        "zero" : false
      },
      "viewDistance" : 90.81999,
      "lookDirectionRV" : {
        "x" : 0.5,
        "y" : -0.809017,
        "z" : -0.309017,
        "zero" : false
      },
      "stereo" : false
    },
    "snapshot" : 4
  }, {
    "title" : "Complete",
    "content" : "",
    "view" : {
      "width" : 40.868988,
      "position" : {
        "x" : -45.409996,
        "y" : 73.474915,
