{
  "polygons" : "true",
  "field" : "golden",
  "symmetry" : "icosahedral",
  "orientations" : [ [ 1.0, 0.0, 0.0, 0.0, 0.0, 1.0, 0.0, 0.0, 0.0, 0.0, 1.0, 0.0, 0.0, 0.0, 0.0, 1.0 ], [ 0.0, 0.0, 1.0, 0.0, 1.0, 0.0, 0.0, 0.0, 0.0, 1.0, 0.0, 0.0, 0.0, 0.0, 0.0, 1.0 ], [ 0.0, 1.0, 0.0, 0.0, 0.0, 0.0, 1.0, 0.0, 1.0, 0.0, 0.0, 0.0, 0.0, 0.0, 0.0, 1.0 ], [ 0.809017, 0.309017, 0.5, 0.0, 0.309017, 0.5, -0.809017, 0.0, -0.5, 0.809017, 0.309017, 0.0, 0.0, 0.0, 0.0, 1.0 ], [ -0.5, 0.809017, 0.309017, 0.0, 0.809017, 0.309017, 0.5, 0.0, 0.309017, 0.5, -0.809017, 0.0, 0.0, 0.0, 0.0, 1.0 ], [ 0.309017, 0.5, -0.809017, 0.0, -0.5, 0.809017, 0.309017, 0.0, 0.809017, 0.309017, 0.5, 0.0, 0.0, 0.0, 0.0, 1.0 ], [ 0.5, 0.809017, 0.309017, 0.0, 0.809017, -0.309017, -0.5, 0.0, -0.309017, 0.5, -0.809017, 0.0, 0.0, 0.0, 0.0, 1.0 ], [ -0.309017, 0.5, -0.809017, 0.0, 0.5, 0.809017, 0.309017, 0.0, 0.809017, -0.309017, -0.5, 0.0, 0.0, 0.0, 0.0, 1.0 ], [ 0.809017, -0.309017, -0.5, 0.0, -0.309017, 0.5, -0.809017, 0.0, 0.5, 0.809017, 0.309017, 0.0, 0.0, 0.0, 0.0, 1.0 ], [ 0.5, 0.809017, -0.309017, 0.0, 0.809017, -0.309017, 0.5, 0.0, 0.309017, -0.5, -0.809017, 0.0, 0.0, 0.0, 0.0, 1.0 ], [ 0.309017, -0.5, -0.809017, 0.0, 0.5, 0.809017, -0.309017, 0.0, 0.809017, -0.309017, 0.5, 0.0, 0.0, 0.0, 0.0, 1.0 ], [ 0.809017, -0.309017, 0.5, 0.0, 0.309017, -0.5, -0.809017, 0.0, 0.5, 0.809017, -0.309017, 0.0, 0.0, 0.0, 0.0, 1.0 ], [ 0.809017, 0.309017, -0.5, 0.0, 0.309017, 0.5, 0.809017, 0.0, 0.5, -0.809017, 0.309017, 0.0, 0.0, 0.0, 0.0, 1.0 ], [ 0.5, -0.809017, 0.309017, 0.0, 0.809017, 0.309017, -0.5, 0.0, 0.309017, 0.5, 0.809017, 0.0, 0.0, 0.0, 0.0, 1.0 ], [ 0.309017, 0.5, 0.809017, 0.0, 0.5, -0.809017, 0.309017, 0.0, 0.809017, 0.309017, -0.5, 0.0, 0.0, 0.0, 0.0, 1.0 ], [ 1.0, 0.0, 0.0, 0.0, 0.0, -1.0, 0.0, 0.0, 0.0, 0.0, -1.0, 0.0, 0.0, 0.0, 0.0, 1.0 ], [ 0.0, 0.0, 1.0, 0.0, -1.0, 0.0, 0.0, 0.0, 0.0, -1.0, 0.0, 0.0, 0.0, 0.0, 0.0, 1.0 ], [ 0.0, 1.0, 0.0, 0.0, 0.0, 0.0, -1.0, 0.0, -1.0, 0.0, 0.0, 0.0, 0.0, 0.0, 0.0, 1.0 ], [ 0.809017, 0.309017, 0.5, 0.0, -0.309017, -0.5, 0.809017, 0.0, 0.5, -0.809017, -0.309017, 0.0, 0.0, 0.0, 0.0, 1.0 ], [ -0.5, 0.809017, 0.309017, 0.0, -0.809017, -0.309017, -0.5, 0.0, -0.309017, -0.5, 0.809017, 0.0, 0.0, 0.0, 0.0, 1.0 ], [ 0.309017, 0.5, -0.809017, 0.0, 0.5, -0.809017, -0.309017, 0.0, -0.809017, -0.309017, -0.5, 0.0, 0.0, 0.0, 0.0, 1.0 ], [ 0.5, 0.809017, 0.309017, 0.0, -0.809017, 0.309017, 0.5, 0.0, 0.309017, -0.5, 0.809017, 0.0, 0.0, 0.0, 0.0, 1.0 ], [ -0.309017, 0.5, -0.809017, 0.0, -0.5, -0.809017, -0.309017, 0.0, -0.809017, 0.309017, 0.5, 0.0, 0.0, 0.0, 0.0, 1.0 ], [ 0.809017, -0.309017, -0.5, 0.0, 0.309017, -0.5, 0.809017, 0.0, -0.5, -0.809017, -0.309017, 0.0, 0.0, 0.0, 0.0, 1.0 ], [ 0.5, 0.809017, -0.309017, 0.0, -0.809017, 0.309017, -0.5, 0.0, -0.309017, 0.5, 0.809017, 0.0, 0.0, 0.0, 0.0, 1.0 ], [ 0.309017, -0.5, -0.809017, 0.0, -0.5, -0.809017, 0.309017, 0.0, -0.809017, 0.309017, -0.5, 0.0, 0.0, 0.0, 0.0, 1.0 ], [ 0.809017, -0.309017, 0.5, 0.0, -0.309017, 0.5, 0.809017, 0.0, -0.5, -0.809017, 0.309017, 0.0, 0.0, 0.0, 0.0, 1.0 ], [ 0.809017, 0.309017, -0.5, 0.0, -0.309017, -0.5, -0.809017, 0.0, -0.5, 0.809017, -0.309017, 0.0, 0.0, 0.0, 0.0, 1.0 ], [ 0.5, -0.809017, 0.309017, 0.0, -0.809017, -0.309017, 0.5, 0.0, -0.309017, -0.5, -0.809017, 0.0, 0.0, 0.0, 0.0, 1.0 ], [ 0.309017, 0.5, 0.809017, 0.0, -0.5, 0.809017, -0.309017, 0.0, -0.809017, -0.309017, 0.5, 0.0, 0.0, 0.0, 0.0, 1.0 ], [ -1.0, 0.0, 0.0, 0.0, 0.0, -1.0, 0.0, 0.0, 0.0, 0.0, 1.0, 0.0, 0.0, 0.0, 0.0, 1.0 ], [ 0.0, 0.0, -1.0, 0.0, -1.0, 0.0, 0.0, 0.0, 0.0, 1.0, 0.0, 0.0, 0.0, 0.0, 0.0, 1.0 ], [ 0.0, -1.0, 0.0, 0.0, 0.0, 0.0, -1.0, 0.0, 1.0, 0.0, 0.0, 0.0, 0.0, 0.0, 0.0, 1.0 ], [ -0.809017, -0.309017, -0.5, 0.0, -0.309017, -0.5, 0.809017, 0.0, -0.5, 0.809017, 0.309017, 0.0, 0.0, 0.0, 0.0, 1.0 ], [ 0.5, -0.809017, -0.309017, 0.0, -0.809017, -0.309017, -0.5, 0.0, 0.309017, 0.5, -0.809017, 0.0, 0.0, 0.0, 0.0, 1.0 ], [ -0.309017, -0.5, 0.809017, 0.0, 0.5, -0.809017, -0.309017, 0.0, 0.809017, 0.309017, 0.5, 0.0, 0.0, 0.0, 0.0, 1.0 ], [ -0.5, -0.809017, -0.309017, 0.0, -0.809017, 0.309017, 0.5, 0.0, -0.309017, 0.5, -0.809017, 0.0, 0.0, 0.0, 0.0, 1.0 ], [ 0.309017, -0.5, 0.809017, 0.0, -0.5, -0.809017, -0.309017, 0.0, 0.809017, -0.309017, -0.5, 0.0, 0.0, 0.0, 0.0, 1.0 ], [ -0.809017, 0.309017, 0.5, 0.0, 0.309017, -0.5, 0.809017, 0.0, 0.5, 0.809017, 0.309017, 0.0, 0.0, 0.0, 0.0, 1.0 ], [ -0.5, -0.809017, 0.309017, 0.0, -0.809017, 0.309017, -0.5, 0.0, 0.309017, -0.5, -0.809017, 0.0, 0.0, 0.0, 0.0, 1.0 ], [ -0.309017, 0.5, 0.809017, 0.0, -0.5, -0.809017, 0.309017, 0.0, 0.809017, -0.309017, 0.5, 0.0, 0.0, 0.0, 0.0, 1.0 ], [ -0.809017, 0.309017, -0.5, 0.0, -0.309017, 0.5, 0.809017, 0.0, 0.5, 0.809017, -0.309017, 0.0, 0.0, 0.0, 0.0, 1.0 ], [ -0.809017, -0.309017, 0.5, 0.0, -0.309017, -0.5, -0.809017, 0.0, 0.5, -0.809017, 0.309017, 0.0, 0.0, 0.0, 0.0, 1.0 ], [ -0.5, 0.809017, -0.309017, 0.0, -0.809017, -0.309017, 0.5, 0.0, 0.309017, 0.5, 0.809017, 0.0, 0.0, 0.0, 0.0, 1.0 ], [ -0.309017, -0.5, -0.809017, 0.0, -0.5, 0.809017, -0.309017, 0.0, 0.809017, 0.309017, -0.5, 0.0, 0.0, 0.0, 0.0, 1.0 ], [ -1.0, 0.0, 0.0, 0.0, 0.0, 1.0, 0.0, 0.0, 0.0, 0.0, -1.0, 0.0, 0.0, 0.0, 0.0, 1.0 ], [ 0.0, 0.0, -1.0, 0.0, 1.0, 0.0, 0.0, 0.0, 0.0, -1.0, 0.0, 0.0, 0.0, 0.0, 0.0, 1.0 ], [ 0.0, -1.0, 0.0, 0.0, 0.0, 0.0, 1.0, 0.0, -1.0, 0.0, 0.0, 0.0, 0.0, 0.0, 0.0, 1.0 ], [ -0.809017, -0.309017, -0.5, 0.0, 0.309017, 0.5, -0.809017, 0.0, 0.5, -0.809017, -0.309017, 0.0, 0.0, 0.0, 0.0, 1.0 ], [ 0.5, -0.809017, -0.309017, 0.0, 0.809017, 0.309017, 0.5, 0.0, -0.309017, -0.5, 0.809017, 0.0, 0.0, 0.0, 0.0, 1.0 ], [ -0.309017, -0.5, 0.809017, 0.0, -0.5, 0.809017, 0.309017, 0.0, -0.809017, -0.309017, -0.5, 0.0, 0.0, 0.0, 0.0, 1.0 ], [ -0.5, -0.809017, -0.309017, 0.0, 0.809017, -0.309017, -0.5, 0.0, 0.309017, -0.5, 0.809017, 0.0, 0.0, 0.0, 0.0, 1.0 ], [ 0.309017, -0.5, 0.809017, 0.0, 0.5, 0.809017, 0.309017, 0.0, -0.809017, 0.309017, 0.5, 0.0, 0.0, 0.0, 0.0, 1.0 ], [ -0.809017, 0.309017, 0.5, 0.0, -0.309017, 0.5, -0.809017, 0.0, -0.5, -0.809017, -0.309017, 0.0, 0.0, 0.0, 0.0, 1.0 ], [ -0.5, -0.809017, 0.309017, 0.0, 0.809017, -0.309017, 0.5, 0.0, -0.309017, 0.5, 0.809017, 0.0, 0.0, 0.0, 0.0, 1.0 ], [ -0.309017, 0.5, 0.809017, 0.0, 0.5, 0.809017, -0.309017, 0.0, -0.809017, 0.309017, -0.5, 0.0, 0.0, 0.0, 0.0, 1.0 ], [ -0.809017, 0.309017, -0.5, 0.0, 0.309017, -0.5, -0.809017, 0.0, -0.5, -0.809017, 0.309017, 0.0, 0.0, 0.0, 0.0, 1.0 ], [ -0.809017, -0.309017, 0.5, 0.0, 0.309017, 0.5, 0.809017, 0.0, -0.5, 0.809017, -0.309017, 0.0, 0.0, 0.0, 0.0, 1.0 ], [ -0.5, 0.809017, -0.309017, 0.0, 0.809017, 0.309017, -0.5, 0.0, -0.309017, -0.5, -0.809017, 0.0, 0.0, 0.0, 0.0, 1.0 ], [ -0.309017, -0.5, -0.809017, 0.0, 0.5, -0.809017, 0.309017, 0.0, -0.809017, -0.309017, 0.5, 0.0, 0.0, 0.0, 0.0, 1.0 ] ],
  "lights" : {
    "ambientColor" : "#292929",
    "directionalLights" : [ {
      "direction" : [ 1.0, -1.0, -1.0 ],
      "color" : "#EBEBE4"
    }, {
      "direction" : [ -1.0, 0.0, 0.0 ],
      "color" : "#E4E4EB"
    }, {
      "direction" : [ 0.0, 0.0, -1.0 ],
      "color" : "#1E1E1E"
    } ],
    "backgroundColor" : "#AFC8DC"
  },
  "camera" : {
    "perspective" : false,
    "lookAtPointRV" : {
      "x" : 0.0,
      "y" : 0.0,
      "z" : 0.0,
      "zero" : true
    },
    "lookDirectionRV" : {
      "x" : 0.0,
      "y" : -0.3568221,
      "z" : -0.93417233,
      "zero" : false
    },
    "viewDistance" : 527.8855,
    "fieldOfView" : 0.44262937,
    "upDirectionRV" : {
      "x" : 0.1350454,
      "y" : 0.9256148,
      "z" : -0.3535534,
      "zero" : false
    },
    "nearClipDistance" : 1.319714,
    "stereo" : false,
    "width" : 237.54874,
    "position" : {
      "x" : 0.0,
      "y" : 188.36122,
      "z" : 493.13602
    },
    "lookDirection" : {
      "x" : 0.0,
      "y" : -0.3568221,
      "z" : -0.93417233
    },
    "upDirection" : {
      "x" : 0.1350454,
      "y" : 0.9256148,
      "z" : -0.3535534
    },
    "lookAtPoint" : {
      "x" : 0.0,
      "y" : 0.0,
      "z" : 0.0
    },
    "farClipDistance" : 1055.7701
  },
  "embedding" : [ 1.0, 0.0, 0.0, 0.0, 0.0, 1.0, 0.0, 0.0, 0.0, 0.0, 1.0, 0.0, 0.0, 0.0, 0.0, 1.0 ],
  "shapes" : [ {
    "id" : "37c45d1b-9fad-4f20-9891-fb861685bec4",
    "orbit" : "purple",
    "orbitC" : "[[2,-1,1],[0,0,1]]",
    "length" : "[2,2,1]",
    "name" : " :2 +2*phi",
    "vertices" : [ {
      "x" : 0.690983,
      "y" : 0.809017,
      "z" : 0.0
    }, {
      "x" : 0.809017,
      "y" : 0.618034,
      "z" : -0.309017
    }, {
      "x" : 0.809017,
      "y" : 0.618034,
      "z" : 0.309017
    }, {
      "x" : 1.0,
      "y" : 0.309017,
      "z" : -0.19098301
    }, {
      "x" : 1.0,
      "y" : 0.309017,
      "z" : 0.19098301
    }, {
      "x" : 1.618034,
      "y" : 0.42705098,
      "z" : -0.309017
    }, {
      "x" : 1.618034,
      "y" : 0.42705098,
      "z" : 0.309017
    }, {
      "x" : 1.618034,
      "y" : 0.809017,
      "z" : -0.309017
    }, {
      "x" : 1.618034,
      "y" : 0.809017,
      "z" : 0.309017
    }, {
      "x" : 34.27051,
      "y" : 12.899187,
      "z" : -0.309017
    }, {
      "x" : 34.27051,
      "y" : 12.899187,
      "z" : 0.309017
    }, {
      "x" : 34.27051,
      "y" : 13.281153,
      "z" : -0.309017
    }, {
      "x" : 34.27051,
      "y" : 13.281153,
      "z" : 0.309017
    }, {
      "x" : 34.888542,
      "y" : 13.399187,
      "z" : -0.19098301
    }, {
      "x" : 34.888542,
      "y" : 13.399187,
      "z" : 0.19098301
    }, {
      "x" : 35.079525,
      "y" : 13.09017,
      "z" : -0.309017
    }, {
      "x" : 35.079525,
      "y" : 13.09017,
      "z" : 0.309017
    }, {
      "x" : 35.19756,
      "y" : 12.899187,
      "z" : 0.0
    }, {
      "x" : 35.888542,
      "y" : 13.708204,
      "z" : 0.0
    } ],
    "faces" : [ {
      "vertices" : [ 5, 7, 11, 9 ]
    }, {
      "vertices" : [ 9, 11, 15 ]
    }, {
      "vertices" : [ 9, 17, 10 ]
    }, {
      "vertices" : [ 6, 10, 12, 8 ]
    }, {
      "vertices" : [ 10, 16, 12 ]
    }, {
      "vertices" : [ 7, 8, 12, 11 ]
    }, {
      "vertices" : [ 11, 13, 15 ]
    }, {
      "vertices" : [ 0, 7, 1 ]
    }, {
      "vertices" : [ 1, 5, 3 ]
    }, {
      "vertices" : [ 9, 15, 17 ]
    }, {
      "vertices" : [ 0, 2, 8 ]
    }, {
      "vertices" : [ 12, 16, 14 ]
    }, {
      "vertices" : [ 0, 1, 3, 4, 2 ]
    }, {
      "vertices" : [ 10, 17, 16 ]
    }, {
      "vertices" : [ 13, 14, 16, 17, 15 ]
    }, {
      "vertices" : [ 2, 4, 6 ]
    }, {
      "vertices" : [ 1, 7, 5 ]
    }, {
      "vertices" : [ 0, 8, 7 ]
    }, {
      "vertices" : [ 2, 6, 8 ]
    }, {
      "vertices" : [ 3, 5, 6, 4 ]
    }, {
      "vertices" : [ 11, 12, 14, 13 ]
    }, {
      "vertices" : [ 5, 9, 10, 6 ]
    } ]
  }, {
    "id" : "9e159570-2640-4c21-a2ee-a29547d5c7ed",
    "name" : "ball",
    "vertices" : [ {
      "x" : 0.309017,
      "y" : -0.809017,
      "z" : 0.618034
    }, {
      "x" : 0.809017,
      "y" : -0.618034,
      "z" : 0.309017
    }, {
      "x" : 0.618034,
      "y" : -0.309017,
      "z" : 0.809017
    }, {
      "x" : 1.0,
      "y" : 0.309017,
      "z" : 0.19098301
    }, {
      "x" : 0.809017,
      "y" : 0.618034,
      "z" : 0.309017
    }, {
      "x" : 0.618034,
      "y" : 0.309017,
      "z" : 0.809017
    }, {
      "x" : 0.809017,
      "y" : 0.0,
      "z" : 0.690983
    }, {
      "x" : 0.19098301,
      "y" : -1.0,
      "z" : 0.309017
    }, {
      "x" : -0.19098301,
      "y" : -1.0,
      "z" : 0.309017
    }, {
      "x" : -0.19098301,
      "y" : -1.0,
      "z" : -0.309017
    }, {
      "x" : 0.19098301,
      "y" : -1.0,
      "z" : -0.309017
    }, {
      "x" : 1.0,
      "y" : -0.309017,
      "z" : -0.19098301
    }, {
      "x" : 0.809017,
      "y" : -0.618034,
      "z" : -0.309017
    }, {
      "x" : 0.618034,
      "y" : -0.309017,
      "z" : -0.809017
    }, {
      "x" : 0.809017,
      "y" : 0.0,
      "z" : -0.690983
    }, {
      "x" : 0.0,
      "y" : 0.690983,
      "z" : -0.809017
    }, {
      "x" : 0.309017,
      "y" : 0.809017,
      "z" : -0.618034
    }, {
      "x" : 0.618034,
      "y" : 0.309017,
      "z" : -0.809017
    }, {
      "x" : 0.309017,
      "y" : 0.19098301,
      "z" : -1.0
    }, {
      "x" : 1.0,
      "y" : 0.309017,
      "z" : -0.19098301
    }, {
      "x" : -0.309017,
      "y" : -0.809017,
      "z" : 0.618034
    }, {
      "x" : 0.0,
      "y" : -0.690983,
      "z" : 0.809017
    }, {
      "x" : 0.809017,
      "y" : 0.618034,
      "z" : -0.309017
    }, {
      "x" : 0.690983,
      "y" : 0.809017,
      "z" : 0.0
    }, {
      "x" : -0.690983,
      "y" : 0.809017,
      "z" : 0.0
    }, {
      "x" : -0.809017,
      "y" : 0.618034,
      "z" : 0.309017
    }, {
      "x" : -0.309017,
      "y" : 0.809017,
      "z" : 0.618034
    }, {
      "x" : -0.19098301,
      "y" : 1.0,
      "z" : 0.309017
    }, {
      "x" : 0.309017,
      "y" : -0.19098301,
      "z" : -1.0
    }, {
      "x" : 0.19098301,
      "y" : 1.0,
      "z" : 0.309017
    }, {
      "x" : 0.309017,
      "y" : 0.809017,
      "z" : 0.618034
    }, {
      "x" : -0.809017,
      "y" : -0.618034,
      "z" : 0.309017
    }, {
      "x" : -0.690983,
      "y" : -0.809017,
      "z" : 0.0
    }, {
      "x" : 0.0,
      "y" : 0.690983,
      "z" : 0.809017
    }, {
      "x" : 0.309017,
      "y" : -0.809017,
      "z" : -0.618034
    }, {
      "x" : 0.0,
      "y" : -0.690983,
      "z" : -0.809017
    }, {
      "x" : -1.0,
      "y" : 0.309017,
      "z" : 0.19098301
    }, {
      "x" : -0.809017,
      "y" : 0.0,
      "z" : 0.690983
    }, {
      "x" : -0.618034,
      "y" : 0.309017,
      "z" : 0.809017
    }, {
      "x" : 1.0,
      "y" : -0.309017,
      "z" : 0.19098301
    }, {
      "x" : -0.309017,
      "y" : -0.809017,
      "z" : -0.618034
    }, {
      "x" : -1.0,
      "y" : 0.309017,
      "z" : -0.19098301
    }, {
      "x" : -1.0,
      "y" : -0.309017,
      "z" : -0.19098301
    }, {
      "x" : -1.0,
      "y" : -0.309017,
      "z" : 0.19098301
    }, {
      "x" : 0.19098301,
      "y" : 1.0,
      "z" : -0.309017
    }, {
      "x" : -0.809017,
      "y" : 0.618034,
      "z" : -0.309017
    }, {
      "x" : -0.19098301,
      "y" : 1.0,
      "z" : -0.309017
    }, {
      "x" : -0.309017,
      "y" : 0.809017,
      "z" : -0.618034
    }, {
      "x" : -0.618034,
      "y" : -0.309017,
      "z" : 0.809017
    }, {
      "x" : 0.309017,
      "y" : 0.19098301,
      "z" : 1.0
    }, {
      "x" : -0.309017,
      "y" : 0.19098301,
      "z" : -1.0
    }, {
      "x" : -0.309017,
      "y" : 0.19098301,
      "z" : 1.0
    }, {
      "x" : -0.309017,
      "y" : -0.19098301,
      "z" : 1.0
    }, {
      "x" : 0.309017,
      "y" : -0.19098301,
      "z" : 1.0
    }, {
      "x" : 0.690983,
      "y" : -0.809017,
      "z" : 0.0
    }, {
      "x" : -0.809017,
      "y" : 0.0,
      "z" : -0.690983
    }, {
      "x" : -0.618034,
      "y" : -0.309017,
      "z" : -0.809017
    }, {
      "x" : -0.309017,
      "y" : -0.19098301,
      "z" : -1.0
    }, {
      "x" : -0.618034,
      "y" : 0.309017,
      "z" : -0.809017
    }, {
      "x" : -0.809017,
      "y" : -0.618034,
      "z" : -0.309017
    } ],
    "faces" : [ {
      "vertices" : [ 9, 40, 35, 34, 10 ]
    }, {
      "vertices" : [ 0, 1, 2 ]
    }, {
      "vertices" : [ 33, 51, 49 ]
    }, {
      "vertices" : [ 25, 36, 37, 38 ]
    }, {
      "vertices" : [ 41, 55, 42 ]
    }, {
      "vertices" : [ 9, 32, 59, 40 ]
    }, {
      "vertices" : [ 20, 21, 52, 48 ]
    }, {
      "vertices" : [ 26, 33, 30, 29, 27 ]
    }, {
      "vertices" : [ 3, 4, 5, 6 ]
    }, {
      "vertices" : [ 27, 29, 44, 46 ]
    }, {
      "vertices" : [ 50, 57, 56, 55, 58 ]
    }, {
      "vertices" : [ 26, 38, 51, 33 ]
    }, {
      "vertices" : [ 45, 47, 58 ]
    }, {
      "vertices" : [ 18, 28, 57, 50 ]
    }, {
      "vertices" : [ 40, 59, 56 ]
    }, {
      "vertices" : [ 31, 48, 37, 43 ]
    }, {
      "vertices" : [ 7, 8, 9, 10 ]
    }, {
      "vertices" : [ 36, 41, 42, 43 ]
    }, {
      "vertices" : [ 24, 46, 47, 45 ]
    }, {
      "vertices" : [ 4, 30, 5 ]
    }, {
      "vertices" : [ 15, 47, 46, 44, 16 ]
    }, {
      "vertices" : [ 15, 50, 58, 47 ]
    }, {
      "vertices" : [ 24, 45, 41, 36, 25 ]
    }, {
      "vertices" : [ 11, 14, 19 ]
    }, {
      "vertices" : [ 3, 6, 39 ]
    }, {
      "vertices" : [ 1, 39, 6, 2 ]
    }, {
      "vertices" : [ 8, 32, 9 ]
    }, {
      "vertices" : [ 11, 12, 13, 14 ]
    }, {
      "vertices" : [ 16, 22, 17 ]
    }, {
      "vertices" : [ 0, 21, 20, 8, 7 ]
    }, {
      "vertices" : [ 12, 34, 13 ]
    }, {
      "vertices" : [ 35, 40, 56, 57 ]
    }, {
      "vertices" : [ 0, 7, 54, 1 ]
    }, {
      "vertices" : [ 15, 16, 17, 18 ]
    }, {
      "vertices" : [ 3, 19, 22, 23, 4 ]
    }, {
      "vertices" : [ 7, 10, 54 ]
    }, {
      "vertices" : [ 41, 45, 58, 55 ]
    }, {
      "vertices" : [ 3, 39, 11, 19 ]
    }, {
      "vertices" : [ 14, 17, 22, 19 ]
    }, {
      "vertices" : [ 0, 2, 53, 21 ]
    }, {
      "vertices" : [ 49, 51, 52, 53 ]
    }, {
      "vertices" : [ 31, 43, 42, 59, 32 ]
    }, {
      "vertices" : [ 15, 18, 50 ]
    }, {
      "vertices" : [ 42, 55, 56, 59 ]
    }, {
      "vertices" : [ 4, 23, 29, 30 ]
    }, {
      "vertices" : [ 25, 38, 26 ]
    }, {
      "vertices" : [ 13, 28, 18, 17, 14 ]
    }, {
      "vertices" : [ 8, 20, 31, 32 ]
    }, {
      "vertices" : [ 23, 44, 29 ]
    }, {
      "vertices" : [ 24, 27, 46 ]
    }, {
      "vertices" : [ 37, 48, 52, 51, 38 ]
    }, {
      "vertices" : [ 20, 48, 31 ]
    }, {
      "vertices" : [ 24, 25, 26, 27 ]
    }, {
      "vertices" : [ 16, 44, 23, 22 ]
    }, {
      "vertices" : [ 13, 34, 35, 28 ]
    }, {
      "vertices" : [ 10, 34, 12, 54 ]
    }, {
      "vertices" : [ 2, 6, 5, 49, 53 ]
    }, {
      "vertices" : [ 36, 43, 37 ]
    }, {
      "vertices" : [ 5, 30, 33, 49 ]
    }, {
      "vertices" : [ 1, 54, 12, 11, 39 ]
    }, {
      "vertices" : [ 28, 35, 57 ]
    }, {
      "vertices" : [ 21, 53, 52 ]
    } ]
  }, {
    "id" : "ca243238-4c77-4c8e-be22-a739c878d687",
    "vertices" : [ {
      "x" : 0.0,
      "y" : 0.0,
      "z" : 0.0
    }, {
      "x" : -6.854102,
      "y" : -33.27051,
      "z" : -17.944271
    }, {
      "x" : -13.708204,
      "y" : 0.0,
      "z" : -35.888542
    } ],
    "faces" : [ {
      "vertices" : [ 0, 1, 2 ]
    }, {
      "vertices" : [ 0, 2, 1 ]
    } ]
  }, {
    "id" : "b1de178c-18f2-40be-a994-01555b88fbdf",
    "orbit" : "yellow",
    "orbitC" : "[[0,0,1],[2,-1,1]]",
    "length" : "[6,9,1]",
    "name" : " :6 +9*phi",
    "vertices" : [ {
      "x" : 0.809017,
      "y" : 0.0,
      "z" : -0.690983
    }, {
      "x" : 1.0,
      "y" : 0.309017,
      "z" : -0.19098301
    }, {
      "x" : 69.65905,
      "y" : 0.309017,
      "z" : -26.416409
    }, {
      "x" : 69.46807,
      "y" : 0.0,
      "z" : -26.916409
    }, {
      "x" : 139.93614,
      "y" : 0.309017,
      "z" : -53.641834
    }, {
      "x" : 1.0,
      "y" : -0.309017,
      "z" : -0.19098301
    }, {
      "x" : 69.65905,
      "y" : -0.309017,
      "z" : -26.416409
    }, {
      "x" : 71.277084,
      "y" : 0.309017,
      "z" : -27.416409
    }, {
      "x" : 71.46807,
      "y" : 0.0,
      "z" : -26.916409
    }, {
      "x" : 140.93614,
      "y" : 0.0,
      "z" : -53.832817
    }, {
      "x" : 71.277084,
      "y" : -0.309017,
      "z" : -27.416409
    }, {
      "x" : 140.12712,
      "y" : 0.0,
      "z" : -53.141834
    }, {
      "x" : 139.93614,
      "y" : -0.309017,
      "z" : -53.641834
    } ],
    "faces" : [ {
      "vertices" : [ 2, 6, 8 ]
    }, {
      "vertices" : [ 4, 12, 10, 7 ]
    }, {
      "vertices" : [ 2, 8, 7 ]
    }, {
      "vertices" : [ 3, 10, 6 ]
    }, {
      "vertices" : [ 3, 7, 10 ]
    }, {
      "vertices" : [ 0, 1, 2, 3 ]
    }, {
      "vertices" : [ 6, 10, 8 ]
    }, {
      "vertices" : [ 8, 10, 12, 11 ]
    }, {
      "vertices" : [ 2, 7, 3 ]
    }, {
      "vertices" : [ 0, 3, 6, 5 ]
    }, {
      "vertices" : [ 1, 5, 6, 2 ]
    }, {
      "vertices" : [ 4, 7, 8, 11 ]
    } ]
  }, {
    "id" : "4cef913d-0404-465f-bf5f-bf7d76d26a77",
    "vertices" : [ {
      "x" : 0.0,
      "y" : 0.0,
      "z" : 0.0
    }, {
      "x" : -6.854102,
      "y" : 33.27051,
      "z" : -17.944271
    }, {
      "x" : 6.854102,
      "y" : 33.27051,
      "z" : 17.944271
    } ],
    "faces" : [ {
      "vertices" : [ 0, 1, 2 ]
    }, {
      "vertices" : [ 0, 2, 1 ]
    } ]
  }, {
    "id" : "32b30944-5d1f-45c9-a16a-268646d1ea38",
    "vertices" : [ {
      "x" : 0.0,
      "y" : 0.0,
      "z" : 0.0
    }, {
      "x" : 13.708204,
      "y" : 0.0,
      "z" : 35.888542
    }, {
      "x" : 6.854102,
      "y" : -33.27051,
      "z" : 17.944271
    } ],
    "faces" : [ {
      "vertices" : [ 0, 1, 2 ]
    }, {
      "vertices" : [ 0, 2, 1 ]
    } ]
  } ],
  "instances" : [ {
    "shape" : "37c45d1b-9fad-4f20-9891-fb861685bec4",
    "color" : "#FF0000",
    "position" : {
      "x" : 33.27051,
      "y" : -17.944271,
      "z" : 6.854102
    },
    "orientation" : 46
  }, {
    "shape" : "37c45d1b-9fad-4f20-9891-fb861685bec4",
    "color" : "#FF0000",
    "position" : {
      "x" : -33.27051,
      "y" : -17.944271,
      "z" : 6.854102
    },
    "orientation" : 18
  }, {
    "shape" : "37c45d1b-9fad-4f20-9891-fb861685bec4",
    "color" : "#FF0000",
    "position" : {
      "x" : -33.27051,
      "y" : 17.944271,
      "z" : -6.854102
    },
    "orientation" : 3
  }, {
    "shape" : "37c45d1b-9fad-4f20-9891-fb861685bec4",
    "color" : "#FF0000",
    "position" : {
      "x" : 0.0,
      "y" : 0.0,
      "z" : 0.0
    },
    "orientation" : 42
  }, {
    "shape" : "9e159570-2640-4c21-a2ee-a29547d5c7ed",
    "color" : "#FF0000",
    "position" : {
      "x" : 33.27051,
      "y" : 17.944271,
      "z" : -6.854102
    }
  }, {
    "shape" : "9e159570-2640-4c21-a2ee-a29547d5c7ed",
    "color" : "#FF0000",
    "position" : {
      "x" : -33.27051,
      "y" : -17.944271,
      "z" : 6.854102
    }
  }, {
    "shape" : "37c45d1b-9fad-4f20-9891-fb861685bec4",
    "color" : "#FF0000",
    "position" : {
      "x" : 33.27051,
      "y" : 17.944271,
      "z" : -6.854102
    },
    "orientation" : 57
  }, {
    "shape" : "9e159570-2640-4c21-a2ee-a29547d5c7ed",
    "color" : "#FF0000",
    "position" : {
      "x" : 0.0,
      "y" : 0.0,
      "z" : 0.0
    }
  }, {
    "shape" : "37c45d1b-9fad-4f20-9891-fb861685bec4",
    "color" : "#FF0000",
    "position" : {
      "x" : 0.0,
      "y" : 0.0,
      "z" : 0.0
    },
    "orientation" : 3
  }, {
    "shape" : "9e159570-2640-4c21-a2ee-a29547d5c7ed",
    "color" : "#FF0000",
    "position" : {
      "x" : 33.27051,
      "y" : -17.944271,
      "z" : 6.854102
    }
  }, {
    "shape" : "9e159570-2640-4c21-a2ee-a29547d5c7ed",
    "color" : "#FF0000",
    "position" : {
      "x" : -33.27051,
      "y" : 17.944271,
      "z" : -6.854102
    }
  }, {
    "shape" : "37c45d1b-9fad-4f20-9891-fb861685bec4",
    "color" : "#FF0000",
    "position" : {
      "x" : 0.0,
      "y" : 0.0,
      "z" : 0.0
    },
    "orientation" : 46
  }, {
    "shape" : "ca243238-4c77-4c8e-be22-a739c878d687",
    "color" : "#FF0000",
    "position" : {
      "x" : 0.0,
      "y" : 0.0,
      "z" : 0.0
    },
    "orientation" : 7
  }, {
    "shape" : "37c45d1b-9fad-4f20-9891-fb861685bec4",
    "color" : "#FF0000",
    "position" : {
      "x" : 0.0,
      "y" : -35.888542,
      "z" : 13.708204
    },
    "orientation" : 3
  }, {
    "shape" : "37c45d1b-9fad-4f20-9891-fb861685bec4",
    "color" : "#FF0000",
    "position" : {
      "x" : -33.27051,
      "y" : -17.944271,
      "z" : 6.854102
    },
    "orientation" : 46
  }, {
    "shape" : "9e159570-2640-4c21-a2ee-a29547d5c7ed",
    "color" : "#FF0000",
    "position" : {
      "x" : 0.0,
      "y" : 35.888542,
      "z" : -13.708204
    }
  }, {
    "shape" : "37c45d1b-9fad-4f20-9891-fb861685bec4",
    "color" : "#FF0000",
    "position" : {
      "x" : 0.0,
      "y" : -35.888542,
      "z" : 13.708204
    },
    "orientation" : 46
  }, {
    "shape" : "9e159570-2640-4c21-a2ee-a29547d5c7ed",
    "color" : "#FF0000",
    "position" : {
      "x" : 0.0,
      "y" : -35.888542,
      "z" : 13.708204
    }
  }, {
    "shape" : "37c45d1b-9fad-4f20-9891-fb861685bec4",
    "color" : "#FF0000",
    "position" : {
      "x" : 0.0,
      "y" : 0.0,
      "z" : 0.0
    },
    "orientation" : 57
  }, {
    "shape" : "37c45d1b-9fad-4f20-9891-fb861685bec4",
    "color" : "#FF0000",
    "position" : {
      "x" : 0.0,
      "y" : 0.0,
      "z" : 0.0
    },
    "orientation" : 18
  } ],
  "scenes" : [ {
    "title" : "First",
    "content" : "",
    "view" : {
      "perspective" : false,
      "lookAtPointRV" : {
        "x" : 0.0,
        "y" : 0.0,
        "z" : 0.0,
        "zero" : true
      },
      "lookDirectionRV" : {
        "x" : 0.0,
        "y" : -0.3568221,
        "z" : -0.93417233,
        "zero" : false
      },
      "viewDistance" : 527.8855,
      "fieldOfView" : 0.44262937,
      "upDirectionRV" : {
        "x" : 0.1350454,
        "y" : 0.9256148,
        "z" : -0.3535534,
        "zero" : false
      },
      "nearClipDistance" : 1.319714,
      "stereo" : false,
      "width" : 237.54874,
      "position" : {
        "x" : 0.0,
        "y" : 188.36122,
        "z" : 493.13602
      },
      "lookDirection" : {
        "x" : 0.0,
        "y" : -0.3568221,
        "z" : -0.93417233
      },
      "upDirection" : {
        "x" : 0.1350454,
        "y" : 0.9256148,
        "z" : -0.3535534
      },
      "lookAtPoint" : {
        "x" : 0.0,
        "y" : 0.0,
        "z" : 0.0
      },
      "farClipDistance" : 1055.7701
    },
    "snapshot" : 0
  }, {
    "title" : "Second",
    "content" : "",
    "view" : {
      "perspective" : false,
      "lookAtPointRV" : {
        "x" : 0.0,
        "y" : 0.0,
        "z" : 0.0,
        "zero" : true
      },
      "lookDirectionRV" : {
        "x" : 0.0,
        "y" : -0.3568221,
        "z" : -0.93417233,
        "zero" : false
      },
      "viewDistance" : 527.8855,
      "fieldOfView" : 0.44262937,
      "upDirectionRV" : {
        "x" : 0.1350454,
        "y" : 0.9256148,
        "z" : -0.3535534,
        "zero" : false
      },
      "nearClipDistance" : 1.319714,
      "stereo" : false,
      "width" : 237.54874,
      "position" : {
        "x" : 0.0,
        "y" : 188.36122,
        "z" : 493.13602
      },
      "lookDirection" : {
        "x" : 0.0,
        "y" : -0.3568221,
        "z" : -0.93417233
      },
      "upDirection" : {
        "x" : 0.1350454,
        "y" : 0.9256148,
        "z" : -0.3535534
      },
      "lookAtPoint" : {
        "x" : 0.0,
        "y" : 0.0,
        "z" : 0.0
      },
      "farClipDistance" : 1055.7701
    },
    "snapshot" : 1
  }, {
    "title" : "Third",
    "content" : "",
    "view" : {
      "perspective" : false,
      "lookAtPointRV" : {
        "x" : 0.0,
        "y" : 0.0,
        "z" : 0.0,
        "zero" : true
      },
      "lookDirectionRV" : {
        "x" : 0.0,
        "y" : -0.3568221,
        "z" : -0.93417233,
        "zero" : false
      },
      "viewDistance" : 527.8855,
      "fieldOfView" : 0.44262937,
      "upDirectionRV" : {
        "x" : 0.1350454,
        "y" : 0.9256148,
        "z" : -0.3535534,
        "zero" : false
      },
      "nearClipDistance" : 1.319714,
      "stereo" : false,
      "width" : 237.54874,
      "position" : {
        "x" : 0.0,
        "y" : 188.36122,
        "z" : 493.13602
      },
      "lookDirection" : {
        "x" : 0.0,
        "y" : -0.3568221,
        "z" : -0.93417233
      },
      "upDirection" : {
        "x" : 0.1350454,
        "y" : 0.9256148,
        "z" : -0.3535534
      },
      "lookAtPoint" : {
        "x" : 0.0,
        "y" : 0.0,
        "z" : 0.0
      },
      "farClipDistance" : 1055.7701
    },
    "snapshot" : 2
  } ],
  "snapshots" : [ [ {
    "shape" : "9e159570-2640-4c21-a2ee-a29547d5c7ed",
    "color" : "#FF0000",
    "position" : {
      "x" : -33.27051,
      "y" : 17.944271,
      "z" : -6.854102
    },
    "orientation" : 0
  }, {
    "shape" : "b1de178c-18f2-40be-a994-01555b88fbdf",
    "color" : "#FF0000",
    "position" : {
      "x" : 0.0,
      "y" : 0.0,
      "z" : 0.0
    },
    "orientation" : 7
  }, {
    "shape" : "9e159570-2640-4c21-a2ee-a29547d5c7ed",
    "color" : "#FF0000",
    "position" : {
      "x" : 33.27051,
      "y" : -17.944271,
      "z" : 6.854102
    },
    "orientation" : 0
  }, {
    "shape" : "9e159570-2640-4c21-a2ee-a29547d5c7ed",
    "color" : "#FF0000",
    "position" : {
      "x" : -33.27051,
      "y" : -17.944271,
      "z" : 6.854102
    },
    "orientation" : 0
  }, {
    "shape" : "37c45d1b-9fad-4f20-9891-fb861685bec4",
    "color" : "#FF0000",
    "position" : {
      "x" : 0.0,
      "y" : 0.0,
      "z" : 0.0
    },
    "orientation" : 57
  }, {
    "shape" : "9e159570-2640-4c21-a2ee-a29547d5c7ed",
    "color" : "#FF0000",
    "position" : {
      "x" : 0.0,
      "y" : 0.0,
      "z" : 0.0
    },
    "orientation" : 0
  }, {
    "shape" : "37c45d1b-9fad-4f20-9891-fb861685bec4",
    "color" : "#FF0000",
    "position" : {
      "x" : 33.27051,
      "y" : -17.944271,
      "z" : 6.854102
    },
    "orientation" : 46
  }, {
    "shape" : "37c45d1b-9fad-4f20-9891-fb861685bec4",
    "color" : "#FF0000",
    "position" : {
      "x" : -33.27051,
      "y" : -17.944271,
      "z" : 6.854102
    },
    "orientation" : 18
  }, {
    "shape" : "37c45d1b-9fad-4f20-9891-fb861685bec4",
    "color" : "#FF0000",
    "position" : {
      "x" : -33.27051,
      "y" : -17.944271,
      "z" : 6.854102
    },
    "orientation" : 46
  }, {
    "shape" : "37c45d1b-9fad-4f20-9891-fb861685bec4",
    "color" : "#FF0000",
    "position" : {
      "x" : 0.0,
      "y" : -35.888542,
      "z" : 13.708204
    },
    "orientation" : 3
  }, {
    "shape" : "37c45d1b-9fad-4f20-9891-fb861685bec4",
    "color" : "#FF0000",
    "position" : {
      "x" : 33.27051,
      "y" : 17.944271,
      "z" : -6.854102
    },
    "orientation" : 57
  }, {
    "shape" : "9e159570-2640-4c21-a2ee-a29547d5c7ed",
    "color" : "#FF0000",
    "position" : {
      "x" : 0.0,
      "y" : -35.888542,
      "z" : 13.708204
    },
    "orientation" : 0
  }, {
    "shape" : "37c45d1b-9fad-4f20-9891-fb861685bec4",
    "color" : "#FF0000",
    "position" : {
      "x" : 0.0,
      "y" : 0.0,
      "z" : 0.0
    },
    "orientation" : 18
  }, {
    "shape" : "37c45d1b-9fad-4f20-9891-fb861685bec4",
    "color" : "#FF0000",
    "position" : {
      "x" : 0.0,
      "y" : 0.0,
      "z" : 0.0
    },
    "orientation" : 46
  }, {
    "shape" : "4cef913d-0404-465f-bf5f-bf7d76d26a77",
    "color" : "#FF0000",
    "position" : {
      "x" : 0.0,
      "y" : 0.0,
      "z" : 0.0
    },
    "glow" : 0.8,
    "orientation" : 7
  }, {
    "shape" : "9e159570-2640-4c21-a2ee-a29547d5c7ed",
    "color" : "#FF0000",
    "position" : {
      "x" : 0.0,
      "y" : 35.888542,
      "z" : -13.708204
    },
    "orientation" : 0
  }, {
    "shape" : "37c45d1b-9fad-4f20-9891-fb861685bec4",
    "color" : "#FF0000",
    "position" : {
      "x" : 0.0,
      "y" : -35.888542,
      "z" : 13.708204
    },
    "orientation" : 46
  }, {
    "shape" : "37c45d1b-9fad-4f20-9891-fb861685bec4",
    "color" : "#FF0000",
    "position" : {
      "x" : 0.0,
      "y" : 0.0,
      "z" : 0.0
    },
    "orientation" : 3
  }, {
    "shape" : "37c45d1b-9fad-4f20-9891-fb861685bec4",
    "color" : "#FF0000",
    "position" : {
      "x" : -33.27051,
      "y" : 17.944271,
      "z" : -6.854102
    },
    "orientation" : 3
  }, {
    "shape" : "9e159570-2640-4c21-a2ee-a29547d5c7ed",
    "color" : "#FF0000",
    "position" : {
      "x" : 33.27051,
      "y" : 17.944271,
      "z" : -6.854102
    },
    "orientation" : 0
  }, {
    "shape" : "37c45d1b-9fad-4f20-9891-fb861685bec4",
    "color" : "#FF0000",
    "position" : {
      "x" : 0.0,
      "y" : 0.0,
      "z" : 0.0
    },
    "orientation" : 42
  } ], [ {
    "shape" : "b1de178c-18f2-40be-a994-01555b88fbdf",
    "color" : "#FF0000",
    "position" : {
      "x" : 0.0,
      "y" : 0.0,
      "z" : 0.0
    },
    "orientation" : 7
  }, {
    "shape" : "9e159570-2640-4c21-a2ee-a29547d5c7ed",
    "color" : "#FF0000",
    "position" : {
      "x" : 0.0,
      "y" : 0.0,
      "z" : 0.0
    },
    "orientation" : 0
  }, {
    "shape" : "9e159570-2640-4c21-a2ee-a29547d5c7ed",
    "color" : "#FF0000",
    "position" : {
      "x" : 0.0,
      "y" : -35.888542,
      "z" : 13.708204
    },
    "orientation" : 0
  }, {
    "shape" : "32b30944-5d1f-45c9-a16a-268646d1ea38",
    "color" : "#FF0000",
    "position" : {
      "x" : 0.0,
      "y" : 0.0,
      "z" : 0.0
    },
    "glow" : 0.8,
    "orientation" : 7
  }, {
    "shape" : "37c45d1b-9fad-4f20-9891-fb861685bec4",
    "color" : "#FF0000",
    "position" : {
      "x" : -33.27051,
      "y" : -17.944271,
      "z" : 6.854102
    },
    "orientation" : 46
  }, {
    "shape" : "37c45d1b-9fad-4f20-9891-fb861685bec4",
    "color" : "#FF0000",
    "position" : {
      "x" : 33.27051,
      "y" : -17.944271,
      "z" : 6.854102
    },
    "orientation" : 46
  }, {
    "shape" : "9e159570-2640-4c21-a2ee-a29547d5c7ed",
    "color" : "#FF0000",
    "position" : {
      "x" : 0.0,
      "y" : 35.888542,
      "z" : -13.708204
    },
    "orientation" : 0
  }, {
    "shape" : "37c45d1b-9fad-4f20-9891-fb861685bec4",
    "color" : "#FF0000",
    "position" : {
      "x" : 0.0,
      "y" : -35.888542,
      "z" : 13.708204
    },
    "orientation" : 3
  }, {
    "shape" : "37c45d1b-9fad-4f20-9891-fb861685bec4",
    "color" : "#FF0000",
    "position" : {
      "x" : -33.27051,
      "y" : -17.944271,
      "z" : 6.854102
    },
    "orientation" : 18
  }, {
    "shape" : "9e159570-2640-4c21-a2ee-a29547d5c7ed",
    "color" : "#FF0000",
    "position" : {
      "x" : -33.27051,
      "y" : -17.944271,
      "z" : 6.854102
    },
    "orientation" : 0
  }, {
    "shape" : "37c45d1b-9fad-4f20-9891-fb861685bec4",
    "color" : "#FF0000",
    "position" : {
      "x" : 0.0,
      "y" : 0.0,
      "z" : 0.0
    },
    "orientation" : 46
  }, {
    "shape" : "9e159570-2640-4c21-a2ee-a29547d5c7ed",
    "color" : "#FF0000",
    "position" : {
      "x" : 33.27051,
      "y" : 17.944271,
      "z" : -6.854102
    },
    "orientation" : 0
  }, {
    "shape" : "37c45d1b-9fad-4f20-9891-fb861685bec4",
    "color" : "#FF0000",
    "position" : {
      "x" : 0.0,
      "y" : 0.0,
      "z" : 0.0
    },
    "orientation" : 42
  }, {
    "shape" : "9e159570-2640-4c21-a2ee-a29547d5c7ed",
    "color" : "#FF0000",
    "position" : {
      "x" : -33.27051,
      "y" : 17.944271,
      "z" : -6.854102
    },
    "orientation" : 0
  }, {
    "shape" : "37c45d1b-9fad-4f20-9891-fb861685bec4",
    "color" : "#FF0000",
    "position" : {
      "x" : 33.27051,
      "y" : 17.944271,
      "z" : -6.854102
    },
    "orientation" : 57
  }, {
    "shape" : "37c45d1b-9fad-4f20-9891-fb861685bec4",
    "color" : "#FF0000",
    "position" : {
      "x" : 0.0,
      "y" : 0.0,
      "z" : 0.0
    },
    "orientation" : 57
  }, {
    "shape" : "37c45d1b-9fad-4f20-9891-fb861685bec4",
    "color" : "#FF0000",
    "position" : {
      "x" : 0.0,
      "y" : 0.0,
      "z" : 0.0
    },
    "orientation" : 3
  }, {
    "shape" : "37c45d1b-9fad-4f20-9891-fb861685bec4",
    "color" : "#FF0000",
    "position" : {
      "x" : 0.0,
      "y" : -35.888542,
      "z" : 13.708204
    },
    "orientation" : 46
  }, {
    "shape" : "37c45d1b-9fad-4f20-9891-fb861685bec4",
    "color" : "#FF0000",
    "position" : {
      "x" : 0.0,
      "y" : 0.0,
      "z" : 0.0
    },
    "orientation" : 18
  }, {
    "shape" : "37c45d1b-9fad-4f20-9891-fb861685bec4",
    "color" : "#FF0000",
    "position" : {
      "x" : -33.27051,
      "y" : 17.944271,
      "z" : -6.854102
    },
    "orientation" : 3
  }, {
    "shape" : "9e159570-2640-4c21-a2ee-a29547d5c7ed",
    "color" : "#FF0000",
    "position" : {
      "x" : 33.27051,
      "y" : -17.944271,
      "z" : 6.854102
    },
    "orientation" : 0
  } ], [ {
    "shape" : "9e159570-2640-4c21-a2ee-a29547d5c7ed",
    "color" : "#FF0000",
    "position" : {
      "x" : 33.27051,
      "y" : 17.944271,
      "z" : -6.854102
    },
    "orientation" : 0
  }, {
    "shape" : "9e159570-2640-4c21-a2ee-a29547d5c7ed",
    "color" : "#FF0000",
    "position" : {
      "x" : -33.27051,
      "y" : 17.944271,
      "z" : -6.854102
    },
    "orientation" : 0
  }, {
    "shape" : "9e159570-2640-4c21-a2ee-a29547d5c7ed",
    "color" : "#FF0000",
    "position" : {
      "x" : 0.0,
      "y" : 35.888542,
      "z" : -13.708204
    },
    "orientation" : 0
  }, {
    "shape" : "37c45d1b-9fad-4f20-9891-fb861685bec4",
    "color" : "#FF0000",
    "position" : {
      "x" : 0.0,
      "y" : -35.888542,
      "z" : 13.708204
    },
    "orientation" : 46
  }, {
    "shape" : "37c45d1b-9fad-4f20-9891-fb861685bec4",
    "color" : "#FF0000",
    "position" : {
      "x" : 0.0,
      "y" : 0.0,
      "z" : 0.0
    },
    "orientation" : 46
  }, {
    "shape" : "37c45d1b-9fad-4f20-9891-fb861685bec4",
    "color" : "#FF0000",
    "position" : {
      "x" : -33.27051,
      "y" : -17.944271,
      "z" : 6.854102
    },
    "orientation" : 46
  }, {
    "shape" : "37c45d1b-9fad-4f20-9891-fb861685bec4",
    "color" : "#FF0000",
    "position" : {
      "x" : 0.0,
      "y" : 0.0,
      "z" : 0.0
    },
    "orientation" : 57
  }, {
    "shape" : "37c45d1b-9fad-4f20-9891-fb861685bec4",
    "color" : "#FF0000",
    "position" : {
      "x" : -33.27051,
      "y" : -17.944271,
      "z" : 6.854102
    },
    "orientation" : 18
  }, {
    "shape" : "9e159570-2640-4c21-a2ee-a29547d5c7ed",
    "color" : "#FF0000",
    "position" : {
      "x" : 33.27051,
      "y" : -17.944271,
      "z" : 6.854102
    },
    "orientation" : 0
  }, {
    "shape" : "37c45d1b-9fad-4f20-9891-fb861685bec4",
    "color" : "#FF0000",
    "position" : {
      "x" : 0.0,
      "y" : 0.0,
      "z" : 0.0
    },
    "orientation" : 18
  }, {
    "shape" : "ca243238-4c77-4c8e-be22-a739c878d687",
    "color" : "#FF0000",
    "position" : {
      "x" : 0.0,
      "y" : 0.0,
      "z" : 0.0
    },
    "glow" : 0.8,
    "orientation" : 7
  }, {
    "shape" : "9e159570-2640-4c21-a2ee-a29547d5c7ed",
