{
  "field" : "golden",
  "symmetry" : "icosahedral",
  "orientations" : [ [ 1.0, 0.0, 0.0, 0.0, 0.0, 1.0, 0.0, 0.0, 0.0, 0.0, 1.0, 0.0, 0.0, 0.0, 0.0, 1.0 ], [ 0.0, 0.0, 1.0, 0.0, 1.0, 0.0, 0.0, 0.0, 0.0, 1.0, 0.0, 0.0, 0.0, 0.0, 0.0, 1.0 ], [ 0.0, 1.0, 0.0, 0.0, 0.0, 0.0, 1.0, 0.0, 1.0, 0.0, 0.0, 0.0, 0.0, 0.0, 0.0, 1.0 ], [ 0.809017, 0.309017, 0.5, 0.0, 0.309017, 0.5, -0.809017, 0.0, -0.5, 0.809017, 0.309017, 0.0, 0.0, 0.0, 0.0, 1.0 ], [ -0.5, 0.809017, 0.309017, 0.0, 0.809017, 0.309017, 0.5, 0.0, 0.309017, 0.5, -0.809017, 0.0, 0.0, 0.0, 0.0, 1.0 ], [ 0.309017, 0.5, -0.809017, 0.0, -0.5, 0.809017, 0.309017, 0.0, 0.809017, 0.309017, 0.5, 0.0, 0.0, 0.0, 0.0, 1.0 ], [ 0.5, 0.809017, 0.309017, 0.0, 0.809017, -0.309017, -0.5, 0.0, -0.309017, 0.5, -0.809017, 0.0, 0.0, 0.0, 0.0, 1.0 ], [ -0.309017, 0.5, -0.809017, 0.0, 0.5, 0.809017, 0.309017, 0.0, 0.809017, -0.309017, -0.5, 0.0, 0.0, 0.0, 0.0, 1.0 ], [ 0.809017, -0.309017, -0.5, 0.0, -0.309017, 0.5, -0.809017, 0.0, 0.5, 0.809017, 0.309017, 0.0, 0.0, 0.0, 0.0, 1.0 ], [ 0.5, 0.809017, -0.309017, 0.0, 0.809017, -0.309017, 0.5, 0.0, 0.309017, -0.5, -0.809017, 0.0, 0.0, 0.0, 0.0, 1.0 ], [ 0.309017, -0.5, -0.809017, 0.0, 0.5, 0.809017, -0.309017, 0.0, 0.809017, -0.309017, 0.5, 0.0, 0.0, 0.0, 0.0, 1.0 ], [ 0.809017, -0.309017, 0.5, 0.0, 0.309017, -0.5, -0.809017, 0.0, 0.5, 0.809017, -0.309017, 0.0, 0.0, 0.0, 0.0, 1.0 ], [ 0.809017, 0.309017, -0.5, 0.0, 0.309017, 0.5, 0.809017, 0.0, 0.5, -0.809017, 0.309017, 0.0, 0.0, 0.0, 0.0, 1.0 ], [ 0.5, -0.809017, 0.309017, 0.0, 0.809017, 0.309017, -0.5, 0.0, 0.309017, 0.5, 0.809017, 0.0, 0.0, 0.0, 0.0, 1.0 ], [ 0.309017, 0.5, 0.809017, 0.0, 0.5, -0.809017, 0.309017, 0.0, 0.809017, 0.309017, -0.5, 0.0, 0.0, 0.0, 0.0, 1.0 ], [ 1.0, 0.0, 0.0, 0.0, 0.0, -1.0, 0.0, 0.0, 0.0, 0.0, -1.0, 0.0, 0.0, 0.0, 0.0, 1.0 ], [ 0.0, 0.0, 1.0, 0.0, -1.0, 0.0, 0.0, 0.0, 0.0, -1.0, 0.0, 0.0, 0.0, 0.0, 0.0, 1.0 ], [ 0.0, 1.0, 0.0, 0.0, 0.0, 0.0, -1.0, 0.0, -1.0, 0.0, 0.0, 0.0, 0.0, 0.0, 0.0, 1.0 ], [ 0.809017, 0.309017, 0.5, 0.0, -0.309017, -0.5, 0.809017, 0.0, 0.5, -0.809017, -0.309017, 0.0, 0.0, 0.0, 0.0, 1.0 ], [ -0.5, 0.809017, 0.309017, 0.0, -0.809017, -0.309017, -0.5, 0.0, -0.309017, -0.5, 0.809017, 0.0, 0.0, 0.0, 0.0, 1.0 ], [ 0.309017, 0.5, -0.809017, 0.0, 0.5, -0.809017, -0.309017, 0.0, -0.809017, -0.309017, -0.5, 0.0, 0.0, 0.0, 0.0, 1.0 ], [ 0.5, 0.809017, 0.309017, 0.0, -0.809017, 0.309017, 0.5, 0.0, 0.309017, -0.5, 0.809017, 0.0, 0.0, 0.0, 0.0, 1.0 ], [ -0.309017, 0.5, -0.809017, 0.0, -0.5, -0.809017, -0.309017, 0.0, -0.809017, 0.309017, 0.5, 0.0, 0.0, 0.0, 0.0, 1.0 ], [ 0.809017, -0.309017, -0.5, 0.0, 0.309017, -0.5, 0.809017, 0.0, -0.5, -0.809017, -0.309017, 0.0, 0.0, 0.0, 0.0, 1.0 ], [ 0.5, 0.809017, -0.309017, 0.0, -0.809017, 0.309017, -0.5, 0.0, -0.309017, 0.5, 0.809017, 0.0, 0.0, 0.0, 0.0, 1.0 ], [ 0.309017, -0.5, -0.809017, 0.0, -0.5, -0.809017, 0.309017, 0.0, -0.809017, 0.309017, -0.5, 0.0, 0.0, 0.0, 0.0, 1.0 ], [ 0.809017, -0.309017, 0.5, 0.0, -0.309017, 0.5, 0.809017, 0.0, -0.5, -0.809017, 0.309017, 0.0, 0.0, 0.0, 0.0, 1.0 ], [ 0.809017, 0.309017, -0.5, 0.0, -0.309017, -0.5, -0.809017, 0.0, -0.5, 0.809017, -0.309017, 0.0, 0.0, 0.0, 0.0, 1.0 ], [ 0.5, -0.809017, 0.309017, 0.0, -0.809017, -0.309017, 0.5, 0.0, -0.309017, -0.5, -0.809017, 0.0, 0.0, 0.0, 0.0, 1.0 ], [ 0.309017, 0.5, 0.809017, 0.0, -0.5, 0.809017, -0.309017, 0.0, -0.809017, -0.309017, 0.5, 0.0, 0.0, 0.0, 0.0, 1.0 ], [ -1.0, 0.0, 0.0, 0.0, 0.0, -1.0, 0.0, 0.0, 0.0, 0.0, 1.0, 0.0, 0.0, 0.0, 0.0, 1.0 ], [ 0.0, 0.0, -1.0, 0.0, -1.0, 0.0, 0.0, 0.0, 0.0, 1.0, 0.0, 0.0, 0.0, 0.0, 0.0, 1.0 ], [ 0.0, -1.0, 0.0, 0.0, 0.0, 0.0, -1.0, 0.0, 1.0, 0.0, 0.0, 0.0, 0.0, 0.0, 0.0, 1.0 ], [ -0.809017, -0.309017, -0.5, 0.0, -0.309017, -0.5, 0.809017, 0.0, -0.5, 0.809017, 0.309017, 0.0, 0.0, 0.0, 0.0, 1.0 ], [ 0.5, -0.809017, -0.309017, 0.0, -0.809017, -0.309017, -0.5, 0.0, 0.309017, 0.5, -0.809017, 0.0, 0.0, 0.0, 0.0, 1.0 ], [ -0.309017, -0.5, 0.809017, 0.0, 0.5, -0.809017, -0.309017, 0.0, 0.809017, 0.309017, 0.5, 0.0, 0.0, 0.0, 0.0, 1.0 ], [ -0.5, -0.809017, -0.309017, 0.0, -0.809017, 0.309017, 0.5, 0.0, -0.309017, 0.5, -0.809017, 0.0, 0.0, 0.0, 0.0, 1.0 ], [ 0.309017, -0.5, 0.809017, 0.0, -0.5, -0.809017, -0.309017, 0.0, 0.809017, -0.309017, -0.5, 0.0, 0.0, 0.0, 0.0, 1.0 ], [ -0.809017, 0.309017, 0.5, 0.0, 0.309017, -0.5, 0.809017, 0.0, 0.5, 0.809017, 0.309017, 0.0, 0.0, 0.0, 0.0, 1.0 ], [ -0.5, -0.809017, 0.309017, 0.0, -0.809017, 0.309017, -0.5, 0.0, 0.309017, -0.5, -0.809017, 0.0, 0.0, 0.0, 0.0, 1.0 ], [ -0.309017, 0.5, 0.809017, 0.0, -0.5, -0.809017, 0.309017, 0.0, 0.809017, -0.309017, 0.5, 0.0, 0.0, 0.0, 0.0, 1.0 ], [ -0.809017, 0.309017, -0.5, 0.0, -0.309017, 0.5, 0.809017, 0.0, 0.5, 0.809017, -0.309017, 0.0, 0.0, 0.0, 0.0, 1.0 ], [ -0.809017, -0.309017, 0.5, 0.0, -0.309017, -0.5, -0.809017, 0.0, 0.5, -0.809017, 0.309017, 0.0, 0.0, 0.0, 0.0, 1.0 ], [ -0.5, 0.809017, -0.309017, 0.0, -0.809017, -0.309017, 0.5, 0.0, 0.309017, 0.5, 0.809017, 0.0, 0.0, 0.0, 0.0, 1.0 ], [ -0.309017, -0.5, -0.809017, 0.0, -0.5, 0.809017, -0.309017, 0.0, 0.809017, 0.309017, -0.5, 0.0, 0.0, 0.0, 0.0, 1.0 ], [ -1.0, 0.0, 0.0, 0.0, 0.0, 1.0, 0.0, 0.0, 0.0, 0.0, -1.0, 0.0, 0.0, 0.0, 0.0, 1.0 ], [ 0.0, 0.0, -1.0, 0.0, 1.0, 0.0, 0.0, 0.0, 0.0, -1.0, 0.0, 0.0, 0.0, 0.0, 0.0, 1.0 ], [ 0.0, -1.0, 0.0, 0.0, 0.0, 0.0, 1.0, 0.0, -1.0, 0.0, 0.0, 0.0, 0.0, 0.0, 0.0, 1.0 ], [ -0.809017, -0.309017, -0.5, 0.0, 0.309017, 0.5, -0.809017, 0.0, 0.5, -0.809017, -0.309017, 0.0, 0.0, 0.0, 0.0, 1.0 ], [ 0.5, -0.809017, -0.309017, 0.0, 0.809017, 0.309017, 0.5, 0.0, -0.309017, -0.5, 0.809017, 0.0, 0.0, 0.0, 0.0, 1.0 ], [ -0.309017, -0.5, 0.809017, 0.0, -0.5, 0.809017, 0.309017, 0.0, -0.809017, -0.309017, -0.5, 0.0, 0.0, 0.0, 0.0, 1.0 ], [ -0.5, -0.809017, -0.309017, 0.0, 0.809017, -0.309017, -0.5, 0.0, 0.309017, -0.5, 0.809017, 0.0, 0.0, 0.0, 0.0, 1.0 ], [ 0.309017, -0.5, 0.809017, 0.0, 0.5, 0.809017, 0.309017, 0.0, -0.809017, 0.309017, 0.5, 0.0, 0.0, 0.0, 0.0, 1.0 ], [ -0.809017, 0.309017, 0.5, 0.0, -0.309017, 0.5, -0.809017, 0.0, -0.5, -0.809017, -0.309017, 0.0, 0.0, 0.0, 0.0, 1.0 ], [ -0.5, -0.809017, 0.309017, 0.0, 0.809017, -0.309017, 0.5, 0.0, -0.309017, 0.5, 0.809017, 0.0, 0.0, 0.0, 0.0, 1.0 ], [ -0.309017, 0.5, 0.809017, 0.0, 0.5, 0.809017, -0.309017, 0.0, -0.809017, 0.309017, -0.5, 0.0, 0.0, 0.0, 0.0, 1.0 ], [ -0.809017, 0.309017, -0.5, 0.0, 0.309017, -0.5, -0.809017, 0.0, -0.5, -0.809017, 0.309017, 0.0, 0.0, 0.0, 0.0, 1.0 ], [ -0.809017, -0.309017, 0.5, 0.0, 0.309017, 0.5, 0.809017, 0.0, -0.5, 0.809017, -0.309017, 0.0, 0.0, 0.0, 0.0, 1.0 ], [ -0.5, 0.809017, -0.309017, 0.0, 0.809017, 0.309017, -0.5, 0.0, -0.309017, -0.5, -0.809017, 0.0, 0.0, 0.0, 0.0, 1.0 ], [ -0.309017, -0.5, -0.809017, 0.0, 0.5, -0.809017, 0.309017, 0.0, -0.809017, -0.309017, 0.5, 0.0, 0.0, 0.0, 0.0, 1.0 ] ],
  "lights" : {
    "directionalLights" : [ {
      "direction" : {
        "x" : 1.0,
        "y" : -1.0,
        "z" : -1.0
      },
      "color" : "#EBEBE4"
    }, {
      "direction" : {
        "x" : -1.0,
        "y" : 0.0,
        "z" : 0.0
      },
      "color" : "#E4E4EB"
    }, {
      "direction" : {
        "x" : 0.0,
        "y" : 0.0,
        "z" : -1.0
      },
      "color" : "#1E1E1E"
    } ],
    "backgroundColor" : "#AFC8DC",
    "ambientColor" : "#292929"
  },
  "camera" : {
    "position" : {
      "x" : -44.314766,
      "y" : -43.407127,
      "z" : 76.62639
    },
    "width" : 44.272835,
    "viewDistance" : 98.384125,
    "lookAtPoint" : {
      "x" : -4.236068,
      "y" : -4.236068,
      "z" : -4.236068
    },
    "fieldOfView" : 0.44262868,
    "perspective" : false,
    "upDirection" : {
      "x" : 0.8862546,
      "y" : 0.044900924,
      "z" : 0.4610142
    },
    "stereo" : false,
    "lookDirection" : {
      "x" : 0.40736955,
      "y" : 0.3981441,
      "z" : -0.82190555
    },
    "farClipDistance" : 196.76874,
    "nearClipDistance" : 0.2459604
  },
  "embedding" : [ 1.0, 0.0, 0.0, 0.0, 0.0, 1.0, 0.0, 0.0, 0.0, 0.0, 1.0, 0.0, 0.0, 0.0, 0.0, 1.0 ],
  "shapes" : [ {
    "id" : "e5d51c47-ca38-459f-9c10-ee9992ed7ab9",
    "vertices" : [ {
      "x" : 4.5694013,
      "y" : 0.0,
      "z" : -1.745356
    }, {
      "x" : 4.260384,
      "y" : 0.0,
      "z" : -1.627322
    }, {
      "x" : 3.8558757,
      "y" : -0.1545085,
      "z" : -1.186339
    }, {
      "x" : 3.664893,
      "y" : -0.1545085,
      "z" : -1.686339
    }, {
      "x" : 0.9045085,
      "y" : -0.1545085,
      "z" : -0.059016995
    }, {
      "x" : 0.809017,
      "y" : 0.309017,
      "z" : -0.309017
    }, {
      "x" : 0.309017,
      "y" : 0.0,
      "z" : -0.11803399
    }, {
      "x" : 3.7603843,
      "y" : 0.309017,
      "z" : -1.436339
    }, {
      "x" : 0.7135255,
      "y" : -0.1545085,
      "z" : -0.559017
    } ],
    "faces" : [ {
      "vertices" : [ 2, 4, 8 ]
    }, {
      "vertices" : [ 2, 8, 3 ]
    }, {
      "vertices" : [ 2, 7, 5 ]
    }, {
      "vertices" : [ 2, 5, 4 ]
    }, {
      "vertices" : [ 4, 6, 8 ]
    }, {
      "vertices" : [ 5, 8, 6 ]
    }, {
      "vertices" : [ 1, 2, 3 ]
    }, {
      "vertices" : [ 3, 8, 5 ]
    }, {
      "vertices" : [ 3, 5, 7 ]
    }, {
      "vertices" : [ 1, 7, 2 ]
    }, {
      "vertices" : [ 1, 3, 7 ]
    }, {
      "vertices" : [ 4, 5, 6 ]
    } ]
  }, {
    "id" : "6110c4fd-bc0f-4634-8520-0916e5e8c41a",
    "vertices" : [ {
      "x" : -0.79398865,
      "y" : -10.5021925,
      "z" : -5.648091
    }, {
      "x" : -2.8240454,
      "y" : -11.296182,
      "z" : -2.8240454
    }, {
      "x" : -8.472136,
      "y" : -8.472136,
      "z" : -8.472136
    } ],
    "faces" : [ {
      "vertices" : [ 0, 1, 2 ]
    }, {
      "vertices" : [ 0, 2, 1 ]
    } ]
  }, {
    "id" : "864c0e2f-b8f5-46c0-a80a-8bea69cca8f4",
    "vertices" : [ {
      "x" : 0.0,
      "y" : 0.0,
      "z" : 0.0
    }, {
      "x" : 2.8240454,
      "y" : -5.648091,
      "z" : -5.648091
    }, {
      "x" : 2.0300567,
      "y" : -2.8240454,
      "z" : -7.6781473
    } ],
    "faces" : [ {
      "vertices" : [ 0, 1, 2 ]
    }, {
      "vertices" : [ 0, 2, 1 ]
    } ]
  }, {
    "id" : "103c40cc-1577-4068-91ed-51e57f4050e7",
    "vertices" : [ {
      "x" : 0.309017,
      "y" : -0.309017,
      "z" : -0.309017
    }, {
      "x" : 0.5,
      "y" : 0.0,
      "z" : -0.19098301
    }, {
      "x" : 0.5,
      "y" : 0.0,
      "z" : 0.19098301
    }, {
      "x" : 0.309017,
      "y" : -0.309017,
      "z" : 0.309017
    }, {
      "x" : 0.19098301,
      "y" : -0.5,
      "z" : 0.0
    }, {
      "x" : 0.0,
      "y" : 0.19098301,
      "z" : 0.5
    }, {
      "x" : 0.0,
      "y" : -0.19098301,
      "z" : 0.5
    }, {
      "x" : 0.309017,
      "y" : 0.309017,
      "z" : 0.309017
    }, {
      "x" : -0.309017,
      "y" : -0.309017,
      "z" : 0.309017
    }, {
      "x" : -0.309017,
      "y" : 0.309017,
      "z" : 0.309017
    }, {
      "x" : -0.5,
      "y" : 0.0,
      "z" : 0.19098301
    }, {
      "x" : 0.0,
      "y" : -0.19098301,
      "z" : -0.5
    }, {
      "x" : 0.0,
      "y" : 0.19098301,
      "z" : -0.5
    }, {
      "x" : 0.309017,
      "y" : 0.309017,
      "z" : -0.309017
    }, {
      "x" : -0.309017,
      "y" : -0.309017,
      "z" : -0.309017
    }, {
      "x" : -0.19098301,
      "y" : -0.5,
      "z" : 0.0
    }, {
      "x" : -0.5,
      "y" : 0.0,
      "z" : -0.19098301
    }, {
      "x" : 0.19098301,
      "y" : 0.5,
      "z" : 0.0
    }, {
      "x" : -0.309017,
      "y" : 0.309017,
      "z" : -0.309017
    }, {
      "x" : 0.0,
      "y" : 0.0,
      "z" : 0.0
    }, {
      "x" : -0.19098301,
      "y" : 0.5,
      "z" : 0.0
    } ],
    "faces" : [ {
      "vertices" : [ 12, 18, 20 ]
    }, {
      "vertices" : [ 12, 20, 17 ]
    }, {
      "vertices" : [ 12, 17, 13 ]
    }, {
      "vertices" : [ 3, 6, 8 ]
    }, {
      "vertices" : [ 3, 8, 15 ]
    }, {
      "vertices" : [ 3, 15, 4 ]
    }, {
      "vertices" : [ 0, 11, 12 ]
    }, {
      "vertices" : [ 0, 12, 13 ]
    }, {
      "vertices" : [ 0, 13, 1 ]
    }, {
      "vertices" : [ 5, 9, 10 ]
    }, {
      "vertices" : [ 5, 10, 8 ]
    }, {
      "vertices" : [ 5, 8, 6 ]
    }, {
      "vertices" : [ 2, 7, 5 ]
    }, {
      "vertices" : [ 2, 5, 6 ]
    }, {
      "vertices" : [ 2, 6, 3 ]
    }, {
      "vertices" : [ 11, 14, 16 ]
    }, {
      "vertices" : [ 11, 16, 18 ]
    }, {
      "vertices" : [ 11, 18, 12 ]
    }, {
      "vertices" : [ 1, 13, 17 ]
    }, {
      "vertices" : [ 1, 17, 7 ]
    }, {
      "vertices" : [ 1, 7, 2 ]
    }, {
      "vertices" : [ 9, 20, 18 ]
    }, {
      "vertices" : [ 9, 18, 16 ]
    }, {
      "vertices" : [ 9, 16, 10 ]
    }, {
      "vertices" : [ 0, 1, 2 ]
    }, {
      "vertices" : [ 0, 2, 3 ]
    }, {
      "vertices" : [ 0, 3, 4 ]
    }, {
      "vertices" : [ 5, 7, 17 ]
    }, {
      "vertices" : [ 5, 17, 20 ]
    }, {
      "vertices" : [ 5, 20, 9 ]
    }, {
      "vertices" : [ 0, 4, 15 ]
    }, {
      "vertices" : [ 0, 15, 14 ]
    }, {
      "vertices" : [ 0, 14, 11 ]
    }, {
      "vertices" : [ 8, 10, 16 ]
    }, {
      "vertices" : [ 8, 16, 14 ]
    }, {
      "vertices" : [ 8, 14, 15 ]
    } ]
  }, {
    "id" : "5ff875f4-7f75-4455-a979-64ddcdd26f96",
    "vertices" : [ {
      "x" : 7.2416954,
      "y" : -1.603929,
      "z" : 2.5022166
    }, {
      "x" : 7.1416955,
      "y" : -2.0039291,
      "z" : 2.4022167
    }, {
      "x" : 0.43645173,
      "y" : -0.42612758,
      "z" : 0.32182872
    }, {
      "x" : 0.5364517,
      "y" : -0.026127595,
      "z" : 0.42182872
    }, {
      "x" : 6.9083624,
      "y" : -2.1372623,
      "z" : 2.7022166
    }, {
      "x" : 7.0083623,
      "y" : -1.7372624,
      "z" : 2.8022165
    }, {
      "x" : 0.76978505,
      "y" : 0.10720574,
      "z" : 0.12182873
    }, {
      "x" : 0.6697851,
      "y" : -0.29279426,
      "z" : 0.021828732
    } ],
    "faces" : [ {
      "vertices" : [ 2, 3, 6 ]
    }, {
      "vertices" : [ 2, 6, 7 ]
    }, {
      "vertices" : [ 0, 5, 4 ]
    }, {
      "vertices" : [ 0, 4, 1 ]
    }, {
      "vertices" : [ 2, 4, 5 ]
    }, {
      "vertices" : [ 2, 5, 3 ]
    }, {
      "vertices" : [ 0, 6, 3 ]
    }, {
      "vertices" : [ 0, 3, 5 ]
    }, {
      "vertices" : [ 0, 1, 7 ]
    }, {
      "vertices" : [ 0, 7, 6 ]
    }, {
      "vertices" : [ 1, 4, 2 ]
    }, {
      "vertices" : [ 1, 2, 7 ]
    } ]
  }, {
    "id" : "fefdfc9e-15c4-49c6-9a3f-9706ecfdddc6",
    "vertices" : [ {
      "x" : 0.0,
      "y" : 0.0,
      "z" : 0.0
    }, {
      "x" : -7.6781473,
      "y" : -2.8240454,
      "z" : 2.0300567
    }, {
      "x" : -5.648091,
      "y" : -5.648091,
      "z" : 2.8240454
    } ],
    "faces" : [ {
      "vertices" : [ 0, 1, 2 ]
    }, {
      "vertices" : [ 0, 2, 1 ]
    } ]
  }, {
    "id" : "6554a3de-d5cb-4ee2-b45f-68c3d5240577",
    "vertices" : [ {
      "x" : 0.0,
      "y" : 0.0,
      "z" : 0.0
    }, {
      "x" : 2.0300567,
      "y" : -2.8240454,
      "z" : -7.6781473
    }, {
      "x" : 0.0,
      "y" : 0.0,
      "z" : -8.472136
    } ],
    "faces" : [ {
      "vertices" : [ 0, 1, 2 ]
    }, {
      "vertices" : [ 0, 2, 1 ]
    } ]
  }, {
    "id" : "9164a9bf-7c76-4c3d-8083-1642f1e80597",
    "vertices" : [ {
      "x" : 2.3725,
      "y" : -0.78162515,
      "z" : -1.4575413
    }, {
      "x" : 2.4724998,
      "y" : -0.38162515,
      "z" : -1.5575414
    }, {
      "x" : 0.45154545,
      "y" : -0.012363529,
      "z" : -0.57251525
    }, {
      "x" : 0.35154545,
      "y" : -0.41236353,
      "z" : -0.47251526
    }, {
      "x" : 2.2391665,
      "y" : -0.5149585,
      "z" : -1.8575414
    }, {
      "x" : 2.1391666,
      "y" : -0.9149585,
      "z" : -1.7575414
    }, {
      "x" : 0.5848788,
      "y" : -0.2790302,
      "z" : -0.17251524
    }, {
      "x" : 0.68487877,
      "y" : 0.1209698,
      "z" : -0.27251524
    } ],
    "faces" : [ {
      "vertices" : [ 2, 3, 6 ]
    }, {
      "vertices" : [ 2, 6, 7 ]
    }, {
      "vertices" : [ 0, 5, 4 ]
    }, {
      "vertices" : [ 0, 4, 1 ]
    }, {
      "vertices" : [ 2, 4, 5 ]
    }, {
      "vertices" : [ 2, 5, 3 ]
    }, {
      "vertices" : [ 0, 6, 3 ]
    }, {
      "vertices" : [ 0, 3, 5 ]
    }, {
      "vertices" : [ 0, 1, 7 ]
    }, {
      "vertices" : [ 0, 7, 6 ]
    }, {
      "vertices" : [ 1, 4, 2 ]
    }, {
      "vertices" : [ 1, 2, 7 ]
    } ]
  }, {
    "id" : "fdcb6073-abc5-4205-99e0-7aef3dfb643f",
    "vertices" : [ {
      "x" : 0.0,
      "y" : 0.0,
      "z" : 0.0
    }, {
      "x" : -2.8240454,
      "y" : 2.0300567,
      "z" : -7.6781473
    }, {
      "x" : -5.648091,
      "y" : 2.8240454,
      "z" : -5.648091
    } ],
    "faces" : [ {
      "vertices" : [ 0, 1, 2 ]
    }, {
      "vertices" : [ 0, 2, 1 ]
    } ]
  }, {
    "id" : "239ca644-3fdc-4e41-bdc7-692e9471f1fe",
    "vertices" : [ {
      "x" : -5.648091,
      "y" : -10.5021925,
      "z" : -0.79398865
    }, {
      "x" : -8.472136,
      "y" : -8.472136,
      "z" : -8.472136
    }, {
      "x" : -2.8240454,
      "y" : -11.296182,
      "z" : -2.8240454
    } ],
    "faces" : [ {
      "vertices" : [ 0, 1, 2 ]
    }, {
      "vertices" : [ 0, 2, 1 ]
    } ]
  }, {
    "id" : "7f501d5e-bd39-42f7-a3bd-d93200a70945",
    "vertices" : [ {
      "x" : -2.3725,
      "y" : 1.4575413,
      "z" : 0.78162515
    }, {
      "x" : -2.4724998,
      "y" : 1.5575414,
      "z" : 0.38162515
    }, {
      "x" : -0.45154545,
      "y" : 0.57251525,
      "z" : 0.012363529
    }, {
      "x" : -0.35154545,
      "y" : 0.47251526,
      "z" : 0.41236353
    }, {
      "x" : -2.2391665,
      "y" : 1.8575414,
      "z" : 0.5149585
    }, {
      "x" : -2.1391666,
      "y" : 1.7575414,
      "z" : 0.9149585
    }, {
      "x" : -0.5848788,
      "y" : 0.17251524,
      "z" : 0.2790302
    }, {
      "x" : -0.68487877,
      "y" : 0.27251524,
      "z" : -0.1209698
    } ],
    "faces" : [ {
      "vertices" : [ 2, 3, 6 ]
    }, {
      "vertices" : [ 2, 6, 7 ]
    }, {
      "vertices" : [ 0, 5, 4 ]
    }, {
      "vertices" : [ 0, 4, 1 ]
    }, {
      "vertices" : [ 2, 4, 5 ]
    }, {
      "vertices" : [ 2, 5, 3 ]
    }, {
      "vertices" : [ 0, 6, 3 ]
    }, {
      "vertices" : [ 0, 3, 5 ]
    }, {
      "vertices" : [ 0, 1, 7 ]
    }, {
      "vertices" : [ 0, 7, 6 ]
    }, {
      "vertices" : [ 1, 4, 2 ]
    }, {
      "vertices" : [ 1, 2, 7 ]
    } ]
  }, {
    "id" : "f07c628b-fdba-4417-8e79-5276e7db172b",
    "vertices" : [ {
      "x" : 1.0,
      "y" : 0.309017,
      "z" : 0.19098301
    }, {
      "x" : 1.0,
      "y" : -0.309017,
      "z" : 0.19098301
    }, {
      "x" : 7.472136,
      "y" : -0.309017,
      "z" : 0.19098301
    }, {
      "x" : 7.472136,
      "y" : 0.309017,
      "z" : 0.19098301
    }, {
      "x" : 7.472136,
      "y" : -0.309017,
      "z" : -0.19098301
    }, {
      "x" : 7.472136,
      "y" : 0.309017,
      "z" : -0.19098301
    }, {
      "x" : 8.09017,
      "y" : 0.0,
      "z" : 0.0
    }, {
      "x" : 0.38196602,
      "y" : 0.0,
      "z" : 0.0
    }, {
      "x" : 1.0,
      "y" : 0.309017,
      "z" : -0.19098301
    }, {
      "x" : 1.0,
      "y" : -0.309017,
      "z" : -0.19098301
    }, {
      "x" : 8.472136,
      "y" : 0.0,
      "z" : 0.0
    } ],
    "faces" : [ {
      "vertices" : [ 1, 9, 4 ]
    }, {
      "vertices" : [ 1, 4, 2 ]
    }, {
      "vertices" : [ 0, 3, 5 ]
    }, {
      "vertices" : [ 0, 5, 8 ]
    }, {
      "vertices" : [ 1, 7, 9 ]
    }, {
      "vertices" : [ 0, 1, 2 ]
    }, {
      "vertices" : [ 0, 2, 3 ]
    }, {
      "vertices" : [ 7, 8, 9 ]
    }, {
      "vertices" : [ 0, 7, 1 ]
    }, {
      "vertices" : [ 4, 9, 8 ]
    }, {
      "vertices" : [ 4, 8, 5 ]
    }, {
      "vertices" : [ 2, 6, 3 ]
    }, {
      "vertices" : [ 2, 4, 6 ]
    }, {
      "vertices" : [ 3, 6, 5 ]
    }, {
      "vertices" : [ 4, 5, 6 ]
    }, {
      "vertices" : [ 0, 8, 7 ]
    } ]
  }, {
    "id" : "f51fbcac-4968-400e-8987-92f10a046aed",
    "vertices" : [ {
      "x" : -10.5021925,
      "y" : -0.79398865,
      "z" : -5.648091
    }, {
      "x" : -8.472136,
      "y" : 0.0,
      "z" : -8.472136
    }, {
      "x" : -8.472136,
      "y" : -8.472136,
      "z" : -8.472136
    } ],
    "faces" : [ {
      "vertices" : [ 0, 1, 2 ]
    }, {
      "vertices" : [ 0, 2, 1 ]
    } ]
  }, {
    "id" : "242cf416-6b7e-4c6b-8fbe-150731b4466a",
    "vertices" : [ {
      "x" : 0.0,
      "y" : 0.0,
      "z" : 0.0
    }, {
      "x" : -7.6781473,
      "y" : 2.0300567,
      "z" : -2.8240454
    }, {
      "x" : -8.472136,
      "y" : 0.0,
      "z" : 0.0
    } ],
    "faces" : [ {
      "vertices" : [ 0, 1, 2 ]
    }, {
      "vertices" : [ 0, 2, 1 ]
    } ]
  }, {
    "id" : "16a383a1-0336-4c62-8716-269e50079fb8",
    "vertices" : [ {
      "x" : 5.3703127,
      "y" : -2.3351564,
      "z" : 5.1036463
    }, {
      "x" : 5.270313,
      "y" : -2.7351565,
      "z" : 5.0036464
    }, {
      "x" : 0.2777778,
      "y" : -0.4888889,
      "z" : 0.54444444
    }, {
      "x" : 0.37777779,
      "y" : -0.08888889,
      "z" : 0.64444447
    }, {
      "x" : 5.0369797,
      "y" : -2.8684897,
      "z" : 5.303646
    }, {
      "x" : 5.1369796,
      "y" : -2.4684896,
      "z" : 5.403646
    }, {
      "x" : 0.6111111,
      "y" : 0.044444446,
      "z" : 0.34444445
    }, {
      "x" : 0.51111114,
      "y" : -0.35555556,
      "z" : 0.24444444
    } ],
    "faces" : [ {
      "vertices" : [ 2, 3, 6 ]
    }, {
      "vertices" : [ 2, 6, 7 ]
    }, {
      "vertices" : [ 0, 5, 4 ]
    }, {
      "vertices" : [ 0, 4, 1 ]
    }, {
      "vertices" : [ 2, 4, 5 ]
    }, {
      "vertices" : [ 2, 5, 3 ]
    }, {
      "vertices" : [ 0, 6, 3 ]
    }, {
      "vertices" : [ 0, 3, 5 ]
    }, {
      "vertices" : [ 0, 1, 7 ]
    }, {
      "vertices" : [ 0, 7, 6 ]
    }, {
      "vertices" : [ 1, 4, 2 ]
    }, {
      "vertices" : [ 1, 2, 7 ]
    } ]
  }, {
    "id" : "d69b5f3a-fced-4131-a954-be82df8ea2d4",
    "vertices" : [ {
      "x" : 2.4022167,
      "y" : -2.0039291,
      "z" : 7.1416955
    }, {
      "x" : 2.5022166,
      "y" : -1.603929,
      "z" : 7.2416954
    }, {
      "x" : 0.42182872,
      "y" : -0.026127595,
      "z" : 0.5364517
    }, {
      "x" : 0.32182872,
      "y" : -0.42612758,
      "z" : 0.43645173
    }, {
      "x" : 2.8022165,
      "y" : -1.7372624,
      "z" : 7.0083623
    }, {
      "x" : 2.7022166,
      "y" : -2.1372623,
      "z" : 6.9083624
    }, {
      "x" : 0.021828732,
      "y" : -0.29279426,
      "z" : 0.6697851
    }, {
      "x" : 0.12182873,
      "y" : 0.10720574,
      "z" : 0.76978505
    } ],
    "faces" : [ {
      "vertices" : [ 2, 3, 6 ]
    }, {
      "vertices" : [ 2, 6, 7 ]
    }, {
      "vertices" : [ 0, 5, 4 ]
    }, {
      "vertices" : [ 0, 4, 1 ]
    }, {
      "vertices" : [ 2, 4, 5 ]
    }, {
      "vertices" : [ 2, 5, 3 ]
    }, {
      "vertices" : [ 0, 6, 3 ]
    }, {
      "vertices" : [ 0, 3, 5 ]
    }, {
      "vertices" : [ 0, 1, 7 ]
    }, {
      "vertices" : [ 0, 7, 6 ]
    }, {
      "vertices" : [ 1, 4, 2 ]
    }, {
      "vertices" : [ 1, 2, 7 ]
    } ]
  }, {
    "id" : "10b6d321-8046-48a0-a7ff-ff92f52a4f51",
    "vertices" : [ {
      "x" : -0.79398865,
      "y" : -10.5021925,
      "z" : -5.648091
    }, {
      "x" : 0.0,
      "y" : -8.472136,
      "z" : -8.472136
    }, {
      "x" : 2.8240454,
      "y" : -5.648091,
      "z" : -5.648091
    }, {
      "x" : 2.0300567,
      "y" : -7.6781473,
      "z" : -2.8240454
    } ],
    "faces" : [ {
      "vertices" : [ 0, 1, 2 ]
    }, {
      "vertices" : [ 0, 2, 3 ]
    }, {
      "vertices" : [ 0, 3, 2 ]
    }, {
      "vertices" : [ 0, 2, 1 ]
    } ]
  }, {
    "id" : "95a3ffe5-d47a-455b-ab40-44ee233b63e6",
    "vertices" : [ {
      "x" : 0.0,
      "y" : 0.0,
      "z" : 0.0
    }, {
      "x" : -8.472136,
      "y" : 0.0,
      "z" : 0.0
    }, {
      "x" : -7.6781473,
      "y" : -2.8240454,
      "z" : 2.0300567
    } ],
    "faces" : [ {
      "vertices" : [ 0, 1, 2 ]
    }, {
      "vertices" : [ 0, 2, 1 ]
    } ]
  }, {
    "id" : "3cf8f11b-497c-4f78-ad16-c25d5422246c",
    "vertices" : [ {
      "x" : -10.5021925,
      "y" : -5.648091,
      "z" : -0.79398865
    }, {
      "x" : -8.472136,
      "y" : -8.472136,
      "z" : -8.472136
    }, {
      "x" : -8.472136,
      "y" : -8.472136,
      "z" : 0.0
    } ],
    "faces" : [ {
      "vertices" : [ 0, 1, 2 ]
    }, {
      "vertices" : [ 0, 2, 1 ]
    } ]
  }, {
    "id" : "b830b1a5-5a5a-4c20-8b33-76b6e2076208",
    "vertices" : [ {
      "x" : -0.79398865,
      "y" : -10.5021925,
      "z" : -5.648091
    }, {
      "x" : -8.472136,
      "y" : -8.472136,
      "z" : -8.472136
    }, {
      "x" : 0.0,
      "y" : -8.472136,
      "z" : -8.472136
    } ],
    "faces" : [ {
      "vertices" : [ 0, 1, 2 ]
    }, {
      "vertices" : [ 0, 2, 1 ]
    } ]
  }, {
    "id" : "5ec427af-39eb-4b5a-8aa7-528f886435cf",
    "vertices" : [ {
      "x" : -0.79398865,
      "y" : -5.648091,
      "z" : -10.5021925
    }, {
      "x" : 0.0,
      "y" : -8.472136,
      "z" : -8.472136
    }, {
      "x" : -8.472136,
      "y" : -8.472136,
      "z" : -8.472136
    } ],
    "faces" : [ {
      "vertices" : [ 0, 1, 2 ]
    }, {
      "vertices" : [ 0, 2, 1 ]
    } ]
  }, {
    "id" : "57829be4-dca4-472c-8f94-38f98eae89c0",
    "vertices" : [ {
      "x" : 0.0,
      "y" : 0.0,
      "z" : 0.0
    }, {
      "x" : 0.0,
      "y" : -8.472136,
      "z" : 0.0
    }, {
      "x" : 2.0300567,
      "y" : -7.6781473,
      "z" : -2.8240454
    } ],
    "faces" : [ {
      "vertices" : [ 0, 1, 2 ]
    }, {
      "vertices" : [ 0, 2, 1 ]
    } ]
  }, {
    "id" : "5aca3f9e-522d-4f90-96ed-38ea02a346d7",
    "vertices" : [ {
      "x" : -5.648091,
      "y" : -0.79398865,
      "z" : -10.5021925
    }, {
      "x" : -8.472136,
      "y" : -8.472136,
      "z" : -8.472136
    }, {
      "x" : -8.472136,
      "y" : 0.0,
      "z" : -8.472136
    } ],
    "faces" : [ {
      "vertices" : [ 0, 1, 2 ]
    }, {
      "vertices" : [ 0, 2, 1 ]
    } ]
  }, {
    "id" : "6cc79f06-237e-4753-a950-d9e02b7871eb",
    "vertices" : [ {
      "x" : -7.6781473,
      "y" : -2.8240454,
      "z" : 2.0300567
    }, {
      "x" : -10.5021925,
      "y" : -5.648091,
      "z" : -0.79398865
    }, {
      "x" : -8.472136,
      "y" : -8.472136,
      "z" : 0.0
    }, {
      "x" : -5.648091,
      "y" : -5.648091,
      "z" : 2.8240454
    } ],
    "faces" : [ {
      "vertices" : [ 0, 1, 2 ]
    }, {
      "vertices" : [ 0, 2, 3 ]
    }, {
      "vertices" : [ 0, 3, 2 ]
    }, {
      "vertices" : [ 0, 2, 1 ]
    } ]
  }, {
    "id" : "9d9f7fed-8b67-4f3d-96f9-8a9e0133774a",
    "vertices" : [ {
      "x" : -0.79398865,
      "y" : -10.5021925,
      "z" : -5.648091
    }, {
      "x" : 2.0300567,
      "y" : -7.6781473,
      "z" : -2.8240454
    }, {
      "x" : 0.0,
      "y" : -8.472136,
      "z" : 0.0
    }, {
      "x" : -2.8240454,
      "y" : -11.296182,
      "z" : -2.8240454
    } ],
    "faces" : [ {
      "vertices" : [ 0, 1, 2 ]
    }, {
      "vertices" : [ 0, 2, 3 ]
    }, {
      "vertices" : [ 0, 3, 2 ]
    }, {
      "vertices" : [ 0, 2, 1 ]
    } ]
  }, {
    "id" : "4931fbae-4005-4591-ad54-910e83192506",
    "vertices" : [ {
      "x" : -0.79398865,
      "y" : -5.648091,
      "z" : -10.5021925
    }, {
      "x" : 2.0300567,
      "y" : -2.8240454,
      "z" : -7.6781473
    }, {
      "x" : 2.8240454,
      "y" : -5.648091,
      "z" : -5.648091
    }, {
      "x" : 0.0,
      "y" : -8.472136,
      "z" : -8.472136
    } ],
    "faces" : [ {
      "vertices" : [ 0, 1, 2 ]
    }, {
      "vertices" : [ 0, 2, 3 ]
    }, {
      "vertices" : [ 0, 3, 2 ]
    }, {
      "vertices" : [ 0, 2, 1 ]
    } ]
  }, {
    "id" : "84422b1f-23ca-4745-996d-09f1d4a40db9",
    "vertices" : [ {
      "x" : 0.0,
      "y" : 0.0,
      "z" : 0.0
    }, {
      "x" : -5.648091,
      "y" : -5.648091,
      "z" : 2.8240454
    }, {
      "x" : -2.8240454,
      "y" : -7.6781473,
      "z" : 2.0300567
    } ],
    "faces" : [ {
      "vertices" : [ 0, 1, 2 ]
    }, {
      "vertices" : [ 0, 2, 1 ]
    } ]
  }, {
    "id" : "04a5aa8f-75b8-4cdc-9b8a-0de0a082bb83",
    "vertices" : [ {
      "x" : 0.0,
      "y" : 0.0,
      "z" : 0.0
    }, {
      "x" : -5.648091,
      "y" : 2.8240454,
      "z" : -5.648091
    }, {
      "x" : -7.6781473,
      "y" : 2.0300567,
      "z" : -2.8240454
    } ],
    "faces" : [ {
      "vertices" : [ 0, 1, 2 ]
    }, {
      "vertices" : [ 0, 2, 1 ]
    } ]
  }, {
    "id" : "84def0ee-2991-41ae-9dae-54a1c568b2fe",
    "vertices" : [ {
      "x" : -10.5021925,
      "y" : -0.79398865,
      "z" : -5.648091
    }, {
      "x" : -7.6781473,
      "y" : 2.0300567,
      "z" : -2.8240454
    }, {
      "x" : -5.648091,
      "y" : 2.8240454,
      "z" : -5.648091
    }, {
      "x" : -8.472136,
      "y" : 0.0,
      "z" : -8.472136
    } ],
    "faces" : [ {
      "vertices" : [ 0, 1, 2 ]
    }, {
      "vertices" : [ 0, 2, 3 ]
    }, {
      "vertices" : [ 0, 3, 2 ]
    }, {
      "vertices" : [ 0, 2, 1 ]
    } ]
  }, {
    "id" : "7eb65bd7-d712-4679-a83d-24aad57272d0",
    "vertices" : [ {
      "x" : 0.0,
      "y" : 0.0,
      "z" : -8.472136
    }, {
      "x" : -2.8240454,
      "y" : -2.8240454,
      "z" : -11.296182
    }, {
      "x" : -5.648091,
      "y" : -0.79398865,
      "z" : -10.5021925
    }, {
      "x" : -2.8240454,
      "y" : 2.0300567,
      "z" : -7.6781473
    } ],
    "faces" : [ {
      "vertices" : [ 0, 1, 2 ]
    }, {
      "vertices" : [ 0, 2, 3 ]
    }, {
      "vertices" : [ 0, 3, 2 ]
    }, {
      "vertices" : [ 0, 2, 1 ]
    } ]
  }, {
    "id" : "16247d45-ba34-4271-97d5-75f9f372f26f",
    "vertices" : [ {
      "x" : -7.6781473,
      "y" : -2.8240454,
      "z" : 2.0300567
    }, {
      "x" : -8.472136,
      "y" : 0.0,
      "z" : 0.0
    }, {
      "x" : -11.296182,
      "y" : -2.8240454,
      "z" : -2.8240454
    }, {
      "x" : -10.5021925,
      "y" : -5.648091,
      "z" : -0.79398865
    } ],
    "faces" : [ {
      "vertices" : [ 0, 1, 2 ]
    }, {
      "vertices" : [ 0, 2, 3 ]
    }, {
      "vertices" : [ 0, 3, 2 ]
    }, {
      "vertices" : [ 0, 2, 1 ]
    } ]
  }, {
    "id" : "7513e6e6-a72d-4e4a-ac7a-ed8b66b92e5c",
    "vertices" : [ {
      "x" : -10.5021925,
      "y" : -0.79398865,
      "z" : -5.648091
    }, {
      "x" : -8.472136,
      "y" : -8.472136,
      "z" : -8.472136
    }, {
      "x" : -11.296182,
      "y" : -2.8240454,
      "z" : -2.8240454
    } ],
    "faces" : [ {
      "vertices" : [ 0, 1, 2 ]
    }, {
      "vertices" : [ 0, 2, 1 ]
    } ]
  }, {
    "id" : "51cd5c9a-9cbb-464c-8846-7182dfa59406",
    "vertices" : [ {
      "x" : 0.0,
      "y" : 0.0,
      "z" : 0.0
    }, {
      "x" : 2.0300567,
      "y" : -7.6781473,
      "z" : -2.8240454
    }, {
      "x" : 2.8240454,
      "y" : -5.648091,
      "z" : -5.648091
    } ],
    "faces" : [ {
      "vertices" : [ 0, 1, 2 ]
    }, {
      "vertices" : [ 0, 2, 1 ]
    } ]
  }, {
    "id" : "9812563c-d067-4095-8bbe-95d34a348722",
    "vertices" : [ {
      "x" : 0.0,
      "y" : 0.0,
      "z" : 0.0
    }, {
      "x" : -2.8240454,
      "y" : -7.6781473,
      "z" : 2.0300567
    }, {
      "x" : 0.0,
      "y" : -8.472136,
      "z" : 0.0
    } ],
    "faces" : [ {
      "vertices" : [ 0, 1, 2 ]
    }, {
      "vertices" : [ 0, 2, 1 ]
    } ]
  }, {
    "id" : "938077a2-9427-4789-a409-6c1bb1b72b08",
    "vertices" : [ {
      "x" : -0.79398865,
      "y" : -5.648091,
      "z" : -10.5021925
    }, {
      "x" : -8.472136,
      "y" : -8.472136,
      "z" : -8.472136
    }, {
      "x" : -2.8240454,
      "y" : -2.8240454,
      "z" : -11.296182
    } ],
    "faces" : [ {
      "vertices" : [ 0, 1, 2 ]
    }, {
      "vertices" : [ 0, 2, 1 ]
    } ]
  }, {
    "id" : "fd879a5e-2eb1-46d6-972a-b47b9ff78542",
    "vertices" : [ {
      "x" : -5.648091,
      "y" : -0.79398865,
      "z" : -10.5021925
    }, {
      "x" : -2.8240454,
      "y" : -2.8240454,
      "z" : -11.296182
    }, {
      "x" : -8.472136,
      "y" : -8.472136,
      "z" : -8.472136
    } ],
    "faces" : [ {
      "vertices" : [ 0, 1, 2 ]
    }, {
      "vertices" : [ 0, 2, 1 ]
    } ]
  }, {
    "id" : "370400e5-312e-4dfd-ad49-884aba1ad786",
    "vertices" : [ {
      "x" : 0.0,
      "y" : 0.0,
      "z" : 0.0
    }, {
      "x" : 0.0,
      "y" : 0.0,
      "z" : -8.472136
    }, {
      "x" : -2.8240454,
      "y" : 2.0300567,
      "z" : -7.6781473
    } ],
    "faces" : [ {
      "vertices" : [ 0, 1, 2 ]
    }, {
      "vertices" : [ 0, 2, 1 ]
    } ]
  }, {
    "id" : "e2f656b4-dfd6-4f46-b436-bcf9b41043b8",
    "vertices" : [ {
      "x" : -5.648091,
      "y" : -10.5021925,
      "z" : -0.79398865
    }, {
      "x" : -2.8240454,
      "y" : -11.296182,
      "z" : -2.8240454
    }, {
      "x" : 0.0,
      "y" : -8.472136,
      "z" : 0.0
    }, {
      "x" : -2.8240454,
      "y" : -7.6781473,
      "z" : 2.0300567
    } ],
    "faces" : [ {
      "vertices" : [ 0, 1, 2 ]
    }, {
      "vertices" : [ 0, 2, 3 ]
    }, {
      "vertices" : [ 0, 3, 2 ]
    }, {
      "vertices" : [ 0, 2, 1 ]
    } ]
  }, {
    "id" : "f2f37fa0-22b8-473e-8918-3356df23945f",
    "vertices" : [ {
      "x" : -5.648091,
      "y" : -5.648091,
      "z" : 2.8240454
    }, {
      "x" : -8.472136,
      "y" : -8.472136,
      "z" : 0.0
    }, {
      "x" : -5.648091,
      "y" : -10.5021925,
      "z" : -0.79398865
    }, {
      "x" : -2.8240454,
      "y" : -7.6781473,
      "z" : 2.0300567
    } ],
    "faces" : [ {
      "vertices" : [ 0, 1, 2 ]
    }, {
      "vertices" : [ 0, 2, 3 ]
    }, {
      "vertices" : [ 0, 3, 2 ]
    }, {
      "vertices" : [ 0, 2, 1 ]
    } ]
  }, {
    "id" : "d144b446-e369-4c81-881e-440a5d61b01f",
    "vertices" : [ {
      "x" : -10.5021925,
      "y" : -5.648091,
      "z" : -0.79398865
    }, {
      "x" : -11.296182,
      "y" : -2.8240454,
      "z" : -2.8240454
    }, {
      "x" : -8.472136,
      "y" : -8.472136,
      "z" : -8.472136
    } ],
    "faces" : [ {
      "vertices" : [ 0, 1, 2 ]
    }, {
      "vertices" : [ 0, 2, 1 ]
    } ]
  }, {
    "id" : "49beb590-a02e-4fdc-8cc5-29714951e90b",
    "vertices" : [ {
      "x" : -0.79398865,
      "y" : -5.648091,
      "z" : -10.5021925
    }, {
      "x" : -2.8240454,
      "y" : -2.8240454,
      "z" : -11.296182
    }, {
      "x" : 0.0,
      "y" : 0.0,
      "z" : -8.472136
    }, {
      "x" : 2.0300567,
      "y" : -2.8240454,
      "z" : -7.6781473
    } ],
    "faces" : [ {
      "vertices" : [ 0, 1, 2 ]
    }, {
      "vertices" : [ 0, 2, 3 ]
    }, {
      "vertices" : [ 0, 3, 2 ]
    }, {
      "vertices" : [ 0, 2, 1 ]
    } ]
  }, {
    "id" : "de5d57e6-0a89-443b-a548-cf52e7a43d27",
    "vertices" : [ {
      "x" : -10.5021925,
      "y" : -0.79398865,
      "z" : -5.648091
    }, {
      "x" : -11.296182,
      "y" : -2.8240454,
      "z" : -2.8240454
    }, {
      "x" : -8.472136,
      "y" : 0.0,
      "z" : 0.0
    }, {
      "x" : -7.6781473,
      "y" : 2.0300567,
      "z" : -2.8240454
    } ],
    "faces" : [ {
      "vertices" : [ 0, 1, 2 ]
    }, {
      "vertices" : [ 0, 2, 3 ]
    }, {
      "vertices" : [ 0, 3, 2 ]
    }, {
      "vertices" : [ 0, 2, 1 ]
    } ]
  }, {
    "id" : "aa1cf3f1-1d3e-4523-a156-e5e9ef544db2",
    "vertices" : [ {
      "x" : -5.648091,
      "y" : -10.5021925,
      "z" : -0.79398865
    }, {
      "x" : -8.472136,
      "y" : -8.472136,
      "z" : 0.0
    }, {
      "x" : -8.472136,
      "y" : -8.472136,
      "z" : -8.472136
    } ],
    "faces" : [ {
      "vertices" : [ 0, 1, 2 ]
    }, {
      "vertices" : [ 0, 2, 1 ]
    } ]
  }, {
    "id" : "9d748f05-aa1a-4b75-b674-ab47b640a33d",
    "vertices" : [ {
      "x" : -5.648091,
      "y" : -0.79398865,
      "z" : -10.5021925
    }, {
      "x" : -8.472136,
      "y" : 0.0,
      "z" : -8.472136
    }, {
      "x" : -5.648091,
      "y" : 2.8240454,
      "z" : -5.648091
    }, {
      "x" : -2.8240454,
      "y" : 2.0300567,
      "z" : -7.6781473
    } ],
    "faces" : [ {
      "vertices" : [ 0, 1, 2 ]
    }, {
      "vertices" : [ 0, 2, 3 ]
    }, {
      "vertices" : [ 0, 3, 2 ]
    }, {
      "vertices" : [ 0, 2, 1 ]
    } ]
  } ],
  "instances" : [ {
    "shape" : "e5d51c47-ca38-459f-9c10-ee9992ed7ab9",
    "color" : "#F0A000",
    "position" : {
      "x" : -5.648091,
      "y" : 2.8240454,
      "z" : -5.648091
    },
    "orientation" : 19
  }, {
    "shape" : "6110c4fd-bc0f-4634-8520-0916e5e8c41a",
    "color" : "#FFFFFF",
    "position" : {
      "x" : 0.0,
      "y" : 0.0,
      "z" : 0.0
    }
  }, {
    "shape" : "864c0e2f-b8f5-46c0-a80a-8bea69cca8f4",
    "color" : "#FFFFFF",
    "position" : {
      "x" : 0.0,
      "y" : 0.0,
      "z" : 0.0
    }
  }, {
    "shape" : "103c40cc-1577-4068-91ed-51e57f4050e7",
    "color" : "#FFFFFF",
    "position" : {
      "x" : -8.472136,
      "y" : 0.0,
      "z" : 0.0
    }
  }, {
    "shape" : "103c40cc-1577-4068-91ed-51e57f4050e7",
    "color" : "#FFFFFF",
    "position" : {
      "x" : 2.0300567,
      "y" : -2.8240454,
      "z" : -7.6781473
    }
  }, {
    "shape" : "5ff875f4-7f75-4455-a979-64ddcdd26f96",
    "color" : "#FFFF00",
    "position" : {
      "x" : -8.472136,
      "y" : -8.472136,
      "z" : -8.472136
    },
    "orientation" : 1
  }, {
    "shape" : "5ff875f4-7f75-4455-a979-64ddcdd26f96",
    "color" : "#FFFF00",
    "position" : {
      "x" : -0.79398865,
      "y" : -10.5021925,
      "z" : -5.648091
    },
    "orientation" : 2
  }, {
    "shape" : "fefdfc9e-15c4-49c6-9a3f-9706ecfdddc6",
    "color" : "#FFFFFF",
    "position" : {
      "x" : 0.0,
      "y" : 0.0,
      "z" : 0.0
    }
  }, {
    "shape" : "103c40cc-1577-4068-91ed-51e57f4050e7",
    "color" : "#FFFFFF",
    "position" : {
      "x" : 0.0,
      "y" : 0.0,
      "z" : -8.472136
    }
  }, {
    "shape" : "103c40cc-1577-4068-91ed-51e57f4050e7",
    "color" : "#FFFFFF",
    "position" : {
      "x" : -5.648091,
      "y" : -5.648091,
      "z" : 2.8240454
    }
  }, {
    "shape" : "6554a3de-d5cb-4ee2-b45f-68c3d5240577",
    "color" : "#FFFFFF",
    "position" : {
      "x" : 0.0,
      "y" : 0.0,
      "z" : 0.0
    }
  }, {
    "shape" : "9164a9bf-7c76-4c3d-8083-1642f1e80597",
    "color" : "#FFFFFF",
    "position" : {
      "x" : -5.648091,
      "y" : 2.8240454,
      "z" : -5.648091
    },
    "orientation" : 0
  }, {
    "shape" : "103c40cc-1577-4068-91ed-51e57f4050e7",
