{
  "polygons" : "true",
  "field" : "golden",
  "symmetry" : "icosahedral",
  "orientations" : [ [ 1.0, 0.0, 0.0, 0.0, 0.0, 1.0, 0.0, 0.0, 0.0, 0.0, 1.0, 0.0, 0.0, 0.0, 0.0, 1.0 ], [ 0.0, 0.0, 1.0, 0.0, 1.0, 0.0, 0.0, 0.0, 0.0, 1.0, 0.0, 0.0, 0.0, 0.0, 0.0, 1.0 ], [ 0.0, 1.0, 0.0, 0.0, 0.0, 0.0, 1.0, 0.0, 1.0, 0.0, 0.0, 0.0, 0.0, 0.0, 0.0, 1.0 ], [ 0.809017, 0.309017, 0.5, 0.0, 0.309017, 0.5, -0.809017, 0.0, -0.5, 0.809017, 0.309017, 0.0, 0.0, 0.0, 0.0, 1.0 ], [ -0.5, 0.809017, 0.309017, 0.0, 0.809017, 0.309017, 0.5, 0.0, 0.309017, 0.5, -0.809017, 0.0, 0.0, 0.0, 0.0, 1.0 ], [ 0.309017, 0.5, -0.809017, 0.0, -0.5, 0.809017, 0.309017, 0.0, 0.809017, 0.309017, 0.5, 0.0, 0.0, 0.0, 0.0, 1.0 ], [ 0.5, 0.809017, 0.309017, 0.0, 0.809017, -0.309017, -0.5, 0.0, -0.309017, 0.5, -0.809017, 0.0, 0.0, 0.0, 0.0, 1.0 ], [ -0.309017, 0.5, -0.809017, 0.0, 0.5, 0.809017, 0.309017, 0.0, 0.809017, -0.309017, -0.5, 0.0, 0.0, 0.0, 0.0, 1.0 ], [ 0.809017, -0.309017, -0.5, 0.0, -0.309017, 0.5, -0.809017, 0.0, 0.5, 0.809017, 0.309017, 0.0, 0.0, 0.0, 0.0, 1.0 ], [ 0.5, 0.809017, -0.309017, 0.0, 0.809017, -0.309017, 0.5, 0.0, 0.309017, -0.5, -0.809017, 0.0, 0.0, 0.0, 0.0, 1.0 ], [ 0.309017, -0.5, -0.809017, 0.0, 0.5, 0.809017, -0.309017, 0.0, 0.809017, -0.309017, 0.5, 0.0, 0.0, 0.0, 0.0, 1.0 ], [ 0.809017, -0.309017, 0.5, 0.0, 0.309017, -0.5, -0.809017, 0.0, 0.5, 0.809017, -0.309017, 0.0, 0.0, 0.0, 0.0, 1.0 ], [ 0.809017, 0.309017, -0.5, 0.0, 0.309017, 0.5, 0.809017, 0.0, 0.5, -0.809017, 0.309017, 0.0, 0.0, 0.0, 0.0, 1.0 ], [ 0.5, -0.809017, 0.309017, 0.0, 0.809017, 0.309017, -0.5, 0.0, 0.309017, 0.5, 0.809017, 0.0, 0.0, 0.0, 0.0, 1.0 ], [ 0.309017, 0.5, 0.809017, 0.0, 0.5, -0.809017, 0.309017, 0.0, 0.809017, 0.309017, -0.5, 0.0, 0.0, 0.0, 0.0, 1.0 ], [ 1.0, 0.0, 0.0, 0.0, 0.0, -1.0, 0.0, 0.0, 0.0, 0.0, -1.0, 0.0, 0.0, 0.0, 0.0, 1.0 ], [ 0.0, 0.0, 1.0, 0.0, -1.0, 0.0, 0.0, 0.0, 0.0, -1.0, 0.0, 0.0, 0.0, 0.0, 0.0, 1.0 ], [ 0.0, 1.0, 0.0, 0.0, 0.0, 0.0, -1.0, 0.0, -1.0, 0.0, 0.0, 0.0, 0.0, 0.0, 0.0, 1.0 ], [ 0.809017, 0.309017, 0.5, 0.0, -0.309017, -0.5, 0.809017, 0.0, 0.5, -0.809017, -0.309017, 0.0, 0.0, 0.0, 0.0, 1.0 ], [ -0.5, 0.809017, 0.309017, 0.0, -0.809017, -0.309017, -0.5, 0.0, -0.309017, -0.5, 0.809017, 0.0, 0.0, 0.0, 0.0, 1.0 ], [ 0.309017, 0.5, -0.809017, 0.0, 0.5, -0.809017, -0.309017, 0.0, -0.809017, -0.309017, -0.5, 0.0, 0.0, 0.0, 0.0, 1.0 ], [ 0.5, 0.809017, 0.309017, 0.0, -0.809017, 0.309017, 0.5, 0.0, 0.309017, -0.5, 0.809017, 0.0, 0.0, 0.0, 0.0, 1.0 ], [ -0.309017, 0.5, -0.809017, 0.0, -0.5, -0.809017, -0.309017, 0.0, -0.809017, 0.309017, 0.5, 0.0, 0.0, 0.0, 0.0, 1.0 ], [ 0.809017, -0.309017, -0.5, 0.0, 0.309017, -0.5, 0.809017, 0.0, -0.5, -0.809017, -0.309017, 0.0, 0.0, 0.0, 0.0, 1.0 ], [ 0.5, 0.809017, -0.309017, 0.0, -0.809017, 0.309017, -0.5, 0.0, -0.309017, 0.5, 0.809017, 0.0, 0.0, 0.0, 0.0, 1.0 ], [ 0.309017, -0.5, -0.809017, 0.0, -0.5, -0.809017, 0.309017, 0.0, -0.809017, 0.309017, -0.5, 0.0, 0.0, 0.0, 0.0, 1.0 ], [ 0.809017, -0.309017, 0.5, 0.0, -0.309017, 0.5, 0.809017, 0.0, -0.5, -0.809017, 0.309017, 0.0, 0.0, 0.0, 0.0, 1.0 ], [ 0.809017, 0.309017, -0.5, 0.0, -0.309017, -0.5, -0.809017, 0.0, -0.5, 0.809017, -0.309017, 0.0, 0.0, 0.0, 0.0, 1.0 ], [ 0.5, -0.809017, 0.309017, 0.0, -0.809017, -0.309017, 0.5, 0.0, -0.309017, -0.5, -0.809017, 0.0, 0.0, 0.0, 0.0, 1.0 ], [ 0.309017, 0.5, 0.809017, 0.0, -0.5, 0.809017, -0.309017, 0.0, -0.809017, -0.309017, 0.5, 0.0, 0.0, 0.0, 0.0, 1.0 ], [ -1.0, 0.0, 0.0, 0.0, 0.0, -1.0, 0.0, 0.0, 0.0, 0.0, 1.0, 0.0, 0.0, 0.0, 0.0, 1.0 ], [ 0.0, 0.0, -1.0, 0.0, -1.0, 0.0, 0.0, 0.0, 0.0, 1.0, 0.0, 0.0, 0.0, 0.0, 0.0, 1.0 ], [ 0.0, -1.0, 0.0, 0.0, 0.0, 0.0, -1.0, 0.0, 1.0, 0.0, 0.0, 0.0, 0.0, 0.0, 0.0, 1.0 ], [ -0.809017, -0.309017, -0.5, 0.0, -0.309017, -0.5, 0.809017, 0.0, -0.5, 0.809017, 0.309017, 0.0, 0.0, 0.0, 0.0, 1.0 ], [ 0.5, -0.809017, -0.309017, 0.0, -0.809017, -0.309017, -0.5, 0.0, 0.309017, 0.5, -0.809017, 0.0, 0.0, 0.0, 0.0, 1.0 ], [ -0.309017, -0.5, 0.809017, 0.0, 0.5, -0.809017, -0.309017, 0.0, 0.809017, 0.309017, 0.5, 0.0, 0.0, 0.0, 0.0, 1.0 ], [ -0.5, -0.809017, -0.309017, 0.0, -0.809017, 0.309017, 0.5, 0.0, -0.309017, 0.5, -0.809017, 0.0, 0.0, 0.0, 0.0, 1.0 ], [ 0.309017, -0.5, 0.809017, 0.0, -0.5, -0.809017, -0.309017, 0.0, 0.809017, -0.309017, -0.5, 0.0, 0.0, 0.0, 0.0, 1.0 ], [ -0.809017, 0.309017, 0.5, 0.0, 0.309017, -0.5, 0.809017, 0.0, 0.5, 0.809017, 0.309017, 0.0, 0.0, 0.0, 0.0, 1.0 ], [ -0.5, -0.809017, 0.309017, 0.0, -0.809017, 0.309017, -0.5, 0.0, 0.309017, -0.5, -0.809017, 0.0, 0.0, 0.0, 0.0, 1.0 ], [ -0.309017, 0.5, 0.809017, 0.0, -0.5, -0.809017, 0.309017, 0.0, 0.809017, -0.309017, 0.5, 0.0, 0.0, 0.0, 0.0, 1.0 ], [ -0.809017, 0.309017, -0.5, 0.0, -0.309017, 0.5, 0.809017, 0.0, 0.5, 0.809017, -0.309017, 0.0, 0.0, 0.0, 0.0, 1.0 ], [ -0.809017, -0.309017, 0.5, 0.0, -0.309017, -0.5, -0.809017, 0.0, 0.5, -0.809017, 0.309017, 0.0, 0.0, 0.0, 0.0, 1.0 ], [ -0.5, 0.809017, -0.309017, 0.0, -0.809017, -0.309017, 0.5, 0.0, 0.309017, 0.5, 0.809017, 0.0, 0.0, 0.0, 0.0, 1.0 ], [ -0.309017, -0.5, -0.809017, 0.0, -0.5, 0.809017, -0.309017, 0.0, 0.809017, 0.309017, -0.5, 0.0, 0.0, 0.0, 0.0, 1.0 ], [ -1.0, 0.0, 0.0, 0.0, 0.0, 1.0, 0.0, 0.0, 0.0, 0.0, -1.0, 0.0, 0.0, 0.0, 0.0, 1.0 ], [ 0.0, 0.0, -1.0, 0.0, 1.0, 0.0, 0.0, 0.0, 0.0, -1.0, 0.0, 0.0, 0.0, 0.0, 0.0, 1.0 ], [ 0.0, -1.0, 0.0, 0.0, 0.0, 0.0, 1.0, 0.0, -1.0, 0.0, 0.0, 0.0, 0.0, 0.0, 0.0, 1.0 ], [ -0.809017, -0.309017, -0.5, 0.0, 0.309017, 0.5, -0.809017, 0.0, 0.5, -0.809017, -0.309017, 0.0, 0.0, 0.0, 0.0, 1.0 ], [ 0.5, -0.809017, -0.309017, 0.0, 0.809017, 0.309017, 0.5, 0.0, -0.309017, -0.5, 0.809017, 0.0, 0.0, 0.0, 0.0, 1.0 ], [ -0.309017, -0.5, 0.809017, 0.0, -0.5, 0.809017, 0.309017, 0.0, -0.809017, -0.309017, -0.5, 0.0, 0.0, 0.0, 0.0, 1.0 ], [ -0.5, -0.809017, -0.309017, 0.0, 0.809017, -0.309017, -0.5, 0.0, 0.309017, -0.5, 0.809017, 0.0, 0.0, 0.0, 0.0, 1.0 ], [ 0.309017, -0.5, 0.809017, 0.0, 0.5, 0.809017, 0.309017, 0.0, -0.809017, 0.309017, 0.5, 0.0, 0.0, 0.0, 0.0, 1.0 ], [ -0.809017, 0.309017, 0.5, 0.0, -0.309017, 0.5, -0.809017, 0.0, -0.5, -0.809017, -0.309017, 0.0, 0.0, 0.0, 0.0, 1.0 ], [ -0.5, -0.809017, 0.309017, 0.0, 0.809017, -0.309017, 0.5, 0.0, -0.309017, 0.5, 0.809017, 0.0, 0.0, 0.0, 0.0, 1.0 ], [ -0.309017, 0.5, 0.809017, 0.0, 0.5, 0.809017, -0.309017, 0.0, -0.809017, 0.309017, -0.5, 0.0, 0.0, 0.0, 0.0, 1.0 ], [ -0.809017, 0.309017, -0.5, 0.0, 0.309017, -0.5, -0.809017, 0.0, -0.5, -0.809017, 0.309017, 0.0, 0.0, 0.0, 0.0, 1.0 ], [ -0.809017, -0.309017, 0.5, 0.0, 0.309017, 0.5, 0.809017, 0.0, -0.5, 0.809017, -0.309017, 0.0, 0.0, 0.0, 0.0, 1.0 ], [ -0.5, 0.809017, -0.309017, 0.0, 0.809017, 0.309017, -0.5, 0.0, -0.309017, -0.5, -0.809017, 0.0, 0.0, 0.0, 0.0, 1.0 ], [ -0.309017, -0.5, -0.809017, 0.0, 0.5, -0.809017, 0.309017, 0.0, -0.809017, -0.309017, 0.5, 0.0, 0.0, 0.0, 0.0, 1.0 ] ],
  "lights" : {
    "directionalLights" : [ {
      "direction" : [ 1.0, -1.0, -1.0 ],
      "color" : "#EBEBE4"
    }, {
      "direction" : [ -1.0, 0.0, 0.0 ],
      "color" : "#E4E4EB"
    }, {
      "direction" : [ 0.0, 0.0, -1.0 ],
      "color" : "#1E1E1E"
    } ],
    "ambientColor" : "#292929",
    "backgroundColor" : "#8CC2E7"
  },
  "camera" : {
    "width" : 92.79304,
    "position" : {
      "x" : 21.168076,
      "y" : 202.15909,
      "z" : -34.706078
    },
    "stereo" : false,
    "viewDistance" : 206.20677,
    "upDirectionRV" : {
      "x" : 0.6880568,
      "y" : 0.052207112,
      "z" : 0.7237676,
      "zero" : false
    },
    "lookDirectionRV" : {
      "x" : -0.102654606,
      "y" : -0.98037076,
      "z" : 0.16830717,
      "zero" : false
    },
    "perspective" : false,
    "fieldOfView" : 0.44262883,
    "lookAtPointRV" : {
      "x" : 0.0,
      "y" : 0.0,
      "z" : 0.0,
      "zero" : true
    },
    "nearClipDistance" : 0.19093226,
    "lookAtPoint" : {
      "x" : 0.0,
      "y" : 0.0,
      "z" : 0.0
    },
    "farClipDistance" : 412.4136,
    "lookDirection" : {
      "x" : -0.102654606,
      "y" : -0.98037076,
      "z" : 0.16830717
    },
    "upDirection" : {
      "x" : 0.6880568,
      "y" : 0.052207112,
      "z" : 0.7237676
    }
  },
  "embedding" : [ 1.0, 0.0, 0.0, 0.0, 0.0, 1.0, 0.0, 0.0, 0.0, 0.0, 1.0, 0.0, 0.0, 0.0, 0.0, 1.0 ],
  "shapes" : [ {
    "id" : "cf2d5b32-8ad4-4519-83a8-b1af753b8bd7",
    "orbit" : "blue",
    "orbitC" : "[[0,0,1],[0,0,1]]",
    "length" : "[1,0,1]",
    "name" : "b1",
    "vertices" : [ {
      "x" : 7.472136,
      "y" : 0.309017,
      "z" : 0.19098301
    }, {
      "x" : 7.472136,
      "y" : 0.309017,
      "z" : -0.19098301
    }, {
      "x" : 1.0,
      "y" : 0.309017,
      "z" : -0.19098301
    }, {
      "x" : 1.0,
      "y" : 0.309017,
      "z" : 0.19098301
    }, {
      "x" : 7.472136,
      "y" : -0.309017,
      "z" : 0.19098301
    }, {
      "x" : 1.0,
      "y" : -0.309017,
      "z" : 0.19098301
    }, {
      "x" : 1.0,
      "y" : -0.309017,
      "z" : -0.19098301
    }, {
      "x" : 7.472136,
      "y" : -0.309017,
      "z" : -0.19098301
    }, {
      "x" : 8.472136,
      "y" : 0.0,
      "z" : 0.0
    } ],
    "faces" : [ {
      "vertices" : [ 1, 7, 6, 2 ]
    }, {
      "vertices" : [ 0, 1, 2, 3 ]
    }, {
      "vertices" : [ 4, 5, 6, 7 ]
    }, {
      "vertices" : [ 0, 3, 5, 4 ]
    } ]
  }, {
    "id" : "d6656f65-584b-4dda-bf87-e86833392c27",
    "vertices" : [ {
      "x" : 0.0,
      "y" : 0.0,
      "z" : 0.0
    }, {
      "x" : 0.0,
      "y" : -8.472136,
      "z" : 0.0
    }, {
      "x" : 0.0,
      "y" : -8.472136,
      "z" : -8.472136
    }, {
      "x" : 0.0,
      "y" : 0.0,
      "z" : -8.472136
    } ],
    "faces" : [ {
      "vertices" : [ 0, 1, 2, 3 ]
    }, {
      "vertices" : [ 0, 3, 2, 1 ]
    } ]
  }, {
    "id" : "77589f0a-8285-4deb-a125-6d6b80880e56",
    "name" : "ball",
    "vertices" : [ {
      "x" : 0.309017,
      "y" : -0.809017,
      "z" : 0.618034
    }, {
      "x" : 0.809017,
      "y" : -0.618034,
      "z" : 0.309017
    }, {
      "x" : 0.618034,
      "y" : -0.309017,
      "z" : 0.809017
    }, {
      "x" : 1.0,
      "y" : 0.309017,
      "z" : 0.19098301
    }, {
      "x" : 0.809017,
      "y" : 0.618034,
      "z" : 0.309017
    }, {
      "x" : 0.618034,
      "y" : 0.309017,
      "z" : 0.809017
    }, {
      "x" : 0.809017,
      "y" : 0.0,
      "z" : 0.690983
    }, {
      "x" : 0.19098301,
      "y" : -1.0,
      "z" : 0.309017
    }, {
      "x" : -0.19098301,
      "y" : -1.0,
      "z" : 0.309017
    }, {
      "x" : -0.19098301,
      "y" : -1.0,
      "z" : -0.309017
    }, {
      "x" : 0.19098301,
      "y" : -1.0,
      "z" : -0.309017
    }, {
      "x" : 1.0,
      "y" : -0.309017,
      "z" : -0.19098301
    }, {
      "x" : 0.809017,
      "y" : -0.618034,
      "z" : -0.309017
    }, {
      "x" : 0.618034,
      "y" : -0.309017,
      "z" : -0.809017
    }, {
      "x" : 0.809017,
      "y" : 0.0,
      "z" : -0.690983
    }, {
      "x" : 0.0,
      "y" : 0.690983,
      "z" : -0.809017
    }, {
      "x" : 0.309017,
      "y" : 0.809017,
      "z" : -0.618034
    }, {
      "x" : 0.618034,
      "y" : 0.309017,
      "z" : -0.809017
    }, {
      "x" : 0.309017,
      "y" : 0.19098301,
      "z" : -1.0
    }, {
      "x" : 1.0,
      "y" : 0.309017,
      "z" : -0.19098301
    }, {
      "x" : -0.309017,
      "y" : -0.809017,
      "z" : 0.618034
    }, {
      "x" : 0.0,
      "y" : -0.690983,
      "z" : 0.809017
    }, {
      "x" : 0.809017,
      "y" : 0.618034,
      "z" : -0.309017
    }, {
      "x" : 0.690983,
      "y" : 0.809017,
      "z" : 0.0
    }, {
      "x" : -0.690983,
      "y" : 0.809017,
      "z" : 0.0
    }, {
      "x" : -0.809017,
      "y" : 0.618034,
      "z" : 0.309017
    }, {
      "x" : -0.309017,
      "y" : 0.809017,
      "z" : 0.618034
    }, {
      "x" : -0.19098301,
      "y" : 1.0,
      "z" : 0.309017
    }, {
      "x" : 0.309017,
      "y" : -0.19098301,
      "z" : -1.0
    }, {
      "x" : 0.19098301,
      "y" : 1.0,
      "z" : 0.309017
    }, {
      "x" : 0.309017,
      "y" : 0.809017,
      "z" : 0.618034
    }, {
      "x" : -0.809017,
      "y" : -0.618034,
      "z" : 0.309017
    }, {
      "x" : -0.690983,
      "y" : -0.809017,
      "z" : 0.0
    }, {
      "x" : 0.0,
      "y" : 0.690983,
      "z" : 0.809017
    }, {
      "x" : 0.309017,
      "y" : -0.809017,
      "z" : -0.618034
    }, {
      "x" : 0.0,
      "y" : -0.690983,
      "z" : -0.809017
    }, {
      "x" : -1.0,
      "y" : 0.309017,
      "z" : 0.19098301
    }, {
      "x" : -0.809017,
      "y" : 0.0,
      "z" : 0.690983
    }, {
      "x" : -0.618034,
      "y" : 0.309017,
      "z" : 0.809017
    }, {
      "x" : 1.0,
      "y" : -0.309017,
      "z" : 0.19098301
    }, {
      "x" : -0.309017,
      "y" : -0.809017,
      "z" : -0.618034
    }, {
      "x" : -1.0,
      "y" : 0.309017,
      "z" : -0.19098301
    }, {
      "x" : -1.0,
      "y" : -0.309017,
      "z" : -0.19098301
    }, {
      "x" : -1.0,
      "y" : -0.309017,
      "z" : 0.19098301
    }, {
      "x" : 0.19098301,
      "y" : 1.0,
      "z" : -0.309017
    }, {
      "x" : -0.809017,
      "y" : 0.618034,
      "z" : -0.309017
    }, {
      "x" : -0.19098301,
      "y" : 1.0,
      "z" : -0.309017
    }, {
      "x" : -0.309017,
      "y" : 0.809017,
      "z" : -0.618034
    }, {
      "x" : -0.618034,
      "y" : -0.309017,
      "z" : 0.809017
    }, {
      "x" : 0.309017,
      "y" : 0.19098301,
      "z" : 1.0
    }, {
      "x" : -0.309017,
      "y" : 0.19098301,
      "z" : -1.0
    }, {
      "x" : -0.309017,
      "y" : 0.19098301,
      "z" : 1.0
    }, {
      "x" : -0.309017,
      "y" : -0.19098301,
      "z" : 1.0
    }, {
      "x" : 0.309017,
      "y" : -0.19098301,
      "z" : 1.0
    }, {
      "x" : 0.690983,
      "y" : -0.809017,
      "z" : 0.0
    }, {
      "x" : -0.809017,
      "y" : 0.0,
      "z" : -0.690983
    }, {
      "x" : -0.618034,
      "y" : -0.309017,
      "z" : -0.809017
    }, {
      "x" : -0.309017,
      "y" : -0.19098301,
      "z" : -1.0
    }, {
      "x" : -0.618034,
      "y" : 0.309017,
      "z" : -0.809017
    }, {
      "x" : -0.809017,
      "y" : -0.618034,
      "z" : -0.309017
    } ],
    "faces" : [ {
      "vertices" : [ 9, 40, 35, 34, 10 ]
    }, {
      "vertices" : [ 0, 1, 2 ]
    }, {
      "vertices" : [ 33, 51, 49 ]
    }, {
      "vertices" : [ 25, 36, 37, 38 ]
    }, {
      "vertices" : [ 41, 55, 42 ]
    }, {
      "vertices" : [ 9, 32, 59, 40 ]
    }, {
      "vertices" : [ 20, 21, 52, 48 ]
    }, {
      "vertices" : [ 26, 33, 30, 29, 27 ]
    }, {
      "vertices" : [ 3, 4, 5, 6 ]
    }, {
      "vertices" : [ 27, 29, 44, 46 ]
    }, {
      "vertices" : [ 50, 57, 56, 55, 58 ]
    }, {
      "vertices" : [ 26, 38, 51, 33 ]
    }, {
      "vertices" : [ 45, 47, 58 ]
    }, {
      "vertices" : [ 18, 28, 57, 50 ]
    }, {
      "vertices" : [ 40, 59, 56 ]
    }, {
      "vertices" : [ 31, 48, 37, 43 ]
    }, {
      "vertices" : [ 7, 8, 9, 10 ]
    }, {
      "vertices" : [ 36, 41, 42, 43 ]
    }, {
      "vertices" : [ 24, 46, 47, 45 ]
    }, {
      "vertices" : [ 4, 30, 5 ]
    }, {
      "vertices" : [ 15, 47, 46, 44, 16 ]
    }, {
      "vertices" : [ 15, 50, 58, 47 ]
    }, {
      "vertices" : [ 24, 45, 41, 36, 25 ]
    }, {
      "vertices" : [ 11, 14, 19 ]
    }, {
      "vertices" : [ 3, 6, 39 ]
    }, {
      "vertices" : [ 1, 39, 6, 2 ]
    }, {
      "vertices" : [ 8, 32, 9 ]
    }, {
      "vertices" : [ 11, 12, 13, 14 ]
    }, {
      "vertices" : [ 16, 22, 17 ]
    }, {
      "vertices" : [ 0, 21, 20, 8, 7 ]
    }, {
      "vertices" : [ 12, 34, 13 ]
    }, {
      "vertices" : [ 35, 40, 56, 57 ]
    }, {
      "vertices" : [ 0, 7, 54, 1 ]
    }, {
      "vertices" : [ 15, 16, 17, 18 ]
    }, {
      "vertices" : [ 3, 19, 22, 23, 4 ]
    }, {
      "vertices" : [ 7, 10, 54 ]
    }, {
      "vertices" : [ 41, 45, 58, 55 ]
    }, {
      "vertices" : [ 3, 39, 11, 19 ]
    }, {
      "vertices" : [ 14, 17, 22, 19 ]
    }, {
      "vertices" : [ 0, 2, 53, 21 ]
    }, {
      "vertices" : [ 49, 51, 52, 53 ]
    }, {
      "vertices" : [ 31, 43, 42, 59, 32 ]
    }, {
      "vertices" : [ 15, 18, 50 ]
    }, {
      "vertices" : [ 42, 55, 56, 59 ]
    }, {
      "vertices" : [ 4, 23, 29, 30 ]
    }, {
      "vertices" : [ 25, 38, 26 ]
    }, {
      "vertices" : [ 13, 28, 18, 17, 14 ]
    }, {
      "vertices" : [ 8, 20, 31, 32 ]
    }, {
      "vertices" : [ 23, 44, 29 ]
    }, {
      "vertices" : [ 24, 27, 46 ]
    }, {
      "vertices" : [ 37, 48, 52, 51, 38 ]
    }, {
      "vertices" : [ 20, 48, 31 ]
    }, {
      "vertices" : [ 24, 25, 26, 27 ]
    }, {
      "vertices" : [ 16, 44, 23, 22 ]
    }, {
      "vertices" : [ 13, 34, 35, 28 ]
    }, {
      "vertices" : [ 10, 34, 12, 54 ]
    }, {
      "vertices" : [ 2, 6, 5, 49, 53 ]
    }, {
      "vertices" : [ 36, 43, 37 ]
    }, {
      "vertices" : [ 5, 30, 33, 49 ]
    }, {
      "vertices" : [ 1, 54, 12, 11, 39 ]
    }, {
      "vertices" : [ 28, 35, 57 ]
    }, {
      "vertices" : [ 21, 53, 52 ]
    } ]
  }, {
    "id" : "574d1848-1b5e-458b-808d-bfab548fd075",
    "vertices" : [ {
      "x" : 0.0,
      "y" : 0.0,
      "z" : 0.0
    }, {
      "x" : -2.618034,
      "y" : 4.236068,
      "z" : -6.854102
    }, {
      "x" : 0.0,
      "y" : 8.472136,
      "z" : 0.0
    } ],
    "faces" : [ {
      "vertices" : [ 0, 1, 2 ]
    }, {
      "vertices" : [ 0, 2, 1 ]
    } ]
  }, {
    "id" : "859cbf77-06f6-47de-835d-cdf7899a089d",
    "vertices" : [ {
      "x" : 0.0,
      "y" : 0.0,
      "z" : 0.0
    }, {
      "x" : 2.618034,
      "y" : 4.236068,
      "z" : 6.854102
    }, {
      "x" : 2.618034,
      "y" : -4.236068,
      "z" : 6.854102
    } ],
    "faces" : [ {
      "vertices" : [ 0, 1, 2 ]
    }, {
      "vertices" : [ 0, 2, 1 ]
    } ]
  }, {
    "id" : "5ebf011f-c582-4752-91dd-24c70b0bc82d",
    "vertices" : [ {
      "x" : 0.0,
      "y" : 0.0,
      "z" : 0.0
    }, {
      "x" : 2.618034,
      "y" : -4.236068,
      "z" : 6.854102
    }, {
      "x" : 0.0,
      "y" : -8.472136,
      "z" : 0.0
    } ],
    "faces" : [ {
      "vertices" : [ 0, 1, 2 ]
    }, {
      "vertices" : [ 0, 2, 1 ]
    } ]
  }, {
    "id" : "4188264d-9b4a-4313-9cfc-38b646535ca6",
    "vertices" : [ {
      "x" : 0.0,
      "y" : 0.0,
      "z" : 0.0
    }, {
      "x" : 0.0,
      "y" : 0.0,
      "z" : -8.472136
    }, {
      "x" : 0.0,
      "y" : 8.472136,
      "z" : -8.472136
    }, {
      "x" : 0.0,
      "y" : 8.472136,
      "z" : 0.0
    } ],
    "faces" : [ {
      "vertices" : [ 0, 1, 2, 3 ]
    }, {
      "vertices" : [ 0, 3, 2, 1 ]
    } ]
  }, {
    "id" : "ff39a1e2-5895-4779-850f-8bc635288e7e",
    "vertices" : [ {
      "x" : 0.0,
      "y" : 0.0,
      "z" : 0.0
    }, {
      "x" : 2.618034,
      "y" : -4.236068,
      "z" : -6.854102
    }, {
      "x" : 0.0,
      "y" : 0.0,
      "z" : -13.708204
    }, {
      "x" : -4.236068,
      "y" : 6.854102,
      "z" : -11.09017
    }, {
      "x" : -4.236068,
      "y" : 6.854102,
      "z" : -2.618034
    } ],
    "faces" : [ {
      "vertices" : [ 0, 1, 2, 3, 4 ]
    }, {
      "vertices" : [ 0, 4, 3, 2, 1 ]
    } ]
  }, {
    "id" : "533acf57-c566-41f7-bcc3-40b45bf2aa1a",
    "vertices" : [ {
      "x" : 0.0,
      "y" : 0.0,
      "z" : 0.0
    }, {
      "x" : 0.0,
      "y" : -8.472136,
      "z" : 0.0
    }, {
      "x" : -2.618034,
      "y" : -4.236068,
      "z" : -6.854102
    } ],
    "faces" : [ {
      "vertices" : [ 0, 1, 2 ]
    }, {
      "vertices" : [ 0, 2, 1 ]
    } ]
  }, {
    "id" : "02f78fed-1332-4b5d-ab10-b48611a0fda5",
    "vertices" : [ {
      "x" : 0.0,
      "y" : 0.0,
      "z" : 0.0
    }, {
      "x" : 4.236068,
      "y" : -6.854102,
      "z" : -2.618034
    }, {
      "x" : 4.236068,
      "y" : -6.854102,
      "z" : -11.09017
    }, {
      "x" : 0.0,
      "y" : 0.0,
      "z" : -13.708204
    }, {
      "x" : -2.618034,
      "y" : 4.236068,
      "z" : -6.854102
    } ],
    "faces" : [ {
      "vertices" : [ 0, 1, 2, 3, 4 ]
    }, {
      "vertices" : [ 0, 4, 3, 2, 1 ]
    } ]
  }, {
    "id" : "9a235243-30c1-4017-b316-9e84fda4f3d9",
    "vertices" : [ {
      "x" : 0.0,
      "y" : 0.0,
      "z" : 0.0
    }, {
      "x" : 0.0,
      "y" : 0.0,
      "z" : 8.472136
    }, {
      "x" : 4.236068,
      "y" : -6.854102,
      "z" : 11.09017
    }, {
      "x" : 6.854102,
      "y" : -11.09017,
      "z" : 4.236068
    }, {
      "x" : 4.236068,
      "y" : -6.854102,
      "z" : -2.618034
    } ],
    "faces" : [ {
      "vertices" : [ 0, 1, 2, 3, 4 ]
    }, {
      "vertices" : [ 0, 4, 3, 2, 1 ]
    } ]
  }, {
    "id" : "23fe4d44-b7f5-46f7-8152-729375564b9a",
    "vertices" : [ {
      "x" : 0.0,
      "y" : 0.0,
      "z" : 0.0
    }, {
      "x" : -2.618034,
      "y" : -4.236068,
      "z" : -6.854102
    }, {
      "x" : -2.618034,
      "y" : 4.236068,
      "z" : -6.854102
    } ],
    "faces" : [ {
      "vertices" : [ 0, 1, 2 ]
    }, {
      "vertices" : [ 0, 2, 1 ]
    } ]
  }, {
    "id" : "7b2b7216-6644-447c-88ee-8a40ae94eb89",
    "vertices" : [ {
      "x" : 0.0,
      "y" : 0.0,
      "z" : 0.0
    }, {
      "x" : -4.236068,
      "y" : 6.854102,
      "z" : -2.618034
    }, {
      "x" : -6.854102,
      "y" : 11.09017,
      "z" : 4.236068
    }, {
      "x" : -4.236068,
      "y" : 6.854102,
      "z" : 11.09017
    }, {
      "x" : 0.0,
      "y" : 0.0,
      "z" : 8.472136
    } ],
    "faces" : [ {
      "vertices" : [ 0, 1, 2, 3, 4 ]
    }, {
      "vertices" : [ 0, 4, 3, 2, 1 ]
    } ]
  }, {
    "id" : "cb2cd0a5-c704-4f55-8e00-af9afe0c9a66",
    "vertices" : [ {
      "x" : 0.0,
      "y" : 0.0,
      "z" : 0.0
    }, {
      "x" : -2.618034,
      "y" : 4.236068,
      "z" : -6.854102
    }, {
      "x" : -6.854102,
      "y" : 11.09017,
      "z" : -4.236068
    }, {
      "x" : -6.854102,
      "y" : 11.09017,
      "z" : 4.236068
    }, {
      "x" : -2.618034,
      "y" : 4.236068,
      "z" : 6.854102
    } ],
    "faces" : [ {
      "vertices" : [ 0, 1, 2, 3, 4 ]
    }, {
      "vertices" : [ 0, 4, 3, 2, 1 ]
    } ]
  }, {
    "id" : "282d1f26-dfa8-46b5-91f9-484c5ab6d093",
    "vertices" : [ {
      "x" : 0.0,
      "y" : 0.0,
      "z" : 0.0
    }, {
      "x" : 4.236068,
      "y" : -6.854102,
      "z" : 2.618034
    }, {
      "x" : 6.854102,
      "y" : -11.09017,
      "z" : -4.236068
    }, {
      "x" : 4.236068,
      "y" : -6.854102,
      "z" : -11.09017
    }, {
      "x" : 0.0,
      "y" : 0.0,
      "z" : -8.472136
    } ],
    "faces" : [ {
      "vertices" : [ 0, 1, 2, 3, 4 ]
    }, {
      "vertices" : [ 0, 4, 3, 2, 1 ]
    } ]
  }, {
    "id" : "605ce18a-31a1-4d79-aba1-3effa78a1115",
    "vertices" : [ {
      "x" : 0.0,
      "y" : 0.0,
      "z" : 0.0
    }, {
      "x" : -4.236068,
      "y" : 6.854102,
      "z" : 2.618034
    }, {
      "x" : -4.236068,
      "y" : 6.854102,
      "z" : 11.09017
    }, {
      "x" : 0.0,
      "y" : 0.0,
      "z" : 13.708204
    }, {
      "x" : 2.618034,
      "y" : -4.236068,
      "z" : 6.854102
    } ],
    "faces" : [ {
      "vertices" : [ 0, 1, 2, 3, 4 ]
    }, {
      "vertices" : [ 0, 4, 3, 2, 1 ]
    } ]
  }, {
    "id" : "7a1f4025-85dd-4e43-9e27-1c1e6eb22d28",
    "vertices" : [ {
      "x" : 0.0,
      "y" : 0.0,
      "z" : 0.0
    }, {
      "x" : 0.0,
      "y" : 8.472136,
      "z" : 0.0
    }, {
      "x" : 2.618034,
      "y" : 4.236068,
      "z" : 6.854102
    } ],
    "faces" : [ {
      "vertices" : [ 0, 1, 2 ]
    }, {
      "vertices" : [ 0, 2, 1 ]
    } ]
  }, {
    "id" : "eb9d86ed-516c-4cf8-abe4-1dd335faaab7",
    "vertices" : [ {
      "x" : 0.0,
      "y" : 0.0,
      "z" : 0.0
    }, {
      "x" : 0.0,
      "y" : 0.0,
      "z" : -8.472136
    }, {
      "x" : -4.236068,
      "y" : 6.854102,
      "z" : -11.09017
    }, {
      "x" : -6.854102,
      "y" : 11.09017,
      "z" : -4.236068
    }, {
      "x" : -4.236068,
      "y" : 6.854102,
      "z" : 2.618034
    } ],
    "faces" : [ {
      "vertices" : [ 0, 1, 2, 3, 4 ]
    }, {
      "vertices" : [ 0, 4, 3, 2, 1 ]
    } ]
  }, {
    "id" : "5852fdab-859d-48c3-9631-6dfdef66e4f0",
    "vertices" : [ {
      "x" : 0.0,
      "y" : 0.0,
      "z" : 0.0
    }, {
      "x" : 0.0,
      "y" : 8.472136,
      "z" : 0.0
    }, {
      "x" : 0.0,
      "y" : 8.472136,
      "z" : 8.472136
    }, {
      "x" : 0.0,
      "y" : 0.0,
      "z" : 8.472136
    } ],
    "faces" : [ {
      "vertices" : [ 0, 1, 2, 3 ]
    }, {
      "vertices" : [ 0, 3, 2, 1 ]
    } ]
  }, {
    "id" : "a0c9693e-c0b5-43cd-a74b-026cd2e63e33",
    "vertices" : [ {
      "x" : 0.0,
      "y" : 0.0,
      "z" : 0.0
    }, {
      "x" : -2.618034,
      "y" : -4.236068,
      "z" : -6.854102
    }, {
      "x" : -5.236068,
      "y" : 0.0,
      "z" : -13.708204
    }, {
      "x" : -5.236068,
      "y" : 8.472136,
      "z" : -13.708204
    }, {
      "x" : -2.618034,
      "y" : 12.708204,
      "z" : -6.854102
    }, {
      "x" : 0.0,
      "y" : 8.472136,
      "z" : 0.0
    } ],
    "faces" : [ {
      "vertices" : [ 0, 1, 2, 3, 4, 5 ]
    }, {
      "vertices" : [ 0, 5, 4, 3, 2, 1 ]
    } ]
  }, {
    "id" : "7f1287a7-3989-4446-a472-70da0e69a6c2",
    "vertices" : [ {
      "x" : 0.0,
      "y" : 0.0,
      "z" : 0.0
    }, {
      "x" : 0.0,
      "y" : 0.0,
      "z" : 8.472136
    }, {
      "x" : 0.0,
      "y" : -8.472136,
      "z" : 8.472136
    }, {
      "x" : 0.0,
      "y" : -8.472136,
      "z" : 0.0
    } ],
    "faces" : [ {
      "vertices" : [ 0, 1, 2, 3 ]
    }, {
      "vertices" : [ 0, 3, 2, 1 ]
    } ]
  }, {
    "id" : "9a1ce191-f432-42c4-be0a-b397ba57675f",
    "vertices" : [ {
      "x" : 0.0,
      "y" : 0.0,
      "z" : 0.0
    }, {
      "x" : 2.618034,
      "y" : 4.236068,
      "z" : 6.854102
    }, {
      "x" : 5.236068,
      "y" : 0.0,
      "z" : 13.708204
    }, {
      "x" : 5.236068,
      "y" : -8.472136,
      "z" : 13.708204
    }, {
      "x" : 2.618034,
      "y" : -12.708204,
      "z" : 6.854102
    }, {
      "x" : 0.0,
      "y" : -8.472136,
      "z" : 0.0
    } ],
    "faces" : [ {
      "vertices" : [ 0, 1, 2, 3, 4, 5 ]
    }, {
      "vertices" : [ 0, 5, 4, 3, 2, 1 ]
    } ]
  } ],
  "instances" : [ {
    "shape" : "cf2d5b32-8ad4-4519-83a8-b1af753b8bd7",
    "color" : "#008EC2",
    "position" : {
      "x" : 12.708204,
      "y" : 6.854102,
      "z" : -11.09017
    },
    "orientation" : 25
  }, {
    "shape" : "d6656f65-584b-4dda-bf87-e86833392c27",
    "color" : "#7FC6E0",
    "position" : {
      "x" : 0.0,
      "y" : 0.0,
      "z" : -13.708204
    },
    "orientation" : 53
  }, {
    "shape" : "cf2d5b32-8ad4-4519-83a8-b1af753b8bd7",
    "color" : "#008EC2",
    "position" : {
      "x" : -4.236068,
      "y" : -6.854102,
      "z" : 24.798374
    },
    "orientation" : 24
  }, {
    "shape" : "77589f0a-8285-4deb-a125-6d6b80880e56",
    "color" : "#FFFFFF",
    "position" : {
      "x" : 8.472136,
      "y" : 13.708204,
      "z" : -22.18034
    }
  }, {
    "shape" : "574d1848-1b5e-458b-808d-bfab548fd075",
    "color" : "#FFD98C",
    "position" : {
      "x" : 11.09017,
      "y" : -4.236068,
      "z" : -6.854102
    },
    "orientation" : 8
  }, {
    "shape" : "859cbf77-06f6-47de-835d-cdf7899a089d",
    "color" : "#FFD98C",
    "position" : {
      "x" : 0.0,
      "y" : 13.708204,
      "z" : -22.18034
    },
    "orientation" : 30
  }, {
    "shape" : "cf2d5b32-8ad4-4519-83a8-b1af753b8bd7",
    "color" : "#008EC2",
    "position" : {
      "x" : -4.236068,
      "y" : 6.854102,
      "z" : -11.09017
    },
    "orientation" : 24
  }, {
    "shape" : "5ebf011f-c582-4752-91dd-24c70b0bc82d",
    "color" : "#FFD98C",
    "position" : {
      "x" : 11.09017,
      "y" : 4.236068,
      "z" : -6.854102
    },
    "orientation" : 0
  }, {
    "shape" : "cf2d5b32-8ad4-4519-83a8-b1af753b8bd7",
    "color" : "#008EC2",
    "position" : {
      "x" : 11.09017,
      "y" : 4.236068,
      "z" : 6.854102
    },
    "orientation" : 25
  }, {
    "shape" : "859cbf77-06f6-47de-835d-cdf7899a089d",
    "color" : "#FFD98C",
    "position" : {
      "x" : 4.236068,
      "y" : 6.854102,
      "z" : -24.798374
    },
    "orientation" : 19
  }, {
    "shape" : "cf2d5b32-8ad4-4519-83a8-b1af753b8bd7",
    "color" : "#008EC2",
    "position" : {
      "x" : -11.09017,
      "y" : 4.236068,
      "z" : -6.854102
    },
    "orientation" : 9
  }, {
    "shape" : "77589f0a-8285-4deb-a125-6d6b80880e56",
    "color" : "#F2F2F2",
    "position" : {
      "x" : -13.708204,
      "y" : 0.0,
      "z" : 0.0
    }
  }, {
    "shape" : "4188264d-9b4a-4313-9cfc-38b646535ca6",
    "color" : "#7FC6E0",
    "position" : {
      "x" : 4.236068,
      "y" : -6.854102,
      "z" : 11.09017
    },
    "orientation" : 53
  }, {
    "shape" : "cf2d5b32-8ad4-4519-83a8-b1af753b8bd7",
    "color" : "#008EC2",
    "position" : {
      "x" : -8.472136,
      "y" : 0.0,
      "z" : 0.0
    },
    "orientation" : 24
  }, {
    "shape" : "cf2d5b32-8ad4-4519-83a8-b1af753b8bd7",
    "color" : "#008EC2",
    "position" : {
      "x" : 6.854102,
      "y" : -11.09017,
      "z" : 4.236068
    },
    "orientation" : 1
  }, {
    "shape" : "cf2d5b32-8ad4-4519-83a8-b1af753b8bd7",
    "color" : "#008EC2",
    "position" : {
      "x" : -6.854102,
      "y" : -11.09017,
      "z" : -4.236068
    },
    "orientation" : 52
  }, {
    "shape" : "cf2d5b32-8ad4-4519-83a8-b1af753b8bd7",
    "color" : "#008EC2",
    "position" : {
      "x" : -8.472136,
      "y" : 0.0,
      "z" : 0.0
    },
    "orientation" : 40
  }, {
    "shape" : "77589f0a-8285-4deb-a125-6d6b80880e56",
    "color" : "#F2F2F2",
    "position" : {
      "x" : -6.854102,
      "y" : 2.618034,
      "z" : -4.236068
    }
  }, {
    "shape" : "cf2d5b32-8ad4-4519-83a8-b1af753b8bd7",
    "color" : "#008EC2",
    "position" : {
      "x" : 11.09017,
      "y" : 4.236068,
      "z" : -6.854102
    },
    "orientation" : 37
  }, {
    "shape" : "cf2d5b32-8ad4-4519-83a8-b1af753b8bd7",
    "color" : "#008EC2",
    "position" : {
      "x" : -2.618034,
      "y" : -4.236068,
      "z" : -6.854102
    },
    "orientation" : 51
  }, {
    "shape" : "ff39a1e2-5895-4779-850f-8bc635288e7e",
    "color" : "#EC888B",
    "position" : {
      "x" : 11.09017,
      "y" : -4.236068,
      "z" : -6.854102
    },
    "orientation" : 15
  }, {
    "shape" : "cf2d5b32-8ad4-4519-83a8-b1af753b8bd7",
    "color" : "#008EC2",
    "position" : {
      "x" : -13.708204,
      "y" : 0.0,
      "z" : 0.0
    },
    "orientation" : 37
  }, {
    "shape" : "cf2d5b32-8ad4-4519-83a8-b1af753b8bd7",
    "color" : "#008EC2",
    "position" : {
      "x" : -15.326238,
      "y" : -11.09017,
      "z" : 17.944271
    },
    "orientation" : 52
  }, {
    "shape" : "77589f0a-8285-4deb-a125-6d6b80880e56",
    "color" : "#FFFFFF",
    "position" : {
      "x" : -8.472136,
      "y" : -13.708204,
      "z" : 8.472136
    }
  }, {
    "shape" : "77589f0a-8285-4deb-a125-6d6b80880e56",
    "color" : "#F2F2F2",
    "position" : {
      "x" : 6.854102,
      "y" : -2.618034,
      "z" : 4.236068
    }
  }, {
    "shape" : "cf2d5b32-8ad4-4519-83a8-b1af753b8bd7",
    "color" : "#008EC2",
    "position" : {
      "x" : 0.0,
      "y" : 0.0,
      "z" : 0.0
    },
    "orientation" : 56
  }, {
    "shape" : "cf2d5b32-8ad4-4519-83a8-b1af753b8bd7",
    "color" : "#008EC2",
    "position" : {
      "x" : -1.618034,
      "y" : -2.618034,
      "z" : 17.944271
    },
    "orientation" : 40
  }, {
    "shape" : "574d1848-1b5e-458b-808d-bfab548fd075",
    "color" : "#FFD98C",
    "position" : {
      "x" : 2.618034,
      "y" : -9.472136,
      "z" : 15.326238
    },
    "orientation" : 39
  }, {
    "shape" : "77589f0a-8285-4deb-a125-6d6b80880e56",
    "color" : "#F2F2F2",
    "position" : {
      "x" : 11.09017,
      "y" : -4.236068,
      "z" : 6.854102
    }
  }, {
    "shape" : "cf2d5b32-8ad4-4519-83a8-b1af753b8bd7",
    "color" : "#008EC2",
    "position" : {
      "x" : 0.0,
      "y" : 13.708204,
      "z" : 0.0
    },
    "orientation" : 8
  }, {
    "shape" : "77589f0a-8285-4deb-a125-6d6b80880e56",
    "color" : "#F2F2F2",
    "position" : {
      "x" : 4.236068,
      "y" : -6.854102,
      "z" : 11.09017
    }
  }, {
    "shape" : "ff39a1e2-5895-4779-850f-8bc635288e7e",
    "color" : "#EC888B",
    "position" : {
      "x" : 4.236068,
      "y" : 6.854102,
      "z" : -11.09017
    },
    "orientation" : 32
  }, {
    "shape" : "533acf57-c566-41f7-bcc3-40b45bf2aa1a",
    "color" : "#FFD98C",
    "position" : {
      "x" : 4.236068,
      "y" : -6.854102,
      "z" : 11.09017
    },
    "orientation" : 54
  }, {
    "shape" : "cf2d5b32-8ad4-4519-83a8-b1af753b8bd7",
    "color" : "#008EC2",
    "position" : {
      "x" : -4.236068,
      "y" : -6.854102,
      "z" : 24.798374
    },
    "orientation" : 36
  }, {
    "shape" : "77589f0a-8285-4deb-a125-6d6b80880e56",
    "color" : "#F2F2F2",
    "position" : {
      "x" : -6.854102,
      "y" : 11.09017,
      "z" : 4.236068
    }
  }, {
    "shape" : "cf2d5b32-8ad4-4519-83a8-b1af753b8bd7",
    "color" : "#008EC2",
    "position" : {
      "x" : 0.0,
      "y" : -13.708204,
      "z" : 22.18034
    },
    "orientation" : 25
  }, {
    "shape" : "cf2d5b32-8ad4-4519-83a8-b1af753b8bd7",
    "color" : "#008EC2",
    "position" : {
      "x" : 15.326238,
      "y" : 2.618034,
      "z" : -17.944271
    },
    "orientation" : 53
  }, {
    "shape" : "cf2d5b32-8ad4-4519-83a8-b1af753b8bd7",
    "color" : "#008EC2",
    "position" : {
      "x" : 8.472136,
      "y" : 13.708204,
      "z" : -8.472136
    },
    "orientation" : 24
  }, {
    "shape" : "cf2d5b32-8ad4-4519-83a8-b1af753b8bd7",
    "color" : "#008EC2",
    "position" : {
      "x" : 4.236068,
      "y" : -6.854102,
      "z" : -11.09017
    },
    "orientation" : 11
  }, {
    "shape" : "574d1848-1b5e-458b-808d-bfab548fd075",
    "color" : "#FFD98C",
    "position" : {
      "x" : 6.854102,
      "y" : -11.09017,
      "z" : -4.236068
    },
    "orientation" : 1
  }, {
    "shape" : "02f78fed-1332-4b5d-ab10-b48611a0fda5",
    "color" : "#EC888B",
    "position" : {
      "x" : 0.0,
      "y" : -13.708204,
      "z" : 0.0
    },
    "orientation" : 32
  }, {
    "shape" : "cf2d5b32-8ad4-4519-83a8-b1af753b8bd7",
    "color" : "#008EC2",
    "position" : {
      "x" : -13.708204,
      "y" : 0.0,
      "z" : 0.0
    },
    "orientation" : 10
  }, {
    "shape" : "cf2d5b32-8ad4-4519-83a8-b1af753b8bd7",
    "color" : "#008EC2",
    "position" : {
      "x" : -12.708204,
      "y" : -6.854102,
      "z" : 11.09017
    },
    "orientation" : 24
  }, {
    "shape" : "77589f0a-8285-4deb-a125-6d6b80880e56",
    "color" : "#FFFFFF",
    "position" : {
      "x" : 4.236068,
      "y" : 20.562305,
      "z" : -11.09017
    }
  }, {
    "shape" : "77589f0a-8285-4deb-a125-6d6b80880e56",
    "color" : "#F2F2F2",
    "position" : {
      "x" : 1.618034,
      "y" : 2.618034,
      "z" : -17.944271
    }
  }, {
    "shape" : "cf2d5b32-8ad4-4519-83a8-b1af753b8bd7",
    "color" : "#008EC2",
    "position" : {
      "x" : 0.0,
      "y" : -13.708204,
      "z" : 0.0
    },
    "orientation" : 56
  }, {
    "shape" : "cf2d5b32-8ad4-4519-83a8-b1af753b8bd7",
    "color" : "#008EC2",
    "position" : {
      "x" : 4.236068,
      "y" : -6.854102,
      "z" : 11.09017
    },
    "orientation" : 51
  }, {
    "shape" : "9a235243-30c1-4017-b316-9e84fda4f3d9",
    "color" : "#EC888B",
    "position" : {
      "x" : 6.854102,
      "y" : 11.09017,
      "z" : -4.236068
    },
    "orientation" : 0
  }, {
    "shape" : "77589f0a-8285-4deb-a125-6d6b80880e56",
    "color" : "#FFFFFF",
    "position" : {
      "x" : -12.708204,
      "y" : -6.854102,
      "z" : 11.09017
    }
  }, {
    "shape" : "5ebf011f-c582-4752-91dd-24c70b0bc82d",
    "color" : "#FFD98C",
    "position" : {
      "x" : 0.0,
      "y" : -13.708204,
      "z" : 0.0
    },
    "orientation" : 9
  }, {
    "shape" : "5ebf011f-c582-4752-91dd-24c70b0bc82d",
    "color" : "#FFD98C",
    "position" : {
      "x" : -6.854102,
      "y" : 11.09017,
      "z" : -4.236068
    },
    "orientation" : 8
  }, {
    "shape" : "cf2d5b32-8ad4-4519-83a8-b1af753b8bd7",
    "color" : "#008EC2",
    "position" : {
      "x" : -6.854102,
      "y" : 2.618034,
      "z" : -4.236068
    },
    "orientation" : 52
  }, {
    "shape" : "77589f0a-8285-4deb-a125-6d6b80880e56",
    "color" : "#F2F2F2",
    "position" : {
      "x" : -8.472136,
      "y" : -13.708204,
      "z" : 22.18034
    }
  }, {
    "shape" : "cf2d5b32-8ad4-4519-83a8-b1af753b8bd7",
    "color" : "#008EC2",
    "position" : {
      "x" : 11.09017,
      "y" : -4.236068,
      "z" : -6.854102
    },
    "orientation" : 1
  }, {
    "shape" : "cf2d5b32-8ad4-4519-83a8-b1af753b8bd7",
    "color" : "#008EC2",
    "position" : {
      "x" : -2.618034,
      "y" : 9.472136,
      "z" : -15.326238
    },
    "orientation" : 52
  }, {
    "shape" : "23fe4d44-b7f5-46f7-8152-729375564b9a",
    "color" : "#FFD98C",
    "position" : {
      "x" : -6.854102,
      "y" : -11.09017,
      "z" : -4.236068
    },
    "orientation" : 19
  }, {
    "shape" : "4188264d-9b4a-4313-9cfc-38b646535ca6",
    "color" : "#7FC6E0",
    "position" : {
      "x" : 15.326238,
      "y" : 11.09017,
      "z" : -17.944271
    },
    "orientation" : 11
  }, {
    "shape" : "cf2d5b32-8ad4-4519-83a8-b1af753b8bd7",
    "color" : "#008EC2",
    "position" : {
      "x" : 4.236068,
      "y" : 6.854102,
      "z" : -11.09017
    },
    "orientation" : 56
  }, {
    "shape" : "cf2d5b32-8ad4-4519-83a8-b1af753b8bd7",
    "color" : "#008EC2",
    "position" : {
      "x" : 0.0,
      "y" : 0.0,
      "z" : -13.708204
    },
    "orientation" : 21
  }, {
    "shape" : "cf2d5b32-8ad4-4519-83a8-b1af753b8bd7",
    "color" : "#008EC2",
    "position" : {
      "x" : -11.09017,
      "y" : 4.236068,
      "z" : 6.854102
    },
    "orientation" : 16
  }, {
    "shape" : "23fe4d44-b7f5-46f7-8152-729375564b9a",
    "color" : "#FFD98C",
    "position" : {
      "x" : 0.0,
      "y" : 0.0,
      "z" : 13.708204
    },
    "orientation" : 19
  }, {
    "shape" : "859cbf77-06f6-47de-835d-cdf7899a089d",
    "color" : "#FFD98C",
    "position" : {
      "x" : -6.854102,
      "y" : 11.09017,
      "z" : 4.236068
    },
    "orientation" : 24
  }, {
    "shape" : "533acf57-c566-41f7-bcc3-40b45bf2aa1a",
    "color" : "#FFD98C",
    "position" : {
      "x" : 6.854102,
      "y" : 11.09017,
