{
  "polygons" : "true",
  "field" : "golden",
  "symmetry" : "icosahedral",
  "orientations" : [ [ 1.0, 0.0, 0.0, 0.0, 0.0, 1.0, 0.0, 0.0, 0.0, 0.0, 1.0, 0.0, 0.0, 0.0, 0.0, 1.0 ], [ 0.0, 0.0, 1.0, 0.0, 1.0, 0.0, 0.0, 0.0, 0.0, 1.0, 0.0, 0.0, 0.0, 0.0, 0.0, 1.0 ], [ 0.0, 1.0, 0.0, 0.0, 0.0, 0.0, 1.0, 0.0, 1.0, 0.0, 0.0, 0.0, 0.0, 0.0, 0.0, 1.0 ], [ 0.809017, 0.309017, 0.5, 0.0, 0.309017, 0.5, -0.809017, 0.0, -0.5, 0.809017, 0.309017, 0.0, 0.0, 0.0, 0.0, 1.0 ], [ -0.5, 0.809017, 0.309017, 0.0, 0.809017, 0.309017, 0.5, 0.0, 0.309017, 0.5, -0.809017, 0.0, 0.0, 0.0, 0.0, 1.0 ], [ 0.309017, 0.5, -0.809017, 0.0, -0.5, 0.809017, 0.309017, 0.0, 0.809017, 0.309017, 0.5, 0.0, 0.0, 0.0, 0.0, 1.0 ], [ 0.5, 0.809017, 0.309017, 0.0, 0.809017, -0.309017, -0.5, 0.0, -0.309017, 0.5, -0.809017, 0.0, 0.0, 0.0, 0.0, 1.0 ], [ -0.309017, 0.5, -0.809017, 0.0, 0.5, 0.809017, 0.309017, 0.0, 0.809017, -0.309017, -0.5, 0.0, 0.0, 0.0, 0.0, 1.0 ], [ 0.809017, -0.309017, -0.5, 0.0, -0.309017, 0.5, -0.809017, 0.0, 0.5, 0.809017, 0.309017, 0.0, 0.0, 0.0, 0.0, 1.0 ], [ 0.5, 0.809017, -0.309017, 0.0, 0.809017, -0.309017, 0.5, 0.0, 0.309017, -0.5, -0.809017, 0.0, 0.0, 0.0, 0.0, 1.0 ], [ 0.309017, -0.5, -0.809017, 0.0, 0.5, 0.809017, -0.309017, 0.0, 0.809017, -0.309017, 0.5, 0.0, 0.0, 0.0, 0.0, 1.0 ], [ 0.809017, -0.309017, 0.5, 0.0, 0.309017, -0.5, -0.809017, 0.0, 0.5, 0.809017, -0.309017, 0.0, 0.0, 0.0, 0.0, 1.0 ], [ 0.809017, 0.309017, -0.5, 0.0, 0.309017, 0.5, 0.809017, 0.0, 0.5, -0.809017, 0.309017, 0.0, 0.0, 0.0, 0.0, 1.0 ], [ 0.5, -0.809017, 0.309017, 0.0, 0.809017, 0.309017, -0.5, 0.0, 0.309017, 0.5, 0.809017, 0.0, 0.0, 0.0, 0.0, 1.0 ], [ 0.309017, 0.5, 0.809017, 0.0, 0.5, -0.809017, 0.309017, 0.0, 0.809017, 0.309017, -0.5, 0.0, 0.0, 0.0, 0.0, 1.0 ], [ 1.0, 0.0, 0.0, 0.0, 0.0, -1.0, 0.0, 0.0, 0.0, 0.0, -1.0, 0.0, 0.0, 0.0, 0.0, 1.0 ], [ 0.0, 0.0, 1.0, 0.0, -1.0, 0.0, 0.0, 0.0, 0.0, -1.0, 0.0, 0.0, 0.0, 0.0, 0.0, 1.0 ], [ 0.0, 1.0, 0.0, 0.0, 0.0, 0.0, -1.0, 0.0, -1.0, 0.0, 0.0, 0.0, 0.0, 0.0, 0.0, 1.0 ], [ 0.809017, 0.309017, 0.5, 0.0, -0.309017, -0.5, 0.809017, 0.0, 0.5, -0.809017, -0.309017, 0.0, 0.0, 0.0, 0.0, 1.0 ], [ -0.5, 0.809017, 0.309017, 0.0, -0.809017, -0.309017, -0.5, 0.0, -0.309017, -0.5, 0.809017, 0.0, 0.0, 0.0, 0.0, 1.0 ], [ 0.309017, 0.5, -0.809017, 0.0, 0.5, -0.809017, -0.309017, 0.0, -0.809017, -0.309017, -0.5, 0.0, 0.0, 0.0, 0.0, 1.0 ], [ 0.5, 0.809017, 0.309017, 0.0, -0.809017, 0.309017, 0.5, 0.0, 0.309017, -0.5, 0.809017, 0.0, 0.0, 0.0, 0.0, 1.0 ], [ -0.309017, 0.5, -0.809017, 0.0, -0.5, -0.809017, -0.309017, 0.0, -0.809017, 0.309017, 0.5, 0.0, 0.0, 0.0, 0.0, 1.0 ], [ 0.809017, -0.309017, -0.5, 0.0, 0.309017, -0.5, 0.809017, 0.0, -0.5, -0.809017, -0.309017, 0.0, 0.0, 0.0, 0.0, 1.0 ], [ 0.5, 0.809017, -0.309017, 0.0, -0.809017, 0.309017, -0.5, 0.0, -0.309017, 0.5, 0.809017, 0.0, 0.0, 0.0, 0.0, 1.0 ], [ 0.309017, -0.5, -0.809017, 0.0, -0.5, -0.809017, 0.309017, 0.0, -0.809017, 0.309017, -0.5, 0.0, 0.0, 0.0, 0.0, 1.0 ], [ 0.809017, -0.309017, 0.5, 0.0, -0.309017, 0.5, 0.809017, 0.0, -0.5, -0.809017, 0.309017, 0.0, 0.0, 0.0, 0.0, 1.0 ], [ 0.809017, 0.309017, -0.5, 0.0, -0.309017, -0.5, -0.809017, 0.0, -0.5, 0.809017, -0.309017, 0.0, 0.0, 0.0, 0.0, 1.0 ], [ 0.5, -0.809017, 0.309017, 0.0, -0.809017, -0.309017, 0.5, 0.0, -0.309017, -0.5, -0.809017, 0.0, 0.0, 0.0, 0.0, 1.0 ], [ 0.309017, 0.5, 0.809017, 0.0, -0.5, 0.809017, -0.309017, 0.0, -0.809017, -0.309017, 0.5, 0.0, 0.0, 0.0, 0.0, 1.0 ], [ -1.0, 0.0, 0.0, 0.0, 0.0, -1.0, 0.0, 0.0, 0.0, 0.0, 1.0, 0.0, 0.0, 0.0, 0.0, 1.0 ], [ 0.0, 0.0, -1.0, 0.0, -1.0, 0.0, 0.0, 0.0, 0.0, 1.0, 0.0, 0.0, 0.0, 0.0, 0.0, 1.0 ], [ 0.0, -1.0, 0.0, 0.0, 0.0, 0.0, -1.0, 0.0, 1.0, 0.0, 0.0, 0.0, 0.0, 0.0, 0.0, 1.0 ], [ -0.809017, -0.309017, -0.5, 0.0, -0.309017, -0.5, 0.809017, 0.0, -0.5, 0.809017, 0.309017, 0.0, 0.0, 0.0, 0.0, 1.0 ], [ 0.5, -0.809017, -0.309017, 0.0, -0.809017, -0.309017, -0.5, 0.0, 0.309017, 0.5, -0.809017, 0.0, 0.0, 0.0, 0.0, 1.0 ], [ -0.309017, -0.5, 0.809017, 0.0, 0.5, -0.809017, -0.309017, 0.0, 0.809017, 0.309017, 0.5, 0.0, 0.0, 0.0, 0.0, 1.0 ], [ -0.5, -0.809017, -0.309017, 0.0, -0.809017, 0.309017, 0.5, 0.0, -0.309017, 0.5, -0.809017, 0.0, 0.0, 0.0, 0.0, 1.0 ], [ 0.309017, -0.5, 0.809017, 0.0, -0.5, -0.809017, -0.309017, 0.0, 0.809017, -0.309017, -0.5, 0.0, 0.0, 0.0, 0.0, 1.0 ], [ -0.809017, 0.309017, 0.5, 0.0, 0.309017, -0.5, 0.809017, 0.0, 0.5, 0.809017, 0.309017, 0.0, 0.0, 0.0, 0.0, 1.0 ], [ -0.5, -0.809017, 0.309017, 0.0, -0.809017, 0.309017, -0.5, 0.0, 0.309017, -0.5, -0.809017, 0.0, 0.0, 0.0, 0.0, 1.0 ], [ -0.309017, 0.5, 0.809017, 0.0, -0.5, -0.809017, 0.309017, 0.0, 0.809017, -0.309017, 0.5, 0.0, 0.0, 0.0, 0.0, 1.0 ], [ -0.809017, 0.309017, -0.5, 0.0, -0.309017, 0.5, 0.809017, 0.0, 0.5, 0.809017, -0.309017, 0.0, 0.0, 0.0, 0.0, 1.0 ], [ -0.809017, -0.309017, 0.5, 0.0, -0.309017, -0.5, -0.809017, 0.0, 0.5, -0.809017, 0.309017, 0.0, 0.0, 0.0, 0.0, 1.0 ], [ -0.5, 0.809017, -0.309017, 0.0, -0.809017, -0.309017, 0.5, 0.0, 0.309017, 0.5, 0.809017, 0.0, 0.0, 0.0, 0.0, 1.0 ], [ -0.309017, -0.5, -0.809017, 0.0, -0.5, 0.809017, -0.309017, 0.0, 0.809017, 0.309017, -0.5, 0.0, 0.0, 0.0, 0.0, 1.0 ], [ -1.0, 0.0, 0.0, 0.0, 0.0, 1.0, 0.0, 0.0, 0.0, 0.0, -1.0, 0.0, 0.0, 0.0, 0.0, 1.0 ], [ 0.0, 0.0, -1.0, 0.0, 1.0, 0.0, 0.0, 0.0, 0.0, -1.0, 0.0, 0.0, 0.0, 0.0, 0.0, 1.0 ], [ 0.0, -1.0, 0.0, 0.0, 0.0, 0.0, 1.0, 0.0, -1.0, 0.0, 0.0, 0.0, 0.0, 0.0, 0.0, 1.0 ], [ -0.809017, -0.309017, -0.5, 0.0, 0.309017, 0.5, -0.809017, 0.0, 0.5, -0.809017, -0.309017, 0.0, 0.0, 0.0, 0.0, 1.0 ], [ 0.5, -0.809017, -0.309017, 0.0, 0.809017, 0.309017, 0.5, 0.0, -0.309017, -0.5, 0.809017, 0.0, 0.0, 0.0, 0.0, 1.0 ], [ -0.309017, -0.5, 0.809017, 0.0, -0.5, 0.809017, 0.309017, 0.0, -0.809017, -0.309017, -0.5, 0.0, 0.0, 0.0, 0.0, 1.0 ], [ -0.5, -0.809017, -0.309017, 0.0, 0.809017, -0.309017, -0.5, 0.0, 0.309017, -0.5, 0.809017, 0.0, 0.0, 0.0, 0.0, 1.0 ], [ 0.309017, -0.5, 0.809017, 0.0, 0.5, 0.809017, 0.309017, 0.0, -0.809017, 0.309017, 0.5, 0.0, 0.0, 0.0, 0.0, 1.0 ], [ -0.809017, 0.309017, 0.5, 0.0, -0.309017, 0.5, -0.809017, 0.0, -0.5, -0.809017, -0.309017, 0.0, 0.0, 0.0, 0.0, 1.0 ], [ -0.5, -0.809017, 0.309017, 0.0, 0.809017, -0.309017, 0.5, 0.0, -0.309017, 0.5, 0.809017, 0.0, 0.0, 0.0, 0.0, 1.0 ], [ -0.309017, 0.5, 0.809017, 0.0, 0.5, 0.809017, -0.309017, 0.0, -0.809017, 0.309017, -0.5, 0.0, 0.0, 0.0, 0.0, 1.0 ], [ -0.809017, 0.309017, -0.5, 0.0, 0.309017, -0.5, -0.809017, 0.0, -0.5, -0.809017, 0.309017, 0.0, 0.0, 0.0, 0.0, 1.0 ], [ -0.809017, -0.309017, 0.5, 0.0, 0.309017, 0.5, 0.809017, 0.0, -0.5, 0.809017, -0.309017, 0.0, 0.0, 0.0, 0.0, 1.0 ], [ -0.5, 0.809017, -0.309017, 0.0, 0.809017, 0.309017, -0.5, 0.0, -0.309017, -0.5, -0.809017, 0.0, 0.0, 0.0, 0.0, 1.0 ], [ -0.309017, -0.5, -0.809017, 0.0, 0.5, -0.809017, 0.309017, 0.0, -0.809017, -0.309017, 0.5, 0.0, 0.0, 0.0, 0.0, 1.0 ] ],
  "lights" : {
    "ambientColor" : "#292929",
    "directionalLights" : [ {
      "direction" : [ 1.0, -1.0, -1.0 ],
      "color" : "#EBEBE4"
    }, {
      "direction" : [ -1.0, 0.0, 0.0 ],
      "color" : "#E4E4EB"
    }, {
      "direction" : [ 0.0, 0.0, -1.0 ],
      "color" : "#1E1E1E"
    } ],
    "backgroundColor" : "#AFC8DC"
  },
  "camera" : {
    "perspective" : false,
    "fieldOfView" : 0.44262895,
    "upDirectionRV" : {
      "x" : 0.85065085,
      "y" : 0.5257311,
      "z" : -1.5668007E-8,
      "zero" : false
    },
    "lookDirectionRV" : {
      "x" : -0.309017,
      "y" : 0.5,
      "z" : -0.809017,
      "zero" : false
    },
    "viewDistance" : 155.84773,
    "lookAtPointRV" : {
      "x" : 0.0,
      "y" : 0.0,
      "z" : 0.0,
      "zero" : true
    },
    "nearClipDistance" : 0.38961938,
    "width" : 70.13149,
    "position" : {
      "x" : 48.1596,
      "y" : -77.92387,
      "z" : 126.083466
    },
    "stereo" : false,
    "lookAtPoint" : {
      "x" : 0.0,
      "y" : 0.0,
      "z" : 0.0
    },
    "farClipDistance" : 311.69547,
    "lookDirection" : {
      "x" : -0.309017,
      "y" : 0.5,
      "z" : -0.809017
    },
    "upDirection" : {
      "x" : 0.85065085,
      "y" : 0.5257311,
      "z" : -1.5668007E-8
    }
  },
  "embedding" : [ 1.0, 0.0, 0.0, 0.0, 0.0, 1.0, 0.0, 0.0, 0.0, 0.0, 1.0, 0.0, 0.0, 0.0, 0.0, 1.0 ],
  "shapes" : [ {
    "id" : "15265ddc-b119-4c08-a8fc-c04b335e3be0",
    "name" : "ball",
    "vertices" : [ {
      "x" : -0.309017,
      "y" : -0.19098301,
      "z" : 0.0
    }, {
      "x" : -0.309017,
      "y" : 0.19098301,
      "z" : 0.0
    }, {
      "x" : -0.19098301,
      "y" : 0.0,
      "z" : -0.309017
    }, {
      "x" : -0.19098301,
      "y" : 0.0,
      "z" : 0.309017
    }, {
      "x" : 0.0,
      "y" : -0.309017,
      "z" : -0.19098301
    }, {
      "x" : 0.0,
      "y" : -0.309017,
      "z" : 0.19098301
    }, {
      "x" : 0.0,
      "y" : 0.309017,
      "z" : -0.19098301
    }, {
      "x" : 0.0,
      "y" : 0.309017,
      "z" : 0.19098301
    }, {
      "x" : 0.19098301,
      "y" : 0.0,
      "z" : -0.309017
    }, {
      "x" : 0.19098301,
      "y" : 0.0,
      "z" : 0.309017
    }, {
      "x" : 0.309017,
      "y" : -0.19098301,
      "z" : 0.0
    }, {
      "x" : 0.309017,
      "y" : 0.19098301,
      "z" : 0.0
    } ],
    "faces" : [ {
      "vertices" : [ 0, 1, 2 ]
    }, {
      "vertices" : [ 0, 3, 1 ]
    }, {
      "vertices" : [ 0, 2, 4 ]
    }, {
      "vertices" : [ 0, 5, 3 ]
    }, {
      "vertices" : [ 0, 4, 5 ]
    }, {
      "vertices" : [ 1, 6, 2 ]
    }, {
      "vertices" : [ 1, 3, 7 ]
    }, {
      "vertices" : [ 1, 7, 6 ]
    }, {
      "vertices" : [ 2, 8, 4 ]
    }, {
      "vertices" : [ 2, 6, 8 ]
    }, {
      "vertices" : [ 3, 5, 9 ]
    }, {
      "vertices" : [ 3, 9, 7 ]
    }, {
      "vertices" : [ 4, 10, 5 ]
    }, {
      "vertices" : [ 4, 8, 10 ]
    }, {
      "vertices" : [ 5, 10, 9 ]
    }, {
      "vertices" : [ 6, 7, 11 ]
    }, {
      "vertices" : [ 6, 11, 8 ]
    }, {
      "vertices" : [ 7, 9, 11 ]
    }, {
      "vertices" : [ 8, 11, 10 ]
    }, {
      "vertices" : [ 9, 10, 11 ]
    } ]
  }, {
    "id" : "4317b903-9764-4ff3-928b-b30d30ea8fe8",
    "orbit" : "0",
    "orbitC" : "[[1,0,2],[0,0,1]]",
    "length" : "[1,0,1]",
    "name" : "short",
    "vertices" : [ {
      "x" : -7.0289907,
      "y" : 3.281162,
      "z" : 0.13333334
    }, {
      "x" : -7.1289907,
      "y" : 3.3811622,
      "z" : -0.26666668
    }, {
      "x" : -0.548718,
      "y" : 0.50769234,
      "z" : -0.13333334
    }, {
      "x" : -0.44871795,
      "y" : 0.4076923,
      "z" : 0.26666668
    }, {
      "x" : -6.8956575,
      "y" : 3.681162,
      "z" : -0.13333334
    }, {
      "x" : -6.7956576,
      "y" : 3.581162,
      "z" : 0.26666668
    }, {
      "x" : -0.6820513,
      "y" : 0.10769231,
      "z" : 0.13333334
    }, {
      "x" : -0.78205127,
      "y" : 0.20769231,
      "z" : -0.26666668
    } ],
    "faces" : [ {
      "vertices" : [ 2, 3, 6, 7 ]
    }, {
      "vertices" : [ 0, 5, 4, 1 ]
    }, {
      "vertices" : [ 2, 4, 5, 3 ]
    }, {
      "vertices" : [ 0, 6, 3, 5 ]
    }, {
      "vertices" : [ 0, 1, 7, 6 ]
    }, {
      "vertices" : [ 1, 4, 2, 7 ]
    } ]
  }, {
    "id" : "745412a6-74c7-4a39-bccd-56e56db281d9",
    "orbit" : "blue",
    "orbitC" : "[[0,0,1],[0,0,1]]",
    "length" : "[1,0,1]",
    "name" : "b1",
    "vertices" : [ {
      "x" : 1.0,
      "y" : 0.309017,
      "z" : 0.19098301
    }, {
      "x" : 1.0,
      "y" : -0.309017,
      "z" : 0.19098301
    }, {
      "x" : 7.472136,
      "y" : -0.309017,
      "z" : 0.19098301
    }, {
      "x" : 7.472136,
      "y" : 0.309017,
      "z" : 0.19098301
    }, {
      "x" : 7.472136,
      "y" : -0.309017,
      "z" : -0.19098301
    }, {
      "x" : 7.472136,
      "y" : 0.309017,
      "z" : -0.19098301
    }, {
      "x" : 8.09017,
      "y" : 0.0,
      "z" : 0.0
    }, {
      "x" : 0.38196602,
      "y" : 0.0,
      "z" : 0.0
    }, {
      "x" : 1.0,
      "y" : 0.309017,
      "z" : -0.19098301
    }, {
      "x" : 1.0,
      "y" : -0.309017,
      "z" : -0.19098301
    }, {
      "x" : 8.472136,
      "y" : 0.0,
      "z" : 0.0
    } ],
    "faces" : [ {
      "vertices" : [ 1, 9, 4, 2 ]
    }, {
      "vertices" : [ 0, 3, 5, 8 ]
    }, {
      "vertices" : [ 1, 7, 9 ]
    }, {
      "vertices" : [ 0, 1, 2, 3 ]
    }, {
      "vertices" : [ 7, 8, 9 ]
    }, {
      "vertices" : [ 0, 7, 1 ]
    }, {
      "vertices" : [ 4, 9, 8, 5 ]
    }, {
      "vertices" : [ 2, 6, 3 ]
    }, {
      "vertices" : [ 2, 4, 6 ]
    }, {
      "vertices" : [ 3, 6, 5 ]
    }, {
      "vertices" : [ 4, 5, 6 ]
    }, {
      "vertices" : [ 0, 8, 7 ]
    } ]
  }, {
    "id" : "30588e8a-1049-4d5b-b287-090445854d0e",
    "vertices" : [ {
      "x" : 0.0,
      "y" : 0.0,
      "z" : 0.0
    }, {
      "x" : -0.7236068,
      "y" : -7.301316,
      "z" : -4.236068
    }, {
      "x" : 0.0,
      "y" : 0.0,
      "z" : -8.472136
    } ],
    "faces" : [ {
      "vertices" : [ 0, 1, 2 ]
    }, {
      "vertices" : [ 0, 2, 1 ]
    } ]
  }, {
    "id" : "97091ad1-426a-418e-9c41-14482125fa28",
    "vertices" : [ {
      "x" : 0.0,
      "y" : 0.0,
      "z" : 0.0
    }, {
      "x" : -2.618034,
      "y" : -4.236068,
      "z" : -6.854102
    }, {
      "x" : -2.618034,
      "y" : 4.236068,
      "z" : -6.854102
    } ],
    "faces" : [ {
      "vertices" : [ 0, 1, 2 ]
    }, {
      "vertices" : [ 0, 2, 1 ]
    } ]
  }, {
    "id" : "ac8aea74-dbd6-4df0-85f2-7653eff4828c",
    "orbit" : "1",
    "orbitC" : "[[-8,5,1],[-11,7,1]]",
    "length" : "[1,0,1]",
    "name" : "short",
    "vertices" : [ {
      "x" : -3.281162,
      "y" : -7.0289907,
      "z" : 0.13333334
    }, {
      "x" : -3.3811622,
      "y" : -7.1289907,
      "z" : -0.26666668
    }, {
      "x" : -0.50769234,
      "y" : -0.548718,
      "z" : -0.13333334
    }, {
      "x" : -0.4076923,
      "y" : -0.44871795,
      "z" : 0.26666668
    }, {
      "x" : -3.681162,
      "y" : -6.8956575,
      "z" : -0.13333334
    }, {
      "x" : -3.581162,
      "y" : -6.7956576,
      "z" : 0.26666668
    }, {
      "x" : -0.10769231,
      "y" : -0.6820513,
      "z" : 0.13333334
    }, {
      "x" : -0.20769231,
      "y" : -0.78205127,
      "z" : -0.26666668
    } ],
    "faces" : [ {
      "vertices" : [ 2, 3, 6, 7 ]
    }, {
      "vertices" : [ 0, 5, 4, 1 ]
    }, {
      "vertices" : [ 2, 4, 5, 3 ]
    }, {
      "vertices" : [ 0, 6, 3, 5 ]
    }, {
      "vertices" : [ 0, 1, 7, 6 ]
    }, {
      "vertices" : [ 1, 4, 2, 7 ]
    } ]
  }, {
    "id" : "cc853e1b-991b-4a78-9843-9a38a25d3349",
    "vertices" : [ {
      "x" : 0.0,
      "y" : 0.0,
      "z" : 0.0
    }, {
      "x" : -3.7888544,
      "y" : -7.5777087,
      "z" : 0.0
    }, {
      "x" : -8.024922,
      "y" : -0.7236068,
      "z" : -2.618034
    } ],
    "faces" : [ {
      "vertices" : [ 0, 1, 2 ]
    }, {
      "vertices" : [ 0, 2, 1 ]
    } ]
  }, {
    "id" : "54ebf8d1-cbbc-423a-a45e-bc62d76113e5",
    "vertices" : [ {
      "x" : 0.0,
      "y" : 0.0,
      "z" : 0.0
    }, {
      "x" : -8.024922,
      "y" : -0.7236068,
      "z" : -2.618034
    }, {
      "x" : -4.236068,
      "y" : 6.854102,
      "z" : -2.618034
    } ],
    "faces" : [ {
      "vertices" : [ 0, 1, 2 ]
    }, {
      "vertices" : [ 0, 2, 1 ]
    } ]
  }, {
    "id" : "64e6a813-b26d-4482-bed7-decd2bff0031",
    "vertices" : [ {
      "x" : 0.0,
      "y" : 0.0,
      "z" : 0.0
    }, {
      "x" : 3.7888544,
      "y" : 7.5777087,
      "z" : 0.0
    }, {
      "x" : 8.024922,
      "y" : 0.7236068,
      "z" : 2.618034
    } ],
    "faces" : [ {
      "vertices" : [ 0, 1, 2 ]
    }, {
      "vertices" : [ 0, 2, 1 ]
    } ]
  }, {
    "id" : "65c93315-e93a-495b-a454-6e9e80b92987",
    "vertices" : [ {
      "x" : 0.0,
      "y" : 0.0,
      "z" : 0.0
    }, {
      "x" : -4.959675,
      "y" : -0.4472136,
      "z" : -6.854102
    }, {
      "x" : -12.984597,
      "y" : -1.1708204,
      "z" : -4.236068
    }, {
      "x" : -12.984597,
      "y" : -1.1708204,
      "z" : 4.236068
    }, {
      "x" : -4.959675,
      "y" : -0.4472136,
      "z" : 6.854102
    } ],
    "faces" : [ {
      "vertices" : [ 0, 1, 2, 3, 4 ]
    }, {
      "vertices" : [ 0, 4, 3, 2, 1 ]
    } ]
  }, {
    "id" : "f5938331-69a6-48c6-ae61-0ed80ceb4cf6",
    "vertices" : [ {
      "x" : 0.0,
      "y" : 0.0,
      "z" : 0.0
    }, {
      "x" : 4.236068,
      "y" : -6.854102,
      "z" : -2.618034
    }, {
      "x" : 4.236068,
      "y" : -6.854102,
      "z" : -11.09017
    }, {
      "x" : 0.0,
      "y" : 0.0,
      "z" : -13.708204
    }, {
      "x" : -2.618034,
      "y" : 4.236068,
      "z" : -6.854102
    } ],
    "faces" : [ {
      "vertices" : [ 0, 1, 2, 3, 4 ]
    }, {
      "vertices" : [ 0, 4, 3, 2, 1 ]
    } ]
  }, {
    "id" : "e41be760-2e98-4a29-831c-4253809524ed",
    "vertices" : [ {
      "x" : 0.0,
      "y" : 0.0,
      "z" : 0.0
    }, {
      "x" : 0.0,
      "y" : 0.0,
      "z" : -8.472136
    }, {
      "x" : 0.0,
      "y" : 8.472136,
      "z" : -8.472136
    }, {
      "x" : 0.0,
      "y" : 8.472136,
      "z" : 0.0
    } ],
    "faces" : [ {
      "vertices" : [ 0, 1, 2, 3 ]
    }, {
      "vertices" : [ 0, 3, 2, 1 ]
    } ]
  }, {
    "id" : "9a3e225d-98cb-4d20-b6bc-ac9132e0b492",
    "vertices" : [ {
      "x" : 0.0,
      "y" : 0.0,
      "z" : 0.0
    }, {
      "x" : 0.0,
      "y" : 0.0,
      "z" : 8.472136
    }, {
      "x" : 0.0,
      "y" : -8.472136,
      "z" : 8.472136
    }, {
      "x" : 0.0,
      "y" : -8.472136,
      "z" : 0.0
    } ],
    "faces" : [ {
      "vertices" : [ 0, 1, 2, 3 ]
    }, {
      "vertices" : [ 0, 3, 2, 1 ]
    } ]
  }, {
    "id" : "dd70773a-3b5b-4769-8171-9f9541d1fcc5",
    "vertices" : [ {
      "x" : 0.0,
      "y" : 0.0,
      "z" : 0.0
    }, {
      "x" : 4.236068,
      "y" : -6.854102,
      "z" : 2.618034
    }, {
      "x" : 6.854102,
      "y" : -11.09017,
      "z" : -4.236068
    }, {
      "x" : 4.236068,
      "y" : -6.854102,
      "z" : -11.09017
    }, {
      "x" : 0.0,
      "y" : 0.0,
      "z" : -8.472136
    } ],
    "faces" : [ {
      "vertices" : [ 0, 1, 2, 3, 4 ]
    }, {
      "vertices" : [ 0, 4, 3, 2, 1 ]
    } ]
  }, {
    "id" : "83c3c330-7499-49e6-a300-286b623f10d0",
    "vertices" : [ {
      "x" : 0.0,
      "y" : 0.0,
      "z" : 0.0
    }, {
      "x" : 2.618034,
      "y" : -4.236068,
      "z" : 6.854102
    }, {
      "x" : 0.0,
      "y" : -8.472136,
      "z" : 0.0
    } ],
    "faces" : [ {
      "vertices" : [ 0, 1, 2 ]
    }, {
      "vertices" : [ 0, 2, 1 ]
    } ]
  }, {
    "id" : "5adfbb7d-4799-4275-8be3-c3c9d1a500b7",
    "vertices" : [ {
      "x" : 0.0,
      "y" : 0.0,
      "z" : 0.0
    }, {
      "x" : 0.0,
      "y" : 8.472136,
      "z" : 0.0
    }, {
      "x" : 0.0,
      "y" : 8.472136,
      "z" : 8.472136
    }, {
      "x" : 0.0,
      "y" : 0.0,
      "z" : 8.472136
    } ],
    "faces" : [ {
      "vertices" : [ 0, 1, 2, 3 ]
    }, {
      "vertices" : [ 0, 3, 2, 1 ]
    } ]
  }, {
    "id" : "3a991763-d588-49b6-b303-3348e04042bc",
    "vertices" : [ {
      "x" : 0.0,
      "y" : 0.0,
      "z" : 0.0
    }, {
      "x" : 0.0,
      "y" : 8.472136,
      "z" : 0.0
    }, {
      "x" : 2.618034,
      "y" : 4.236068,
      "z" : 6.854102
    } ],
    "faces" : [ {
      "vertices" : [ 0, 1, 2 ]
    }, {
      "vertices" : [ 0, 2, 1 ]
    } ]
  } ],
  "instances" : [ {
    "shape" : "15265ddc-b119-4c08-a8fc-c04b335e3be0",
    "color" : "#F2F2F2",
    "position" : {
      "x" : -1.1708204,
      "y" : 1.8944272,
      "z" : -6.854102
    }
  }, {
    "shape" : "4317b903-9764-4ff3-928b-b30d30ea8fe8",
    "color" : "#B8860B",
    "position" : {
      "x" : 4.959675,
      "y" : 5.6832814,
      "z" : -6.854102
    },
    "orientation" : 0
  }, {
    "shape" : "15265ddc-b119-4c08-a8fc-c04b335e3be0",
    "color" : "#F2F2F2",
    "position" : {
      "x" : -4.959675,
      "y" : -5.6832814,
      "z" : 6.854102
    }
  }, {
    "shape" : "745412a6-74c7-4a39-bccd-56e56db281d9",
    "color" : "#008EC2",
    "position" : {
      "x" : 0.4472136,
      "y" : -9.195743,
      "z" : 11.09017
    },
    "orientation" : 52
  }, {
    "shape" : "745412a6-74c7-4a39-bccd-56e56db281d9",
    "color" : "#008EC2",
    "position" : {
      "x" : 0.4472136,
      "y" : -9.195743,
      "z" : 11.09017
    },
    "orientation" : 51
  }, {
    "shape" : "30588e8a-1049-4d5b-b287-090445854d0e",
    "color" : "#FF0000",
    "position" : {
      "x" : 4.959675,
      "y" : 5.6832814,
      "z" : -6.854102
    },
    "orientation" : 6
  }, {
    "shape" : "97091ad1-426a-418e-9c41-14482125fa28",
    "color" : "#FF69B4",
    "position" : {
      "x" : -3.7888544,
      "y" : -2.3416407,
      "z" : 13.708204
    },
    "orientation" : 19
  }, {
    "shape" : "ac8aea74-dbd6-4df0-85f2-7653eff4828c",
    "color" : "#B0E0E6",
    "position" : {
      "x" : 4.236068,
      "y" : -1.618034,
      "z" : 11.09017
    },
    "orientation" : 0
  }, {
    "shape" : "cc853e1b-991b-4a78-9843-9a38a25d3349",
    "color" : "#FF0000",
    "position" : {
      "x" : 8.472136,
      "y" : -8.472136,
      "z" : 0.0
    },
    "orientation" : 12
  }, {
    "shape" : "15265ddc-b119-4c08-a8fc-c04b335e3be0",
    "color" : "#F2F2F2",
    "position" : {
      "x" : 9.195743,
      "y" : -1.1708204,
      "z" : 4.236068
    }
  }, {
    "shape" : "745412a6-74c7-4a39-bccd-56e56db281d9",
    "color" : "#008EC2",
    "position" : {
      "x" : -3.7888544,
      "y" : -2.3416407,
      "z" : -13.708204
    },
    "orientation" : 21
  }, {
    "shape" : "15265ddc-b119-4c08-a8fc-c04b335e3be0",
    "color" : "#F2F2F2",
    "position" : {
      "x" : -2.3416407,
      "y" : -9.91935,
      "z" : 0.0
    }
  }, {
    "shape" : "745412a6-74c7-4a39-bccd-56e56db281d9",
    "color" : "#008EC2",
    "position" : {
      "x" : 4.959675,
      "y" : 5.6832814,
      "z" : 6.854102
    },
    "orientation" : 24
  }, {
    "shape" : "ac8aea74-dbd6-4df0-85f2-7653eff4828c",
    "color" : "#B0E0E6",
    "position" : {
      "x" : 3.0652475,
      "y" : -4.959675,
      "z" : 4.236068
    },
    "orientation" : 3
  }, {
    "shape" : "54ebf8d1-cbbc-423a-a45e-bc62d76113e5",
    "color" : "#00FF00",
    "position" : {
      "x" : 3.0652475,
      "y" : -4.959675,
      "z" : -4.236068
    },
    "orientation" : 0
  }, {
    "shape" : "745412a6-74c7-4a39-bccd-56e56db281d9",
    "color" : "#008EC2",
    "position" : {
      "x" : 2.3416407,
      "y" : 9.91935,
      "z" : 0.0
    },
    "orientation" : 37
  }, {
    "shape" : "745412a6-74c7-4a39-bccd-56e56db281d9",
    "color" : "#008EC2",
    "position" : {
      "x" : -3.7888544,
      "y" : 6.130495,
      "z" : 0.0
    },
    "orientation" : 38
  }, {
    "shape" : "4317b903-9764-4ff3-928b-b30d30ea8fe8",
    "color" : "#B8860B",
    "position" : {
      "x" : 9.195743,
      "y" : -1.1708204,
      "z" : 4.236068
    },
    "orientation" : 3
  }, {
    "shape" : "745412a6-74c7-4a39-bccd-56e56db281d9",
    "color" : "#008EC2",
    "position" : {
      "x" : 3.0652475,
      "y" : -13.43181,
      "z" : -4.236068
    },
    "orientation" : 1
  }, {
    "shape" : "15265ddc-b119-4c08-a8fc-c04b335e3be0",
    "color" : "#F2F2F2",
    "position" : {
      "x" : 3.0652475,
      "y" : -4.959675,
      "z" : 4.236068
    }
  }, {
    "shape" : "ac8aea74-dbd6-4df0-85f2-7653eff4828c",
    "color" : "#B0E0E6",
    "position" : {
      "x" : -9.195743,
      "y" : 1.1708204,
      "z" : 4.236068
    },
    "orientation" : 39
  }, {
    "shape" : "30588e8a-1049-4d5b-b287-090445854d0e",
    "color" : "#FF0000",
    "position" : {
      "x" : 2.3416407,
      "y" : 9.91935,
      "z" : 0.0
    },
    "orientation" : 9
  }, {
    "shape" : "15265ddc-b119-4c08-a8fc-c04b335e3be0",
    "color" : "#F2F2F2",
    "position" : {
      "x" : -3.7888544,
      "y" : -2.3416407,
      "z" : 13.708204
    }
  }, {
    "shape" : "745412a6-74c7-4a39-bccd-56e56db281d9",
    "color" : "#008EC2",
    "position" : {
      "x" : -3.7888544,
      "y" : -2.3416407,
      "z" : 13.708204
    },
    "orientation" : 54
  }, {
    "shape" : "4317b903-9764-4ff3-928b-b30d30ea8fe8",
    "color" : "#B8860B",
    "position" : {
      "x" : 4.236068,
      "y" : -1.618034,
      "z" : -11.09017
    },
    "orientation" : 33
  }, {
    "shape" : "ac8aea74-dbd6-4df0-85f2-7653eff4828c",
    "color" : "#B0E0E6",
    "position" : {
      "x" : 4.236068,
      "y" : -1.618034,
      "z" : -11.09017
    },
    "orientation" : 6
  }, {
    "shape" : "745412a6-74c7-4a39-bccd-56e56db281d9",
    "color" : "#008EC2",
    "position" : {
      "x" : 3.0652475,
      "y" : -4.959675,
      "z" : -4.236068
    },
    "orientation" : 22
  }, {
    "shape" : "745412a6-74c7-4a39-bccd-56e56db281d9",
    "color" : "#008EC2",
    "position" : {
      "x" : 3.0652475,
      "y" : -4.959675,
      "z" : -4.236068
    },
    "orientation" : 54
  }, {
    "shape" : "745412a6-74c7-4a39-bccd-56e56db281d9",
    "color" : "#008EC2",
    "position" : {
      "x" : -4.959675,
      "y" : -5.6832814,
      "z" : -6.854102
    },
    "orientation" : 51
  }, {
    "shape" : "745412a6-74c7-4a39-bccd-56e56db281d9",
    "color" : "#008EC2",
    "position" : {
      "x" : -2.3416407,
      "y" : -9.91935,
      "z" : 0.0
    },
    "orientation" : 55
  }, {
    "shape" : "64e6a813-b26d-4482-bed7-decd2bff0031",
    "color" : "#00FF00",
    "position" : {
      "x" : -3.7888544,
      "y" : 6.130495,
      "z" : 0.0
    },
    "orientation" : 42
  }, {
    "shape" : "97091ad1-426a-418e-9c41-14482125fa28",
    "color" : "#FF69B4",
    "position" : {
      "x" : 0.4472136,
      "y" : -9.195743,
      "z" : 11.09017
    },
    "orientation" : 30
  }, {
    "shape" : "54ebf8d1-cbbc-423a-a45e-bc62d76113e5",
    "color" : "#00FF00",
    "position" : {
      "x" : -3.7888544,
      "y" : 6.130495,
      "z" : 0.0
    },
    "orientation" : 6
  }, {
    "shape" : "ac8aea74-dbd6-4df0-85f2-7653eff4828c",
    "color" : "#B0E0E6",
    "position" : {
      "x" : 0.4472136,
      "y" : -9.195743,
      "z" : -11.09017
    },
    "orientation" : 30
  }, {
    "shape" : "4317b903-9764-4ff3-928b-b30d30ea8fe8",
    "color" : "#B8860B",
    "position" : {
      "x" : 4.236068,
      "y" : -1.618034,
      "z" : -11.09017
    },
    "orientation" : 36
  }, {
    "shape" : "15265ddc-b119-4c08-a8fc-c04b335e3be0",
    "color" : "#F2F2F2",
    "position" : {
      "x" : -9.195743,
      "y" : 1.1708204,
      "z" : -4.236068
    }
  }, {
    "shape" : "15265ddc-b119-4c08-a8fc-c04b335e3be0",
    "color" : "#F2F2F2",
    "position" : {
      "x" : 3.0652475,
      "y" : -13.43181,
      "z" : 4.236068
    }
  }, {
    "shape" : "ac8aea74-dbd6-4df0-85f2-7653eff4828c",
    "color" : "#B0E0E6",
    "position" : {
      "x" : -4.959675,
      "y" : -5.6832814,
      "z" : -6.854102
    },
    "orientation" : 30
  }, {
    "shape" : "745412a6-74c7-4a39-bccd-56e56db281d9",
    "color" : "#008EC2",
    "position" : {
      "x" : -3.7888544,
      "y" : -2.3416407,
      "z" : 13.708204
    },
    "orientation" : 52
  }, {
    "shape" : "745412a6-74c7-4a39-bccd-56e56db281d9",
    "color" : "#008EC2",
    "position" : {
      "x" : 3.0652475,
      "y" : -13.43181,
      "z" : -4.236068
    },
    "orientation" : 55
  }, {
    "shape" : "745412a6-74c7-4a39-bccd-56e56db281d9",
    "color" : "#008EC2",
    "position" : {
      "x" : -4.959675,
      "y" : -5.6832814,
      "z" : 6.854102
    },
    "orientation" : 25
  }, {
    "shape" : "15265ddc-b119-4c08-a8fc-c04b335e3be0",
    "color" : "#F2F2F2",
    "position" : {
      "x" : 4.236068,
      "y" : -1.618034,
      "z" : 11.09017
    }
  }, {
    "shape" : "ac8aea74-dbd6-4df0-85f2-7653eff4828c",
    "color" : "#B0E0E6",
    "position" : {
      "x" : -8.024922,
      "y" : 4.512461,
      "z" : 11.09017
    },
    "orientation" : 33
  }, {
    "shape" : "15265ddc-b119-4c08-a8fc-c04b335e3be0",
    "color" : "#F2F2F2",
    "position" : {
      "x" : 4.959675,
      "y" : 5.6832814,
      "z" : -6.854102
    }
  }, {
    "shape" : "745412a6-74c7-4a39-bccd-56e56db281d9",
    "color" : "#008EC2",
    "position" : {
      "x" : 3.0652475,
      "y" : -13.43181,
      "z" : 4.236068
    },
    "orientation" : 1
  }, {
    "shape" : "15265ddc-b119-4c08-a8fc-c04b335e3be0",
    "color" : "#F2F2F2",
    "position" : {
      "x" : 9.195743,
      "y" : -1.1708204,
      "z" : -4.236068
    }
  }, {
    "shape" : "745412a6-74c7-4a39-bccd-56e56db281d9",
    "color" : "#008EC2",
    "position" : {
      "x" : -3.7888544,
      "y" : 6.130495,
      "z" : 0.0
    },
    "orientation" : 37
  }, {
    "shape" : "745412a6-74c7-4a39-bccd-56e56db281d9",
    "color" : "#008EC2",
    "position" : {
      "x" : -9.195743,
      "y" : 1.1708204,
      "z" : -4.236068
    },
    "orientation" : 2
  }, {
    "shape" : "15265ddc-b119-4c08-a8fc-c04b335e3be0",
    "color" : "#F2F2F2",
    "position" : {
      "x" : -8.024922,
      "y" : 4.512461,
      "z" : -11.09017
    }
  }, {
    "shape" : "15265ddc-b119-4c08-a8fc-c04b335e3be0",
    "color" : "#F2F2F2",
    "position" : {
      "x" : 3.0652475,
      "y" : -4.959675,
      "z" : -4.236068
    }
  }, {
    "shape" : "745412a6-74c7-4a39-bccd-56e56db281d9",
    "color" : "#008EC2",
    "position" : {
      "x" : -3.7888544,
      "y" : -2.3416407,
      "z" : -13.708204
    },
    "orientation" : 10
  }, {
    "shape" : "15265ddc-b119-4c08-a8fc-c04b335e3be0",
    "color" : "#F2F2F2",
    "position" : {
      "x" : -8.024922,
      "y" : 4.512461,
      "z" : 11.09017
    }
  }, {
    "shape" : "4317b903-9764-4ff3-928b-b30d30ea8fe8",
    "color" : "#B8860B",
    "position" : {
      "x" : 4.959675,
      "y" : 5.6832814,
      "z" : 6.854102
    },
    "orientation" : 6
  }, {
    "shape" : "ac8aea74-dbd6-4df0-85f2-7653eff4828c",
    "color" : "#B0E0E6",
    "position" : {
      "x" : -2.618034,
      "y" : 9.472136,
      "z" : -6.854102
    },
    "orientation" : 9
  }, {
    "shape" : "15265ddc-b119-4c08-a8fc-c04b335e3be0",
    "color" : "#F2F2F2",
    "position" : {
      "x" : -3.7888544,
      "y" : -2.3416407,
      "z" : -13.708204
    }
  }, {
    "shape" : "65c93315-e93a-495b-a454-6e9e80b92987",
    "color" : "#FF0000",
    "position" : {
      "x" : 9.195743,
      "y" : -1.1708204,
      "z" : 4.236068
    },
    "orientation" : 6
  }, {
    "shape" : "745412a6-74c7-4a39-bccd-56e56db281d9",
    "color" : "#008EC2",
    "position" : {
      "x" : -1.1708204,
      "y" : 1.8944272,
      "z" : 6.854102
    },
    "orientation" : 38
  }, {
    "shape" : "745412a6-74c7-4a39-bccd-56e56db281d9",
    "color" : "#008EC2",
    "position" : {
      "x" : 0.4472136,
      "y" : -9.195743,
      "z" : 11.09017
    },
    "orientation" : 25
  }, {
    "shape" : "65c93315-e93a-495b-a454-6e9e80b92987",
    "color" : "#FF0000",
    "position" : {
      "x" : 2.3416407,
      "y" : 9.91935,
      "z" : 0.0
    },
    "orientation" : 0
  }, {
    "shape" : "745412a6-74c7-4a39-bccd-56e56db281d9",
    "color" : "#008EC2",
    "position" : {
      "x" : 4.959675,
      "y" : 5.6832814,
      "z" : -6.854102
    },
    "orientation" : 7
  }, {
    "shape" : "745412a6-74c7-4a39-bccd-56e56db281d9",
    "color" : "#008EC2",
    "position" : {
      "x" : -8.024922,
      "y" : 4.512461,
      "z" : -11.09017
    },
    "orientation" : 8
  }, {
    "shape" : "745412a6-74c7-4a39-bccd-56e56db281d9",
    "color" : "#008EC2",
    "position" : {
      "x" : -9.195743,
      "y" : 1.1708204,
      "z" : 4.236068
    },
    "orientation" : 21
  }, {
    "shape" : "65c93315-e93a-495b-a454-6e9e80b92987",
    "color" : "#FF0000",
    "position" : {
      "x" : 4.959675,
      "y" : 5.6832814,
      "z" : 6.854102
    },
    "orientation" : 3
  }, {
    "shape" : "f5938331-69a6-48c6-ae61-0ed80ceb4cf6",
    "color" : "#EC888B",
    "position" : {
      "x" : -4.959675,
      "y" : -5.6832814,
      "z" : 6.854102
    },
    "orientation" : 30
  }, {
    "shape" : "ac8aea74-dbd6-4df0-85f2-7653eff4828c",
    "color" : "#B0E0E6",
    "position" : {
      "x" : 3.0652475,
      "y" : -13.43181,
      "z" : -4.236068
    },
    "orientation" : 42
  }, {
    "shape" : "745412a6-74c7-4a39-bccd-56e56db281d9",
    "color" : "#008EC2",
    "position" : {
      "x" : 9.195743,
      "y" : -1.1708204,
      "z" : -4.236068
    },
    "orientation" : 54
  }, {
    "shape" : "15265ddc-b119-4c08-a8fc-c04b335e3be0",
    "color" : "#F2F2F2",
    "position" : {
      "x" : -9.195743,
      "y" : 1.1708204,
      "z" : 4.236068
    }
  }, {
    "shape" : "745412a6-74c7-4a39-bccd-56e56db281d9",
    "color" : "#008EC2",
    "position" : {
      "x" : -10.642957,
      "y" : 8.748529,
      "z" : -4.236068
    },
    "orientation" : 8
  }, {
    "shape" : "ac8aea74-dbd6-4df0-85f2-7653eff4828c",
    "color" : "#B0E0E6",
    "position" : {
      "x" : -2.618034,
      "y" : 9.472136,
      "z" : -6.854102
    },
    "orientation" : 3
  }, {
    "shape" : "15265ddc-b119-4c08-a8fc-c04b335e3be0",
    "color" : "#F2F2F2",
    "position" : {
      "x" : -3.7888544,
      "y" : 6.130495,
      "z" : 0.0
    }
  }, {
    "shape" : "745412a6-74c7-4a39-bccd-56e56db281d9",
    "color" : "#008EC2",
    "position" : {
      "x" : 9.195743,
      "y" : -1.1708204,
      "z" : 4.236068
    },
    "orientation" : 47
  }, {
    "shape" : "30588e8a-1049-4d5b-b287-090445854d0e",
    "color" : "#FF0000",
    "position" : {
      "x" : 4.959675,
      "y" : 5.6832814,
      "z" : 6.854102
    },
    "orientation" : 12
  }, {
    "shape" : "4317b903-9764-4ff3-928b-b30d30ea8fe8",
    "color" : "#B8860B",
    "position" : {
      "x" : 8.472136,
      "y" : -8.472136,
      "z" : 0.0
    },
    "orientation" : 39
  }, {
    "shape" : "15265ddc-b119-4c08-a8fc-c04b335e3be0",
    "color" : "#F2F2F2",
    "position" : {
      "x" : -4.959675,
      "y" : -5.6832814,
      "z" : -6.854102
    }
  }, {
    "shape" : "ac8aea74-dbd6-4df0-85f2-7653eff4828c",
    "color" : "#B0E0E6",
    "position" : {
      "x" : 3.0652475,
      "y" : -13.43181,
      "z" : 4.236068
    },
    "orientation" : 33
  }, {
    "shape" : "e41be760-2e98-4a29-831c-4253809524ed",
    "color" : "#FF69B4",
    "position" : {
      "x" : 0.4472136,
      "y" : -9.195743,
      "z" : 11.09017
    },
    "orientation" : 53
  }, {
    "shape" : "15265ddc-b119-4c08-a8fc-c04b335e3be0",
    "color" : "#F2F2F2",
    "position" : {
      "x" : -10.642957,
      "y" : 8.748529,
      "z" : -4.236068
    }
  }, {
    "shape" : "15265ddc-b119-4c08-a8fc-c04b335e3be0",
    "color" : "#F2F2F2",
    "position" : {
      "x" : 2.3416407,
      "y" : 9.91935,
      "z" : 0.0
    }
  }, {
    "shape" : "4317b903-9764-4ff3-928b-b30d30ea8fe8",
    "color" : "#B8860B",
    "position" : {
      "x" : 2.3416407,
      "y" : 9.91935,
      "z" : 0.0
    },
    "orientation" : 12
  }, {
    "shape" : "15265ddc-b119-4c08-a8fc-c04b335e3be0",
    "color" : "#F2F2F2",
    "position" : {
      "x" : 8.472136,
      "y" : -8.472136,
      "z" : 0.0
    }
  }, {
    "shape" : "745412a6-74c7-4a39-bccd-56e56db281d9",
    "color" : "#008EC2",
    "position" : {
      "x" : -10.642957,
      "y" : 8.748529,
      "z" : 4.236068
    },
    "orientation" : 47
  }, {
    "shape" : "cc853e1b-991b-4a78-9843-9a38a25d3349",
    "color" : "#FF0000",
    "position" : {
      "x" : 4.236068,
      "y" : -1.618034,
      "z" : 11.09017
    },
    "orientation" : 9
  }, {
    "shape" : "30588e8a-1049-4d5b-b287-090445854d0e",
    "color" : "#FF0000",
    "position" : {
      "x" : 9.195743,
      "y" : -1.1708204,
      "z" : 4.236068
    },
    "orientation" : 0
  }, {
    "shape" : "15265ddc-b119-4c08-a8fc-c04b335e3be0",
    "color" : "#F2F2F2",
    "position" : {
      "x" : 3.0652475,
      "y" : -13.43181,
      "z" : -4.236068
    }
  }, {
    "shape" : "15265ddc-b119-4c08-a8fc-c04b335e3be0",
    "color" : "#F2F2F2",
    "position" : {
      "x" : -1.1708204,
      "y" : 1.8944272,
      "z" : 6.854102
    }
  }, {
    "shape" : "97091ad1-426a-418e-9c41-14482125fa28",
    "color" : "#FF69B4",
    "position" : {
      "x" : -3.7888544,
      "y" : 6.130495,
      "z" : 0.0
    },
    "orientation" : 16
  }, {
    "shape" : "15265ddc-b119-4c08-a8fc-c04b335e3be0",
    "color" : "#F2F2F2",
    "position" : {
      "x" : 0.4472136,
      "y" : -9.195743,
      "z" : -11.09017
    }
  }, {
    "shape" : "745412a6-74c7-4a39-bccd-56e56db281d9",
    "color" : "#008EC2",
    "position" : {
      "x" : -1.1708204,
      "y" : 1.8944272,
      "z" : -6.854102
    },
    "orientation" : 7
  }, {
    "shape" : "9a3e225d-98cb-4d20-b6bc-ac9132e0b492",
    "color" : "#FF69B4",
    "position" : {
      "x" : 3.0652475,
      "y" : -4.959675,
      "z" : -4.236068
    },
    "orientation" : 41
  }, {
    "shape" : "64e6a813-b26d-4482-bed7-decd2bff0031",
    "color" : "#00FF00",
    "position" : {
      "x" : -1.1708204,
      "y" : 1.8944272,
      "z" : 6.854102
    },
    "orientation" : 39
  }, {
    "shape" : "f5938331-69a6-48c6-ae61-0ed80ceb4cf6",
    "color" : "#EC888B",
    "position" : {
      "x" : 4.959675,
      "y" : 5.6832814,
      "z" : 6.854102
    },
    "orientation" : 0
  }, {
    "shape" : "15265ddc-b119-4c08-a8fc-c04b335e3be0",
    "color" : "#F2F2F2",
    "position" : {
      "x" : -10.642957,
      "y" : 8.748529,
      "z" : 4.236068
    }
  }, {
    "shape" : "745412a6-74c7-4a39-bccd-56e56db281d9",
    "color" : "#008EC2",
    "position" : {
      "x" : -8.024922,
      "y" : 4.512461,
      "z" : 11.09017
    },
    "orientation" : 55
  }, {
    "shape" : "745412a6-74c7-4a39-bccd-56e56db281d9",
    "color" : "#008EC2",
    "position" : {
      "x" : 3.0652475,
      "y" : -4.959675,
      "z" : 4.236068
    },
    "orientation" : 51
  }, {
    "shape" : "64e6a813-b26d-4482-bed7-decd2bff0031",
    "color" : "#00FF00",
    "position" : {
      "x" : 3.0652475,
      "y" : -4.959675,
      "z" : 4.236068
    },
    "orientation" : 36
  }, {
    "shape" : "e41be760-2e98-4a29-831c-4253809524ed",
    "color" : "#FF69B4",
    "position" : {
      "x" : -1.1708204,
      "y" : 1.8944272,
      "z" : -6.854102
    },
    "orientation" : 39
  }, {
    "shape" : "ac8aea74-dbd6-4df0-85f2-7653eff4828c",
    "color" : "#B0E0E6",
    "position" : {
      "x" : -10.642957,
      "y" : 8.748529,
      "z" : 4.236068
    },
    "orientation" : 39
  }, {
    "shape" : "30588e8a-1049-4d5b-b287-090445854d0e",
    "color" : "#FF0000",
    "position" : {
      "x" : 9.195743,
      "y" : -1.1708204,
      "z" : -4.236068
    },
    "orientation" : 3
  }, {
