{
  "field" : "golden",
  "symmetry" : "icosahedral",
  "orientations" : [ [ 1.0, 0.0, 0.0, 0.0, 0.0, 1.0, 0.0, 0.0, 0.0, 0.0, 1.0, 0.0, 0.0, 0.0, 0.0, 1.0 ], [ 0.0, 0.0, 1.0, 0.0, 1.0, 0.0, 0.0, 0.0, 0.0, 1.0, 0.0, 0.0, 0.0, 0.0, 0.0, 1.0 ], [ 0.0, 1.0, 0.0, 0.0, 0.0, 0.0, 1.0, 0.0, 1.0, 0.0, 0.0, 0.0, 0.0, 0.0, 0.0, 1.0 ], [ 0.809017, 0.309017, 0.5, 0.0, 0.309017, 0.5, -0.809017, 0.0, -0.5, 0.809017, 0.309017, 0.0, 0.0, 0.0, 0.0, 1.0 ], [ -0.5, 0.809017, 0.309017, 0.0, 0.809017, 0.309017, 0.5, 0.0, 0.309017, 0.5, -0.809017, 0.0, 0.0, 0.0, 0.0, 1.0 ], [ 0.309017, 0.5, -0.809017, 0.0, -0.5, 0.809017, 0.309017, 0.0, 0.809017, 0.309017, 0.5, 0.0, 0.0, 0.0, 0.0, 1.0 ], [ 0.5, 0.809017, 0.309017, 0.0, 0.809017, -0.309017, -0.5, 0.0, -0.309017, 0.5, -0.809017, 0.0, 0.0, 0.0, 0.0, 1.0 ], [ -0.309017, 0.5, -0.809017, 0.0, 0.5, 0.809017, 0.309017, 0.0, 0.809017, -0.309017, -0.5, 0.0, 0.0, 0.0, 0.0, 1.0 ], [ 0.809017, -0.309017, -0.5, 0.0, -0.309017, 0.5, -0.809017, 0.0, 0.5, 0.809017, 0.309017, 0.0, 0.0, 0.0, 0.0, 1.0 ], [ 0.5, 0.809017, -0.309017, 0.0, 0.809017, -0.309017, 0.5, 0.0, 0.309017, -0.5, -0.809017, 0.0, 0.0, 0.0, 0.0, 1.0 ], [ 0.309017, -0.5, -0.809017, 0.0, 0.5, 0.809017, -0.309017, 0.0, 0.809017, -0.309017, 0.5, 0.0, 0.0, 0.0, 0.0, 1.0 ], [ 0.809017, -0.309017, 0.5, 0.0, 0.309017, -0.5, -0.809017, 0.0, 0.5, 0.809017, -0.309017, 0.0, 0.0, 0.0, 0.0, 1.0 ], [ 0.809017, 0.309017, -0.5, 0.0, 0.309017, 0.5, 0.809017, 0.0, 0.5, -0.809017, 0.309017, 0.0, 0.0, 0.0, 0.0, 1.0 ], [ 0.5, -0.809017, 0.309017, 0.0, 0.809017, 0.309017, -0.5, 0.0, 0.309017, 0.5, 0.809017, 0.0, 0.0, 0.0, 0.0, 1.0 ], [ 0.309017, 0.5, 0.809017, 0.0, 0.5, -0.809017, 0.309017, 0.0, 0.809017, 0.309017, -0.5, 0.0, 0.0, 0.0, 0.0, 1.0 ], [ 1.0, 0.0, 0.0, 0.0, 0.0, -1.0, 0.0, 0.0, 0.0, 0.0, -1.0, 0.0, 0.0, 0.0, 0.0, 1.0 ], [ 0.0, 0.0, 1.0, 0.0, -1.0, 0.0, 0.0, 0.0, 0.0, -1.0, 0.0, 0.0, 0.0, 0.0, 0.0, 1.0 ], [ 0.0, 1.0, 0.0, 0.0, 0.0, 0.0, -1.0, 0.0, -1.0, 0.0, 0.0, 0.0, 0.0, 0.0, 0.0, 1.0 ], [ 0.809017, 0.309017, 0.5, 0.0, -0.309017, -0.5, 0.809017, 0.0, 0.5, -0.809017, -0.309017, 0.0, 0.0, 0.0, 0.0, 1.0 ], [ -0.5, 0.809017, 0.309017, 0.0, -0.809017, -0.309017, -0.5, 0.0, -0.309017, -0.5, 0.809017, 0.0, 0.0, 0.0, 0.0, 1.0 ], [ 0.309017, 0.5, -0.809017, 0.0, 0.5, -0.809017, -0.309017, 0.0, -0.809017, -0.309017, -0.5, 0.0, 0.0, 0.0, 0.0, 1.0 ], [ 0.5, 0.809017, 0.309017, 0.0, -0.809017, 0.309017, 0.5, 0.0, 0.309017, -0.5, 0.809017, 0.0, 0.0, 0.0, 0.0, 1.0 ], [ -0.309017, 0.5, -0.809017, 0.0, -0.5, -0.809017, -0.309017, 0.0, -0.809017, 0.309017, 0.5, 0.0, 0.0, 0.0, 0.0, 1.0 ], [ 0.809017, -0.309017, -0.5, 0.0, 0.309017, -0.5, 0.809017, 0.0, -0.5, -0.809017, -0.309017, 0.0, 0.0, 0.0, 0.0, 1.0 ], [ 0.5, 0.809017, -0.309017, 0.0, -0.809017, 0.309017, -0.5, 0.0, -0.309017, 0.5, 0.809017, 0.0, 0.0, 0.0, 0.0, 1.0 ], [ 0.309017, -0.5, -0.809017, 0.0, -0.5, -0.809017, 0.309017, 0.0, -0.809017, 0.309017, -0.5, 0.0, 0.0, 0.0, 0.0, 1.0 ], [ 0.809017, -0.309017, 0.5, 0.0, -0.309017, 0.5, 0.809017, 0.0, -0.5, -0.809017, 0.309017, 0.0, 0.0, 0.0, 0.0, 1.0 ], [ 0.809017, 0.309017, -0.5, 0.0, -0.309017, -0.5, -0.809017, 0.0, -0.5, 0.809017, -0.309017, 0.0, 0.0, 0.0, 0.0, 1.0 ], [ 0.5, -0.809017, 0.309017, 0.0, -0.809017, -0.309017, 0.5, 0.0, -0.309017, -0.5, -0.809017, 0.0, 0.0, 0.0, 0.0, 1.0 ], [ 0.309017, 0.5, 0.809017, 0.0, -0.5, 0.809017, -0.309017, 0.0, -0.809017, -0.309017, 0.5, 0.0, 0.0, 0.0, 0.0, 1.0 ], [ -1.0, 0.0, 0.0, 0.0, 0.0, -1.0, 0.0, 0.0, 0.0, 0.0, 1.0, 0.0, 0.0, 0.0, 0.0, 1.0 ], [ 0.0, 0.0, -1.0, 0.0, -1.0, 0.0, 0.0, 0.0, 0.0, 1.0, 0.0, 0.0, 0.0, 0.0, 0.0, 1.0 ], [ 0.0, -1.0, 0.0, 0.0, 0.0, 0.0, -1.0, 0.0, 1.0, 0.0, 0.0, 0.0, 0.0, 0.0, 0.0, 1.0 ], [ -0.809017, -0.309017, -0.5, 0.0, -0.309017, -0.5, 0.809017, 0.0, -0.5, 0.809017, 0.309017, 0.0, 0.0, 0.0, 0.0, 1.0 ], [ 0.5, -0.809017, -0.309017, 0.0, -0.809017, -0.309017, -0.5, 0.0, 0.309017, 0.5, -0.809017, 0.0, 0.0, 0.0, 0.0, 1.0 ], [ -0.309017, -0.5, 0.809017, 0.0, 0.5, -0.809017, -0.309017, 0.0, 0.809017, 0.309017, 0.5, 0.0, 0.0, 0.0, 0.0, 1.0 ], [ -0.5, -0.809017, -0.309017, 0.0, -0.809017, 0.309017, 0.5, 0.0, -0.309017, 0.5, -0.809017, 0.0, 0.0, 0.0, 0.0, 1.0 ], [ 0.309017, -0.5, 0.809017, 0.0, -0.5, -0.809017, -0.309017, 0.0, 0.809017, -0.309017, -0.5, 0.0, 0.0, 0.0, 0.0, 1.0 ], [ -0.809017, 0.309017, 0.5, 0.0, 0.309017, -0.5, 0.809017, 0.0, 0.5, 0.809017, 0.309017, 0.0, 0.0, 0.0, 0.0, 1.0 ], [ -0.5, -0.809017, 0.309017, 0.0, -0.809017, 0.309017, -0.5, 0.0, 0.309017, -0.5, -0.809017, 0.0, 0.0, 0.0, 0.0, 1.0 ], [ -0.309017, 0.5, 0.809017, 0.0, -0.5, -0.809017, 0.309017, 0.0, 0.809017, -0.309017, 0.5, 0.0, 0.0, 0.0, 0.0, 1.0 ], [ -0.809017, 0.309017, -0.5, 0.0, -0.309017, 0.5, 0.809017, 0.0, 0.5, 0.809017, -0.309017, 0.0, 0.0, 0.0, 0.0, 1.0 ], [ -0.809017, -0.309017, 0.5, 0.0, -0.309017, -0.5, -0.809017, 0.0, 0.5, -0.809017, 0.309017, 0.0, 0.0, 0.0, 0.0, 1.0 ], [ -0.5, 0.809017, -0.309017, 0.0, -0.809017, -0.309017, 0.5, 0.0, 0.309017, 0.5, 0.809017, 0.0, 0.0, 0.0, 0.0, 1.0 ], [ -0.309017, -0.5, -0.809017, 0.0, -0.5, 0.809017, -0.309017, 0.0, 0.809017, 0.309017, -0.5, 0.0, 0.0, 0.0, 0.0, 1.0 ], [ -1.0, 0.0, 0.0, 0.0, 0.0, 1.0, 0.0, 0.0, 0.0, 0.0, -1.0, 0.0, 0.0, 0.0, 0.0, 1.0 ], [ 0.0, 0.0, -1.0, 0.0, 1.0, 0.0, 0.0, 0.0, 0.0, -1.0, 0.0, 0.0, 0.0, 0.0, 0.0, 1.0 ], [ 0.0, -1.0, 0.0, 0.0, 0.0, 0.0, 1.0, 0.0, -1.0, 0.0, 0.0, 0.0, 0.0, 0.0, 0.0, 1.0 ], [ -0.809017, -0.309017, -0.5, 0.0, 0.309017, 0.5, -0.809017, 0.0, 0.5, -0.809017, -0.309017, 0.0, 0.0, 0.0, 0.0, 1.0 ], [ 0.5, -0.809017, -0.309017, 0.0, 0.809017, 0.309017, 0.5, 0.0, -0.309017, -0.5, 0.809017, 0.0, 0.0, 0.0, 0.0, 1.0 ], [ -0.309017, -0.5, 0.809017, 0.0, -0.5, 0.809017, 0.309017, 0.0, -0.809017, -0.309017, -0.5, 0.0, 0.0, 0.0, 0.0, 1.0 ], [ -0.5, -0.809017, -0.309017, 0.0, 0.809017, -0.309017, -0.5, 0.0, 0.309017, -0.5, 0.809017, 0.0, 0.0, 0.0, 0.0, 1.0 ], [ 0.309017, -0.5, 0.809017, 0.0, 0.5, 0.809017, 0.309017, 0.0, -0.809017, 0.309017, 0.5, 0.0, 0.0, 0.0, 0.0, 1.0 ], [ -0.809017, 0.309017, 0.5, 0.0, -0.309017, 0.5, -0.809017, 0.0, -0.5, -0.809017, -0.309017, 0.0, 0.0, 0.0, 0.0, 1.0 ], [ -0.5, -0.809017, 0.309017, 0.0, 0.809017, -0.309017, 0.5, 0.0, -0.309017, 0.5, 0.809017, 0.0, 0.0, 0.0, 0.0, 1.0 ], [ -0.309017, 0.5, 0.809017, 0.0, 0.5, 0.809017, -0.309017, 0.0, -0.809017, 0.309017, -0.5, 0.0, 0.0, 0.0, 0.0, 1.0 ], [ -0.809017, 0.309017, -0.5, 0.0, 0.309017, -0.5, -0.809017, 0.0, -0.5, -0.809017, 0.309017, 0.0, 0.0, 0.0, 0.0, 1.0 ], [ -0.809017, -0.309017, 0.5, 0.0, 0.309017, 0.5, 0.809017, 0.0, -0.5, 0.809017, -0.309017, 0.0, 0.0, 0.0, 0.0, 1.0 ], [ -0.5, 0.809017, -0.309017, 0.0, 0.809017, 0.309017, -0.5, 0.0, -0.309017, -0.5, -0.809017, 0.0, 0.0, 0.0, 0.0, 1.0 ], [ -0.309017, -0.5, -0.809017, 0.0, 0.5, -0.809017, 0.309017, 0.0, -0.809017, -0.309017, 0.5, 0.0, 0.0, 0.0, 0.0, 1.0 ] ],
  "lights" : {
    "directionalLights" : [ {
      "direction" : {
        "x" : 1.0,
        "y" : -1.0,
        "z" : -1.0
      },
      "color" : "#EBEBE4"
    }, {
      "direction" : {
        "x" : -1.0,
        "y" : 0.0,
        "z" : 0.0
      },
      "color" : "#E4E4EB"
    }, {
      "direction" : {
        "x" : 0.0,
        "y" : 0.0,
        "z" : -1.0
      },
      "color" : "#1E1E1E"
    } ],
    "ambientColor" : "#292929",
    "backgroundColor" : "#AFC8DC"
  },
  "camera" : {
    "position" : {
      "x" : -0.11500727,
      "y" : -217.65512,
      "z" : 136.56218
    },
    "width" : 115.62726,
    "viewDistance" : 256.94946,
    "lookAtPoint" : {
      "x" : 0.0,
      "y" : 0.0,
      "z" : 0.0
    },
    "fieldOfView" : 0.44262886,
    "perspective" : false,
    "farClipDistance" : 513.89886,
    "nearClipDistance" : 0.6423736,
    "upDirection" : {
      "x" : -0.7132676,
      "y" : 0.37277743,
      "z" : 0.59353733
    },
    "stereo" : false,
    "lookDirection" : {
      "x" : 4.475871E-4,
      "y" : 0.8470737,
      "z" : -0.5314749
    }
  },
  "embedding" : [ 1.0, 0.0, 0.0, 0.0, 0.0, 1.0, 0.0, 0.0, 0.0, 0.0, 1.0, 0.0, 0.0, 0.0, 0.0, 1.0 ],
  "shapes" : [ {
    "id" : "fd5d355f-7d88-4c88-8e47-b07d45be3c05",
    "vertices" : [ {
      "x" : 0.309017,
      "y" : -0.809017,
      "z" : 0.618034
    }, {
      "x" : 0.809017,
      "y" : -0.618034,
      "z" : 0.309017
    }, {
      "x" : 0.618034,
      "y" : -0.309017,
      "z" : 0.809017
    }, {
      "x" : 1.0,
      "y" : 0.309017,
      "z" : 0.19098301
    }, {
      "x" : 0.809017,
      "y" : 0.618034,
      "z" : 0.309017
    }, {
      "x" : 0.618034,
      "y" : 0.309017,
      "z" : 0.809017
    }, {
      "x" : 0.809017,
      "y" : 0.0,
      "z" : 0.690983
    }, {
      "x" : 0.19098301,
      "y" : -1.0,
      "z" : 0.309017
    }, {
      "x" : -0.19098301,
      "y" : -1.0,
      "z" : 0.309017
    }, {
      "x" : -0.19098301,
      "y" : -1.0,
      "z" : -0.309017
    }, {
      "x" : 0.19098301,
      "y" : -1.0,
      "z" : -0.309017
    }, {
      "x" : 1.0,
      "y" : -0.309017,
      "z" : -0.19098301
    }, {
      "x" : 0.809017,
      "y" : -0.618034,
      "z" : -0.309017
    }, {
      "x" : 0.618034,
      "y" : -0.309017,
      "z" : -0.809017
    }, {
      "x" : 0.809017,
      "y" : 0.0,
      "z" : -0.690983
    }, {
      "x" : 0.0,
      "y" : 0.690983,
      "z" : -0.809017
    }, {
      "x" : 0.309017,
      "y" : 0.809017,
      "z" : -0.618034
    }, {
      "x" : 0.618034,
      "y" : 0.309017,
      "z" : -0.809017
    }, {
      "x" : 0.309017,
      "y" : 0.19098301,
      "z" : -1.0
    }, {
      "x" : 1.0,
      "y" : 0.309017,
      "z" : -0.19098301
    }, {
      "x" : -0.309017,
      "y" : -0.809017,
      "z" : 0.618034
    }, {
      "x" : 0.0,
      "y" : -0.690983,
      "z" : 0.809017
    }, {
      "x" : 0.809017,
      "y" : 0.618034,
      "z" : -0.309017
    }, {
      "x" : 0.690983,
      "y" : 0.809017,
      "z" : 0.0
    }, {
      "x" : -0.690983,
      "y" : 0.809017,
      "z" : 0.0
    }, {
      "x" : -0.809017,
      "y" : 0.618034,
      "z" : 0.309017
    }, {
      "x" : -0.309017,
      "y" : 0.809017,
      "z" : 0.618034
    }, {
      "x" : -0.19098301,
      "y" : 1.0,
      "z" : 0.309017
    }, {
      "x" : 0.309017,
      "y" : -0.19098301,
      "z" : -1.0
    }, {
      "x" : 0.19098301,
      "y" : 1.0,
      "z" : 0.309017
    }, {
      "x" : 0.309017,
      "y" : 0.809017,
      "z" : 0.618034
    }, {
      "x" : -0.809017,
      "y" : -0.618034,
      "z" : 0.309017
    }, {
      "x" : -0.690983,
      "y" : -0.809017,
      "z" : 0.0
    }, {
      "x" : 0.0,
      "y" : 0.690983,
      "z" : 0.809017
    }, {
      "x" : 0.309017,
      "y" : -0.809017,
      "z" : -0.618034
    }, {
      "x" : 0.0,
      "y" : -0.690983,
      "z" : -0.809017
    }, {
      "x" : -1.0,
      "y" : 0.309017,
      "z" : 0.19098301
    }, {
      "x" : -0.809017,
      "y" : 0.0,
      "z" : 0.690983
    }, {
      "x" : -0.618034,
      "y" : 0.309017,
      "z" : 0.809017
    }, {
      "x" : 1.0,
      "y" : -0.309017,
      "z" : 0.19098301
    }, {
      "x" : -0.309017,
      "y" : -0.809017,
      "z" : -0.618034
    }, {
      "x" : -1.0,
      "y" : 0.309017,
      "z" : -0.19098301
    }, {
      "x" : -1.0,
      "y" : -0.309017,
      "z" : -0.19098301
    }, {
      "x" : -1.0,
      "y" : -0.309017,
      "z" : 0.19098301
    }, {
      "x" : 0.19098301,
      "y" : 1.0,
      "z" : -0.309017
    }, {
      "x" : -0.809017,
      "y" : 0.618034,
      "z" : -0.309017
    }, {
      "x" : -0.19098301,
      "y" : 1.0,
      "z" : -0.309017
    }, {
      "x" : -0.309017,
      "y" : 0.809017,
      "z" : -0.618034
    }, {
      "x" : -0.618034,
      "y" : -0.309017,
      "z" : 0.809017
    }, {
      "x" : 0.309017,
      "y" : 0.19098301,
      "z" : 1.0
    }, {
      "x" : -0.309017,
      "y" : 0.19098301,
      "z" : -1.0
    }, {
      "x" : -0.309017,
      "y" : 0.19098301,
      "z" : 1.0
    }, {
      "x" : -0.309017,
      "y" : -0.19098301,
      "z" : 1.0
    }, {
      "x" : 0.309017,
      "y" : -0.19098301,
      "z" : 1.0
    }, {
      "x" : 0.690983,
      "y" : -0.809017,
      "z" : 0.0
    }, {
      "x" : -0.809017,
      "y" : 0.0,
      "z" : -0.690983
    }, {
      "x" : -0.618034,
      "y" : -0.309017,
      "z" : -0.809017
    }, {
      "x" : -0.309017,
      "y" : -0.19098301,
      "z" : -1.0
    }, {
      "x" : -0.618034,
      "y" : 0.309017,
      "z" : -0.809017
    }, {
      "x" : -0.809017,
      "y" : -0.618034,
      "z" : -0.309017
    } ],
    "faces" : [ {
      "vertices" : [ 9, 40, 35 ]
    }, {
      "vertices" : [ 9, 35, 34 ]
    }, {
      "vertices" : [ 9, 34, 10 ]
    }, {
      "vertices" : [ 0, 1, 2 ]
    }, {
      "vertices" : [ 33, 51, 49 ]
    }, {
      "vertices" : [ 25, 36, 37 ]
    }, {
      "vertices" : [ 25, 37, 38 ]
    }, {
      "vertices" : [ 41, 55, 42 ]
    }, {
      "vertices" : [ 9, 32, 59 ]
    }, {
      "vertices" : [ 9, 59, 40 ]
    }, {
      "vertices" : [ 20, 21, 52 ]
    }, {
      "vertices" : [ 20, 52, 48 ]
    }, {
      "vertices" : [ 26, 33, 30 ]
    }, {
      "vertices" : [ 26, 30, 29 ]
    }, {
      "vertices" : [ 26, 29, 27 ]
    }, {
      "vertices" : [ 3, 4, 5 ]
    }, {
      "vertices" : [ 3, 5, 6 ]
    }, {
      "vertices" : [ 27, 29, 44 ]
    }, {
      "vertices" : [ 27, 44, 46 ]
    }, {
      "vertices" : [ 50, 57, 56 ]
    }, {
      "vertices" : [ 50, 56, 55 ]
    }, {
      "vertices" : [ 50, 55, 58 ]
    }, {
      "vertices" : [ 26, 38, 51 ]
    }, {
      "vertices" : [ 26, 51, 33 ]
    }, {
      "vertices" : [ 45, 47, 58 ]
    }, {
      "vertices" : [ 18, 28, 57 ]
    }, {
      "vertices" : [ 18, 57, 50 ]
    }, {
      "vertices" : [ 40, 59, 56 ]
    }, {
      "vertices" : [ 31, 48, 37 ]
    }, {
      "vertices" : [ 31, 37, 43 ]
    }, {
      "vertices" : [ 7, 8, 9 ]
    }, {
      "vertices" : [ 7, 9, 10 ]
    }, {
      "vertices" : [ 36, 41, 42 ]
    }, {
      "vertices" : [ 36, 42, 43 ]
    }, {
      "vertices" : [ 24, 46, 47 ]
    }, {
      "vertices" : [ 24, 47, 45 ]
    }, {
      "vertices" : [ 4, 30, 5 ]
    }, {
      "vertices" : [ 15, 47, 46 ]
    }, {
      "vertices" : [ 15, 46, 44 ]
    }, {
      "vertices" : [ 15, 44, 16 ]
    }, {
      "vertices" : [ 15, 50, 58 ]
    }, {
      "vertices" : [ 15, 58, 47 ]
    }, {
      "vertices" : [ 24, 45, 41 ]
    }, {
      "vertices" : [ 24, 41, 36 ]
    }, {
      "vertices" : [ 24, 36, 25 ]
    }, {
      "vertices" : [ 11, 14, 19 ]
    }, {
      "vertices" : [ 3, 6, 39 ]
    }, {
      "vertices" : [ 1, 39, 6 ]
    }, {
      "vertices" : [ 1, 6, 2 ]
    }, {
      "vertices" : [ 8, 32, 9 ]
    }, {
      "vertices" : [ 11, 12, 13 ]
    }, {
      "vertices" : [ 11, 13, 14 ]
    }, {
      "vertices" : [ 16, 22, 17 ]
    }, {
      "vertices" : [ 0, 21, 20 ]
    }, {
      "vertices" : [ 0, 20, 8 ]
    }, {
      "vertices" : [ 0, 8, 7 ]
    }, {
      "vertices" : [ 12, 34, 13 ]
    }, {
      "vertices" : [ 35, 40, 56 ]
    }, {
      "vertices" : [ 35, 56, 57 ]
    }, {
      "vertices" : [ 0, 7, 54 ]
    }, {
      "vertices" : [ 0, 54, 1 ]
    }, {
      "vertices" : [ 15, 16, 17 ]
    }, {
      "vertices" : [ 15, 17, 18 ]
    }, {
      "vertices" : [ 3, 19, 22 ]
    }, {
      "vertices" : [ 3, 22, 23 ]
    }, {
      "vertices" : [ 3, 23, 4 ]
    }, {
      "vertices" : [ 7, 10, 54 ]
    }, {
      "vertices" : [ 41, 45, 58 ]
    }, {
      "vertices" : [ 41, 58, 55 ]
    }, {
      "vertices" : [ 3, 39, 11 ]
    }, {
      "vertices" : [ 3, 11, 19 ]
    }, {
      "vertices" : [ 14, 17, 22 ]
    }, {
      "vertices" : [ 14, 22, 19 ]
    }, {
      "vertices" : [ 0, 2, 53 ]
    }, {
      "vertices" : [ 0, 53, 21 ]
    }, {
      "vertices" : [ 49, 51, 52 ]
    }, {
      "vertices" : [ 49, 52, 53 ]
    }, {
      "vertices" : [ 31, 43, 42 ]
    }, {
      "vertices" : [ 31, 42, 59 ]
    }, {
      "vertices" : [ 31, 59, 32 ]
    }, {
      "vertices" : [ 15, 18, 50 ]
    }, {
      "vertices" : [ 42, 55, 56 ]
    }, {
      "vertices" : [ 42, 56, 59 ]
    }, {
      "vertices" : [ 4, 23, 29 ]
    }, {
      "vertices" : [ 4, 29, 30 ]
    }, {
      "vertices" : [ 25, 38, 26 ]
    }, {
      "vertices" : [ 13, 28, 18 ]
    }, {
      "vertices" : [ 13, 18, 17 ]
    }, {
      "vertices" : [ 13, 17, 14 ]
    }, {
      "vertices" : [ 8, 20, 31 ]
    }, {
      "vertices" : [ 8, 31, 32 ]
    }, {
      "vertices" : [ 23, 44, 29 ]
    }, {
      "vertices" : [ 24, 27, 46 ]
    }, {
      "vertices" : [ 37, 48, 52 ]
    }, {
      "vertices" : [ 37, 52, 51 ]
    }, {
      "vertices" : [ 37, 51, 38 ]
    }, {
      "vertices" : [ 20, 48, 31 ]
    }, {
      "vertices" : [ 24, 25, 26 ]
    }, {
      "vertices" : [ 24, 26, 27 ]
    }, {
      "vertices" : [ 16, 44, 23 ]
    }, {
      "vertices" : [ 16, 23, 22 ]
    }, {
      "vertices" : [ 13, 34, 35 ]
    }, {
      "vertices" : [ 13, 35, 28 ]
    }, {
      "vertices" : [ 10, 34, 12 ]
    }, {
      "vertices" : [ 10, 12, 54 ]
    }, {
      "vertices" : [ 2, 6, 5 ]
    }, {
      "vertices" : [ 2, 5, 49 ]
    }, {
      "vertices" : [ 2, 49, 53 ]
    }, {
      "vertices" : [ 36, 43, 37 ]
    }, {
      "vertices" : [ 5, 30, 33 ]
    }, {
      "vertices" : [ 5, 33, 49 ]
    }, {
      "vertices" : [ 1, 54, 12 ]
    }, {
      "vertices" : [ 1, 12, 11 ]
    }, {
      "vertices" : [ 1, 11, 39 ]
    }, {
      "vertices" : [ 28, 35, 57 ]
    }, {
      "vertices" : [ 21, 53, 52 ]
    } ]
  }, {
    "id" : "9f11cb54-cf0e-4d08-9a57-bc6e14223ea9",
    "vertices" : [ {
      "x" : 4.236068,
      "y" : 0.309017,
      "z" : 0.19098301
    }, {
      "x" : 4.236068,
      "y" : 0.309017,
      "z" : -0.19098301
    }, {
      "x" : 1.0,
      "y" : 0.309017,
      "z" : -0.19098301
    }, {
      "x" : 1.0,
      "y" : 0.309017,
      "z" : 0.19098301
    }, {
      "x" : 4.236068,
      "y" : -0.309017,
      "z" : 0.19098301
    }, {
      "x" : 1.0,
      "y" : -0.309017,
      "z" : 0.19098301
    }, {
      "x" : 1.0,
      "y" : -0.309017,
      "z" : -0.19098301
    }, {
      "x" : 4.236068,
      "y" : -0.309017,
      "z" : -0.19098301
    }, {
      "x" : 5.236068,
      "y" : 0.0,
      "z" : 0.0
    } ],
    "faces" : [ {
      "vertices" : [ 1, 7, 6 ]
    }, {
      "vertices" : [ 1, 6, 2 ]
    }, {
      "vertices" : [ 0, 1, 2 ]
    }, {
      "vertices" : [ 0, 2, 3 ]
    }, {
      "vertices" : [ 4, 5, 6 ]
    }, {
      "vertices" : [ 4, 6, 7 ]
    }, {
      "vertices" : [ 0, 3, 5 ]
    }, {
      "vertices" : [ 0, 5, 4 ]
    } ]
  }, {
    "id" : "29a256fe-c0fe-4023-b0dd-9b2d26002ee1",
    "vertices" : [ {
      "x" : 9.376644,
      "y" : 3.3905764,
      "z" : -1.486068
    }, {
      "x" : 10.399187,
      "y" : 3.427051,
      "z" : -1.618034
    }, {
      "x" : 9.376644,
      "y" : 3.3905764,
      "z" : -1.104102
    }, {
      "x" : 9.185661,
      "y" : 3.6995935,
      "z" : -1.604102
    }, {
      "x" : 9.185661,
      "y" : 3.6995935,
      "z" : -1.2221359
    }, {
      "x" : 0.809017,
      "y" : 0.618034,
      "z" : 0.309017
    }, {
      "x" : 1.0,
      "y" : 0.309017,
      "z" : 0.19098301
    }, {
      "x" : 1.9045085,
      "y" : 0.5364745,
      "z" : -0.013932022
    }, {
      "x" : 10.09017,
      "y" : 3.927051,
      "z" : -1.809017
    }, {
      "x" : 10.281153,
      "y" : 3.618034,
      "z" : -1.927051
    }, {
      "x" : 10.281153,
      "y" : 3.618034,
      "z" : -1.309017
    }, {
      "x" : 10.09017,
      "y" : 3.927051,
      "z" : -1.427051
    }, {
      "x" : 1.7135255,
      "y" : 0.8454915,
      "z" : -0.13196601
    }, {
      "x" : 0.690983,
      "y" : 0.809017,
      "z" : 0.0
    }, {
      "x" : 1.9045085,
      "y" : 0.5364745,
      "z" : -0.39589804
    }, {
      "x" : 1.7135255,
      "y" : 0.8454915,
      "z" : -0.51393205
    }, {
      "x" : 0.809017,
      "y" : 0.618034,
      "z" : -0.309017
    }, {
      "x" : 1.0,
      "y" : 0.309017,
      "z" : -0.19098301
    }, {
      "x" : 11.09017,
      "y" : 4.236068,
      "z" : -1.618034
    } ],
    "faces" : [ {
      "vertices" : [ 0, 14, 15 ]
    }, {
      "vertices" : [ 0, 15, 3 ]
    }, {
      "vertices" : [ 3, 15, 12 ]
    }, {
      "vertices" : [ 3, 12, 4 ]
    }, {
      "vertices" : [ 0, 1, 2 ]
    }, {
      "vertices" : [ 12, 15, 13 ]
    }, {
      "vertices" : [ 0, 9, 1 ]
    }, {
      "vertices" : [ 0, 3, 9 ]
    }, {
      "vertices" : [ 13, 15, 16 ]
    }, {
      "vertices" : [ 6, 17, 14 ]
    }, {
      "vertices" : [ 6, 14, 7 ]
    }, {
      "vertices" : [ 1, 10, 2 ]
    }, {
      "vertices" : [ 5, 6, 7 ]
    }, {
      "vertices" : [ 3, 8, 9 ]
    }, {
      "vertices" : [ 0, 2, 7 ]
    }, {
      "vertices" : [ 0, 7, 14 ]
    }, {
      "vertices" : [ 5, 7, 12 ]
    }, {
      "vertices" : [ 2, 4, 12 ]
    }, {
      "vertices" : [ 2, 12, 7 ]
    }, {
      "vertices" : [ 3, 4, 11 ]
    }, {
      "vertices" : [ 3, 11, 8 ]
    }, {
      "vertices" : [ 2, 10, 11 ]
    }, {
      "vertices" : [ 2, 11, 4 ]
    }, {
      "vertices" : [ 5, 12, 13 ]
    }, {
      "vertices" : [ 14, 17, 16 ]
    }, {
      "vertices" : [ 14, 16, 15 ]
    } ]
  }, {
    "id" : "d8678e45-a99f-4d13-9cb0-54670980507b",
    "vertices" : [ {
      "x" : 1.927051,
      "y" : 0.809017,
      "z" : 0.0
    }, {
      "x" : 24.489357,
      "y" : 6.663119,
      "z" : -2.236068
    }, {
      "x" : 24.489357,
      "y" : 6.663119,
      "z" : -2.618034
    }, {
      "x" : 1.927051,
      "y" : 0.809017,
      "z" : -0.38196602
    }, {
      "x" : 25.416409,
      "y" : 6.545085,
      "z" : -2.809017
    }, {
      "x" : 24.489357,
      "y" : 6.045085,
      "z" : -2.236068
    }, {
      "x" : 25.416409,
      "y" : 6.545085,
      "z" : -2.427051
    }, {
      "x" : 25.416409,
      "y" : 7.163119,
      "z" : -2.427051
    }, {
      "x" : 1.0,
      "y" : -0.309017,
      "z" : 0.19098301
    }, {
      "x" : 1.927051,
      "y" : 0.19098301,
      "z" : 0.0
    }, {
      "x" : 1.0,
      "y" : 0.309017,
      "z" : 0.19098301
    }, {
      "x" : 24.489357,
      "y" : 6.045085,
      "z" : -2.618034
    }, {
      "x" : 25.416409,
      "y" : 7.163119,
      "z" : -2.809017
    }, {
      "x" : 1.927051,
      "y" : 0.19098301,
      "z" : -0.38196602
    }, {
      "x" : 26.416409,
      "y" : 6.854102,
      "z" : -2.618034
    }, {
      "x" : 1.0,
      "y" : -0.309017,
      "z" : -0.19098301
    }, {
      "x" : 1.0,
      "y" : 0.309017,
      "z" : -0.19098301
    } ],
    "faces" : [ {
      "vertices" : [ 1, 5, 6 ]
    }, {
      "vertices" : [ 1, 6, 7 ]
    }, {
      "vertices" : [ 0, 1, 2 ]
    }, {
      "vertices" : [ 0, 2, 3 ]
    }, {
      "vertices" : [ 5, 9, 13 ]
    }, {
      "vertices" : [ 5, 13, 11 ]
    }, {
      "vertices" : [ 1, 7, 12 ]
    }, {
      "vertices" : [ 1, 12, 2 ]
    }, {
      "vertices" : [ 4, 6, 5 ]
    }, {
      "vertices" : [ 4, 5, 11 ]
    }, {
      "vertices" : [ 0, 10, 8 ]
    }, {
      "vertices" : [ 0, 8, 9 ]
    }, {
      "vertices" : [ 2, 12, 4 ]
    }, {
      "vertices" : [ 2, 4, 11 ]
    }, {
      "vertices" : [ 2, 11, 13 ]
    }, {
      "vertices" : [ 2, 13, 3 ]
    }, {
      "vertices" : [ 8, 15, 13 ]
    }, {
      "vertices" : [ 8, 13, 9 ]
    }, {
      "vertices" : [ 0, 3, 16 ]
    }, {
      "vertices" : [ 0, 16, 10 ]
    }, {
      "vertices" : [ 3, 13, 15 ]
    }, {
      "vertices" : [ 3, 15, 16 ]
    }, {
      "vertices" : [ 0, 9, 5 ]
    }, {
      "vertices" : [ 0, 5, 1 ]
    } ]
  }, {
    "id" : "c57eb914-dd2d-4991-9bcb-6ff471078afa",
    "vertices" : [ {
      "x" : 15.944272,
      "y" : 0.309017,
      "z" : 0.19098301
    }, {
      "x" : 15.944272,
      "y" : 0.309017,
      "z" : -0.19098301
    }, {
      "x" : 1.0,
      "y" : 0.309017,
      "z" : -0.19098301
    }, {
      "x" : 1.0,
      "y" : 0.309017,
      "z" : 0.19098301
    }, {
      "x" : 15.944272,
      "y" : -0.309017,
      "z" : 0.19098301
    }, {
      "x" : 1.0,
      "y" : -0.309017,
      "z" : 0.19098301
    }, {
      "x" : 1.0,
      "y" : -0.309017,
      "z" : -0.19098301
    }, {
      "x" : 15.944272,
      "y" : -0.309017,
      "z" : -0.19098301
    }, {
      "x" : 16.944271,
      "y" : 0.0,
      "z" : 0.0
    } ],
    "faces" : [ {
      "vertices" : [ 1, 7, 6 ]
    }, {
      "vertices" : [ 1, 6, 2 ]
    }, {
      "vertices" : [ 0, 1, 2 ]
    }, {
      "vertices" : [ 0, 2, 3 ]
    }, {
      "vertices" : [ 4, 5, 6 ]
    }, {
      "vertices" : [ 4, 6, 7 ]
    }, {
      "vertices" : [ 0, 3, 5 ]
    }, {
      "vertices" : [ 0, 5, 4 ]
    } ]
  } ],
  "instances" : [ {
    "shape" : "fd5d355f-7d88-4c88-8e47-b07d45be3c05",
    "color" : "#6C00C6",
    "position" : {
      "x" : 8.472136,
      "y" : 0.0,
      "z" : -22.18034
    }
  }, {
    "shape" : "fd5d355f-7d88-4c88-8e47-b07d45be3c05",
    "color" : "#6C00C6",
    "position" : {
      "x" : 0.0,
      "y" : -22.18034,
      "z" : 8.472136
    }
  }, {
    "shape" : "9f11cb54-cf0e-4d08-9a57-bc6e14223ea9",
    "color" : "#007695",
    "position" : {
      "x" : 15.326238,
      "y" : 2.618034,
      "z" : -17.944271
    },
    "orientation" : 16
  }, {
    "shape" : "29a256fe-c0fe-4023-b0dd-9b2d26002ee1",
    "color" : "#008D36",
    "position" : {
      "x" : 13.708204,
      "y" : -13.708204,
      "z" : -13.708204
    },
    "orientation" : 2
  }, {
    "shape" : "29a256fe-c0fe-4023-b0dd-9b2d26002ee1",
    "color" : "#008D36",
    "position" : {
      "x" : 13.708204,
      "y" : -13.708204,
      "z" : -13.708204
    },
    "orientation" : 30
  }, {
    "shape" : "d8678e45-a99f-4d13-9cb0-54670980507b",
    "color" : "#1E1E1E",
    "position" : {
      "x" : -8.472136,
      "y" : 0.0,
      "z" : -22.18034
    },
    "orientation" : 34
  }, {
    "shape" : "29a256fe-c0fe-4023-b0dd-9b2d26002ee1",
    "color" : "#008D36",
    "position" : {
      "x" : 13.708204,
      "y" : -13.708204,
      "z" : 13.708204
    },
    "orientation" : 33
  }, {
    "shape" : "9f11cb54-cf0e-4d08-9a57-bc6e14223ea9",
    "color" : "#007695",
    "position" : {
      "x" : 22.18034,
      "y" : 8.472136,
      "z" : 0.0
    },
    "orientation" : 55
  }, {
    "shape" : "fd5d355f-7d88-4c88-8e47-b07d45be3c05",
    "color" : "#6C00C6",
    "position" : {
      "x" : 4.236068,
      "y" : -20.562305,
      "z" : -11.09017
    }
  }, {
    "shape" : "29a256fe-c0fe-4023-b0dd-9b2d26002ee1",
    "color" : "#008D36",
    "position" : {
      "x" : -13.708204,
      "y" : -13.708204,
      "z" : 13.708204
    },
    "orientation" : 1
  }, {
    "shape" : "fd5d355f-7d88-4c88-8e47-b07d45be3c05",
    "color" : "#6C00C6",
    "position" : {
      "x" : -17.944271,
      "y" : 15.326238,
      "z" : -2.618034
    }
  }, {
    "shape" : "29a256fe-c0fe-4023-b0dd-9b2d26002ee1",
    "color" : "#008D36",
    "position" : {
      "x" : -13.708204,
      "y" : 13.708204,
      "z" : 13.708204
    },
    "orientation" : 12
  }, {
    "shape" : "fd5d355f-7d88-4c88-8e47-b07d45be3c05",
    "color" : "#6C00C6",
    "position" : {
      "x" : 4.236068,
      "y" : 20.562305,
      "z" : -11.09017
    }
  }, {
    "shape" : "9f11cb54-cf0e-4d08-9a57-bc6e14223ea9",
    "color" : "#007695",
    "position" : {
      "x" : 15.326238,
      "y" : -2.618034,
      "z" : 17.944271
    },
    "orientation" : 41
  }, {
    "shape" : "29a256fe-c0fe-4023-b0dd-9b2d26002ee1",
    "color" : "#008D36",
    "position" : {
      "x" : -20.562305,
      "y" : 11.09017,
      "z" : 4.236068
    },
    "orientation" : 43
  }, {
    "shape" : "29a256fe-c0fe-4023-b0dd-9b2d26002ee1",
    "color" : "#008D36",
    "position" : {
      "x" : 17.944271,
      "y" : -15.326238,
      "z" : 2.618034
    },
    "orientation" : 33
  }, {
    "shape" : "29a256fe-c0fe-4023-b0dd-9b2d26002ee1",
    "color" : "#008D36",
    "position" : {
      "x" : -8.472136,
      "y" : 22.18034,
      "z" : 0.0
    },
    "orientation" : 2
  }, {
    "shape" : "29a256fe-c0fe-4023-b0dd-9b2d26002ee1",
    "color" : "#008D36",
    "position" : {
      "x" : 2.618034,
      "y" : -17.944271,
      "z" : 15.326238
    },
    "orientation" : 4
  }, {
    "shape" : "29a256fe-c0fe-4023-b0dd-9b2d26002ee1",
    "color" : "#008D36",
    "position" : {
      "x" : 22.18034,
      "y" : 8.472136,
      "z" : 0.0
    },
    "orientation" : 22
  }, {
    "shape" : "29a256fe-c0fe-4023-b0dd-9b2d26002ee1",
    "color" : "#008D36",
    "position" : {
      "x" : -13.708204,
      "y" : 13.708204,
      "z" : 13.708204
    },
    "orientation" : 3
  }, {
    "shape" : "9f11cb54-cf0e-4d08-9a57-bc6e14223ea9",
    "color" : "#007695",
    "position" : {
      "x" : 4.236068,
      "y" : -20.562305,
      "z" : -11.09017
    },
    "orientation" : 55
  }, {
    "shape" : "9f11cb54-cf0e-4d08-9a57-bc6e14223ea9",
    "color" : "#007695",
    "position" : {
      "x" : -22.18034,
      "y" : -8.472136,
      "z" : 0.0
    },
    "orientation" : 37
  }, {
    "shape" : "fd5d355f-7d88-4c88-8e47-b07d45be3c05",
    "color" : "#6C00C6",
    "position" : {
      "x" : 2.618034,
      "y" : 17.944271,
      "z" : 15.326238
    }
  }, {
    "shape" : "29a256fe-c0fe-4023-b0dd-9b2d26002ee1",
    "color" : "#008D36",
    "position" : {
      "x" : 0.0,
      "y" : 8.472136,
      "z" : -22.18034
    },
    "orientation" : 21
  }, {
    "shape" : "9f11cb54-cf0e-4d08-9a57-bc6e14223ea9",
    "color" : "#007695",
    "position" : {
      "x" : -15.326238,
      "y" : -2.618034,
      "z" : 17.944271
    },
    "orientation" : 1
  }, {
    "shape" : "fd5d355f-7d88-4c88-8e47-b07d45be3c05",
    "color" : "#F0A000",
    "position" : {
      "x" : 13.708204,
      "y" : -13.708204,
      "z" : 13.708204
    }
  }, {
    "shape" : "c57eb914-dd2d-4991-9bcb-6ff471078afa",
    "color" : "#007695",
    "position" : {
      "x" : -22.18034,
      "y" : 0.0,
      "z" : 8.472136
    },
    "orientation" : 9
  }, {
    "shape" : "d8678e45-a99f-4d13-9cb0-54670980507b",
    "color" : "#1E1E1E",
    "position" : {
      "x" : 0.0,
      "y" : 22.18034,
      "z" : 8.472136
    },
    "orientation" : 34
  }, {
    "shape" : "29a256fe-c0fe-4023-b0dd-9b2d26002ee1",
    "color" : "#008D36",
    "position" : {
      "x" : -13.708204,
      "y" : 13.708204,
      "z" : -13.708204
    },
    "orientation" : 0
  }, {
    "shape" : "fd5d355f-7d88-4c88-8e47-b07d45be3c05",
    "color" : "#F0A000",
    "position" : {
      "x" : -8.472136,
      "y" : 22.18034,
      "z" : 0.0
    }
  }, {
    "shape" : "fd5d355f-7d88-4c88-8e47-b07d45be3c05",
    "color" : "#6C00C6",
    "position" : {
      "x" : 0.0,
      "y" : -22.18034,
      "z" : -8.472136
    }
  }, {
    "shape" : "fd5d355f-7d88-4c88-8e47-b07d45be3c05",
    "color" : "#FFFF00",
    "position" : {
      "x" : -22.18034,
      "y" : 0.0,
      "z" : -8.472136
    }
  }, {
    "shape" : "29a256fe-c0fe-4023-b0dd-9b2d26002ee1",
    "color" : "#008D36",
    "position" : {
      "x" : -4.236068,
      "y" : 20.562305,
      "z" : -11.09017
    },
    "orientation" : 32
  }, {
    "shape" : "d8678e45-a99f-4d13-9cb0-54670980507b",
    "color" : "#1E1E1E",
    "position" : {
      "x" : -22.18034,
      "y" : 8.472136,
      "z" : 0.0
    },
    "orientation" : 34
  }, {
    "shape" : "29a256fe-c0fe-4023-b0dd-9b2d26002ee1",
    "color" : "#008D36",
    "position" : {
      "x" : 2.618034,
      "y" : 17.944271,
      "z" : 15.326238
    },
    "orientation" : 27
  }, {
    "shape" : "29a256fe-c0fe-4023-b0dd-9b2d26002ee1",
    "color" : "#008D36",
    "position" : {
      "x" : 17.944271,
      "y" : 15.326238,
      "z" : 2.618034
    },
    "orientation" : 44
  }, {
    "shape" : "29a256fe-c0fe-4023-b0dd-9b2d26002ee1",
    "color" : "#008D36",
    "position" : {
      "x" : -4.236068,
      "y" : -20.562305,
      "z" : 11.09017
    },
    "orientation" : 47
  }, {
    "shape" : "29a256fe-c0fe-4023-b0dd-9b2d26002ee1",
    "color" : "#008D36",
    "position" : {
      "x" : -13.708204,
      "y" : 13.708204,
      "z" : -13.708204
    },
    "orientation" : 16
  }, {
    "shape" : "9f11cb54-cf0e-4d08-9a57-bc6e14223ea9",
    "color" : "#007695",
    "position" : {
      "x" : -11.09017,
      "y" : 4.236068,
      "z" : 20.562305
    },
    "orientation" : 21
  }, {
    "shape" : "fd5d355f-7d88-4c88-8e47-b07d45be3c05",
    "color" : "#6C00C6",
    "position" : {
      "x" : -11.09017,
      "y" : -4.236068,
      "z" : -20.562305
    }
  }, {
    "shape" : "29a256fe-c0fe-4023-b0dd-9b2d26002ee1",
    "color" : "#008D36",
    "position" : {
      "x" : -11.09017,
      "y" : -4.236068,
      "z" : 20.562305
    },
    "orientation" : 15
  }, {
    "shape" : "fd5d355f-7d88-4c88-8e47-b07d45be3c05",
    "color" : "#6C00C6",
    "position" : {
      "x" : 4.236068,
      "y" : -20.562305,
      "z" : 11.09017
    }
  }, {
    "shape" : "9f11cb54-cf0e-4d08-9a57-bc6e14223ea9",
    "color" : "#007695",
    "position" : {
      "x" : -4.236068,
      "y" : -20.562305,
      "z" : 11.09017
    },
    "orientation" : 10
  }, {
    "shape" : "fd5d355f-7d88-4c88-8e47-b07d45be3c05",
    "color" : "#6C00C6",
    "position" : {
      "x" : -22.18034,
      "y" : -8.472136,
      "z" : 0.0
    }
  }, {
    "shape" : "c57eb914-dd2d-4991-9bcb-6ff471078afa",
    "color" : "#007695",
    "position" : {
      "x" : -22.18034,
      "y" : 0.0,
      "z" : -8.472136
    },
    "orientation" : 2
  }, {
    "shape" : "9f11cb54-cf0e-4d08-9a57-bc6e14223ea9",
    "color" : "#007695",
    "position" : {
      "x" : 20.562305,
      "y" : 11.09017,
      "z" : 4.236068
    },
    "orientation" : 54
  }, {
    "shape" : "fd5d355f-7d88-4c88-8e47-b07d45be3c05",
    "color" : "#6C00C6",
    "position" : {
      "x" : -15.326238,
      "y" : -2.618034,
      "z" : -17.944271
    }
  }, {
    "shape" : "fd5d355f-7d88-4c88-8e47-b07d45be3c05",
    "color" : "#F0A000",
    "position" : {
      "x" : -8.472136,
      "y" : -22.18034,
      "z" : 0.0
    }
  }, {
    "shape" : "29a256fe-c0fe-4023-b0dd-9b2d26002ee1",
    "color" : "#008D36",
    "position" : {
      "x" : 0.0,
      "y" : -8.472136,
      "z" : -22.18034
    },
    "orientation" : 12
  }, {
    "shape" : "c57eb914-dd2d-4991-9bcb-6ff471078afa",
    "color" : "#007695",
    "position" : {
      "x" : 13.708204,
      "y" : -13.708204,
      "z" : -13.708204
    },
    "orientation" : 56
  }, {
    "shape" : "fd5d355f-7d88-4c88-8e47-b07d45be3c05",
    "color" : "#6C00C6",
    "position" : {
      "x" : -11.09017,
      "y" : 4.236068,
      "z" : 20.562305
    }
  }, {
    "shape" : "9f11cb54-cf0e-4d08-9a57-bc6e14223ea9",
    "color" : "#007695",
    "position" : {
      "x" : -17.944271,
      "y" : 15.326238,
      "z" : -2.618034
    },
    "orientation" : 2
  }, {
    "shape" : "fd5d355f-7d88-4c88-8e47-b07d45be3c05",
    "color" : "#FFFF00",
    "position" : {
      "x" : -22.18034,
      "y" : 0.0,
      "z" : 8.472136
    }
  }, {
    "shape" : "29a256fe-c0fe-4023-b0dd-9b2d26002ee1",
    "color" : "#008D36",
    "position" : {
      "x" : 17.944271,
      "y" : 15.326238,
      "z" : -2.618034
    },
    "orientation" : 47
  }, {
    "shape" : "d8678e45-a99f-4d13-9cb0-54670980507b",
    "color" : "#1E1E1E",
    "position" : {
      "x" : 0.0,
      "y" : -22.18034,
      "z" : -8.472136
    },
    "orientation" : 35
  }, {
    "shape" : "29a256fe-c0fe-4023-b0dd-9b2d26002ee1",
    "color" : "#008D36",
    "position" : {
      "x" : -17.944271,
      "y" : -15.326238,
      "z" : 2.618034
    },
    "orientation" : 14
  }, {
    "shape" : "29a256fe-c0fe-4023-b0dd-9b2d26002ee1",
    "color" : "#008D36",
    "position" : {
      "x" : 0.0,
      "y" : -8.472136,
      "z" : -22.18034
    },
    "orientation" : 51
  }, {
    "shape" : "29a256fe-c0fe-4023-b0dd-9b2d26002ee1",
    "color" : "#008D36",
    "position" : {
      "x" : 22.18034,
      "y" : 0.0,
      "z" : 8.472136
    },
    "orientation" : 35
  }, {
    "shape" : "29a256fe-c0fe-4023-b0dd-9b2d26002ee1",
    "color" : "#008D36",
    "position" : {
      "x" : -22.18034,
      "y" : 0.0,
      "z" : -8.472136
    },
    "orientation" : 20
  }, {
    "shape" : "fd5d355f-7d88-4c88-8e47-b07d45be3c05",
    "color" : "#6C00C6",
    "position" : {
      "x" : 2.618034,
      "y" : -17.944271,
      "z" : -15.326238
    }
  }, {
    "shape" : "29a256fe-c0fe-4023-b0dd-9b2d26002ee1",
    "color" : "#008D36",
    "position" : {
      "x" : 0.0,
      "y" : 22.18034,
      "z" : -8.472136
    },
    "orientation" : 38
  }, {
    "shape" : "29a256fe-c0fe-4023-b0dd-9b2d26002ee1",
    "color" : "#008D36",
    "position" : {
      "x" : -22.18034,
      "y" : 0.0,
      "z" : -8.472136
    },
    "orientation" : 31
  }, {
    "shape" : "9f11cb54-cf0e-4d08-9a57-bc6e14223ea9",
    "color" : "#007695",
    "position" : {
      "x" : -11.09017,
      "y" : -4.236068,
      "z" : 20.562305
    },
    "orientation" : 9
  }, {
    "shape" : "29a256fe-c0fe-4023-b0dd-9b2d26002ee1",
    "color" : "#008D36",
    "position" : {
      "x" : 20.562305,
      "y" : -11.09017,
      "z" : 4.236068
    },
    "orientation" : 13
  }, {
    "shape" : "29a256fe-c0fe-4023-b0dd-9b2d26002ee1",
    "color" : "#008D36",
    "position" : {
      "x" : 0.0,
      "y" : 8.472136,
      "z" : -22.18034
    },
    "orientation" : 4
  }, {
    "shape" : "29a256fe-c0fe-4023-b0dd-9b2d26002ee1",
    "color" : "#008D36",
    "position" : {
      "x" : -17.944271,
      "y" : -15.326238,
      "z" : -2.618034
    },
    "orientation" : 18
  }, {
    "shape" : "fd5d355f-7d88-4c88-8e47-b07d45be3c05",
    "color" : "#6C00C6",
    "position" : {
      "x" : -8.472136,
      "y" : 0.0,
      "z" : 22.18034
    }
  }, {
    "shape" : "fd5d355f-7d88-4c88-8e47-b07d45be3c05",
    "color" : "#F0A000",
    "position" : {
      "x" : 0.0,
      "y" : -8.472136,
      "z" : 22.18034
    }
  }, {
    "shape" : "9f11cb54-cf0e-4d08-9a57-bc6e14223ea9",
    "color" : "#007695",
    "position" : {
      "x" : 4.236068,
      "y" : -20.562305,
      "z" : 11.09017
    },
    "orientation" : 53
  }, {
    "shape" : "fd5d355f-7d88-4c88-8e47-b07d45be3c05",
    "color" : "#6C00C6",
    "position" : {
      "x" : -22.18034,
      "y" : 8.472136,
      "z" : 0.0
    }
  }, {
    "shape" : "fd5d355f-7d88-4c88-8e47-b07d45be3c05",
    "color" : "#6C00C6",
    "position" : {
      "x" : -8.472136,
      "y" : 0.0,
      "z" : -22.18034
    }
  }, {
    "shape" : "29a256fe-c0fe-4023-b0dd-9b2d26002ee1",
    "color" : "#008D36",
    "position" : {
      "x" : -22.18034,
      "y" : -8.472136,
      "z" : 0.0
    },
    "orientation" : 7
  }, {
