{
  "polygons" : "true",
  "field" : "golden",
  "symmetry" : "icosahedral",
  "orientations" : [ [ 1.0, 0.0, 0.0, 0.0, 0.0, 1.0, 0.0, 0.0, 0.0, 0.0, 1.0, 0.0, 0.0, 0.0, 0.0, 1.0 ], [ 0.0, 0.0, 1.0, 0.0, 1.0, 0.0, 0.0, 0.0, 0.0, 1.0, 0.0, 0.0, 0.0, 0.0, 0.0, 1.0 ], [ 0.0, 1.0, 0.0, 0.0, 0.0, 0.0, 1.0, 0.0, 1.0, 0.0, 0.0, 0.0, 0.0, 0.0, 0.0, 1.0 ], [ 0.809017, 0.309017, 0.5, 0.0, 0.309017, 0.5, -0.809017, 0.0, -0.5, 0.809017, 0.309017, 0.0, 0.0, 0.0, 0.0, 1.0 ], [ -0.5, 0.809017, 0.309017, 0.0, 0.809017, 0.309017, 0.5, 0.0, 0.309017, 0.5, -0.809017, 0.0, 0.0, 0.0, 0.0, 1.0 ], [ 0.309017, 0.5, -0.809017, 0.0, -0.5, 0.809017, 0.309017, 0.0, 0.809017, 0.309017, 0.5, 0.0, 0.0, 0.0, 0.0, 1.0 ], [ 0.5, 0.809017, 0.309017, 0.0, 0.809017, -0.309017, -0.5, 0.0, -0.309017, 0.5, -0.809017, 0.0, 0.0, 0.0, 0.0, 1.0 ], [ -0.309017, 0.5, -0.809017, 0.0, 0.5, 0.809017, 0.309017, 0.0, 0.809017, -0.309017, -0.5, 0.0, 0.0, 0.0, 0.0, 1.0 ], [ 0.809017, -0.309017, -0.5, 0.0, -0.309017, 0.5, -0.809017, 0.0, 0.5, 0.809017, 0.309017, 0.0, 0.0, 0.0, 0.0, 1.0 ], [ 0.5, 0.809017, -0.309017, 0.0, 0.809017, -0.309017, 0.5, 0.0, 0.309017, -0.5, -0.809017, 0.0, 0.0, 0.0, 0.0, 1.0 ], [ 0.309017, -0.5, -0.809017, 0.0, 0.5, 0.809017, -0.309017, 0.0, 0.809017, -0.309017, 0.5, 0.0, 0.0, 0.0, 0.0, 1.0 ], [ 0.809017, -0.309017, 0.5, 0.0, 0.309017, -0.5, -0.809017, 0.0, 0.5, 0.809017, -0.309017, 0.0, 0.0, 0.0, 0.0, 1.0 ], [ 0.809017, 0.309017, -0.5, 0.0, 0.309017, 0.5, 0.809017, 0.0, 0.5, -0.809017, 0.309017, 0.0, 0.0, 0.0, 0.0, 1.0 ], [ 0.5, -0.809017, 0.309017, 0.0, 0.809017, 0.309017, -0.5, 0.0, 0.309017, 0.5, 0.809017, 0.0, 0.0, 0.0, 0.0, 1.0 ], [ 0.309017, 0.5, 0.809017, 0.0, 0.5, -0.809017, 0.309017, 0.0, 0.809017, 0.309017, -0.5, 0.0, 0.0, 0.0, 0.0, 1.0 ], [ 1.0, 0.0, 0.0, 0.0, 0.0, -1.0, 0.0, 0.0, 0.0, 0.0, -1.0, 0.0, 0.0, 0.0, 0.0, 1.0 ], [ 0.0, 0.0, 1.0, 0.0, -1.0, 0.0, 0.0, 0.0, 0.0, -1.0, 0.0, 0.0, 0.0, 0.0, 0.0, 1.0 ], [ 0.0, 1.0, 0.0, 0.0, 0.0, 0.0, -1.0, 0.0, -1.0, 0.0, 0.0, 0.0, 0.0, 0.0, 0.0, 1.0 ], [ 0.809017, 0.309017, 0.5, 0.0, -0.309017, -0.5, 0.809017, 0.0, 0.5, -0.809017, -0.309017, 0.0, 0.0, 0.0, 0.0, 1.0 ], [ -0.5, 0.809017, 0.309017, 0.0, -0.809017, -0.309017, -0.5, 0.0, -0.309017, -0.5, 0.809017, 0.0, 0.0, 0.0, 0.0, 1.0 ], [ 0.309017, 0.5, -0.809017, 0.0, 0.5, -0.809017, -0.309017, 0.0, -0.809017, -0.309017, -0.5, 0.0, 0.0, 0.0, 0.0, 1.0 ], [ 0.5, 0.809017, 0.309017, 0.0, -0.809017, 0.309017, 0.5, 0.0, 0.309017, -0.5, 0.809017, 0.0, 0.0, 0.0, 0.0, 1.0 ], [ -0.309017, 0.5, -0.809017, 0.0, -0.5, -0.809017, -0.309017, 0.0, -0.809017, 0.309017, 0.5, 0.0, 0.0, 0.0, 0.0, 1.0 ], [ 0.809017, -0.309017, -0.5, 0.0, 0.309017, -0.5, 0.809017, 0.0, -0.5, -0.809017, -0.309017, 0.0, 0.0, 0.0, 0.0, 1.0 ], [ 0.5, 0.809017, -0.309017, 0.0, -0.809017, 0.309017, -0.5, 0.0, -0.309017, 0.5, 0.809017, 0.0, 0.0, 0.0, 0.0, 1.0 ], [ 0.309017, -0.5, -0.809017, 0.0, -0.5, -0.809017, 0.309017, 0.0, -0.809017, 0.309017, -0.5, 0.0, 0.0, 0.0, 0.0, 1.0 ], [ 0.809017, -0.309017, 0.5, 0.0, -0.309017, 0.5, 0.809017, 0.0, -0.5, -0.809017, 0.309017, 0.0, 0.0, 0.0, 0.0, 1.0 ], [ 0.809017, 0.309017, -0.5, 0.0, -0.309017, -0.5, -0.809017, 0.0, -0.5, 0.809017, -0.309017, 0.0, 0.0, 0.0, 0.0, 1.0 ], [ 0.5, -0.809017, 0.309017, 0.0, -0.809017, -0.309017, 0.5, 0.0, -0.309017, -0.5, -0.809017, 0.0, 0.0, 0.0, 0.0, 1.0 ], [ 0.309017, 0.5, 0.809017, 0.0, -0.5, 0.809017, -0.309017, 0.0, -0.809017, -0.309017, 0.5, 0.0, 0.0, 0.0, 0.0, 1.0 ], [ -1.0, 0.0, 0.0, 0.0, 0.0, -1.0, 0.0, 0.0, 0.0, 0.0, 1.0, 0.0, 0.0, 0.0, 0.0, 1.0 ], [ 0.0, 0.0, -1.0, 0.0, -1.0, 0.0, 0.0, 0.0, 0.0, 1.0, 0.0, 0.0, 0.0, 0.0, 0.0, 1.0 ], [ 0.0, -1.0, 0.0, 0.0, 0.0, 0.0, -1.0, 0.0, 1.0, 0.0, 0.0, 0.0, 0.0, 0.0, 0.0, 1.0 ], [ -0.809017, -0.309017, -0.5, 0.0, -0.309017, -0.5, 0.809017, 0.0, -0.5, 0.809017, 0.309017, 0.0, 0.0, 0.0, 0.0, 1.0 ], [ 0.5, -0.809017, -0.309017, 0.0, -0.809017, -0.309017, -0.5, 0.0, 0.309017, 0.5, -0.809017, 0.0, 0.0, 0.0, 0.0, 1.0 ], [ -0.309017, -0.5, 0.809017, 0.0, 0.5, -0.809017, -0.309017, 0.0, 0.809017, 0.309017, 0.5, 0.0, 0.0, 0.0, 0.0, 1.0 ], [ -0.5, -0.809017, -0.309017, 0.0, -0.809017, 0.309017, 0.5, 0.0, -0.309017, 0.5, -0.809017, 0.0, 0.0, 0.0, 0.0, 1.0 ], [ 0.309017, -0.5, 0.809017, 0.0, -0.5, -0.809017, -0.309017, 0.0, 0.809017, -0.309017, -0.5, 0.0, 0.0, 0.0, 0.0, 1.0 ], [ -0.809017, 0.309017, 0.5, 0.0, 0.309017, -0.5, 0.809017, 0.0, 0.5, 0.809017, 0.309017, 0.0, 0.0, 0.0, 0.0, 1.0 ], [ -0.5, -0.809017, 0.309017, 0.0, -0.809017, 0.309017, -0.5, 0.0, 0.309017, -0.5, -0.809017, 0.0, 0.0, 0.0, 0.0, 1.0 ], [ -0.309017, 0.5, 0.809017, 0.0, -0.5, -0.809017, 0.309017, 0.0, 0.809017, -0.309017, 0.5, 0.0, 0.0, 0.0, 0.0, 1.0 ], [ -0.809017, 0.309017, -0.5, 0.0, -0.309017, 0.5, 0.809017, 0.0, 0.5, 0.809017, -0.309017, 0.0, 0.0, 0.0, 0.0, 1.0 ], [ -0.809017, -0.309017, 0.5, 0.0, -0.309017, -0.5, -0.809017, 0.0, 0.5, -0.809017, 0.309017, 0.0, 0.0, 0.0, 0.0, 1.0 ], [ -0.5, 0.809017, -0.309017, 0.0, -0.809017, -0.309017, 0.5, 0.0, 0.309017, 0.5, 0.809017, 0.0, 0.0, 0.0, 0.0, 1.0 ], [ -0.309017, -0.5, -0.809017, 0.0, -0.5, 0.809017, -0.309017, 0.0, 0.809017, 0.309017, -0.5, 0.0, 0.0, 0.0, 0.0, 1.0 ], [ -1.0, 0.0, 0.0, 0.0, 0.0, 1.0, 0.0, 0.0, 0.0, 0.0, -1.0, 0.0, 0.0, 0.0, 0.0, 1.0 ], [ 0.0, 0.0, -1.0, 0.0, 1.0, 0.0, 0.0, 0.0, 0.0, -1.0, 0.0, 0.0, 0.0, 0.0, 0.0, 1.0 ], [ 0.0, -1.0, 0.0, 0.0, 0.0, 0.0, 1.0, 0.0, -1.0, 0.0, 0.0, 0.0, 0.0, 0.0, 0.0, 1.0 ], [ -0.809017, -0.309017, -0.5, 0.0, 0.309017, 0.5, -0.809017, 0.0, 0.5, -0.809017, -0.309017, 0.0, 0.0, 0.0, 0.0, 1.0 ], [ 0.5, -0.809017, -0.309017, 0.0, 0.809017, 0.309017, 0.5, 0.0, -0.309017, -0.5, 0.809017, 0.0, 0.0, 0.0, 0.0, 1.0 ], [ -0.309017, -0.5, 0.809017, 0.0, -0.5, 0.809017, 0.309017, 0.0, -0.809017, -0.309017, -0.5, 0.0, 0.0, 0.0, 0.0, 1.0 ], [ -0.5, -0.809017, -0.309017, 0.0, 0.809017, -0.309017, -0.5, 0.0, 0.309017, -0.5, 0.809017, 0.0, 0.0, 0.0, 0.0, 1.0 ], [ 0.309017, -0.5, 0.809017, 0.0, 0.5, 0.809017, 0.309017, 0.0, -0.809017, 0.309017, 0.5, 0.0, 0.0, 0.0, 0.0, 1.0 ], [ -0.809017, 0.309017, 0.5, 0.0, -0.309017, 0.5, -0.809017, 0.0, -0.5, -0.809017, -0.309017, 0.0, 0.0, 0.0, 0.0, 1.0 ], [ -0.5, -0.809017, 0.309017, 0.0, 0.809017, -0.309017, 0.5, 0.0, -0.309017, 0.5, 0.809017, 0.0, 0.0, 0.0, 0.0, 1.0 ], [ -0.309017, 0.5, 0.809017, 0.0, 0.5, 0.809017, -0.309017, 0.0, -0.809017, 0.309017, -0.5, 0.0, 0.0, 0.0, 0.0, 1.0 ], [ -0.809017, 0.309017, -0.5, 0.0, 0.309017, -0.5, -0.809017, 0.0, -0.5, -0.809017, 0.309017, 0.0, 0.0, 0.0, 0.0, 1.0 ], [ -0.809017, -0.309017, 0.5, 0.0, 0.309017, 0.5, 0.809017, 0.0, -0.5, 0.809017, -0.309017, 0.0, 0.0, 0.0, 0.0, 1.0 ], [ -0.5, 0.809017, -0.309017, 0.0, 0.809017, 0.309017, -0.5, 0.0, -0.309017, -0.5, -0.809017, 0.0, 0.0, 0.0, 0.0, 1.0 ], [ -0.309017, -0.5, -0.809017, 0.0, 0.5, -0.809017, 0.309017, 0.0, -0.809017, -0.309017, 0.5, 0.0, 0.0, 0.0, 0.0, 1.0 ] ],
  "lights" : {
    "directionalLights" : [ {
      "direction" : [ 1.0, -1.0, -1.0 ],
      "color" : "#EBEBE4"
    }, {
      "direction" : [ -1.0, 0.0, 0.0 ],
      "color" : "#E4E4EB"
    }, {
      "direction" : [ 0.0, 0.0, -1.0 ],
      "color" : "#1E1E1E"
    } ],
    "ambientColor" : "#292929",
    "backgroundColor" : "#AFC8DC"
  },
  "camera" : {
    "width" : 67.38158,
    "position" : {
      "x" : 48.28678,
      "y" : -74.10619,
      "z" : 120.821594
    },
    "perspective" : false,
    "farClipDistance" : 299.4737,
    "lookAtPoint" : {
      "x" : 0.0,
      "y" : 0.0,
      "z" : 0.0
    },
    "upDirection" : {
      "x" : 0.48878583,
      "y" : 0.81705296,
      "z" : 0.3057977
    },
    "lookDirection" : {
      "x" : -0.3224776,
      "y" : 0.49490955,
      "z" : -0.8068929
    },
    "lookAtPointRV" : {
      "x" : 0.0,
      "y" : 0.0,
      "z" : 0.0,
      "zero" : true
    },
    "fieldOfView" : 0.44262883,
    "lookDirectionRV" : {
      "x" : -0.3224776,
      "y" : 0.49490955,
      "z" : -0.8068929,
      "zero" : false
    },
    "viewDistance" : 149.73685,
    "upDirectionRV" : {
      "x" : 0.48878583,
      "y" : 0.81705296,
      "z" : 0.3057977,
      "zero" : false
    },
    "stereo" : false,
    "nearClipDistance" : 0.37434217
  },
  "embedding" : [ 1.0, 0.0, 0.0, 0.0, 0.0, 1.0, 0.0, 0.0, 0.0, 0.0, 1.0, 0.0, 0.0, 0.0, 0.0, 1.0 ],
  "shapes" : [ {
    "id" : "2c97ff13-184d-464a-9c67-fb4cdd82bb2c",
    "orbit" : "blue",
    "orbitC" : "[[0,0,1],[0,0,1]]",
    "length" : "[0,1,1]",
    "name" : "b2",
    "vertices" : [ {
      "x" : 1.0,
      "y" : 0.309017,
      "z" : 0.19098301
    }, {
      "x" : 1.0,
      "y" : -0.309017,
      "z" : 0.19098301
    }, {
      "x" : 12.708204,
      "y" : -0.309017,
      "z" : 0.19098301
    }, {
      "x" : 12.708204,
      "y" : 0.309017,
      "z" : 0.19098301
    }, {
      "x" : 12.708204,
      "y" : -0.309017,
      "z" : -0.19098301
    }, {
      "x" : 12.708204,
      "y" : 0.309017,
      "z" : -0.19098301
    }, {
      "x" : 13.326238,
      "y" : 0.0,
      "z" : 0.0
    }, {
      "x" : 0.38196602,
      "y" : 0.0,
      "z" : 0.0
    }, {
      "x" : 1.0,
      "y" : 0.309017,
      "z" : -0.19098301
    }, {
      "x" : 1.0,
      "y" : -0.309017,
      "z" : -0.19098301
    }, {
      "x" : 13.708204,
      "y" : 0.0,
      "z" : 0.0
    } ],
    "faces" : [ {
      "vertices" : [ 1, 9, 4, 2 ]
    }, {
      "vertices" : [ 0, 3, 5, 8 ]
    }, {
      "vertices" : [ 1, 7, 9 ]
    }, {
      "vertices" : [ 0, 1, 2, 3 ]
    }, {
      "vertices" : [ 7, 8, 9 ]
    }, {
      "vertices" : [ 0, 7, 1 ]
    }, {
      "vertices" : [ 4, 9, 8, 5 ]
    }, {
      "vertices" : [ 2, 6, 3 ]
    }, {
      "vertices" : [ 2, 4, 6 ]
    }, {
      "vertices" : [ 3, 6, 5 ]
    }, {
      "vertices" : [ 4, 5, 6 ]
    }, {
      "vertices" : [ 0, 8, 7 ]
    } ]
  }, {
    "id" : "c912965c-ff18-47fb-96a1-11d93dcc77d8",
    "name" : "ball",
    "vertices" : [ {
      "x" : 0.309017,
      "y" : -0.309017,
      "z" : -0.309017
    }, {
      "x" : 0.5,
      "y" : 0.0,
      "z" : -0.19098301
    }, {
      "x" : 0.5,
      "y" : 0.0,
      "z" : 0.19098301
    }, {
      "x" : 0.309017,
      "y" : -0.309017,
      "z" : 0.309017
    }, {
      "x" : 0.19098301,
      "y" : -0.5,
      "z" : 0.0
    }, {
      "x" : 0.0,
      "y" : 0.19098301,
      "z" : 0.5
    }, {
      "x" : 0.0,
      "y" : -0.19098301,
      "z" : 0.5
    }, {
      "x" : 0.309017,
      "y" : 0.309017,
      "z" : 0.309017
    }, {
      "x" : -0.309017,
      "y" : -0.309017,
      "z" : 0.309017
    }, {
      "x" : -0.309017,
      "y" : 0.309017,
      "z" : 0.309017
    }, {
      "x" : -0.5,
      "y" : 0.0,
      "z" : 0.19098301
    }, {
      "x" : 0.0,
      "y" : -0.19098301,
      "z" : -0.5
    }, {
      "x" : 0.0,
      "y" : 0.19098301,
      "z" : -0.5
    }, {
      "x" : 0.309017,
      "y" : 0.309017,
      "z" : -0.309017
    }, {
      "x" : -0.309017,
      "y" : -0.309017,
      "z" : -0.309017
    }, {
      "x" : -0.19098301,
      "y" : -0.5,
      "z" : 0.0
    }, {
      "x" : -0.5,
      "y" : 0.0,
      "z" : -0.19098301
    }, {
      "x" : 0.19098301,
      "y" : 0.5,
      "z" : 0.0
    }, {
      "x" : -0.309017,
      "y" : 0.309017,
      "z" : -0.309017
    }, {
      "x" : 0.0,
      "y" : 0.0,
      "z" : 0.0
    }, {
      "x" : -0.19098301,
      "y" : 0.5,
      "z" : 0.0
    } ],
    "faces" : [ {
      "vertices" : [ 12, 18, 20, 17, 13 ]
    }, {
      "vertices" : [ 3, 6, 8, 15, 4 ]
    }, {
      "vertices" : [ 0, 11, 12, 13, 1 ]
    }, {
      "vertices" : [ 5, 9, 10, 8, 6 ]
    }, {
      "vertices" : [ 2, 7, 5, 6, 3 ]
    }, {
      "vertices" : [ 11, 14, 16, 18, 12 ]
    }, {
      "vertices" : [ 1, 13, 17, 7, 2 ]
    }, {
      "vertices" : [ 9, 20, 18, 16, 10 ]
    }, {
      "vertices" : [ 0, 1, 2, 3, 4 ]
    }, {
      "vertices" : [ 5, 7, 17, 20, 9 ]
    }, {
      "vertices" : [ 0, 4, 15, 14, 11 ]
    }, {
      "vertices" : [ 8, 10, 16, 14, 15 ]
    } ]
  }, {
    "id" : "3b4f1341-9f7e-4252-bb09-a63a11518165",
    "orbit" : "0",
    "orbitC" : "[[1,0,2],[0,0,1]]",
    "length" : "[0,1,1]",
    "name" : "medium",
    "vertices" : [ {
      "x" : -11.812272,
      "y" : -5.7228026,
      "z" : -0.26666668
    }, {
      "x" : -11.712273,
      "y" : -5.6228027,
      "z" : 0.13333334
    }, {
      "x" : -0.44871795,
      "y" : -0.4076923,
      "z" : 0.26666668
    }, {
      "x" : -0.548718,
      "y" : -0.50769234,
      "z" : -0.13333334
    }, {
      "x" : -11.478939,
      "y" : -5.922803,
      "z" : 0.26666668
    }, {
      "x" : -11.578939,
      "y" : -6.022803,
      "z" : -0.13333334
    }, {
      "x" : -0.78205127,
      "y" : -0.20769231,
      "z" : -0.26666668
    }, {
      "x" : -0.6820513,
      "y" : -0.10769231,
      "z" : 0.13333334
    } ],
    "faces" : [ {
      "vertices" : [ 2, 3, 6, 7 ]
    }, {
      "vertices" : [ 0, 5, 4, 1 ]
    }, {
      "vertices" : [ 2, 4, 5, 3 ]
    }, {
      "vertices" : [ 0, 6, 3, 5 ]
    }, {
      "vertices" : [ 0, 1, 7, 6 ]
    }, {
      "vertices" : [ 1, 4, 2, 7 ]
    } ]
  }, {
    "id" : "08710fc1-6dcd-48a9-a848-a0444504691d",
    "vertices" : [ {
      "x" : 0.0,
      "y" : 0.0,
      "z" : 0.0
    }, {
      "x" : 6.854102,
      "y" : -11.09017,
      "z" : 4.236068
    }, {
      "x" : 11.09017,
      "y" : -17.944271,
      "z" : -6.854102
    }, {
      "x" : 6.854102,
      "y" : -11.09017,
      "z" : -17.944271
    }, {
      "x" : 0.0,
      "y" : 0.0,
      "z" : -13.708204
    } ],
    "faces" : [ {
      "vertices" : [ 0, 1, 2, 3, 4 ]
    }, {
      "vertices" : [ 0, 4, 3, 2, 1 ]
    } ]
  }, {
    "id" : "695018f6-83a2-4059-b9be-88196172f7b0",
    "vertices" : [ {
      "x" : 0.0,
      "y" : 0.0,
      "z" : 0.0
    }, {
      "x" : -6.854102,
      "y" : -11.09017,
      "z" : -4.236068
    }, {
      "x" : 1.1708204,
      "y" : -11.813777,
      "z" : 6.854102
    } ],
    "faces" : [ {
      "vertices" : [ 0, 1, 2 ]
    }, {
      "vertices" : [ 0, 2, 1 ]
    } ]
  }, {
    "id" : "c5e69545-5e1d-4b33-b89f-e59f80c4addb",
    "vertices" : [ {
      "x" : 0.0,
      "y" : 0.0,
      "z" : 0.0
    }, {
      "x" : 8.024922,
      "y" : -0.7236068,
      "z" : 11.09017
    }, {
      "x" : 6.854102,
      "y" : 11.09017,
      "z" : 4.236068
    } ],
    "faces" : [ {
      "vertices" : [ 0, 1, 2 ]
    }, {
      "vertices" : [ 0, 2, 1 ]
    } ]
  }, {
    "id" : "93d1d866-ee5d-42c9-8786-9cbc4e48997c",
    "vertices" : [ {
      "x" : 0.0,
      "y" : 0.0,
      "z" : 0.0
    }, {
      "x" : 0.0,
      "y" : -13.708204,
      "z" : 0.0
    }, {
      "x" : -4.236068,
      "y" : -6.854102,
      "z" : -11.09017
    } ],
    "faces" : [ {
      "vertices" : [ 0, 1, 2 ]
    }, {
      "vertices" : [ 0, 2, 1 ]
    } ]
  }, {
    "id" : "36e11d71-d53f-4fe7-b42f-5b45a58031d7",
    "vertices" : [ {
      "x" : 0.0,
      "y" : 0.0,
      "z" : 0.0
    }, {
      "x" : 6.854102,
      "y" : 11.09017,
      "z" : 4.236068
    }, {
      "x" : -1.1708204,
      "y" : 11.813777,
      "z" : -6.854102
    } ],
    "faces" : [ {
      "vertices" : [ 0, 1, 2 ]
    }, {
      "vertices" : [ 0, 2, 1 ]
    } ]
  }, {
    "id" : "c54a9ad1-78a9-4fa8-ba8a-041f52792b16",
    "vertices" : [ {
      "x" : 0.0,
      "y" : 0.0,
      "z" : 0.0
    }, {
      "x" : -8.024922,
      "y" : 0.7236068,
      "z" : -11.09017
    }, {
      "x" : -6.854102,
      "y" : -11.09017,
      "z" : -4.236068
    } ],
    "faces" : [ {
      "vertices" : [ 0, 1, 2 ]
    }, {
      "vertices" : [ 0, 2, 1 ]
    } ]
  }, {
    "id" : "bd57b554-1f57-4ee7-8407-cbb2a3fc7f58",
    "vertices" : [ {
      "x" : 0.0,
      "y" : 0.0,
      "z" : 0.0
    }, {
      "x" : -4.236068,
      "y" : 6.854102,
      "z" : -11.09017
    }, {
      "x" : 0.0,
      "y" : 13.708204,
      "z" : 0.0
    } ],
    "faces" : [ {
      "vertices" : [ 0, 1, 2 ]
    }, {
      "vertices" : [ 0, 2, 1 ]
    } ]
  }, {
    "id" : "cab75b54-8660-4f89-915a-1b4998898058",
    "vertices" : [ {
      "x" : 0.0,
      "y" : 0.0,
      "z" : 0.0
    }, {
      "x" : 4.236068,
      "y" : -6.854102,
      "z" : 11.09017
    }, {
      "x" : 0.0,
      "y" : -13.708204,
      "z" : 0.0
    } ],
    "faces" : [ {
      "vertices" : [ 0, 1, 2 ]
    }, {
      "vertices" : [ 0, 2, 1 ]
    } ]
  }, {
    "id" : "dc84debc-b785-48fe-b4e1-a3967b479d85",
    "vertices" : [ {
      "x" : 0.0,
      "y" : 0.0,
      "z" : 0.0
    }, {
      "x" : -4.236068,
      "y" : -6.854102,
      "z" : -11.09017
    }, {
      "x" : -4.236068,
      "y" : 6.854102,
      "z" : -11.09017
    } ],
    "faces" : [ {
      "vertices" : [ 0, 1, 2 ]
    }, {
      "vertices" : [ 0, 2, 1 ]
    } ]
  }, {
    "id" : "cbf9c788-64c9-44d9-9004-d5e3bbbf0834",
    "vertices" : [ {
      "x" : 0.0,
      "y" : 0.0,
      "z" : 0.0
    }, {
      "x" : 4.236068,
      "y" : 6.854102,
      "z" : 11.09017
    }, {
      "x" : 4.236068,
      "y" : -6.854102,
      "z" : 11.09017
    } ],
    "faces" : [ {
      "vertices" : [ 0, 1, 2 ]
    }, {
      "vertices" : [ 0, 2, 1 ]
    } ]
  }, {
    "id" : "070beceb-f084-4c4e-83be-95024b26b362",
    "vertices" : [ {
      "x" : 0.0,
      "y" : 0.0,
      "z" : 0.0
    }, {
      "x" : 1.1708204,
      "y" : -11.813777,
      "z" : 6.854102
    }, {
      "x" : 8.024922,
      "y" : -0.7236068,
      "z" : 11.09017
    } ],
    "faces" : [ {
      "vertices" : [ 0, 1, 2 ]
    }, {
      "vertices" : [ 0, 2, 1 ]
    } ]
  }, {
    "id" : "6081aecc-c49a-4e69-adbf-e15a93f4fda3",
    "vertices" : [ {
      "x" : 0.0,
      "y" : 0.0,
      "z" : 0.0
    }, {
      "x" : 0.0,
      "y" : 13.708204,
      "z" : 0.0
    }, {
      "x" : 4.236068,
      "y" : 6.854102,
      "z" : 11.09017
    } ],
    "faces" : [ {
      "vertices" : [ 0, 1, 2 ]
    }, {
      "vertices" : [ 0, 2, 1 ]
    } ]
  }, {
    "id" : "eb91317d-c4a0-4d98-aa46-fdfa99e46c38",
    "vertices" : [ {
      "x" : 0.0,
      "y" : 0.0,
      "z" : 0.0
    }, {
      "x" : 4.236068,
      "y" : -6.854102,
      "z" : -11.09017
    }, {
      "x" : 0.0,
      "y" : 0.0,
      "z" : -22.18034
    }, {
      "x" : -6.854102,
      "y" : 11.09017,
      "z" : -17.944271
    }, {
      "x" : -6.854102,
      "y" : 11.09017,
      "z" : -4.236068
    } ],
    "faces" : [ {
      "vertices" : [ 0, 1, 2, 3, 4 ]
    }, {
      "vertices" : [ 0, 4, 3, 2, 1 ]
    } ]
  }, {
    "id" : "f3f1106a-0f36-4d26-beaa-a1e343bdcd6b",
    "vertices" : [ {
      "x" : 0.0,
      "y" : 0.0,
      "z" : 0.0
    }, {
      "x" : 0.0,
      "y" : 0.0,
      "z" : 13.708204
    }, {
      "x" : 6.854102,
      "y" : -11.09017,
      "z" : 17.944271
    }, {
      "x" : 11.09017,
      "y" : -17.944271,
      "z" : 6.854102
    }, {
      "x" : 6.854102,
      "y" : -11.09017,
      "z" : -4.236068
    } ],
    "faces" : [ {
      "vertices" : [ 0, 1, 2, 3, 4 ]
    }, {
      "vertices" : [ 0, 4, 3, 2, 1 ]
    } ]
  }, {
    "id" : "36f6312d-2415-4bfc-ad21-8e747a7f1b9c",
    "vertices" : [ {
      "x" : 0.0,
      "y" : 0.0,
      "z" : 0.0
    }, {
      "x" : -1.1708204,
      "y" : 11.813777,
      "z" : -6.854102
    }, {
      "x" : -8.024922,
      "y" : 0.7236068,
      "z" : -11.09017
    } ],
    "faces" : [ {
      "vertices" : [ 0, 1, 2 ]
    }, {
      "vertices" : [ 0, 2, 1 ]
    } ]
  }, {
    "id" : "903aa774-7b9b-495f-a52d-863b379f4f36",
    "orbit" : "blue",
    "orbitC" : "[[0,0,1],[0,0,1]]",
    "length" : "[1,0,1]",
    "name" : "b1",
    "vertices" : [ {
      "x" : 1.0,
      "y" : 0.309017,
      "z" : 0.19098301
    }, {
      "x" : 1.0,
      "y" : -0.309017,
      "z" : 0.19098301
    }, {
      "x" : 7.472136,
      "y" : -0.309017,
      "z" : 0.19098301
    }, {
      "x" : 7.472136,
      "y" : 0.309017,
      "z" : 0.19098301
    }, {
      "x" : 7.472136,
      "y" : -0.309017,
      "z" : -0.19098301
    }, {
      "x" : 7.472136,
      "y" : 0.309017,
      "z" : -0.19098301
    }, {
      "x" : 8.09017,
      "y" : 0.0,
      "z" : 0.0
    }, {
      "x" : 0.38196602,
      "y" : 0.0,
      "z" : 0.0
    }, {
      "x" : 1.0,
      "y" : 0.309017,
      "z" : -0.19098301
    }, {
      "x" : 1.0,
      "y" : -0.309017,
      "z" : -0.19098301
    }, {
      "x" : 8.472136,
      "y" : 0.0,
      "z" : 0.0
    } ],
    "faces" : [ {
      "vertices" : [ 1, 9, 4, 2 ]
    }, {
      "vertices" : [ 0, 3, 5, 8 ]
    }, {
      "vertices" : [ 1, 7, 9 ]
    }, {
      "vertices" : [ 0, 1, 2, 3 ]
    }, {
      "vertices" : [ 7, 8, 9 ]
    }, {
      "vertices" : [ 0, 7, 1 ]
    }, {
      "vertices" : [ 4, 9, 8, 5 ]
    }, {
      "vertices" : [ 2, 6, 3 ]
    }, {
      "vertices" : [ 2, 4, 6 ]
    }, {
      "vertices" : [ 3, 6, 5 ]
    }, {
      "vertices" : [ 4, 5, 6 ]
    }, {
      "vertices" : [ 0, 8, 7 ]
    } ]
  }, {
    "id" : "f19fb265-8c19-4baf-9a95-bde59bb61834",
    "vertices" : [ {
      "x" : 0.0,
      "y" : 0.0,
      "z" : 0.0
    }, {
      "x" : 2.618034,
      "y" : -4.236068,
      "z" : 6.854102
    }, {
      "x" : 0.0,
      "y" : -8.472136,
      "z" : 0.0
    } ],
    "faces" : [ {
      "vertices" : [ 0, 1, 2 ]
    }, {
      "vertices" : [ 0, 2, 1 ]
    } ]
  }, {
    "id" : "70d09ac0-8111-46eb-9e3f-11019d95860a",
    "vertices" : [ {
      "x" : 0.0,
      "y" : 0.0,
      "z" : 0.0
    }, {
      "x" : 0.0,
      "y" : -8.472136,
      "z" : 0.0
    }, {
      "x" : -2.618034,
      "y" : -4.236068,
      "z" : -6.854102
    } ],
    "faces" : [ {
      "vertices" : [ 0, 1, 2 ]
    }, {
      "vertices" : [ 0, 2, 1 ]
    } ]
  }, {
    "id" : "08093f13-6043-4a4b-9f69-2b278953b92b",
    "vertices" : [ {
      "x" : 0.0,
      "y" : 0.0,
      "z" : 0.0
    }, {
      "x" : 0.0,
      "y" : 0.0,
      "z" : -8.472136
    }, {
      "x" : 0.0,
      "y" : 8.472136,
      "z" : -8.472136
    }, {
      "x" : 0.0,
      "y" : 8.472136,
      "z" : 0.0
    } ],
    "faces" : [ {
      "vertices" : [ 0, 1, 2, 3 ]
    }, {
      "vertices" : [ 0, 3, 2, 1 ]
    } ]
  }, {
    "id" : "613704e5-739c-421c-8b62-a34d3b67c3e9",
    "vertices" : [ {
      "x" : 0.0,
      "y" : 0.0,
      "z" : 0.0
    }, {
      "x" : -2.618034,
      "y" : -4.236068,
      "z" : -6.854102
    }, {
      "x" : -2.618034,
      "y" : 4.236068,
      "z" : -6.854102
    } ],
    "faces" : [ {
      "vertices" : [ 0, 1, 2 ]
    }, {
      "vertices" : [ 0, 2, 1 ]
    } ]
  }, {
    "id" : "923a5437-0016-4623-ae56-1c97bef6b142",
    "vertices" : [ {
      "x" : 0.0,
      "y" : 0.0,
      "z" : 0.0
    }, {
      "x" : -2.618034,
      "y" : 4.236068,
      "z" : -6.854102
    }, {
      "x" : 0.0,
      "y" : 8.472136,
      "z" : 0.0
    } ],
    "faces" : [ {
      "vertices" : [ 0, 1, 2 ]
    }, {
      "vertices" : [ 0, 2, 1 ]
    } ]
  }, {
    "id" : "f1ecf587-b877-4210-95d7-bd03f46ddfc3",
    "vertices" : [ {
      "x" : 0.0,
      "y" : 0.0,
      "z" : 0.0
    }, {
      "x" : -4.236068,
      "y" : 6.854102,
      "z" : 2.618034
    }, {
      "x" : -4.236068,
      "y" : 6.854102,
      "z" : 11.09017
    }, {
      "x" : 0.0,
      "y" : 0.0,
      "z" : 13.708204
    }, {
      "x" : 2.618034,
      "y" : -4.236068,
      "z" : 6.854102
    } ],
    "faces" : [ {
      "vertices" : [ 0, 1, 2, 3, 4 ]
    }, {
      "vertices" : [ 0, 4, 3, 2, 1 ]
    } ]
  }, {
    "id" : "5423d7a4-4b2d-4b5e-8f75-4d03f7ab5e97",
    "vertices" : [ {
      "x" : 0.0,
      "y" : 0.0,
      "z" : 0.0
    }, {
      "x" : 2.618034,
      "y" : -4.236068,
      "z" : -6.854102
    }, {
      "x" : 0.0,
      "y" : 0.0,
      "z" : -13.708204
    }, {
      "x" : -4.236068,
      "y" : 6.854102,
      "z" : -11.09017
    }, {
      "x" : -4.236068,
      "y" : 6.854102,
      "z" : -2.618034
    } ],
    "faces" : [ {
      "vertices" : [ 0, 1, 2, 3, 4 ]
    }, {
      "vertices" : [ 0, 4, 3, 2, 1 ]
    } ]
  }, {
    "id" : "1634d2cb-1266-4568-ba61-a07d649c873c",
    "vertices" : [ {
      "x" : 0.0,
      "y" : 0.0,
      "z" : 0.0
    }, {
      "x" : 0.0,
      "y" : 8.472136,
      "z" : 0.0
    }, {
      "x" : 0.0,
      "y" : 8.472136,
      "z" : 8.472136
    }, {
      "x" : 0.0,
      "y" : 0.0,
      "z" : 8.472136
    } ],
    "faces" : [ {
      "vertices" : [ 0, 1, 2, 3 ]
    }, {
      "vertices" : [ 0, 3, 2, 1 ]
    } ]
  }, {
    "id" : "56c30558-fbc6-4633-b3ef-eeebfaa57de9",
    "vertices" : [ {
      "x" : 0.0,
      "y" : 0.0,
      "z" : 0.0
    }, {
      "x" : 2.618034,
      "y" : 4.236068,
      "z" : 6.854102
    }, {
      "x" : 2.618034,
      "y" : -4.236068,
      "z" : 6.854102
    } ],
    "faces" : [ {
      "vertices" : [ 0, 1, 2 ]
    }, {
      "vertices" : [ 0, 2, 1 ]
    } ]
  }, {
    "id" : "5f667a89-93a6-430f-8a40-6b70c10034d8",
    "vertices" : [ {
      "x" : 0.0,
      "y" : 0.0,
      "z" : 0.0
    }, {
      "x" : 0.0,
      "y" : 0.0,
      "z" : 8.472136
    }, {
      "x" : 4.236068,
      "y" : -6.854102,
      "z" : 11.09017
    }, {
      "x" : 6.854102,
      "y" : -11.09017,
      "z" : 4.236068
    }, {
      "x" : 4.236068,
      "y" : -6.854102,
      "z" : -2.618034
    } ],
    "faces" : [ {
      "vertices" : [ 0, 1, 2, 3, 4 ]
    }, {
      "vertices" : [ 0, 4, 3, 2, 1 ]
    } ]
  } ],
  "instances" : [ {
    "shape" : "2c97ff13-184d-464a-9c67-fb4cdd82bb2c",
    "color" : "#007695",
    "position" : {
      "x" : -1.309017,
      "y" : -2.118034,
      "z" : -14.5172205
    },
    "orientation" : 40
  }, {
    "shape" : "c912965c-ff18-47fb-96a1-11d93dcc77d8",
    "color" : "#F2F2F2",
    "position" : {
      "x" : -12.399187,
      "y" : 2.118034,
      "z" : -7.663119
    }
  }, {
    "shape" : "3b4f1341-9f7e-4252-bb09-a63a11518165",
    "color" : "#B8860B",
    "position" : {
      "x" : -1.309017,
      "y" : -2.118034,
      "z" : -14.5172205
    },
    "orientation" : 56
  }, {
    "shape" : "08710fc1-6dcd-48a9-a848-a0444504691d",
    "color" : "#D77F7F",
    "position" : {
      "x" : 12.399187,
      "y" : -2.118034,
      "z" : -14.5172205
    },
    "orientation" : 16
  }, {
    "shape" : "695018f6-83a2-4059-b9be-88196172f7b0",
    "color" : "#FFFFFF",
    "position" : {
      "x" : -1.309017,
      "y" : -2.118034,
      "z" : 7.663119
    },
    "orientation" : 34
  }, {
    "shape" : "695018f6-83a2-4059-b9be-88196172f7b0",
    "color" : "#FFFFFF",
    "position" : {
      "x" : 5.545085,
      "y" : 8.972136,
      "z" : -10.281153
    },
    "orientation" : 0
  }, {
    "shape" : "c912965c-ff18-47fb-96a1-11d93dcc77d8",
    "color" : "#F2F2F2",
    "position" : {
      "x" : -5.545085,
      "y" : -8.972136,
      "z" : 10.281153
    }
  }, {
    "shape" : "c912965c-ff18-47fb-96a1-11d93dcc77d8",
    "color" : "#F2F2F2",
    "position" : {
      "x" : -12.399187,
      "y" : 2.118034,
      "z" : 14.5172205
    }
  }, {
    "shape" : "2c97ff13-184d-464a-9c67-fb4cdd82bb2c",
    "color" : "#007695",
    "position" : {
      "x" : 12.399187,
      "y" : -2.118034,
      "z" : 7.663119
    },
    "orientation" : 45
  }, {
    "shape" : "3b4f1341-9f7e-4252-bb09-a63a11518165",
    "color" : "#B8860B",
    "position" : {
      "x" : -5.545085,
      "y" : -8.972136,
      "z" : 10.281153
    },
    "orientation" : 34
  }, {
    "shape" : "c5e69545-5e1d-4b33-b89f-e59f80c4addb",
    "color" : "#FFFFFF",
    "position" : {
      "x" : -1.309017,
      "y" : -2.118034,
      "z" : 7.663119
    },
    "orientation" : 28
  }, {
    "shape" : "2c97ff13-184d-464a-9c67-fb4cdd82bb2c",
    "color" : "#007695",
    "position" : {
      "x" : 5.545085,
      "y" : 8.972136,
      "z" : -10.281153
    },
    "orientation" : 2
  }, {
    "shape" : "93d1d866-ee5d-42c9-8786-9cbc4e48997c",
    "color" : "#F7CF7F",
    "position" : {
      "x" : 1.309017,
      "y" : 2.118034,
      "z" : -7.663119
    },
    "orientation" : 17
  }, {
    "shape" : "2c97ff13-184d-464a-9c67-fb4cdd82bb2c",
    "color" : "#007695",
    "position" : {
      "x" : -5.545085,
      "y" : 13.208204,
      "z" : -3.427051
    },
    "orientation" : 41
  }, {
    "shape" : "36e11d71-d53f-4fe7-b42f-5b45a58031d7",
    "color" : "#FFFFFF",
    "position" : {
      "x" : -5.545085,
      "y" : -8.972136,
      "z" : -3.427051
    },
    "orientation" : 58
  }, {
    "shape" : "2c97ff13-184d-464a-9c67-fb4cdd82bb2c",
    "color" : "#007695",
    "position" : {
      "x" : -5.545085,
      "y" : -8.972136,
      "z" : 10.281153
    },
    "orientation" : 51
  }, {
    "shape" : "2c97ff13-184d-464a-9c67-fb4cdd82bb2c",
    "color" : "#007695",
    "position" : {
      "x" : 1.309017,
      "y" : 2.118034,
      "z" : 14.5172205
    },
    "orientation" : 36
  }, {
    "shape" : "c912965c-ff18-47fb-96a1-11d93dcc77d8",
    "color" : "#F2F2F2",
    "position" : {
      "x" : 12.399187,
      "y" : -2.118034,
      "z" : -14.5172205
    }
  }, {
    "shape" : "c54a9ad1-78a9-4fa8-ba8a-041f52792b16",
    "color" : "#FFFFFF",
    "position" : {
      "x" : 1.309017,
      "y" : 2.118034,
      "z" : -7.663119
    },
    "orientation" : 28
  }, {
    "shape" : "bd57b554-1f57-4ee7-8407-cbb2a3fc7f58",
    "color" : "#F7CF7F",
    "position" : {
      "x" : 1.309017,
      "y" : 2.118034,
      "z" : -7.663119
    },
    "orientation" : 3
  }, {
    "shape" : "cab75b54-8660-4f89-915a-1b4998898058",
    "color" : "#F7CF7F",
    "position" : {
      "x" : -1.309017,
      "y" : -2.118034,
      "z" : -14.5172205
    },
    "orientation" : 19
  }, {
    "shape" : "2c97ff13-184d-464a-9c67-fb4cdd82bb2c",
    "color" : "#007695",
    "position" : {
      "x" : -12.399187,
      "y" : 2.118034,
      "z" : -7.663119
    },
    "orientation" : 21
  }, {
    "shape" : "2c97ff13-184d-464a-9c67-fb4cdd82bb2c",
    "color" : "#007695",
    "position" : {
      "x" : -5.545085,
      "y" : 13.208204,
      "z" : -3.427051
    },
    "orientation" : 8
  }, {
    "shape" : "3b4f1341-9f7e-4252-bb09-a63a11518165",
    "color" : "#B8860B",
    "position" : {
      "x" : 1.309017,
      "y" : 2.118034,
      "z" : -7.663119
    },
    "orientation" : 26
  }, {
    "shape" : "c912965c-ff18-47fb-96a1-11d93dcc77d8",
    "color" : "#F2F2F2",
    "position" : {
      "x" : 6.715905,
      "y" : -2.8416407,
      "z" : -3.427051
    }
  }, {
    "shape" : "dc84debc-b785-48fe-b4e1-a3967b479d85",
    "color" : "#F7CF7F",
    "position" : {
      "x" : 5.545085,
      "y" : 8.972136,
      "z" : -10.281153
    },
    "orientation" : 6
  }, {
    "shape" : "3b4f1341-9f7e-4252-bb09-a63a11518165",
    "color" : "#B8860B",
    "position" : {
      "x" : 5.545085,
      "y" : 8.972136,
      "z" : -10.281153
    },
    "orientation" : 58
  }, {
    "shape" : "cbf9c788-64c9-44d9-9004-d5e3bbbf0834",
    "color" : "#F7CF7F",
    "position" : {
      "x" : -5.545085,
      "y" : -8.972136,
      "z" : 10.281153
    },
    "orientation" : 2
  }, {
    "shape" : "070beceb-f084-4c4e-83be-95024b26b362",
    "color" : "#FFFFFF",
    "position" : {
      "x" : -6.715905,
      "y" : 2.8416407,
      "z" : 3.427051
    },
    "orientation" : 34
  }, {
    "shape" : "2c97ff13-184d-464a-9c67-fb4cdd82bb2c",
    "color" : "#007695",
    "position" : {
      "x" : 5.545085,
      "y" : 8.972136,
      "z" : -10.281153
    },
    "orientation" : 24
  }, {
    "shape" : "c5e69545-5e1d-4b33-b89f-e59f80c4addb",
    "color" : "#FFFFFF",
    "position" : {
      "x" : 1.309017,
      "y" : 2.118034,
      "z" : 14.5172205
    },
    "orientation" : 58
  }, {
    "shape" : "2c97ff13-184d-464a-9c67-fb4cdd82bb2c",
    "color" : "#007695",
    "position" : {
      "x" : -5.545085,
      "y" : 13.208204,
      "z" : -3.427051
    },
    "orientation" : 26
  }, {
    "shape" : "6081aecc-c49a-4e69-adbf-e15a93f4fda3",
    "color" : "#F7CF7F",
    "position" : {
      "x" : -5.545085,
      "y" : -8.972136,
      "z" : -3.427051
    },
    "orientation" : 7
  }, {
    "shape" : "c912965c-ff18-47fb-96a1-11d93dcc77d8",
    "color" : "#F2F2F2",
    "position" : {
      "x" : 5.545085,
      "y" : 8.972136,
      "z" : -10.281153
    }
  }, {
    "shape" : "2c97ff13-184d-464a-9c67-fb4cdd82bb2c",
    "color" : "#007695",
    "position" : {
      "x" : -5.545085,
      "y" : 13.208204,
      "z" : -3.427051
    },
    "orientation" : 36
  }, {
    "shape" : "2c97ff13-184d-464a-9c67-fb4cdd82bb2c",
    "color" : "#007695",
    "position" : {
      "x" : 12.399187,
      "y" : -2.118034,
      "z" : -14.5172205
    },
    "orientation" : 37
  }, {
    "shape" : "eb91317d-c4a0-4d98-aa46-fdfa99e46c38",
    "color" : "#D77F7F",
    "position" : {
      "x" : 5.545085,
      "y" : 8.972136,
      "z" : 3.427051
    },
    "orientation" : 1
  }, {
    "shape" : "070beceb-f084-4c4e-83be-95024b26b362",
    "color" : "#FFFFFF",
    "position" : {
      "x" : -6.715905,
      "y" : 2.8416407,
      "z" : 3.427051
    },
    "orientation" : 0
  }, {
    "shape" : "6081aecc-c49a-4e69-adbf-e15a93f4fda3",
    "color" : "#F7CF7F",
    "position" : {
      "x" : -5.545085,
      "y" : -8.972136,
      "z" : 10.281153
    },
    "orientation" : 16
  }, {
    "shape" : "2c97ff13-184d-464a-9c67-fb4cdd82bb2c",
    "color" : "#007695",
    "position" : {
      "x" : 12.399187,
      "y" : -2.118034,
      "z" : 7.663119
    },
    "orientation" : 36
  }, {
    "shape" : "c912965c-ff18-47fb-96a1-11d93dcc77d8",
    "color" : "#F2F2F2",
    "position" : {
      "x" : 12.399187,
      "y" : -2.118034,
      "z" : 7.663119
    }
  }, {
    "shape" : "c912965c-ff18-47fb-96a1-11d93dcc77d8",
    "color" : "#F2F2F2",
    "position" : {
      "x" : 1.309017,
      "y" : 2.118034,
      "z" : -7.663119
    }
  }, {
    "shape" : "c912965c-ff18-47fb-96a1-11d93dcc77d8",
    "color" : "#F2F2F2",
    "position" : {
      "x" : -1.309017,
      "y" : -2.118034,
      "z" : -14.5172205
    }
  }, {
    "shape" : "2c97ff13-184d-464a-9c67-fb4cdd82bb2c",
    "color" : "#007695",
    "position" : {
      "x" : -5.545085,
      "y" : -8.972136,
      "z" : -3.427051
    },
    "orientation" : 8
  }, {
    "shape" : "2c97ff13-184d-464a-9c67-fb4cdd82bb2c",
    "color" : "#007695",
    "position" : {
      "x" : 5.545085,
      "y" : -13.208204,
      "z" : 3.427051
    },
    "orientation" : 23
  }, {
    "shape" : "cbf9c788-64c9-44d9-9004-d5e3bbbf0834",
    "color" : "#F7CF7F",
    "position" : {
      "x" : -1.309017,
      "y" : -2.118034,
      "z" : 7.663119
    },
    "orientation" : 39
  }, {
    "shape" : "2c97ff13-184d-464a-9c67-fb4cdd82bb2c",
    "color" : "#007695",
    "position" : {
      "x" : 1.309017,
      "y" : 2.118034,
      "z" : -7.663119
    },
    "orientation" : 10
  }, {
    "shape" : "3b4f1341-9f7e-4252-bb09-a63a11518165",
    "color" : "#B8860B",
    "position" : {
      "x" : 6.715905,
      "y" : -2.8416407,
      "z" : -3.427051
    },
    "orientation" : 26
  }, {
    "shape" : "c912965c-ff18-47fb-96a1-11d93dcc77d8",
    "color" : "#F2F2F2",
    "position" : {
      "x" : -16.635256,
      "y" : 8.972136,
      "z" : 3.427051
    }
  }, {
    "shape" : "2c97ff13-184d-464a-9c67-fb4cdd82bb2c",
    "color" : "#007695",
    "position" : {
      "x" : -12.399187,
      "y" : 2.118034,
      "z" : -7.663119
    },
    "orientation" : 7
  }, {
    "shape" : "2c97ff13-184d-464a-9c67-fb4cdd82bb2c",
    "color" : "#007695",
    "position" : {
      "x" : 5.545085,
      "y" : -13.208204,
      "z" : 3.427051
    },
    "orientation" : 38
  }, {
    "shape" : "2c97ff13-184d-464a-9c67-fb4cdd82bb2c",
    "color" : "#007695",
    "position" : {
      "x" : -5.545085,
      "y" : -8.972136,
      "z" : -3.427051
    },
    "orientation" : 6
  }, {
    "shape" : "2c97ff13-184d-464a-9c67-fb4cdd82bb2c",
    "color" : "#007695",
    "position" : {
      "x" : 5.545085,
      "y" : 8.972136,
      "z" : 3.427051
    },
    "orientation" : 21
  }, {
    "shape" : "2c97ff13-184d-464a-9c67-fb4cdd82bb2c",
    "color" : "#007695",
    "position" : {
      "x" : -1.309017,
      "y" : -2.118034,
      "z" : 7.663119
    },
    "orientation" : 6
  }, {
    "shape" : "c912965c-ff18-47fb-96a1-11d93dcc77d8",
    "color" : "#F2F2F2",
    "position" : {
      "x" : 5.545085,
      "y" : -13.208204,
      "z" : 3.427051
    }
  }, {
    "shape" : "2c97ff13-184d-464a-9c67-fb4cdd82bb2c",
    "color" : "#007695",
    "position" : {
      "x" : 5.545085,
      "y" : 8.972136,
      "z" : -10.281153
    },
    "orientation" : 36
  }, {
    "shape" : "2c97ff13-184d-464a-9c67-fb4cdd82bb2c",
    "color" : "#007695",
    "position" : {
      "x" : -16.635256,
      "y" : 8.972136,
      "z" : 3.427051
    },
    "orientation" : 37
  }, {
    "shape" : "2c97ff13-184d-464a-9c67-fb4cdd82bb2c",
    "color" : "#007695",
    "position" : {
      "x" : 1.309017,
      "y" : 2.118034,
      "z" : -7.663119
    },
    "orientation" : 45
  }, {
    "shape" : "3b4f1341-9f7e-4252-bb09-a63a11518165",
    "color" : "#B8860B",
    "position" : {
      "x" : 1.309017,
      "y" : 2.118034,
      "z" : 14.5172205
    },
    "orientation" : 8
  }, {
    "shape" : "c912965c-ff18-47fb-96a1-11d93dcc77d8",
    "color" : "#F2F2F2",
    "position" : {
      "x" : -6.715905,
      "y" : 2.8416407,
      "z" : 3.427051
    }
  }, {
    "shape" : "070beceb-f084-4c4e-83be-95024b26b362",
    "color" : "#FFFFFF",
    "position" : {
      "x" : -6.715905,
      "y" : 2.8416407,
      "z" : 3.427051
    },
    "orientation" : 8
  }, {
    "shape" : "2c97ff13-184d-464a-9c67-fb4cdd82bb2c",
    "color" : "#007695",
    "position" : {
      "x" : -5.545085,
      "y" : -8.972136,
      "z" : 10.281153
    },
    "orientation" : 47
  }, {
    "shape" : "2c97ff13-184d-464a-9c67-fb4cdd82bb2c",
    "color" : "#007695",
    "position" : {
      "x" : 12.399187,
      "y" : -2.118034,
      "z" : 7.663119
    },
    "orientation" : 38
  }, {
    "shape" : "2c97ff13-184d-464a-9c67-fb4cdd82bb2c",
    "color" : "#007695",
    "position" : {
      "x" : -5.545085,
      "y" : -8.972136,
      "z" : -3.427051
    },
    "orientation" : 10
  }, {
    "shape" : "c912965c-ff18-47fb-96a1-11d93dcc77d8",
    "color" : "#F2F2F2",
    "position" : {
      "x" : 16.635256,
      "y" : -8.972136,
      "z" : -3.427051
    }
  }, {
    "shape" : "2c97ff13-184d-464a-9c67-fb4cdd82bb2c",
    "color" : "#007695",
    "position" : {
      "x" : 1.309017,
      "y" : 2.118034,
      "z" : -7.663119
    },
    "orientation" : 51
  }, {
    "shape" : "2c97ff13-184d-464a-9c67-fb4cdd82bb2c",
    "color" : "#007695",
    "position" : {
      "x" : -1.309017,
      "y" : -2.118034,
      "z" : -14.5172205
    },
    "orientation" : 38
  }, {
    "shape" : "cbf9c788-64c9-44d9-9004-d5e3bbbf0834",
    "color" : "#F7CF7F",
    "position" : {
