{
  "polygons" : "true",
  "field" : "snubDodec",
  "symmetry" : "icosahedral",
  "orientations" : [ [ 1.0, 0.0, 0.0, 0.0, 0.0, 1.0, 0.0, 0.0, 0.0, 0.0, 1.0, 0.0, 0.0, 0.0, 0.0, 1.0 ], [ 0.0, 0.0, 1.0, 0.0, 1.0, 0.0, 0.0, 0.0, 0.0, 1.0, 0.0, 0.0, 0.0, 0.0, 0.0, 1.0 ], [ 0.0, 1.0, 0.0, 0.0, 0.0, 0.0, 1.0, 0.0, 1.0, 0.0, 0.0, 0.0, 0.0, 0.0, 0.0, 1.0 ], [ 0.809017, 0.309017, 0.5, 0.0, 0.309017, 0.5, -0.809017, 0.0, -0.5, 0.809017, 0.309017, 0.0, 0.0, 0.0, 0.0, 1.0 ], [ -0.5, 0.809017, 0.309017, 0.0, 0.809017, 0.309017, 0.5, 0.0, 0.309017, 0.5, -0.809017, 0.0, 0.0, 0.0, 0.0, 1.0 ], [ 0.309017, 0.5, -0.809017, 0.0, -0.5, 0.809017, 0.309017, 0.0, 0.809017, 0.309017, 0.5, 0.0, 0.0, 0.0, 0.0, 1.0 ], [ 0.5, 0.809017, 0.309017, 0.0, 0.809017, -0.309017, -0.5, 0.0, -0.309017, 0.5, -0.809017, 0.0, 0.0, 0.0, 0.0, 1.0 ], [ -0.309017, 0.5, -0.809017, 0.0, 0.5, 0.809017, 0.309017, 0.0, 0.809017, -0.309017, -0.5, 0.0, 0.0, 0.0, 0.0, 1.0 ], [ 0.809017, -0.309017, -0.5, 0.0, -0.309017, 0.5, -0.809017, 0.0, 0.5, 0.809017, 0.309017, 0.0, 0.0, 0.0, 0.0, 1.0 ], [ 0.5, 0.809017, -0.309017, 0.0, 0.809017, -0.309017, 0.5, 0.0, 0.309017, -0.5, -0.809017, 0.0, 0.0, 0.0, 0.0, 1.0 ], [ 0.309017, -0.5, -0.809017, 0.0, 0.5, 0.809017, -0.309017, 0.0, 0.809017, -0.309017, 0.5, 0.0, 0.0, 0.0, 0.0, 1.0 ], [ 0.809017, -0.309017, 0.5, 0.0, 0.309017, -0.5, -0.809017, 0.0, 0.5, 0.809017, -0.309017, 0.0, 0.0, 0.0, 0.0, 1.0 ], [ 0.809017, 0.309017, -0.5, 0.0, 0.309017, 0.5, 0.809017, 0.0, 0.5, -0.809017, 0.309017, 0.0, 0.0, 0.0, 0.0, 1.0 ], [ 0.5, -0.809017, 0.309017, 0.0, 0.809017, 0.309017, -0.5, 0.0, 0.309017, 0.5, 0.809017, 0.0, 0.0, 0.0, 0.0, 1.0 ], [ 0.309017, 0.5, 0.809017, 0.0, 0.5, -0.809017, 0.309017, 0.0, 0.809017, 0.309017, -0.5, 0.0, 0.0, 0.0, 0.0, 1.0 ], [ 1.0, 0.0, 0.0, 0.0, 0.0, -1.0, 0.0, 0.0, 0.0, 0.0, -1.0, 0.0, 0.0, 0.0, 0.0, 1.0 ], [ 0.0, 0.0, 1.0, 0.0, -1.0, 0.0, 0.0, 0.0, 0.0, -1.0, 0.0, 0.0, 0.0, 0.0, 0.0, 1.0 ], [ 0.0, 1.0, 0.0, 0.0, 0.0, 0.0, -1.0, 0.0, -1.0, 0.0, 0.0, 0.0, 0.0, 0.0, 0.0, 1.0 ], [ 0.809017, 0.309017, 0.5, 0.0, -0.309017, -0.5, 0.809017, 0.0, 0.5, -0.809017, -0.309017, 0.0, 0.0, 0.0, 0.0, 1.0 ], [ -0.5, 0.809017, 0.309017, 0.0, -0.809017, -0.309017, -0.5, 0.0, -0.309017, -0.5, 0.809017, 0.0, 0.0, 0.0, 0.0, 1.0 ], [ 0.309017, 0.5, -0.809017, 0.0, 0.5, -0.809017, -0.309017, 0.0, -0.809017, -0.309017, -0.5, 0.0, 0.0, 0.0, 0.0, 1.0 ], [ 0.5, 0.809017, 0.309017, 0.0, -0.809017, 0.309017, 0.5, 0.0, 0.309017, -0.5, 0.809017, 0.0, 0.0, 0.0, 0.0, 1.0 ], [ -0.309017, 0.5, -0.809017, 0.0, -0.5, -0.809017, -0.309017, 0.0, -0.809017, 0.309017, 0.5, 0.0, 0.0, 0.0, 0.0, 1.0 ], [ 0.809017, -0.309017, -0.5, 0.0, 0.309017, -0.5, 0.809017, 0.0, -0.5, -0.809017, -0.309017, 0.0, 0.0, 0.0, 0.0, 1.0 ], [ 0.5, 0.809017, -0.309017, 0.0, -0.809017, 0.309017, -0.5, 0.0, -0.309017, 0.5, 0.809017, 0.0, 0.0, 0.0, 0.0, 1.0 ], [ 0.309017, -0.5, -0.809017, 0.0, -0.5, -0.809017, 0.309017, 0.0, -0.809017, 0.309017, -0.5, 0.0, 0.0, 0.0, 0.0, 1.0 ], [ 0.809017, -0.309017, 0.5, 0.0, -0.309017, 0.5, 0.809017, 0.0, -0.5, -0.809017, 0.309017, 0.0, 0.0, 0.0, 0.0, 1.0 ], [ 0.809017, 0.309017, -0.5, 0.0, -0.309017, -0.5, -0.809017, 0.0, -0.5, 0.809017, -0.309017, 0.0, 0.0, 0.0, 0.0, 1.0 ], [ 0.5, -0.809017, 0.309017, 0.0, -0.809017, -0.309017, 0.5, 0.0, -0.309017, -0.5, -0.809017, 0.0, 0.0, 0.0, 0.0, 1.0 ], [ 0.309017, 0.5, 0.809017, 0.0, -0.5, 0.809017, -0.309017, 0.0, -0.809017, -0.309017, 0.5, 0.0, 0.0, 0.0, 0.0, 1.0 ], [ -1.0, 0.0, 0.0, 0.0, 0.0, -1.0, 0.0, 0.0, 0.0, 0.0, 1.0, 0.0, 0.0, 0.0, 0.0, 1.0 ], [ 0.0, 0.0, -1.0, 0.0, -1.0, 0.0, 0.0, 0.0, 0.0, 1.0, 0.0, 0.0, 0.0, 0.0, 0.0, 1.0 ], [ 0.0, -1.0, 0.0, 0.0, 0.0, 0.0, -1.0, 0.0, 1.0, 0.0, 0.0, 0.0, 0.0, 0.0, 0.0, 1.0 ], [ -0.809017, -0.309017, -0.5, 0.0, -0.309017, -0.5, 0.809017, 0.0, -0.5, 0.809017, 0.309017, 0.0, 0.0, 0.0, 0.0, 1.0 ], [ 0.5, -0.809017, -0.309017, 0.0, -0.809017, -0.309017, -0.5, 0.0, 0.309017, 0.5, -0.809017, 0.0, 0.0, 0.0, 0.0, 1.0 ], [ -0.309017, -0.5, 0.809017, 0.0, 0.5, -0.809017, -0.309017, 0.0, 0.809017, 0.309017, 0.5, 0.0, 0.0, 0.0, 0.0, 1.0 ], [ -0.5, -0.809017, -0.309017, 0.0, -0.809017, 0.309017, 0.5, 0.0, -0.309017, 0.5, -0.809017, 0.0, 0.0, 0.0, 0.0, 1.0 ], [ 0.309017, -0.5, 0.809017, 0.0, -0.5, -0.809017, -0.309017, 0.0, 0.809017, -0.309017, -0.5, 0.0, 0.0, 0.0, 0.0, 1.0 ], [ -0.809017, 0.309017, 0.5, 0.0, 0.309017, -0.5, 0.809017, 0.0, 0.5, 0.809017, 0.309017, 0.0, 0.0, 0.0, 0.0, 1.0 ], [ -0.5, -0.809017, 0.309017, 0.0, -0.809017, 0.309017, -0.5, 0.0, 0.309017, -0.5, -0.809017, 0.0, 0.0, 0.0, 0.0, 1.0 ], [ -0.309017, 0.5, 0.809017, 0.0, -0.5, -0.809017, 0.309017, 0.0, 0.809017, -0.309017, 0.5, 0.0, 0.0, 0.0, 0.0, 1.0 ], [ -0.809017, 0.309017, -0.5, 0.0, -0.309017, 0.5, 0.809017, 0.0, 0.5, 0.809017, -0.309017, 0.0, 0.0, 0.0, 0.0, 1.0 ], [ -0.809017, -0.309017, 0.5, 0.0, -0.309017, -0.5, -0.809017, 0.0, 0.5, -0.809017, 0.309017, 0.0, 0.0, 0.0, 0.0, 1.0 ], [ -0.5, 0.809017, -0.309017, 0.0, -0.809017, -0.309017, 0.5, 0.0, 0.309017, 0.5, 0.809017, 0.0, 0.0, 0.0, 0.0, 1.0 ], [ -0.309017, -0.5, -0.809017, 0.0, -0.5, 0.809017, -0.309017, 0.0, 0.809017, 0.309017, -0.5, 0.0, 0.0, 0.0, 0.0, 1.0 ], [ -1.0, 0.0, 0.0, 0.0, 0.0, 1.0, 0.0, 0.0, 0.0, 0.0, -1.0, 0.0, 0.0, 0.0, 0.0, 1.0 ], [ 0.0, 0.0, -1.0, 0.0, 1.0, 0.0, 0.0, 0.0, 0.0, -1.0, 0.0, 0.0, 0.0, 0.0, 0.0, 1.0 ], [ 0.0, -1.0, 0.0, 0.0, 0.0, 0.0, 1.0, 0.0, -1.0, 0.0, 0.0, 0.0, 0.0, 0.0, 0.0, 1.0 ], [ -0.809017, -0.309017, -0.5, 0.0, 0.309017, 0.5, -0.809017, 0.0, 0.5, -0.809017, -0.309017, 0.0, 0.0, 0.0, 0.0, 1.0 ], [ 0.5, -0.809017, -0.309017, 0.0, 0.809017, 0.309017, 0.5, 0.0, -0.309017, -0.5, 0.809017, 0.0, 0.0, 0.0, 0.0, 1.0 ], [ -0.309017, -0.5, 0.809017, 0.0, -0.5, 0.809017, 0.309017, 0.0, -0.809017, -0.309017, -0.5, 0.0, 0.0, 0.0, 0.0, 1.0 ], [ -0.5, -0.809017, -0.309017, 0.0, 0.809017, -0.309017, -0.5, 0.0, 0.309017, -0.5, 0.809017, 0.0, 0.0, 0.0, 0.0, 1.0 ], [ 0.309017, -0.5, 0.809017, 0.0, 0.5, 0.809017, 0.309017, 0.0, -0.809017, 0.309017, 0.5, 0.0, 0.0, 0.0, 0.0, 1.0 ], [ -0.809017, 0.309017, 0.5, 0.0, -0.309017, 0.5, -0.809017, 0.0, -0.5, -0.809017, -0.309017, 0.0, 0.0, 0.0, 0.0, 1.0 ], [ -0.5, -0.809017, 0.309017, 0.0, 0.809017, -0.309017, 0.5, 0.0, -0.309017, 0.5, 0.809017, 0.0, 0.0, 0.0, 0.0, 1.0 ], [ -0.309017, 0.5, 0.809017, 0.0, 0.5, 0.809017, -0.309017, 0.0, -0.809017, 0.309017, -0.5, 0.0, 0.0, 0.0, 0.0, 1.0 ], [ -0.809017, 0.309017, -0.5, 0.0, 0.309017, -0.5, -0.809017, 0.0, -0.5, -0.809017, 0.309017, 0.0, 0.0, 0.0, 0.0, 1.0 ], [ -0.809017, -0.309017, 0.5, 0.0, 0.309017, 0.5, 0.809017, 0.0, -0.5, 0.809017, -0.309017, 0.0, 0.0, 0.0, 0.0, 1.0 ], [ -0.5, 0.809017, -0.309017, 0.0, 0.809017, 0.309017, -0.5, 0.0, -0.309017, -0.5, -0.809017, 0.0, 0.0, 0.0, 0.0, 1.0 ], [ -0.309017, -0.5, -0.809017, 0.0, 0.5, -0.809017, 0.309017, 0.0, -0.809017, -0.309017, 0.5, 0.0, 0.0, 0.0, 0.0, 1.0 ] ],
  "lights" : {
    "ambientColor" : "#292929",
    "backgroundColor" : "#AFC8DC",
    "directionalLights" : [ {
      "direction" : [ 1.0, -1.0, -1.0 ],
      "color" : "#EBEBE4"
    }, {
      "direction" : [ -1.0, 0.0, 0.0 ],
      "color" : "#E4E4EB"
    }, {
      "direction" : [ 0.0, 0.0, -1.0 ],
      "color" : "#1E1E1E"
    } ]
  },
  "camera" : {
    "viewDistance" : 108.73127,
    "fieldOfView" : 0.44262886,
    "upDirectionRV" : {
      "x" : 0.0,
      "y" : 1.0,
      "z" : 0.0,
      "zero" : false
    },
    "lookDirectionRV" : {
      "x" : 0.0,
      "y" : 0.0,
      "z" : -1.0,
      "zero" : false
    },
    "lookAtPointRV" : {
      "x" : 0.0,
      "y" : 0.0,
      "z" : 0.0,
      "zero" : true
    },
    "perspective" : false,
    "nearClipDistance" : 0.27182817,
    "lookDirection" : {
      "x" : 0.0,
      "y" : 0.0,
      "z" : -1.0
    },
    "lookAtPoint" : {
      "x" : 0.0,
      "y" : 0.0,
      "z" : 0.0
    },
    "upDirection" : {
      "x" : 0.0,
      "y" : 1.0,
      "z" : 0.0
    },
    "farClipDistance" : 217.46254,
    "stereo" : false,
    "width" : 48.92907,
    "position" : {
      "x" : 0.0,
      "y" : 0.0,
      "z" : 108.73127
    }
  },
  "embedding" : [ 1.0, 0.0, 0.0, 0.0, 0.0, 1.0, 0.0, 0.0, 0.0, 0.0, 1.0, 0.0, 0.0, 0.0, 0.0, 1.0 ],
  "shapes" : [ {
    "id" : "488ac0b8-af3f-4aed-8ca3-8ad0c94603f5",
    "vertices" : [ {
      "x" : 0.0,
      "y" : 0.0,
      "z" : 0.0
    }, {
      "x" : 1.1024884,
      "y" : 5.566637,
      "z" : -0.68137527
    }, {
      "x" : 5.3870916,
      "y" : 1.7838637,
      "z" : -0.68137527
    } ],
    "faces" : [ {
      "vertices" : [ 0, 1, 2 ]
    }, {
      "vertices" : [ 0, 2, 1 ]
    } ]
  }, {
    "id" : "9074fe6e-f666-4917-bed8-9c56a4cdee6b",
    "vertices" : [ {
      "x" : 0.0,
      "y" : 0.0,
      "z" : 0.0
    }, {
      "x" : 4.284603,
      "y" : -3.7827733,
      "z" : 0.0
    }, {
      "x" : -1.1024884,
      "y" : -5.566637,
      "z" : 0.68137527
    } ],
    "faces" : [ {
      "vertices" : [ 0, 1, 2 ]
    }, {
      "vertices" : [ 0, 2, 1 ]
    } ]
  }, {
    "id" : "5a1c0bc1-12e7-47ec-b46d-a5a92b2ea488",
    "vertices" : [ {
      "x" : 0.0,
      "y" : 0.0,
      "z" : 0.0
    }, {
      "x" : 0.68137527,
      "y" : -5.3870916,
      "z" : 1.7838637
    }, {
      "x" : -1.3240153,
      "y" : -4.3472786,
      "z" : -3.466317
    } ],
    "faces" : [ {
      "vertices" : [ 0, 1, 2 ]
    }, {
      "vertices" : [ 0, 2, 1 ]
    } ]
  }, {
    "id" : "8976cdab-3b45-4357-9405-b66d4138833c",
    "vertices" : [ {
      "x" : 0.0,
      "y" : 0.0,
      "z" : 0.0
    }, {
      "x" : -2.0053904,
      "y" : 1.0398133,
      "z" : -5.2501807
    }, {
      "x" : -0.68137527,
      "y" : 5.3870916,
      "z" : -1.7838637
    } ],
    "faces" : [ {
      "vertices" : [ 0, 1, 2 ]
    }, {
      "vertices" : [ 0, 2, 1 ]
    } ]
  }, {
    "id" : "dcb30bc5-31c5-4d84-a561-6f4920e3a39e",
    "vertices" : [ {
      "x" : 0.0,
      "y" : 0.0,
      "z" : 0.0
    }, {
      "x" : -5.3870916,
      "y" : -1.7838637,
      "z" : 0.68137527
    }, {
      "x" : -4.284603,
      "y" : 3.7827733,
      "z" : 0.0
    } ],
    "faces" : [ {
      "vertices" : [ 0, 1, 2 ]
    }, {
      "vertices" : [ 0, 2, 1 ]
    } ]
  }, {
    "id" : "1bac3095-b79d-49d6-bc6c-90a37842f3b0",
    "vertices" : [ {
      "x" : 0.0,
      "y" : 0.0,
      "z" : 0.0
    }, {
      "x" : -1.1689411,
      "y" : 1.8913866,
      "z" : 5.2653046
    }, {
      "x" : 1.1024884,
      "y" : -1.7838637,
      "z" : 9.007008
    }, {
      "x" : 3.6752503,
      "y" : -5.9466796,
      "z" : 6.0542026
    }, {
      "x" : 2.993875,
      "y" : -4.8441916,
      "z" : 0.4875659
    } ],
    "faces" : [ {
      "vertices" : [ 0, 1, 2, 3, 4 ]
    }, {
      "vertices" : [ 0, 4, 3, 2, 1 ]
    } ]
  }, {
    "id" : "bd8721ed-dbb8-4127-b453-876effc9477e",
    "vertices" : [ {
      "x" : 0.0,
      "y" : 0.0,
      "z" : 0.0
    }, {
      "x" : -2.993875,
      "y" : 4.8441916,
      "z" : -0.4875659
    }, {
      "x" : -4.162816,
      "y" : 6.735578,
      "z" : 4.7777386
    }, {
      "x" : -1.8913866,
      "y" : 3.0603278,
      "z" : 8.519442
    }, {
      "x" : 0.68137527,
      "y" : -1.1024884,
      "z" : 5.566637
    } ],
    "faces" : [ {
      "vertices" : [ 0, 1, 2, 3, 4 ]
    }, {
      "vertices" : [ 0, 4, 3, 2, 1 ]
    } ]
  }, {
    "id" : "d19db37c-277c-48f9-81e4-4e6cc395a042",
    "vertices" : [ {
      "x" : 0.0,
      "y" : 0.0,
      "z" : 0.0
    }, {
      "x" : 1.3240153,
      "y" : 4.3472786,
      "z" : 3.466317
    }, {
      "x" : 2.0053904,
      "y" : -1.0398133,
      "z" : 5.2501807
    } ],
    "faces" : [ {
      "vertices" : [ 0, 1, 2 ]
    }, {
      "vertices" : [ 0, 2, 1 ]
    } ]
  }, {
    "id" : "41196fcb-c5a8-42d9-9d12-00914dfcbe14",
    "vertices" : [ {
      "x" : 0.0,
      "y" : 0.0,
      "z" : 0.0
    }, {
      "x" : 2.2714295,
      "y" : -3.6752503,
      "z" : 3.741703
    }, {
      "x" : 4.8441916,
      "y" : -7.8380666,
      "z" : 0.7888982
    }, {
      "x" : 4.162816,
      "y" : -6.735578,
      "z" : -4.7777386
    }, {
      "x" : 1.1689411,
      "y" : -1.8913866,
      "z" : -5.2653046
    } ],
    "faces" : [ {
      "vertices" : [ 0, 1, 2, 3, 4 ]
    }, {
      "vertices" : [ 0, 4, 3, 2, 1 ]
    } ]
  }, {
    "id" : "4cf9e82e-167b-42f1-80df-cae0e9968041",
    "orbit" : "snubTriangle",
    "orbitC" : "[[72,9,4,36,-48,-6,71],[135,-63,-28,32,-90,42,71]]",
    "length" : "[18,27,0,0,-6,-9,2]",
    "name" : " :9 +27/2*phi -3*xi^2 -9/2*phi*xi^2",
    "vertices" : [ {
      "x" : -0.072386645,
      "y" : -1.5919402,
      "z" : -1.1643268
    }, {
      "x" : -0.19098301,
      "y" : -1.0,
      "z" : -0.309017
    }, {
      "x" : -0.38140365,
      "y" : -1.0919402,
      "z" : -1.3553097
    }, {
      "x" : -0.22152688,
      "y" : -3.2351823,
      "z" : -3.3386753
    }, {
      "x" : 0.15987678,
      "y" : -2.8342252,
      "z" : -2.7923825
    }, {
      "x" : -0.14914022,
      "y" : -2.3342252,
      "z" : -2.9833653
    }, {
      "x" : -0.072386645,
      "y" : -0.97390616,
      "z" : -1.5462928
    }, {
      "x" : 0.23663035,
      "y" : -1.4739062,
      "z" : -1.3553097
    }, {
      "x" : 0.08749013,
      "y" : -3.1171484,
      "z" : -3.529658
    }, {
      "x" : -0.14914022,
      "y" : -2.952259,
      "z" : -2.6013994
    }, {
      "x" : -0.4125099,
      "y" : -2.9261653,
      "z" : -3.8386753
    }, {
      "x" : -0.4581572,
      "y" : -2.452259,
      "z" : -2.7923825
    }, {
      "x" : 0.309017,
      "y" : -0.809017,
      "z" : -0.618034
    }, {
      "x" : 0.19098301,
      "y" : -1.0,
      "z" : -0.309017
    }, {
      "x" : -0.22152688,
      "y" : -3.9261653,
      "z" : -4.147692
    }, {
      "x" : -0.53054386,
      "y" : -3.1171484,
      "z" : -3.529658
    }, {
      "x" : -0.030543866,
      "y" : -2.9261653,
      "z" : -3.8386753
    }, {
      "x" : -0.309017,
      "y" : -0.809017,
      "z" : -0.618034
    }, {
      "x" : 0.0,
      "y" : -0.690983,
      "z" : -0.809017
    } ],
    "faces" : [ {
      "vertices" : [ 7, 12, 13 ]
    }, {
      "vertices" : [ 0, 1, 2 ]
    }, {
      "vertices" : [ 9, 11, 15 ]
    }, {
      "vertices" : [ 6, 18, 12 ]
    }, {
      "vertices" : [ 10, 15, 11 ]
    }, {
      "vertices" : [ 2, 17, 18, 6 ]
    }, {
      "vertices" : [ 0, 13, 1 ]
    }, {
      "vertices" : [ 0, 7, 13 ]
    }, {
      "vertices" : [ 1, 17, 2 ]
    }, {
      "vertices" : [ 0, 9, 4, 7 ]
    }, {
      "vertices" : [ 4, 5, 6, 7 ]
    }, {
      "vertices" : [ 0, 2, 11, 9 ]
    }, {
      "vertices" : [ 3, 8, 4, 9 ]
    }, {
      "vertices" : [ 2, 6, 5, 11 ]
    }, {
      "vertices" : [ 6, 12, 7 ]
    }, {
      "vertices" : [ 4, 16, 5 ]
    }, {
      "vertices" : [ 5, 10, 11 ]
    }, {
      "vertices" : [ 3, 9, 15 ]
    }, {
      "vertices" : [ 4, 8, 16 ]
    }, {
      "vertices" : [ 5, 16, 10 ]
    } ]
  }, {
    "id" : "9b40cb74-9e8a-4b4d-8c76-71d271b58ee3",
    "orbit" : "snubDiagonal",
    "orbitC" : "[[4,5,-18,16,-20,8,11],[21,-15,-34,18,-28,20,11]]",
    "length" : "[18,27,0,0,-6,-9,2]",
    "name" : " :9 +27/2*phi -3*xi^2 -9/2*phi*xi^2",
    "vertices" : [ {
      "x" : 3.4755864,
      "y" : -3.1647391,
      "z" : 0.309017
    }, {
      "x" : 1.5910302,
      "y" : -1.145898,
      "z" : -0.309017
    }, {
      "x" : 1.0,
      "y" : -0.309017,
      "z" : -0.19098301
    }, {
      "x" : 1.0,
      "y" : -0.309017,
      "z" : 0.19098301
    }, {
      "x" : 1.5910302,
      "y" : -1.145898,
      "z" : 0.309017
    }, {
      "x" : 3.5936203,
      "y" : -2.973756,
      "z" : 0.0
    }, {
      "x" : 3.075539,
      "y" : -2.4565353,
      "z" : -0.309017
    }, {
      "x" : 3.075539,
      "y" : -2.4565353,
      "z" : 0.309017
    }, {
      "x" : 3.4755864,
      "y" : -3.1647391,
      "z" : -0.309017
    }, {
      "x" : 2.693573,
      "y" : -2.6368752,
      "z" : -0.309017
    }, {
      "x" : 0.690983,
      "y" : -0.809017,
      "z" : 0.0
    }, {
      "x" : 1.2090641,
      "y" : -1.3262379,
      "z" : 0.309017
    }, {
      "x" : 0.809017,
      "y" : -0.618034,
      "z" : 0.309017
    }, {
      "x" : 3.2846034,
      "y" : -3.473756,
      "z" : -0.19098301
    }, {
      "x" : 1.2090641,
      "y" : -1.3262379,
      "z" : -0.309017
    }, {
      "x" : 3.2846034,
      "y" : -3.473756,
      "z" : 0.19098301
    }, {
      "x" : 2.693573,
      "y" : -2.6368752,
      "z" : 0.309017
    }, {
      "x" : 0.809017,
      "y" : -0.618034,
      "z" : -0.309017
    }, {
      "x" : 4.284603,
      "y" : -3.7827733,
      "z" : 0.0
    } ],
    "faces" : [ {
      "vertices" : [ 1, 14, 17 ]
    }, {
      "vertices" : [ 10, 11, 12 ]
    }, {
      "vertices" : [ 10, 14, 11 ]
    }, {
      "vertices" : [ 4, 11, 16, 7 ]
    }, {
      "vertices" : [ 10, 17, 14 ]
    }, {
      "vertices" : [ 1, 2, 3, 4 ]
    }, {
      "vertices" : [ 0, 5, 7 ]
    }, {
      "vertices" : [ 5, 6, 7 ]
    }, {
      "vertices" : [ 9, 16, 11, 14 ]
    }, {
      "vertices" : [ 1, 4, 7, 6 ]
    }, {
      "vertices" : [ 5, 8, 6 ]
    }, {
      "vertices" : [ 9, 13, 15, 16 ]
    }, {
      "vertices" : [ 6, 8, 9 ]
    }, {
      "vertices" : [ 0, 7, 16 ]
    }, {
      "vertices" : [ 4, 12, 11 ]
    }, {
      "vertices" : [ 1, 6, 9, 14 ]
    } ]
  }, {
    "id" : "a4c82ab9-f753-45c7-bb76-52d03cc4cb42",
    "orbit" : "snubPentagon",
    "orbitC" : "[[-38,23,6,-4,20,-12,1],[23,-15,-4,2,-12,8,1]]",
    "length" : "[18,27,0,0,-6,-9,2]",
    "name" : " :9 +27/2*phi -3*xi^2 -9/2*phi*xi^2",
    "vertices" : [ {
      "x" : 0.5316648,
      "y" : 0.5512347,
      "z" : 1.8189675
    }, {
      "x" : 0.0,
      "y" : 0.690983,
      "z" : 0.809017
    }, {
      "x" : -0.08636919,
      "y" : 0.5512347,
      "z" : 1.8189675
    }, {
      "x" : 0.99039227,
      "y" : 0.91150534,
      "z" : 4.566637
    }, {
      "x" : 0.68137527,
      "y" : 0.41150537,
      "z" : 4.75762
    }, {
      "x" : 0.3723583,
      "y" : 0.91150534,
      "z" : 4.566637
    }, {
      "x" : 0.7677445,
      "y" : 0.5512536,
      "z" : 3.7476692
    }, {
      "x" : 0.7677445,
      "y" : 0.9332197,
      "z" : 3.7476692
    }, {
      "x" : 0.68137527,
      "y" : 1.1024884,
      "z" : 5.566637
    }, {
      "x" : 0.14971048,
      "y" : 0.5512536,
      "z" : 3.7476692
    }, {
      "x" : 0.14971048,
      "y" : 0.9332197,
      "z" : 3.7476692
    }, {
      "x" : -0.08636919,
      "y" : 0.16926871,
      "z" : 1.8189675
    }, {
      "x" : 0.5316648,
      "y" : 0.16926871,
      "z" : 1.8189675
    }, {
      "x" : 0.309017,
      "y" : 0.19098301,
      "z" : 1.0
    }, {
      "x" : -0.309017,
      "y" : 0.19098301,
      "z" : 1.0
    } ],
    "faces" : [ {
      "vertices" : [ 2, 11, 9, 10 ]
    }, {
      "vertices" : [ 0, 1, 2 ]
    }, {
      "vertices" : [ 6, 9, 11, 12 ]
    }, {
      "vertices" : [ 3, 4, 6 ]
    }, {
      "vertices" : [ 0, 13, 1 ]
    }, {
      "vertices" : [ 3, 6, 7 ]
    }, {
      "vertices" : [ 1, 14, 2 ]
    }, {
      "vertices" : [ 11, 14, 13, 12 ]
    }, {
      "vertices" : [ 4, 5, 9 ]
    }, {
      "vertices" : [ 4, 9, 6 ]
    }, {
      "vertices" : [ 0, 2, 10, 7 ]
    }, {
      "vertices" : [ 5, 10, 9 ]
    }, {
      "vertices" : [ 0, 12, 13 ]
    }, {
      "vertices" : [ 3, 7, 10, 5 ]
    }, {
      "vertices" : [ 0, 7, 6, 12 ]
    }, {
      "vertices" : [ 2, 14, 11 ]
    } ]
  }, {
    "id" : "668889d0-98a1-4c8a-8ea1-ab5a0c7aa2d8",
    "name" : "ball",
    "vertices" : [ {
      "x" : 0.309017,
      "y" : -0.809017,
      "z" : 0.618034
    }, {
      "x" : 0.809017,
      "y" : -0.618034,
      "z" : 0.309017
    }, {
      "x" : 0.618034,
      "y" : -0.309017,
      "z" : 0.809017
    }, {
      "x" : 1.0,
      "y" : 0.309017,
      "z" : 0.19098301
    }, {
      "x" : 0.809017,
      "y" : 0.618034,
      "z" : 0.309017
    }, {
      "x" : 0.618034,
      "y" : 0.309017,
      "z" : 0.809017
    }, {
      "x" : 0.809017,
      "y" : 0.0,
      "z" : 0.690983
    }, {
      "x" : 0.19098301,
      "y" : -1.0,
      "z" : 0.309017
    }, {
      "x" : -0.19098301,
      "y" : -1.0,
      "z" : 0.309017
    }, {
      "x" : -0.19098301,
      "y" : -1.0,
      "z" : -0.309017
    }, {
      "x" : 0.19098301,
      "y" : -1.0,
      "z" : -0.309017
    }, {
      "x" : 1.0,
      "y" : -0.309017,
      "z" : -0.19098301
    }, {
      "x" : 0.809017,
      "y" : -0.618034,
      "z" : -0.309017
    }, {
      "x" : 0.618034,
      "y" : -0.309017,
      "z" : -0.809017
    }, {
      "x" : 0.809017,
      "y" : 0.0,
      "z" : -0.690983
    }, {
      "x" : 0.0,
      "y" : 0.690983,
      "z" : -0.809017
    }, {
      "x" : 0.309017,
      "y" : 0.809017,
      "z" : -0.618034
    }, {
      "x" : 0.618034,
      "y" : 0.309017,
      "z" : -0.809017
    }, {
      "x" : 0.309017,
      "y" : 0.19098301,
      "z" : -1.0
    }, {
      "x" : 1.0,
      "y" : 0.309017,
      "z" : -0.19098301
    }, {
      "x" : -0.309017,
      "y" : -0.809017,
      "z" : 0.618034
    }, {
      "x" : 0.0,
      "y" : -0.690983,
      "z" : 0.809017
    }, {
      "x" : 0.809017,
      "y" : 0.618034,
      "z" : -0.309017
    }, {
      "x" : 0.690983,
      "y" : 0.809017,
      "z" : 0.0
    }, {
      "x" : -0.690983,
      "y" : 0.809017,
      "z" : 0.0
    }, {
      "x" : -0.809017,
      "y" : 0.618034,
      "z" : 0.309017
    }, {
      "x" : -0.309017,
      "y" : 0.809017,
      "z" : 0.618034
    }, {
      "x" : -0.19098301,
      "y" : 1.0,
      "z" : 0.309017
    }, {
      "x" : 0.309017,
      "y" : -0.19098301,
      "z" : -1.0
    }, {
      "x" : 0.19098301,
      "y" : 1.0,
      "z" : 0.309017
    }, {
      "x" : 0.309017,
      "y" : 0.809017,
      "z" : 0.618034
    }, {
      "x" : -0.809017,
      "y" : -0.618034,
      "z" : 0.309017
    }, {
      "x" : -0.690983,
      "y" : -0.809017,
      "z" : 0.0
    }, {
      "x" : 0.0,
      "y" : 0.690983,
      "z" : 0.809017
    }, {
      "x" : 0.309017,
      "y" : -0.809017,
      "z" : -0.618034
    }, {
      "x" : 0.0,
      "y" : -0.690983,
      "z" : -0.809017
    }, {
      "x" : -1.0,
      "y" : 0.309017,
      "z" : 0.19098301
    }, {
      "x" : -0.809017,
      "y" : 0.0,
      "z" : 0.690983
    }, {
      "x" : -0.618034,
      "y" : 0.309017,
      "z" : 0.809017
    }, {
      "x" : 1.0,
      "y" : -0.309017,
      "z" : 0.19098301
    }, {
      "x" : -0.309017,
      "y" : -0.809017,
      "z" : -0.618034
    }, {
      "x" : -1.0,
      "y" : 0.309017,
      "z" : -0.19098301
    }, {
      "x" : -1.0,
      "y" : -0.309017,
      "z" : -0.19098301
    }, {
      "x" : -1.0,
      "y" : -0.309017,
      "z" : 0.19098301
    }, {
      "x" : 0.19098301,
      "y" : 1.0,
      "z" : -0.309017
    }, {
      "x" : -0.809017,
      "y" : 0.618034,
      "z" : -0.309017
    }, {
      "x" : -0.19098301,
      "y" : 1.0,
      "z" : -0.309017
    }, {
      "x" : -0.309017,
      "y" : 0.809017,
      "z" : -0.618034
    }, {
      "x" : -0.618034,
      "y" : -0.309017,
      "z" : 0.809017
    }, {
      "x" : 0.309017,
      "y" : 0.19098301,
      "z" : 1.0
    }, {
      "x" : -0.309017,
      "y" : 0.19098301,
      "z" : -1.0
    }, {
      "x" : -0.309017,
      "y" : 0.19098301,
      "z" : 1.0
    }, {
      "x" : -0.309017,
      "y" : -0.19098301,
      "z" : 1.0
    }, {
      "x" : 0.309017,
      "y" : -0.19098301,
      "z" : 1.0
    }, {
      "x" : 0.690983,
      "y" : -0.809017,
      "z" : 0.0
    }, {
      "x" : -0.809017,
      "y" : 0.0,
      "z" : -0.690983
    }, {
      "x" : -0.618034,
      "y" : -0.309017,
      "z" : -0.809017
    }, {
      "x" : -0.309017,
      "y" : -0.19098301,
      "z" : -1.0
    }, {
      "x" : -0.618034,
      "y" : 0.309017,
      "z" : -0.809017
    }, {
      "x" : -0.809017,
      "y" : -0.618034,
      "z" : -0.309017
    } ],
    "faces" : [ {
      "vertices" : [ 9, 40, 35, 34, 10 ]
    }, {
      "vertices" : [ 0, 1, 2 ]
    }, {
      "vertices" : [ 33, 51, 49 ]
    }, {
      "vertices" : [ 25, 36, 37, 38 ]
    }, {
      "vertices" : [ 41, 55, 42 ]
    }, {
      "vertices" : [ 9, 32, 59, 40 ]
    }, {
      "vertices" : [ 20, 21, 52, 48 ]
    }, {
      "vertices" : [ 26, 33, 30, 29, 27 ]
    }, {
      "vertices" : [ 3, 4, 5, 6 ]
    }, {
      "vertices" : [ 27, 29, 44, 46 ]
    }, {
      "vertices" : [ 50, 57, 56, 55, 58 ]
    }, {
      "vertices" : [ 26, 38, 51, 33 ]
    }, {
      "vertices" : [ 45, 47, 58 ]
    }, {
      "vertices" : [ 18, 28, 57, 50 ]
    }, {
      "vertices" : [ 40, 59, 56 ]
    }, {
      "vertices" : [ 31, 48, 37, 43 ]
    }, {
      "vertices" : [ 7, 8, 9, 10 ]
    }, {
      "vertices" : [ 36, 41, 42, 43 ]
    }, {
      "vertices" : [ 24, 46, 47, 45 ]
    }, {
      "vertices" : [ 4, 30, 5 ]
    }, {
      "vertices" : [ 15, 47, 46, 44, 16 ]
    }, {
      "vertices" : [ 15, 50, 58, 47 ]
    }, {
      "vertices" : [ 24, 45, 41, 36, 25 ]
    }, {
      "vertices" : [ 11, 14, 19 ]
    }, {
      "vertices" : [ 3, 6, 39 ]
    }, {
      "vertices" : [ 1, 39, 6, 2 ]
    }, {
      "vertices" : [ 8, 32, 9 ]
    }, {
      "vertices" : [ 11, 12, 13, 14 ]
    }, {
      "vertices" : [ 16, 22, 17 ]
    }, {
      "vertices" : [ 0, 21, 20, 8, 7 ]
    }, {
      "vertices" : [ 12, 34, 13 ]
    }, {
      "vertices" : [ 35, 40, 56, 57 ]
    }, {
      "vertices" : [ 0, 7, 54, 1 ]
    }, {
      "vertices" : [ 15, 16, 17, 18 ]
    }, {
      "vertices" : [ 3, 19, 22, 23, 4 ]
    }, {
      "vertices" : [ 7, 10, 54 ]
    }, {
      "vertices" : [ 41, 45, 58, 55 ]
    }, {
      "vertices" : [ 3, 39, 11, 19 ]
    }, {
      "vertices" : [ 14, 17, 22, 19 ]
    }, {
      "vertices" : [ 0, 2, 53, 21 ]
    }, {
      "vertices" : [ 49, 51, 52, 53 ]
    }, {
      "vertices" : [ 31, 43, 42, 59, 32 ]
    }, {
      "vertices" : [ 15, 18, 50 ]
    }, {
      "vertices" : [ 42, 55, 56, 59 ]
    }, {
      "vertices" : [ 4, 23, 29, 30 ]
    }, {
      "vertices" : [ 25, 38, 26 ]
    }, {
      "vertices" : [ 13, 28, 18, 17, 14 ]
    }, {
      "vertices" : [ 8, 20, 31, 32 ]
    }, {
      "vertices" : [ 23, 44, 29 ]
    }, {
      "vertices" : [ 24, 27, 46 ]
    }, {
      "vertices" : [ 37, 48, 52, 51, 38 ]
    }, {
      "vertices" : [ 20, 48, 31 ]
    }, {
      "vertices" : [ 24, 25, 26, 27 ]
    }, {
      "vertices" : [ 16, 44, 23, 22 ]
    }, {
      "vertices" : [ 13, 34, 35, 28 ]
    }, {
      "vertices" : [ 10, 34, 12, 54 ]
    }, {
      "vertices" : [ 2, 6, 5, 49, 53 ]
    }, {
      "vertices" : [ 36, 43, 37 ]
    }, {
      "vertices" : [ 5, 30, 33, 49 ]
    }, {
      "vertices" : [ 1, 54, 12, 11, 39 ]
    }, {
      "vertices" : [ 28, 35, 57 ]
    }, {
      "vertices" : [ 21, 53, 52 ]
    } ]
  } ],
  "instances" : [ {
    "shape" : "488ac0b8-af3f-4aed-8ca3-8ad0c94603f5",
    "color" : "#EBEBE7",
    "position" : {
      "x" : 7.141567,
      "y" : 9.980368,
      "z" : 1.1024884
    },
    "orientation" : 56
  }, {
    "shape" : "488ac0b8-af3f-4aed-8ca3-8ad0c94603f5",
    "color" : "#EBEBE7",
    "position" : {
      "x" : 6.3051176,
      "y" : 4.8441916,
      "z" : 9.412996
    },
    "orientation" : 20
  }, {
    "shape" : "488ac0b8-af3f-4aed-8ca3-8ad0c94603f5",
    "color" : "#EBEBE7",
    "position" : {
      "x" : -11.304383,
      "y" : -3.24479,
      "z" : -3.6752503
    },
    "orientation" : 1
  }, {
    "shape" : "9074fe6e-f666-4917-bed8-9c56a4cdee6b",
    "color" : "#EBEBE7",
    "position" : {
      "x" : 9.412996,
      "y" : -6.3051176,
      "z" : -4.8441916
    },
    "orientation" : 59
  }, {
    "shape" : "5a1c0bc1-12e7-47ec-b46d-a5a92b2ea488",
    "color" : "#FFD98C",
    "position" : {
      "x" : -3.6752503,
      "y" : -11.304383,
      "z" : -3.24479
    },
    "orientation" : 16
  }, {
    "shape" : "488ac0b8-af3f-4aed-8ca3-8ad0c94603f5",
    "color" : "#EBEBE7",
    "position" : {
      "x" : -1.8913866,
      "y" : 11.985759,
      "z" : -2.1423016
    },
    "orientation" : 42
  }, {
    "shape" : "8976cdab-3b45-4357-9405-b66d4138833c",
    "color" : "#FFD98C",
    "position" : {
      "x" : -8.310509,
      "y" : 8.088982,
      "z" : 4.162816
    },
    "orientation" : 4
  }, {
    "shape" : "dcb30bc5-31c5-4d84-a561-6f4920e3a39e",
    "color" : "#EBEBE7",
    "position" : {
      "x" : 7.141567,
      "y" : 9.980368,
      "z" : 1.1024884
    },
    "orientation" : 27
  }, {
    "shape" : "9074fe6e-f666-4917-bed8-9c56a4cdee6b",
    "color" : "#EBEBE7",
    "position" : {
      "x" : -4.8441916,
      "y" : -9.412996,
      "z" : 6.3051176
    },
    "orientation" : 57
  }, {
    "shape" : "9074fe6e-f666-4917-bed8-9c56a4cdee6b",
    "color" : "#EBEBE7",
    "position" : {
      "x" : -9.412996,
      "y" : -6.3051176,
      "z" : 4.8441916
    },
    "orientation" : 14
  }, {
    "shape" : "1bac3095-b79d-49d6-bc6c-90a37842f3b0",
    "color" : "#EC888B",
    "position" : {
      "x" : -8.310509,
      "y" : 8.088982,
      "z" : 4.162816
    },
    "orientation" : 45
  }, {
    "shape" : "5a1c0bc1-12e7-47ec-b46d-a5a92b2ea488",
    "color" : "#FFD98C",
    "position" : {
      "x" : -4.162816,
      "y" : -8.310509,
      "z" : -8.088982
    },
    "orientation" : 19
  }, {
    "shape" : "bd8721ed-dbb8-4127-b453-876effc9477e",
    "color" : "#EC888B",
    "position" : {
      "x" : 3.24479,
      "y" : 3.6752503,
      "z" : -11.304383
    },
    "orientation" : 17
  }, {
    "shape" : "d19db37c-277c-48f9-81e4-4e6cc395a042",
    "color" : "#FFD98C",
    "position" : {
      "x" : 11.985759,
      "y" : 2.1423016,
      "z" : 1.8913866
    },
    "orientation" : 8
  }, {
    "shape" : "9074fe6e-f666-4917-bed8-9c56a4cdee6b",
    "color" : "#EBEBE7",
    "position" : {
      "x" : 7.141567,
      "y" : 9.980368,
      "z" : 1.1024884
    },
    "orientation" : 48
  }, {
    "shape" : "9074fe6e-f666-4917-bed8-9c56a4cdee6b",
    "color" : "#EBEBE7",
    "position" : {
      "x" : 11.304383,
      "y" : 3.24479,
      "z" : -3.6752503
    },
    "orientation" : 22
  }, {
    "shape" : "488ac0b8-af3f-4aed-8ca3-8ad0c94603f5",
    "color" : "#EBEBE7",
    "position" : {
      "x" : -4.8441916,
      "y" : -9.412996,
      "z" : 6.3051176
    },
    "orientation" : 4
  }, {
    "shape" : "bd8721ed-dbb8-4127-b453-876effc9477e",
    "color" : "#EC888B",
    "position" : {
      "x" : -11.304383,
      "y" : -3.24479,
      "z" : -3.6752503
    },
    "orientation" : 30
  }, {
    "shape" : "dcb30bc5-31c5-4d84-a561-6f4920e3a39e",
    "color" : "#EBEBE7",
    "position" : {
      "x" : 9.412996,
      "y" : -6.3051176,
      "z" : -4.8441916
    },
    "orientation" : 5
  }, {
    "shape" : "dcb30bc5-31c5-4d84-a561-6f4920e3a39e",
    "color" : "#EBEBE7",
    "position" : {
      "x" : 3.24479,
      "y" : 3.6752503,
      "z" : -11.304383
    },
    "orientation" : 24
  }, {
    "shape" : "dcb30bc5-31c5-4d84-a561-6f4920e3a39e",
    "color" : "#EBEBE7",
    "position" : {
      "x" : -4.8441916,
      "y" : 9.412996,
      "z" : -6.3051176
    },
    "orientation" : 3
  }, {
    "shape" : "5a1c0bc1-12e7-47ec-b46d-a5a92b2ea488",
    "color" : "#FFD98C",
    "position" : {
      "x" : -9.412996,
      "y" : -6.3051176,
      "z" : 4.8441916
    },
    "orientation" : 39
  }, {
    "shape" : "41196fcb-c5a8-42d9-9d12-00914dfcbe14",
    "color" : "#EC888B",
    "position" : {
      "x" : 1.1024884,
      "y" : 7.141567,
      "z" : 9.980368
    },
    "orientation" : 1
  }, {
    "shape" : "dcb30bc5-31c5-4d84-a561-6f4920e3a39e",
    "color" : "#EBEBE7",
    "position" : {
      "x" : -11.304383,
      "y" : 3.24479,
      "z" : 3.6752503
    },
    "orientation" : 55
  }, {
    "shape" : "dcb30bc5-31c5-4d84-a561-6f4920e3a39e",
    "color" : "#EBEBE7",
    "position" : {
      "x" : -8.310509,
      "y" : 8.088982,
      "z" : 4.162816
    },
    "orientation" : 53
  }, {
    "shape" : "dcb30bc5-31c5-4d84-a561-6f4920e3a39e",
    "color" : "#EBEBE7",
    "position" : {
      "x" : -1.8913866,
      "y" : 11.985759,
      "z" : -2.1423016
    },
    "orientation" : 17
  }, {
    "shape" : "488ac0b8-af3f-4aed-8ca3-8ad0c94603f5",
    "color" : "#EBEBE7",
    "position" : {
      "x" : -3.24479,
      "y" : 3.6752503,
      "z" : 11.304383
    },
    "orientation" : 15
  }, {
    "shape" : "9074fe6e-f666-4917-bed8-9c56a4cdee6b",
    "color" : "#EBEBE7",
    "position" : {
      "x" : -4.162816,
      "y" : -8.310509,
      "z" : -8.088982
    },
    "orientation" : 54
  }, {
    "shape" : "9074fe6e-f666-4917-bed8-9c56a4cdee6b",
    "color" : "#EBEBE7",
    "position" : {
      "x" : -8.310509,
      "y" : 8.088982,
      "z" : 4.162816
    },
    "orientation" : 11
  }, {
    "shape" : "1bac3095-b79d-49d6-bc6c-90a37842f3b0",
    "color" : "#EC888B",
    "position" : {
      "x" : 8.088982,
      "y" : -4.162816,
      "z" : 8.310509
    },
    "orientation" : 2
  }, {
    "shape" : "488ac0b8-af3f-4aed-8ca3-8ad0c94603f5",
    "color" : "#EBEBE7",
    "position" : {
      "x" : 8.310509,
      "y" : -8.088982,
      "z" : 4.162816
    },
    "orientation" : 7
  }, {
    "shape" : "5a1c0bc1-12e7-47ec-b46d-a5a92b2ea488",
    "color" : "#FFD98C",
    "position" : {
      "x" : 1.1024884,
      "y" : 7.141567,
      "z" : 9.980368
    },
    "orientation" : 7
  }, {
    "shape" : "488ac0b8-af3f-4aed-8ca3-8ad0c94603f5",
    "color" : "#EBEBE7",
    "position" : {
      "x" : 9.412996,
      "y" : -6.3051176,
      "z" : -4.8441916
    },
    "orientation" : 33
  }, {
    "shape" : "9074fe6e-f666-4917-bed8-9c56a4cdee6b",
    "color" : "#EBEBE7",
    "position" : {
      "x" : 1.1024884,
      "y" : 7.141567,
      "z" : 9.980368
    },
    "orientation" : 34
  }, {
    "shape" : "8976cdab-3b45-4357-9405-b66d4138833c",
    "color" : "#FFD98C",
    "position" : {
      "x" : -1.8913866,
      "y" : 11.985759,
      "z" : -2.1423016
    },
    "orientation" : 1
  }, {
    "shape" : "bd8721ed-dbb8-4127-b453-876effc9477e",
    "color" : "#EC888B",
    "position" : {
      "x" : -3.24479,
      "y" : 3.6752503,
      "z" : 11.304383
    },
    "orientation" : 32
  }, {
    "shape" : "d19db37c-277c-48f9-81e4-4e6cc395a042",
    "color" : "#FFD98C",
    "position" : {
      "x" : 6.3051176,
      "y" : 4.8441916,
      "z" : 9.412996
    },
    "orientation" : 9
  }, {
    "shape" : "dcb30bc5-31c5-4d84-a561-6f4920e3a39e",
    "color" : "#EBEBE7",
    "position" : {
      "x" : 1.1024884,
      "y" : 7.141567,
      "z" : 9.980368
    },
    "orientation" : 58
  }, {
    "shape" : "488ac0b8-af3f-4aed-8ca3-8ad0c94603f5",
    "color" : "#EBEBE7",
    "position" : {
      "x" : 3.6752503,
      "y" : -11.304383,
      "z" : 3.24479
    },
    "orientation" : 47
  }, {
    "shape" : "488ac0b8-af3f-4aed-8ca3-8ad0c94603f5",
    "color" : "#EBEBE7",
    "position" : {
      "x" : 4.162816,
      "y" : 8.310509,
      "z" : -8.088982
    },
    "orientation" : 8
  }, {
    "shape" : "9074fe6e-f666-4917-bed8-9c56a4cdee6b",
    "color" : "#EBEBE7",
    "position" : {
      "x" : 8.310509,
      "y" : -8.088982,
      "z" : 4.162816
    },
    "orientation" : 41
  }, {
    "shape" : "9074fe6e-f666-4917-bed8-9c56a4cdee6b",
    "color" : "#EBEBE7",
    "position" : {
      "x" : 1.1024884,
      "y" : -7.141567,
      "z" : -9.980368
    },
    "orientation" : 49
  }, {
    "shape" : "d19db37c-277c-48f9-81e4-4e6cc395a042",
    "color" : "#FFD98C",
    "position" : {
      "x" : 4.162816,
      "y" : 8.310509,
      "z" : -8.088982
    },
    "orientation" : 3
  }, {
    "shape" : "8976cdab-3b45-4357-9405-b66d4138833c",
    "color" : "#FFD98C",
    "position" : {
      "x" : -11.304383,
      "y" : 3.24479,
      "z" : 3.6752503
    },
    "orientation" : 38
  }, {
    "shape" : "5a1c0bc1-12e7-47ec-b46d-a5a92b2ea488",
    "color" : "#FFD98C",
    "position" : {
      "x" : 3.24479,
      "y" : -3.6752503,
      "z" : 11.304383
    },
    "orientation" : 2
  }, {
    "shape" : "dcb30bc5-31c5-4d84-a561-6f4920e3a39e",
    "color" : "#EBEBE7",
    "position" : {
      "x" : 3.24479,
      "y" : -3.6752503,
      "z" : 11.304383
    },
    "orientation" : 9
  }, {
    "shape" : "488ac0b8-af3f-4aed-8ca3-8ad0c94603f5",
    "color" : "#EBEBE7",
    "position" : {
      "x" : 1.8913866,
      "y" : -11.985759,
      "z" : -2.1423016
    },
    "orientation" : 12
  }, {
    "shape" : "dcb30bc5-31c5-4d84-a561-6f4920e3a39e",
    "color" : "#EBEBE7",
    "position" : {
      "x" : -11.304383,
      "y" : -3.24479,
      "z" : -3.6752503
    },
    "orientation" : 40
  }, {
    "shape" : "dcb30bc5-31c5-4d84-a561-6f4920e3a39e",
    "color" : "#EBEBE7",
    "position" : {
      "x" : 11.985759,
      "y" : 2.1423016,
      "z" : 1.8913866
    },
    "orientation" : 46
  }, {
    "shape" : "488ac0b8-af3f-4aed-8ca3-8ad0c94603f5",
    "color" : "#EBEBE7",
    "position" : {
      "x" : 1.1024884,
      "y" : 7.141567,
      "z" : 9.980368
    },
    "orientation" : 39
  }, {
    "shape" : "9074fe6e-f666-4917-bed8-9c56a4cdee6b",
    "color" : "#EBEBE7",
    "position" : {
      "x" : -8.310509,
      "y" : -8.088982,
      "z" : -4.162816
    },
    "orientation" : 26
  }, {
    "shape" : "5a1c0bc1-12e7-47ec-b46d-a5a92b2ea488",
    "color" : "#FFD98C",
    "position" : {
      "x" : -11.304383,
      "y" : -3.24479,
      "z" : -3.6752503
    },
    "orientation" : 30
  }, {
    "shape" : "dcb30bc5-31c5-4d84-a561-6f4920e3a39e",
    "color" : "#EBEBE7",
    "position" : {
      "x" : -9.412996,
      "y" : -6.3051176,
      "z" : 4.8441916
    },
    "orientation" : 50
  }, {
    "shape" : "9074fe6e-f666-4917-bed8-9c56a4cdee6b",
    "color" : "#EBEBE7",
    "position" : {
      "x" : 1.8913866,
      "y" : -11.985759,
      "z" : -2.1423016
    },
    "orientation" : 2
  }, {
    "shape" : "5a1c0bc1-12e7-47ec-b46d-a5a92b2ea488",
    "color" : "#FFD98C",
    "position" : {
      "x" : 9.412996,
      "y" : -6.3051176,
      "z" : -4.8441916
    },
    "orientation" : 24
  }, {
    "shape" : "dcb30bc5-31c5-4d84-a561-6f4920e3a39e",
    "color" : "#EBEBE7",
    "position" : {
      "x" : -1.1024884,
      "y" : 7.141567,
      "z" : -9.980368
    },
    "orientation" : 13
  }, {
    "shape" : "9074fe6e-f666-4917-bed8-9c56a4cdee6b",
    "color" : "#EBEBE7",
    "position" : {
      "x" : 8.088982,
      "y" : -4.162816,
      "z" : 8.310509
    },
    "orientation" : 25
  }, {
    "shape" : "488ac0b8-af3f-4aed-8ca3-8ad0c94603f5",
    "color" : "#EBEBE7",
    "position" : {
      "x" : 3.24479,
      "y" : -3.6752503,
      "z" : 11.304383
    },
    "orientation" : 45
  }, {
    "shape" : "488ac0b8-af3f-4aed-8ca3-8ad0c94603f5",
    "color" : "#EBEBE7",
    "position" : {
