{
  "polygons" : "true",
  "field" : "golden",
  "symmetry" : "icosahedral",
  "orientations" : [ [ 1.0, 0.0, 0.0, 0.0, 0.0, 1.0, 0.0, 0.0, 0.0, 0.0, 1.0, 0.0, 0.0, 0.0, 0.0, 1.0 ], [ 0.0, 0.0, 1.0, 0.0, 1.0, 0.0, 0.0, 0.0, 0.0, 1.0, 0.0, 0.0, 0.0, 0.0, 0.0, 1.0 ], [ 0.0, 1.0, 0.0, 0.0, 0.0, 0.0, 1.0, 0.0, 1.0, 0.0, 0.0, 0.0, 0.0, 0.0, 0.0, 1.0 ], [ 0.809017, 0.309017, 0.5, 0.0, 0.309017, 0.5, -0.809017, 0.0, -0.5, 0.809017, 0.309017, 0.0, 0.0, 0.0, 0.0, 1.0 ], [ -0.5, 0.809017, 0.309017, 0.0, 0.809017, 0.309017, 0.5, 0.0, 0.309017, 0.5, -0.809017, 0.0, 0.0, 0.0, 0.0, 1.0 ], [ 0.309017, 0.5, -0.809017, 0.0, -0.5, 0.809017, 0.309017, 0.0, 0.809017, 0.309017, 0.5, 0.0, 0.0, 0.0, 0.0, 1.0 ], [ 0.5, 0.809017, 0.309017, 0.0, 0.809017, -0.309017, -0.5, 0.0, -0.309017, 0.5, -0.809017, 0.0, 0.0, 0.0, 0.0, 1.0 ], [ -0.309017, 0.5, -0.809017, 0.0, 0.5, 0.809017, 0.309017, 0.0, 0.809017, -0.309017, -0.5, 0.0, 0.0, 0.0, 0.0, 1.0 ], [ 0.809017, -0.309017, -0.5, 0.0, -0.309017, 0.5, -0.809017, 0.0, 0.5, 0.809017, 0.309017, 0.0, 0.0, 0.0, 0.0, 1.0 ], [ 0.5, 0.809017, -0.309017, 0.0, 0.809017, -0.309017, 0.5, 0.0, 0.309017, -0.5, -0.809017, 0.0, 0.0, 0.0, 0.0, 1.0 ], [ 0.309017, -0.5, -0.809017, 0.0, 0.5, 0.809017, -0.309017, 0.0, 0.809017, -0.309017, 0.5, 0.0, 0.0, 0.0, 0.0, 1.0 ], [ 0.809017, -0.309017, 0.5, 0.0, 0.309017, -0.5, -0.809017, 0.0, 0.5, 0.809017, -0.309017, 0.0, 0.0, 0.0, 0.0, 1.0 ], [ 0.809017, 0.309017, -0.5, 0.0, 0.309017, 0.5, 0.809017, 0.0, 0.5, -0.809017, 0.309017, 0.0, 0.0, 0.0, 0.0, 1.0 ], [ 0.5, -0.809017, 0.309017, 0.0, 0.809017, 0.309017, -0.5, 0.0, 0.309017, 0.5, 0.809017, 0.0, 0.0, 0.0, 0.0, 1.0 ], [ 0.309017, 0.5, 0.809017, 0.0, 0.5, -0.809017, 0.309017, 0.0, 0.809017, 0.309017, -0.5, 0.0, 0.0, 0.0, 0.0, 1.0 ], [ 1.0, 0.0, 0.0, 0.0, 0.0, -1.0, 0.0, 0.0, 0.0, 0.0, -1.0, 0.0, 0.0, 0.0, 0.0, 1.0 ], [ 0.0, 0.0, 1.0, 0.0, -1.0, 0.0, 0.0, 0.0, 0.0, -1.0, 0.0, 0.0, 0.0, 0.0, 0.0, 1.0 ], [ 0.0, 1.0, 0.0, 0.0, 0.0, 0.0, -1.0, 0.0, -1.0, 0.0, 0.0, 0.0, 0.0, 0.0, 0.0, 1.0 ], [ 0.809017, 0.309017, 0.5, 0.0, -0.309017, -0.5, 0.809017, 0.0, 0.5, -0.809017, -0.309017, 0.0, 0.0, 0.0, 0.0, 1.0 ], [ -0.5, 0.809017, 0.309017, 0.0, -0.809017, -0.309017, -0.5, 0.0, -0.309017, -0.5, 0.809017, 0.0, 0.0, 0.0, 0.0, 1.0 ], [ 0.309017, 0.5, -0.809017, 0.0, 0.5, -0.809017, -0.309017, 0.0, -0.809017, -0.309017, -0.5, 0.0, 0.0, 0.0, 0.0, 1.0 ], [ 0.5, 0.809017, 0.309017, 0.0, -0.809017, 0.309017, 0.5, 0.0, 0.309017, -0.5, 0.809017, 0.0, 0.0, 0.0, 0.0, 1.0 ], [ -0.309017, 0.5, -0.809017, 0.0, -0.5, -0.809017, -0.309017, 0.0, -0.809017, 0.309017, 0.5, 0.0, 0.0, 0.0, 0.0, 1.0 ], [ 0.809017, -0.309017, -0.5, 0.0, 0.309017, -0.5, 0.809017, 0.0, -0.5, -0.809017, -0.309017, 0.0, 0.0, 0.0, 0.0, 1.0 ], [ 0.5, 0.809017, -0.309017, 0.0, -0.809017, 0.309017, -0.5, 0.0, -0.309017, 0.5, 0.809017, 0.0, 0.0, 0.0, 0.0, 1.0 ], [ 0.309017, -0.5, -0.809017, 0.0, -0.5, -0.809017, 0.309017, 0.0, -0.809017, 0.309017, -0.5, 0.0, 0.0, 0.0, 0.0, 1.0 ], [ 0.809017, -0.309017, 0.5, 0.0, -0.309017, 0.5, 0.809017, 0.0, -0.5, -0.809017, 0.309017, 0.0, 0.0, 0.0, 0.0, 1.0 ], [ 0.809017, 0.309017, -0.5, 0.0, -0.309017, -0.5, -0.809017, 0.0, -0.5, 0.809017, -0.309017, 0.0, 0.0, 0.0, 0.0, 1.0 ], [ 0.5, -0.809017, 0.309017, 0.0, -0.809017, -0.309017, 0.5, 0.0, -0.309017, -0.5, -0.809017, 0.0, 0.0, 0.0, 0.0, 1.0 ], [ 0.309017, 0.5, 0.809017, 0.0, -0.5, 0.809017, -0.309017, 0.0, -0.809017, -0.309017, 0.5, 0.0, 0.0, 0.0, 0.0, 1.0 ], [ -1.0, 0.0, 0.0, 0.0, 0.0, -1.0, 0.0, 0.0, 0.0, 0.0, 1.0, 0.0, 0.0, 0.0, 0.0, 1.0 ], [ 0.0, 0.0, -1.0, 0.0, -1.0, 0.0, 0.0, 0.0, 0.0, 1.0, 0.0, 0.0, 0.0, 0.0, 0.0, 1.0 ], [ 0.0, -1.0, 0.0, 0.0, 0.0, 0.0, -1.0, 0.0, 1.0, 0.0, 0.0, 0.0, 0.0, 0.0, 0.0, 1.0 ], [ -0.809017, -0.309017, -0.5, 0.0, -0.309017, -0.5, 0.809017, 0.0, -0.5, 0.809017, 0.309017, 0.0, 0.0, 0.0, 0.0, 1.0 ], [ 0.5, -0.809017, -0.309017, 0.0, -0.809017, -0.309017, -0.5, 0.0, 0.309017, 0.5, -0.809017, 0.0, 0.0, 0.0, 0.0, 1.0 ], [ -0.309017, -0.5, 0.809017, 0.0, 0.5, -0.809017, -0.309017, 0.0, 0.809017, 0.309017, 0.5, 0.0, 0.0, 0.0, 0.0, 1.0 ], [ -0.5, -0.809017, -0.309017, 0.0, -0.809017, 0.309017, 0.5, 0.0, -0.309017, 0.5, -0.809017, 0.0, 0.0, 0.0, 0.0, 1.0 ], [ 0.309017, -0.5, 0.809017, 0.0, -0.5, -0.809017, -0.309017, 0.0, 0.809017, -0.309017, -0.5, 0.0, 0.0, 0.0, 0.0, 1.0 ], [ -0.809017, 0.309017, 0.5, 0.0, 0.309017, -0.5, 0.809017, 0.0, 0.5, 0.809017, 0.309017, 0.0, 0.0, 0.0, 0.0, 1.0 ], [ -0.5, -0.809017, 0.309017, 0.0, -0.809017, 0.309017, -0.5, 0.0, 0.309017, -0.5, -0.809017, 0.0, 0.0, 0.0, 0.0, 1.0 ], [ -0.309017, 0.5, 0.809017, 0.0, -0.5, -0.809017, 0.309017, 0.0, 0.809017, -0.309017, 0.5, 0.0, 0.0, 0.0, 0.0, 1.0 ], [ -0.809017, 0.309017, -0.5, 0.0, -0.309017, 0.5, 0.809017, 0.0, 0.5, 0.809017, -0.309017, 0.0, 0.0, 0.0, 0.0, 1.0 ], [ -0.809017, -0.309017, 0.5, 0.0, -0.309017, -0.5, -0.809017, 0.0, 0.5, -0.809017, 0.309017, 0.0, 0.0, 0.0, 0.0, 1.0 ], [ -0.5, 0.809017, -0.309017, 0.0, -0.809017, -0.309017, 0.5, 0.0, 0.309017, 0.5, 0.809017, 0.0, 0.0, 0.0, 0.0, 1.0 ], [ -0.309017, -0.5, -0.809017, 0.0, -0.5, 0.809017, -0.309017, 0.0, 0.809017, 0.309017, -0.5, 0.0, 0.0, 0.0, 0.0, 1.0 ], [ -1.0, 0.0, 0.0, 0.0, 0.0, 1.0, 0.0, 0.0, 0.0, 0.0, -1.0, 0.0, 0.0, 0.0, 0.0, 1.0 ], [ 0.0, 0.0, -1.0, 0.0, 1.0, 0.0, 0.0, 0.0, 0.0, -1.0, 0.0, 0.0, 0.0, 0.0, 0.0, 1.0 ], [ 0.0, -1.0, 0.0, 0.0, 0.0, 0.0, 1.0, 0.0, -1.0, 0.0, 0.0, 0.0, 0.0, 0.0, 0.0, 1.0 ], [ -0.809017, -0.309017, -0.5, 0.0, 0.309017, 0.5, -0.809017, 0.0, 0.5, -0.809017, -0.309017, 0.0, 0.0, 0.0, 0.0, 1.0 ], [ 0.5, -0.809017, -0.309017, 0.0, 0.809017, 0.309017, 0.5, 0.0, -0.309017, -0.5, 0.809017, 0.0, 0.0, 0.0, 0.0, 1.0 ], [ -0.309017, -0.5, 0.809017, 0.0, -0.5, 0.809017, 0.309017, 0.0, -0.809017, -0.309017, -0.5, 0.0, 0.0, 0.0, 0.0, 1.0 ], [ -0.5, -0.809017, -0.309017, 0.0, 0.809017, -0.309017, -0.5, 0.0, 0.309017, -0.5, 0.809017, 0.0, 0.0, 0.0, 0.0, 1.0 ], [ 0.309017, -0.5, 0.809017, 0.0, 0.5, 0.809017, 0.309017, 0.0, -0.809017, 0.309017, 0.5, 0.0, 0.0, 0.0, 0.0, 1.0 ], [ -0.809017, 0.309017, 0.5, 0.0, -0.309017, 0.5, -0.809017, 0.0, -0.5, -0.809017, -0.309017, 0.0, 0.0, 0.0, 0.0, 1.0 ], [ -0.5, -0.809017, 0.309017, 0.0, 0.809017, -0.309017, 0.5, 0.0, -0.309017, 0.5, 0.809017, 0.0, 0.0, 0.0, 0.0, 1.0 ], [ -0.309017, 0.5, 0.809017, 0.0, 0.5, 0.809017, -0.309017, 0.0, -0.809017, 0.309017, -0.5, 0.0, 0.0, 0.0, 0.0, 1.0 ], [ -0.809017, 0.309017, -0.5, 0.0, 0.309017, -0.5, -0.809017, 0.0, -0.5, -0.809017, 0.309017, 0.0, 0.0, 0.0, 0.0, 1.0 ], [ -0.809017, -0.309017, 0.5, 0.0, 0.309017, 0.5, 0.809017, 0.0, -0.5, 0.809017, -0.309017, 0.0, 0.0, 0.0, 0.0, 1.0 ], [ -0.5, 0.809017, -0.309017, 0.0, 0.809017, 0.309017, -0.5, 0.0, -0.309017, -0.5, -0.809017, 0.0, 0.0, 0.0, 0.0, 1.0 ], [ -0.309017, -0.5, -0.809017, 0.0, 0.5, -0.809017, 0.309017, 0.0, -0.809017, -0.309017, 0.5, 0.0, 0.0, 0.0, 0.0, 1.0 ] ],
  "lights" : {
    "ambientColor" : "#292929",
    "directionalLights" : [ {
      "direction" : [ 1.0, -1.0, -1.0 ],
      "color" : "#EBEBE4"
    }, {
      "direction" : [ -1.0, 0.0, 0.0 ],
      "color" : "#E4E4EB"
    }, {
      "direction" : [ 0.0, 0.0, -1.0 ],
      "color" : "#1E1E1E"
    } ],
    "backgroundColor" : "#AFC8DC"
  },
  "camera" : {
    "perspective" : false,
    "fieldOfView" : 0.44262883,
    "upDirectionRV" : {
      "x" : -0.8506508,
      "y" : -0.5257311,
      "z" : 0.0,
      "zero" : false
    },
    "lookDirectionRV" : {
      "x" : 0.0,
      "y" : 0.0,
      "z" : 1.0,
      "zero" : false
    },
    "viewDistance" : 138.22453,
    "lookAtPointRV" : {
      "x" : 0.0,
      "y" : 0.0,
      "z" : 0.0,
      "zero" : true
    },
    "nearClipDistance" : 0.3455614,
    "width" : 62.201035,
    "position" : {
      "x" : 0.0,
      "y" : 0.0,
      "z" : -138.22453
    },
    "stereo" : false,
    "lookAtPoint" : {
      "x" : 0.0,
      "y" : 0.0,
      "z" : 0.0
    },
    "farClipDistance" : 276.44894,
    "lookDirection" : {
      "x" : 0.0,
      "y" : 0.0,
      "z" : 1.0
    },
    "upDirection" : {
      "x" : -0.8506508,
      "y" : -0.5257311,
      "z" : 0.0
    }
  },
  "embedding" : [ 1.0, 0.0, 0.0, 0.0, 0.0, 1.0, 0.0, 0.0, 0.0, 0.0, 1.0, 0.0, 0.0, 0.0, 0.0, 1.0 ],
  "shapes" : [ {
    "id" : "cd031008-9e72-48a4-a225-7b8b5752f669",
    "orbit" : "blue",
    "orbitC" : "[[0,0,1],[0,0,1]]",
    "length" : "[1,0,1]",
    "name" : "b1",
    "vertices" : [ {
      "x" : 1.0,
      "y" : 0.309017,
      "z" : 0.19098301
    }, {
      "x" : 1.0,
      "y" : -0.309017,
      "z" : 0.19098301
    }, {
      "x" : 7.472136,
      "y" : -0.309017,
      "z" : 0.19098301
    }, {
      "x" : 7.472136,
      "y" : 0.309017,
      "z" : 0.19098301
    }, {
      "x" : 7.472136,
      "y" : -0.309017,
      "z" : -0.19098301
    }, {
      "x" : 7.472136,
      "y" : 0.309017,
      "z" : -0.19098301
    }, {
      "x" : 8.09017,
      "y" : 0.0,
      "z" : 0.0
    }, {
      "x" : 0.38196602,
      "y" : 0.0,
      "z" : 0.0
    }, {
      "x" : 1.0,
      "y" : 0.309017,
      "z" : -0.19098301
    }, {
      "x" : 1.0,
      "y" : -0.309017,
      "z" : -0.19098301
    }, {
      "x" : 8.472136,
      "y" : 0.0,
      "z" : 0.0
    } ],
    "faces" : [ {
      "vertices" : [ 1, 9, 4, 2 ]
    }, {
      "vertices" : [ 0, 3, 5, 8 ]
    }, {
      "vertices" : [ 1, 7, 9 ]
    }, {
      "vertices" : [ 0, 1, 2, 3 ]
    }, {
      "vertices" : [ 7, 8, 9 ]
    }, {
      "vertices" : [ 0, 7, 1 ]
    }, {
      "vertices" : [ 4, 9, 8, 5 ]
    }, {
      "vertices" : [ 2, 6, 3 ]
    }, {
      "vertices" : [ 2, 4, 6 ]
    }, {
      "vertices" : [ 3, 6, 5 ]
    }, {
      "vertices" : [ 4, 5, 6 ]
    }, {
      "vertices" : [ 0, 8, 7 ]
    } ]
  }, {
    "id" : "de27a39a-70f5-4e0c-9164-1b72bf461fca",
    "name" : "ball",
    "vertices" : [ {
      "x" : -0.309017,
      "y" : -0.19098301,
      "z" : 0.0
    }, {
      "x" : -0.309017,
      "y" : 0.19098301,
      "z" : 0.0
    }, {
      "x" : -0.19098301,
      "y" : 0.0,
      "z" : -0.309017
    }, {
      "x" : -0.19098301,
      "y" : 0.0,
      "z" : 0.309017
    }, {
      "x" : 0.0,
      "y" : -0.309017,
      "z" : -0.19098301
    }, {
      "x" : 0.0,
      "y" : -0.309017,
      "z" : 0.19098301
    }, {
      "x" : 0.0,
      "y" : 0.309017,
      "z" : -0.19098301
    }, {
      "x" : 0.0,
      "y" : 0.309017,
      "z" : 0.19098301
    }, {
      "x" : 0.19098301,
      "y" : 0.0,
      "z" : -0.309017
    }, {
      "x" : 0.19098301,
      "y" : 0.0,
      "z" : 0.309017
    }, {
      "x" : 0.309017,
      "y" : -0.19098301,
      "z" : 0.0
    }, {
      "x" : 0.309017,
      "y" : 0.19098301,
      "z" : 0.0
    } ],
    "faces" : [ {
      "vertices" : [ 0, 1, 2 ]
    }, {
      "vertices" : [ 0, 3, 1 ]
    }, {
      "vertices" : [ 0, 2, 4 ]
    }, {
      "vertices" : [ 0, 5, 3 ]
    }, {
      "vertices" : [ 0, 4, 5 ]
    }, {
      "vertices" : [ 1, 6, 2 ]
    }, {
      "vertices" : [ 1, 3, 7 ]
    }, {
      "vertices" : [ 1, 7, 6 ]
    }, {
      "vertices" : [ 2, 8, 4 ]
    }, {
      "vertices" : [ 2, 6, 8 ]
    }, {
      "vertices" : [ 3, 5, 9 ]
    }, {
      "vertices" : [ 3, 9, 7 ]
    }, {
      "vertices" : [ 4, 10, 5 ]
    }, {
      "vertices" : [ 4, 8, 10 ]
    }, {
      "vertices" : [ 5, 10, 9 ]
    }, {
      "vertices" : [ 6, 7, 11 ]
    }, {
      "vertices" : [ 6, 11, 8 ]
    }, {
      "vertices" : [ 7, 9, 11 ]
    }, {
      "vertices" : [ 8, 11, 10 ]
    }, {
      "vertices" : [ 9, 10, 11 ]
    } ]
  }, {
    "id" : "7eaa34db-f775-4748-a134-8110f68523af",
    "vertices" : [ {
      "x" : 0.0,
      "y" : 0.0,
      "z" : 0.0
    }, {
      "x" : 4.236068,
      "y" : -6.854102,
      "z" : 2.618034
    }, {
      "x" : 6.854102,
      "y" : -11.09017,
      "z" : -4.236068
    }, {
      "x" : 4.236068,
      "y" : -6.854102,
      "z" : -11.09017
    }, {
      "x" : 0.0,
      "y" : 0.0,
      "z" : -8.472136
    } ],
    "faces" : [ {
      "vertices" : [ 0, 1, 2, 3, 4 ]
    }, {
      "vertices" : [ 0, 4, 3, 2, 1 ]
    } ]
  }, {
    "id" : "9103d128-fc72-4185-b7f9-f619b9f86fb2",
    "vertices" : [ {
      "x" : 0.0,
      "y" : 0.0,
      "z" : 0.0
    }, {
      "x" : 5.4068885,
      "y" : 4.959675,
      "z" : 4.236068
    }, {
      "x" : 8.024922,
      "y" : 0.7236068,
      "z" : -2.618034
    } ],
    "faces" : [ {
      "vertices" : [ 0, 1, 2 ]
    }, {
      "vertices" : [ 0, 2, 1 ]
    } ]
  }, {
    "id" : "38b69d3f-4c5a-4b1b-bd86-261f71141e2b",
    "vertices" : [ {
      "x" : 0.0,
      "y" : 0.0,
      "z" : 0.0
    }, {
      "x" : -4.236068,
      "y" : 6.854102,
      "z" : -2.618034
    }, {
      "x" : -6.854102,
      "y" : 11.09017,
      "z" : 4.236068
    }, {
      "x" : -4.236068,
      "y" : 6.854102,
      "z" : 11.09017
    }, {
      "x" : 0.0,
      "y" : 0.0,
      "z" : 8.472136
    } ],
    "faces" : [ {
      "vertices" : [ 0, 1, 2, 3, 4 ]
    }, {
      "vertices" : [ 0, 4, 3, 2, 1 ]
    } ]
  }, {
    "id" : "04b32f00-4e50-4c78-8031-8869be7045ef",
    "orbit" : "4",
    "orbitC" : "[[1,0,2],[0,0,1]]",
    "length" : "[1,0,1]",
    "name" : "short",
    "vertices" : [ {
      "x" : 4.3632493,
      "y" : 0.5448013,
      "z" : -6.372922
    }, {
      "x" : 4.463249,
      "y" : 0.14480127,
      "z" : -6.4729223
    }, {
      "x" : 0.5964254,
      "y" : -0.097587675,
      "z" : -0.4811798
    }, {
      "x" : 0.49642542,
      "y" : 0.30241233,
      "z" : -0.3811798
    }, {
      "x" : 4.7632494,
      "y" : 0.2781346,
      "z" : -6.2395887
    }, {
      "x" : 4.6632495,
      "y" : 0.6781346,
      "z" : -6.139589
    }, {
      "x" : 0.19642544,
      "y" : 0.16907899,
      "z" : -0.61451316
    }, {
      "x" : 0.29642543,
      "y" : -0.230921,
      "z" : -0.7145131
    } ],
    "faces" : [ {
      "vertices" : [ 2, 3, 6, 7 ]
    }, {
      "vertices" : [ 0, 5, 4, 1 ]
    }, {
      "vertices" : [ 2, 4, 5, 3 ]
    }, {
      "vertices" : [ 0, 6, 3, 5 ]
    }, {
      "vertices" : [ 0, 1, 7, 6 ]
    }, {
      "vertices" : [ 1, 4, 2, 7 ]
    } ]
  }, {
    "id" : "6b62f54e-0a87-4e2b-ae2d-cfc10eb6e32f",
    "orbit" : "1",
    "orbitC" : "[[-8,5,1],[-11,7,1]]",
    "length" : "[1,1,2]",
    "name" : " :1/2 +1/2*phi",
    "vertices" : [ {
      "x" : 5.0443144,
      "y" : 4.365937,
      "z" : -4.033109
    }, {
      "x" : 5.1443143,
      "y" : 4.465937,
      "z" : -3.6331093
    }, {
      "x" : 0.36257407,
      "y" : 0.5937375,
      "z" : -0.20295861
    }, {
      "x" : 0.26257408,
      "y" : 0.49373746,
      "z" : -0.6029586
    }, {
      "x" : 4.910981,
      "y" : 4.7659373,
      "z" : -3.7664428
    }, {
      "x" : 4.810981,
      "y" : 4.6659374,
      "z" : -4.166443
    }, {
      "x" : 0.49590743,
      "y" : 0.19373746,
      "z" : -0.46962526
    }, {
      "x" : 0.5959074,
      "y" : 0.29373747,
      "z" : -0.06962527
    } ],
    "faces" : [ {
      "vertices" : [ 2, 3, 6, 7 ]
    }, {
      "vertices" : [ 0, 5, 4, 1 ]
    }, {
      "vertices" : [ 2, 4, 5, 3 ]
    }, {
      "vertices" : [ 0, 6, 3, 5 ]
    }, {
      "vertices" : [ 0, 1, 7, 6 ]
    }, {
      "vertices" : [ 1, 4, 2, 7 ]
    } ]
  }, {
    "id" : "234cb524-5a9f-48c0-bfab-baafe9625636",
    "vertices" : [ {
      "x" : 0.0,
      "y" : 0.0,
      "z" : 0.0
    }, {
      "x" : 2.618034,
      "y" : -4.236068,
      "z" : 6.854102
    }, {
      "x" : 0.0,
      "y" : -8.472136,
      "z" : 0.0
    } ],
    "faces" : [ {
      "vertices" : [ 0, 1, 2 ]
    }, {
      "vertices" : [ 0, 2, 1 ]
    } ]
  }, {
    "id" : "0200376b-876d-4f0d-875e-8c502b1ef66d",
    "vertices" : [ {
      "x" : 0.0,
      "y" : 0.0,
      "z" : 0.0
    }, {
      "x" : 4.959675,
      "y" : 0.4472136,
      "z" : 6.854102
    }, {
      "x" : 9.195743,
      "y" : -6.4068885,
      "z" : 4.236068
    }, {
      "x" : 4.236068,
      "y" : -6.854102,
      "z" : -2.618034
    } ],
    "faces" : [ {
      "vertices" : [ 0, 1, 2, 3 ]
    }, {
      "vertices" : [ 0, 3, 2, 1 ]
    } ]
  }, {
    "id" : "f558aeed-1c4c-49c8-8901-92fca5d80311",
    "vertices" : [ {
      "x" : 0.0,
      "y" : 0.0,
      "z" : 0.0
    }, {
      "x" : 2.618034,
      "y" : -4.236068,
      "z" : -6.854102
    }, {
      "x" : 0.0,
      "y" : 0.0,
      "z" : -13.708204
    }, {
      "x" : -4.236068,
      "y" : 6.854102,
      "z" : -11.09017
    }, {
      "x" : -4.236068,
      "y" : 6.854102,
      "z" : -2.618034
    } ],
    "faces" : [ {
      "vertices" : [ 0, 1, 2, 3, 4 ]
    }, {
      "vertices" : [ 0, 4, 3, 2, 1 ]
    } ]
  }, {
    "id" : "57c7eccd-bf19-45eb-815e-cb6e746e46b6",
    "vertices" : [ {
      "x" : 0.0,
      "y" : 0.0,
      "z" : 0.0
    }, {
      "x" : 4.959675,
      "y" : 0.4472136,
      "z" : -6.854102
    }, {
      "x" : 0.7236068,
      "y" : 7.301316,
      "z" : -4.236068
    } ],
    "faces" : [ {
      "vertices" : [ 0, 1, 2 ]
    }, {
      "vertices" : [ 0, 2, 1 ]
    } ]
  }, {
    "id" : "e3cab9e1-4068-4e13-a98a-19d5de027257",
    "vertices" : [ {
      "x" : 0.0,
      "y" : 0.0,
      "z" : 0.0
    }, {
      "x" : -8.024922,
      "y" : -0.7236068,
      "z" : 2.618034
    }, {
      "x" : -2.618034,
      "y" : 4.236068,
      "z" : 6.854102
    } ],
    "faces" : [ {
      "vertices" : [ 0, 1, 2 ]
    }, {
      "vertices" : [ 0, 2, 1 ]
    } ]
  }, {
    "id" : "90396bfa-6ae7-4f99-9c53-fed9fd0c78fc",
    "vertices" : [ {
      "x" : 0.0,
      "y" : 0.0,
      "z" : 0.0
    }, {
      "x" : -2.618034,
      "y" : 4.236068,
      "z" : -6.854102
    }, {
      "x" : -6.854102,
      "y" : 11.09017,
      "z" : -4.236068
    }, {
      "x" : -6.854102,
      "y" : 11.09017,
      "z" : 4.236068
    }, {
      "x" : -2.618034,
      "y" : 4.236068,
      "z" : 6.854102
    } ],
    "faces" : [ {
      "vertices" : [ 0, 1, 2, 3, 4 ]
    }, {
      "vertices" : [ 0, 4, 3, 2, 1 ]
    } ]
  }, {
    "id" : "c8597ae2-4a8f-468b-af49-733eed75f765",
    "vertices" : [ {
      "x" : 0.0,
      "y" : 0.0,
      "z" : 0.0
    }, {
      "x" : -2.618034,
      "y" : -4.236068,
      "z" : -6.854102
    }, {
      "x" : -2.618034,
      "y" : 4.236068,
      "z" : -6.854102
    } ],
    "faces" : [ {
      "vertices" : [ 0, 1, 2 ]
    }, {
      "vertices" : [ 0, 2, 1 ]
    } ]
  }, {
    "id" : "69ddef62-e983-4a31-a765-441c24961b49",
    "vertices" : [ {
      "x" : 0.0,
      "y" : 0.0,
      "z" : 0.0
    }, {
      "x" : 0.0,
      "y" : 8.472136,
      "z" : 0.0
    }, {
      "x" : 2.618034,
      "y" : 4.236068,
      "z" : 6.854102
    } ],
    "faces" : [ {
      "vertices" : [ 0, 1, 2 ]
    }, {
      "vertices" : [ 0, 2, 1 ]
    } ]
  }, {
    "id" : "7d2b2d13-e607-4177-b7b1-f63af8938583",
    "vertices" : [ {
      "x" : 0.0,
      "y" : 0.0,
      "z" : 0.0
    }, {
      "x" : 0.0,
      "y" : 0.0,
      "z" : 8.472136
    }, {
      "x" : 4.236068,
      "y" : -6.854102,
      "z" : 11.09017
    }, {
      "x" : 6.854102,
      "y" : -11.09017,
      "z" : 4.236068
    }, {
      "x" : 4.236068,
      "y" : -6.854102,
      "z" : -2.618034
    } ],
    "faces" : [ {
      "vertices" : [ 0, 1, 2, 3, 4 ]
    }, {
      "vertices" : [ 0, 4, 3, 2, 1 ]
    } ]
  }, {
    "id" : "6c4ab7e4-da32-4ee9-8df1-ddb5861abb48",
    "vertices" : [ {
      "x" : 0.0,
      "y" : 0.0,
      "z" : 0.0
    }, {
      "x" : 4.236068,
      "y" : -6.854102,
      "z" : -2.618034
    }, {
      "x" : 4.236068,
      "y" : -6.854102,
      "z" : -11.09017
    }, {
      "x" : 0.0,
      "y" : 0.0,
      "z" : -13.708204
    }, {
      "x" : -2.618034,
      "y" : 4.236068,
      "z" : -6.854102
    } ],
    "faces" : [ {
      "vertices" : [ 0, 1, 2, 3, 4 ]
    }, {
      "vertices" : [ 0, 4, 3, 2, 1 ]
    } ]
  } ],
  "instances" : [ {
    "shape" : "cd031008-9e72-48a4-a225-7b8b5752f669",
    "color" : "#008EC2",
    "position" : {
      "x" : 9.91935,
      "y" : -7.5777087,
      "z" : 0.0
    },
    "orientation" : 11
  }, {
    "shape" : "cd031008-9e72-48a4-a225-7b8b5752f669",
    "color" : "#008EC2",
    "position" : {
      "x" : 4.959675,
      "y" : 5.6832814,
      "z" : 6.854102
    },
    "orientation" : 55
  }, {
    "shape" : "cd031008-9e72-48a4-a225-7b8b5752f669",
    "color" : "#008EC2",
    "position" : {
      "x" : -9.195743,
      "y" : 1.1708204,
      "z" : -4.236068
    },
    "orientation" : 24
  }, {
    "shape" : "de27a39a-70f5-4e0c-9164-1b72bf461fca",
    "color" : "#F2F2F2",
    "position" : {
      "x" : 9.195743,
      "y" : -1.1708204,
      "z" : -4.236068
    }
  }, {
    "shape" : "cd031008-9e72-48a4-a225-7b8b5752f669",
    "color" : "#008EC2",
    "position" : {
      "x" : -1.1708204,
      "y" : 10.366563,
      "z" : 6.854102
    },
    "orientation" : 6
  }, {
    "shape" : "cd031008-9e72-48a4-a225-7b8b5752f669",
    "color" : "#008EC2",
    "position" : {
      "x" : 3.0652475,
      "y" : -4.959675,
      "z" : -4.236068
    },
    "orientation" : 52
  }, {
    "shape" : "cd031008-9e72-48a4-a225-7b8b5752f669",
    "color" : "#008EC2",
    "position" : {
      "x" : 9.91935,
      "y" : -7.5777087,
      "z" : 0.0
    },
    "orientation" : 23
  }, {
    "shape" : "de27a39a-70f5-4e0c-9164-1b72bf461fca",
    "color" : "#F2F2F2",
    "position" : {
      "x" : 9.195743,
      "y" : -1.1708204,
      "z" : 4.236068
    }
  }, {
    "shape" : "7eaa34db-f775-4748-a134-8110f68523af",
    "color" : "#800080",
    "position" : {
      "x" : 3.0652475,
      "y" : 17.220665,
      "z" : -4.236068
    },
    "orientation" : 45
  }, {
    "shape" : "de27a39a-70f5-4e0c-9164-1b72bf461fca",
    "color" : "#F2F2F2",
    "position" : {
      "x" : -1.1708204,
      "y" : 1.8944272,
      "z" : -6.854102
    }
  }, {
    "shape" : "de27a39a-70f5-4e0c-9164-1b72bf461fca",
    "color" : "#F2F2F2",
    "position" : {
      "x" : 14.155417,
      "y" : -0.7236068,
      "z" : 11.09017
    }
  }, {
    "shape" : "cd031008-9e72-48a4-a225-7b8b5752f669",
    "color" : "#008EC2",
    "position" : {
      "x" : 3.0652475,
      "y" : -4.959675,
      "z" : 4.236068
    },
    "orientation" : 51
  }, {
    "shape" : "cd031008-9e72-48a4-a225-7b8b5752f669",
    "color" : "#008EC2",
    "position" : {
      "x" : 14.155417,
      "y" : -0.7236068,
      "z" : 11.09017
    },
    "orientation" : 45
  }, {
    "shape" : "cd031008-9e72-48a4-a225-7b8b5752f669",
    "color" : "#008EC2",
    "position" : {
      "x" : -9.195743,
      "y" : 1.1708204,
      "z" : -4.236068
    },
    "orientation" : 2
  }, {
    "shape" : "de27a39a-70f5-4e0c-9164-1b72bf461fca",
    "color" : "#F2F2F2",
    "position" : {
      "x" : 4.959675,
      "y" : 5.6832814,
      "z" : 6.854102
    }
  }, {
    "shape" : "cd031008-9e72-48a4-a225-7b8b5752f669",
    "color" : "#008EC2",
    "position" : {
      "x" : 9.91935,
      "y" : 6.130495,
      "z" : 13.708204
    },
    "orientation" : 24
  }, {
    "shape" : "9103d128-fc72-4185-b7f9-f619b9f86fb2",
    "color" : "#00FF00",
    "position" : {
      "x" : -1.1708204,
      "y" : 1.8944272,
      "z" : -6.854102
    },
    "orientation" : 42
  }, {
    "shape" : "38b69d3f-4c5a-4b1b-bd86-261f71141e2b",
    "color" : "#EC888B",
    "position" : {
      "x" : 9.195743,
      "y" : -1.1708204,
      "z" : -4.236068
    },
    "orientation" : 0
  }, {
    "shape" : "de27a39a-70f5-4e0c-9164-1b72bf461fca",
    "color" : "#F2F2F2",
    "position" : {
      "x" : -4.959675,
      "y" : -5.6832814,
      "z" : -6.854102
    }
  }, {
    "shape" : "04b32f00-4e50-4c78-8031-8869be7045ef",
    "color" : "#B8860B",
    "position" : {
      "x" : 4.959675,
      "y" : 5.6832814,
      "z" : 6.854102
    },
    "orientation" : 9
  }, {
    "shape" : "6b62f54e-0a87-4e2b-ae2d-cfc10eb6e32f",
    "color" : "#B0E0E6",
    "position" : {
      "x" : 3.0652475,
      "y" : -4.959675,
      "z" : 4.236068
    },
    "orientation" : 39
  }, {
    "shape" : "cd031008-9e72-48a4-a225-7b8b5752f669",
    "color" : "#008EC2",
    "position" : {
      "x" : 5.6832814,
      "y" : 12.984597,
      "z" : 11.09017
    },
    "orientation" : 55
  }, {
    "shape" : "6b62f54e-0a87-4e2b-ae2d-cfc10eb6e32f",
    "color" : "#B0E0E6",
    "position" : {
      "x" : -1.1708204,
      "y" : 1.8944272,
      "z" : -6.854102
    },
    "orientation" : 33
  }, {
    "shape" : "234cb524-5a9f-48c0-bfab-baafe9625636",
    "color" : "#800080",
    "position" : {
      "x" : -1.1708204,
      "y" : 1.8944272,
      "z" : 6.854102
    },
    "orientation" : 39
  }, {
    "shape" : "de27a39a-70f5-4e0c-9164-1b72bf461fca",
    "color" : "#F2F2F2",
    "position" : {
      "x" : -1.1708204,
      "y" : 10.366563,
      "z" : 6.854102
    }
  }, {
    "shape" : "0200376b-876d-4f0d-875e-8c502b1ef66d",
    "color" : "#0000FF",
    "position" : {
      "x" : 9.195743,
      "y" : -1.1708204,
      "z" : 4.236068
    },
    "orientation" : 3
  }, {
    "shape" : "6b62f54e-0a87-4e2b-ae2d-cfc10eb6e32f",
    "color" : "#B0E0E6",
    "position" : {
      "x" : -1.1708204,
      "y" : 1.8944272,
      "z" : -6.854102
    },
    "orientation" : 39
  }, {
    "shape" : "cd031008-9e72-48a4-a225-7b8b5752f669",
    "color" : "#008EC2",
    "position" : {
      "x" : -2.3416407,
      "y" : -9.91935,
      "z" : 0.0
    },
    "orientation" : 7
  }, {
    "shape" : "de27a39a-70f5-4e0c-9164-1b72bf461fca",
    "color" : "#F2F2F2",
    "position" : {
      "x" : 5.6832814,
      "y" : -0.7236068,
      "z" : -11.09017
    }
  }, {
    "shape" : "cd031008-9e72-48a4-a225-7b8b5752f669",
    "color" : "#008EC2",
    "position" : {
      "x" : 4.959675,
      "y" : 5.6832814,
      "z" : -6.854102
    },
    "orientation" : 21
  }, {
    "shape" : "cd031008-9e72-48a4-a225-7b8b5752f669",
    "color" : "#008EC2",
    "position" : {
      "x" : 3.0652475,
      "y" : -4.959675,
      "z" : 4.236068
    },
    "orientation" : 26
  }, {
    "shape" : "cd031008-9e72-48a4-a225-7b8b5752f669",
    "color" : "#008EC2",
    "position" : {
      "x" : -3.7888544,
      "y" : 6.130495,
      "z" : 0.0
    },
    "orientation" : 10
  }, {
    "shape" : "f558aeed-1c4c-49c8-8901-92fca5d80311",
    "color" : "#EC888B",
    "position" : {
      "x" : -1.1708204,
      "y" : 1.8944272,
      "z" : 6.854102
    },
    "orientation" : 30
  }, {
    "shape" : "6b62f54e-0a87-4e2b-ae2d-cfc10eb6e32f",
    "color" : "#B0E0E6",
    "position" : {
      "x" : -2.3416407,
      "y" : -9.91935,
      "z" : 0.0
    },
    "orientation" : 6
  }, {
    "shape" : "cd031008-9e72-48a4-a225-7b8b5752f669",
    "color" : "#008EC2",
    "position" : {
      "x" : -1.1708204,
      "y" : 10.366563,
      "z" : 6.854102
    },
    "orientation" : 16
  }, {
    "shape" : "234cb524-5a9f-48c0-bfab-baafe9625636",
    "color" : "#800080",
    "position" : {
      "x" : 5.6832814,
      "y" : -0.7236068,
      "z" : -11.09017
    },
    "orientation" : 19
  }, {
    "shape" : "57c7eccd-bf19-45eb-815e-cb6e746e46b6",
    "color" : "#0000FF",
    "position" : {
      "x" : 4.959675,
      "y" : 5.6832814,
      "z" : 6.854102
    },
    "orientation" : 6
  }, {
    "shape" : "57c7eccd-bf19-45eb-815e-cb6e746e46b6",
    "color" : "#0000FF",
    "position" : {
      "x" : 4.959675,
      "y" : 5.6832814,
      "z" : -6.854102
    },
    "orientation" : 0
  }, {
    "shape" : "e3cab9e1-4068-4e13-a98a-19d5de027257",
    "color" : "#00FF00",
    "position" : {
      "x" : -1.1708204,
      "y" : 1.8944272,
      "z" : 6.854102
    },
    "orientation" : 6
  }, {
    "shape" : "cd031008-9e72-48a4-a225-7b8b5752f669",
    "color" : "#008EC2",
    "position" : {
      "x" : -1.1708204,
      "y" : 10.366563,
      "z" : -6.854102
    },
    "orientation" : 16
  }, {
    "shape" : "cd031008-9e72-48a4-a225-7b8b5752f669",
    "color" : "#008EC2",
    "position" : {
      "x" : -1.1708204,
      "y" : 10.366563,
      "z" : -6.854102
    },
    "orientation" : 40
  }, {
    "shape" : "6b62f54e-0a87-4e2b-ae2d-cfc10eb6e32f",
    "color" : "#B0E0E6",
    "position" : {
      "x" : 3.0652475,
      "y" : -4.959675,
      "z" : -4.236068
    },
    "orientation" : 36
  }, {
    "shape" : "de27a39a-70f5-4e0c-9164-1b72bf461fca",
    "color" : "#F2F2F2",
    "position" : {
      "x" : -9.195743,
      "y" : 1.1708204,
      "z" : 4.236068
    }
  }, {
    "shape" : "de27a39a-70f5-4e0c-9164-1b72bf461fca",
    "color" : "#F2F2F2",
    "position" : {
      "x" : -2.3416407,
      "y" : -9.91935,
      "z" : 0.0
    }
  }, {
    "shape" : "04b32f00-4e50-4c78-8031-8869be7045ef",
    "color" : "#B8860B",
    "position" : {
      "x" : 4.959675,
      "y" : 5.6832814,
      "z" : -6.854102
    },
    "orientation" : 0
  }, {
    "shape" : "6b62f54e-0a87-4e2b-ae2d-cfc10eb6e32f",
    "color" : "#B0E0E6",
    "position" : {
      "x" : -3.7888544,
      "y" : 6.130495,
      "z" : 0.0
    },
    "orientation" : 30
  }, {
    "shape" : "cd031008-9e72-48a4-a225-7b8b5752f669",
    "color" : "#008EC2",
    "position" : {
      "x" : 9.195743,
      "y" : -1.1708204,
      "z" : -4.236068
    },
    "orientation" : 2
  }, {
    "shape" : "cd031008-9e72-48a4-a225-7b8b5752f669",
    "color" : "#008EC2",
    "position" : {
      "x" : 14.155417,
      "y" : -0.7236068,
      "z" : -11.09017
    },
    "orientation" : 54
  }, {
    "shape" : "90396bfa-6ae7-4f99-9c53-fed9fd0c78fc",
    "color" : "#800080",
    "position" : {
      "x" : 9.91935,
      "y" : 6.130495,
      "z" : -13.708204
    },
    "orientation" : 47
  }, {
    "shape" : "0200376b-876d-4f0d-875e-8c502b1ef66d",
    "color" : "#0000FF",
    "position" : {
      "x" : 2.3416407,
      "y" : 9.91935,
      "z" : 0.0
    },
    "orientation" : 12
  }, {
    "shape" : "de27a39a-70f5-4e0c-9164-1b72bf461fca",
    "color" : "#F2F2F2",
    "position" : {
      "x" : -9.195743,
      "y" : 1.1708204,
      "z" : -4.236068
    }
  }, {
    "shape" : "cd031008-9e72-48a4-a225-7b8b5752f669",
    "color" : "#008EC2",
    "position" : {
      "x" : 9.91935,
      "y" : 6.130495,
      "z" : 13.708204
    },
    "orientation" : 54
  }, {
    "shape" : "04b32f00-4e50-4c78-8031-8869be7045ef",
    "color" : "#B8860B",
    "position" : {
      "x" : 14.155417,
      "y" : -0.7236068,
      "z" : -11.09017
    },
    "orientation" : 39
  }, {
    "shape" : "c8597ae2-4a8f-468b-af49-733eed75f765",
    "color" : "#800080",
    "position" : {
      "x" : 16.77345,
      "y" : -4.959675,
      "z" : 4.236068
    },
    "orientation" : 21
  }, {
    "shape" : "de27a39a-70f5-4e0c-9164-1b72bf461fca",
    "color" : "#F2F2F2",
    "position" : {
      "x" : 14.155417,
      "y" : -0.7236068,
      "z" : -11.09017
    }
  }, {
    "shape" : "e3cab9e1-4068-4e13-a98a-19d5de027257",
    "color" : "#00FF00",
    "position" : {
      "x" : 3.0652475,
      "y" : -4.959675,
      "z" : -4.236068
    },
    "orientation" : 12
  }, {
    "shape" : "69ddef62-e983-4a31-a765-441c24961b49",
    "color" : "#800080",
    "position" : {
      "x" : -3.7888544,
      "y" : 6.130495,
      "z" : 0.0
    },
    "orientation" : 38
  }, {
    "shape" : "7d2b2d13-e607-4177-b7b1-f63af8938583",
    "color" : "#800080",
    "position" : {
      "x" : -1.1708204,
      "y" : 10.366563,
      "z" : 6.854102
    },
    "orientation" : 32
  }, {
    "shape" : "9103d128-fc72-4185-b7f9-f619b9f86fb2",
    "color" : "#00FF00",
    "position" : {
      "x" : 3.0652475,
      "y" : -4.959675,
      "z" : -4.236068
    },
    "orientation" : 30
  }, {
    "shape" : "7d2b2d13-e607-4177-b7b1-f63af8938583",
    "color" : "#800080",
    "position" : {
      "x" : 14.155417,
      "y" : -0.7236068,
      "z" : 11.09017
    },
    "orientation" : 31
  }, {
    "shape" : "cd031008-9e72-48a4-a225-7b8b5752f669",
    "color" : "#008EC2",
    "position" : {
      "x" : -2.3416407,
      "y" : -9.91935,
      "z" : 0.0
    },
    "orientation" : 55
  }, {
    "shape" : "de27a39a-70f5-4e0c-9164-1b72bf461fca",
    "color" : "#F2F2F2",
    "position" : {
      "x" : 9.91935,
      "y" : 6.130495,
      "z" : -13.708204
    }
  }, {
    "shape" : "04b32f00-4e50-4c78-8031-8869be7045ef",
    "color" : "#B8860B",
    "position" : {
      "x" : 3.0652475,
      "y" : 17.220665,
      "z" : 4.236068
    },
    "orientation" : 33
  }, {
    "shape" : "de27a39a-70f5-4e0c-9164-1b72bf461fca",
    "color" : "#F2F2F2",
    "position" : {
      "x" : 16.77345,
      "y" : -4.959675,
      "z" : -4.236068
    }
  }, {
    "shape" : "04b32f00-4e50-4c78-8031-8869be7045ef",
    "color" : "#B8860B",
    "position" : {
      "x" : 5.6832814,
      "y" : 12.984597,
      "z" : 11.09017
    },
    "orientation" : 33
  }, {
    "shape" : "cd031008-9e72-48a4-a225-7b8b5752f669",
    "color" : "#008EC2",
    "position" : {
      "x" : 5.6832814,
      "y" : 12.984597,
      "z" : -11.09017
    },
    "orientation" : 41
  }, {
    "shape" : "69ddef62-e983-4a31-a765-441c24961b49",
    "color" : "#800080",
    "position" : {
      "x" : 5.6832814,
      "y" : 12.984597,
      "z" : -11.09017
    },
    "orientation" : 54
  }, {
    "shape" : "04b32f00-4e50-4c78-8031-8869be7045ef",
    "color" : "#B8860B",
    "position" : {
      "x" : 5.6832814,
      "y" : 12.984597,
      "z" : -11.09017
    },
    "orientation" : 36
  }, {
    "shape" : "69ddef62-e983-4a31-a765-441c24961b49",
    "color" : "#800080",
    "position" : {
      "x" : -1.1708204,
      "y" : 10.366563,
      "z" : -6.854102
    },
    "orientation" : 30
  }, {
    "shape" : "cd031008-9e72-48a4-a225-7b8b5752f669",
    "color" : "#008EC2",
    "position" : {
      "x" : 3.0652475,
      "y" : -4.959675,
      "z" : 4.236068
    },
    "orientation" : 47
  }, {
    "shape" : "6b62f54e-0a87-4e2b-ae2d-cfc10eb6e32f",
    "color" : "#B0E0E6",
    "position" : {
      "x" : -9.195743,
      "y" : 1.1708204,
      "z" : 4.236068
    },
    "orientation" : 0
  }, {
    "shape" : "04b32f00-4e50-4c78-8031-8869be7045ef",
    "color" : "#B8860B",
    "position" : {
      "x" : 9.195743,
      "y" : -1.1708204,
      "z" : -4.236068
    },
    "orientation" : 12
  }, {
    "shape" : "f558aeed-1c4c-49c8-8901-92fca5d80311",
    "color" : "#800080",
    "position" : {
      "x" : 16.77345,
      "y" : -4.959675,
      "z" : -4.236068
    },
    "orientation" : 16
  }, {
    "shape" : "04b32f00-4e50-4c78-8031-8869be7045ef",
    "color" : "#B8860B",
    "position" : {
      "x" : 3.0652475,
      "y" : 17.220665,
      "z" : -4.236068
    },
    "orientation" : 36
  }, {
    "shape" : "cd031008-9e72-48a4-a225-7b8b5752f669",
    "color" : "#008EC2",
    "position" : {
      "x" : 5.6832814,
      "y" : -0.7236068,
      "z" : 11.09017
    },
    "orientation" : 9
  }, {
    "shape" : "de27a39a-70f5-4e0c-9164-1b72bf461fca",
    "color" : "#F2F2F2",
    "position" : {
      "x" : 5.6832814,
      "y" : 12.984597,
      "z" : 11.09017
    }
  }, {
    "shape" : "cd031008-9e72-48a4-a225-7b8b5752f669",
    "color" : "#008EC2",
    "position" : {
      "x" : 3.0652475,
      "y" : -4.959675,
      "z" : -4.236068
    },
    "orientation" : 8
  }, {
    "shape" : "234cb524-5a9f-48c0-bfab-baafe9625636",
    "color" : "#800080",
    "position" : {
      "x" : 14.155417,
      "y" : -0.7236068,
      "z" : -11.09017
    },
    "orientation" : 22
  }, {
    "shape" : "57c7eccd-bf19-45eb-815e-cb6e746e46b6",
    "color" : "#0000FF",
    "position" : {
      "x" : 9.195743,
      "y" : -1.1708204,
      "z" : 4.236068
    },
    "orientation" : 9
  }, {
    "shape" : "de27a39a-70f5-4e0c-9164-1b72bf461fca",
    "color" : "#F2F2F2",
    "position" : {
      "x" : 2.3416407,
      "y" : 9.91935,
      "z" : 0.0
    }
  }, {
    "shape" : "0200376b-876d-4f0d-875e-8c502b1ef66d",
    "color" : "#0000FF",
    "position" : {
      "x" : 9.195743,
      "y" : -1.1708204,
      "z" : -4.236068
    },
    "orientation" : 6
  }, {
    "shape" : "cd031008-9e72-48a4-a225-7b8b5752f669",
    "color" : "#008EC2",
    "position" : {
      "x" : 9.195743,
      "y" : -1.1708204,
      "z" : 4.236068
    },
    "orientation" : 51
  }, {
    "shape" : "cd031008-9e72-48a4-a225-7b8b5752f669",
    "color" : "#008EC2",
    "position" : {
      "x" : -3.7888544,
      "y" : 6.130495,
      "z" : 0.0
    },
    "orientation" : 37
  }, {
    "shape" : "6b62f54e-0a87-4e2b-ae2d-cfc10eb6e32f",
    "color" : "#B0E0E6",
    "position" : {
      "x" : -1.1708204,
      "y" : 1.8944272,
      "z" : 6.854102
    },
    "orientation" : 33
  }, {
    "shape" : "cd031008-9e72-48a4-a225-7b8b5752f669",
    "color" : "#008EC2",
    "position" : {
      "x" : 14.155417,
      "y" : -0.7236068,
      "z" : 11.09017
    },
    "orientation" : 25
  }, {
    "shape" : "cd031008-9e72-48a4-a225-7b8b5752f669",
    "color" : "#008EC2",
    "position" : {
      "x" : 5.6832814,
      "y" : -0.7236068,
      "z" : -11.09017
    },
    "orientation" : 6
  }, {
    "shape" : "de27a39a-70f5-4e0c-9164-1b72bf461fca",
    "color" : "#F2F2F2",
    "position" : {
      "x" : 16.77345,
      "y" : -4.959675,
      "z" : 4.236068
    }
  }, {
    "shape" : "57c7eccd-bf19-45eb-815e-cb6e746e46b6",
    "color" : "#0000FF",
    "position" : {
      "x" : 9.195743,
      "y" : -1.1708204,
      "z" : -4.236068
    },
    "orientation" : 12
  }, {
    "shape" : "cd031008-9e72-48a4-a225-7b8b5752f669",
    "color" : "#008EC2",
    "position" : {
      "x" : -1.1708204,
      "y" : 10.366563,
      "z" : 6.854102
    },
    "orientation" : 11
  }, {
    "shape" : "e3cab9e1-4068-4e13-a98a-19d5de027257",
    "color" : "#00FF00",
    "position" : {
      "x" : -3.7888544,
      "y" : 6.130495,
      "z" : 0.0
    },
    "orientation" : 3
  }, {
    "shape" : "cd031008-9e72-48a4-a225-7b8b5752f669",
    "color" : "#008EC2",
    "position" : {
      "x" : 3.0652475,
      "y" : 17.220665,
      "z" : -4.236068
    },
    "orientation" : 25
  }, {
    "shape" : "de27a39a-70f5-4e0c-9164-1b72bf461fca",
    "color" : "#F2F2F2",
    "position" : {
      "x" : 4.959675,
      "y" : 5.6832814,
      "z" : -6.854102
    }
  }, {
    "shape" : "04b32f00-4e50-4c78-8031-8869be7045ef",
    "color" : "#B8860B",
    "position" : {
      "x" : 14.155417,
      "y" : -0.7236068,
      "z" : 11.09017
    },
    "orientation" : 30
  }, {
    "shape" : "cd031008-9e72-48a4-a225-7b8b5752f669",
    "color" : "#008EC2",
    "position" : {
      "x" : 9.91935,
      "y" : 6.130495,
      "z" : -13.708204
    },
    "orientation" : 51
  }, {
    "shape" : "de27a39a-70f5-4e0c-9164-1b72bf461fca",
    "color" : "#F2F2F2",
    "position" : {
      "x" : 5.6832814,
      "y" : -0.7236068,
      "z" : 11.09017
    }
  }, {
    "shape" : "c8597ae2-4a8f-468b-af49-733eed75f765",
    "color" : "#800080",
    "position" : {
      "x" : 9.91935,
      "y" : -7.5777087,
      "z" : 0.0
