{
  "field" : "polygon12",
  "symmetry" : "octahedral",
  "orientations" : [ [ 1.0, 0.0, 0.0, 0.0, 0.0, 1.0, 0.0, 0.0, 0.0, 0.0, 1.0, 0.0, 0.0, 0.0, 0.0, 1.0 ], [ 1.0, 0.0, 0.0, 0.0, 0.0, 0.0, 1.0, 0.0, 0.0, -1.0, 0.0, 0.0, 0.0, 0.0, 0.0, 1.0 ], [ 1.0, 0.0, 0.0, 0.0, 0.0, -1.0, 0.0, 0.0, 0.0, 0.0, -1.0, 0.0, 0.0, 0.0, 0.0, 1.0 ], [ 1.0, 0.0, 0.0, 0.0, 0.0, 0.0, -1.0, 0.0, 0.0, 1.0, 0.0, 0.0, 0.0, 0.0, 0.0, 1.0 ], [ 0.0, 1.0, 0.0, 0.0, 0.0, 0.0, 1.0, 0.0, 1.0, 0.0, 0.0, 0.0, 0.0, 0.0, 0.0, 1.0 ], [ 0.0, 1.0, 0.0, 0.0, 1.0, 0.0, 0.0, 0.0, 0.0, 0.0, -1.0, 0.0, 0.0, 0.0, 0.0, 1.0 ], [ 0.0, 1.0, 0.0, 0.0, 0.0, 0.0, -1.0, 0.0, -1.0, 0.0, 0.0, 0.0, 0.0, 0.0, 0.0, 1.0 ], [ 0.0, 1.0, 0.0, 0.0, -1.0, 0.0, 0.0, 0.0, 0.0, 0.0, 1.0, 0.0, 0.0, 0.0, 0.0, 1.0 ], [ 0.0, 0.0, 1.0, 0.0, 1.0, 0.0, 0.0, 0.0, 0.0, 1.0, 0.0, 0.0, 0.0, 0.0, 0.0, 1.0 ], [ 0.0, 0.0, 1.0, 0.0, 0.0, 1.0, 0.0, 0.0, -1.0, 0.0, 0.0, 0.0, 0.0, 0.0, 0.0, 1.0 ], [ 0.0, 0.0, 1.0, 0.0, -1.0, 0.0, 0.0, 0.0, 0.0, -1.0, 0.0, 0.0, 0.0, 0.0, 0.0, 1.0 ], [ 0.0, 0.0, 1.0, 0.0, 0.0, -1.0, 0.0, 0.0, 1.0, 0.0, 0.0, 0.0, 0.0, 0.0, 0.0, 1.0 ], [ -1.0, 0.0, 0.0, 0.0, 0.0, -1.0, 0.0, 0.0, 0.0, 0.0, 1.0, 0.0, 0.0, 0.0, 0.0, 1.0 ], [ -1.0, 0.0, 0.0, 0.0, 0.0, 0.0, 1.0, 0.0, 0.0, 1.0, 0.0, 0.0, 0.0, 0.0, 0.0, 1.0 ], [ -1.0, 0.0, 0.0, 0.0, 0.0, 1.0, 0.0, 0.0, 0.0, 0.0, -1.0, 0.0, 0.0, 0.0, 0.0, 1.0 ], [ -1.0, 0.0, 0.0, 0.0, 0.0, 0.0, -1.0, 0.0, 0.0, -1.0, 0.0, 0.0, 0.0, 0.0, 0.0, 1.0 ], [ 0.0, -1.0, 0.0, 0.0, 0.0, 0.0, -1.0, 0.0, 1.0, 0.0, 0.0, 0.0, 0.0, 0.0, 0.0, 1.0 ], [ 0.0, -1.0, 0.0, 0.0, 1.0, 0.0, 0.0, 0.0, 0.0, 0.0, 1.0, 0.0, 0.0, 0.0, 0.0, 1.0 ], [ 0.0, -1.0, 0.0, 0.0, 0.0, 0.0, 1.0, 0.0, -1.0, 0.0, 0.0, 0.0, 0.0, 0.0, 0.0, 1.0 ], [ 0.0, -1.0, 0.0, 0.0, -1.0, 0.0, 0.0, 0.0, 0.0, 0.0, -1.0, 0.0, 0.0, 0.0, 0.0, 1.0 ], [ 0.0, 0.0, -1.0, 0.0, -1.0, 0.0, 0.0, 0.0, 0.0, 1.0, 0.0, 0.0, 0.0, 0.0, 0.0, 1.0 ], [ 0.0, 0.0, -1.0, 0.0, 0.0, 1.0, 0.0, 0.0, 1.0, 0.0, 0.0, 0.0, 0.0, 0.0, 0.0, 1.0 ], [ 0.0, 0.0, -1.0, 0.0, 1.0, 0.0, 0.0, 0.0, 0.0, -1.0, 0.0, 0.0, 0.0, 0.0, 0.0, 1.0 ], [ 0.0, 0.0, -1.0, 0.0, 0.0, -1.0, 0.0, 0.0, -1.0, 0.0, 0.0, 0.0, 0.0, 0.0, 0.0, 1.0 ] ],
  "lights" : {
    "directionalLights" : [ {
      "direction" : [ 1.0, -1.0, -1.0 ],
      "color" : "#EBEBE4"
    }, {
      "direction" : [ -1.0, 0.0, 0.0 ],
      "color" : "#E4E4EB"
    }, {
      "direction" : [ 0.0, 0.0, -1.0 ],
      "color" : "#1E1E1E"
    } ],
    "backgroundColor" : "#AFC8DC",
    "ambientColor" : "#292929"
  },
  "camera" : {
    "nearClipDistance" : 0.34556133,
    "position" : {
      "x" : 0.0,
      "y" : 0.0,
      "z" : 138.22453
    },
    "width" : 62.201046,
    "perspective" : false,
    "lookAtPoint" : {
      "x" : 0.0,
      "y" : 0.0,
      "z" : 0.0
    },
    "viewDistance" : 138.22453,
    "fieldOfView" : 0.44262892,
    "farClipDistance" : 276.44907,
    "upDirection" : {
      "x" : -0.0,
      "y" : 1.0,
      "z" : 0.0
    },
    "lookDirection" : {
      "x" : 0.0,
      "y" : 0.0,
      "z" : -1.0
    },
    "stereo" : false
  },
  "embedding" : [ 1.0, 0.0, 0.0, 0.0, 0.0, 1.0, 0.0, 0.0, 0.0, 0.0, 1.0, 0.0, 0.0, 0.0, 0.0, 1.0 ],
  "shapes" : [ {
    "id" : "23cfe70c-5a3d-4fab-9fd5-831eb4542f6b",
    "vertices" : [ {
      "x" : -6.5482597,
      "y" : 13.096519,
      "z" : -6.5482597
    }, {
      "x" : -2.9433756,
      "y" : 4.2663927,
      "z" : -10.153144
    }, {
      "x" : -10.153144,
      "y" : 4.2663927,
      "z" : -2.9433756
    } ],
    "faces" : [ {
      "vertices" : [ 0, 1, 2 ]
    }, {
      "vertices" : [ 0, 2, 1 ]
    } ]
  }, {
    "id" : "5b158440-8579-4988-bf7c-db320f9aa061",
    "vertices" : [ {
      "x" : 2.9433756,
      "y" : -4.2663927,
      "z" : 10.153144
    }, {
      "x" : -2.9433756,
      "y" : -10.153144,
      "z" : 4.2663927
    }, {
      "x" : 4.2663927,
      "y" : -10.153144,
      "z" : -2.9433756
    }, {
      "x" : 10.153144,
      "y" : -4.2663927,
      "z" : 2.9433756
    } ],
    "faces" : [ {
      "vertices" : [ 0, 1, 2 ]
    }, {
      "vertices" : [ 0, 2, 3 ]
    }, {
      "vertices" : [ 0, 3, 2 ]
    }, {
      "vertices" : [ 0, 2, 1 ]
    } ]
  }, {
    "id" : "f33c4a50-278e-4371-b04b-0baf752a5674",
    "vertices" : [ {
      "x" : 10.153144,
      "y" : 2.9433756,
      "z" : -4.2663927
    }, {
      "x" : 10.153144,
      "y" : -4.2663927,
      "z" : 2.9433756
    }, {
      "x" : 13.096519,
      "y" : -6.5482597,
      "z" : -6.5482597
    } ],
    "faces" : [ {
      "vertices" : [ 0, 1, 2 ]
    }, {
      "vertices" : [ 0, 2, 1 ]
    } ]
  }, {
    "id" : "a62d65c0-80ed-410d-bddc-5cb3f2e3315d",
    "vertices" : [ {
      "x" : 2.9433756,
      "y" : 10.153144,
      "z" : -4.2663927
    }, {
      "x" : 10.153144,
      "y" : 2.9433756,
      "z" : -4.2663927
    }, {
      "x" : 4.2663927,
      "y" : -2.9433756,
      "z" : -10.153144
    }, {
      "x" : -2.9433756,
      "y" : 4.2663927,
      "z" : -10.153144
    } ],
    "faces" : [ {
      "vertices" : [ 0, 1, 2 ]
    }, {
      "vertices" : [ 0, 2, 3 ]
    }, {
      "vertices" : [ 0, 3, 2 ]
    }, {
      "vertices" : [ 0, 2, 1 ]
    } ]
  }, {
    "id" : "b6201f55-0950-4a04-a1b8-b65c8f98319c",
    "vertices" : [ {
      "x" : 10.153144,
      "y" : 2.9433756,
      "z" : -4.2663927
    }, {
      "x" : 13.096519,
      "y" : -6.5482597,
      "z" : -6.5482597
    }, {
      "x" : 4.2663927,
      "y" : -2.9433756,
      "z" : -10.153144
    } ],
    "faces" : [ {
      "vertices" : [ 0, 1, 2 ]
    }, {
      "vertices" : [ 0, 2, 1 ]
    } ]
  }, {
    "id" : "d50a81a0-e914-446c-a2fc-0c33a7963e35",
    "vertices" : [ {
      "x" : -6.5482597,
      "y" : 13.096519,
      "z" : -6.5482597
    }, {
      "x" : -10.153144,
      "y" : 4.2663927,
      "z" : -2.9433756
    }, {
      "x" : -4.2663927,
      "y" : 10.153144,
      "z" : 2.9433756
    } ],
    "faces" : [ {
      "vertices" : [ 0, 1, 2 ]
    }, {
      "vertices" : [ 0, 2, 1 ]
    } ]
  }, {
    "id" : "c482f888-aac0-4849-b215-663d2851da5e",
    "vertices" : [ {
      "x" : -6.5482597,
      "y" : 13.096519,
      "z" : -6.5482597
    }, {
      "x" : 2.9433756,
      "y" : 10.153144,
      "z" : -4.2663927
    }, {
      "x" : -2.9433756,
      "y" : 4.2663927,
      "z" : -10.153144
    } ],
    "faces" : [ {
      "vertices" : [ 0, 1, 2 ]
    }, {
      "vertices" : [ 0, 2, 1 ]
    } ]
  }, {
    "id" : "7007ca07-b98f-4c6f-a57f-a0b05a41405d",
    "vertices" : [ {
      "x" : -2.9433756,
      "y" : 4.2663927,
      "z" : -10.153144
    }, {
      "x" : 4.2663927,
      "y" : -2.9433756,
      "z" : -10.153144
    }, {
      "x" : 4.2663927,
      "y" : -10.153144,
      "z" : -2.9433756
    }, {
      "x" : -2.9433756,
      "y" : -10.153144,
      "z" : 4.2663927
    }, {
      "x" : -10.153144,
      "y" : -2.9433756,
      "z" : 4.2663927
    }, {
      "x" : -10.153144,
      "y" : 4.2663927,
      "z" : -2.9433756
    } ],
    "faces" : [ {
      "vertices" : [ 0, 1, 2 ]
    }, {
      "vertices" : [ 0, 2, 3 ]
    }, {
      "vertices" : [ 0, 3, 4 ]
    }, {
      "vertices" : [ 0, 4, 5 ]
    }, {
      "vertices" : [ 0, 5, 4 ]
    }, {
      "vertices" : [ 0, 4, 3 ]
    }, {
      "vertices" : [ 0, 3, 2 ]
    }, {
      "vertices" : [ 0, 2, 1 ]
    } ]
  }, {
    "id" : "56bb05a1-748c-495e-84d9-3c26cff51da3",
    "vertices" : [ {
      "x" : -4.2663927,
      "y" : 2.9433756,
      "z" : 10.153144
    }, {
      "x" : 2.9433756,
      "y" : -4.2663927,
      "z" : 10.153144
    }, {
      "x" : 10.153144,
      "y" : -4.2663927,
      "z" : 2.9433756
    }, {
      "x" : 10.153144,
      "y" : 2.9433756,
      "z" : -4.2663927
    }, {
      "x" : 2.9433756,
      "y" : 10.153144,
      "z" : -4.2663927
    }, {
      "x" : -4.2663927,
      "y" : 10.153144,
      "z" : 2.9433756
    } ],
    "faces" : [ {
      "vertices" : [ 0, 1, 2 ]
    }, {
      "vertices" : [ 0, 2, 3 ]
    }, {
      "vertices" : [ 0, 3, 4 ]
    }, {
      "vertices" : [ 0, 4, 5 ]
    }, {
      "vertices" : [ 0, 5, 4 ]
    }, {
      "vertices" : [ 0, 4, 3 ]
    }, {
      "vertices" : [ 0, 3, 2 ]
    }, {
      "vertices" : [ 0, 2, 1 ]
    } ]
  }, {
    "id" : "438d289a-0019-4fd5-8696-94c659f4881e",
    "vertices" : [ {
      "x" : 4.2663927,
      "y" : -2.9433756,
      "z" : -10.153144
    }, {
      "x" : 13.096519,
      "y" : -6.5482597,
      "z" : -6.5482597
    }, {
      "x" : 4.2663927,
      "y" : -10.153144,
      "z" : -2.9433756
    } ],
    "faces" : [ {
      "vertices" : [ 0, 1, 2 ]
    }, {
      "vertices" : [ 0, 2, 1 ]
    } ]
  }, {
    "id" : "15b8a585-d790-4449-8991-9cf31bf89512",
    "vertices" : [ {
      "x" : -10.153144,
      "y" : 4.2663927,
      "z" : -2.9433756
    }, {
      "x" : -10.153144,
      "y" : -2.9433756,
      "z" : 4.2663927
    }, {
      "x" : -4.2663927,
      "y" : 2.9433756,
      "z" : 10.153144
    }, {
      "x" : -4.2663927,
      "y" : 10.153144,
      "z" : 2.9433756
    } ],
    "faces" : [ {
      "vertices" : [ 0, 1, 2 ]
    }, {
      "vertices" : [ 0, 2, 3 ]
    }, {
      "vertices" : [ 0, 3, 2 ]
    }, {
      "vertices" : [ 0, 2, 1 ]
    } ]
  }, {
    "id" : "d660d379-e9ef-47a4-998d-bd1db23815c6",
    "vertices" : [ {
      "x" : -4.2663927,
      "y" : 10.153144,
      "z" : 2.9433756
    }, {
      "x" : 2.9433756,
      "y" : 10.153144,
      "z" : -4.2663927
    }, {
      "x" : -6.5482597,
      "y" : 13.096519,
      "z" : -6.5482597
    } ],
    "faces" : [ {
      "vertices" : [ 0, 1, 2 ]
    }, {
      "vertices" : [ 0, 2, 1 ]
    } ]
  }, {
    "id" : "7621a6b5-aff8-47cd-900e-cdea4813f4e2",
    "vertices" : [ {
      "x" : 4.2663927,
      "y" : -10.153144,
      "z" : -2.9433756
    }, {
      "x" : 13.096519,
      "y" : -6.5482597,
      "z" : -6.5482597
    }, {
      "x" : 10.153144,
      "y" : -4.2663927,
      "z" : 2.9433756
    } ],
    "faces" : [ {
      "vertices" : [ 0, 1, 2 ]
    }, {
      "vertices" : [ 0, 2, 1 ]
    } ]
  }, {
    "id" : "e9e662fa-8e3a-4e90-a23b-39f9980599e2",
    "vertices" : [ {
      "x" : -4.2663927,
      "y" : 2.9433756,
      "z" : 10.153144
    }, {
      "x" : -10.153144,
      "y" : -2.9433756,
      "z" : 4.2663927
    }, {
      "x" : -2.9433756,
      "y" : -10.153144,
      "z" : 4.2663927
    }, {
      "x" : 2.9433756,
      "y" : -4.2663927,
      "z" : 10.153144
    } ],
    "faces" : [ {
      "vertices" : [ 0, 1, 2 ]
    }, {
      "vertices" : [ 0, 2, 3 ]
    }, {
      "vertices" : [ 0, 3, 2 ]
    }, {
      "vertices" : [ 0, 2, 1 ]
    } ]
  }, {
    "id" : "20523628-cf33-4bf9-a50c-8587545b844d",
    "vertices" : [ {
      "x" : -6.5482597,
      "y" : 13.096519,
      "z" : -6.5482597
    }, {
      "x" : -10.153144,
      "y" : 4.2663927,
      "z" : -2.9433756
    }, {
      "x" : -4.2663927,
      "y" : 10.153144,
      "z" : 2.9433756
    } ],
    "faces" : [ {
      "vertices" : [ 0, 1, 2 ]
    }, {
      "vertices" : [ 0, 2, 1 ]
    } ]
  }, {
    "id" : "051f2384-a574-4532-805c-c9350cfd302b",
    "vertices" : [ {
      "x" : 10.153144,
      "y" : 2.9433756,
      "z" : -4.2663927
    }, {
      "x" : 10.153144,
      "y" : -4.2663927,
      "z" : 2.9433756
    }, {
      "x" : 13.096519,
      "y" : -6.5482597,
      "z" : -6.5482597
    } ],
    "faces" : [ {
      "vertices" : [ 0, 1, 2 ]
    }, {
      "vertices" : [ 0, 2, 1 ]
    } ]
  }, {
    "id" : "0a723cc7-162a-4c22-a25d-db00427d7084",
    "vertices" : [ {
      "x" : -6.5482597,
      "y" : 13.096519,
      "z" : -6.5482597
    }, {
      "x" : 2.9433756,
      "y" : 10.153144,
      "z" : -4.2663927
    }, {
      "x" : -2.9433756,
      "y" : 4.2663927,
      "z" : -10.153144
    } ],
    "faces" : [ {
      "vertices" : [ 0, 1, 2 ]
    }, {
      "vertices" : [ 0, 2, 1 ]
    } ]
  }, {
    "id" : "35a91b42-f3fa-4ce5-8e2c-5e2c06061786",
    "vertices" : [ {
      "x" : -4.2663927,
      "y" : 2.9433756,
      "z" : 10.153144
    }, {
      "x" : 2.9433756,
      "y" : -4.2663927,
      "z" : 10.153144
    }, {
      "x" : 10.153144,
      "y" : -4.2663927,
      "z" : 2.9433756
    }, {
      "x" : 10.153144,
      "y" : 2.9433756,
      "z" : -4.2663927
    }, {
      "x" : 2.9433756,
      "y" : 10.153144,
      "z" : -4.2663927
    }, {
      "x" : -4.2663927,
      "y" : 10.153144,
      "z" : 2.9433756
    } ],
    "faces" : [ {
      "vertices" : [ 0, 1, 2 ]
    }, {
      "vertices" : [ 0, 2, 3 ]
    }, {
      "vertices" : [ 0, 3, 4 ]
    }, {
      "vertices" : [ 0, 4, 5 ]
    }, {
      "vertices" : [ 0, 5, 4 ]
    }, {
      "vertices" : [ 0, 4, 3 ]
    }, {
      "vertices" : [ 0, 3, 2 ]
    }, {
      "vertices" : [ 0, 2, 1 ]
    } ]
  }, {
    "id" : "d0f06f1c-b576-4c1a-88aa-3b1e908f6b63",
    "vertices" : [ {
      "x" : -4.2663927,
      "y" : 2.9433756,
      "z" : 10.153144
    }, {
      "x" : -6.5482597,
      "y" : -6.5482597,
      "z" : 13.096519
    }, {
      "x" : 2.9433756,
      "y" : -4.2663927,
      "z" : 10.153144
    } ],
    "faces" : [ {
      "vertices" : [ 0, 1, 2 ]
    }, {
      "vertices" : [ 0, 2, 1 ]
    } ]
  }, {
    "id" : "ff037b24-3733-423e-83eb-b7180c2c463e",
    "vertices" : [ {
      "x" : -2.9433756,
      "y" : -10.153144,
      "z" : 4.2663927
    }, {
      "x" : 2.9433756,
      "y" : -4.2663927,
      "z" : 10.153144
    }, {
      "x" : -6.5482597,
      "y" : -6.5482597,
      "z" : 13.096519
    } ],
    "faces" : [ {
      "vertices" : [ 0, 1, 2 ]
    }, {
      "vertices" : [ 0, 2, 1 ]
    } ]
  }, {
    "id" : "a7b752b4-36fd-4138-a7fd-9ba9f6f05e91",
    "vertices" : [ {
      "x" : 10.153144,
      "y" : 2.9433756,
      "z" : -4.2663927
    }, {
      "x" : 13.096519,
      "y" : -6.5482597,
      "z" : -6.5482597
    }, {
      "x" : 4.2663927,
      "y" : -2.9433756,
      "z" : -10.153144
    } ],
    "faces" : [ {
      "vertices" : [ 0, 1, 2 ]
    }, {
      "vertices" : [ 0, 2, 1 ]
    } ]
  }, {
    "id" : "9be4b368-1283-4d68-ae9a-c5dd3a5c541a",
    "vertices" : [ {
      "x" : -10.153144,
      "y" : 4.2663927,
      "z" : -2.9433756
    }, {
      "x" : -10.153144,
      "y" : -2.9433756,
      "z" : 4.2663927
    }, {
      "x" : -4.2663927,
      "y" : 2.9433756,
      "z" : 10.153144
    }, {
      "x" : -4.2663927,
      "y" : 10.153144,
      "z" : 2.9433756
    } ],
    "faces" : [ {
      "vertices" : [ 0, 1, 2 ]
    }, {
      "vertices" : [ 0, 2, 3 ]
    }, {
      "vertices" : [ 0, 3, 2 ]
    }, {
      "vertices" : [ 0, 2, 1 ]
    } ]
  }, {
    "id" : "f9e4fced-c29a-4f1f-b270-1598a1090ab0",
    "vertices" : [ {
      "x" : -10.153144,
      "y" : -2.9433756,
      "z" : 4.2663927
    }, {
      "x" : -2.9433756,
      "y" : -10.153144,
      "z" : 4.2663927
    }, {
      "x" : -6.5482597,
      "y" : -6.5482597,
      "z" : 13.096519
    } ],
    "faces" : [ {
      "vertices" : [ 0, 1, 2 ]
    }, {
      "vertices" : [ 0, 2, 1 ]
    } ]
  }, {
    "id" : "b080b8d4-4bd6-48ef-a9dd-c0e9786d22a4",
    "vertices" : [ {
      "x" : 4.2663927,
      "y" : -2.9433756,
      "z" : -10.153144
    }, {
      "x" : 13.096519,
      "y" : -6.5482597,
      "z" : -6.5482597
    }, {
      "x" : 4.2663927,
      "y" : -10.153144,
      "z" : -2.9433756
    } ],
    "faces" : [ {
      "vertices" : [ 0, 1, 2 ]
    }, {
      "vertices" : [ 0, 2, 1 ]
    } ]
  }, {
    "id" : "200fdc76-a4b5-462f-af02-ed5a9df5939a",
    "vertices" : [ {
      "x" : -2.9433756,
      "y" : 4.2663927,
      "z" : -10.153144
    }, {
      "x" : 4.2663927,
      "y" : -2.9433756,
      "z" : -10.153144
    }, {
      "x" : 4.2663927,
      "y" : -10.153144,
      "z" : -2.9433756
    }, {
      "x" : -2.9433756,
      "y" : -10.153144,
      "z" : 4.2663927
    }, {
      "x" : -10.153144,
      "y" : -2.9433756,
      "z" : 4.2663927
    }, {
      "x" : -10.153144,
      "y" : 4.2663927,
      "z" : -2.9433756
    } ],
    "faces" : [ {
      "vertices" : [ 0, 1, 2 ]
    }, {
      "vertices" : [ 0, 2, 3 ]
    }, {
      "vertices" : [ 0, 3, 4 ]
    }, {
      "vertices" : [ 0, 4, 5 ]
    }, {
      "vertices" : [ 0, 5, 4 ]
    }, {
      "vertices" : [ 0, 4, 3 ]
    }, {
      "vertices" : [ 0, 3, 2 ]
    }, {
      "vertices" : [ 0, 2, 1 ]
    } ]
  }, {
    "id" : "7b709e86-fdf3-48f3-9888-0f758b294991",
    "vertices" : [ {
      "x" : 2.9433756,
      "y" : -4.2663927,
      "z" : 10.153144
    }, {
      "x" : -2.9433756,
      "y" : -10.153144,
      "z" : 4.2663927
    }, {
      "x" : 4.2663927,
      "y" : -10.153144,
      "z" : -2.9433756
    }, {
      "x" : 10.153144,
      "y" : -4.2663927,
      "z" : 2.9433756
    } ],
    "faces" : [ {
      "vertices" : [ 0, 1, 2 ]
    }, {
      "vertices" : [ 0, 2, 3 ]
    }, {
      "vertices" : [ 0, 3, 2 ]
    }, {
      "vertices" : [ 0, 2, 1 ]
    } ]
  }, {
    "id" : "91e62711-8aeb-4e90-bddf-3d842db8d91a",
    "vertices" : [ {
      "x" : -4.2663927,
      "y" : 10.153144,
      "z" : 2.9433756
    }, {
      "x" : 2.9433756,
      "y" : 10.153144,
      "z" : -4.2663927
    }, {
      "x" : -6.5482597,
      "y" : 13.096519,
      "z" : -6.5482597
    } ],
    "faces" : [ {
      "vertices" : [ 0, 1, 2 ]
    }, {
      "vertices" : [ 0, 2, 1 ]
    } ]
  }, {
    "id" : "1005e6e6-dc1c-427d-b9ac-ab5a2feb687b",
    "vertices" : [ {
      "x" : 2.9433756,
      "y" : 10.153144,
      "z" : -4.2663927
    }, {
      "x" : 10.153144,
      "y" : 2.9433756,
      "z" : -4.2663927
    }, {
      "x" : 4.2663927,
      "y" : -2.9433756,
      "z" : -10.153144
    }, {
      "x" : -2.9433756,
      "y" : 4.2663927,
      "z" : -10.153144
    } ],
    "faces" : [ {
      "vertices" : [ 0, 1, 2 ]
    }, {
      "vertices" : [ 0, 2, 3 ]
    }, {
      "vertices" : [ 0, 3, 2 ]
    }, {
      "vertices" : [ 0, 2, 1 ]
    } ]
  }, {
    "id" : "ce7d8cc3-7821-468e-8c51-3e77826ca9d6",
    "vertices" : [ {
      "x" : -4.2663927,
      "y" : 2.9433756,
      "z" : 10.153144
    }, {
      "x" : -10.153144,
      "y" : -2.9433756,
      "z" : 4.2663927
    }, {
      "x" : -6.5482597,
      "y" : -6.5482597,
      "z" : 13.096519
    } ],
    "faces" : [ {
      "vertices" : [ 0, 1, 2 ]
    }, {
      "vertices" : [ 0, 2, 1 ]
    } ]
  }, {
    "id" : "7e49b28a-196d-46b6-abb8-e5805de3429f",
    "vertices" : [ {
      "x" : 4.2663927,
      "y" : -10.153144,
      "z" : -2.9433756
    }, {
      "x" : 13.096519,
      "y" : -6.5482597,
      "z" : -6.5482597
    }, {
      "x" : 10.153144,
      "y" : -4.2663927,
      "z" : 2.9433756
    } ],
    "faces" : [ {
      "vertices" : [ 0, 1, 2 ]
    }, {
      "vertices" : [ 0, 2, 1 ]
    } ]
  }, {
    "id" : "03e2341a-7c38-4250-997b-0f797132251d",
    "vertices" : [ {
      "x" : -6.5482597,
      "y" : 13.096519,
      "z" : -6.5482597
    }, {
      "x" : -2.9433756,
      "y" : 4.2663927,
      "z" : -10.153144
    }, {
      "x" : -10.153144,
      "y" : 4.2663927,
      "z" : -2.9433756
    } ],
    "faces" : [ {
      "vertices" : [ 0, 1, 2 ]
    }, {
      "vertices" : [ 0, 2, 1 ]
    } ]
  }, {
    "id" : "c4eade9e-b20e-4e7f-bd0d-9cb8c2d2a7ea",
    "vertices" : [ {
      "x" : 6.7764354,
      "y" : 0.13333334,
      "z" : 6.5097685
    }, {
      "x" : 6.8764353,
      "y" : -0.26666668,
      "z" : 6.6097684
    }, {
      "x" : 0.43333334,
      "y" : -0.13333334,
      "z" : 0.7
    }, {
      "x" : 0.33333334,
      "y" : 0.26666668,
      "z" : 0.6
    }, {
      "x" : 6.6431017,
      "y" : -0.13333334,
      "z" : 6.9097686
    }, {
      "x" : 6.543102,
      "y" : 0.26666668,
      "z" : 6.8097687
    }, {
      "x" : 0.56666666,
      "y" : 0.13333334,
      "z" : 0.3
    }, {
      "x" : 0.6666667,
      "y" : -0.26666668,
      "z" : 0.4
    } ],
    "faces" : [ {
      "vertices" : [ 2, 3, 6 ]
    }, {
      "vertices" : [ 2, 6, 7 ]
    }, {
      "vertices" : [ 0, 5, 4 ]
    }, {
      "vertices" : [ 0, 4, 1 ]
    }, {
      "vertices" : [ 2, 4, 5 ]
    }, {
      "vertices" : [ 2, 5, 3 ]
    }, {
      "vertices" : [ 0, 6, 3 ]
    }, {
      "vertices" : [ 0, 3, 5 ]
    }, {
      "vertices" : [ 0, 1, 7 ]
    }, {
      "vertices" : [ 0, 7, 6 ]
    }, {
      "vertices" : [ 1, 4, 2 ]
    }, {
      "vertices" : [ 1, 2, 7 ]
    } ]
  }, {
    "id" : "fd0e30a6-60cb-4d4e-95aa-a17467406db8",
    "vertices" : [ {
      "x" : 0.5358984,
      "y" : 0.0,
      "z" : 0.0
    }, {
      "x" : -0.5358984,
      "y" : 0.0,
      "z" : 0.0
    }, {
      "x" : 0.0,
      "y" : 0.5358984,
      "z" : 0.0
    }, {
      "x" : 0.0,
      "y" : -0.5358984,
      "z" : 0.0
    }, {
      "x" : 0.0,
      "y" : 0.0,
      "z" : 0.5358984
    }, {
      "x" : 0.0,
      "y" : 0.0,
      "z" : -0.5358984
    } ],
    "faces" : [ {
      "vertices" : [ 0, 2, 4 ]
    }, {
      "vertices" : [ 0, 5, 2 ]
    }, {
      "vertices" : [ 0, 4, 3 ]
    }, {
      "vertices" : [ 1, 4, 2 ]
    }, {
      "vertices" : [ 0, 3, 5 ]
    }, {
      "vertices" : [ 1, 2, 5 ]
    }, {
      "vertices" : [ 1, 3, 4 ]
    }, {
      "vertices" : [ 1, 5, 3 ]
    } ]
  }, {
    "id" : "df113298-747f-417b-8efb-b3d93aa03dda",
    "vertices" : [ {
      "x" : 2.2652059,
      "y" : 8.934386,
      "z" : -2.5498981
    }, {
      "x" : 1.865206,
      "y" : 9.034387,
      "z" : -2.649898
    }, {
      "x" : 0.01666112,
      "y" : 0.557249,
      "z" : -0.39347753
    }, {
      "x" : 0.4166611,
      "y" : 0.45724902,
      "z" : -0.29347754
    }, {
      "x" : 1.9985393,
      "y" : 8.801053,
      "z" : -2.9498982
    }, {
      "x" : 2.3985393,
      "y" : 8.701054,
      "z" : -2.849898
    }, {
      "x" : 0.2833278,
      "y" : 0.69058233,
      "z" : 0.0065224627
    }, {
      "x" : -0.11667221,
      "y" : 0.79058236,
      "z" : -0.09347754
    } ],
    "faces" : [ {
      "vertices" : [ 2, 3, 6 ]
    }, {
      "vertices" : [ 2, 6, 7 ]
    }, {
      "vertices" : [ 0, 5, 4 ]
    }, {
      "vertices" : [ 0, 4, 1 ]
    }, {
      "vertices" : [ 2, 4, 5 ]
    }, {
      "vertices" : [ 2, 5, 3 ]
    }, {
      "vertices" : [ 0, 6, 3 ]
    }, {
      "vertices" : [ 0, 3, 5 ]
    }, {
      "vertices" : [ 0, 1, 7 ]
    }, {
      "vertices" : [ 0, 7, 6 ]
    }, {
      "vertices" : [ 1, 4, 2 ]
    }, {
      "vertices" : [ 1, 2, 7 ]
    } ]
  }, {
    "id" : "6b30f88b-37c3-462f-a4b5-8dc6745ff00a",
    "vertices" : [ {
      "x" : 3.272966,
      "y" : -3.1062992,
      "z" : -8.428712
    }, {
      "x" : 3.172966,
      "y" : -3.5062993,
      "z" : -8.328712
    }, {
      "x" : 0.33191836,
      "y" : -0.49858502,
      "z" : -0.40141496
    }, {
      "x" : 0.43191835,
      "y" : -0.098585024,
      "z" : -0.50141495
    }, {
      "x" : 3.472966,
      "y" : -3.6396325,
      "z" : -8.095379
    }, {
      "x" : 3.5729659,
      "y" : -3.2396326,
      "z" : -8.195378
    }, {
      "x" : 0.13191836,
      "y" : 0.03474831,
      "z" : -0.7347483
    }, {
      "x" : 0.031918358,
      "y" : -0.3652517,
      "z" : -0.6347483
    } ],
    "faces" : [ {
      "vertices" : [ 2, 3, 6 ]
    }, {
      "vertices" : [ 2, 6, 7 ]
    }, {
      "vertices" : [ 0, 5, 4 ]
    }, {
      "vertices" : [ 0, 4, 1 ]
    }, {
      "vertices" : [ 2, 4, 5 ]
    }, {
      "vertices" : [ 2, 5, 3 ]
    }, {
      "vertices" : [ 0, 6, 3 ]
    }, {
      "vertices" : [ 0, 3, 5 ]
    }, {
      "vertices" : [ 0, 1, 7 ]
    }, {
      "vertices" : [ 0, 7, 6 ]
    }, {
      "vertices" : [ 1, 4, 2 ]
    }, {
      "vertices" : [ 1, 2, 7 ]
    } ]
  }, {
    "id" : "3ce6dd27-0cb2-4c83-afea-b576404d51f8",
    "vertices" : [ {
      "x" : 5.653418,
      "y" : 5.386751,
      "z" : 5.2200847
    }, {
      "x" : 5.553418,
      "y" : 5.2867513,
      "z" : 5.620085
    }, {
      "x" : 0.23333333,
      "y" : 0.5,
      "z" : 0.6666667
    }, {
      "x" : 0.33333334,
      "y" : 0.6,
      "z" : 0.26666668
    }, {
      "x" : 5.3200846,
      "y" : 5.5867515,
      "z" : 5.753418
    }, {
      "x" : 5.4200845,
      "y" : 5.6867514,
      "z" : 5.353418
    }, {
      "x" : 0.56666666,
      "y" : 0.3,
      "z" : 0.13333334
    }, {
      "x" : 0.46666667,
      "y" : 0.2,
      "z" : 0.53333336
    } ],
    "faces" : [ {
      "vertices" : [ 2, 3, 6 ]
    }, {
      "vertices" : [ 2, 6, 7 ]
    }, {
      "vertices" : [ 0, 5, 4 ]
    }, {
      "vertices" : [ 0, 4, 1 ]
    }, {
      "vertices" : [ 2, 4, 5 ]
    }, {
      "vertices" : [ 2, 5, 3 ]
    }, {
      "vertices" : [ 0, 6, 3 ]
    }, {
      "vertices" : [ 0, 3, 5 ]
    }, {
      "vertices" : [ 0, 1, 7 ]
    }, {
      "vertices" : [ 0, 7, 6 ]
    }, {
      "vertices" : [ 1, 4, 2 ]
    }, {
      "vertices" : [ 1, 2, 7 ]
    } ]
  }, {
    "id" : "d0711650-0139-4443-8da4-a86a3550fb96",
    "vertices" : [ {
      "x" : -6.5482597,
      "y" : 13.096519,
      "z" : -6.5482597
    }, {
      "x" : 2.9433756,
      "y" : 10.153144,
      "z" : -4.2663927
    }, {
      "x" : -2.9433756,
      "y" : 4.2663927,
      "z" : -10.153144
    } ],
    "faces" : [ {
      "vertices" : [ 0, 1, 2 ]
    }, {
      "vertices" : [ 0, 2, 1 ]
    } ]
  }, {
    "id" : "52baad69-3e0d-4dd0-b017-7bc9096f58c4",
    "vertices" : [ {
      "x" : -6.5482597,
      "y" : 13.096519,
      "z" : -6.5482597
    }, {
      "x" : -2.9433756,
      "y" : 4.2663927,
      "z" : -10.153144
    }, {
      "x" : -10.153144,
      "y" : 4.2663927,
      "z" : -2.9433756
    } ],
    "faces" : [ {
      "vertices" : [ 0, 1, 2 ]
    }, {
      "vertices" : [ 0, 2, 1 ]
    } ]
  }, {
    "id" : "8bd5488d-2cd9-4fd3-a84f-7c30fac79943",
    "vertices" : [ {
      "x" : 10.153144,
      "y" : 2.9433756,
      "z" : -4.2663927
    }, {
      "x" : 10.153144,
      "y" : -4.2663927,
      "z" : 2.9433756
    }, {
      "x" : 13.096519,
      "y" : -6.5482597,
      "z" : -6.5482597
    } ],
    "faces" : [ {
      "vertices" : [ 0, 1, 2 ]
    }, {
      "vertices" : [ 0, 2, 1 ]
    } ]
  }, {
    "id" : "1dbd2c22-471e-42ec-a513-039f92270c44",
    "vertices" : [ {
      "x" : 2.9433756,
      "y" : -4.2663927,
      "z" : 10.153144
    }, {
      "x" : -2.9433756,
      "y" : -10.153144,
      "z" : 4.2663927
    }, {
      "x" : 4.2663927,
      "y" : -10.153144,
      "z" : -2.9433756
    }, {
      "x" : 10.153144,
      "y" : -4.2663927,
      "z" : 2.9433756
    } ],
    "faces" : [ {
      "vertices" : [ 0, 1, 2 ]
    }, {
      "vertices" : [ 0, 2, 3 ]
    }, {
      "vertices" : [ 0, 3, 2 ]
    }, {
      "vertices" : [ 0, 2, 1 ]
    } ]
  }, {
    "id" : "1c457b93-f206-4792-bc6e-47c8aa45451f",
    "vertices" : [ {
      "x" : -2.9433756,
      "y" : 4.2663927,
      "z" : -10.153144
    }, {
      "x" : 4.2663927,
      "y" : -2.9433756,
      "z" : -10.153144
    }, {
      "x" : 4.2663927,
      "y" : -10.153144,
      "z" : -2.9433756
    }, {
      "x" : -2.9433756,
      "y" : -10.153144,
      "z" : 4.2663927
    }, {
      "x" : -10.153144,
      "y" : -2.9433756,
      "z" : 4.2663927
    }, {
      "x" : -10.153144,
      "y" : 4.2663927,
      "z" : -2.9433756
    } ],
    "faces" : [ {
      "vertices" : [ 0, 1, 2 ]
    }, {
      "vertices" : [ 0, 2, 3 ]
    }, {
      "vertices" : [ 0, 3, 4 ]
    }, {
      "vertices" : [ 0, 4, 5 ]
    }, {
      "vertices" : [ 0, 5, 4 ]
    }, {
      "vertices" : [ 0, 4, 3 ]
    }, {
      "vertices" : [ 0, 3, 2 ]
    }, {
      "vertices" : [ 0, 2, 1 ]
    } ]
  }, {
    "id" : "28a3ee30-4b3b-42da-ae69-01201d743b0b",
    "vertices" : [ {
      "x" : -4.2663927,
      "y" : 2.9433756,
      "z" : 10.153144
    }, {
      "x" : 2.9433756,
      "y" : -4.2663927,
      "z" : 10.153144
    }, {
      "x" : 10.153144,
      "y" : -4.2663927,
      "z" : 2.9433756
    }, {
      "x" : 10.153144,
      "y" : 2.9433756,
      "z" : -4.2663927
    }, {
      "x" : 2.9433756,
      "y" : 10.153144,
      "z" : -4.2663927
    }, {
      "x" : -4.2663927,
      "y" : 10.153144,
      "z" : 2.9433756
    } ],
    "faces" : [ {
      "vertices" : [ 0, 1, 2 ]
    }, {
      "vertices" : [ 0, 2, 3 ]
    }, {
      "vertices" : [ 0, 3, 4 ]
    }, {
      "vertices" : [ 0, 4, 5 ]
    }, {
      "vertices" : [ 0, 5, 4 ]
    }, {
      "vertices" : [ 0, 4, 3 ]
    }, {
      "vertices" : [ 0, 3, 2 ]
    }, {
      "vertices" : [ 0, 2, 1 ]
    } ]
  }, {
    "id" : "12b7250a-25d0-440c-9068-b79a12571a8b",
    "vertices" : [ {
      "x" : 2.9433756,
      "y" : 10.153144,
      "z" : -4.2663927
    }, {
      "x" : 10.153144,
      "y" : 2.9433756,
      "z" : -4.2663927
    }, {
      "x" : 4.2663927,
      "y" : -2.9433756,
      "z" : -10.153144
    }, {
      "x" : -2.9433756,
      "y" : 4.2663927,
      "z" : -10.153144
    } ],
    "faces" : [ {
      "vertices" : [ 0, 1, 2 ]
    }, {
      "vertices" : [ 0, 2, 3 ]
    }, {
      "vertices" : [ 0, 3, 2 ]
    }, {
      "vertices" : [ 0, 2, 1 ]
    } ]
  }, {
    "id" : "f962f3b6-75b0-4285-b16d-aa04893c1e65",
    "vertices" : [ {
      "x" : -4.2663927,
      "y" : 10.153144,
      "z" : 2.9433756
    }, {
      "x" : 2.9433756,
      "y" : 10.153144,
      "z" : -4.2663927
    }, {
      "x" : -6.5482597,
      "y" : 13.096519,
      "z" : -6.5482597
    } ],
    "faces" : [ {
      "vertices" : [ 0, 1, 2 ]
    }, {
      "vertices" : [ 0, 2, 1 ]
    } ]
  }, {
    "id" : "bb298183-ec2d-4bea-93a3-aab2fb8af053",
    "vertices" : [ {
      "x" : 10.153144,
      "y" : 2.9433756,
      "z" : -4.2663927
    }, {
      "x" : 13.096519,
      "y" : -6.5482597,
      "z" : -6.5482597
    }, {
      "x" : 4.2663927,
      "y" : -2.9433756,
      "z" : -10.153144
    } ],
    "faces" : [ {
      "vertices" : [ 0, 1, 2 ]
    }, {
      "vertices" : [ 0, 2, 1 ]
    } ]
  }, {
    "id" : "2c41ad4b-b333-4c7a-a3e9-92fc9a4640d1",
    "vertices" : [ {
      "x" : -6.5482597,
      "y" : 13.096519,
      "z" : -6.5482597
    }, {
      "x" : -10.153144,
      "y" : 4.2663927,
      "z" : -2.9433756
    }, {
      "x" : -4.2663927,
      "y" : 10.153144,
      "z" : 2.9433756
    } ],
    "faces" : [ {
      "vertices" : [ 0, 1, 2 ]
    }, {
      "vertices" : [ 0, 2, 1 ]
    } ]
  }, {
    "id" : "2b2b6efc-3e8c-4d8c-8e83-f744564edffa",
    "vertices" : [ {
      "x" : 4.2663927,
      "y" : -2.9433756,
      "z" : -10.153144
    }, {
      "x" : 13.096519,
      "y" : -6.5482597,
      "z" : -6.5482597
    }, {
      "x" : 4.2663927,
      "y" : -10.153144,
      "z" : -2.9433756
    } ],
    "faces" : [ {
      "vertices" : [ 0, 1, 2 ]
    }, {
      "vertices" : [ 0, 2, 1 ]
    } ]
  }, {
    "id" : "3a059244-69e9-4903-911c-864e9c39f1e2",
    "vertices" : [ {
      "x" : -10.153144,
      "y" : 4.2663927,
      "z" : -2.9433756
    }, {
      "x" : -10.153144,
      "y" : -2.9433756,
      "z" : 4.2663927
    }, {
      "x" : -4.2663927,
      "y" : 2.9433756,
      "z" : 10.153144
    }, {
      "x" : -4.2663927,
      "y" : 10.153144,
      "z" : 2.9433756
    } ],
    "faces" : [ {
      "vertices" : [ 0, 1, 2 ]
    }, {
      "vertices" : [ 0, 2, 3 ]
    }, {
      "vertices" : [ 0, 3, 2 ]
    }, {
      "vertices" : [ 0, 2, 1 ]
    } ]
  }, {
    "id" : "956ce019-6ac7-4070-b6d5-8c818d6f51f2",
    "vertices" : [ {
      "x" : 4.2663927,
      "y" : -10.153144,
      "z" : -2.9433756
    }, {
      "x" : 13.096519,
      "y" : -6.5482597,
      "z" : -6.5482597
    }, {
      "x" : 10.153144,
      "y" : -4.2663927,
      "z" : 2.9433756
    } ],
    "faces" : [ {
      "vertices" : [ 0, 1, 2 ]
    }, {
      "vertices" : [ 0, 2, 1 ]
    } ]
  }, {
    "id" : "168934f2-9ed3-4d65-8074-1dc14cb153d7",
    "vertices" : [ {
      "x" : -4.2663927,
      "y" : 10.153144,
      "z" : 2.9433756
    }, {
      "x" : 2.9433756,
      "y" : 10.153144,
      "z" : -4.2663927
    }, {
      "x" : -6.5482597,
      "y" : 13.096519,
      "z" : -6.5482597
    } ],
    "faces" : [ {
      "vertices" : [ 0, 1, 2 ]
    }, {
      "vertices" : [ 0, 2, 1 ]
    } ]
  }, {
    "id" : "e9ebd991-d1eb-4ffd-b404-2d97f8e21868",
    "vertices" : [ {
      "x" : -6.5482597,
      "y" : 13.096519,
      "z" : -6.5482597
    }, {
      "x" : 2.9433756,
      "y" : 10.153144,
      "z" : -4.2663927
    }, {
      "x" : -2.9433756,
      "y" : 4.2663927,
      "z" : -10.153144
    } ],
    "faces" : [ {
      "vertices" : [ 0, 1, 2 ]
    }, {
      "vertices" : [ 0, 2, 1 ]
    } ]
  }, {
    "id" : "8f6f93f3-1d0b-4ecf-84d5-a4bf2e7c0117",
    "vertices" : [ {
      "x" : -4.2663927,
      "y" : 2.9433756,
      "z" : 10.153144
    }, {
      "x" : 2.9433756,
      "y" : -4.2663927,
      "z" : 10.153144
    }, {
      "x" : 10.153144,
      "y" : -4.2663927,
      "z" : 2.9433756
    }, {
      "x" : 10.153144,
      "y" : 2.9433756,
      "z" : -4.2663927
    }, {
      "x" : 2.9433756,
      "y" : 10.153144,
      "z" : -4.2663927
    }, {
      "x" : -4.2663927,
      "y" : 10.153144,
      "z" : 2.9433756
    } ],
    "faces" : [ {
      "vertices" : [ 0, 1, 2 ]
    }, {
      "vertices" : [ 0, 2, 3 ]
    }, {
      "vertices" : [ 0, 3, 4 ]
    }, {
      "vertices" : [ 0, 4, 5 ]
    }, {
      "vertices" : [ 0, 5, 4 ]
    }, {
      "vertices" : [ 0, 4, 3 ]
    }, {
      "vertices" : [ 0, 3, 2 ]
    }, {
      "vertices" : [ 0, 2, 1 ]
    } ]
  }, {
    "id" : "122b2704-e823-4eec-bb68-9e9d3dd24d5d",
    "vertices" : [ {
      "x" : 2.9433756,
      "y" : -4.2663927,
      "z" : 10.153144
    }, {
      "x" : -2.9433756,
      "y" : -10.153144,
      "z" : 4.2663927
    }, {
      "x" : 6.5482597,
      "y" : -13.096519,
      "z" : 6.5482597
    } ],
    "faces" : [ {
      "vertices" : [ 0, 1, 2 ]
    }, {
      "vertices" : [ 0, 2, 1 ]
    } ]
  }, {
    "id" : "f3fd37af-0d3a-47d0-b2a1-a68c3dd7b097",
    "vertices" : [ {
      "x" : -2.9433756,
      "y" : 4.2663927,
      "z" : -10.153144
    }, {
      "x" : 4.2663927,
      "y" : -2.9433756,
      "z" : -10.153144
    }, {
      "x" : 4.2663927,
      "y" : -10.153144,
      "z" : -2.9433756
    }, {
      "x" : -2.9433756,
      "y" : -10.153144,
      "z" : 4.2663927
    }, {
      "x" : -10.153144,
      "y" : -2.9433756,
      "z" : 4.2663927
    }, {
      "x" : -10.153144,
      "y" : 4.2663927,
      "z" : -2.9433756
    } ],
    "faces" : [ {
      "vertices" : [ 0, 1, 2 ]
    }, {
      "vertices" : [ 0, 2, 3 ]
    }, {
      "vertices" : [ 0, 3, 4 ]
    }, {
      "vertices" : [ 0, 4, 5 ]
    }, {
      "vertices" : [ 0, 5, 4 ]
    }, {
      "vertices" : [ 0, 4, 3 ]
    }, {
      "vertices" : [ 0, 3, 2 ]
    }, {
      "vertices" : [ 0, 2, 1 ]
    } ]
  }, {
    "id" : "0e620fc9-35dc-4a1f-bd45-d9f51b3b0312",
    "vertices" : [ {
      "x" : 2.9433756,
      "y" : -4.2663927,
      "z" : 10.153144
    }, {
      "x" : -2.9433756,
      "y" : -10.153144,
      "z" : 4.2663927
    }, {
      "x" : 4.2663927,
      "y" : -10.153144,
      "z" : -2.9433756
    }, {
      "x" : 10.153144,
      "y" : -4.2663927,
      "z" : 2.9433756
    } ],
    "faces" : [ {
      "vertices" : [ 0, 1, 2 ]
    }, {
      "vertices" : [ 0, 2, 3 ]
    }, {
      "vertices" : [ 0, 3, 2 ]
    }, {
      "vertices" : [ 0, 2, 1 ]
    } ]
  }, {
    "id" : "6de95493-041f-4a03-991c-12c87257e93e",
    "vertices" : [ {
      "x" : 10.153144,
      "y" : -4.2663927,
      "z" : 2.9433756
    }, {
      "x" : 4.2663927,
      "y" : -10.153144,
      "z" : -2.9433756
    }, {
      "x" : 4.2663927,
      "y" : -2.9433756,
      "z" : -10.153144
    }, {
      "x" : 10.153144,
      "y" : 2.9433756,
      "z" : -4.2663927
    } ],
    "faces" : [ {
      "vertices" : [ 0, 1, 2 ]
    }, {
      "vertices" : [ 0, 2, 3 ]
    }, {
      "vertices" : [ 0, 3, 2 ]
    }, {
      "vertices" : [ 0, 2, 1 ]
    } ]
  }, {
    "id" : "db30309e-9dcb-40cc-abed-dbb1f6e41ba6",
    "vertices" : [ {
      "x" : 2.9433756,
      "y" : -4.2663927,
      "z" : 10.153144
    }, {
      "x" : 6.5482597,
      "y" : -13.096519,
      "z" : 6.5482597
    }, {
      "x" : 10.153144,
      "y" : -4.2663927,
      "z" : 2.9433756
    } ],
    "faces" : [ {
      "vertices" : [ 0, 1, 2 ]
    }, {
      "vertices" : [ 0, 2, 1 ]
    } ]
  }, {
    "id" : "cc2e5e83-6d9c-4674-af91-944e4fc97aba",
    "vertices" : [ {
      "x" : -6.5482597,
      "y" : 13.096519,
      "z" : -6.5482597
    }, {
      "x" : -2.9433756,
      "y" : 4.2663927,
      "z" : -10.153144
    }, {
      "x" : -10.153144,
      "y" : 4.2663927,
      "z" : -2.9433756
    } ],
    "faces" : [ {
      "vertices" : [ 0, 1, 2 ]
    }, {
      "vertices" : [ 0, 2, 1 ]
    } ]
  }, {
    "id" : "d94b3a21-427e-4031-93bd-6d6738fe72ed",
    "vertices" : [ {
      "x" : -4.2663927,
      "y" : 2.9433756,
      "z" : 10.153144
    }, {
      "x" : -10.153144,
      "y" : -2.9433756,
      "z" : 4.2663927
    }, {
      "x" : -2.9433756,
      "y" : -10.153144,
      "z" : 4.2663927
    }, {
      "x" : 2.9433756,
      "y" : -4.2663927,
      "z" : 10.153144
    } ],
    "faces" : [ {
      "vertices" : [ 0, 1, 2 ]
    }, {
      "vertices" : [ 0, 2, 3 ]
    }, {
      "vertices" : [ 0, 3, 2 ]
    }, {
      "vertices" : [ 0, 2, 1 ]
    } ]
  }, {
    "id" : "68314ec6-be2c-410e-9540-168861600885",
    "vertices" : [ {
      "x" : 10.153144,
      "y" : -4.2663927,
      "z" : 2.9433756
    }, {
      "x" : 6.5482597,
      "y" : -13.096519,
      "z" : 6.5482597
    }, {
      "x" : 4.2663927,
      "y" : -10.153144,
      "z" : -2.9433756
    } ],
    "faces" : [ {
      "vertices" : [ 0, 1, 2 ]
    }, {
      "vertices" : [ 0, 2, 1 ]
    } ]
  }, {
    "id" : "1c19f5fd-375e-4f75-a25a-ae0fa0eb00a6",
    "vertices" : [ {
      "x" : -6.5482597,
      "y" : 13.096519,
      "z" : -6.5482597
    }, {
      "x" : -10.153144,
      "y" : 4.2663927,
      "z" : -2.9433756
    }, {
      "x" : -4.2663927,
      "y" : 10.153144,
      "z" : 2.9433756
    } ],
    "faces" : [ {
      "vertices" : [ 0, 1, 2 ]
    }, {
      "vertices" : [ 0, 2, 1 ]
    } ]
  }, {
    "id" : "0e82d533-0d70-4446-9541-6d1ca6233b49",
    "vertices" : [ {
      "x" : 6.5482597,
      "y" : -13.096519,
      "z" : 6.5482597
    }, {
      "x" : -2.9433756,
      "y" : -10.153144,
      "z" : 4.2663927
    }, {
      "x" : 4.2663927,
      "y" : -10.153144,
      "z" : -2.9433756
    } ],
    "faces" : [ {
      "vertices" : [ 0, 1, 2 ]
    }, {
      "vertices" : [ 0, 2, 1 ]
    } ]
  }, {
    "id" : "58736a7e-f1f6-48da-a86f-bca104621822",
    "vertices" : [ {
      "x" : 2.9433756,
      "y" : 10.153144,
      "z" : -4.2663927
    }, {
      "x" : 10.153144,
