{
  "polygons" : "true",
  "field" : "snubDodec",
  "symmetry" : "icosahedral",
  "orientations" : [ [ 1.0, 0.0, 0.0, 0.0, 0.0, 1.0, 0.0, 0.0, 0.0, 0.0, 1.0, 0.0, 0.0, 0.0, 0.0, 1.0 ], [ 0.0, 0.0, 1.0, 0.0, 1.0, 0.0, 0.0, 0.0, 0.0, 1.0, 0.0, 0.0, 0.0, 0.0, 0.0, 1.0 ], [ 0.0, 1.0, 0.0, 0.0, 0.0, 0.0, 1.0, 0.0, 1.0, 0.0, 0.0, 0.0, 0.0, 0.0, 0.0, 1.0 ], [ 0.809017, 0.309017, 0.5, 0.0, 0.309017, 0.5, -0.809017, 0.0, -0.5, 0.809017, 0.309017, 0.0, 0.0, 0.0, 0.0, 1.0 ], [ -0.5, 0.809017, 0.309017, 0.0, 0.809017, 0.309017, 0.5, 0.0, 0.309017, 0.5, -0.809017, 0.0, 0.0, 0.0, 0.0, 1.0 ], [ 0.309017, 0.5, -0.809017, 0.0, -0.5, 0.809017, 0.309017, 0.0, 0.809017, 0.309017, 0.5, 0.0, 0.0, 0.0, 0.0, 1.0 ], [ 0.5, 0.809017, 0.309017, 0.0, 0.809017, -0.309017, -0.5, 0.0, -0.309017, 0.5, -0.809017, 0.0, 0.0, 0.0, 0.0, 1.0 ], [ -0.309017, 0.5, -0.809017, 0.0, 0.5, 0.809017, 0.309017, 0.0, 0.809017, -0.309017, -0.5, 0.0, 0.0, 0.0, 0.0, 1.0 ], [ 0.809017, -0.309017, -0.5, 0.0, -0.309017, 0.5, -0.809017, 0.0, 0.5, 0.809017, 0.309017, 0.0, 0.0, 0.0, 0.0, 1.0 ], [ 0.5, 0.809017, -0.309017, 0.0, 0.809017, -0.309017, 0.5, 0.0, 0.309017, -0.5, -0.809017, 0.0, 0.0, 0.0, 0.0, 1.0 ], [ 0.309017, -0.5, -0.809017, 0.0, 0.5, 0.809017, -0.309017, 0.0, 0.809017, -0.309017, 0.5, 0.0, 0.0, 0.0, 0.0, 1.0 ], [ 0.809017, -0.309017, 0.5, 0.0, 0.309017, -0.5, -0.809017, 0.0, 0.5, 0.809017, -0.309017, 0.0, 0.0, 0.0, 0.0, 1.0 ], [ 0.809017, 0.309017, -0.5, 0.0, 0.309017, 0.5, 0.809017, 0.0, 0.5, -0.809017, 0.309017, 0.0, 0.0, 0.0, 0.0, 1.0 ], [ 0.5, -0.809017, 0.309017, 0.0, 0.809017, 0.309017, -0.5, 0.0, 0.309017, 0.5, 0.809017, 0.0, 0.0, 0.0, 0.0, 1.0 ], [ 0.309017, 0.5, 0.809017, 0.0, 0.5, -0.809017, 0.309017, 0.0, 0.809017, 0.309017, -0.5, 0.0, 0.0, 0.0, 0.0, 1.0 ], [ 1.0, 0.0, 0.0, 0.0, 0.0, -1.0, 0.0, 0.0, 0.0, 0.0, -1.0, 0.0, 0.0, 0.0, 0.0, 1.0 ], [ 0.0, 0.0, 1.0, 0.0, -1.0, 0.0, 0.0, 0.0, 0.0, -1.0, 0.0, 0.0, 0.0, 0.0, 0.0, 1.0 ], [ 0.0, 1.0, 0.0, 0.0, 0.0, 0.0, -1.0, 0.0, -1.0, 0.0, 0.0, 0.0, 0.0, 0.0, 0.0, 1.0 ], [ 0.809017, 0.309017, 0.5, 0.0, -0.309017, -0.5, 0.809017, 0.0, 0.5, -0.809017, -0.309017, 0.0, 0.0, 0.0, 0.0, 1.0 ], [ -0.5, 0.809017, 0.309017, 0.0, -0.809017, -0.309017, -0.5, 0.0, -0.309017, -0.5, 0.809017, 0.0, 0.0, 0.0, 0.0, 1.0 ], [ 0.309017, 0.5, -0.809017, 0.0, 0.5, -0.809017, -0.309017, 0.0, -0.809017, -0.309017, -0.5, 0.0, 0.0, 0.0, 0.0, 1.0 ], [ 0.5, 0.809017, 0.309017, 0.0, -0.809017, 0.309017, 0.5, 0.0, 0.309017, -0.5, 0.809017, 0.0, 0.0, 0.0, 0.0, 1.0 ], [ -0.309017, 0.5, -0.809017, 0.0, -0.5, -0.809017, -0.309017, 0.0, -0.809017, 0.309017, 0.5, 0.0, 0.0, 0.0, 0.0, 1.0 ], [ 0.809017, -0.309017, -0.5, 0.0, 0.309017, -0.5, 0.809017, 0.0, -0.5, -0.809017, -0.309017, 0.0, 0.0, 0.0, 0.0, 1.0 ], [ 0.5, 0.809017, -0.309017, 0.0, -0.809017, 0.309017, -0.5, 0.0, -0.309017, 0.5, 0.809017, 0.0, 0.0, 0.0, 0.0, 1.0 ], [ 0.309017, -0.5, -0.809017, 0.0, -0.5, -0.809017, 0.309017, 0.0, -0.809017, 0.309017, -0.5, 0.0, 0.0, 0.0, 0.0, 1.0 ], [ 0.809017, -0.309017, 0.5, 0.0, -0.309017, 0.5, 0.809017, 0.0, -0.5, -0.809017, 0.309017, 0.0, 0.0, 0.0, 0.0, 1.0 ], [ 0.809017, 0.309017, -0.5, 0.0, -0.309017, -0.5, -0.809017, 0.0, -0.5, 0.809017, -0.309017, 0.0, 0.0, 0.0, 0.0, 1.0 ], [ 0.5, -0.809017, 0.309017, 0.0, -0.809017, -0.309017, 0.5, 0.0, -0.309017, -0.5, -0.809017, 0.0, 0.0, 0.0, 0.0, 1.0 ], [ 0.309017, 0.5, 0.809017, 0.0, -0.5, 0.809017, -0.309017, 0.0, -0.809017, -0.309017, 0.5, 0.0, 0.0, 0.0, 0.0, 1.0 ], [ -1.0, 0.0, 0.0, 0.0, 0.0, -1.0, 0.0, 0.0, 0.0, 0.0, 1.0, 0.0, 0.0, 0.0, 0.0, 1.0 ], [ 0.0, 0.0, -1.0, 0.0, -1.0, 0.0, 0.0, 0.0, 0.0, 1.0, 0.0, 0.0, 0.0, 0.0, 0.0, 1.0 ], [ 0.0, -1.0, 0.0, 0.0, 0.0, 0.0, -1.0, 0.0, 1.0, 0.0, 0.0, 0.0, 0.0, 0.0, 0.0, 1.0 ], [ -0.809017, -0.309017, -0.5, 0.0, -0.309017, -0.5, 0.809017, 0.0, -0.5, 0.809017, 0.309017, 0.0, 0.0, 0.0, 0.0, 1.0 ], [ 0.5, -0.809017, -0.309017, 0.0, -0.809017, -0.309017, -0.5, 0.0, 0.309017, 0.5, -0.809017, 0.0, 0.0, 0.0, 0.0, 1.0 ], [ -0.309017, -0.5, 0.809017, 0.0, 0.5, -0.809017, -0.309017, 0.0, 0.809017, 0.309017, 0.5, 0.0, 0.0, 0.0, 0.0, 1.0 ], [ -0.5, -0.809017, -0.309017, 0.0, -0.809017, 0.309017, 0.5, 0.0, -0.309017, 0.5, -0.809017, 0.0, 0.0, 0.0, 0.0, 1.0 ], [ 0.309017, -0.5, 0.809017, 0.0, -0.5, -0.809017, -0.309017, 0.0, 0.809017, -0.309017, -0.5, 0.0, 0.0, 0.0, 0.0, 1.0 ], [ -0.809017, 0.309017, 0.5, 0.0, 0.309017, -0.5, 0.809017, 0.0, 0.5, 0.809017, 0.309017, 0.0, 0.0, 0.0, 0.0, 1.0 ], [ -0.5, -0.809017, 0.309017, 0.0, -0.809017, 0.309017, -0.5, 0.0, 0.309017, -0.5, -0.809017, 0.0, 0.0, 0.0, 0.0, 1.0 ], [ -0.309017, 0.5, 0.809017, 0.0, -0.5, -0.809017, 0.309017, 0.0, 0.809017, -0.309017, 0.5, 0.0, 0.0, 0.0, 0.0, 1.0 ], [ -0.809017, 0.309017, -0.5, 0.0, -0.309017, 0.5, 0.809017, 0.0, 0.5, 0.809017, -0.309017, 0.0, 0.0, 0.0, 0.0, 1.0 ], [ -0.809017, -0.309017, 0.5, 0.0, -0.309017, -0.5, -0.809017, 0.0, 0.5, -0.809017, 0.309017, 0.0, 0.0, 0.0, 0.0, 1.0 ], [ -0.5, 0.809017, -0.309017, 0.0, -0.809017, -0.309017, 0.5, 0.0, 0.309017, 0.5, 0.809017, 0.0, 0.0, 0.0, 0.0, 1.0 ], [ -0.309017, -0.5, -0.809017, 0.0, -0.5, 0.809017, -0.309017, 0.0, 0.809017, 0.309017, -0.5, 0.0, 0.0, 0.0, 0.0, 1.0 ], [ -1.0, 0.0, 0.0, 0.0, 0.0, 1.0, 0.0, 0.0, 0.0, 0.0, -1.0, 0.0, 0.0, 0.0, 0.0, 1.0 ], [ 0.0, 0.0, -1.0, 0.0, 1.0, 0.0, 0.0, 0.0, 0.0, -1.0, 0.0, 0.0, 0.0, 0.0, 0.0, 1.0 ], [ 0.0, -1.0, 0.0, 0.0, 0.0, 0.0, 1.0, 0.0, -1.0, 0.0, 0.0, 0.0, 0.0, 0.0, 0.0, 1.0 ], [ -0.809017, -0.309017, -0.5, 0.0, 0.309017, 0.5, -0.809017, 0.0, 0.5, -0.809017, -0.309017, 0.0, 0.0, 0.0, 0.0, 1.0 ], [ 0.5, -0.809017, -0.309017, 0.0, 0.809017, 0.309017, 0.5, 0.0, -0.309017, -0.5, 0.809017, 0.0, 0.0, 0.0, 0.0, 1.0 ], [ -0.309017, -0.5, 0.809017, 0.0, -0.5, 0.809017, 0.309017, 0.0, -0.809017, -0.309017, -0.5, 0.0, 0.0, 0.0, 0.0, 1.0 ], [ -0.5, -0.809017, -0.309017, 0.0, 0.809017, -0.309017, -0.5, 0.0, 0.309017, -0.5, 0.809017, 0.0, 0.0, 0.0, 0.0, 1.0 ], [ 0.309017, -0.5, 0.809017, 0.0, 0.5, 0.809017, 0.309017, 0.0, -0.809017, 0.309017, 0.5, 0.0, 0.0, 0.0, 0.0, 1.0 ], [ -0.809017, 0.309017, 0.5, 0.0, -0.309017, 0.5, -0.809017, 0.0, -0.5, -0.809017, -0.309017, 0.0, 0.0, 0.0, 0.0, 1.0 ], [ -0.5, -0.809017, 0.309017, 0.0, 0.809017, -0.309017, 0.5, 0.0, -0.309017, 0.5, 0.809017, 0.0, 0.0, 0.0, 0.0, 1.0 ], [ -0.309017, 0.5, 0.809017, 0.0, 0.5, 0.809017, -0.309017, 0.0, -0.809017, 0.309017, -0.5, 0.0, 0.0, 0.0, 0.0, 1.0 ], [ -0.809017, 0.309017, -0.5, 0.0, 0.309017, -0.5, -0.809017, 0.0, -0.5, -0.809017, 0.309017, 0.0, 0.0, 0.0, 0.0, 1.0 ], [ -0.809017, -0.309017, 0.5, 0.0, 0.309017, 0.5, 0.809017, 0.0, -0.5, 0.809017, -0.309017, 0.0, 0.0, 0.0, 0.0, 1.0 ], [ -0.5, 0.809017, -0.309017, 0.0, 0.809017, 0.309017, -0.5, 0.0, -0.309017, -0.5, -0.809017, 0.0, 0.0, 0.0, 0.0, 1.0 ], [ -0.309017, -0.5, -0.809017, 0.0, 0.5, -0.809017, 0.309017, 0.0, -0.809017, -0.309017, 0.5, 0.0, 0.0, 0.0, 0.0, 1.0 ] ],
  "lights" : {
    "directionalLights" : [ {
      "direction" : [ 1.0, -1.0, -1.0 ],
      "color" : "#EBEBE4"
    }, {
      "direction" : [ -1.0, 0.0, 0.0 ],
      "color" : "#E4E4EB"
    }, {
      "direction" : [ 0.0, 0.0, -1.0 ],
      "color" : "#1E1E1E"
    } ],
    "backgroundColor" : "#AFC8DC",
    "ambientColor" : "#292929"
  },
  "camera" : {
    "width" : 36.24771,
    "position" : {
      "x" : 68.52001,
      "y" : -42.3477,
      "z" : 0.0
    },
    "fieldOfView" : 0.4426308,
    "viewDistance" : 80.55011,
    "perspective" : false,
    "lookAtPointRV" : {
      "x" : 0.0,
      "y" : 0.0,
      "z" : 0.0,
      "zero" : true
    },
    "upDirectionRV" : {
      "x" : -0.5,
      "y" : -0.809017,
      "z" : -0.309017,
      "zero" : false
    },
    "lookDirectionRV" : {
      "x" : -0.8506508,
      "y" : 0.5257311,
      "z" : 0.0,
      "zero" : false
    },
    "nearClipDistance" : 0.20137551,
    "lookAtPoint" : {
      "x" : 0.0,
      "y" : 0.0,
      "z" : 0.0
    },
    "lookDirection" : {
      "x" : -0.8506508,
      "y" : 0.5257311,
      "z" : 0.0
    },
    "upDirection" : {
      "x" : -0.5,
      "y" : -0.809017,
      "z" : -0.309017
    },
    "stereo" : false,
    "farClipDistance" : 161.10066
  },
  "embedding" : [ 1.0, 0.0, 0.0, 0.0, 0.0, 1.0, 0.0, 0.0, 0.0, 0.0, 1.0, 0.0, 0.0, 0.0, 0.0, 1.0 ],
  "shapes" : [ {
    "id" : "a7ac0320-6923-419e-a090-1470cfb7ce85",
    "orbit" : "snubTriangle",
    "orbitC" : "[[72,9,4,36,-48,-6,71],[135,-63,-28,32,-90,42,71]]",
    "length" : "[9,18,0,0,-3,-6,2]",
    "name" : " :9/2 +9*phi -3/2*xi^2 -3*phi*xi^2",
    "vertices" : [ {
      "x" : 0.15663984,
      "y" : -1.8500273,
      "z" : -2.2267208
    }, {
      "x" : -0.24336015,
      "y" : -1.7500274,
      "z" : -2.126721
    }, {
      "x" : -0.293551,
      "y" : -0.5764762,
      "z" : -0.33669388
    }, {
      "x" : 0.106449015,
      "y" : -0.67647624,
      "z" : -0.43669388
    }, {
      "x" : -0.3766935,
      "y" : -2.0500274,
      "z" : -1.8933876
    }, {
      "x" : 0.023306519,
      "y" : -2.1500273,
      "z" : -1.9933876
    }, {
      "x" : 0.23978235,
      "y" : -0.37647623,
      "z" : -0.6700272
    }, {
      "x" : -0.16021766,
      "y" : -0.27647623,
      "z" : -0.57002723
    } ],
    "faces" : [ {
      "vertices" : [ 2, 3, 6, 7 ]
    }, {
      "vertices" : [ 0, 5, 4, 1 ]
    }, {
      "vertices" : [ 2, 4, 5, 3 ]
    }, {
      "vertices" : [ 0, 6, 3, 5 ]
    }, {
      "vertices" : [ 0, 1, 7, 6 ]
    }, {
      "vertices" : [ 1, 4, 2, 7 ]
    } ]
  }, {
    "id" : "fdb26147-bcc1-46fb-8106-070a35de53eb",
    "orbit" : "snubPentagon",
    "orbitC" : "[[-38,23,6,-4,20,-12,1],[23,-15,-4,2,-12,8,1]]",
    "length" : "[9,18,0,0,-3,-6,2]",
    "name" : " :9/2 +9*phi -3/2*xi^2 -3*phi*xi^2",
    "vertices" : [ {
      "x" : 0.4705936,
      "y" : 0.3456986,
      "z" : 2.8219845
    }, {
      "x" : 0.07059362,
      "y" : 0.4456986,
      "z" : 2.9219847
    }, {
      "x" : -0.04948053,
      "y" : 0.33567667,
      "z" : 0.6183862
    }, {
      "x" : 0.35051948,
      "y" : 0.23567668,
      "z" : 0.5183862
    }, {
      "x" : 0.20392695,
      "y" : 0.7456986,
      "z" : 2.6886513
    }, {
      "x" : 0.60392696,
      "y" : 0.6456986,
      "z" : 2.5886512
    }, {
      "x" : 0.21718614,
      "y" : -0.06432332,
      "z" : 0.75171953
    }, {
      "x" : -0.18281387,
      "y" : 0.035676684,
      "z" : 0.85171956
    } ],
    "faces" : [ {
      "vertices" : [ 2, 3, 6, 7 ]
    }, {
      "vertices" : [ 0, 5, 4, 1 ]
    }, {
      "vertices" : [ 2, 4, 5, 3 ]
    }, {
      "vertices" : [ 0, 6, 3, 5 ]
    }, {
      "vertices" : [ 0, 1, 7, 6 ]
    }, {
      "vertices" : [ 1, 4, 2, 7 ]
    } ]
  }, {
    "id" : "05d933ee-0abe-4642-84e8-35ad13b0ad13",
    "name" : "ball",
    "vertices" : [ {
      "x" : 0.309017,
      "y" : -0.309017,
      "z" : -0.309017
    }, {
      "x" : 0.5,
      "y" : 0.0,
      "z" : -0.19098301
    }, {
      "x" : 0.5,
      "y" : 0.0,
      "z" : 0.19098301
    }, {
      "x" : 0.309017,
      "y" : -0.309017,
      "z" : 0.309017
    }, {
      "x" : 0.19098301,
      "y" : -0.5,
      "z" : 0.0
    }, {
      "x" : 0.0,
      "y" : 0.19098301,
      "z" : 0.5
    }, {
      "x" : 0.0,
      "y" : -0.19098301,
      "z" : 0.5
    }, {
      "x" : 0.309017,
      "y" : 0.309017,
      "z" : 0.309017
    }, {
      "x" : -0.309017,
      "y" : -0.309017,
      "z" : 0.309017
    }, {
      "x" : -0.309017,
      "y" : 0.309017,
      "z" : 0.309017
    }, {
      "x" : -0.5,
      "y" : 0.0,
      "z" : 0.19098301
    }, {
      "x" : 0.0,
      "y" : -0.19098301,
      "z" : -0.5
    }, {
      "x" : 0.0,
      "y" : 0.19098301,
      "z" : -0.5
    }, {
      "x" : 0.309017,
      "y" : 0.309017,
      "z" : -0.309017
    }, {
      "x" : -0.309017,
      "y" : -0.309017,
      "z" : -0.309017
    }, {
      "x" : -0.19098301,
      "y" : -0.5,
      "z" : 0.0
    }, {
      "x" : -0.5,
      "y" : 0.0,
      "z" : -0.19098301
    }, {
      "x" : 0.19098301,
      "y" : 0.5,
      "z" : 0.0
    }, {
      "x" : -0.309017,
      "y" : 0.309017,
      "z" : -0.309017
    }, {
      "x" : 0.0,
      "y" : 0.0,
      "z" : 0.0
    }, {
      "x" : -0.19098301,
      "y" : 0.5,
      "z" : 0.0
    } ],
    "faces" : [ {
      "vertices" : [ 12, 18, 20, 17, 13 ]
    }, {
      "vertices" : [ 3, 6, 8, 15, 4 ]
    }, {
      "vertices" : [ 0, 11, 12, 13, 1 ]
    }, {
      "vertices" : [ 5, 9, 10, 8, 6 ]
    }, {
      "vertices" : [ 2, 7, 5, 6, 3 ]
    }, {
      "vertices" : [ 11, 14, 16, 18, 12 ]
    }, {
      "vertices" : [ 1, 13, 17, 7, 2 ]
    }, {
      "vertices" : [ 9, 20, 18, 16, 10 ]
    }, {
      "vertices" : [ 0, 1, 2, 3, 4 ]
    }, {
      "vertices" : [ 5, 7, 17, 20, 9 ]
    }, {
      "vertices" : [ 0, 4, 15, 14, 11 ]
    }, {
      "vertices" : [ 8, 10, 16, 14, 15 ]
    } ]
  }, {
    "id" : "f04cb589-76c7-4fd4-965d-bbf9b63d9cf6",
    "orbit" : "snubDiagonal",
    "orbitC" : "[[4,5,-18,16,-20,8,11],[21,-15,-34,18,-28,20,11]]",
    "length" : "[9,18,0,0,-3,-6,2]",
    "name" : " :9/2 +9*phi -3/2*xi^2 -3*phi*xi^2",
    "vertices" : [ {
      "x" : 2.1917274,
      "y" : -1.6761651,
      "z" : 0.13333334
    }, {
      "x" : 2.2917275,
      "y" : -1.7761651,
      "z" : -0.26666668
    }, {
      "x" : 0.45630294,
      "y" : -0.6617173,
      "z" : -0.13333334
    }, {
      "x" : 0.35630295,
      "y" : -0.5617173,
      "z" : 0.26666668
    }, {
      "x" : 2.0583942,
      "y" : -2.0761652,
      "z" : -0.13333334
    }, {
      "x" : 1.9583942,
      "y" : -1.976165,
      "z" : 0.26666668
    }, {
      "x" : 0.58963627,
      "y" : -0.2617173,
      "z" : 0.13333334
    }, {
      "x" : 0.6896363,
      "y" : -0.36171728,
      "z" : -0.26666668
    } ],
    "faces" : [ {
      "vertices" : [ 2, 3, 6, 7 ]
    }, {
      "vertices" : [ 0, 5, 4, 1 ]
    }, {
      "vertices" : [ 2, 4, 5, 3 ]
    }, {
      "vertices" : [ 0, 6, 3, 5 ]
    }, {
      "vertices" : [ 0, 1, 7, 6 ]
    }, {
      "vertices" : [ 1, 4, 2, 7 ]
    } ]
  } ],
  "instances" : [ {
    "shape" : "a7ac0320-6923-419e-a090-1470cfb7ce85",
    "color" : "#57BC30",
    "position" : {
      "x" : 3.8967772,
      "y" : -2.993875,
      "z" : 5.817552
    },
    "orientation" : 52
  }, {
    "shape" : "fdb26147-bcc1-46fb-8106-070a35de53eb",
    "color" : "#BB3930",
    "position" : {
      "x" : 5.817552,
      "y" : -3.8967772,
      "z" : 2.993875
    },
    "orientation" : 34
  }, {
    "shape" : "05d933ee-0abe-4642-84e8-35ad13b0ad13",
    "color" : "#F2F2F2",
    "position" : {
      "x" : -1.1689411,
      "y" : 7.407606,
      "z" : 1.3240153
    }
  }, {
    "shape" : "f04cb589-76c7-4fd4-965d-bbf9b63d9cf6",
    "color" : "#B2B27F",
    "position" : {
      "x" : -1.1689411,
      "y" : -7.407606,
      "z" : -1.3240153
    },
    "orientation" : 32
  }, {
    "shape" : "05d933ee-0abe-4642-84e8-35ad13b0ad13",
    "color" : "#F2F2F2",
    "position" : {
      "x" : 4.413731,
      "y" : 6.1682067,
      "z" : -0.68137527
    }
  }, {
    "shape" : "a7ac0320-6923-419e-a090-1470cfb7ce85",
    "color" : "#57BC30",
    "position" : {
      "x" : 4.9992657,
      "y" : 2.5727618,
      "z" : 5.1361766
    },
    "orientation" : 30
  }, {
    "shape" : "05d933ee-0abe-4642-84e8-35ad13b0ad13",
    "color" : "#F2F2F2",
    "position" : {
      "x" : 4.9992657,
      "y" : 2.5727618,
      "z" : 5.1361766
    }
  }, {
    "shape" : "fdb26147-bcc1-46fb-8106-070a35de53eb",
    "color" : "#BB3930",
    "position" : {
      "x" : 2.993875,
      "y" : 5.817552,
      "z" : -3.8967772
    },
    "orientation" : 20
  }, {
    "shape" : "05d933ee-0abe-4642-84e8-35ad13b0ad13",
    "color" : "#F2F2F2",
    "position" : {
      "x" : -1.1689411,
      "y" : -7.407606,
      "z" : -1.3240153
    }
  }, {
    "shape" : "fdb26147-bcc1-46fb-8106-070a35de53eb",
    "color" : "#BB3930",
    "position" : {
      "x" : 0.68137527,
      "y" : 4.413731,
      "z" : -6.1682067
    },
    "orientation" : 59
  }, {
    "shape" : "a7ac0320-6923-419e-a090-1470cfb7ce85",
    "color" : "#57BC30",
    "position" : {
      "x" : -4.413731,
      "y" : -6.1682067,
      "z" : -0.68137527
    },
    "orientation" : 10
  }, {
    "shape" : "05d933ee-0abe-4642-84e8-35ad13b0ad13",
    "color" : "#F2F2F2",
    "position" : {
      "x" : 2.0053904,
      "y" : 2.2714295,
      "z" : 6.986493
    }
  }, {
    "shape" : "a7ac0320-6923-419e-a090-1470cfb7ce85",
    "color" : "#57BC30",
    "position" : {
      "x" : -2.5727618,
      "y" : 5.1361766,
      "z" : -4.9992657
    },
    "orientation" : 2
  }, {
    "shape" : "a7ac0320-6923-419e-a090-1470cfb7ce85",
    "color" : "#57BC30",
    "position" : {
      "x" : 2.993875,
      "y" : 5.817552,
      "z" : -3.8967772
    },
    "orientation" : 36
  }, {
    "shape" : "a7ac0320-6923-419e-a090-1470cfb7ce85",
    "color" : "#57BC30",
    "position" : {
      "x" : -1.3240153,
      "y" : -1.1689411,
      "z" : -7.407606
    },
    "orientation" : 44
  }, {
    "shape" : "fdb26147-bcc1-46fb-8106-070a35de53eb",
    "color" : "#BB3930",
    "position" : {
      "x" : 5.817552,
      "y" : 3.8967772,
      "z" : -2.993875
    },
    "orientation" : 49
  }, {
    "shape" : "a7ac0320-6923-419e-a090-1470cfb7ce85",
    "color" : "#57BC30",
    "position" : {
      "x" : 0.68137527,
      "y" : 4.413731,
      "z" : -6.1682067
    },
    "orientation" : 41
  }, {
    "shape" : "05d933ee-0abe-4642-84e8-35ad13b0ad13",
    "color" : "#F2F2F2",
    "position" : {
      "x" : -5.1361766,
      "y" : 4.9992657,
      "z" : -2.5727618
    }
  }, {
    "shape" : "a7ac0320-6923-419e-a090-1470cfb7ce85",
    "color" : "#57BC30",
    "position" : {
      "x" : -2.0053904,
      "y" : -2.2714295,
      "z" : 6.986493
    },
    "orientation" : 49
  }, {
    "shape" : "fdb26147-bcc1-46fb-8106-070a35de53eb",
    "color" : "#BB3930",
    "position" : {
      "x" : 1.1689411,
      "y" : -7.407606,
      "z" : 1.3240153
    },
    "orientation" : 21
  }, {
    "shape" : "fdb26147-bcc1-46fb-8106-070a35de53eb",
    "color" : "#BB3930",
    "position" : {
      "x" : -2.0053904,
      "y" : -2.2714295,
      "z" : 6.986493
    },
    "orientation" : 2
  }, {
    "shape" : "f04cb589-76c7-4fd4-965d-bbf9b63d9cf6",
    "color" : "#B2B27F",
    "position" : {
      "x" : -2.5727618,
      "y" : 5.1361766,
      "z" : -4.9992657
    },
    "orientation" : 36
  }, {
    "shape" : "f04cb589-76c7-4fd4-965d-bbf9b63d9cf6",
    "color" : "#B2B27F",
    "position" : {
      "x" : 2.2714295,
      "y" : -6.986493,
      "z" : -2.0053904
    },
    "orientation" : 11
  }, {
    "shape" : "05d933ee-0abe-4642-84e8-35ad13b0ad13",
    "color" : "#F2F2F2",
    "position" : {
      "x" : -1.3240153,
      "y" : -1.1689411,
      "z" : -7.407606
    }
  }, {
    "shape" : "a7ac0320-6923-419e-a090-1470cfb7ce85",
    "color" : "#57BC30",
    "position" : {
      "x" : -6.986493,
      "y" : -2.0053904,
      "z" : 2.2714295
    },
    "orientation" : 20
  }, {
    "shape" : "a7ac0320-6923-419e-a090-1470cfb7ce85",
    "color" : "#57BC30",
    "position" : {
      "x" : -2.2714295,
      "y" : -6.986493,
      "z" : 2.0053904
    },
    "orientation" : 3
  }, {
    "shape" : "a7ac0320-6923-419e-a090-1470cfb7ce85",
    "color" : "#57BC30",
    "position" : {
      "x" : -6.1682067,
      "y" : 0.68137527,
      "z" : 4.413731
    },
    "orientation" : 24
  }, {
    "shape" : "a7ac0320-6923-419e-a090-1470cfb7ce85",
    "color" : "#57BC30",
    "position" : {
      "x" : -3.8967772,
      "y" : -2.993875,
      "z" : -5.817552
    },
    "orientation" : 7
  }, {
    "shape" : "a7ac0320-6923-419e-a090-1470cfb7ce85",
    "color" : "#57BC30",
    "position" : {
      "x" : 4.9992657,
      "y" : -2.5727618,
      "z" : -5.1361766
    },
    "orientation" : 45
  }, {
    "shape" : "a7ac0320-6923-419e-a090-1470cfb7ce85",
    "color" : "#57BC30",
    "position" : {
      "x" : 2.0053904,
      "y" : -2.2714295,
      "z" : -6.986493
    },
    "orientation" : 4
  }, {
    "shape" : "05d933ee-0abe-4642-84e8-35ad13b0ad13",
    "color" : "#F2F2F2",
    "position" : {
      "x" : -4.413731,
      "y" : -6.1682067,
      "z" : -0.68137527
    }
  }, {
    "shape" : "a7ac0320-6923-419e-a090-1470cfb7ce85",
    "color" : "#57BC30",
    "position" : {
      "x" : -2.993875,
      "y" : -5.817552,
      "z" : -3.8967772
    },
    "orientation" : 6
  }, {
    "shape" : "a7ac0320-6923-419e-a090-1470cfb7ce85",
    "color" : "#57BC30",
    "position" : {
      "x" : -2.5727618,
      "y" : -5.1361766,
      "z" : 4.9992657
    },
    "orientation" : 17
  }, {
    "shape" : "fdb26147-bcc1-46fb-8106-070a35de53eb",
    "color" : "#BB3930",
    "position" : {
      "x" : -4.9992657,
      "y" : 2.5727618,
      "z" : -5.1361766
    },
    "orientation" : 55
  }, {
    "shape" : "a7ac0320-6923-419e-a090-1470cfb7ce85",
    "color" : "#57BC30",
    "position" : {
      "x" : 5.1361766,
      "y" : -4.9992657,
      "z" : -2.5727618
    },
    "orientation" : 1
  }, {
    "shape" : "fdb26147-bcc1-46fb-8106-070a35de53eb",
    "color" : "#BB3930",
    "position" : {
      "x" : -1.3240153,
      "y" : -1.1689411,
      "z" : -7.407606
    },
    "orientation" : 22
  }, {
    "shape" : "fdb26147-bcc1-46fb-8106-070a35de53eb",
    "color" : "#BB3930",
    "position" : {
      "x" : 2.5727618,
      "y" : 5.1361766,
      "z" : 4.9992657
    },
    "orientation" : 9
  }, {
    "shape" : "a7ac0320-6923-419e-a090-1470cfb7ce85",
    "color" : "#57BC30",
    "position" : {
      "x" : -6.986493,
      "y" : 2.0053904,
      "z" : -2.2714295
    },
    "orientation" : 5
  }, {
    "shape" : "f04cb589-76c7-4fd4-965d-bbf9b63d9cf6",
    "color" : "#B2B27F",
    "position" : {
      "x" : 4.413731,
      "y" : -6.1682067,
      "z" : 0.68137527
    },
    "orientation" : 42
  }, {
    "shape" : "a7ac0320-6923-419e-a090-1470cfb7ce85",
    "color" : "#57BC30",
    "position" : {
      "x" : -2.2714295,
      "y" : 6.986493,
      "z" : -2.0053904
    },
    "orientation" : 18
  }, {
    "shape" : "a7ac0320-6923-419e-a090-1470cfb7ce85",
    "color" : "#57BC30",
    "position" : {
      "x" : -7.407606,
      "y" : -1.3240153,
      "z" : -1.1689411
    },
    "orientation" : 27
  }, {
    "shape" : "05d933ee-0abe-4642-84e8-35ad13b0ad13",
    "color" : "#F2F2F2",
    "position" : {
      "x" : 2.2714295,
      "y" : 6.986493,
      "z" : 2.0053904
    }
  }, {
    "shape" : "a7ac0320-6923-419e-a090-1470cfb7ce85",
    "color" : "#57BC30",
    "position" : {
      "x" : 7.407606,
      "y" : 1.3240153,
      "z" : -1.1689411
    },
    "orientation" : 57
  }, {
    "shape" : "05d933ee-0abe-4642-84e8-35ad13b0ad13",
    "color" : "#F2F2F2",
    "position" : {
      "x" : -6.1682067,
      "y" : 0.68137527,
      "z" : 4.413731
    }
  }, {
    "shape" : "fdb26147-bcc1-46fb-8106-070a35de53eb",
    "color" : "#BB3930",
    "position" : {
      "x" : 2.2714295,
      "y" : -6.986493,
      "z" : -2.0053904
    },
    "orientation" : 31
  }, {
    "shape" : "05d933ee-0abe-4642-84e8-35ad13b0ad13",
    "color" : "#F2F2F2",
    "position" : {
      "x" : 2.993875,
      "y" : -5.817552,
      "z" : 3.8967772
    }
  }, {
    "shape" : "05d933ee-0abe-4642-84e8-35ad13b0ad13",
    "color" : "#F2F2F2",
    "position" : {
      "x" : 4.9992657,
      "y" : -2.5727618,
      "z" : -5.1361766
    }
  }, {
    "shape" : "a7ac0320-6923-419e-a090-1470cfb7ce85",
    "color" : "#57BC30",
    "position" : {
      "x" : 6.1682067,
      "y" : 0.68137527,
      "z" : -4.413731
    },
    "orientation" : 39
  }, {
    "shape" : "fdb26147-bcc1-46fb-8106-070a35de53eb",
    "color" : "#BB3930",
    "position" : {
      "x" : -5.1361766,
      "y" : 4.9992657,
      "z" : -2.5727618
    },
    "orientation" : 56
  }, {
    "shape" : "fdb26147-bcc1-46fb-8106-070a35de53eb",
    "color" : "#BB3930",
    "position" : {
      "x" : 1.1689411,
      "y" : 7.407606,
      "z" : -1.3240153
    },
    "orientation" : 6
  }, {
    "shape" : "05d933ee-0abe-4642-84e8-35ad13b0ad13",
    "color" : "#F2F2F2",
    "position" : {
      "x" : 6.986493,
      "y" : 2.0053904,
      "z" : 2.2714295
    }
  }, {
    "shape" : "05d933ee-0abe-4642-84e8-35ad13b0ad13",
    "color" : "#F2F2F2",
    "position" : {
      "x" : -6.986493,
      "y" : 2.0053904,
      "z" : -2.2714295
    }
  }, {
    "shape" : "fdb26147-bcc1-46fb-8106-070a35de53eb",
    "color" : "#BB3930",
    "position" : {
      "x" : 1.3240153,
      "y" : -1.1689411,
      "z" : 7.407606
    },
    "orientation" : 37
  }, {
    "shape" : "fdb26147-bcc1-46fb-8106-070a35de53eb",
    "color" : "#BB3930",
    "position" : {
      "x" : -0.68137527,
      "y" : -4.413731,
      "z" : -6.1682067
    },
    "orientation" : 29
  }, {
    "shape" : "fdb26147-bcc1-46fb-8106-070a35de53eb",
    "color" : "#BB3930",
    "position" : {
      "x" : -2.2714295,
      "y" : 6.986493,
      "z" : -2.0053904
    },
    "orientation" : 1
  }, {
    "shape" : "fdb26147-bcc1-46fb-8106-070a35de53eb",
    "color" : "#BB3930",
    "position" : {
      "x" : -2.5727618,
      "y" : -5.1361766,
      "z" : 4.9992657
    },
    "orientation" : 39
  }, {
    "shape" : "f04cb589-76c7-4fd4-965d-bbf9b63d9cf6",
    "color" : "#B2B27F",
    "position" : {
      "x" : 7.407606,
      "y" : 1.3240153,
      "z" : -1.1689411
    },
    "orientation" : 16
  }, {
    "shape" : "05d933ee-0abe-4642-84e8-35ad13b0ad13",
    "color" : "#F2F2F2",
    "position" : {
      "x" : 6.1682067,
      "y" : -0.68137527,
      "z" : 4.413731
    }
  }, {
    "shape" : "f04cb589-76c7-4fd4-965d-bbf9b63d9cf6",
    "color" : "#B2B27F",
    "position" : {
      "x" : 6.986493,
      "y" : 2.0053904,
      "z" : 2.2714295
    },
    "orientation" : 40
  }, {
    "shape" : "05d933ee-0abe-4642-84e8-35ad13b0ad13",
    "color" : "#F2F2F2",
    "position" : {
      "x" : -0.68137527,
      "y" : -4.413731,
      "z" : -6.1682067
    }
  }, {
    "shape" : "f04cb589-76c7-4fd4-965d-bbf9b63d9cf6",
    "color" : "#B2B27F",
    "position" : {
      "x" : -3.8967772,
      "y" : -2.993875,
      "z" : -5.817552
    },
    "orientation" : 34
  }, {
    "shape" : "fdb26147-bcc1-46fb-8106-070a35de53eb",
    "color" : "#BB3930",
    "position" : {
      "x" : 6.986493,
      "y" : -2.0053904,
      "z" : -2.2714295
    },
    "orientation" : 0
  }, {
    "shape" : "fdb26147-bcc1-46fb-8106-070a35de53eb",
    "color" : "#BB3930",
    "position" : {
      "x" : -2.993875,
      "y" : 5.817552,
      "z" : 3.8967772
    },
    "orientation" : 35
  }, {
    "shape" : "fdb26147-bcc1-46fb-8106-070a35de53eb",
    "color" : "#BB3930",
    "position" : {
      "x" : -0.68137527,
      "y" : 4.413731,
      "z" : 6.1682067
    },
    "orientation" : 14
  }, {
    "shape" : "a7ac0320-6923-419e-a090-1470cfb7ce85",
    "color" : "#57BC30",
    "position" : {
      "x" : 1.3240153,
      "y" : -1.1689411,
      "z" : 7.407606
    },
    "orientation" : 29
  }, {
    "shape" : "a7ac0320-6923-419e-a090-1470cfb7ce85",
    "color" : "#57BC30",
    "position" : {
      "x" : -5.817552,
      "y" : -3.8967772,
      "z" : -2.993875
    },
    "orientation" : 8
  }, {
    "shape" : "fdb26147-bcc1-46fb-8106-070a35de53eb",
    "color" : "#BB3930",
    "position" : {
      "x" : -6.986493,
      "y" : 2.0053904,
      "z" : -2.2714295
    },
    "orientation" : 30
  }, {
    "shape" : "a7ac0320-6923-419e-a090-1470cfb7ce85",
    "color" : "#57BC30",
    "position" : {
      "x" : 4.413731,
      "y" : 6.1682067,
      "z" : -0.68137527
    },
    "orientation" : 40
  }, {
    "shape" : "fdb26147-bcc1-46fb-8106-070a35de53eb",
    "color" : "#BB3930",
    "position" : {
      "x" : -4.413731,
      "y" : 6.1682067,
      "z" : 0.68137527
    },
    "orientation" : 58
  }, {
    "shape" : "05d933ee-0abe-4642-84e8-35ad13b0ad13",
    "color" : "#F2F2F2",
    "position" : {
      "x" : -2.5727618,
      "y" : 5.1361766,
      "z" : -4.9992657
    }
  }, {
    "shape" : "a7ac0320-6923-419e-a090-1470cfb7ce85",
    "color" : "#57BC30",
    "position" : {
      "x" : 2.5727618,
      "y" : -5.1361766,
      "z" : -4.9992657
    },
    "orientation" : 32
  }, {
    "shape" : "fdb26147-bcc1-46fb-8106-070a35de53eb",
    "color" : "#BB3930",
    "position" : {
      "x" : 4.413731,
      "y" : -6.1682067,
      "z" : 0.68137527
    },
    "orientation" : 28
  }, {
    "shape" : "05d933ee-0abe-4642-84e8-35ad13b0ad13",
    "color" : "#F2F2F2",
    "position" : {
      "x" : -2.5727618,
      "y" : -5.1361766,
      "z" : 4.9992657
    }
  }, {
    "shape" : "f04cb589-76c7-4fd4-965d-bbf9b63d9cf6",
    "color" : "#B2B27F",
    "position" : {
      "x" : -2.5727618,
      "y" : -5.1361766,
      "z" : 4.9992657
    },
    "orientation" : 51
  }, {
    "shape" : "fdb26147-bcc1-46fb-8106-070a35de53eb",
    "color" : "#BB3930",
    "position" : {
      "x" : -2.993875,
      "y" : -5.817552,
      "z" : -3.8967772
    },
    "orientation" : 50
  }, {
    "shape" : "a7ac0320-6923-419e-a090-1470cfb7ce85",
    "color" : "#57BC30",
    "position" : {
      "x" : 1.1689411,
      "y" : -7.407606,
      "z" : 1.3240153
    },
    "orientation" : 13
  }, {
    "shape" : "a7ac0320-6923-419e-a090-1470cfb7ce85",
    "color" : "#57BC30",
    "position" : {
      "x" : -1.3240153,
      "y" : 1.1689411,
      "z" : 7.407606
    },
    "orientation" : 59
  }, {
    "shape" : "05d933ee-0abe-4642-84e8-35ad13b0ad13",
    "color" : "#F2F2F2",
    "position" : {
      "x" : 5.1361766,
      "y" : -4.9992657,
      "z" : -2.5727618
    }
  }, {
    "shape" : "fdb26147-bcc1-46fb-8106-070a35de53eb",
    "color" : "#BB3930",
    "position" : {
      "x" : 2.0053904,
      "y" : 2.2714295,
      "z" : 6.986493
    },
    "orientation" : 32
  }, {
    "shape" : "fdb26147-bcc1-46fb-8106-070a35de53eb",
    "color" : "#BB3930",
    "position" : {
      "x" : -4.413731,
      "y" : -6.1682067,
      "z" : -0.68137527
    },
    "orientation" : 43
  }, {
    "shape" : "fdb26147-bcc1-46fb-8106-070a35de53eb",
    "color" : "#BB3930",
    "position" : {
      "x" : 6.1682067,
      "y" : -0.68137527,
      "z" : 4.413731
    },
    "orientation" : 12
  }, {
    "shape" : "a7ac0320-6923-419e-a090-1470cfb7ce85",
    "color" : "#57BC30",
    "position" : {
      "x" : 2.2714295,
      "y" : 6.986493,
      "z" : 2.0053904
    },
    "orientation" : 33
  }, {
    "shape" : "a7ac0320-6923-419e-a090-1470cfb7ce85",
    "color" : "#57BC30",
    "position" : {
      "x" : 6.986493,
      "y" : -2.0053904,
      "z" : -2.2714295
    },
    "orientation" : 35
  }, {
    "shape" : "05d933ee-0abe-4642-84e8-35ad13b0ad13",
    "color" : "#F2F2F2",
    "position" : {
      "x" : 5.817552,
      "y" : -3.8967772,
      "z" : 2.993875
    }
  }, {
    "shape" : "a7ac0320-6923-419e-a090-1470cfb7ce85",
    "color" : "#57BC30",
    "position" : {
      "x" : -5.1361766,
      "y" : 4.9992657,
      "z" : -2.5727618
    },
    "orientation" : 31
  }, {
    "shape" : "f04cb589-76c7-4fd4-965d-bbf9b63d9cf6",
    "color" : "#B2B27F",
    "position" : {
      "x" : 0.68137527,
      "y" : -4.413731,
      "z" : 6.1682067
    },
    "orientation" : 13
  }, {
    "shape" : "f04cb589-76c7-4fd4-965d-bbf9b63d9cf6",
    "color" : "#B2B27F",
    "position" : {
      "x" : 0.68137527,
      "y" : 4.413731,
      "z" : -6.1682067
    },
    "orientation" : 28
  }, {
    "shape" : "05d933ee-0abe-4642-84e8-35ad13b0ad13",
    "color" : "#F2F2F2",
    "position" : {
      "x" : 1.3240153,
      "y" : 1.1689411,
      "z" : -7.407606
    }
  }, {
    "shape" : "05d933ee-0abe-4642-84e8-35ad13b0ad13",
    "color" : "#F2F2F2",
    "position" : {
      "x" : -4.9992657,
      "y" : -2.5727618,
      "z" : 5.1361766
    }
  }, {
    "shape" : "05d933ee-0abe-4642-84e8-35ad13b0ad13",
    "color" : "#F2F2F2",
    "position" : {
      "x" : 4.413731,
      "y" : -6.1682067,
      "z" : 0.68137527
    }
  }, {
    "shape" : "a7ac0320-6923-419e-a090-1470cfb7ce85",
    "color" : "#57BC30",
    "position" : {
      "x" : -1.1689411,
      "y" : 7.407606,
      "z" : 1.3240153
    },
    "orientation" : 43
  }, {
    "shape" : "05d933ee-0abe-4642-84e8-35ad13b0ad13",
    "color" : "#F2F2F2",
    "position" : {
      "x" : 2.2714295,
      "y" : -6.986493,
      "z" : -2.0053904
    }
  }, {
    "shape" : "fdb26147-bcc1-46fb-8106-070a35de53eb",
    "color" : "#BB3930",
    "position" : {
      "x" : -3.8967772,
      "y" : 2.993875,
      "z" : 5.817552
    },
    "orientation" : 48
  }, {
    "shape" : "f04cb589-76c7-4fd4-965d-bbf9b63d9cf6",
    "color" : "#B2B27F",
    "position" : {
      "x" : -3.8967772,
      "y" : 2.993875,
      "z" : 5.817552
    },
    "orientation" : 49
  }, {
    "shape" : "a7ac0320-6923-419e-a090-1470cfb7ce85",
    "color" : "#57BC30",
    "position" : {
      "x" : 6.1682067,
      "y" : -0.68137527,
      "z" : 4.413731
    },
    "orientation" : 54
  }, {
    "shape" : "05d933ee-0abe-4642-84e8-35ad13b0ad13",
    "color" : "#F2F2F2",
    "position" : {
      "x" : -4.9992657,
      "y" : 2.5727618,
      "z" : -5.1361766
    }
  }, {
    "shape" : "fdb26147-bcc1-46fb-8106-070a35de53eb",
    "color" : "#BB3930",
    "position" : {
      "x" : -2.0053904,
      "y" : 2.2714295,
      "z" : -6.986493
    },
    "orientation" : 17
  }, {
    "shape" : "05d933ee-0abe-4642-84e8-35ad13b0ad13",
    "color" : "#F2F2F2",
    "position" : {
      "x" : 1.1689411,
      "y" : 7.407606,
      "z" : -1.3240153
    }
  }, {
    "shape" : "a7ac0320-6923-419e-a090-1470cfb7ce85",
    "color" : "#57BC30",
    "position" : {
      "x" : 2.0053904,
      "y" : 2.2714295,
      "z" : 6.986493
    },
    "orientation" : 19
  }, {
    "shape" : "fdb26147-bcc1-46fb-8106-070a35de53eb",
    "color" : "#BB3930",
    "position" : {
      "x" : -1.1689411,
      "y" : 7.407606,
      "z" : 1.3240153
    },
    "orientation" : 51
  }, {
    "shape" : "fdb26147-bcc1-46fb-8106-070a35de53eb",
    "color" : "#BB3930",
    "position" : {
      "x" : 2.2714295,
      "y" : 6.986493,
      "z" : 2.0053904
    },
    "orientation" : 46
  }, {
    "shape" : "f04cb589-76c7-4fd4-965d-bbf9b63d9cf6",
    "color" : "#B2B27F",
    "position" : {
      "x" : 2.2714295,
      "y" : 6.986493,
      "z" : 2.0053904
    },
    "orientation" : 26
  }, {
    "shape" : "a7ac0320-6923-419e-a090-1470cfb7ce85",
    "color" : "#57BC30",
    "position" : {
      "x" : 6.986493,
      "y" : 2.0053904,
      "z" : 2.2714295
    },
    "orientation" : 50
  }, {
    "shape" : "a7ac0320-6923-419e-a090-1470cfb7ce85",
    "color" : "#57BC30",
    "position" : {
      "x" : 3.8967772,
      "y" : 2.993875,
      "z" : -5.817552
    },
    "orientation" : 37
  }, {
    "shape" : "f04cb589-76c7-4fd4-965d-bbf9b63d9cf6",
    "color" : "#B2B27F",
    "position" : {
      "x" : -6.1682067,
      "y" : -0.68137527,
      "z" : -4.413731
    },
    "orientation" : 44
  }, {
    "shape" : "f04cb589-76c7-4fd4-965d-bbf9b63d9cf6",
    "color" : "#B2B27F",
    "position" : {
      "x" : -5.1361766,
      "y" : -4.9992657,
      "z" : 2.5727618
    },
    "orientation" : 8
  }, {
    "shape" : "05d933ee-0abe-4642-84e8-35ad13b0ad13",
    "color" : "#F2F2F2",
    "position" : {
      "x" : -4.413731,
      "y" : 6.1682067,
      "z" : 0.68137527
    }
  }, {
    "shape" : "05d933ee-0abe-4642-84e8-35ad13b0ad13",
    "color" : "#F2F2F2",
    "position" : {
      "x" : -3.8967772,
      "y" : -2.993875,
      "z" : -5.817552
    }
  }, {
    "shape" : "05d933ee-0abe-4642-84e8-35ad13b0ad13",
    "color" : "#F2F2F2",
    "position" : {
      "x" : -2.993875,
      "y" : -5.817552,
      "z" : -3.8967772
    }
  }, {
    "shape" : "05d933ee-0abe-4642-84e8-35ad13b0ad13",
    "color" : "#F2F2F2",
    "position" : {
      "x" : 6.986493,
      "y" : -2.0053904,
      "z" : -2.2714295
    }
  }, {
    "shape" : "05d933ee-0abe-4642-84e8-35ad13b0ad13",
    "color" : "#F2F2F2",
    "position" : {
      "x" : 3.8967772,
      "y" : -2.993875,
      "z" : 5.817552
    }
  }, {
    "shape" : "fdb26147-bcc1-46fb-8106-070a35de53eb",
    "color" : "#BB3930",
    "position" : {
      "x" : 2.993875,
      "y" : -5.817552,
      "z" : 3.8967772
    },
    "orientation" : 5
  }, {
    "shape" : "fdb26147-bcc1-46fb-8106-070a35de53eb",
    "color" : "#BB3930",
    "position" : {
      "x" : -5.1361766,
      "y" : -4.9992657,
      "z" : 2.5727618
    },
    "orientation" : 41
  }, {
    "shape" : "f04cb589-76c7-4fd4-965d-bbf9b63d9cf6",
    "color" : "#B2B27F",
    "position" : {
      "x" : -6.1682067,
      "y" : 0.68137527,
      "z" : 4.413731
    },
    "orientation" : 59
  }, {
    "shape" : "fdb26147-bcc1-46fb-8106-070a35de53eb",
    "color" : "#BB3930",
    "position" : {
      "x" : -3.8967772,
      "y" : -2.993875,
      "z" : -5.817552
    },
    "orientation" : 33
  }, {
    "shape" : "a7ac0320-6923-419e-a090-1470cfb7ce85",
    "color" : "#57BC30",
    "position" : {
      "x" : 2.5727618,
      "y" : 5.1361766,
      "z" : 4.9992657
    },
    "orientation" : 47
  }, {
    "shape" : "a7ac0320-6923-419e-a090-1470cfb7ce85",
    "color" : "#57BC30",
    "position" : {
      "x" : -3.8967772,
      "y" : 2.993875,
      "z" : 5.817552
    },
    "orientation" : 22
  }, {
    "shape" : "fdb26147-bcc1-46fb-8106-070a35de53eb",
    "color" : "#BB3930",
    "position" : {
      "x" : -2.2714295,
      "y" : -6.986493,
      "z" : 2.0053904
    },
    "orientation" : 16
  }, {
    "shape" : "f04cb589-76c7-4fd4-965d-bbf9b63d9cf6",
    "color" : "#B2B27F",
    "position" : {
      "x" : -4.413731,
      "y" : 6.1682067,
      "z" : 0.68137527
    },
    "orientation" : 12
  }, {
    "shape" : "05d933ee-0abe-4642-84e8-35ad13b0ad13",
    "color" : "#F2F2F2",
    "position" : {
      "x" : 2.0053904,
      "y" : -2.2714295,
      "z" : -6.986493
    }
  }, {
    "shape" : "05d933ee-0abe-4642-84e8-35ad13b0ad13",
    "color" : "#F2F2F2",
    "position" : {
      "x" : 3.8967772,
      "y" : 2.993875,
      "z" : -5.817552
    }
  }, {
    "shape" : "05d933ee-0abe-4642-84e8-35ad13b0ad13",
    "color" : "#F2F2F2",
    "position" : {
      "x" : -3.8967772,
      "y" : 2.993875,
      "z" : 5.817552
    }
  }, {
    "shape" : "f04cb589-76c7-4fd4-965d-bbf9b63d9cf6",
    "color" : "#B2B27F",
    "position" : {
      "x" : 5.817552,
      "y" : -3.8967772,
      "z" : 2.993875
    },
    "orientation" : 35
  }, {
    "shape" : "a7ac0320-6923-419e-a090-1470cfb7ce85",
    "color" : "#57BC30",
    "position" : {
      "x" : -7.407606,
      "y" : 1.3240153,
      "z" : 1.1689411
    },
    "orientation" : 12
  }, {
    "shape" : "05d933ee-0abe-4642-84e8-35ad13b0ad13",
    "color" : "#F2F2F2",
    "position" : {
      "x" : -2.0053904,
      "y" : 2.2714295,
      "z" : -6.986493
    }
  }, {
