{
  "polygons" : "true",
  "field" : "snubDodec",
  "symmetry" : "icosahedral",
  "orientations" : [ [ 1.0, 0.0, 0.0, 0.0, 0.0, 1.0, 0.0, 0.0, 0.0, 0.0, 1.0, 0.0, 0.0, 0.0, 0.0, 1.0 ], [ 0.0, 0.0, 1.0, 0.0, 1.0, 0.0, 0.0, 0.0, 0.0, 1.0, 0.0, 0.0, 0.0, 0.0, 0.0, 1.0 ], [ 0.0, 1.0, 0.0, 0.0, 0.0, 0.0, 1.0, 0.0, 1.0, 0.0, 0.0, 0.0, 0.0, 0.0, 0.0, 1.0 ], [ 0.809017, 0.309017, 0.5, 0.0, 0.309017, 0.5, -0.809017, 0.0, -0.5, 0.809017, 0.309017, 0.0, 0.0, 0.0, 0.0, 1.0 ], [ -0.5, 0.809017, 0.309017, 0.0, 0.809017, 0.309017, 0.5, 0.0, 0.309017, 0.5, -0.809017, 0.0, 0.0, 0.0, 0.0, 1.0 ], [ 0.309017, 0.5, -0.809017, 0.0, -0.5, 0.809017, 0.309017, 0.0, 0.809017, 0.309017, 0.5, 0.0, 0.0, 0.0, 0.0, 1.0 ], [ 0.5, 0.809017, 0.309017, 0.0, 0.809017, -0.309017, -0.5, 0.0, -0.309017, 0.5, -0.809017, 0.0, 0.0, 0.0, 0.0, 1.0 ], [ -0.309017, 0.5, -0.809017, 0.0, 0.5, 0.809017, 0.309017, 0.0, 0.809017, -0.309017, -0.5, 0.0, 0.0, 0.0, 0.0, 1.0 ], [ 0.809017, -0.309017, -0.5, 0.0, -0.309017, 0.5, -0.809017, 0.0, 0.5, 0.809017, 0.309017, 0.0, 0.0, 0.0, 0.0, 1.0 ], [ 0.5, 0.809017, -0.309017, 0.0, 0.809017, -0.309017, 0.5, 0.0, 0.309017, -0.5, -0.809017, 0.0, 0.0, 0.0, 0.0, 1.0 ], [ 0.309017, -0.5, -0.809017, 0.0, 0.5, 0.809017, -0.309017, 0.0, 0.809017, -0.309017, 0.5, 0.0, 0.0, 0.0, 0.0, 1.0 ], [ 0.809017, -0.309017, 0.5, 0.0, 0.309017, -0.5, -0.809017, 0.0, 0.5, 0.809017, -0.309017, 0.0, 0.0, 0.0, 0.0, 1.0 ], [ 0.809017, 0.309017, -0.5, 0.0, 0.309017, 0.5, 0.809017, 0.0, 0.5, -0.809017, 0.309017, 0.0, 0.0, 0.0, 0.0, 1.0 ], [ 0.5, -0.809017, 0.309017, 0.0, 0.809017, 0.309017, -0.5, 0.0, 0.309017, 0.5, 0.809017, 0.0, 0.0, 0.0, 0.0, 1.0 ], [ 0.309017, 0.5, 0.809017, 0.0, 0.5, -0.809017, 0.309017, 0.0, 0.809017, 0.309017, -0.5, 0.0, 0.0, 0.0, 0.0, 1.0 ], [ 1.0, 0.0, 0.0, 0.0, 0.0, -1.0, 0.0, 0.0, 0.0, 0.0, -1.0, 0.0, 0.0, 0.0, 0.0, 1.0 ], [ 0.0, 0.0, 1.0, 0.0, -1.0, 0.0, 0.0, 0.0, 0.0, -1.0, 0.0, 0.0, 0.0, 0.0, 0.0, 1.0 ], [ 0.0, 1.0, 0.0, 0.0, 0.0, 0.0, -1.0, 0.0, -1.0, 0.0, 0.0, 0.0, 0.0, 0.0, 0.0, 1.0 ], [ 0.809017, 0.309017, 0.5, 0.0, -0.309017, -0.5, 0.809017, 0.0, 0.5, -0.809017, -0.309017, 0.0, 0.0, 0.0, 0.0, 1.0 ], [ -0.5, 0.809017, 0.309017, 0.0, -0.809017, -0.309017, -0.5, 0.0, -0.309017, -0.5, 0.809017, 0.0, 0.0, 0.0, 0.0, 1.0 ], [ 0.309017, 0.5, -0.809017, 0.0, 0.5, -0.809017, -0.309017, 0.0, -0.809017, -0.309017, -0.5, 0.0, 0.0, 0.0, 0.0, 1.0 ], [ 0.5, 0.809017, 0.309017, 0.0, -0.809017, 0.309017, 0.5, 0.0, 0.309017, -0.5, 0.809017, 0.0, 0.0, 0.0, 0.0, 1.0 ], [ -0.309017, 0.5, -0.809017, 0.0, -0.5, -0.809017, -0.309017, 0.0, -0.809017, 0.309017, 0.5, 0.0, 0.0, 0.0, 0.0, 1.0 ], [ 0.809017, -0.309017, -0.5, 0.0, 0.309017, -0.5, 0.809017, 0.0, -0.5, -0.809017, -0.309017, 0.0, 0.0, 0.0, 0.0, 1.0 ], [ 0.5, 0.809017, -0.309017, 0.0, -0.809017, 0.309017, -0.5, 0.0, -0.309017, 0.5, 0.809017, 0.0, 0.0, 0.0, 0.0, 1.0 ], [ 0.309017, -0.5, -0.809017, 0.0, -0.5, -0.809017, 0.309017, 0.0, -0.809017, 0.309017, -0.5, 0.0, 0.0, 0.0, 0.0, 1.0 ], [ 0.809017, -0.309017, 0.5, 0.0, -0.309017, 0.5, 0.809017, 0.0, -0.5, -0.809017, 0.309017, 0.0, 0.0, 0.0, 0.0, 1.0 ], [ 0.809017, 0.309017, -0.5, 0.0, -0.309017, -0.5, -0.809017, 0.0, -0.5, 0.809017, -0.309017, 0.0, 0.0, 0.0, 0.0, 1.0 ], [ 0.5, -0.809017, 0.309017, 0.0, -0.809017, -0.309017, 0.5, 0.0, -0.309017, -0.5, -0.809017, 0.0, 0.0, 0.0, 0.0, 1.0 ], [ 0.309017, 0.5, 0.809017, 0.0, -0.5, 0.809017, -0.309017, 0.0, -0.809017, -0.309017, 0.5, 0.0, 0.0, 0.0, 0.0, 1.0 ], [ -1.0, 0.0, 0.0, 0.0, 0.0, -1.0, 0.0, 0.0, 0.0, 0.0, 1.0, 0.0, 0.0, 0.0, 0.0, 1.0 ], [ 0.0, 0.0, -1.0, 0.0, -1.0, 0.0, 0.0, 0.0, 0.0, 1.0, 0.0, 0.0, 0.0, 0.0, 0.0, 1.0 ], [ 0.0, -1.0, 0.0, 0.0, 0.0, 0.0, -1.0, 0.0, 1.0, 0.0, 0.0, 0.0, 0.0, 0.0, 0.0, 1.0 ], [ -0.809017, -0.309017, -0.5, 0.0, -0.309017, -0.5, 0.809017, 0.0, -0.5, 0.809017, 0.309017, 0.0, 0.0, 0.0, 0.0, 1.0 ], [ 0.5, -0.809017, -0.309017, 0.0, -0.809017, -0.309017, -0.5, 0.0, 0.309017, 0.5, -0.809017, 0.0, 0.0, 0.0, 0.0, 1.0 ], [ -0.309017, -0.5, 0.809017, 0.0, 0.5, -0.809017, -0.309017, 0.0, 0.809017, 0.309017, 0.5, 0.0, 0.0, 0.0, 0.0, 1.0 ], [ -0.5, -0.809017, -0.309017, 0.0, -0.809017, 0.309017, 0.5, 0.0, -0.309017, 0.5, -0.809017, 0.0, 0.0, 0.0, 0.0, 1.0 ], [ 0.309017, -0.5, 0.809017, 0.0, -0.5, -0.809017, -0.309017, 0.0, 0.809017, -0.309017, -0.5, 0.0, 0.0, 0.0, 0.0, 1.0 ], [ -0.809017, 0.309017, 0.5, 0.0, 0.309017, -0.5, 0.809017, 0.0, 0.5, 0.809017, 0.309017, 0.0, 0.0, 0.0, 0.0, 1.0 ], [ -0.5, -0.809017, 0.309017, 0.0, -0.809017, 0.309017, -0.5, 0.0, 0.309017, -0.5, -0.809017, 0.0, 0.0, 0.0, 0.0, 1.0 ], [ -0.309017, 0.5, 0.809017, 0.0, -0.5, -0.809017, 0.309017, 0.0, 0.809017, -0.309017, 0.5, 0.0, 0.0, 0.0, 0.0, 1.0 ], [ -0.809017, 0.309017, -0.5, 0.0, -0.309017, 0.5, 0.809017, 0.0, 0.5, 0.809017, -0.309017, 0.0, 0.0, 0.0, 0.0, 1.0 ], [ -0.809017, -0.309017, 0.5, 0.0, -0.309017, -0.5, -0.809017, 0.0, 0.5, -0.809017, 0.309017, 0.0, 0.0, 0.0, 0.0, 1.0 ], [ -0.5, 0.809017, -0.309017, 0.0, -0.809017, -0.309017, 0.5, 0.0, 0.309017, 0.5, 0.809017, 0.0, 0.0, 0.0, 0.0, 1.0 ], [ -0.309017, -0.5, -0.809017, 0.0, -0.5, 0.809017, -0.309017, 0.0, 0.809017, 0.309017, -0.5, 0.0, 0.0, 0.0, 0.0, 1.0 ], [ -1.0, 0.0, 0.0, 0.0, 0.0, 1.0, 0.0, 0.0, 0.0, 0.0, -1.0, 0.0, 0.0, 0.0, 0.0, 1.0 ], [ 0.0, 0.0, -1.0, 0.0, 1.0, 0.0, 0.0, 0.0, 0.0, -1.0, 0.0, 0.0, 0.0, 0.0, 0.0, 1.0 ], [ 0.0, -1.0, 0.0, 0.0, 0.0, 0.0, 1.0, 0.0, -1.0, 0.0, 0.0, 0.0, 0.0, 0.0, 0.0, 1.0 ], [ -0.809017, -0.309017, -0.5, 0.0, 0.309017, 0.5, -0.809017, 0.0, 0.5, -0.809017, -0.309017, 0.0, 0.0, 0.0, 0.0, 1.0 ], [ 0.5, -0.809017, -0.309017, 0.0, 0.809017, 0.309017, 0.5, 0.0, -0.309017, -0.5, 0.809017, 0.0, 0.0, 0.0, 0.0, 1.0 ], [ -0.309017, -0.5, 0.809017, 0.0, -0.5, 0.809017, 0.309017, 0.0, -0.809017, -0.309017, -0.5, 0.0, 0.0, 0.0, 0.0, 1.0 ], [ -0.5, -0.809017, -0.309017, 0.0, 0.809017, -0.309017, -0.5, 0.0, 0.309017, -0.5, 0.809017, 0.0, 0.0, 0.0, 0.0, 1.0 ], [ 0.309017, -0.5, 0.809017, 0.0, 0.5, 0.809017, 0.309017, 0.0, -0.809017, 0.309017, 0.5, 0.0, 0.0, 0.0, 0.0, 1.0 ], [ -0.809017, 0.309017, 0.5, 0.0, -0.309017, 0.5, -0.809017, 0.0, -0.5, -0.809017, -0.309017, 0.0, 0.0, 0.0, 0.0, 1.0 ], [ -0.5, -0.809017, 0.309017, 0.0, 0.809017, -0.309017, 0.5, 0.0, -0.309017, 0.5, 0.809017, 0.0, 0.0, 0.0, 0.0, 1.0 ], [ -0.309017, 0.5, 0.809017, 0.0, 0.5, 0.809017, -0.309017, 0.0, -0.809017, 0.309017, -0.5, 0.0, 0.0, 0.0, 0.0, 1.0 ], [ -0.809017, 0.309017, -0.5, 0.0, 0.309017, -0.5, -0.809017, 0.0, -0.5, -0.809017, 0.309017, 0.0, 0.0, 0.0, 0.0, 1.0 ], [ -0.809017, -0.309017, 0.5, 0.0, 0.309017, 0.5, 0.809017, 0.0, -0.5, 0.809017, -0.309017, 0.0, 0.0, 0.0, 0.0, 1.0 ], [ -0.5, 0.809017, -0.309017, 0.0, 0.809017, 0.309017, -0.5, 0.0, -0.309017, -0.5, -0.809017, 0.0, 0.0, 0.0, 0.0, 1.0 ], [ -0.309017, -0.5, -0.809017, 0.0, 0.5, -0.809017, 0.309017, 0.0, -0.809017, -0.309017, 0.5, 0.0, 0.0, 0.0, 0.0, 1.0 ] ],
  "lights" : {
    "directionalLights" : [ {
      "direction" : [ 1.0, -1.0, -1.0 ],
      "color" : "#EBEBE4"
    }, {
      "direction" : [ -1.0, 0.0, 0.0 ],
      "color" : "#E4E4EB"
    }, {
      "direction" : [ 0.0, 0.0, -1.0 ],
      "color" : "#1E1E1E"
    } ],
    "backgroundColor" : "#AFC8DC",
    "ambientColor" : "#292929"
  },
  "camera" : {
    "position" : {
      "x" : 0.0,
      "y" : 0.0,
      "z" : 64.642975
    },
    "width" : 29.089462,
    "perspective" : false,
    "fieldOfView" : 0.4426307,
    "viewDistance" : 64.642975,
    "lookAtPointRV" : {
      "x" : 0.0,
      "y" : 0.0,
      "z" : 0.0,
      "zero" : true
    },
    "lookDirectionRV" : {
      "x" : 0.0,
      "y" : 0.0,
      "z" : -1.0,
      "zero" : false
    },
    "upDirectionRV" : {
      "x" : 0.0,
      "y" : 1.0,
      "z" : 0.0,
      "zero" : false
    },
    "lookDirection" : {
      "x" : 0.0,
      "y" : 0.0,
      "z" : -1.0
    },
    "lookAtPoint" : {
      "x" : 0.0,
      "y" : 0.0,
      "z" : 0.0
    },
    "upDirection" : {
      "x" : 0.0,
      "y" : 1.0,
      "z" : 0.0
    },
    "farClipDistance" : 129.28639,
    "stereo" : false,
    "nearClipDistance" : 0.16160771
  },
  "embedding" : [ 1.0, 0.0, 0.0, 0.0, 0.0, 1.0, 0.0, 0.0, 0.0, 0.0, 1.0, 0.0, 0.0, 0.0, 0.0, 1.0 ],
  "shapes" : [ {
    "id" : "422e4395-f7c6-4d91-8812-c5323bb64359",
    "vertices" : [ {
      "x" : 0.0,
      "y" : 0.0,
      "z" : 0.0
    }, {
      "x" : -2.4750512,
      "y" : -2.4848633,
      "z" : 0.42111307
    }, {
      "x" : 0.71457464,
      "y" : -3.3611827,
      "z" : -0.8182864
    } ],
    "faces" : [ {
      "vertices" : [ 0, 1, 2 ]
    }, {
      "vertices" : [ 0, 2, 1 ]
    } ]
  }, {
    "id" : "1fb3128a-6f38-44c0-b194-a1b0747bf820",
    "vertices" : [ {
      "x" : 0.0,
      "y" : 0.0,
      "z" : 0.0
    }, {
      "x" : -2.7079294,
      "y" : -2.2409637,
      "z" : -0.35065478
    }, {
      "x" : 0.22143409,
      "y" : -2.6961703,
      "z" : -2.2714295
    } ],
    "faces" : [ {
      "vertices" : [ 0, 1, 2 ]
    }, {
      "vertices" : [ 0, 2, 1 ]
    } ]
  }, {
    "id" : "e2938fbb-8318-4f00-b35a-0180e2fff869",
    "vertices" : [ {
      "x" : 0.0,
      "y" : 0.0,
      "z" : 0.0
    }, {
      "x" : 2.238323,
      "y" : 0.9211765,
      "z" : -2.5727618
    }, {
      "x" : 3.4002485,
      "y" : 4.186665,
      "z" : -1.8913866
    }, {
      "x" : 1.880035,
      "y" : 5.283672,
      "z" : 1.1024884
    }, {
      "x" : -0.22143409,
      "y" : 2.6961703,
      "z" : 2.2714295
    } ],
    "faces" : [ {
      "vertices" : [ 0, 1, 2, 3, 4 ]
    }, {
      "vertices" : [ 0, 4, 3, 2, 1 ]
    } ]
  }, {
    "id" : "890c4373-5c4e-4ba7-9050-c520c985f6d8",
    "name" : "ball",
    "vertices" : [ {
      "x" : 0.309017,
      "y" : -0.309017,
      "z" : -0.309017
    }, {
      "x" : 0.5,
      "y" : 0.0,
      "z" : -0.19098301
    }, {
      "x" : 0.5,
      "y" : 0.0,
      "z" : 0.19098301
    }, {
      "x" : 0.309017,
      "y" : -0.309017,
      "z" : 0.309017
    }, {
      "x" : 0.19098301,
      "y" : -0.5,
      "z" : 0.0
    }, {
      "x" : 0.0,
      "y" : 0.19098301,
      "z" : 0.5
    }, {
      "x" : 0.0,
      "y" : -0.19098301,
      "z" : 0.5
    }, {
      "x" : 0.309017,
      "y" : 0.309017,
      "z" : 0.309017
    }, {
      "x" : -0.309017,
      "y" : -0.309017,
      "z" : 0.309017
    }, {
      "x" : -0.309017,
      "y" : 0.309017,
      "z" : 0.309017
    }, {
      "x" : -0.5,
      "y" : 0.0,
      "z" : 0.19098301
    }, {
      "x" : 0.0,
      "y" : -0.19098301,
      "z" : -0.5
    }, {
      "x" : 0.0,
      "y" : 0.19098301,
      "z" : -0.5
    }, {
      "x" : 0.309017,
      "y" : 0.309017,
      "z" : -0.309017
    }, {
      "x" : -0.309017,
      "y" : -0.309017,
      "z" : -0.309017
    }, {
      "x" : -0.19098301,
      "y" : -0.5,
      "z" : 0.0
    }, {
      "x" : -0.5,
      "y" : 0.0,
      "z" : -0.19098301
    }, {
      "x" : 0.19098301,
      "y" : 0.5,
      "z" : 0.0
    }, {
      "x" : -0.309017,
      "y" : 0.309017,
      "z" : -0.309017
    }, {
      "x" : 0.0,
      "y" : 0.0,
      "z" : 0.0
    }, {
      "x" : -0.19098301,
      "y" : 0.5,
      "z" : 0.0
    } ],
    "faces" : [ {
      "vertices" : [ 12, 18, 20, 17, 13 ]
    }, {
      "vertices" : [ 3, 6, 8, 15, 4 ]
    }, {
      "vertices" : [ 0, 11, 12, 13, 1 ]
    }, {
      "vertices" : [ 5, 9, 10, 8, 6 ]
    }, {
      "vertices" : [ 2, 7, 5, 6, 3 ]
    }, {
      "vertices" : [ 11, 14, 16, 18, 12 ]
    }, {
      "vertices" : [ 1, 13, 17, 7, 2 ]
    }, {
      "vertices" : [ 9, 20, 18, 16, 10 ]
    }, {
      "vertices" : [ 0, 1, 2, 3, 4 ]
    }, {
      "vertices" : [ 5, 7, 17, 20, 9 ]
    }, {
      "vertices" : [ 0, 4, 15, 14, 11 ]
    }, {
      "vertices" : [ 8, 10, 16, 14, 15 ]
    } ]
  }, {
    "id" : "2ef03e2d-d8f3-4aaf-90d2-d688bbb277b1",
    "orbit" : "12296",
    "orbitC" : "[[-11502,5549,620,-1920,9132,-3644,11231],[-3043,-6155,-2570,-2910,-900,6410,11231]]",
    "length" : "[-1,1,0,0,0,0,1]",
    "name" : "shorter",
    "vertices" : [ {
      "x" : -0.30975866,
      "y" : 2.878029,
      "z" : -0.5600864
    }, {
      "x" : -0.7097587,
      "y" : 2.7780292,
      "z" : -0.46008644
    }, {
      "x" : -0.40481597,
      "y" : 0.4831536,
      "z" : -0.2582
    }, {
      "x" : -0.0048159813,
      "y" : 0.5831536,
      "z" : -0.35819998
    }, {
      "x" : -0.843092,
      "y" : 2.5446959,
      "z" : -0.7600864
    }, {
      "x" : -0.44309202,
      "y" : 2.6446958,
      "z" : -0.86008644
    }, {
      "x" : 0.12851736,
      "y" : 0.81648695,
      "z" : -0.058199994
    }, {
      "x" : -0.27148265,
      "y" : 0.71648693,
      "z" : 0.041800003
    } ],
    "faces" : [ {
      "vertices" : [ 2, 3, 6, 7 ]
    }, {
      "vertices" : [ 0, 5, 4, 1 ]
    }, {
      "vertices" : [ 2, 4, 5, 3 ]
    }, {
      "vertices" : [ 0, 6, 3, 5 ]
    }, {
      "vertices" : [ 0, 1, 7, 6 ]
    }, {
      "vertices" : [ 1, 4, 2, 7 ]
    } ]
  }, {
    "id" : "6bd5cfb5-397b-48c6-9b6c-a658159aedff",
    "orbit" : "12297",
    "orbitC" : "[[5682,1365,1010,1940,-5020,450,7841],[203,-4501,-1722,-2376,-3552,5754,7841]]",
    "length" : "[-1,1,0,0,0,0,1]",
    "name" : "shorter",
    "vertices" : [ {
      "x" : 1.8965884,
      "y" : 2.1711705,
      "z" : -0.07303925
    }, {
      "x" : 1.7965884,
      "y" : 2.0711703,
      "z" : -0.47303924
    }, {
      "x" : 0.57846266,
      "y" : 0.31369287,
      "z" : -0.34807384
    }, {
      "x" : 0.6784627,
      "y" : 0.41369286,
      "z" : 0.051926166
    }, {
      "x" : 2.0965884,
      "y" : 1.8378371,
      "z" : -0.6063726
    }, {
      "x" : 2.1965883,
      "y" : 1.937837,
      "z" : -0.20637259
    }, {
      "x" : 0.3784627,
      "y" : 0.6470262,
      "z" : 0.1852595
    }, {
      "x" : 0.27846268,
      "y" : 0.54702616,
      "z" : -0.2147405
    } ],
    "faces" : [ {
      "vertices" : [ 2, 3, 6, 7 ]
    }, {
      "vertices" : [ 0, 5, 4, 1 ]
    }, {
      "vertices" : [ 2, 4, 5, 3 ]
    }, {
      "vertices" : [ 0, 6, 3, 5 ]
    }, {
      "vertices" : [ 0, 1, 7, 6 ]
    }, {
      "vertices" : [ 1, 4, 2, 7 ]
    } ]
  }, {
    "id" : "deb6a187-50ab-4a40-aa12-aae4c996a550",
    "vertices" : [ {
      "x" : 0.0,
      "y" : 0.0,
      "z" : 0.0
    }, {
      "x" : 0.22143409,
      "y" : -2.6961703,
      "z" : -2.2714295
    }, {
      "x" : 2.459757,
      "y" : -1.7749938,
      "z" : -4.8441916
    }, {
      "x" : 3.6216826,
      "y" : 1.4904948,
      "z" : -4.162816
    }, {
      "x" : 2.1014693,
      "y" : 2.5875013,
      "z" : -1.1689411
    } ],
    "faces" : [ {
      "vertices" : [ 0, 1, 2, 3, 4 ]
    }, {
      "vertices" : [ 0, 4, 3, 2, 1 ]
    } ]
  }, {
    "id" : "c03675e5-480b-4106-a9bc-345f3d1eb2ba",
    "orbit" : "12305",
    "orbitC" : "[[-782,-1,72,-394,104,332,811],[2107,-1415,-3550,2080,1180,-600,811]]",
    "length" : "[-1,1,0,0,0,0,1]",
    "name" : "shorter",
    "vertices" : [ {
      "x" : 0.44257468,
      "y" : 1.4475607,
      "z" : 2.3903778
    }, {
      "x" : 0.042574685,
      "y" : 1.5475607,
      "z" : 2.490378
    }, {
      "x" : -0.061331846,
      "y" : 0.58360595,
      "z" : 0.47436917
    }, {
      "x" : 0.33866814,
      "y" : 0.48360592,
      "z" : 0.37436917
    }, {
      "x" : 0.17590801,
      "y" : 1.8475606,
      "z" : 2.2570446
    }, {
      "x" : 0.575908,
      "y" : 1.7475606,
      "z" : 2.1570444
    }, {
      "x" : 0.20533481,
      "y" : 0.18360592,
      "z" : 0.6077025
    }, {
      "x" : -0.19466518,
      "y" : 0.28360593,
      "z" : 0.7077025
    } ],
    "faces" : [ {
      "vertices" : [ 2, 3, 6, 7 ]
    }, {
      "vertices" : [ 0, 5, 4, 1 ]
    }, {
      "vertices" : [ 2, 4, 5, 3 ]
    }, {
      "vertices" : [ 0, 6, 3, 5 ]
    }, {
      "vertices" : [ 0, 1, 7, 6 ]
    }, {
      "vertices" : [ 1, 4, 2, 7 ]
    } ]
  }, {
    "id" : "0b0de3c5-71ef-40e5-bd93-ceecd2718fc3",
    "vertices" : [ {
      "x" : 0.0,
      "y" : 0.0,
      "z" : 0.0
    }, {
      "x" : -2.8160439,
      "y" : 0.77368146,
      "z" : 1.9872276
    }, {
      "x" : -2.1014693,
      "y" : -2.5875013,
      "z" : 1.1689411
    } ],
    "faces" : [ {
      "vertices" : [ 0, 1, 2 ]
    }, {
      "vertices" : [ 0, 2, 1 ]
    } ]
  }, {
    "id" : "60e00798-fdcc-43f2-bb19-33b280ece324",
    "orbit" : "12322",
    "orbitC" : "[[-8,-9,3,-1,4,2,5],[-11,-3,-4,-7,8,4,5]]",
    "length" : "[1,0,0,0,0,0,1]",
    "name" : "short",
    "vertices" : [ {
      "x" : 4.941166,
      "y" : -4.604236,
      "z" : -1.5629839
    }, {
      "x" : 4.841166,
      "y" : -4.504236,
      "z" : -1.962984
    }, {
      "x" : 0.2919292,
      "y" : -0.551847,
      "z" : -0.4424066
    }, {
      "x" : 0.39192918,
      "y" : -0.651847,
      "z" : -0.042406593
    }, {
      "x" : 4.607833,
      "y" : -4.804236,
      "z" : -2.0963173
    }, {
      "x" : 4.707833,
      "y" : -4.904236,
      "z" : -1.6963173
    }, {
      "x" : 0.6252625,
      "y" : -0.351847,
      "z" : 0.090926744
    }, {
      "x" : 0.52526253,
      "y" : -0.25184697,
      "z" : -0.30907327
    } ],
    "faces" : [ {
      "vertices" : [ 2, 3, 6, 7 ]
    }, {
      "vertices" : [ 0, 5, 4, 1 ]
    }, {
      "vertices" : [ 2, 4, 5, 3 ]
    }, {
      "vertices" : [ 0, 6, 3, 5 ]
    }, {
      "vertices" : [ 0, 1, 7, 6 ]
    }, {
      "vertices" : [ 1, 4, 2, 7 ]
    } ]
  }, {
    "id" : "5ab31ea6-440a-4662-8c7c-0dadaf4f4307",
    "orbit" : "snubPentagon",
    "orbitC" : "[[-38,23,6,-4,20,-12,1],[23,-15,-4,2,-12,8,1]]",
    "length" : "[9,18,0,0,-3,-6,2]",
    "name" : " :9/2 +9*phi -3/2*xi^2 -3*phi*xi^2",
    "vertices" : [ {
      "x" : 0.4705936,
      "y" : 0.3456986,
      "z" : 2.8219845
    }, {
      "x" : 0.07059362,
      "y" : 0.4456986,
      "z" : 2.9219847
    }, {
      "x" : -0.04948053,
      "y" : 0.33567667,
      "z" : 0.6183862
    }, {
      "x" : 0.35051948,
      "y" : 0.23567668,
      "z" : 0.5183862
    }, {
      "x" : 0.20392695,
      "y" : 0.7456986,
      "z" : 2.6886513
    }, {
      "x" : 0.60392696,
      "y" : 0.6456986,
      "z" : 2.5886512
    }, {
      "x" : 0.21718614,
      "y" : -0.06432332,
      "z" : 0.75171953
    }, {
      "x" : -0.18281387,
      "y" : 0.035676684,
      "z" : 0.85171956
    } ],
    "faces" : [ {
      "vertices" : [ 2, 3, 6, 7 ]
    }, {
      "vertices" : [ 0, 5, 4, 1 ]
    }, {
      "vertices" : [ 2, 4, 5, 3 ]
    }, {
      "vertices" : [ 0, 6, 3, 5 ]
    }, {
      "vertices" : [ 0, 1, 7, 6 ]
    }, {
      "vertices" : [ 1, 4, 2, 7 ]
    } ]
  }, {
    "id" : "a2c81614-4d6c-44e6-89a4-9102ee3285b9",
    "orbit" : "12348",
    "orbitC" : "[[4,-3,5,5,-4,-2,5],[-13,-9,0,-5,8,4,5]]",
    "length" : "[1,0,0,0,0,0,1]",
    "name" : "short",
    "vertices" : [ {
      "x" : -0.7686473,
      "y" : 2.4632082,
      "z" : 6.5407195
    }, {
      "x" : -1.1686473,
      "y" : 2.3632083,
      "z" : 6.440719
    }, {
      "x" : -0.3661431,
      "y" : 0.34628168,
      "z" : 0.44577375
    }, {
      "x" : 0.033856884,
      "y" : 0.44628167,
      "z" : 0.54577374
    }, {
      "x" : -1.3019806,
      "y" : 2.6632082,
      "z" : 6.207386
    }, {
      "x" : -0.9019807,
      "y" : 2.7632084,
      "z" : 6.307386
    }, {
      "x" : 0.16719021,
      "y" : 0.14628167,
      "z" : 0.7791071
    }, {
      "x" : -0.23280978,
      "y" : 0.046281673,
      "z" : 0.67910707
    } ],
    "faces" : [ {
      "vertices" : [ 2, 3, 6, 7 ]
    }, {
      "vertices" : [ 0, 5, 4, 1 ]
    }, {
      "vertices" : [ 2, 4, 5, 3 ]
    }, {
      "vertices" : [ 0, 6, 3, 5 ]
    }, {
      "vertices" : [ 0, 1, 7, 6 ]
    }, {
      "vertices" : [ 1, 4, 2, 7 ]
    } ]
  }, {
    "id" : "fa841dff-a921-47b5-8781-dacb6697ab45",
    "vertices" : [ {
      "x" : 0.0,
      "y" : 0.0,
      "z" : 0.0
    }, {
      "x" : -2.3878224,
      "y" : 2.500827,
      "z" : 0.72244537
    }, {
      "x" : -2.7690651,
      "y" : 0.46966058,
      "z" : -2.1423016
    } ],
    "faces" : [ {
      "vertices" : [ 0, 1, 2 ]
    }, {
      "vertices" : [ 0, 2, 1 ]
    } ]
  }, {
    "id" : "d891f2b8-0c42-441f-b4ab-2b135cc2fed6",
    "vertices" : [ {
      "x" : 0.0,
      "y" : 0.0,
      "z" : 0.0
    }, {
      "x" : -0.71457464,
      "y" : 3.3611827,
      "z" : 0.8182864
    }, {
      "x" : -3.1896257,
      "y" : 0.8763196,
      "z" : 1.2393996
    } ],
    "faces" : [ {
      "vertices" : [ 0, 1, 2 ]
    }, {
      "vertices" : [ 0, 2, 1 ]
    } ]
  }, {
    "id" : "f9d5b808-7dd0-4dae-9f47-0959ad374565",
    "orbit" : "12309",
    "orbitC" : "[[-17,-75,40,-15,25,10,31],[-34,98,49,32,19,-73,31]]",
    "length" : "[1,0,0,0,0,0,1]",
    "name" : "short",
    "vertices" : [ {
      "x" : -5.285709,
      "y" : -0.13713112,
      "z" : 4.341967
    }, {
      "x" : -5.385709,
      "y" : 0.26286888,
      "z" : 4.441967
    }, {
      "x" : -0.45880142,
      "y" : 0.13295096,
      "z" : 0.65729827
    }, {
      "x" : -0.35880142,
      "y" : -0.26704904,
      "z" : 0.55729824
    }, {
      "x" : -5.152375,
      "y" : 0.12953554,
      "z" : 4.741967
    }, {
      "x" : -5.0523753,
      "y" : -0.27046445,
      "z" : 4.6419673
    }, {
      "x" : -0.5921348,
      "y" : -0.1337157,
      "z" : 0.25729826
    }, {
      "x" : -0.69213474,
      "y" : 0.2662843,
      "z" : 0.35729825
    } ],
    "faces" : [ {
      "vertices" : [ 2, 3, 6, 7 ]
    }, {
      "vertices" : [ 0, 5, 4, 1 ]
    }, {
      "vertices" : [ 2, 4, 5, 3 ]
    }, {
      "vertices" : [ 0, 6, 3, 5 ]
    }, {
      "vertices" : [ 0, 1, 7, 6 ]
    }, {
      "vertices" : [ 1, 4, 2, 7 ]
    } ]
  }, {
    "id" : "74ac1eb9-83c4-41aa-ae49-3d4b3e6977f3",
    "vertices" : [ {
      "x" : 0.0,
      "y" : 0.0,
      "z" : 0.0
    }, {
      "x" : 0.42111307,
      "y" : -0.68137527,
      "z" : 3.4403708
    }, {
      "x" : 2.2714295,
      "y" : -3.6752503,
      "z" : 3.741703
    }, {
      "x" : 2.993875,
      "y" : -4.8441916,
      "z" : 0.4875659
    }, {
      "x" : 1.5900543,
      "y" : -2.5727618,
      "z" : -1.8249338
    } ],
    "faces" : [ {
      "vertices" : [ 0, 1, 2, 3, 4 ]
    }, {
      "vertices" : [ 0, 4, 3, 2, 1 ]
    } ]
  }, {
    "id" : "4c6a2f65-9b65-4f1a-bdba-00db7ecf680f",
    "vertices" : [ {
      "x" : 0.0,
      "y" : 0.0,
      "z" : 0.0
    }, {
      "x" : 2.4750512,
      "y" : 2.4848633,
      "z" : -0.42111307
    }, {
      "x" : -0.9068304,
      "y" : 3.4140031,
      "z" : 0.0
    } ],
    "faces" : [ {
      "vertices" : [ 0, 1, 2 ]
    }, {
      "vertices" : [ 0, 2, 1 ]
    } ]
  }, {
    "id" : "754120b3-889b-4a9e-a7a0-f60036a2d32a",
    "orbit" : "12304",
    "orbitC" : "[[-1528,2075,450,560,920,-1360,1409],[3509,-2553,-316,-268,-1648,1456,1409]]",
    "length" : "[-1,1,0,0,0,0,1]",
    "name" : "shorter",
    "vertices" : [ {
      "x" : 2.3125563,
      "y" : -0.07317191,
      "z" : -1.7659479
    }, {
      "x" : 2.2125564,
      "y" : 0.3268281,
      "z" : -1.6659479
    }, {
      "x" : 0.3468797,
      "y" : 0.3129731,
      "z" : -0.54655176
    }, {
      "x" : 0.4468797,
      "y" : -0.08702689,
      "z" : -0.6465517
    }, {
      "x" : 1.979223,
      "y" : 0.46016142,
      "z" : -1.9659479
    }, {
      "x" : 2.079223,
      "y" : 0.06016142,
      "z" : -2.065948
    }, {
      "x" : 0.68021303,
      "y" : -0.22036022,
      "z" : -0.34655175
    }, {
      "x" : 0.580213,
      "y" : 0.17963979,
      "z" : -0.24655175
    } ],
    "faces" : [ {
      "vertices" : [ 2, 3, 6, 7 ]
    }, {
      "vertices" : [ 0, 5, 4, 1 ]
    }, {
      "vertices" : [ 2, 4, 5, 3 ]
    }, {
      "vertices" : [ 0, 6, 3, 5 ]
    }, {
      "vertices" : [ 0, 1, 7, 6 ]
    }, {
      "vertices" : [ 1, 4, 2, 7 ]
    } ]
  }, {
    "id" : "977754de-6ada-4ecd-9bd8-8bfc4d21a1ae",
    "orbit" : "12306",
    "orbitC" : "[[227,-120,-15,25,-135,70,31],[0,0,0,0,0,0,1]]",
    "length" : "[-1,1,0,0,0,0,1]",
    "name" : "shorter",
    "vertices" : [ {
      "x" : -2.3579106,
      "y" : -1.7133775,
      "z" : 0.017081548
    }, {
      "x" : -2.2579105,
      "y" : -1.6133775,
      "z" : 0.41708153
    }, {
      "x" : -0.3500189,
      "y" : -0.52758634,
      "z" : 0.33357322
    }, {
      "x" : -0.4500189,
      "y" : -0.62758636,
      "z" : -0.06642677
    }, {
      "x" : -2.0245771,
      "y" : -1.9133774,
      "z" : 0.55041486
    }, {
      "x" : -2.1245773,
      "y" : -2.0133774,
      "z" : 0.15041488
    }, {
      "x" : -0.68335223,
      "y" : -0.32758635,
      "z" : -0.1997601
    }, {
      "x" : -0.5833522,
      "y" : -0.22758634,
      "z" : 0.2002399
    } ],
    "faces" : [ {
      "vertices" : [ 2, 3, 6, 7 ]
    }, {
      "vertices" : [ 0, 5, 4, 1 ]
    }, {
      "vertices" : [ 2, 4, 5, 3 ]
    }, {
      "vertices" : [ 0, 6, 3, 5 ]
    }, {
      "vertices" : [ 0, 1, 7, 6 ]
    }, {
      "vertices" : [ 1, 4, 2, 7 ]
    } ]
  }, {
    "id" : "ad4ba3f6-cace-4fa6-94c3-267738f94774",
    "vertices" : [ {
      "x" : 0.0,
      "y" : 0.0,
      "z" : 0.0
    }, {
      "x" : 1.8503165,
      "y" : -2.993875,
      "z" : -0.3013323
    }, {
      "x" : 2.2315593,
      "y" : -0.96270835,
      "z" : 2.5634148
    } ],
    "faces" : [ {
      "vertices" : [ 0, 1, 2 ]
    }, {
      "vertices" : [ 0, 2, 1 ]
    } ]
  }, {
    "id" : "08d54071-a1cc-469c-b3c2-5a61c7a1ca73",
    "vertices" : [ {
      "x" : 0.0,
      "y" : 0.0,
      "z" : 0.0
    }, {
      "x" : -0.38124284,
      "y" : -2.0311666,
      "z" : -2.864747
    }, {
      "x" : 2.3878224,
      "y" : -2.500827,
      "z" : -0.72244537
    } ],
    "faces" : [ {
      "vertices" : [ 0, 1, 2 ]
    }, {
      "vertices" : [ 0, 2, 1 ]
    } ]
  }, {
    "id" : "6a083137-a03e-4e58-b375-03d2bd087690",
    "vertices" : [ {
      "x" : 0.0,
      "y" : 0.0,
      "z" : 0.0
    }, {
      "x" : 2.1014693,
      "y" : 2.5875013,
      "z" : -1.1689411
    }, {
      "x" : -0.71457464,
      "y" : 3.3611827,
      "z" : 0.8182864
    } ],
    "faces" : [ {
      "vertices" : [ 0, 1, 2 ]
    }, {
      "vertices" : [ 0, 2, 1 ]
    } ]
  }, {
    "id" : "b423acee-6675-4bd0-a958-fd286ee9360f",
    "orbit" : "12300",
    "orbitC" : "[[-28,11,-18,6,-4,8,19],[57,-45,-60,30,-20,20,19]]",
    "length" : "[-1,1,0,0,0,0,1]",
    "name" : "shorter",
    "vertices" : [ {
      "x" : -2.3609617,
      "y" : 0.7636692,
      "z" : -1.4190395
    }, {
      "x" : -2.4609616,
      "y" : 0.36366922,
      "z" : -1.5190395
    }, {
      "x" : -0.45508224,
      "y" : 0.010012252,
      "z" : -0.56818813
    }, {
      "x" : -0.35508224,
      "y" : 0.41001225,
      "z" : -0.4681881
    }, {
      "x" : -2.2276282,
      "y" : 0.49700254,
      "z" : -1.8190395
    }, {
      "x" : -2.1276283,
      "y" : 0.8970025,
      "z" : -1.7190396
    }, {
      "x" : -0.58841556,
      "y" : 0.27667892,
      "z" : -0.1681881
    }, {
      "x" : -0.6884156,
      "y" : -0.12332108,
      "z" : -0.2681881
    } ],
    "faces" : [ {
      "vertices" : [ 2, 3, 6, 7 ]
    }, {
      "vertices" : [ 0, 5, 4, 1 ]
    }, {
      "vertices" : [ 2, 4, 5, 3 ]
    }, {
      "vertices" : [ 0, 6, 3, 5 ]
    }, {
      "vertices" : [ 0, 1, 7, 6 ]
    }, {
      "vertices" : [ 1, 4, 2, 7 ]
    } ]
  }, {
    "id" : "0dd1d9be-f819-45b5-8339-f031b93f12f0",
    "orbit" : "12346",
    "orbitC" : "[[63,50,45,80,-60,-55,31],[-67,-126,-39,3,21,58,31]]",
    "length" : "[1,0,0,0,0,0,1]",
    "name" : "short",
    "vertices" : [ {
      "x" : -2.80866,
      "y" : -4.926095,
      "z" : 3.93025
    }, {
      "x" : -3.2086601,
      "y" : -4.8260946,
      "z" : 3.8302498
    }, {
      "x" : -0.5592864,
      "y" : -0.28619662,
      "z" : 0.48348138
    }, {
      "x" : -0.15928638,
      "y" : -0.3861966,
      "z" : 0.5834814
    }, {
      "x" : -3.3419933,
      "y" : -4.5927615,
      "z" : 4.13025
    }, {
      "x" : -2.9419935,
      "y" : -4.6927614,
      "z" : 4.23025
    }, {
      "x" : -0.025953053,
      "y" : -0.61952996,
      "z" : 0.2834814
    }, {
      "x" : -0.42595306,
      "y" : -0.51952994,
      "z" : 0.1834814
    } ],
    "faces" : [ {
      "vertices" : [ 2, 3, 6, 7 ]
    }, {
      "vertices" : [ 0, 5, 4, 1 ]
    }, {
      "vertices" : [ 2, 4, 5, 3 ]
    }, {
      "vertices" : [ 0, 6, 3, 5 ]
    }, {
      "vertices" : [ 0, 1, 7, 6 ]
    }, {
      "vertices" : [ 1, 4, 2, 7 ]
    } ]
  }, {
    "id" : "e9b3d9e3-39c9-4040-8382-97fe37e729f9",
    "vertices" : [ {
      "x" : 0.0,
      "y" : 0.0,
      "z" : 0.0
    }, {
      "x" : 3.1896257,
      "y" : -0.8763196,
      "z" : -1.2393996
    }, {
      "x" : 2.4750512,
      "y" : 2.4848633,
      "z" : -0.42111307
    } ],
    "faces" : [ {
      "vertices" : [ 0, 1, 2 ]
    }, {
      "vertices" : [ 0, 2, 1 ]
    } ]
  }, {
    "id" : "b95bf26d-22e9-47d6-8cc8-a3d035c7fa87",
    "vertices" : [ {
      "x" : 0.0,
      "y" : 0.0,
      "z" : 0.0
    }, {
      "x" : -1.6084214,
      "y" : -2.5430434,
      "z" : 1.8503165
    }, {
      "x" : 1.2076224,
      "y" : -3.3167248,
      "z" : -0.13691114
    } ],
    "faces" : [ {
      "vertices" : [ 0, 1, 2 ]
    }, {
      "vertices" : [ 0, 2, 1 ]
    } ]
  }, {
    "id" : "f2b59306-38d9-4a4c-ba9a-6eb7f69ba39b",
    "vertices" : [ {
      "x" : 0.0,
      "y" : 0.0,
      "z" : 0.0
    }, {
      "x" : -1.5202135,
      "y" : 1.0970064,
      "z" : 2.993875
    }, {
      "x" : -3.6216826,
      "y" : -1.4904948,
      "z" : 4.162816
    }, {
      "x" : -3.4002485,
      "y" : -4.186665,
      "z" : 1.8913866
    }, {
      "x" : -1.1619256,
      "y" : -3.2654886,
      "z" : -0.68137527
    } ],
    "faces" : [ {
      "vertices" : [ 0, 1, 2, 3, 4 ]
    }, {
      "vertices" : [ 0, 4, 3, 2, 1 ]
    } ]
  }, {
    "id" : "90d1f558-916c-4b24-8794-153d86117c45",
    "vertices" : [ {
      "x" : 0.0,
      "y" : 0.0,
      "z" : 0.0
    }, {
      "x" : 0.71457464,
      "y" : -3.3611827,
      "z" : -0.8182864
    }, {
      "x" : 2.8160439,
      "y" : -0.77368146,
      "z" : -1.9872276
    } ],
    "faces" : [ {
      "vertices" : [ 0, 1, 2 ]
    }, {
      "vertices" : [ 0, 2, 1 ]
    } ]
  }, {
    "id" : "ab7a2415-3cdf-4f71-a9dd-bbe867bc9f71",
    "orbit" : "12301",
    "orbitC" : "[[-22,9,2,-4,12,-4,5],[221,-137,-36,22,-116,72,5]]",
    "length" : "[-1,1,0,0,0,0,1]",
    "name" : "shorter",
    "vertices" : [ {
      "x" : -1.1402997,
      "y" : 0.6283503,
      "z" : -2.6092856
    }, {
      "x" : -1.0402998,
      "y" : 1.0283504,
      "z" : -2.5092857
    }, {
      "x" : -0.37991375,
      "y" : 0.46865618,
      "z" : -0.38458928
    }, {
      "x" : -0.47991374,
      "y" : 0.068656184,
      "z" : -0.48458928
    }, {
      "x" : -1.3402997,
      "y" : 1.1616837,
      "z" : -2.2759523
    }, {
      "x" : -1.4402997,
      "y" : 0.76168364,
      "z" : -2.3759522
    }, {
      "x" : -0.17991373,
      "y" : -0.06467715,
      "z" : -0.7179226
    }, {
      "x" : -0.079913735,
      "y" : 0.33532286,
      "z" : -0.6179226
    } ],
    "faces" : [ {
      "vertices" : [ 2, 3, 6, 7 ]
    }, {
      "vertices" : [ 0, 5, 4, 1 ]
    }, {
      "vertices" : [ 2, 4, 5, 3 ]
    }, {
      "vertices" : [ 0, 6, 3, 5 ]
    }, {
      "vertices" : [ 0, 1, 7, 6 ]
    }, {
      "vertices" : [ 1, 4, 2, 7 ]
    } ]
  }, {
    "id" : "3b963946-0f98-4299-ac4f-836b30679ff8",
    "orbit" : "12303",
    "orbitC" : "[[-8,5,0,0,0,0,1],[3,-1,14,-8,-14,8,1]]",
    "length" : "[-1,1,0,0,0,0,1]",
    "name" : "shorter",
    "vertices" : [ {
      "x" : 1.6119438,
      "y" : 2.2745526,
      "z" : -0.6856013
    }, {
      "x" : 1.5119439,
      "y" : 2.1745524,
      "z" : -1.0856013
    }, {
      "x" : 0.4895253,
      "y" : 0.31294885,
      "z" : -0.48333994
    }, {
      "x" : 0.5895253,
      "y" : 0.41294885,
      "z" : -0.08333992
    }, {
      "x" : 1.8119439,
      "y" : 1.9412192,
      "z" : -1.2189347
    }, {
      "x" : 1.9119439,
      "y" : 2.0412192,
      "z" : -0.8189346
    }, {
      "x" : 0.2895253,
      "y" : 0.6462822,
      "z" : 0.04999341
    }, {
      "x" : 0.18952529,
      "y" : 0.5462822,
      "z" : -0.35000658
    } ],
    "faces" : [ {
      "vertices" : [ 2, 3, 6, 7 ]
    }, {
      "vertices" : [ 0, 5, 4, 1 ]
    }, {
      "vertices" : [ 2, 4, 5, 3 ]
    }, {
      "vertices" : [ 0, 6, 3, 5 ]
    }, {
      "vertices" : [ 0, 1, 7, 6 ]
    }, {
      "vertices" : [ 1, 4, 2, 7 ]
    } ]
  }, {
    "id" : "6e0cb60e-198f-4052-b8b0-b5619a4eff9d",
    "orbit" : "12295",
    "orbitC" : "[[-994,593,2334,-1458,1962,-1194,41],[-713,465,1750,-1070,1450,-910,41]]",
    "length" : "[-1,1,0,0,0,0,1]",
    "name" : "shorter",
    "vertices" : [ {
      "x" : -1.7151686,
      "y" : 0.5164082,
      "z" : -2.2517693
    }, {
      "x" : -1.6151686,
      "y" : 0.9164082,
      "z" : -2.1517692
    }, {
      "x" : -0.5163907,
      "y" : 0.44630015,
      "z" : -0.31164554
    }, {
      "x" : -0.6163907,
      "y" : 0.046300158,
      "z" : -0.41164553
    }, {
      "x" : -1.9151686,
      "y" : 1.0497415,
      "z" : -1.9184359
    }, {
      "x" : -2.0151687,
      "y" : 0.64974153,
      "z" : -2.018436
    }, {
      "x" : -0.3163907,
      "y" : -0.087033175,
      "z" : -0.6449789
    }, {
      "x" : -0.21639068,
      "y" : 0.31296682,
      "z" : -0.54497886
    } ],
    "faces" : [ {
      "vertices" : [ 2, 3, 6, 7 ]
    }, {
      "vertices" : [ 0, 5, 4, 1 ]
    }, {
      "vertices" : [ 2, 4, 5, 3 ]
    }, {
      "vertices" : [ 0, 6, 3, 5 ]
    }, {
      "vertices" : [ 0, 1, 7, 6 ]
    }, {
      "vertices" : [ 1, 4, 2, 7 ]
    } ]
  }, {
    "id" : "20ca1f5d-139a-43be-b40f-6fb658b4a145",
    "orbit" : "12302",
    "orbitC" : "[[46,73,32,76,-38,-54,145],[-3,11,124,-68,34,-28,145]]",
    "length" : "[-1,1,0,0,0,0,1]",
    "name" : "shorter",
    "vertices" : [ {
      "x" : -0.12465496,
      "y" : 2.699093,
      "z" : -1.1917323
    }, {
      "x" : -0.524655,
      "y" : 2.5990932,
      "z" : -1.0917323
    }, {
      "x" : -0.35704133,
      "y" : 0.41819027,
      "z" : -0.39832202
    }, {
      "x" : 0.042958677,
      "y" : 0.51819026,
      "z" : -0.498322
    }, {
      "x" : -0.6579883,
      "y" : 2.3657598,
      "z" : -1.3917322
    }, {
      "x" : -0.2579883,
      "y" : 2.4657598,
      "z" : -1.4917322
    }, {
      "x" : 0.17629202,
      "y" : 0.7515236,
      "z" : -0.19832201
    }, {
      "x" : -0.22370799,
      "y" : 0.6515236,
      "z" : -0.09832202
    } ],
    "faces" : [ {
      "vertices" : [ 2, 3, 6, 7 ]
    }, {
      "vertices" : [ 0, 5, 4, 1 ]
    }, {
      "vertices" : [ 2, 4, 5, 3 ]
    }, {
      "vertices" : [ 0, 6, 3, 5 ]
    }, {
      "vertices" : [ 0, 1, 7, 6 ]
    }, {
      "vertices" : [ 1, 4, 2, 7 ]
    } ]
  }, {
    "id" : "946f1a5a-338b-4ced-8227-4851a0614861",
    "vertices" : [ {
      "x" : 0.0,
      "y" : 0.0,
      "z" : 0.0
    }, {
      "x" : 0.9068304,
      "y" : -3.4140031,
      "z" : 0.0
    }, {
      "x" : 3.3818815,
      "y" : -0.92914,
      "z" : -0.42111307
    } ],
    "faces" : [ {
      "vertices" : [ 0, 1, 2 ]
    }, {
      "vertices" : [ 0, 2, 1 ]
    } ]
  }, {
    "id" : "74807d5e-5df5-44e7-ab36-f7b223946f36",
    "vertices" : [ {
      "x" : 0.0,
      "y" : 0.0,
      "z" : 0.0
    }, {
      "x" : 2.2315593,
      "y" : -0.96270835,
      "z" : 2.5634148
    }, {
      "x" : 1.0239369,
      "y" : 2.3540163,
      "z" : 2.4265037
    } ],
    "faces" : [ {
      "vertices" : [ 0, 1, 2 ]
    }, {
      "vertices" : [ 0, 2, 1 ]
    } ]
  }, {
    "id" : "bb391e0c-da89-49ea-8cf0-8b542663e746",
    "vertices" : [ {
      "x" : 0.0,
      "y" : 0.0,
      "z" : 0.0
    }, {
      "x" : 2.7690651,
      "y" : -0.46966058,
      "z" : 2.1423016
    }, {
      "x" : 0.38124284,
      "y" : 2.0311666,
      "z" : 2.864747
    } ],
    "faces" : [ {
      "vertices" : [ 0, 1, 2 ]
    }, {
      "vertices" : [ 0, 2, 1 ]
    } ]
  }, {
    "id" : "671a2003-a2d6-4f03-85c7-5737fce11635",
    "orbit" : "12310",
    "orbitC" : "[[2,5,0,5,0,-5,1],[1,-7,-1,2,-1,2,1]]",
    "length" : "[1,0,0,0,0,0,1]",
    "name" : "short",
    "vertices" : [ {
      "x" : 4.00594,
      "y" : 5.675422,
      "z" : -0.800619
    }, {
      "x" : 3.9059398,
      "y" : 5.5754223,
      "z" : -1.200619
    }, {
      "x" : 0.49107757,
      "y" : 0.35802457,
      "z" : -0.3683222
    }, {
      "x" : 0.59107757,
      "y" : 0.4580246,
      "z" : 0.031677805
    }, {
      "x" : 4.20594,
      "y" : 5.3420887,
      "z" : -1.3339523
    }, {
      "x" : 4.3059397,
      "y" : 5.4420886,
      "z" : -0.93395233
    }, {
      "x" : 0.29107755,
      "y" : 0.6913579,
      "z" : 0.16501114
    }, {
      "x" : 0.19107756,
      "y" : 0.5913579,
      "z" : -0.23498887
    } ],
    "faces" : [ {
      "vertices" : [ 2, 3, 6, 7 ]
    }, {
      "vertices" : [ 0, 5, 4, 1 ]
    }, {
      "vertices" : [ 2, 4, 5, 3 ]
    }, {
      "vertices" : [ 0, 6, 3, 5 ]
    }, {
      "vertices" : [ 0, 1, 7, 6 ]
    }, {
      "vertices" : [ 1, 4, 2, 7 ]
    } ]
  }, {
    "id" : "9975de2d-d70b-4c0c-91d9-bc0efe3dad63",
    "orbit" : "12347",
    "orbitC" : "[[0,-5,-2,4,-4,3,5],[5,5,-4,8,-3,-4,5]]",
    "length" : "[1,0,0,0,0,0,1]",
    "name" : "short",
    "vertices" : [ {
      "x" : -3.6853135,
      "y" : 1.3799648,
      "z" : 5.7022977
    }, {
      "x" : -3.7853134,
      "y" : 0.9799648,
      "z" : 5.8022976
    }, {
      "x" : -0.56716806,
      "y" : -0.015524756,
      "z" : 0.46590906
    }, {
      "x" : -0.46716806,
      "y" : 0.38447523,
      "z" : 0.36590907
    }, {
      "x" : -4.0853133,
      "y" : 1.113298,
      "z" : 5.5689645
    }, {
      "x" : -3.9853134,
      "y" : 1.5132982,
      "z" : 5.468964
    }, {
      "x" : -0.16716805,
      "y" : 0.2511419,
      "z" : 0.5992424
    }, {
      "x" : -0.26716805,
      "y" : -0.14885809,
      "z" : 0.6992424
    } ],
    "faces" : [ {
      "vertices" : [ 2, 3, 6, 7 ]
    }, {
      "vertices" : [ 0, 5, 4, 1 ]
    }, {
      "vertices" : [ 2, 4, 5, 3 ]
    }, {
      "vertices" : [ 0, 6, 3, 5 ]
    }, {
      "vertices" : [ 0, 1, 7, 6 ]
    }, {
      "vertices" : [ 1, 4, 2, 7 ]
    } ]
  }, {
    "id" : "60c528cf-d922-4473-951e-d8fb5f99ecf9",
    "orbit" : "12294",
    "orbitC" : "[[468,-261,-116,92,-312,174,355],[-369,513,228,64,246,-342,355]]",
    "length" : "[-1,1,0,0,0,0,1]",
    "name" : "shorter",
    "vertices" : [ {
      "x" : 0.8717623,
      "y" : -2.8356035,
      "z" : -0.15649557
    }, {
      "x" : 0.7717623,
      "y" : -2.7356036,
      "z" : 0.24350442
    }, {
      "x" : 0.33586016,
      "y" : -0.4811212,
      "z" : 0.29340672
    }, {
      "x" : 0.43586016,
      "y" : -0.5811212,
      "z" : -0.10659329
    }, {
      "x" : 1.0717623,
