{
  "polygons" : "true",
  "field" : "golden",
  "symmetry" : "icosahedral",
  "orientations" : [ [ 1.0, 0.0, 0.0, 0.0, 0.0, 1.0, 0.0, 0.0, 0.0, 0.0, 1.0, 0.0, 0.0, 0.0, 0.0, 1.0 ], [ 0.0, 0.0, 1.0, 0.0, 1.0, 0.0, 0.0, 0.0, 0.0, 1.0, 0.0, 0.0, 0.0, 0.0, 0.0, 1.0 ], [ 0.0, 1.0, 0.0, 0.0, 0.0, 0.0, 1.0, 0.0, 1.0, 0.0, 0.0, 0.0, 0.0, 0.0, 0.0, 1.0 ], [ 0.809017, 0.309017, 0.5, 0.0, 0.309017, 0.5, -0.809017, 0.0, -0.5, 0.809017, 0.309017, 0.0, 0.0, 0.0, 0.0, 1.0 ], [ -0.5, 0.809017, 0.309017, 0.0, 0.809017, 0.309017, 0.5, 0.0, 0.309017, 0.5, -0.809017, 0.0, 0.0, 0.0, 0.0, 1.0 ], [ 0.309017, 0.5, -0.809017, 0.0, -0.5, 0.809017, 0.309017, 0.0, 0.809017, 0.309017, 0.5, 0.0, 0.0, 0.0, 0.0, 1.0 ], [ 0.5, 0.809017, 0.309017, 0.0, 0.809017, -0.309017, -0.5, 0.0, -0.309017, 0.5, -0.809017, 0.0, 0.0, 0.0, 0.0, 1.0 ], [ -0.309017, 0.5, -0.809017, 0.0, 0.5, 0.809017, 0.309017, 0.0, 0.809017, -0.309017, -0.5, 0.0, 0.0, 0.0, 0.0, 1.0 ], [ 0.809017, -0.309017, -0.5, 0.0, -0.309017, 0.5, -0.809017, 0.0, 0.5, 0.809017, 0.309017, 0.0, 0.0, 0.0, 0.0, 1.0 ], [ 0.5, 0.809017, -0.309017, 0.0, 0.809017, -0.309017, 0.5, 0.0, 0.309017, -0.5, -0.809017, 0.0, 0.0, 0.0, 0.0, 1.0 ], [ 0.309017, -0.5, -0.809017, 0.0, 0.5, 0.809017, -0.309017, 0.0, 0.809017, -0.309017, 0.5, 0.0, 0.0, 0.0, 0.0, 1.0 ], [ 0.809017, -0.309017, 0.5, 0.0, 0.309017, -0.5, -0.809017, 0.0, 0.5, 0.809017, -0.309017, 0.0, 0.0, 0.0, 0.0, 1.0 ], [ 0.809017, 0.309017, -0.5, 0.0, 0.309017, 0.5, 0.809017, 0.0, 0.5, -0.809017, 0.309017, 0.0, 0.0, 0.0, 0.0, 1.0 ], [ 0.5, -0.809017, 0.309017, 0.0, 0.809017, 0.309017, -0.5, 0.0, 0.309017, 0.5, 0.809017, 0.0, 0.0, 0.0, 0.0, 1.0 ], [ 0.309017, 0.5, 0.809017, 0.0, 0.5, -0.809017, 0.309017, 0.0, 0.809017, 0.309017, -0.5, 0.0, 0.0, 0.0, 0.0, 1.0 ], [ 1.0, 0.0, 0.0, 0.0, 0.0, -1.0, 0.0, 0.0, 0.0, 0.0, -1.0, 0.0, 0.0, 0.0, 0.0, 1.0 ], [ 0.0, 0.0, 1.0, 0.0, -1.0, 0.0, 0.0, 0.0, 0.0, -1.0, 0.0, 0.0, 0.0, 0.0, 0.0, 1.0 ], [ 0.0, 1.0, 0.0, 0.0, 0.0, 0.0, -1.0, 0.0, -1.0, 0.0, 0.0, 0.0, 0.0, 0.0, 0.0, 1.0 ], [ 0.809017, 0.309017, 0.5, 0.0, -0.309017, -0.5, 0.809017, 0.0, 0.5, -0.809017, -0.309017, 0.0, 0.0, 0.0, 0.0, 1.0 ], [ -0.5, 0.809017, 0.309017, 0.0, -0.809017, -0.309017, -0.5, 0.0, -0.309017, -0.5, 0.809017, 0.0, 0.0, 0.0, 0.0, 1.0 ], [ 0.309017, 0.5, -0.809017, 0.0, 0.5, -0.809017, -0.309017, 0.0, -0.809017, -0.309017, -0.5, 0.0, 0.0, 0.0, 0.0, 1.0 ], [ 0.5, 0.809017, 0.309017, 0.0, -0.809017, 0.309017, 0.5, 0.0, 0.309017, -0.5, 0.809017, 0.0, 0.0, 0.0, 0.0, 1.0 ], [ -0.309017, 0.5, -0.809017, 0.0, -0.5, -0.809017, -0.309017, 0.0, -0.809017, 0.309017, 0.5, 0.0, 0.0, 0.0, 0.0, 1.0 ], [ 0.809017, -0.309017, -0.5, 0.0, 0.309017, -0.5, 0.809017, 0.0, -0.5, -0.809017, -0.309017, 0.0, 0.0, 0.0, 0.0, 1.0 ], [ 0.5, 0.809017, -0.309017, 0.0, -0.809017, 0.309017, -0.5, 0.0, -0.309017, 0.5, 0.809017, 0.0, 0.0, 0.0, 0.0, 1.0 ], [ 0.309017, -0.5, -0.809017, 0.0, -0.5, -0.809017, 0.309017, 0.0, -0.809017, 0.309017, -0.5, 0.0, 0.0, 0.0, 0.0, 1.0 ], [ 0.809017, -0.309017, 0.5, 0.0, -0.309017, 0.5, 0.809017, 0.0, -0.5, -0.809017, 0.309017, 0.0, 0.0, 0.0, 0.0, 1.0 ], [ 0.809017, 0.309017, -0.5, 0.0, -0.309017, -0.5, -0.809017, 0.0, -0.5, 0.809017, -0.309017, 0.0, 0.0, 0.0, 0.0, 1.0 ], [ 0.5, -0.809017, 0.309017, 0.0, -0.809017, -0.309017, 0.5, 0.0, -0.309017, -0.5, -0.809017, 0.0, 0.0, 0.0, 0.0, 1.0 ], [ 0.309017, 0.5, 0.809017, 0.0, -0.5, 0.809017, -0.309017, 0.0, -0.809017, -0.309017, 0.5, 0.0, 0.0, 0.0, 0.0, 1.0 ], [ -1.0, 0.0, 0.0, 0.0, 0.0, -1.0, 0.0, 0.0, 0.0, 0.0, 1.0, 0.0, 0.0, 0.0, 0.0, 1.0 ], [ 0.0, 0.0, -1.0, 0.0, -1.0, 0.0, 0.0, 0.0, 0.0, 1.0, 0.0, 0.0, 0.0, 0.0, 0.0, 1.0 ], [ 0.0, -1.0, 0.0, 0.0, 0.0, 0.0, -1.0, 0.0, 1.0, 0.0, 0.0, 0.0, 0.0, 0.0, 0.0, 1.0 ], [ -0.809017, -0.309017, -0.5, 0.0, -0.309017, -0.5, 0.809017, 0.0, -0.5, 0.809017, 0.309017, 0.0, 0.0, 0.0, 0.0, 1.0 ], [ 0.5, -0.809017, -0.309017, 0.0, -0.809017, -0.309017, -0.5, 0.0, 0.309017, 0.5, -0.809017, 0.0, 0.0, 0.0, 0.0, 1.0 ], [ -0.309017, -0.5, 0.809017, 0.0, 0.5, -0.809017, -0.309017, 0.0, 0.809017, 0.309017, 0.5, 0.0, 0.0, 0.0, 0.0, 1.0 ], [ -0.5, -0.809017, -0.309017, 0.0, -0.809017, 0.309017, 0.5, 0.0, -0.309017, 0.5, -0.809017, 0.0, 0.0, 0.0, 0.0, 1.0 ], [ 0.309017, -0.5, 0.809017, 0.0, -0.5, -0.809017, -0.309017, 0.0, 0.809017, -0.309017, -0.5, 0.0, 0.0, 0.0, 0.0, 1.0 ], [ -0.809017, 0.309017, 0.5, 0.0, 0.309017, -0.5, 0.809017, 0.0, 0.5, 0.809017, 0.309017, 0.0, 0.0, 0.0, 0.0, 1.0 ], [ -0.5, -0.809017, 0.309017, 0.0, -0.809017, 0.309017, -0.5, 0.0, 0.309017, -0.5, -0.809017, 0.0, 0.0, 0.0, 0.0, 1.0 ], [ -0.309017, 0.5, 0.809017, 0.0, -0.5, -0.809017, 0.309017, 0.0, 0.809017, -0.309017, 0.5, 0.0, 0.0, 0.0, 0.0, 1.0 ], [ -0.809017, 0.309017, -0.5, 0.0, -0.309017, 0.5, 0.809017, 0.0, 0.5, 0.809017, -0.309017, 0.0, 0.0, 0.0, 0.0, 1.0 ], [ -0.809017, -0.309017, 0.5, 0.0, -0.309017, -0.5, -0.809017, 0.0, 0.5, -0.809017, 0.309017, 0.0, 0.0, 0.0, 0.0, 1.0 ], [ -0.5, 0.809017, -0.309017, 0.0, -0.809017, -0.309017, 0.5, 0.0, 0.309017, 0.5, 0.809017, 0.0, 0.0, 0.0, 0.0, 1.0 ], [ -0.309017, -0.5, -0.809017, 0.0, -0.5, 0.809017, -0.309017, 0.0, 0.809017, 0.309017, -0.5, 0.0, 0.0, 0.0, 0.0, 1.0 ], [ -1.0, 0.0, 0.0, 0.0, 0.0, 1.0, 0.0, 0.0, 0.0, 0.0, -1.0, 0.0, 0.0, 0.0, 0.0, 1.0 ], [ 0.0, 0.0, -1.0, 0.0, 1.0, 0.0, 0.0, 0.0, 0.0, -1.0, 0.0, 0.0, 0.0, 0.0, 0.0, 1.0 ], [ 0.0, -1.0, 0.0, 0.0, 0.0, 0.0, 1.0, 0.0, -1.0, 0.0, 0.0, 0.0, 0.0, 0.0, 0.0, 1.0 ], [ -0.809017, -0.309017, -0.5, 0.0, 0.309017, 0.5, -0.809017, 0.0, 0.5, -0.809017, -0.309017, 0.0, 0.0, 0.0, 0.0, 1.0 ], [ 0.5, -0.809017, -0.309017, 0.0, 0.809017, 0.309017, 0.5, 0.0, -0.309017, -0.5, 0.809017, 0.0, 0.0, 0.0, 0.0, 1.0 ], [ -0.309017, -0.5, 0.809017, 0.0, -0.5, 0.809017, 0.309017, 0.0, -0.809017, -0.309017, -0.5, 0.0, 0.0, 0.0, 0.0, 1.0 ], [ -0.5, -0.809017, -0.309017, 0.0, 0.809017, -0.309017, -0.5, 0.0, 0.309017, -0.5, 0.809017, 0.0, 0.0, 0.0, 0.0, 1.0 ], [ 0.309017, -0.5, 0.809017, 0.0, 0.5, 0.809017, 0.309017, 0.0, -0.809017, 0.309017, 0.5, 0.0, 0.0, 0.0, 0.0, 1.0 ], [ -0.809017, 0.309017, 0.5, 0.0, -0.309017, 0.5, -0.809017, 0.0, -0.5, -0.809017, -0.309017, 0.0, 0.0, 0.0, 0.0, 1.0 ], [ -0.5, -0.809017, 0.309017, 0.0, 0.809017, -0.309017, 0.5, 0.0, -0.309017, 0.5, 0.809017, 0.0, 0.0, 0.0, 0.0, 1.0 ], [ -0.309017, 0.5, 0.809017, 0.0, 0.5, 0.809017, -0.309017, 0.0, -0.809017, 0.309017, -0.5, 0.0, 0.0, 0.0, 0.0, 1.0 ], [ -0.809017, 0.309017, -0.5, 0.0, 0.309017, -0.5, -0.809017, 0.0, -0.5, -0.809017, 0.309017, 0.0, 0.0, 0.0, 0.0, 1.0 ], [ -0.809017, -0.309017, 0.5, 0.0, 0.309017, 0.5, 0.809017, 0.0, -0.5, 0.809017, -0.309017, 0.0, 0.0, 0.0, 0.0, 1.0 ], [ -0.5, 0.809017, -0.309017, 0.0, 0.809017, 0.309017, -0.5, 0.0, -0.309017, -0.5, -0.809017, 0.0, 0.0, 0.0, 0.0, 1.0 ], [ -0.309017, -0.5, -0.809017, 0.0, 0.5, -0.809017, 0.309017, 0.0, -0.809017, -0.309017, 0.5, 0.0, 0.0, 0.0, 0.0, 1.0 ] ],
  "lights" : {
    "directionalLights" : [ {
      "direction" : [ 1.0, -1.0, -1.0 ],
      "color" : "#EBEBE4"
    }, {
      "direction" : [ -1.0, 0.0, 0.0 ],
      "color" : "#E4E4EB"
    }, {
      "direction" : [ 0.0, 0.0, -1.0 ],
      "color" : "#1E1E1E"
    } ],
    "ambientColor" : "#292929",
    "backgroundColor" : "#AFC8DC"
  },
  "camera" : {
    "width" : 85.65878,
    "position" : {
      "x" : 0.0,
      "y" : 0.0,
      "z" : 190.35284
    },
    "lookDirectionRV" : {
      "x" : 0.0,
      "y" : 0.0,
      "z" : -1.0,
      "zero" : false
    },
    "lookAtPointRV" : {
      "x" : 0.0,
      "y" : 0.0,
      "z" : 0.0,
      "zero" : true
    },
    "viewDistance" : 190.35284,
    "upDirectionRV" : {
      "x" : 0.0,
      "y" : 1.0,
      "z" : 0.0,
      "zero" : false
    },
    "fieldOfView" : 0.4426289,
    "perspective" : false,
    "stereo" : false,
    "nearClipDistance" : 0.47588208,
    "upDirection" : {
      "x" : 0.0,
      "y" : 1.0,
      "z" : 0.0
    },
    "lookDirection" : {
      "x" : 0.0,
      "y" : 0.0,
      "z" : -1.0
    },
    "lookAtPoint" : {
      "x" : 0.0,
      "y" : 0.0,
      "z" : 0.0
    },
    "farClipDistance" : 380.70566
  },
  "embedding" : [ 1.0, 0.0, 0.0, 0.0, 0.0, 1.0, 0.0, 0.0, 0.0, 0.0, 1.0, 0.0, 0.0, 0.0, 0.0, 1.0 ],
  "shapes" : [ {
    "id" : "8513aa07-4152-4f9e-8d69-4e94ba536616",
    "name" : "ball",
    "vertices" : [ {
      "x" : -0.309017,
      "y" : -0.19098301,
      "z" : 0.0
    }, {
      "x" : -0.309017,
      "y" : 0.19098301,
      "z" : 0.0
    }, {
      "x" : -0.19098301,
      "y" : 0.0,
      "z" : -0.309017
    }, {
      "x" : -0.19098301,
      "y" : 0.0,
      "z" : 0.309017
    }, {
      "x" : 0.0,
      "y" : -0.309017,
      "z" : -0.19098301
    }, {
      "x" : 0.0,
      "y" : -0.309017,
      "z" : 0.19098301
    }, {
      "x" : 0.0,
      "y" : 0.309017,
      "z" : -0.19098301
    }, {
      "x" : 0.0,
      "y" : 0.309017,
      "z" : 0.19098301
    }, {
      "x" : 0.19098301,
      "y" : 0.0,
      "z" : -0.309017
    }, {
      "x" : 0.19098301,
      "y" : 0.0,
      "z" : 0.309017
    }, {
      "x" : 0.309017,
      "y" : -0.19098301,
      "z" : 0.0
    }, {
      "x" : 0.309017,
      "y" : 0.19098301,
      "z" : 0.0
    } ],
    "faces" : [ {
      "vertices" : [ 0, 1, 2 ]
    }, {
      "vertices" : [ 0, 3, 1 ]
    }, {
      "vertices" : [ 0, 2, 4 ]
    }, {
      "vertices" : [ 0, 5, 3 ]
    }, {
      "vertices" : [ 0, 4, 5 ]
    }, {
      "vertices" : [ 1, 6, 2 ]
    }, {
      "vertices" : [ 1, 3, 7 ]
    }, {
      "vertices" : [ 1, 7, 6 ]
    }, {
      "vertices" : [ 2, 8, 4 ]
    }, {
      "vertices" : [ 2, 6, 8 ]
    }, {
      "vertices" : [ 3, 5, 9 ]
    }, {
      "vertices" : [ 3, 9, 7 ]
    }, {
      "vertices" : [ 4, 10, 5 ]
    }, {
      "vertices" : [ 4, 8, 10 ]
    }, {
      "vertices" : [ 5, 10, 9 ]
    }, {
      "vertices" : [ 6, 7, 11 ]
    }, {
      "vertices" : [ 6, 11, 8 ]
    }, {
      "vertices" : [ 7, 9, 11 ]
    }, {
      "vertices" : [ 8, 11, 10 ]
    }, {
      "vertices" : [ 9, 10, 11 ]
    } ]
  }, {
    "id" : "72b4ee6b-cb8d-485c-b4d7-743b0096b8f6",
    "vertices" : [ {
      "x" : 0.0,
      "y" : 0.0,
      "z" : 0.0
    }, {
      "x" : -0.872678,
      "y" : -4.236068,
      "z" : -2.2847006
    }, {
      "x" : -0.872678,
      "y" : 4.236068,
      "z" : -2.2847006
    }, {
      "x" : 1.745356,
      "y" : 8.472136,
      "z" : 4.5694013
    }, {
      "x" : 2.618034,
      "y" : 4.236068,
      "z" : 6.854102
    }, {
      "x" : 1.745356,
      "y" : 0.0,
      "z" : 4.5694013
    } ],
    "faces" : [ {
      "vertices" : [ 0, 1, 2, 3, 4, 5 ]
    }, {
      "vertices" : [ 0, 5, 4, 3, 2, 1 ]
    } ]
  }, {
    "id" : "78faa2be-0206-4958-ba11-c34824a6f48c",
    "orbit" : "purple",
    "orbitC" : "[[2,-1,1],[0,0,1]]",
    "length" : "[2,0,3]",
    "name" : " :2/3",
    "vertices" : [ {
      "x" : 0.809017,
      "y" : 0.618034,
      "z" : -0.19098301
    }, {
      "x" : 0.809017,
      "y" : 0.0,
      "z" : -0.19098301
    }, {
      "x" : 0.309017,
      "y" : 0.11803399,
      "z" : 0.0
    }, {
      "x" : 3.7603843,
      "y" : 1.745356,
      "z" : 0.19098301
    }, {
      "x" : 0.809017,
      "y" : 0.618034,
      "z" : 0.19098301
    }, {
      "x" : 0.809017,
      "y" : 0.0,
      "z" : 0.19098301
    }, {
      "x" : 3.7603843,
      "y" : 1.127322,
      "z" : 0.19098301
    }, {
      "x" : 4.260384,
      "y" : 1.627322,
      "z" : 0.0
    }, {
      "x" : 3.7603843,
      "y" : 1.745356,
      "z" : -0.19098301
    }, {
      "x" : 4.5694013,
      "y" : 1.745356,
      "z" : 0.0
    }, {
      "x" : 3.7603843,
      "y" : 1.127322,
      "z" : -0.19098301
    } ],
    "faces" : [ {
      "vertices" : [ 3, 6, 7 ]
    }, {
      "vertices" : [ 3, 4, 5, 6 ]
    }, {
      "vertices" : [ 3, 7, 8 ]
    }, {
      "vertices" : [ 0, 1, 2 ]
    }, {
      "vertices" : [ 0, 8, 10, 1 ]
    }, {
      "vertices" : [ 1, 10, 6, 5 ]
    }, {
      "vertices" : [ 0, 2, 4 ]
    }, {
      "vertices" : [ 6, 10, 7 ]
    }, {
      "vertices" : [ 1, 5, 2 ]
    }, {
      "vertices" : [ 7, 10, 8 ]
    }, {
      "vertices" : [ 2, 5, 4 ]
    }, {
      "vertices" : [ 0, 4, 3, 8 ]
    } ]
  }, {
    "id" : "898e0df9-82ab-404a-8094-aa9680c06d62",
    "vertices" : [ {
      "x" : 0.0,
      "y" : 0.0,
      "z" : 0.0
    }, {
      "x" : 0.0,
      "y" : 0.0,
      "z" : 8.472136
    }, {
      "x" : 4.236068,
      "y" : -6.854102,
      "z" : 11.09017
    }, {
      "x" : 6.854102,
      "y" : -11.09017,
      "z" : 4.236068
    }, {
      "x" : 4.236068,
      "y" : -6.854102,
      "z" : -2.618034
    } ],
    "faces" : [ {
      "vertices" : [ 0, 1, 2, 3, 4 ]
    }, {
      "vertices" : [ 0, 4, 3, 2, 1 ]
    } ]
  }, {
    "id" : "f2580aee-5816-4dcd-b3e6-2009ee356877",
    "vertices" : [ {
      "x" : 0.0,
      "y" : 0.0,
      "z" : 0.0
    }, {
      "x" : 1.745356,
      "y" : 0.0,
      "z" : 4.5694013
    }, {
      "x" : -0.872678,
      "y" : -4.236068,
      "z" : -2.2847006
    }, {
      "x" : -3.490712,
      "y" : 0.0,
      "z" : -9.138803
    }, {
      "x" : -2.618034,
      "y" : 4.236068,
      "z" : -6.854102
    }, {
      "x" : -0.872678,
      "y" : 4.236068,
      "z" : -2.2847006
    } ],
    "faces" : [ {
      "vertices" : [ 0, 1, 2, 3, 4, 5 ]
    }, {
      "vertices" : [ 0, 5, 4, 3, 2, 1 ]
    } ]
  }, {
    "id" : "071da8d1-d2a3-4314-be57-db41b84f473d",
    "vertices" : [ {
      "x" : 0.0,
      "y" : 0.0,
      "z" : 0.0
    }, {
      "x" : -0.872678,
      "y" : 4.236068,
      "z" : -2.2847006
    }, {
      "x" : 1.745356,
      "y" : 0.0,
      "z" : 4.5694013
    }, {
      "x" : 1.745356,
      "y" : -8.472136,
      "z" : 4.5694013
    }, {
      "x" : 0.0,
      "y" : -8.472136,
      "z" : 0.0
    }, {
      "x" : -0.872678,
      "y" : -4.236068,
      "z" : -2.2847006
    } ],
    "faces" : [ {
      "vertices" : [ 0, 1, 2, 3, 4, 5 ]
    }, {
      "vertices" : [ 0, 5, 4, 3, 2, 1 ]
    } ]
  }, {
    "id" : "21168199-0470-4beb-a933-10727d8583cd",
    "vertices" : [ {
      "x" : 0.0,
      "y" : 0.0,
      "z" : 0.0
    }, {
      "x" : -2.618034,
      "y" : 4.236068,
      "z" : -6.854102
    }, {
      "x" : -6.854102,
      "y" : 11.09017,
      "z" : -4.236068
    }, {
      "x" : -6.854102,
      "y" : 11.09017,
      "z" : 4.236068
    }, {
      "x" : -2.618034,
      "y" : 4.236068,
      "z" : 6.854102
    } ],
    "faces" : [ {
      "vertices" : [ 0, 1, 2, 3, 4 ]
    }, {
      "vertices" : [ 0, 4, 3, 2, 1 ]
    } ]
  }, {
    "id" : "32109aa5-0adf-40a7-8dfd-89449e238895",
    "orbit" : "blue",
    "orbitC" : "[[0,0,1],[0,0,1]]",
    "length" : "[1,0,1]",
    "name" : "b1",
    "vertices" : [ {
      "x" : 1.0,
      "y" : 0.309017,
      "z" : 0.19098301
    }, {
      "x" : 1.0,
      "y" : -0.309017,
      "z" : 0.19098301
    }, {
      "x" : 7.472136,
      "y" : -0.309017,
      "z" : 0.19098301
    }, {
      "x" : 7.472136,
      "y" : 0.309017,
      "z" : 0.19098301
    }, {
      "x" : 7.472136,
      "y" : -0.309017,
      "z" : -0.19098301
    }, {
      "x" : 7.472136,
      "y" : 0.309017,
      "z" : -0.19098301
    }, {
      "x" : 8.09017,
      "y" : 0.0,
      "z" : 0.0
    }, {
      "x" : 0.38196602,
      "y" : 0.0,
      "z" : 0.0
    }, {
      "x" : 1.0,
      "y" : 0.309017,
      "z" : -0.19098301
    }, {
      "x" : 1.0,
      "y" : -0.309017,
      "z" : -0.19098301
    }, {
      "x" : 8.472136,
      "y" : 0.0,
      "z" : 0.0
    } ],
    "faces" : [ {
      "vertices" : [ 1, 9, 4, 2 ]
    }, {
      "vertices" : [ 0, 3, 5, 8 ]
    }, {
      "vertices" : [ 1, 7, 9 ]
    }, {
      "vertices" : [ 0, 1, 2, 3 ]
    }, {
      "vertices" : [ 7, 8, 9 ]
    }, {
      "vertices" : [ 0, 7, 1 ]
    }, {
      "vertices" : [ 4, 9, 8, 5 ]
    }, {
      "vertices" : [ 2, 6, 3 ]
    }, {
      "vertices" : [ 2, 4, 6 ]
    }, {
      "vertices" : [ 3, 6, 5 ]
    }, {
      "vertices" : [ 4, 5, 6 ]
    }, {
      "vertices" : [ 0, 8, 7 ]
    } ]
  }, {
    "id" : "4fc4b3d6-a7f5-414d-a544-a6305885baf7",
    "vertices" : [ {
      "x" : 0.0,
      "y" : 0.0,
      "z" : 0.0
    }, {
      "x" : 2.618034,
      "y" : -4.236068,
      "z" : -6.854102
    }, {
      "x" : 0.0,
      "y" : 0.0,
      "z" : -13.708204
    }, {
      "x" : -4.236068,
      "y" : 6.854102,
      "z" : -11.09017
    }, {
      "x" : -4.236068,
      "y" : 6.854102,
      "z" : -2.618034
    } ],
    "faces" : [ {
      "vertices" : [ 0, 1, 2, 3, 4 ]
    }, {
      "vertices" : [ 0, 4, 3, 2, 1 ]
    } ]
  }, {
    "id" : "d40440ba-b4d2-4d54-b4c8-10a8ad17936e",
    "orbit" : "0",
    "orbitC" : "[[0,1,9],[-1,1,9]]",
    "length" : "[1,0,1]",
    "name" : "short",
    "vertices" : [ {
      "x" : -1.0660965,
      "y" : 3.3596544,
      "z" : -4.5590844
    }, {
      "x" : -0.6660965,
      "y" : 3.4596543,
      "z" : -4.6590843
    }, {
      "x" : 0.026751857,
      "y" : 0.6067412,
      "z" : -0.44665602
    }, {
      "x" : -0.37324813,
      "y" : 0.5067412,
      "z" : -0.34665602
    }, {
      "x" : -0.79942983,
      "y" : 3.7596545,
      "z" : -4.4257507
    }, {
      "x" : -1.1994299,
      "y" : 3.6596544,
      "z" : -4.325751
    }, {
      "x" : -0.2399148,
      "y" : 0.20674121,
      "z" : -0.5799894
    }, {
      "x" : 0.16008519,
      "y" : 0.3067412,
      "z" : -0.67998934
    } ],
    "faces" : [ {
      "vertices" : [ 2, 3, 6, 7 ]
    }, {
      "vertices" : [ 0, 5, 4, 1 ]
    }, {
      "vertices" : [ 2, 4, 5, 3 ]
    }, {
      "vertices" : [ 0, 6, 3, 5 ]
    }, {
      "vertices" : [ 0, 1, 7, 6 ]
    }, {
      "vertices" : [ 1, 4, 2, 7 ]
    } ]
  } ],
  "instances" : [ {
    "shape" : "8513aa07-4152-4f9e-8d69-4e94ba536616",
    "color" : "#F2F2F2",
    "position" : {
      "x" : -4.5694013,
      "y" : -18.81695,
      "z" : 4.236068
    }
  }, {
    "shape" : "8513aa07-4152-4f9e-8d69-4e94ba536616",
    "color" : "#F2F2F2",
    "position" : {
      "x" : 11.423503,
      "y" : 16.198915,
      "z" : 0.0
    }
  }, {
    "shape" : "8513aa07-4152-4f9e-8d69-4e94ba536616",
    "color" : "#F2F2F2",
    "position" : {
      "x" : -11.423503,
      "y" : 16.198915,
      "z" : 0.0
    }
  }, {
    "shape" : "72b4ee6b-cb8d-485c-b4d7-743b0096b8f6",
    "color" : "#CC00CC",
    "position" : {
      "x" : 11.629515,
      "y" : -7.3934464,
      "z" : -14.247549
    },
    "orientation" : 24
  }, {
    "shape" : "78faa2be-0206-4958-ba11-c34824a6f48c",
    "color" : "#000000",
    "position" : {
      "x" : -4.5694013,
      "y" : -18.81695,
      "z" : -4.236068
    },
    "orientation" : 35
  }, {
    "shape" : "8513aa07-4152-4f9e-8d69-4e94ba536616",
    "color" : "#F2F2F2",
    "position" : {
      "x" : 6.854102,
      "y" : -17.944271,
      "z" : -8.472136
    }
  }, {
    "shape" : "8513aa07-4152-4f9e-8d69-4e94ba536616",
    "color" : "#F2F2F2",
    "position" : {
      "x" : 11.423503,
      "y" : -16.198915,
      "z" : 0.0
    }
  }, {
    "shape" : "78faa2be-0206-4958-ba11-c34824a6f48c",
    "color" : "#000000",
    "position" : {
      "x" : -4.5694013,
      "y" : -18.81695,
      "z" : 4.236068
    },
    "orientation" : 59
  }, {
    "shape" : "78faa2be-0206-4958-ba11-c34824a6f48c",
    "color" : "#000000",
    "position" : {
      "x" : 7.3934464,
      "y" : 14.247549,
      "z" : 11.629515
    },
    "orientation" : 24
  }, {
    "shape" : "78faa2be-0206-4958-ba11-c34824a6f48c",
    "color" : "#000000",
    "position" : {
      "x" : 4.236068,
      "y" : -4.5694013,
      "z" : -18.81695
    },
    "orientation" : 42
  }, {
    "shape" : "78faa2be-0206-4958-ba11-c34824a6f48c",
    "color" : "#000000",
    "position" : {
      "x" : 0.0,
      "y" : -11.423503,
      "z" : 16.198915
    },
    "orientation" : 1
  }, {
    "shape" : "898e0df9-82ab-404a-8094-aa9680c06d62",
    "color" : "#3300FF",
    "position" : {
      "x" : -15.326238,
      "y" : -4.236068,
      "z" : -13.708204
    },
    "orientation" : 47
  }, {
    "shape" : "f2580aee-5816-4dcd-b3e6-2009ee356877",
    "color" : "#FFFF33",
    "position" : {
      "x" : 4.5694013,
      "y" : -18.81695,
      "z" : 4.236068
    },
    "orientation" : 21
  }, {
    "shape" : "8513aa07-4152-4f9e-8d69-4e94ba536616",
    "color" : "#F2F2F2",
    "position" : {
      "x" : 14.247549,
      "y" : 11.629515,
      "z" : 7.3934464
    }
  }, {
    "shape" : "071da8d1-d2a3-4314-be57-db41b84f473d",
    "color" : "#00FF00",
    "position" : {
      "x" : 18.81695,
      "y" : 4.236068,
      "z" : -4.5694013
    },
    "orientation" : 0
  }, {
    "shape" : "071da8d1-d2a3-4314-be57-db41b84f473d",
    "color" : "#00FF00",
    "position" : {
      "x" : 11.423503,
      "y" : 16.198915,
      "z" : 0.0
    },
    "orientation" : 6
  }, {
    "shape" : "78faa2be-0206-4958-ba11-c34824a6f48c",
    "color" : "#000000",
    "position" : {
      "x" : 4.236068,
      "y" : 0.0,
      "z" : 20.562305
    },
    "orientation" : 46
  }, {
    "shape" : "8513aa07-4152-4f9e-8d69-4e94ba536616",
    "color" : "#F2F2F2",
    "position" : {
      "x" : -4.236068,
      "y" : -13.708204,
      "z" : 15.326238
    }
  }, {
    "shape" : "78faa2be-0206-4958-ba11-c34824a6f48c",
    "color" : "#000000",
    "position" : {
      "x" : -18.81695,
      "y" : 4.236068,
      "z" : 4.5694013
    },
    "orientation" : 34
  }, {
    "shape" : "72b4ee6b-cb8d-485c-b4d7-743b0096b8f6",
    "color" : "#CC00CC",
    "position" : {
      "x" : 4.236068,
      "y" : -4.5694013,
      "z" : -18.81695
    },
    "orientation" : 22
  }, {
    "shape" : "8513aa07-4152-4f9e-8d69-4e94ba536616",
    "color" : "#F2F2F2",
    "position" : {
      "x" : 6.854102,
      "y" : -17.944271,
      "z" : 0.0
    }
  }, {
    "shape" : "78faa2be-0206-4958-ba11-c34824a6f48c",
    "color" : "#000000",
    "position" : {
      "x" : -4.236068,
      "y" : -4.5694013,
      "z" : 18.81695
    },
    "orientation" : 27
  }, {
    "shape" : "8513aa07-4152-4f9e-8d69-4e94ba536616",
    "color" : "#F2F2F2",
    "position" : {
      "x" : 4.236068,
      "y" : -4.5694013,
      "z" : 18.81695
    }
  }, {
    "shape" : "21168199-0470-4beb-a933-10727d8583cd",
    "color" : "#FF0000",
    "position" : {
      "x" : 0.0,
      "y" : -20.562305,
      "z" : -4.236068
    },
    "orientation" : 16
  }, {
    "shape" : "78faa2be-0206-4958-ba11-c34824a6f48c",
    "color" : "#000000",
    "position" : {
      "x" : -18.81695,
      "y" : 4.236068,
      "z" : -4.5694013
    },
    "orientation" : 28
  }, {
    "shape" : "8513aa07-4152-4f9e-8d69-4e94ba536616",
    "color" : "#F2F2F2",
    "position" : {
      "x" : 6.854102,
      "y" : 17.944271,
      "z" : 8.472136
    }
  }, {
    "shape" : "8513aa07-4152-4f9e-8d69-4e94ba536616",
    "color" : "#F2F2F2",
    "position" : {
      "x" : 4.5694013,
      "y" : 18.81695,
      "z" : 4.236068
    }
  }, {
    "shape" : "78faa2be-0206-4958-ba11-c34824a6f48c",
    "color" : "#000000",
    "position" : {
      "x" : 8.472136,
      "y" : -6.854102,
      "z" : -17.944271
    },
    "orientation" : 8
  }, {
    "shape" : "78faa2be-0206-4958-ba11-c34824a6f48c",
    "color" : "#000000",
    "position" : {
      "x" : -11.629515,
      "y" : 7.3934464,
      "z" : -14.247549
    },
    "orientation" : 10
  }, {
    "shape" : "071da8d1-d2a3-4314-be57-db41b84f473d",
    "color" : "#FF0000",
    "position" : {
      "x" : -7.3934464,
      "y" : 14.247549,
      "z" : 11.629515
    },
    "orientation" : 4
  }, {
    "shape" : "72b4ee6b-cb8d-485c-b4d7-743b0096b8f6",
    "color" : "#CC00CC",
    "position" : {
      "x" : -11.629515,
      "y" : 7.3934464,
      "z" : 14.247549
    },
    "orientation" : 4
  }, {
    "shape" : "32109aa5-0adf-40a7-8dfd-89449e238895",
    "color" : "#000000",
    "position" : {
      "x" : 0.0,
      "y" : -20.562305,
      "z" : 4.236068
    },
    "orientation" : 47
  }, {
    "shape" : "78faa2be-0206-4958-ba11-c34824a6f48c",
    "color" : "#000000",
    "position" : {
      "x" : 0.0,
      "y" : 20.562305,
      "z" : -4.236068
    },
    "orientation" : 30
  }, {
    "shape" : "8513aa07-4152-4f9e-8d69-4e94ba536616",
    "color" : "#F2F2F2",
    "position" : {
      "x" : -7.3934464,
      "y" : -14.247549,
      "z" : -11.629515
    }
  }, {
    "shape" : "32109aa5-0adf-40a7-8dfd-89449e238895",
    "color" : "#000000",
    "position" : {
      "x" : 0.0,
      "y" : 20.562305,
      "z" : -4.236068
    },
    "orientation" : 2
  }, {
    "shape" : "32109aa5-0adf-40a7-8dfd-89449e238895",
    "color" : "#000000",
    "position" : {
      "x" : -4.236068,
      "y" : -13.708204,
      "z" : -15.326238
    },
    "orientation" : 54
  }, {
    "shape" : "78faa2be-0206-4958-ba11-c34824a6f48c",
    "color" : "#000000",
    "position" : {
      "x" : 13.708204,
      "y" : -15.326238,
      "z" : -4.236068
    },
    "orientation" : 44
  }, {
    "shape" : "78faa2be-0206-4958-ba11-c34824a6f48c",
    "color" : "#000000",
    "position" : {
      "x" : -8.472136,
      "y" : 6.854102,
      "z" : -17.944271
    },
    "orientation" : 38
  }, {
    "shape" : "72b4ee6b-cb8d-485c-b4d7-743b0096b8f6",
    "color" : "#FF0000",
    "position" : {
      "x" : 4.5694013,
      "y" : 18.81695,
      "z" : 4.236068
    },
    "orientation" : 6
  }, {
    "shape" : "78faa2be-0206-4958-ba11-c34824a6f48c",
    "color" : "#000000",
    "position" : {
      "x" : 16.198915,
      "y" : 0.0,
      "z" : -11.423503
    },
    "orientation" : 2
  }, {
    "shape" : "071da8d1-d2a3-4314-be57-db41b84f473d",
    "color" : "#FF0000",
    "position" : {
      "x" : 0.0,
      "y" : -11.423503,
      "z" : -16.198915
    },
    "orientation" : 22
  }, {
    "shape" : "78faa2be-0206-4958-ba11-c34824a6f48c",
    "color" : "#000000",
    "position" : {
      "x" : 18.81695,
      "y" : -4.236068,
      "z" : 4.5694013
    },
    "orientation" : 4
  }, {
    "shape" : "78faa2be-0206-4958-ba11-c34824a6f48c",
    "color" : "#000000",
    "position" : {
      "x" : 14.247549,
      "y" : 11.629515,
      "z" : 7.3934464
    },
    "orientation" : 41
  }, {
    "shape" : "78faa2be-0206-4958-ba11-c34824a6f48c",
    "color" : "#000000",
    "position" : {
      "x" : -4.236068,
      "y" : -13.708204,
      "z" : 15.326238
    },
    "orientation" : 12
  }, {
    "shape" : "8513aa07-4152-4f9e-8d69-4e94ba536616",
    "color" : "#F2F2F2",
    "position" : {
      "x" : -18.81695,
      "y" : 4.236068,
      "z" : -4.5694013
    }
  }, {
    "shape" : "78faa2be-0206-4958-ba11-c34824a6f48c",
    "color" : "#000000",
    "position" : {
      "x" : 13.708204,
      "y" : 15.326238,
      "z" : 4.236068
    },
    "orientation" : 59
  }, {
    "shape" : "78faa2be-0206-4958-ba11-c34824a6f48c",
    "color" : "#000000",
    "position" : {
      "x" : 16.198915,
      "y" : 0.0,
      "z" : 11.423503
    },
    "orientation" : 17
  }, {
    "shape" : "8513aa07-4152-4f9e-8d69-4e94ba536616",
    "color" : "#F2F2F2",
    "position" : {
      "x" : -13.708204,
      "y" : -15.326238,
      "z" : -4.236068
    }
  }, {
    "shape" : "8513aa07-4152-4f9e-8d69-4e94ba536616",
    "color" : "#F2F2F2",
    "position" : {
      "x" : -13.708204,
      "y" : 15.326238,
      "z" : -4.236068
    }
  }, {
    "shape" : "78faa2be-0206-4958-ba11-c34824a6f48c",
    "color" : "#000000",
    "position" : {
      "x" : -14.247549,
      "y" : 11.629515,
      "z" : 7.3934464
    },
    "orientation" : 8
  }, {
    "shape" : "32109aa5-0adf-40a7-8dfd-89449e238895",
    "color" : "#000000",
    "position" : {
      "x" : 15.326238,
      "y" : 4.236068,
      "z" : 13.708204
    },
    "orientation" : 52
  }, {
    "shape" : "32109aa5-0adf-40a7-8dfd-89449e238895",
    "color" : "#000000",
    "position" : {
      "x" : 4.236068,
      "y" : 13.708204,
      "z" : 15.326238
    },
    "orientation" : 21
  }, {
    "shape" : "8513aa07-4152-4f9e-8d69-4e94ba536616",
    "color" : "#F2F2F2",
    "position" : {
      "x" : 17.944271,
      "y" : 8.472136,
      "z" : 6.854102
    }
  }, {
    "shape" : "78faa2be-0206-4958-ba11-c34824a6f48c",
    "color" : "#000000",
    "position" : {
      "x" : 7.3934464,
      "y" : -14.247549,
      "z" : -11.629515
    },
    "orientation" : 9
  }, {
    "shape" : "8513aa07-4152-4f9e-8d69-4e94ba536616",
    "color" : "#F2F2F2",
    "position" : {
      "x" : -11.09017,
      "y" : -11.09017,
      "z" : -11.09017
    }
  }, {
    "shape" : "78faa2be-0206-4958-ba11-c34824a6f48c",
    "color" : "#000000",
    "position" : {
      "x" : -15.326238,
      "y" : -4.236068,
      "z" : -13.708204
    },
    "orientation" : 24
  }, {
    "shape" : "8513aa07-4152-4f9e-8d69-4e94ba536616",
    "color" : "#F2F2F2",
    "position" : {
      "x" : 14.247549,
      "y" : -11.629515,
      "z" : -7.3934464
    }
  }, {
    "shape" : "78faa2be-0206-4958-ba11-c34824a6f48c",
    "color" : "#000000",
    "position" : {
      "x" : 8.472136,
      "y" : -6.854102,
      "z" : 17.944271
    },
    "orientation" : 48
  }, {
    "shape" : "8513aa07-4152-4f9e-8d69-4e94ba536616",
    "color" : "#F2F2F2",
    "position" : {
      "x" : -17.944271,
      "y" : -8.472136,
      "z" : -6.854102
    }
  }, {
    "shape" : "78faa2be-0206-4958-ba11-c34824a6f48c",
    "color" : "#000000",
    "position" : {
      "x" : -14.247549,
      "y" : -11.629515,
      "z" : -7.3934464
    },
    "orientation" : 23
  }, {
    "shape" : "32109aa5-0adf-40a7-8dfd-89449e238895",
    "color" : "#000000",
    "position" : {
      "x" : -4.236068,
      "y" : 0.0,
      "z" : 20.562305
    },
    "orientation" : 0
  }, {
    "shape" : "8513aa07-4152-4f9e-8d69-4e94ba536616",
    "color" : "#F2F2F2",
    "position" : {
      "x" : -6.854102,
      "y" : -17.944271,
      "z" : -8.472136
    }
  }, {
    "shape" : "78faa2be-0206-4958-ba11-c34824a6f48c",
    "color" : "#000000",
    "position" : {
      "x" : 7.3934464,
      "y" : -14.247549,
      "z" : 11.629515
    },
    "orientation" : 6
  }, {
    "shape" : "32109aa5-0adf-40a7-8dfd-89449e238895",
    "color" : "#000000",
    "position" : {
      "x" : -17.944271,
      "y" : 8.472136,
      "z" : -6.854102
    },
    "orientation" : 25
  }, {
    "shape" : "8513aa07-4152-4f9e-8d69-4e94ba536616",
    "color" : "#F2F2F2",
    "position" : {
      "x" : -11.629515,
      "y" : 7.3934464,
      "z" : -14.247549
    }
  }, {
    "shape" : "78faa2be-0206-4958-ba11-c34824a6f48c",
    "color" : "#000000",
    "position" : {
      "x" : -20.562305,
      "y" : 4.236068,
      "z" : 0.0
    },
    "orientation" : 17
  }, {
    "shape" : "8513aa07-4152-4f9e-8d69-4e94ba536616",
    "color" : "#F2F2F2",
    "position" : {
      "x" : 14.247549,
      "y" : 11.629515,
      "z" : -7.3934464
    }
  }, {
    "shape" : "78faa2be-0206-4958-ba11-c34824a6f48c",
    "color" : "#000000",
    "position" : {
      "x" : -11.629515,
      "y" : -7.3934464,
      "z" : 14.247549
    },
    "orientation" : 25
  }, {
    "shape" : "8513aa07-4152-4f9e-8d69-4e94ba536616",
    "color" : "#F2F2F2",
    "position" : {
      "x" : 11.09017,
      "y" : -11.09017,
      "z" : -11.09017
    }
  }, {
    "shape" : "8513aa07-4152-4f9e-8d69-4e94ba536616",
    "color" : "#F2F2F2",
    "position" : {
      "x" : 4.236068,
      "y" : 13.708204,
      "z" : 15.326238
    }
  }, {
    "shape" : "78faa2be-0206-4958-ba11-c34824a6f48c",
    "color" : "#000000",
    "position" : {
      "x" : -7.3934464,
      "y" : 14.247549,
      "z" : 11.629515
    },
    "orientation" : 8
  }, {
    "shape" : "8513aa07-4152-4f9e-8d69-4e94ba536616",
    "color" : "#F2F2F2",
    "position" : {
      "x" : 11.629515,
      "y" : -7.3934464,
      "z" : 14.247549
    }
  }, {
    "shape" : "8513aa07-4152-4f9e-8d69-4e94ba536616",
    "color" : "#F2F2F2",
    "position" : {
      "x" : 7.3934464,
      "y" : 14.247549,
      "z" : -11.629515
    }
  }, {
    "shape" : "78faa2be-0206-4958-ba11-c34824a6f48c",
    "color" : "#000000",
    "position" : {
      "x" : 17.944271,
      "y" : -8.472136,
      "z" : -6.854102
    },
    "orientation" : 36
  }, {
    "shape" : "32109aa5-0adf-40a7-8dfd-89449e238895",
    "color" : "#000000",
    "position" : {
      "x" : 13.708204,
      "y" : -15.326238,
      "z" : -4.236068
    },
    "orientation" : 53
  }, {
    "shape" : "78faa2be-0206-4958-ba11-c34824a6f48c",
    "color" : "#000000",
    "position" : {
      "x" : 8.472136,
      "y" : 6.854102,
      "z" : 17.944271
    },
    "orientation" : 23
  }, {
    "shape" : "8513aa07-4152-4f9e-8d69-4e94ba536616",
    "color" : "#F2F2F2",
    "position" : {
      "x" : 18.81695,
      "y" : -4.236068,
      "z" : -4.5694013
    }
  }, {
    "shape" : "72b4ee6b-cb8d-485c-b4d7-743b0096b8f6",
    "color" : "#00FF00",
    "position" : {
      "x" : -11.423503,
      "y" : -16.198915,
      "z" : 0.0
    },
    "orientation" : 16
  }, {
    "shape" : "78faa2be-0206-4958-ba11-c34824a6f48c",
    "color" : "#000000",
    "position" : {
      "x" : 6.854102,
      "y" : 17.944271,
      "z" : -8.472136
    },
    "orientation" : 35
  }, {
    "shape" : "72b4ee6b-cb8d-485c-b4d7-743b0096b8f6",
    "color" : "#3300FF",
    "position" : {
      "x" : -11.629515,
      "y" : -7.3934464,
      "z" : -14.247549
    },
    "orientation" : 19
  }, {
    "shape" : "8513aa07-4152-4f9e-8d69-4e94ba536616",
    "color" : "#F2F2F2",
    "position" : {
      "x" : 18.81695,
      "y" : -4.236068,
      "z" : 4.5694013
    }
  }, {
    "shape" : "78faa2be-0206-4958-ba11-c34824a6f48c",
    "color" : "#000000",
    "position" : {
      "x" : -17.944271,
      "y" : 8.472136,
      "z" : -6.854102
    },
    "orientation" : 6
  }, {
    "shape" : "071da8d1-d2a3-4314-be57-db41b84f473d",
    "color" : "#3300FF",
    "position" : {
      "x" : 16.198915,
      "y" : 0.0,
      "z" : 11.423503
    },
    "orientation" : 8
  }, {
    "shape" : "071da8d1-d2a3-4314-be57-db41b84f473d",
    "color" : "#CC00CC",
    "position" : {
      "x" : 4.236068,
      "y" : 4.5694013,
      "z" : -18.81695
    },
    "orientation" : 17
  }, {
    "shape" : "8513aa07-4152-4f9e-8d69-4e94ba536616",
    "color" : "#F2F2F2",
    "position" : {
      "x" : 7.3934464,
      "y" : -14.247549,
      "z" : -11.629515
    }
  }, {
    "shape" : "8513aa07-4152-4f9e-8d69-4e94ba536616",
    "color" : "#F2F2F2",
    "position" : {
      "x" : 0.0,
      "y" : 0.0,
      "z" : 0.0
    }
  }, {
    "shape" : "8513aa07-4152-4f9e-8d69-4e94ba536616",
    "color" : "#F2F2F2",
    "position" : {
      "x" : 18.81695,
      "y" : 4.236068,
      "z" : -4.5694013
    }
  }, {
    "shape" : "8513aa07-4152-4f9e-8d69-4e94ba536616",
    "color" : "#F2F2F2",
    "position" : {
      "x" : -16.198915,
      "y" : 0.0,
      "z" : -11.423503
    }
  }, {
    "shape" : "32109aa5-0adf-40a7-8dfd-89449e238895",
    "color" : "#000000",
    "position" : {
      "x" : -17.944271,
      "y" : 8.472136,
      "z" : 6.854102
    },
    "orientation" : 37
  }, {
    "shape" : "78faa2be-0206-4958-ba11-c34824a6f48c",
    "color" : "#000000",
    "position" : {
      "x" : -17.944271,
      "y" : -8.472136,
      "z" : -6.854102
    },
    "orientation" : 4
  }, {
    "shape" : "f2580aee-5816-4dcd-b3e6-2009ee356877",
    "color" : "#FFCC66",
    "position" : {
      "x" : 18.81695,
      "y" : -4.236068,
      "z" : -4.5694013
    },
    "orientation" : 0
  }, {
    "shape" : "78faa2be-0206-4958-ba11-c34824a6f48c",
    "color" : "#000000",
    "position" : {
      "x" : 20.562305,
      "y" : -4.236068,
      "z" : 0.0
    },
    "orientation" : 47
  }, {
    "shape" : "8513aa07-4152-4f9e-8d69-4e94ba536616",
    "color" : "#F2F2F2",
    "position" : {
      "x" : -17.944271,
      "y" : 0.0,
      "z" : 6.854102
    }
  }, {
    "shape" : "78faa2be-0206-4958-ba11-c34824a6f48c",
    "color" : "#000000",
    "position" : {
      "x" : -6.854102,
      "y" : -17.944271,
      "z" : -8.472136
    },
    "orientation" : 5
  }, {
    "shape" : "78faa2be-0206-4958-ba11-c34824a6f48c",
    "color" : "#000000",
    "position" : {
      "x" : 11.423503,
      "y" : -16.198915,
      "z" : 0.0
    },
    "orientation" : 30
  }, {
    "shape" : "8513aa07-4152-4f9e-8d69-4e94ba536616",
    "color" : "#F2F2F2",
    "position" : {
      "x" : -14.247549,
      "y" : -11.629515,
      "z" : 7.3934464
    }
  }, {
    "shape" : "8513aa07-4152-4f9e-8d69-4e94ba536616",
    "color" : "#F2F2F2",
    "position" : {
      "x" : -4.5694013,
      "y" : 18.81695,
      "z" : 4.236068
    }
  }, {
    "shape" : "78faa2be-0206-4958-ba11-c34824a6f48c",
    "color" : "#000000",
    "position" : {
      "x" : -4.236068,
      "y" : 0.0,
      "z" : -20.562305
    },
    "orientation" : 1
  }, {
    "shape" : "78faa2be-0206-4958-ba11-c34824a6f48c",
    "color" : "#000000",
    "position" : {
      "x" : -13.708204,
      "y" : 15.326238,
      "z" : 4.236068
    },
    "orientation" : 40
  }, {
    "shape" : "8513aa07-4152-4f9e-8d69-4e94ba536616",
    "color" : "#F2F2F2",
    "position" : {
      "x" : 15.326238,
      "y" : 4.236068,
      "z" : -13.708204
    }
  }, {
    "shape" : "8513aa07-4152-4f9e-8d69-4e94ba536616",
    "color" : "#F2F2F2",
    "position" : {
      "x" : 20.562305,
      "y" : 4.236068,
      "z" : 0.0
    }
  }, {
    "shape" : "78faa2be-0206-4958-ba11-c34824a6f48c",
    "color" : "#000000",
    "position" : {
      "x" : -4.5694013,
      "y" : 18.81695,
      "z" : 4.236068
    },
    "orientation" : 50
  }, {
    "shape" : "78faa2be-0206-4958-ba11-c34824a6f48c",
    "color" : "#000000",
    "position" : {
      "x" : 15.326238,
      "y" : 4.236068,
      "z" : 13.708204
    },
    "orientation" : 28
  }, {
    "shape" : "78faa2be-0206-4958-ba11-c34824a6f48c",
    "color" : "#000000",
    "position" : {
      "x" : -4.236068,
      "y" : 4.5694013,
      "z" : 18.81695
    },
    "orientation" : 3
  }, {
    "shape" : "78faa2be-0206-4958-ba11-c34824a6f48c",
    "color" : "#000000",
    "position" : {
      "x" : 0.0,
      "y" : 11.423503,
      "z" : -16.198915
    },
    "orientation" : 16
  }, {
    "shape" : "78faa2be-0206-4958-ba11-c34824a6f48c",
    "color" : "#000000",
    "position" : {
      "x" : -11.629515,
      "y" : -7.3934464,
      "z" : -14.247549
    },
    "orientation" : 37
  }, {
    "shape" : "8513aa07-4152-4f9e-8d69-4e94ba536616",
    "color" : "#F2F2F2",
    "position" : {
      "x" : 15.326238,
      "y" : -4.236068,
      "z" : -13.708204
    }
  }, {
    "shape" : "071da8d1-d2a3-4314-be57-db41b84f473d",
    "color" : "#FF0000",
    "position" : {
      "x" : 0.0,
      "y" : 11.423503,
      "z" : 16.198915
    },
    "orientation" : 7
  }, {
    "shape" : "78faa2be-0206-4958-ba11-c34824a6f48c",
    "color" : "#000000",
    "position" : {
      "x" : -15.326238,
