{
  "polygons" : "true",
  "field" : "golden",
  "symmetry" : "icosahedral",
  "orientations" : [ [ 1.0, 0.0, 0.0, 0.0, 0.0, 1.0, 0.0, 0.0, 0.0, 0.0, 1.0, 0.0, 0.0, 0.0, 0.0, 1.0 ], [ 0.0, 0.0, 1.0, 0.0, 1.0, 0.0, 0.0, 0.0, 0.0, 1.0, 0.0, 0.0, 0.0, 0.0, 0.0, 1.0 ], [ 0.0, 1.0, 0.0, 0.0, 0.0, 0.0, 1.0, 0.0, 1.0, 0.0, 0.0, 0.0, 0.0, 0.0, 0.0, 1.0 ], [ 0.809017, 0.309017, 0.5, 0.0, 0.309017, 0.5, -0.809017, 0.0, -0.5, 0.809017, 0.309017, 0.0, 0.0, 0.0, 0.0, 1.0 ], [ -0.5, 0.809017, 0.309017, 0.0, 0.809017, 0.309017, 0.5, 0.0, 0.309017, 0.5, -0.809017, 0.0, 0.0, 0.0, 0.0, 1.0 ], [ 0.309017, 0.5, -0.809017, 0.0, -0.5, 0.809017, 0.309017, 0.0, 0.809017, 0.309017, 0.5, 0.0, 0.0, 0.0, 0.0, 1.0 ], [ 0.5, 0.809017, 0.309017, 0.0, 0.809017, -0.309017, -0.5, 0.0, -0.309017, 0.5, -0.809017, 0.0, 0.0, 0.0, 0.0, 1.0 ], [ -0.309017, 0.5, -0.809017, 0.0, 0.5, 0.809017, 0.309017, 0.0, 0.809017, -0.309017, -0.5, 0.0, 0.0, 0.0, 0.0, 1.0 ], [ 0.809017, -0.309017, -0.5, 0.0, -0.309017, 0.5, -0.809017, 0.0, 0.5, 0.809017, 0.309017, 0.0, 0.0, 0.0, 0.0, 1.0 ], [ 0.5, 0.809017, -0.309017, 0.0, 0.809017, -0.309017, 0.5, 0.0, 0.309017, -0.5, -0.809017, 0.0, 0.0, 0.0, 0.0, 1.0 ], [ 0.309017, -0.5, -0.809017, 0.0, 0.5, 0.809017, -0.309017, 0.0, 0.809017, -0.309017, 0.5, 0.0, 0.0, 0.0, 0.0, 1.0 ], [ 0.809017, -0.309017, 0.5, 0.0, 0.309017, -0.5, -0.809017, 0.0, 0.5, 0.809017, -0.309017, 0.0, 0.0, 0.0, 0.0, 1.0 ], [ 0.809017, 0.309017, -0.5, 0.0, 0.309017, 0.5, 0.809017, 0.0, 0.5, -0.809017, 0.309017, 0.0, 0.0, 0.0, 0.0, 1.0 ], [ 0.5, -0.809017, 0.309017, 0.0, 0.809017, 0.309017, -0.5, 0.0, 0.309017, 0.5, 0.809017, 0.0, 0.0, 0.0, 0.0, 1.0 ], [ 0.309017, 0.5, 0.809017, 0.0, 0.5, -0.809017, 0.309017, 0.0, 0.809017, 0.309017, -0.5, 0.0, 0.0, 0.0, 0.0, 1.0 ], [ 1.0, 0.0, 0.0, 0.0, 0.0, -1.0, 0.0, 0.0, 0.0, 0.0, -1.0, 0.0, 0.0, 0.0, 0.0, 1.0 ], [ 0.0, 0.0, 1.0, 0.0, -1.0, 0.0, 0.0, 0.0, 0.0, -1.0, 0.0, 0.0, 0.0, 0.0, 0.0, 1.0 ], [ 0.0, 1.0, 0.0, 0.0, 0.0, 0.0, -1.0, 0.0, -1.0, 0.0, 0.0, 0.0, 0.0, 0.0, 0.0, 1.0 ], [ 0.809017, 0.309017, 0.5, 0.0, -0.309017, -0.5, 0.809017, 0.0, 0.5, -0.809017, -0.309017, 0.0, 0.0, 0.0, 0.0, 1.0 ], [ -0.5, 0.809017, 0.309017, 0.0, -0.809017, -0.309017, -0.5, 0.0, -0.309017, -0.5, 0.809017, 0.0, 0.0, 0.0, 0.0, 1.0 ], [ 0.309017, 0.5, -0.809017, 0.0, 0.5, -0.809017, -0.309017, 0.0, -0.809017, -0.309017, -0.5, 0.0, 0.0, 0.0, 0.0, 1.0 ], [ 0.5, 0.809017, 0.309017, 0.0, -0.809017, 0.309017, 0.5, 0.0, 0.309017, -0.5, 0.809017, 0.0, 0.0, 0.0, 0.0, 1.0 ], [ -0.309017, 0.5, -0.809017, 0.0, -0.5, -0.809017, -0.309017, 0.0, -0.809017, 0.309017, 0.5, 0.0, 0.0, 0.0, 0.0, 1.0 ], [ 0.809017, -0.309017, -0.5, 0.0, 0.309017, -0.5, 0.809017, 0.0, -0.5, -0.809017, -0.309017, 0.0, 0.0, 0.0, 0.0, 1.0 ], [ 0.5, 0.809017, -0.309017, 0.0, -0.809017, 0.309017, -0.5, 0.0, -0.309017, 0.5, 0.809017, 0.0, 0.0, 0.0, 0.0, 1.0 ], [ 0.309017, -0.5, -0.809017, 0.0, -0.5, -0.809017, 0.309017, 0.0, -0.809017, 0.309017, -0.5, 0.0, 0.0, 0.0, 0.0, 1.0 ], [ 0.809017, -0.309017, 0.5, 0.0, -0.309017, 0.5, 0.809017, 0.0, -0.5, -0.809017, 0.309017, 0.0, 0.0, 0.0, 0.0, 1.0 ], [ 0.809017, 0.309017, -0.5, 0.0, -0.309017, -0.5, -0.809017, 0.0, -0.5, 0.809017, -0.309017, 0.0, 0.0, 0.0, 0.0, 1.0 ], [ 0.5, -0.809017, 0.309017, 0.0, -0.809017, -0.309017, 0.5, 0.0, -0.309017, -0.5, -0.809017, 0.0, 0.0, 0.0, 0.0, 1.0 ], [ 0.309017, 0.5, 0.809017, 0.0, -0.5, 0.809017, -0.309017, 0.0, -0.809017, -0.309017, 0.5, 0.0, 0.0, 0.0, 0.0, 1.0 ], [ -1.0, 0.0, 0.0, 0.0, 0.0, -1.0, 0.0, 0.0, 0.0, 0.0, 1.0, 0.0, 0.0, 0.0, 0.0, 1.0 ], [ 0.0, 0.0, -1.0, 0.0, -1.0, 0.0, 0.0, 0.0, 0.0, 1.0, 0.0, 0.0, 0.0, 0.0, 0.0, 1.0 ], [ 0.0, -1.0, 0.0, 0.0, 0.0, 0.0, -1.0, 0.0, 1.0, 0.0, 0.0, 0.0, 0.0, 0.0, 0.0, 1.0 ], [ -0.809017, -0.309017, -0.5, 0.0, -0.309017, -0.5, 0.809017, 0.0, -0.5, 0.809017, 0.309017, 0.0, 0.0, 0.0, 0.0, 1.0 ], [ 0.5, -0.809017, -0.309017, 0.0, -0.809017, -0.309017, -0.5, 0.0, 0.309017, 0.5, -0.809017, 0.0, 0.0, 0.0, 0.0, 1.0 ], [ -0.309017, -0.5, 0.809017, 0.0, 0.5, -0.809017, -0.309017, 0.0, 0.809017, 0.309017, 0.5, 0.0, 0.0, 0.0, 0.0, 1.0 ], [ -0.5, -0.809017, -0.309017, 0.0, -0.809017, 0.309017, 0.5, 0.0, -0.309017, 0.5, -0.809017, 0.0, 0.0, 0.0, 0.0, 1.0 ], [ 0.309017, -0.5, 0.809017, 0.0, -0.5, -0.809017, -0.309017, 0.0, 0.809017, -0.309017, -0.5, 0.0, 0.0, 0.0, 0.0, 1.0 ], [ -0.809017, 0.309017, 0.5, 0.0, 0.309017, -0.5, 0.809017, 0.0, 0.5, 0.809017, 0.309017, 0.0, 0.0, 0.0, 0.0, 1.0 ], [ -0.5, -0.809017, 0.309017, 0.0, -0.809017, 0.309017, -0.5, 0.0, 0.309017, -0.5, -0.809017, 0.0, 0.0, 0.0, 0.0, 1.0 ], [ -0.309017, 0.5, 0.809017, 0.0, -0.5, -0.809017, 0.309017, 0.0, 0.809017, -0.309017, 0.5, 0.0, 0.0, 0.0, 0.0, 1.0 ], [ -0.809017, 0.309017, -0.5, 0.0, -0.309017, 0.5, 0.809017, 0.0, 0.5, 0.809017, -0.309017, 0.0, 0.0, 0.0, 0.0, 1.0 ], [ -0.809017, -0.309017, 0.5, 0.0, -0.309017, -0.5, -0.809017, 0.0, 0.5, -0.809017, 0.309017, 0.0, 0.0, 0.0, 0.0, 1.0 ], [ -0.5, 0.809017, -0.309017, 0.0, -0.809017, -0.309017, 0.5, 0.0, 0.309017, 0.5, 0.809017, 0.0, 0.0, 0.0, 0.0, 1.0 ], [ -0.309017, -0.5, -0.809017, 0.0, -0.5, 0.809017, -0.309017, 0.0, 0.809017, 0.309017, -0.5, 0.0, 0.0, 0.0, 0.0, 1.0 ], [ -1.0, 0.0, 0.0, 0.0, 0.0, 1.0, 0.0, 0.0, 0.0, 0.0, -1.0, 0.0, 0.0, 0.0, 0.0, 1.0 ], [ 0.0, 0.0, -1.0, 0.0, 1.0, 0.0, 0.0, 0.0, 0.0, -1.0, 0.0, 0.0, 0.0, 0.0, 0.0, 1.0 ], [ 0.0, -1.0, 0.0, 0.0, 0.0, 0.0, 1.0, 0.0, -1.0, 0.0, 0.0, 0.0, 0.0, 0.0, 0.0, 1.0 ], [ -0.809017, -0.309017, -0.5, 0.0, 0.309017, 0.5, -0.809017, 0.0, 0.5, -0.809017, -0.309017, 0.0, 0.0, 0.0, 0.0, 1.0 ], [ 0.5, -0.809017, -0.309017, 0.0, 0.809017, 0.309017, 0.5, 0.0, -0.309017, -0.5, 0.809017, 0.0, 0.0, 0.0, 0.0, 1.0 ], [ -0.309017, -0.5, 0.809017, 0.0, -0.5, 0.809017, 0.309017, 0.0, -0.809017, -0.309017, -0.5, 0.0, 0.0, 0.0, 0.0, 1.0 ], [ -0.5, -0.809017, -0.309017, 0.0, 0.809017, -0.309017, -0.5, 0.0, 0.309017, -0.5, 0.809017, 0.0, 0.0, 0.0, 0.0, 1.0 ], [ 0.309017, -0.5, 0.809017, 0.0, 0.5, 0.809017, 0.309017, 0.0, -0.809017, 0.309017, 0.5, 0.0, 0.0, 0.0, 0.0, 1.0 ], [ -0.809017, 0.309017, 0.5, 0.0, -0.309017, 0.5, -0.809017, 0.0, -0.5, -0.809017, -0.309017, 0.0, 0.0, 0.0, 0.0, 1.0 ], [ -0.5, -0.809017, 0.309017, 0.0, 0.809017, -0.309017, 0.5, 0.0, -0.309017, 0.5, 0.809017, 0.0, 0.0, 0.0, 0.0, 1.0 ], [ -0.309017, 0.5, 0.809017, 0.0, 0.5, 0.809017, -0.309017, 0.0, -0.809017, 0.309017, -0.5, 0.0, 0.0, 0.0, 0.0, 1.0 ], [ -0.809017, 0.309017, -0.5, 0.0, 0.309017, -0.5, -0.809017, 0.0, -0.5, -0.809017, 0.309017, 0.0, 0.0, 0.0, 0.0, 1.0 ], [ -0.809017, -0.309017, 0.5, 0.0, 0.309017, 0.5, 0.809017, 0.0, -0.5, 0.809017, -0.309017, 0.0, 0.0, 0.0, 0.0, 1.0 ], [ -0.5, 0.809017, -0.309017, 0.0, 0.809017, 0.309017, -0.5, 0.0, -0.309017, -0.5, -0.809017, 0.0, 0.0, 0.0, 0.0, 1.0 ], [ -0.309017, -0.5, -0.809017, 0.0, 0.5, -0.809017, 0.309017, 0.0, -0.809017, -0.309017, 0.5, 0.0, 0.0, 0.0, 0.0, 1.0 ] ],
  "lights" : {
    "ambientColor" : "#292929",
    "backgroundColor" : "#AFC8DC",
    "directionalLights" : [ {
      "direction" : [ 1.0, -1.0, -1.0 ],
      "color" : "#EBEBE4"
    }, {
      "direction" : [ -1.0, 0.0, 0.0 ],
      "color" : "#E4E4EB"
    }, {
      "direction" : [ 0.0, 0.0, -1.0 ],
      "color" : "#1E1E1E"
    } ]
  },
  "camera" : {
    "lookDirection" : {
      "x" : -0.7905694,
      "y" : -0.5720614,
      "z" : -0.21850802
    },
    "lookAtPoint" : {
      "x" : 0.0,
      "y" : 0.0,
      "z" : 0.0
    },
    "upDirection" : {
      "x" : -0.35355338,
      "y" : 0.13504541,
      "z" : 0.9256147
    },
    "stereo" : false,
    "perspective" : false,
    "viewDistance" : 64.642975,
    "farClipDistance" : 129.28595,
    "fieldOfView" : 0.44262886,
    "nearClipDistance" : 0.16160741,
    "position" : {
      "x" : 51.10476,
      "y" : 36.97975,
      "z" : 14.125009
    },
    "width" : 29.089338
  },
  "embedding" : [ 1.0, 0.0, 0.0, 0.0, 0.0, 1.0, 0.0, 0.0, 0.0, 0.0, 1.0, 0.0, 0.0, 0.0, 0.0, 1.0 ],
  "shapes" : [ {
    "id" : "232f2999-b762-48d5-9e09-09edefbe9823",
    "orbit" : "yellow",
    "orbitC" : "[[0,0,1],[2,-1,1]]",
    "length" : "[1,0,1]",
    "name" : "y1",
    "vertices" : [ {
      "x" : 0.809017,
      "y" : 0.0,
      "z" : -0.690983
    }, {
      "x" : 1.0,
      "y" : 0.309017,
      "z" : -0.19098301
    }, {
      "x" : 2.618034,
      "y" : 0.309017,
      "z" : -0.809017
    }, {
      "x" : 2.427051,
      "y" : 0.0,
      "z" : -1.309017
    }, {
      "x" : 5.854102,
      "y" : 0.309017,
      "z" : -2.427051
    }, {
      "x" : 1.0,
      "y" : -0.309017,
      "z" : -0.19098301
    }, {
      "x" : 2.618034,
      "y" : -0.309017,
      "z" : -0.809017
    }, {
      "x" : 4.236068,
      "y" : 0.309017,
      "z" : -1.809017
    }, {
      "x" : 4.427051,
      "y" : 0.0,
      "z" : -1.309017
    }, {
      "x" : 6.854102,
      "y" : 0.0,
      "z" : -2.618034
    }, {
      "x" : 4.236068,
      "y" : -0.309017,
      "z" : -1.809017
    }, {
      "x" : 6.045085,
      "y" : 0.0,
      "z" : -1.927051
    }, {
      "x" : 5.854102,
      "y" : -0.309017,
      "z" : -2.427051
    } ],
    "faces" : [ {
      "vertices" : [ 2, 6, 8 ]
    }, {
      "vertices" : [ 4, 12, 10, 7 ]
    }, {
      "vertices" : [ 2, 8, 7 ]
    }, {
      "vertices" : [ 3, 10, 6 ]
    }, {
      "vertices" : [ 3, 7, 10 ]
    }, {
      "vertices" : [ 0, 1, 2, 3 ]
    }, {
      "vertices" : [ 6, 10, 8 ]
    }, {
      "vertices" : [ 8, 10, 12, 11 ]
    }, {
      "vertices" : [ 2, 7, 3 ]
    }, {
      "vertices" : [ 0, 3, 6, 5 ]
    }, {
      "vertices" : [ 1, 5, 6, 2 ]
    }, {
      "vertices" : [ 4, 7, 8, 11 ]
    } ]
  }, {
    "id" : "005388d5-1460-4116-95de-69ab0524f1c4",
    "name" : "ball",
    "vertices" : [ {
      "x" : 0.309017,
      "y" : -0.809017,
      "z" : 0.618034
    }, {
      "x" : 0.809017,
      "y" : -0.618034,
      "z" : 0.309017
    }, {
      "x" : 0.618034,
      "y" : -0.309017,
      "z" : 0.809017
    }, {
      "x" : 1.0,
      "y" : 0.309017,
      "z" : 0.19098301
    }, {
      "x" : 0.809017,
      "y" : 0.618034,
      "z" : 0.309017
    }, {
      "x" : 0.618034,
      "y" : 0.309017,
      "z" : 0.809017
    }, {
      "x" : 0.809017,
      "y" : 0.0,
      "z" : 0.690983
    }, {
      "x" : 0.19098301,
      "y" : -1.0,
      "z" : 0.309017
    }, {
      "x" : -0.19098301,
      "y" : -1.0,
      "z" : 0.309017
    }, {
      "x" : -0.19098301,
      "y" : -1.0,
      "z" : -0.309017
    }, {
      "x" : 0.19098301,
      "y" : -1.0,
      "z" : -0.309017
    }, {
      "x" : 1.0,
      "y" : -0.309017,
      "z" : -0.19098301
    }, {
      "x" : 0.809017,
      "y" : -0.618034,
      "z" : -0.309017
    }, {
      "x" : 0.618034,
      "y" : -0.309017,
      "z" : -0.809017
    }, {
      "x" : 0.809017,
      "y" : 0.0,
      "z" : -0.690983
    }, {
      "x" : 0.0,
      "y" : 0.690983,
      "z" : -0.809017
    }, {
      "x" : 0.309017,
      "y" : 0.809017,
      "z" : -0.618034
    }, {
      "x" : 0.618034,
      "y" : 0.309017,
      "z" : -0.809017
    }, {
      "x" : 0.309017,
      "y" : 0.19098301,
      "z" : -1.0
    }, {
      "x" : 1.0,
      "y" : 0.309017,
      "z" : -0.19098301
    }, {
      "x" : -0.309017,
      "y" : -0.809017,
      "z" : 0.618034
    }, {
      "x" : 0.0,
      "y" : -0.690983,
      "z" : 0.809017
    }, {
      "x" : 0.809017,
      "y" : 0.618034,
      "z" : -0.309017
    }, {
      "x" : 0.690983,
      "y" : 0.809017,
      "z" : 0.0
    }, {
      "x" : -0.690983,
      "y" : 0.809017,
      "z" : 0.0
    }, {
      "x" : -0.809017,
      "y" : 0.618034,
      "z" : 0.309017
    }, {
      "x" : -0.309017,
      "y" : 0.809017,
      "z" : 0.618034
    }, {
      "x" : -0.19098301,
      "y" : 1.0,
      "z" : 0.309017
    }, {
      "x" : 0.309017,
      "y" : -0.19098301,
      "z" : -1.0
    }, {
      "x" : 0.19098301,
      "y" : 1.0,
      "z" : 0.309017
    }, {
      "x" : 0.309017,
      "y" : 0.809017,
      "z" : 0.618034
    }, {
      "x" : -0.809017,
      "y" : -0.618034,
      "z" : 0.309017
    }, {
      "x" : -0.690983,
      "y" : -0.809017,
      "z" : 0.0
    }, {
      "x" : 0.0,
      "y" : 0.690983,
      "z" : 0.809017
    }, {
      "x" : 0.309017,
      "y" : -0.809017,
      "z" : -0.618034
    }, {
      "x" : 0.0,
      "y" : -0.690983,
      "z" : -0.809017
    }, {
      "x" : -1.0,
      "y" : 0.309017,
      "z" : 0.19098301
    }, {
      "x" : -0.809017,
      "y" : 0.0,
      "z" : 0.690983
    }, {
      "x" : -0.618034,
      "y" : 0.309017,
      "z" : 0.809017
    }, {
      "x" : 1.0,
      "y" : -0.309017,
      "z" : 0.19098301
    }, {
      "x" : -0.309017,
      "y" : -0.809017,
      "z" : -0.618034
    }, {
      "x" : -1.0,
      "y" : 0.309017,
      "z" : -0.19098301
    }, {
      "x" : -1.0,
      "y" : -0.309017,
      "z" : -0.19098301
    }, {
      "x" : -1.0,
      "y" : -0.309017,
      "z" : 0.19098301
    }, {
      "x" : 0.19098301,
      "y" : 1.0,
      "z" : -0.309017
    }, {
      "x" : -0.809017,
      "y" : 0.618034,
      "z" : -0.309017
    }, {
      "x" : -0.19098301,
      "y" : 1.0,
      "z" : -0.309017
    }, {
      "x" : -0.309017,
      "y" : 0.809017,
      "z" : -0.618034
    }, {
      "x" : -0.618034,
      "y" : -0.309017,
      "z" : 0.809017
    }, {
      "x" : 0.309017,
      "y" : 0.19098301,
      "z" : 1.0
    }, {
      "x" : -0.309017,
      "y" : 0.19098301,
      "z" : -1.0
    }, {
      "x" : -0.309017,
      "y" : 0.19098301,
      "z" : 1.0
    }, {
      "x" : -0.309017,
      "y" : -0.19098301,
      "z" : 1.0
    }, {
      "x" : 0.309017,
      "y" : -0.19098301,
      "z" : 1.0
    }, {
      "x" : 0.690983,
      "y" : -0.809017,
      "z" : 0.0
    }, {
      "x" : -0.809017,
      "y" : 0.0,
      "z" : -0.690983
    }, {
      "x" : -0.618034,
      "y" : -0.309017,
      "z" : -0.809017
    }, {
      "x" : -0.309017,
      "y" : -0.19098301,
      "z" : -1.0
    }, {
      "x" : -0.618034,
      "y" : 0.309017,
      "z" : -0.809017
    }, {
      "x" : -0.809017,
      "y" : -0.618034,
      "z" : -0.309017
    } ],
    "faces" : [ {
      "vertices" : [ 9, 40, 35, 34, 10 ]
    }, {
      "vertices" : [ 0, 1, 2 ]
    }, {
      "vertices" : [ 33, 51, 49 ]
    }, {
      "vertices" : [ 25, 36, 37, 38 ]
    }, {
      "vertices" : [ 41, 55, 42 ]
    }, {
      "vertices" : [ 9, 32, 59, 40 ]
    }, {
      "vertices" : [ 20, 21, 52, 48 ]
    }, {
      "vertices" : [ 26, 33, 30, 29, 27 ]
    }, {
      "vertices" : [ 3, 4, 5, 6 ]
    }, {
      "vertices" : [ 27, 29, 44, 46 ]
    }, {
      "vertices" : [ 50, 57, 56, 55, 58 ]
    }, {
      "vertices" : [ 26, 38, 51, 33 ]
    }, {
      "vertices" : [ 45, 47, 58 ]
    }, {
      "vertices" : [ 18, 28, 57, 50 ]
    }, {
      "vertices" : [ 40, 59, 56 ]
    }, {
      "vertices" : [ 31, 48, 37, 43 ]
    }, {
      "vertices" : [ 7, 8, 9, 10 ]
    }, {
      "vertices" : [ 36, 41, 42, 43 ]
    }, {
      "vertices" : [ 24, 46, 47, 45 ]
    }, {
      "vertices" : [ 4, 30, 5 ]
    }, {
      "vertices" : [ 15, 47, 46, 44, 16 ]
    }, {
      "vertices" : [ 15, 50, 58, 47 ]
    }, {
      "vertices" : [ 24, 45, 41, 36, 25 ]
    }, {
      "vertices" : [ 11, 14, 19 ]
    }, {
      "vertices" : [ 3, 6, 39 ]
    }, {
      "vertices" : [ 1, 39, 6, 2 ]
    }, {
      "vertices" : [ 8, 32, 9 ]
    }, {
      "vertices" : [ 11, 12, 13, 14 ]
    }, {
      "vertices" : [ 16, 22, 17 ]
    }, {
      "vertices" : [ 0, 21, 20, 8, 7 ]
    }, {
      "vertices" : [ 12, 34, 13 ]
    }, {
      "vertices" : [ 35, 40, 56, 57 ]
    }, {
      "vertices" : [ 0, 7, 54, 1 ]
    }, {
      "vertices" : [ 15, 16, 17, 18 ]
    }, {
      "vertices" : [ 3, 19, 22, 23, 4 ]
    }, {
      "vertices" : [ 7, 10, 54 ]
    }, {
      "vertices" : [ 41, 45, 58, 55 ]
    }, {
      "vertices" : [ 3, 39, 11, 19 ]
    }, {
      "vertices" : [ 14, 17, 22, 19 ]
    }, {
      "vertices" : [ 0, 2, 53, 21 ]
    }, {
      "vertices" : [ 49, 51, 52, 53 ]
    }, {
      "vertices" : [ 31, 43, 42, 59, 32 ]
    }, {
      "vertices" : [ 15, 18, 50 ]
    }, {
      "vertices" : [ 42, 55, 56, 59 ]
    }, {
      "vertices" : [ 4, 23, 29, 30 ]
    }, {
      "vertices" : [ 25, 38, 26 ]
    }, {
      "vertices" : [ 13, 28, 18, 17, 14 ]
    }, {
      "vertices" : [ 8, 20, 31, 32 ]
    }, {
      "vertices" : [ 23, 44, 29 ]
    }, {
      "vertices" : [ 24, 27, 46 ]
    }, {
      "vertices" : [ 37, 48, 52, 51, 38 ]
    }, {
      "vertices" : [ 20, 48, 31 ]
    }, {
      "vertices" : [ 24, 25, 26, 27 ]
    }, {
      "vertices" : [ 16, 44, 23, 22 ]
    }, {
      "vertices" : [ 13, 34, 35, 28 ]
    }, {
      "vertices" : [ 10, 34, 12, 54 ]
    }, {
      "vertices" : [ 2, 6, 5, 49, 53 ]
    }, {
      "vertices" : [ 36, 43, 37 ]
    }, {
      "vertices" : [ 5, 30, 33, 49 ]
    }, {
      "vertices" : [ 1, 54, 12, 11, 39 ]
    }, {
      "vertices" : [ 28, 35, 57 ]
    }, {
      "vertices" : [ 21, 53, 52 ]
    } ]
  }, {
    "id" : "fe08f5f5-4e26-4953-b148-3d3387c6a271",
    "orbit" : "blue",
    "orbitC" : "[[0,0,1],[0,0,1]]",
    "length" : "[-1,1,1]",
    "name" : "b0",
    "vertices" : [ {
      "x" : 4.236068,
      "y" : 0.309017,
      "z" : 0.19098301
    }, {
      "x" : 4.236068,
      "y" : 0.309017,
      "z" : -0.19098301
    }, {
      "x" : 1.0,
      "y" : 0.309017,
      "z" : -0.19098301
    }, {
      "x" : 1.0,
      "y" : 0.309017,
      "z" : 0.19098301
    }, {
      "x" : 4.236068,
      "y" : -0.309017,
      "z" : 0.19098301
    }, {
      "x" : 1.0,
      "y" : -0.309017,
      "z" : 0.19098301
    }, {
      "x" : 1.0,
      "y" : -0.309017,
      "z" : -0.19098301
    }, {
      "x" : 4.236068,
      "y" : -0.309017,
      "z" : -0.19098301
    }, {
      "x" : 5.236068,
      "y" : 0.0,
      "z" : 0.0
    } ],
    "faces" : [ {
      "vertices" : [ 1, 7, 6, 2 ]
    }, {
      "vertices" : [ 0, 1, 2, 3 ]
    }, {
      "vertices" : [ 4, 5, 6, 7 ]
    }, {
      "vertices" : [ 0, 3, 5, 4 ]
    } ]
  } ],
  "instances" : [ {
    "shape" : "232f2999-b762-48d5-9e09-09edefbe9823",
    "color" : "#FFB31A",
    "position" : {
      "x" : 5.236068,
      "y" : 0.0,
      "z" : 0.0
    },
    "orientation" : 22
  }, {
    "shape" : "005388d5-1460-4116-95de-69ab0524f1c4",
    "color" : "#F2F2F2",
    "position" : {
      "x" : 0.0,
      "y" : 2.618034,
      "z" : 6.854102
    }
  }, {
    "shape" : "fe08f5f5-4e26-4953-b148-3d3387c6a271",
    "color" : "#008EC2",
    "position" : {
      "x" : -2.618034,
      "y" : -6.854102,
      "z" : -5.236068
    },
    "orientation" : 0
  }, {
    "shape" : "fe08f5f5-4e26-4953-b148-3d3387c6a271",
    "color" : "#008EC2",
    "position" : {
      "x" : 0.0,
      "y" : -2.618034,
      "z" : -6.854102
    },
    "orientation" : 39
  }, {
    "shape" : "005388d5-1460-4116-95de-69ab0524f1c4",
    "color" : "#000000",
    "position" : {
      "x" : -5.236068,
      "y" : 0.0,
      "z" : 0.0
    }
  }, {
    "shape" : "fe08f5f5-4e26-4953-b148-3d3387c6a271",
    "color" : "#008EC2",
    "position" : {
      "x" : 0.0,
      "y" : 0.0,
      "z" : 0.0
    },
    "orientation" : 45
  }, {
    "shape" : "fe08f5f5-4e26-4953-b148-3d3387c6a271",
    "color" : "#008EC2",
    "position" : {
      "x" : 0.0,
      "y" : 2.618034,
      "z" : 6.854102
    },
    "orientation" : 6
  }, {
    "shape" : "fe08f5f5-4e26-4953-b148-3d3387c6a271",
    "color" : "#008EC2",
    "position" : {
      "x" : 2.618034,
      "y" : -1.618034,
      "z" : 8.472136
    },
    "orientation" : 45
  }, {
    "shape" : "232f2999-b762-48d5-9e09-09edefbe9823",
    "color" : "#FFB31A",
    "position" : {
      "x" : 2.618034,
      "y" : -4.236068,
      "z" : 1.618034
    },
    "orientation" : 22
  }, {
    "shape" : "fe08f5f5-4e26-4953-b148-3d3387c6a271",
    "color" : "#008EC2",
    "position" : {
      "x" : -5.236068,
      "y" : -2.618034,
      "z" : -6.854102
    },
    "orientation" : 6
  }, {
    "shape" : "fe08f5f5-4e26-4953-b148-3d3387c6a271",
    "color" : "#008EC2",
    "position" : {
      "x" : 0.0,
      "y" : -2.618034,
      "z" : -6.854102
    },
    "orientation" : 54
  }, {
    "shape" : "005388d5-1460-4116-95de-69ab0524f1c4",
    "color" : "#F2F2F2",
    "position" : {
      "x" : 2.618034,
      "y" : -6.854102,
      "z" : -5.236068
    }
  }, {
    "shape" : "fe08f5f5-4e26-4953-b148-3d3387c6a271",
    "color" : "#008EC2",
    "position" : {
      "x" : 0.0,
      "y" : 0.0,
      "z" : 0.0
    },
    "orientation" : 21
  }, {
    "shape" : "fe08f5f5-4e26-4953-b148-3d3387c6a271",
    "color" : "#008EC2",
    "position" : {
      "x" : 2.618034,
      "y" : 6.854102,
      "z" : 5.236068
    },
    "orientation" : 21
  }, {
    "shape" : "fe08f5f5-4e26-4953-b148-3d3387c6a271",
    "color" : "#008EC2",
    "position" : {
      "x" : -2.618034,
      "y" : -1.618034,
      "z" : 8.472136
    },
    "orientation" : 54
  }, {
    "shape" : "005388d5-1460-4116-95de-69ab0524f1c4",
    "color" : "#F2F2F2",
    "position" : {
      "x" : 2.618034,
      "y" : 6.854102,
      "z" : 5.236068
    }
  }, {
    "shape" : "005388d5-1460-4116-95de-69ab0524f1c4",
    "color" : "#F2F2F2",
    "position" : {
      "x" : 2.618034,
      "y" : -1.618034,
      "z" : 8.472136
    }
  }, {
    "shape" : "fe08f5f5-4e26-4953-b148-3d3387c6a271",
    "color" : "#008EC2",
    "position" : {
      "x" : 5.236068,
      "y" : -2.618034,
      "z" : -6.854102
    },
    "orientation" : 39
  }, {
    "shape" : "fe08f5f5-4e26-4953-b148-3d3387c6a271",
    "color" : "#008EC2",
    "position" : {
      "x" : -5.236068,
      "y" : 2.618034,
      "z" : 6.854102
    },
    "orientation" : 6
  }, {
    "shape" : "005388d5-1460-4116-95de-69ab0524f1c4",
    "color" : "#000000",
    "position" : {
      "x" : 0.0,
      "y" : 0.0,
      "z" : 0.0
    }
  }, {
    "shape" : "fe08f5f5-4e26-4953-b148-3d3387c6a271",
    "color" : "#008EC2",
    "position" : {
      "x" : -5.236068,
      "y" : 0.0,
      "z" : 0.0
    },
    "orientation" : 21
  }, {
    "shape" : "fe08f5f5-4e26-4953-b148-3d3387c6a271",
    "color" : "#008EC2",
    "position" : {
      "x" : -2.618034,
      "y" : -4.236068,
      "z" : 1.618034
    },
    "orientation" : 0
  }, {
    "shape" : "005388d5-1460-4116-95de-69ab0524f1c4",
    "color" : "#F2F2F2",
    "position" : {
      "x" : 0.0,
      "y" : -2.618034,
      "z" : -6.854102
    }
  }, {
    "shape" : "005388d5-1460-4116-95de-69ab0524f1c4",
    "color" : "#F2F2F2",
    "position" : {
      "x" : 5.236068,
      "y" : -2.618034,
      "z" : -6.854102
    }
  }, {
    "shape" : "fe08f5f5-4e26-4953-b148-3d3387c6a271",
    "color" : "#008EC2",
    "position" : {
      "x" : 5.236068,
      "y" : 0.0,
      "z" : 0.0
    },
    "orientation" : 54
  }, {
    "shape" : "005388d5-1460-4116-95de-69ab0524f1c4",
    "color" : "#000000",
    "position" : {
      "x" : 2.618034,
      "y" : -4.236068,
      "z" : 1.618034
    }
  }, {
    "shape" : "fe08f5f5-4e26-4953-b148-3d3387c6a271",
    "color" : "#008EC2",
    "position" : {
      "x" : 0.0,
      "y" : 0.0,
      "z" : 0.0
    },
    "orientation" : 54
  }, {
    "shape" : "232f2999-b762-48d5-9e09-09edefbe9823",
    "color" : "#FFB31A",
    "position" : {
      "x" : 2.618034,
      "y" : -4.236068,
      "z" : 1.618034
    },
    "orientation" : 7
  }, {
    "shape" : "005388d5-1460-4116-95de-69ab0524f1c4",
    "color" : "#F2F2F2",
    "position" : {
      "x" : -2.618034,
      "y" : -6.854102,
      "z" : -5.236068
    }
  }, {
    "shape" : "232f2999-b762-48d5-9e09-09edefbe9823",
    "color" : "#FFB31A",
    "position" : {
      "x" : -2.618034,
      "y" : -4.236068,
      "z" : 1.618034
    },
    "orientation" : 22
  }, {
    "shape" : "fe08f5f5-4e26-4953-b148-3d3387c6a271",
    "color" : "#008EC2",
    "position" : {
      "x" : -2.618034,
      "y" : -1.618034,
      "z" : 8.472136
    },
    "orientation" : 6
  }, {
    "shape" : "fe08f5f5-4e26-4953-b148-3d3387c6a271",
    "color" : "#008EC2",
    "position" : {
      "x" : -2.618034,
      "y" : 6.854102,
      "z" : 5.236068
    },
    "orientation" : 0
  }, {
    "shape" : "232f2999-b762-48d5-9e09-09edefbe9823",
    "color" : "#FFB31A",
    "position" : {
      "x" : -2.618034,
      "y" : 4.236068,
      "z" : -1.618034
    },
    "orientation" : 22
  }, {
    "shape" : "fe08f5f5-4e26-4953-b148-3d3387c6a271",
    "color" : "#008EC2",
    "position" : {
      "x" : -2.618034,
      "y" : 1.618034,
      "z" : -8.472136
    },
    "orientation" : 0
  }, {
    "shape" : "232f2999-b762-48d5-9e09-09edefbe9823",
    "color" : "#FFB31A",
    "position" : {
      "x" : -5.236068,
      "y" : 0.0,
      "z" : 0.0
    },
    "orientation" : 22
  }, {
    "shape" : "fe08f5f5-4e26-4953-b148-3d3387c6a271",
    "color" : "#008EC2",
    "position" : {
      "x" : 0.0,
      "y" : 2.618034,
      "z" : 6.854102
    },
    "orientation" : 45
  }, {
    "shape" : "232f2999-b762-48d5-9e09-09edefbe9823",
    "color" : "#FFB31A",
    "position" : {
      "x" : -2.618034,
      "y" : -4.236068,
      "z" : 1.618034
    },
    "orientation" : 7
  }, {
    "shape" : "fe08f5f5-4e26-4953-b148-3d3387c6a271",
    "color" : "#008EC2",
    "position" : {
      "x" : 0.0,
      "y" : 2.618034,
      "z" : 6.854102
    },
    "orientation" : 54
  }, {
    "shape" : "fe08f5f5-4e26-4953-b148-3d3387c6a271",
    "color" : "#008EC2",
    "position" : {
      "x" : 2.618034,
      "y" : -4.236068,
      "z" : 1.618034
    },
    "orientation" : 6
  }, {
    "shape" : "fe08f5f5-4e26-4953-b148-3d3387c6a271",
    "color" : "#008EC2",
    "position" : {
      "x" : 0.0,
      "y" : -2.618034,
      "z" : -6.854102
    },
    "orientation" : 0
  }, {
    "shape" : "005388d5-1460-4116-95de-69ab0524f1c4",
    "color" : "#000000",
    "position" : {
      "x" : -2.618034,
      "y" : 4.236068,
      "z" : -1.618034
    }
  }, {
    "shape" : "fe08f5f5-4e26-4953-b148-3d3387c6a271",
    "color" : "#008EC2",
    "position" : {
      "x" : 0.0,
      "y" : 0.0,
      "z" : 0.0
    },
    "orientation" : 6
  }, {
    "shape" : "005388d5-1460-4116-95de-69ab0524f1c4",
    "color" : "#F2F2F2",
    "position" : {
      "x" : 2.618034,
      "y" : 1.618034,
      "z" : -8.472136
    }
  }, {
    "shape" : "fe08f5f5-4e26-4953-b148-3d3387c6a271",
    "color" : "#008EC2",
    "position" : {
      "x" : 0.0,
      "y" : 0.0,
      "z" : 0.0
    },
    "orientation" : 39
  }, {
    "shape" : "232f2999-b762-48d5-9e09-09edefbe9823",
    "color" : "#FFB31A",
    "position" : {
      "x" : 2.618034,
      "y" : 4.236068,
      "z" : -1.618034
    },
    "orientation" : 22
  }, {
    "shape" : "fe08f5f5-4e26-4953-b148-3d3387c6a271",
    "color" : "#008EC2",
    "position" : {
      "x" : -2.618034,
      "y" : 4.236068,
      "z" : -1.618034
    },
    "orientation" : 39
  }, {
    "shape" : "005388d5-1460-4116-95de-69ab0524f1c4",
    "color" : "#000000",
    "position" : {
      "x" : 5.236068,
      "y" : 0.0,
      "z" : 0.0
    }
  }, {
    "shape" : "fe08f5f5-4e26-4953-b148-3d3387c6a271",
    "color" : "#008EC2",
    "position" : {
      "x" : -5.236068,
      "y" : -2.618034,
      "z" : -6.854102
    },
    "orientation" : 21
  }, {
    "shape" : "fe08f5f5-4e26-4953-b148-3d3387c6a271",
    "color" : "#008EC2",
    "position" : {
      "x" : 0.0,
      "y" : -2.618034,
      "z" : -6.854102
    },
    "orientation" : 6
  }, {
    "shape" : "fe08f5f5-4e26-4953-b148-3d3387c6a271",
    "color" : "#008EC2",
    "position" : {
      "x" : 5.236068,
      "y" : 2.618034,
      "z" : 6.854102
    },
    "orientation" : 45
  }, {
    "shape" : "232f2999-b762-48d5-9e09-09edefbe9823",
    "color" : "#FFB31A",
    "position" : {
      "x" : 0.0,
      "y" : 0.0,
      "z" : 0.0
    },
    "orientation" : 22
  }, {
    "shape" : "005388d5-1460-4116-95de-69ab0524f1c4",
    "color" : "#000000",
    "position" : {
      "x" : -2.618034,
      "y" : -4.236068,
      "z" : 1.618034
    }
  }, {
    "shape" : "232f2999-b762-48d5-9e09-09edefbe9823",
    "color" : "#FFB31A",
    "position" : {
      "x" : 2.618034,
      "y" : 4.236068,
      "z" : -1.618034
    },
    "orientation" : 7
  }, {
    "shape" : "232f2999-b762-48d5-9e09-09edefbe9823",
    "color" : "#FFB31A",
    "position" : {
      "x" : -2.618034,
      "y" : 4.236068,
      "z" : -1.618034
    },
    "orientation" : 7
  }, {
    "shape" : "fe08f5f5-4e26-4953-b148-3d3387c6a271",
    "color" : "#008EC2",
    "position" : {
      "x" : 0.0,
      "y" : -2.618034,
      "z" : -6.854102
    },
    "orientation" : 21
  }, {
    "shape" : "005388d5-1460-4116-95de-69ab0524f1c4",
    "color" : "#F2F2F2",
    "position" : {
      "x" : -5.236068,
      "y" : 2.618034,
      "z" : 6.854102
    }
  }, {
    "shape" : "005388d5-1460-4116-95de-69ab0524f1c4",
    "color" : "#F2F2F2",
    "position" : {
      "x" : -5.236068,
      "y" : -2.618034,
      "z" : -6.854102
    }
  }, {
    "shape" : "fe08f5f5-4e26-4953-b148-3d3387c6a271",
    "color" : "#008EC2",
    "position" : {
      "x" : 5.236068,
      "y" : 2.618034,
      "z" : 6.854102
    },
    "orientation" : 39
  }, {
    "shape" : "fe08f5f5-4e26-4953-b148-3d3387c6a271",
    "color" : "#008EC2",
    "position" : {
      "x" : 2.618034,
      "y" : 1.618034,
      "z" : -8.472136
    },
    "orientation" : 21
  }, {
    "shape" : "005388d5-1460-4116-95de-69ab0524f1c4",
    "color" : "#F2F2F2",
    "position" : {
      "x" : 5.236068,
      "y" : 2.618034,
      "z" : 6.854102
    }
  }, {
    "shape" : "fe08f5f5-4e26-4953-b148-3d3387c6a271",
    "color" : "#008EC2",
    "position" : {
      "x" : -2.618034,
      "y" : 4.236068,
      "z" : -1.618034
    },
    "orientation" : 0
  }, {
    "shape" : "005388d5-1460-4116-95de-69ab0524f1c4",
    "color" : "#000000",
    "position" : {
      "x" : 2.618034,
      "y" : 4.236068,
      "z" : -1.618034
    }
  }, {
    "shape" : "fe08f5f5-4e26-4953-b148-3d3387c6a271",
    "color" : "#008EC2",
    "position" : {
      "x" : 0.0,
      "y" : -2.618034,
      "z" : -6.854102
    },
    "orientation" : 45
  }, {
    "shape" : "005388d5-1460-4116-95de-69ab0524f1c4",
    "color" : "#F2F2F2",
    "position" : {
      "x" : -2.618034,
      "y" : 6.854102,
      "z" : 5.236068
    }
  }, {
    "shape" : "005388d5-1460-4116-95de-69ab0524f1c4",
    "color" : "#F2F2F2",
    "position" : {
      "x" : 0.0,
      "y" : -1.309017,
      "z" : -3.427051
    }
  }, {
    "shape" : "232f2999-b762-48d5-9e09-09edefbe9823",
    "color" : "#FFB31A",
    "position" : {
      "x" : -5.236068,
      "y" : 0.0,
      "z" : 0.0
    },
    "orientation" : 7
  }, {
    "shape" : "005388d5-1460-4116-95de-69ab0524f1c4",
    "color" : "#F2F2F2",
    "position" : {
      "x" : -2.618034,
      "y" : -1.618034,
      "z" : 8.472136
    }
  }, {
    "shape" : "232f2999-b762-48d5-9e09-09edefbe9823",
    "color" : "#FFB31A",
    "position" : {
      "x" : 5.236068,
      "y" : 0.0,
      "z" : 0.0
    },
    "orientation" : 7
  }, {
    "shape" : "005388d5-1460-4116-95de-69ab0524f1c4",
    "color" : "#F2F2F2",
    "position" : {
      "x" : -2.618034,
      "y" : 1.618034,
      "z" : -8.472136
    }
  }, {
    "shape" : "fe08f5f5-4e26-4953-b148-3d3387c6a271",
    "color" : "#008EC2",
    "position" : {
      "x" : 0.0,
      "y" : 0.0,
      "z" : 0.0
    },
    "orientation" : 0
  }, {
    "shape" : "fe08f5f5-4e26-4953-b148-3d3387c6a271",
    "color" : "#008EC2",
    "position" : {
      "x" : 2.618034,
      "y" : -1.618034,
      "z" : 8.472136
    },
    "orientation" : 54
  } ],
  "scenes" : [ {
    "title" : "Hexagonal 1",
    "content" : "Parts\n14 White Balls\n7  Y1\n24 B0",
    "view" : {
      "lookDirection" : {
        "x" : -0.7905694,
        "y" : -0.5720614,
        "z" : -0.21850802
      },
      "lookAtPoint" : {
        "x" : 0.0,
        "y" : 0.0,
        "z" : 0.0
      },
      "upDirection" : {
        "x" : -0.35355338,
        "y" : 0.13504541,
        "z" : 0.9256147
      },
      "stereo" : false,
      "perspective" : false,
      "viewDistance" : 89.02164,
      "farClipDistance" : 178.04327,
      "fieldOfView" : 0.44262883,
      "nearClipDistance" : 0.22255409,
      "position" : {
        "x" : 70.377785,
        "y" : 50.925842,
        "z" : 19.451942
      },
      "width" : 40.05973
    },
    "snapshot" : 1
  }, {
    "title" : "Hexagonal Magnetic 1",
    "content" : "Parts\n14 White Balls\n7 Black Balls\n14 Y1\n36 B0",
    "view" : {
      "lookDirection" : {
        "x" : -0.7905694,
        "y" : -0.5720614,
        "z" : -0.21850802
      },
      "lookAtPoint" : {
        "x" : 0.0,
        "y" : 0.0,
        "z" : 0.0
      },
      "upDirection" : {
        "x" : -0.35355338,
        "y" : 0.13504541,
        "z" : 0.9256147
      },
      "stereo" : false,
      "perspective" : false,
      "viewDistance" : 89.02164,
      "farClipDistance" : 178.04327,
      "fieldOfView" : 0.44262883,
      "nearClipDistance" : 0.22255409,
      "position" : {
        "x" : 70.377785,
        "y" : 50.925842,
        "z" : 19.451942
      },
      "width" : 40.05973
    },
    "snapshot" : 4
  } ],
  "snapshots" : [ [ {
    "shape" : "fe08f5f5-4e26-4953-b148-3d3387c6a271",
    "color" : "#008EC2",
    "position" : {
      "x" : 2.618034,
      "y" : -2.927051,
      "z" : 5.045085
    },
    "orientation" : 6
  }, {
    "shape" : "fe08f5f5-4e26-4953-b148-3d3387c6a271",
    "color" : "#008EC2",
    "position" : {
      "x" : 2.618034,
      "y" : 2.927051,
      "z" : -5.045085
    },
    "orientation" : 21
  }, {
    "shape" : "005388d5-1460-4116-95de-69ab0524f1c4",
    "color" : "#F2F2F2",
    "position" : {
      "x" : 0.0,
      "y" : -1.309017,
      "z" : -3.427051
    },
    "orientation" : 0
  }, {
    "shape" : "fe08f5f5-4e26-4953-b148-3d3387c6a271",
    "color" : "#008EC2",
    "position" : {
      "x" : 0.0,
      "y" : -1.309017,
      "z" : -3.427051
    },
    "orientation" : 0
  }, {
    "shape" : "232f2999-b762-48d5-9e09-09edefbe9823",
    "color" : "#FFB31A",
    "position" : {
      "x" : 2.618034,
      "y" : 5.545085,
      "z" : 1.809017
    },
    "orientation" : 22
  }, {
    "shape" : "232f2999-b762-48d5-9e09-09edefbe9823",
    "color" : "#FFB31A",
    "position" : {
      "x" : 5.236068,
      "y" : 1.309017,
      "z" : 3.427051
    },
    "orientation" : 22
  }, {
    "shape" : "fe08f5f5-4e26-4953-b148-3d3387c6a271",
    "color" : "#008EC2",
    "position" : {
      "x" : 0.0,
      "y" : 1.309017,
      "z" : 3.427051
    },
    "orientation" : 0
  }, {
    "shape" : "fe08f5f5-4e26-4953-b148-3d3387c6a271",
    "color" : "#008EC2",
    "position" : {
      "x" : 0.0,
      "y" : -1.309017,
      "z" : -3.427051
    },
    "orientation" : 54
  }, {
    "shape" : "fe08f5f5-4e26-4953-b148-3d3387c6a271",
    "color" : "#008EC2",
    "position" : {
      "x" : 5.236068,
      "y" : 1.309017,
      "z" : 3.427051
    },
    "orientation" : 54
  }, {
    "shape" : "005388d5-1460-4116-95de-69ab0524f1c4",
    "color" : "#F2F2F2",
    "position" : {
      "x" : 5.236068,
      "y" : -1.309017,
      "z" : -3.427051
    },
    "orientation" : 0
  }, {
    "shape" : "005388d5-1460-4116-95de-69ab0524f1c4",
    "color" : "#F2F2F2",
    "position" : {
      "x" : 2.618034,
      "y" : -5.545085,
      "z" : -1.809017
    },
    "orientation" : 0
  }, {
    "shape" : "005388d5-1460-4116-95de-69ab0524f1c4",
    "color" : "#F2F2F2",
    "position" : {
      "x" : 2.618034,
      "y" : -2.927051,
      "z" : 5.045085
    },
    "orientation" : 0
  }, {
    "shape" : "005388d5-1460-4116-95de-69ab0524f1c4",
    "color" : "#F2F2F2",
    "position" : {
      "x" : -2.618034,
      "y" : -5.545085,
      "z" : -1.809017
    },
    "orientation" : 0
  }, {
    "shape" : "232f2999-b762-48d5-9e09-09edefbe9823",
    "color" : "#FFB31A",
    "position" : {
      "x" : -5.236068,
      "y" : 1.309017,
      "z" : 3.427051
    },
    "orientation" : 22
  }, {
    "shape" : "fe08f5f5-4e26-4953-b148-3d3387c6a271",
    "color" : "#008EC2",
    "position" : {
      "x" : 5.236068,
      "y" : -1.309017,
      "z" : -3.427051
    },
    "orientation" : 39
  }, {
    "shape" : "fe08f5f5-4e26-4953-b148-3d3387c6a271",
    "color" : "#008EC2",
    "position" : {
      "x" : 0.0,
      "y" : -1.309017,
      "z" : -3.427051
    },
    "orientation" : 39
  }, {
    "shape" : "fe08f5f5-4e26-4953-b148-3d3387c6a271",
    "color" : "#008EC2",
    "position" : {
      "x" : -2.618034,
      "y" : -2.927051,
      "z" : 5.045085
    },
    "orientation" : 0
  }, {
    "shape" : "fe08f5f5-4e26-4953-b148-3d3387c6a271",
    "color" : "#008EC2",
    "position" : {
      "x" : 0.0,
      "y" : 1.309017,
      "z" : 3.427051
    },
    "orientation" : 39
  }, {
    "shape" : "232f2999-b762-48d5-9e09-09edefbe9823",
    "color" : "#FFB31A",
    "position" : {
      "x" : -2.618034,
      "y" : -2.927051,
      "z" : 5.045085
    },
    "orientation" : 22
  }, {
    "shape" : "fe08f5f5-4e26-4953-b148-3d3387c6a271",
    "color" : "#008EC2",
    "position" : {
      "x" : -2.618034,
      "y" : 2.927051,
      "z" : -5.045085
    },
    "orientation" : 0
  }, {
    "shape" : "005388d5-1460-4116-95de-69ab0524f1c4",
    "color" : "#F2F2F2",
    "position" : {
      "x" : -2.618034,
      "y" : -2.927051,
      "z" : 5.045085
    },
    "orientation" : 0
  }, {
    "shape" : "fe08f5f5-4e26-4953-b148-3d3387c6a271",
    "color" : "#008EC2",
    "position" : {
      "x" : -5.236068,
      "y" : 1.309017,
      "z" : 3.427051
    },
    "orientation" : 21
  }, {
    "shape" : "232f2999-b762-48d5-9e09-09edefbe9823",
    "color" : "#FFB31A",
    "position" : {
      "x" : 0.0,
      "y" : 1.309017,
      "z" : 3.427051
    },
    "orientation" : 22
  }, {
    "shape" : "fe08f5f5-4e26-4953-b148-3d3387c6a271",
    "color" : "#008EC2",
    "position" : {
      "x" : -5.236068,
      "y" : -1.309017,
      "z" : -3.427051
    },
    "orientation" : 6
  }, {
    "shape" : "fe08f5f5-4e26-4953-b148-3d3387c6a271",
    "color" : "#008EC2",
    "position" : {
      "x" : 0.0,
      "y" : -1.309017,
      "z" : -3.427051
    },
    "orientation" : 6
  }, {
    "shape" : "fe08f5f5-4e26-4953-b148-3d3387c6a271",
    "color" : "#008EC2",
    "position" : {
      "x" : 0.0,
      "y" : 1.309017,
      "z" : 3.427051
    },
    "orientation" : 6
  }, {
    "shape" : "005388d5-1460-4116-95de-69ab0524f1c4",
    "color" : "#F2F2F2",
    "position" : {
      "x" : -2.618034,
      "y" : 5.545085,
      "z" : 1.809017
    },
    "orientation" : 0
  }, {
    "shape" : "fe08f5f5-4e26-4953-b148-3d3387c6a271",
    "color" : "#008EC2",
    "position" : {
      "x" : -2.618034,
