{
  "polygons" : "true",
  "field" : "snubDodec",
  "symmetry" : "icosahedral",
  "orientations" : [ [ 1.0, 0.0, 0.0, 0.0, 0.0, 1.0, 0.0, 0.0, 0.0, 0.0, 1.0, 0.0, 0.0, 0.0, 0.0, 1.0 ], [ 0.0, 0.0, 1.0, 0.0, 1.0, 0.0, 0.0, 0.0, 0.0, 1.0, 0.0, 0.0, 0.0, 0.0, 0.0, 1.0 ], [ 0.0, 1.0, 0.0, 0.0, 0.0, 0.0, 1.0, 0.0, 1.0, 0.0, 0.0, 0.0, 0.0, 0.0, 0.0, 1.0 ], [ 0.809017, 0.309017, 0.5, 0.0, 0.309017, 0.5, -0.809017, 0.0, -0.5, 0.809017, 0.309017, 0.0, 0.0, 0.0, 0.0, 1.0 ], [ -0.5, 0.809017, 0.309017, 0.0, 0.809017, 0.309017, 0.5, 0.0, 0.309017, 0.5, -0.809017, 0.0, 0.0, 0.0, 0.0, 1.0 ], [ 0.309017, 0.5, -0.809017, 0.0, -0.5, 0.809017, 0.309017, 0.0, 0.809017, 0.309017, 0.5, 0.0, 0.0, 0.0, 0.0, 1.0 ], [ 0.5, 0.809017, 0.309017, 0.0, 0.809017, -0.309017, -0.5, 0.0, -0.309017, 0.5, -0.809017, 0.0, 0.0, 0.0, 0.0, 1.0 ], [ -0.309017, 0.5, -0.809017, 0.0, 0.5, 0.809017, 0.309017, 0.0, 0.809017, -0.309017, -0.5, 0.0, 0.0, 0.0, 0.0, 1.0 ], [ 0.809017, -0.309017, -0.5, 0.0, -0.309017, 0.5, -0.809017, 0.0, 0.5, 0.809017, 0.309017, 0.0, 0.0, 0.0, 0.0, 1.0 ], [ 0.5, 0.809017, -0.309017, 0.0, 0.809017, -0.309017, 0.5, 0.0, 0.309017, -0.5, -0.809017, 0.0, 0.0, 0.0, 0.0, 1.0 ], [ 0.309017, -0.5, -0.809017, 0.0, 0.5, 0.809017, -0.309017, 0.0, 0.809017, -0.309017, 0.5, 0.0, 0.0, 0.0, 0.0, 1.0 ], [ 0.809017, -0.309017, 0.5, 0.0, 0.309017, -0.5, -0.809017, 0.0, 0.5, 0.809017, -0.309017, 0.0, 0.0, 0.0, 0.0, 1.0 ], [ 0.809017, 0.309017, -0.5, 0.0, 0.309017, 0.5, 0.809017, 0.0, 0.5, -0.809017, 0.309017, 0.0, 0.0, 0.0, 0.0, 1.0 ], [ 0.5, -0.809017, 0.309017, 0.0, 0.809017, 0.309017, -0.5, 0.0, 0.309017, 0.5, 0.809017, 0.0, 0.0, 0.0, 0.0, 1.0 ], [ 0.309017, 0.5, 0.809017, 0.0, 0.5, -0.809017, 0.309017, 0.0, 0.809017, 0.309017, -0.5, 0.0, 0.0, 0.0, 0.0, 1.0 ], [ 1.0, 0.0, 0.0, 0.0, 0.0, -1.0, 0.0, 0.0, 0.0, 0.0, -1.0, 0.0, 0.0, 0.0, 0.0, 1.0 ], [ 0.0, 0.0, 1.0, 0.0, -1.0, 0.0, 0.0, 0.0, 0.0, -1.0, 0.0, 0.0, 0.0, 0.0, 0.0, 1.0 ], [ 0.0, 1.0, 0.0, 0.0, 0.0, 0.0, -1.0, 0.0, -1.0, 0.0, 0.0, 0.0, 0.0, 0.0, 0.0, 1.0 ], [ 0.809017, 0.309017, 0.5, 0.0, -0.309017, -0.5, 0.809017, 0.0, 0.5, -0.809017, -0.309017, 0.0, 0.0, 0.0, 0.0, 1.0 ], [ -0.5, 0.809017, 0.309017, 0.0, -0.809017, -0.309017, -0.5, 0.0, -0.309017, -0.5, 0.809017, 0.0, 0.0, 0.0, 0.0, 1.0 ], [ 0.309017, 0.5, -0.809017, 0.0, 0.5, -0.809017, -0.309017, 0.0, -0.809017, -0.309017, -0.5, 0.0, 0.0, 0.0, 0.0, 1.0 ], [ 0.5, 0.809017, 0.309017, 0.0, -0.809017, 0.309017, 0.5, 0.0, 0.309017, -0.5, 0.809017, 0.0, 0.0, 0.0, 0.0, 1.0 ], [ -0.309017, 0.5, -0.809017, 0.0, -0.5, -0.809017, -0.309017, 0.0, -0.809017, 0.309017, 0.5, 0.0, 0.0, 0.0, 0.0, 1.0 ], [ 0.809017, -0.309017, -0.5, 0.0, 0.309017, -0.5, 0.809017, 0.0, -0.5, -0.809017, -0.309017, 0.0, 0.0, 0.0, 0.0, 1.0 ], [ 0.5, 0.809017, -0.309017, 0.0, -0.809017, 0.309017, -0.5, 0.0, -0.309017, 0.5, 0.809017, 0.0, 0.0, 0.0, 0.0, 1.0 ], [ 0.309017, -0.5, -0.809017, 0.0, -0.5, -0.809017, 0.309017, 0.0, -0.809017, 0.309017, -0.5, 0.0, 0.0, 0.0, 0.0, 1.0 ], [ 0.809017, -0.309017, 0.5, 0.0, -0.309017, 0.5, 0.809017, 0.0, -0.5, -0.809017, 0.309017, 0.0, 0.0, 0.0, 0.0, 1.0 ], [ 0.809017, 0.309017, -0.5, 0.0, -0.309017, -0.5, -0.809017, 0.0, -0.5, 0.809017, -0.309017, 0.0, 0.0, 0.0, 0.0, 1.0 ], [ 0.5, -0.809017, 0.309017, 0.0, -0.809017, -0.309017, 0.5, 0.0, -0.309017, -0.5, -0.809017, 0.0, 0.0, 0.0, 0.0, 1.0 ], [ 0.309017, 0.5, 0.809017, 0.0, -0.5, 0.809017, -0.309017, 0.0, -0.809017, -0.309017, 0.5, 0.0, 0.0, 0.0, 0.0, 1.0 ], [ -1.0, 0.0, 0.0, 0.0, 0.0, -1.0, 0.0, 0.0, 0.0, 0.0, 1.0, 0.0, 0.0, 0.0, 0.0, 1.0 ], [ 0.0, 0.0, -1.0, 0.0, -1.0, 0.0, 0.0, 0.0, 0.0, 1.0, 0.0, 0.0, 0.0, 0.0, 0.0, 1.0 ], [ 0.0, -1.0, 0.0, 0.0, 0.0, 0.0, -1.0, 0.0, 1.0, 0.0, 0.0, 0.0, 0.0, 0.0, 0.0, 1.0 ], [ -0.809017, -0.309017, -0.5, 0.0, -0.309017, -0.5, 0.809017, 0.0, -0.5, 0.809017, 0.309017, 0.0, 0.0, 0.0, 0.0, 1.0 ], [ 0.5, -0.809017, -0.309017, 0.0, -0.809017, -0.309017, -0.5, 0.0, 0.309017, 0.5, -0.809017, 0.0, 0.0, 0.0, 0.0, 1.0 ], [ -0.309017, -0.5, 0.809017, 0.0, 0.5, -0.809017, -0.309017, 0.0, 0.809017, 0.309017, 0.5, 0.0, 0.0, 0.0, 0.0, 1.0 ], [ -0.5, -0.809017, -0.309017, 0.0, -0.809017, 0.309017, 0.5, 0.0, -0.309017, 0.5, -0.809017, 0.0, 0.0, 0.0, 0.0, 1.0 ], [ 0.309017, -0.5, 0.809017, 0.0, -0.5, -0.809017, -0.309017, 0.0, 0.809017, -0.309017, -0.5, 0.0, 0.0, 0.0, 0.0, 1.0 ], [ -0.809017, 0.309017, 0.5, 0.0, 0.309017, -0.5, 0.809017, 0.0, 0.5, 0.809017, 0.309017, 0.0, 0.0, 0.0, 0.0, 1.0 ], [ -0.5, -0.809017, 0.309017, 0.0, -0.809017, 0.309017, -0.5, 0.0, 0.309017, -0.5, -0.809017, 0.0, 0.0, 0.0, 0.0, 1.0 ], [ -0.309017, 0.5, 0.809017, 0.0, -0.5, -0.809017, 0.309017, 0.0, 0.809017, -0.309017, 0.5, 0.0, 0.0, 0.0, 0.0, 1.0 ], [ -0.809017, 0.309017, -0.5, 0.0, -0.309017, 0.5, 0.809017, 0.0, 0.5, 0.809017, -0.309017, 0.0, 0.0, 0.0, 0.0, 1.0 ], [ -0.809017, -0.309017, 0.5, 0.0, -0.309017, -0.5, -0.809017, 0.0, 0.5, -0.809017, 0.309017, 0.0, 0.0, 0.0, 0.0, 1.0 ], [ -0.5, 0.809017, -0.309017, 0.0, -0.809017, -0.309017, 0.5, 0.0, 0.309017, 0.5, 0.809017, 0.0, 0.0, 0.0, 0.0, 1.0 ], [ -0.309017, -0.5, -0.809017, 0.0, -0.5, 0.809017, -0.309017, 0.0, 0.809017, 0.309017, -0.5, 0.0, 0.0, 0.0, 0.0, 1.0 ], [ -1.0, 0.0, 0.0, 0.0, 0.0, 1.0, 0.0, 0.0, 0.0, 0.0, -1.0, 0.0, 0.0, 0.0, 0.0, 1.0 ], [ 0.0, 0.0, -1.0, 0.0, 1.0, 0.0, 0.0, 0.0, 0.0, -1.0, 0.0, 0.0, 0.0, 0.0, 0.0, 1.0 ], [ 0.0, -1.0, 0.0, 0.0, 0.0, 0.0, 1.0, 0.0, -1.0, 0.0, 0.0, 0.0, 0.0, 0.0, 0.0, 1.0 ], [ -0.809017, -0.309017, -0.5, 0.0, 0.309017, 0.5, -0.809017, 0.0, 0.5, -0.809017, -0.309017, 0.0, 0.0, 0.0, 0.0, 1.0 ], [ 0.5, -0.809017, -0.309017, 0.0, 0.809017, 0.309017, 0.5, 0.0, -0.309017, -0.5, 0.809017, 0.0, 0.0, 0.0, 0.0, 1.0 ], [ -0.309017, -0.5, 0.809017, 0.0, -0.5, 0.809017, 0.309017, 0.0, -0.809017, -0.309017, -0.5, 0.0, 0.0, 0.0, 0.0, 1.0 ], [ -0.5, -0.809017, -0.309017, 0.0, 0.809017, -0.309017, -0.5, 0.0, 0.309017, -0.5, 0.809017, 0.0, 0.0, 0.0, 0.0, 1.0 ], [ 0.309017, -0.5, 0.809017, 0.0, 0.5, 0.809017, 0.309017, 0.0, -0.809017, 0.309017, 0.5, 0.0, 0.0, 0.0, 0.0, 1.0 ], [ -0.809017, 0.309017, 0.5, 0.0, -0.309017, 0.5, -0.809017, 0.0, -0.5, -0.809017, -0.309017, 0.0, 0.0, 0.0, 0.0, 1.0 ], [ -0.5, -0.809017, 0.309017, 0.0, 0.809017, -0.309017, 0.5, 0.0, -0.309017, 0.5, 0.809017, 0.0, 0.0, 0.0, 0.0, 1.0 ], [ -0.309017, 0.5, 0.809017, 0.0, 0.5, 0.809017, -0.309017, 0.0, -0.809017, 0.309017, -0.5, 0.0, 0.0, 0.0, 0.0, 1.0 ], [ -0.809017, 0.309017, -0.5, 0.0, 0.309017, -0.5, -0.809017, 0.0, -0.5, -0.809017, 0.309017, 0.0, 0.0, 0.0, 0.0, 1.0 ], [ -0.809017, -0.309017, 0.5, 0.0, 0.309017, 0.5, 0.809017, 0.0, -0.5, 0.809017, -0.309017, 0.0, 0.0, 0.0, 0.0, 1.0 ], [ -0.5, 0.809017, -0.309017, 0.0, 0.809017, 0.309017, -0.5, 0.0, -0.309017, -0.5, -0.809017, 0.0, 0.0, 0.0, 0.0, 1.0 ], [ -0.309017, -0.5, -0.809017, 0.0, 0.5, -0.809017, 0.309017, 0.0, -0.809017, -0.309017, 0.5, 0.0, 0.0, 0.0, 0.0, 1.0 ] ],
  "lights" : {
    "directionalLights" : [ {
      "direction" : [ 1.0, -1.0, -1.0 ],
      "color" : "#EBEBE4"
    }, {
      "direction" : [ -1.0, 0.0, 0.0 ],
      "color" : "#E4E4EB"
    }, {
      "direction" : [ 0.0, 0.0, -1.0 ],
      "color" : "#1E1E1E"
    } ],
    "ambientColor" : "#292929",
    "backgroundColor" : "#AFC8DC"
  },
  "camera" : {
    "lookAtPoint" : {
      "x" : 0.0,
      "y" : 0.0,
      "z" : 0.0
    },
    "lookDirection" : {
      "x" : 0.0,
      "y" : 0.0,
      "z" : -1.0
    },
    "upDirection" : {
      "x" : 0.0,
      "y" : 1.0,
      "z" : 0.0
    },
    "stereo" : false,
    "farClipDistance" : 161.10066,
    "position" : {
      "x" : 0.0,
      "y" : 0.0,
      "z" : 80.55011
    },
    "width" : 36.24771,
    "lookDirectionRV" : {
      "x" : 0.0,
      "y" : 0.0,
      "z" : -1.0,
      "zero" : false
    },
    "fieldOfView" : 0.4426308,
    "viewDistance" : 80.55011,
    "perspective" : false,
    "upDirectionRV" : {
      "x" : 0.0,
      "y" : 1.0,
      "z" : 0.0,
      "zero" : false
    },
    "lookAtPointRV" : {
      "x" : 0.0,
      "y" : 0.0,
      "z" : 0.0,
      "zero" : true
    },
    "nearClipDistance" : 0.20137551
  },
  "embedding" : [ 1.0, 0.0, 0.0, 0.0, 0.0, 1.0, 0.0, 0.0, 0.0, 0.0, 1.0, 0.0, 0.0, 0.0, 0.0, 1.0 ],
  "shapes" : [ {
    "id" : "0ed17914-1a06-4716-9ec8-9e0d1ef4d104",
    "vertices" : [ {
      "x" : 0.0,
      "y" : 0.0,
      "z" : 0.0
    }, {
      "x" : 2.6480305,
      "y" : -2.3378823,
      "z" : 0.0
    }, {
      "x" : 3.3294058,
      "y" : 1.1024884,
      "z" : -0.42111307
    } ],
    "faces" : [ {
      "vertices" : [ 0, 1, 2 ]
    }, {
      "vertices" : [ 0, 2, 1 ]
    } ]
  }, {
    "id" : "c82212cf-e3b8-4c26-b763-a894b2e481e3",
    "vertices" : [ {
      "x" : 0.0,
      "y" : 0.0,
      "z" : 0.0
    }, {
      "x" : -3.3294058,
      "y" : -1.1024884,
      "z" : 0.42111307
    }, {
      "x" : -0.68137527,
      "y" : -3.4403708,
      "z" : 0.42111307
    } ],
    "faces" : [ {
      "vertices" : [ 0, 1, 2 ]
    }, {
      "vertices" : [ 0, 2, 1 ]
    } ]
  }, {
    "id" : "f5afad15-758a-49b8-970e-9d5e0f71cdaf",
    "vertices" : [ {
      "x" : 0.0,
      "y" : 0.0,
      "z" : 0.0
    }, {
      "x" : 0.68137527,
      "y" : 3.4403708,
      "z" : -0.42111307
    }, {
      "x" : -2.6480305,
      "y" : 2.3378823,
      "z" : 0.0
    } ],
    "faces" : [ {
      "vertices" : [ 0, 1, 2 ]
    }, {
      "vertices" : [ 0, 2, 1 ]
    } ]
  }, {
    "id" : "063bf0e6-ae40-4d06-b3a9-e3b1f43cca9b",
    "vertices" : [ {
      "x" : 0.0,
      "y" : 0.0,
      "z" : 0.0
    }, {
      "x" : 1.2393996,
      "y" : 0.64263994,
      "z" : 3.24479
    }, {
      "x" : 0.8182864,
      "y" : -2.686766,
      "z" : 2.1423016
    } ],
    "faces" : [ {
      "vertices" : [ 0, 1, 2 ]
    }, {
      "vertices" : [ 0, 2, 1 ]
    } ]
  }, {
    "id" : "dc2dfaa3-42e1-458a-9327-f56fccf60c60",
    "vertices" : [ {
      "x" : 0.0,
      "y" : 0.0,
      "z" : 0.0
    }, {
      "x" : -1.5900543,
      "y" : 2.5727618,
      "z" : -1.8249338
    }, {
      "x" : -2.993875,
      "y" : 4.8441916,
      "z" : 0.4875659
    }, {
      "x" : -2.2714295,
      "y" : 3.6752503,
      "z" : 3.741703
    }, {
      "x" : -0.42111307,
      "y" : 0.68137527,
      "z" : 3.4403708
    } ],
    "faces" : [ {
      "vertices" : [ 0, 1, 2, 3, 4 ]
    }, {
      "vertices" : [ 0, 4, 3, 2, 1 ]
    } ]
  }, {
    "id" : "5d3a1335-b9e4-4c01-a20f-7e05738db5ca",
    "vertices" : [ {
      "x" : 0.0,
      "y" : 0.0,
      "z" : 0.0
    }, {
      "x" : 1.8503165,
      "y" : -2.993875,
      "z" : -0.3013323
    }, {
      "x" : 2.2714295,
      "y" : -3.6752503,
      "z" : -3.741703
    }, {
      "x" : 0.68137527,
      "y" : -1.1024884,
      "z" : -5.566637
    }, {
      "x" : -0.72244537,
      "y" : 1.1689411,
      "z" : -3.254137
    } ],
    "faces" : [ {
      "vertices" : [ 0, 1, 2, 3, 4 ]
    }, {
      "vertices" : [ 0, 4, 3, 2, 1 ]
    } ]
  }, {
    "id" : "997a20ab-fa3a-4125-89d8-49bf5040be0e",
    "vertices" : [ {
      "x" : 0.0,
      "y" : 0.0,
      "z" : 0.0
    }, {
      "x" : -0.8182864,
      "y" : 2.686766,
      "z" : -2.1423016
    }, {
      "x" : 0.42111307,
      "y" : 3.3294058,
      "z" : 1.1024884
    } ],
    "faces" : [ {
      "vertices" : [ 0, 1, 2 ]
    }, {
      "vertices" : [ 0, 2, 1 ]
    } ]
  }, {
    "id" : "a505e109-0ec8-4573-a349-5d868b31d440",
    "vertices" : [ {
      "x" : 0.0,
      "y" : 0.0,
      "z" : 0.0
    }, {
      "x" : -0.42111307,
      "y" : -3.3294058,
      "z" : -1.1024884
    }, {
      "x" : -1.2393996,
      "y" : -0.64263994,
      "z" : -3.24479
    } ],
    "faces" : [ {
      "vertices" : [ 0, 1, 2 ]
    }, {
      "vertices" : [ 0, 2, 1 ]
    } ]
  }, {
    "id" : "fd70668f-a6e5-482b-a254-40296ac6cbdc",
    "vertices" : [ {
      "x" : 0.0,
      "y" : 0.0,
      "z" : 0.0
    }, {
      "x" : 0.72244537,
      "y" : -1.1689411,
      "z" : 3.254137
    }, {
      "x" : 2.5727618,
      "y" : -4.162816,
      "z" : 2.9528048
    }, {
      "x" : 2.993875,
      "y" : -4.8441916,
      "z" : -0.4875659
    }, {
      "x" : 1.4038206,
      "y" : -2.2714295,
      "z" : -2.3124998
    } ],
    "faces" : [ {
      "vertices" : [ 0, 1, 2, 3, 4 ]
    }, {
      "vertices" : [ 0, 4, 3, 2, 1 ]
    } ]
  }, {
    "id" : "3457baea-0c9e-4c35-b922-ce456c8277fd",
    "vertices" : [ {
      "x" : 0.0,
      "y" : 0.0,
      "z" : 0.0
    }, {
      "x" : -1.4038206,
      "y" : 2.2714295,
      "z" : 2.3124998
    }, {
      "x" : -0.68137527,
      "y" : 1.1024884,
      "z" : 5.566637
    }, {
      "x" : 1.1689411,
      "y" : -1.8913866,
      "z" : 5.2653046
    }, {
      "x" : 1.5900543,
      "y" : -2.5727618,
      "z" : 1.8249338
    } ],
    "faces" : [ {
      "vertices" : [ 0, 1, 2, 3, 4 ]
    }, {
      "vertices" : [ 0, 4, 3, 2, 1 ]
    } ]
  }, {
    "id" : "4f25de00-0ffe-473d-bbde-b3fa1e9d250f",
    "vertices" : [ {
      "x" : 0.0,
      "y" : 0.0,
      "z" : 0.0
    }, {
      "x" : 0.42111307,
      "y" : -0.68137527,
      "z" : -3.4403708
    }, {
      "x" : -1.1689411,
      "y" : 1.8913866,
      "z" : -5.2653046
    }, {
      "x" : -2.5727618,
      "y" : 4.162816,
      "z" : -2.9528048
    }, {
      "x" : -1.8503165,
      "y" : 2.993875,
      "z" : 0.3013323
    } ],
    "faces" : [ {
      "vertices" : [ 0, 1, 2, 3, 4 ]
    }, {
      "vertices" : [ 0, 4, 3, 2, 1 ]
    } ]
  }, {
    "id" : "ed865f77-35f7-40fb-91dc-fb5055753be0",
    "orbit" : "snubDiagonal",
    "orbitC" : "[[4,5,-18,16,-20,8,11],[21,-15,-34,18,-28,20,11]]",
    "length" : "[9,18,0,0,-3,-6,2]",
    "name" : " :9/2 +9*phi -3/2*xi^2 -3*phi*xi^2",
    "vertices" : [ {
      "x" : 2.1917274,
      "y" : -1.6761651,
      "z" : 0.13333334
    }, {
      "x" : 2.2917275,
      "y" : -1.7761651,
      "z" : -0.26666668
    }, {
      "x" : 0.45630294,
      "y" : -0.6617173,
      "z" : -0.13333334
    }, {
      "x" : 0.35630295,
      "y" : -0.5617173,
      "z" : 0.26666668
    }, {
      "x" : 2.0583942,
      "y" : -2.0761652,
      "z" : -0.13333334
    }, {
      "x" : 1.9583942,
      "y" : -1.976165,
      "z" : 0.26666668
    }, {
      "x" : 0.58963627,
      "y" : -0.2617173,
      "z" : 0.13333334
    }, {
      "x" : 0.6896363,
      "y" : -0.36171728,
      "z" : -0.26666668
    } ],
    "faces" : [ {
      "vertices" : [ 2, 3, 6, 7 ]
    }, {
      "vertices" : [ 0, 5, 4, 1 ]
    }, {
      "vertices" : [ 2, 4, 5, 3 ]
    }, {
      "vertices" : [ 0, 6, 3, 5 ]
    }, {
      "vertices" : [ 0, 1, 7, 6 ]
    }, {
      "vertices" : [ 1, 4, 2, 7 ]
    } ]
  }, {
    "id" : "71f60974-0b28-40f1-a4f2-f71a3d178889",
    "orbit" : "snubTriangle",
    "orbitC" : "[[72,9,4,36,-48,-6,71],[135,-63,-28,32,-90,42,71]]",
    "length" : "[9,18,0,0,-3,-6,2]",
    "name" : " :9/2 +9*phi -3/2*xi^2 -3*phi*xi^2",
    "vertices" : [ {
      "x" : 0.15663984,
      "y" : -1.8500273,
      "z" : -2.2267208
    }, {
      "x" : -0.24336015,
      "y" : -1.7500274,
      "z" : -2.126721
    }, {
      "x" : -0.293551,
      "y" : -0.5764762,
      "z" : -0.33669388
    }, {
      "x" : 0.106449015,
      "y" : -0.67647624,
      "z" : -0.43669388
    }, {
      "x" : -0.3766935,
      "y" : -2.0500274,
      "z" : -1.8933876
    }, {
      "x" : 0.023306519,
      "y" : -2.1500273,
      "z" : -1.9933876
    }, {
      "x" : 0.23978235,
      "y" : -0.37647623,
      "z" : -0.6700272
    }, {
      "x" : -0.16021766,
      "y" : -0.27647623,
      "z" : -0.57002723
    } ],
    "faces" : [ {
      "vertices" : [ 2, 3, 6, 7 ]
    }, {
      "vertices" : [ 0, 5, 4, 1 ]
    }, {
      "vertices" : [ 2, 4, 5, 3 ]
    }, {
      "vertices" : [ 0, 6, 3, 5 ]
    }, {
      "vertices" : [ 0, 1, 7, 6 ]
    }, {
      "vertices" : [ 1, 4, 2, 7 ]
    } ]
  }, {
    "id" : "471147f9-4da3-4190-8f18-a6ed6727c5b7",
    "orbit" : "snubPentagon",
    "orbitC" : "[[-38,23,6,-4,20,-12,1],[23,-15,-4,2,-12,8,1]]",
    "length" : "[9,18,0,0,-3,-6,2]",
    "name" : " :9/2 +9*phi -3/2*xi^2 -3*phi*xi^2",
    "vertices" : [ {
      "x" : 0.4705936,
      "y" : 0.3456986,
      "z" : 2.8219845
    }, {
      "x" : 0.07059362,
      "y" : 0.4456986,
      "z" : 2.9219847
    }, {
      "x" : -0.04948053,
      "y" : 0.33567667,
      "z" : 0.6183862
    }, {
      "x" : 0.35051948,
      "y" : 0.23567668,
      "z" : 0.5183862
    }, {
      "x" : 0.20392695,
      "y" : 0.7456986,
      "z" : 2.6886513
    }, {
      "x" : 0.60392696,
      "y" : 0.6456986,
      "z" : 2.5886512
    }, {
      "x" : 0.21718614,
      "y" : -0.06432332,
      "z" : 0.75171953
    }, {
      "x" : -0.18281387,
      "y" : 0.035676684,
      "z" : 0.85171956
    } ],
    "faces" : [ {
      "vertices" : [ 2, 3, 6, 7 ]
    }, {
      "vertices" : [ 0, 5, 4, 1 ]
    }, {
      "vertices" : [ 2, 4, 5, 3 ]
    }, {
      "vertices" : [ 0, 6, 3, 5 ]
    }, {
      "vertices" : [ 0, 1, 7, 6 ]
    }, {
      "vertices" : [ 1, 4, 2, 7 ]
    } ]
  }, {
    "id" : "bb5904b1-a08a-41b9-a89b-39b02436b08d",
    "name" : "ball",
    "vertices" : [ {
      "x" : 0.309017,
      "y" : -0.309017,
      "z" : -0.309017
    }, {
      "x" : 0.5,
      "y" : 0.0,
      "z" : -0.19098301
    }, {
      "x" : 0.5,
      "y" : 0.0,
      "z" : 0.19098301
    }, {
      "x" : 0.309017,
      "y" : -0.309017,
      "z" : 0.309017
    }, {
      "x" : 0.19098301,
      "y" : -0.5,
      "z" : 0.0
    }, {
      "x" : 0.0,
      "y" : 0.19098301,
      "z" : 0.5
    }, {
      "x" : 0.0,
      "y" : -0.19098301,
      "z" : 0.5
    }, {
      "x" : 0.309017,
      "y" : 0.309017,
      "z" : 0.309017
    }, {
      "x" : -0.309017,
      "y" : -0.309017,
      "z" : 0.309017
    }, {
      "x" : -0.309017,
      "y" : 0.309017,
      "z" : 0.309017
    }, {
      "x" : -0.5,
      "y" : 0.0,
      "z" : 0.19098301
    }, {
      "x" : 0.0,
      "y" : -0.19098301,
      "z" : -0.5
    }, {
      "x" : 0.0,
      "y" : 0.19098301,
      "z" : -0.5
    }, {
      "x" : 0.309017,
      "y" : 0.309017,
      "z" : -0.309017
    }, {
      "x" : -0.309017,
      "y" : -0.309017,
      "z" : -0.309017
    }, {
      "x" : -0.19098301,
      "y" : -0.5,
      "z" : 0.0
    }, {
      "x" : -0.5,
      "y" : 0.0,
      "z" : -0.19098301
    }, {
      "x" : 0.19098301,
      "y" : 0.5,
      "z" : 0.0
    }, {
      "x" : -0.309017,
      "y" : 0.309017,
      "z" : -0.309017
    }, {
      "x" : 0.0,
      "y" : 0.0,
      "z" : 0.0
    }, {
      "x" : -0.19098301,
      "y" : 0.5,
      "z" : 0.0
    } ],
    "faces" : [ {
      "vertices" : [ 12, 18, 20, 17, 13 ]
    }, {
      "vertices" : [ 3, 6, 8, 15, 4 ]
    }, {
      "vertices" : [ 0, 11, 12, 13, 1 ]
    }, {
      "vertices" : [ 5, 9, 10, 8, 6 ]
    }, {
      "vertices" : [ 2, 7, 5, 6, 3 ]
    }, {
      "vertices" : [ 11, 14, 16, 18, 12 ]
    }, {
      "vertices" : [ 1, 13, 17, 7, 2 ]
    }, {
      "vertices" : [ 9, 20, 18, 16, 10 ]
    }, {
      "vertices" : [ 0, 1, 2, 3, 4 ]
    }, {
      "vertices" : [ 5, 7, 17, 20, 9 ]
    }, {
      "vertices" : [ 0, 4, 15, 14, 11 ]
    }, {
      "vertices" : [ 8, 10, 16, 14, 15 ]
    } ]
  } ],
  "instances" : [ {
    "shape" : "0ed17914-1a06-4716-9ec8-9e0d1ef4d104",
    "color" : "#EBEBE7",
    "position" : {
      "x" : -0.68137527,
      "y" : 4.413731,
      "z" : 6.1682067
    },
    "orientation" : 43
  }, {
    "shape" : "0ed17914-1a06-4716-9ec8-9e0d1ef4d104",
    "color" : "#EBEBE7",
    "position" : {
      "x" : 5.817552,
      "y" : -3.8967772,
      "z" : 2.993875
    },
    "orientation" : 35
  }, {
    "shape" : "0ed17914-1a06-4716-9ec8-9e0d1ef4d104",
    "color" : "#EBEBE7",
    "position" : {
      "x" : -5.817552,
      "y" : -3.8967772,
      "z" : -2.993875
    },
    "orientation" : 20
  }, {
    "shape" : "c82212cf-e3b8-4c26-b763-a894b2e481e3",
    "color" : "#EBEBE7",
    "position" : {
      "x" : 6.986493,
      "y" : -2.0053904,
      "z" : -2.2714295
    },
    "orientation" : 16
  }, {
    "shape" : "0ed17914-1a06-4716-9ec8-9e0d1ef4d104",
    "color" : "#EBEBE7",
    "position" : {
      "x" : 5.817552,
      "y" : 3.8967772,
      "z" : -2.993875
    },
    "orientation" : 50
  }, {
    "shape" : "0ed17914-1a06-4716-9ec8-9e0d1ef4d104",
    "color" : "#EBEBE7",
    "position" : {
      "x" : -0.68137527,
      "y" : -4.413731,
      "z" : -6.1682067
    },
    "orientation" : 58
  }, {
    "shape" : "f5afad15-758a-49b8-970e-9d5e0f71cdaf",
    "color" : "#EBEBE7",
    "position" : {
      "x" : -4.413731,
      "y" : -6.1682067,
      "z" : -0.68137527
    },
    "orientation" : 48
  }, {
    "shape" : "f5afad15-758a-49b8-970e-9d5e0f71cdaf",
    "color" : "#EBEBE7",
    "position" : {
      "x" : -4.413731,
      "y" : 6.1682067,
      "z" : 0.68137527
    },
    "orientation" : 33
  }, {
    "shape" : "f5afad15-758a-49b8-970e-9d5e0f71cdaf",
    "color" : "#EBEBE7",
    "position" : {
      "x" : 5.1361766,
      "y" : 4.9992657,
      "z" : 2.5727618
    },
    "orientation" : 26
  }, {
    "shape" : "c82212cf-e3b8-4c26-b763-a894b2e481e3",
    "color" : "#EBEBE7",
    "position" : {
      "x" : 1.3240153,
      "y" : -1.1689411,
      "z" : 7.407606
    },
    "orientation" : 13
  }, {
    "shape" : "f5afad15-758a-49b8-970e-9d5e0f71cdaf",
    "color" : "#EBEBE7",
    "position" : {
      "x" : 1.3240153,
      "y" : -1.1689411,
      "z" : 7.407606
    },
    "orientation" : 0
  }, {
    "shape" : "063bf0e6-ae40-4d06-b3a9-e3b1f43cca9b",
    "color" : "#F7CF7F",
    "position" : {
      "x" : 0.68137527,
      "y" : 4.413731,
      "z" : -6.1682067
    },
    "orientation" : 17
  }, {
    "shape" : "dc2dfaa3-42e1-458a-9327-f56fccf60c60",
    "color" : "#D77F7F",
    "position" : {
      "x" : 1.3240153,
      "y" : 1.1689411,
      "z" : -7.407606
    },
    "orientation" : 17
  }, {
    "shape" : "5d3a1335-b9e4-4c01-a20f-7e05738db5ca",
    "color" : "#D77F7F",
    "position" : {
      "x" : 2.5727618,
      "y" : 5.1361766,
      "z" : 4.9992657
    },
    "orientation" : 1
  }, {
    "shape" : "997a20ab-fa3a-4125-89d8-49bf5040be0e",
    "color" : "#F7CF7F",
    "position" : {
      "x" : 1.1689411,
      "y" : 7.407606,
      "z" : -1.3240153
    },
    "orientation" : 6
  }, {
    "shape" : "a505e109-0ec8-4573-a349-5d868b31d440",
    "color" : "#F7CF7F",
    "position" : {
      "x" : 1.3240153,
      "y" : -1.1689411,
      "z" : 7.407606
    },
    "orientation" : 2
  }, {
    "shape" : "f5afad15-758a-49b8-970e-9d5e0f71cdaf",
    "color" : "#EBEBE7",
    "position" : {
      "x" : 5.817552,
      "y" : -3.8967772,
      "z" : 2.993875
    },
    "orientation" : 29
  }, {
    "shape" : "0ed17914-1a06-4716-9ec8-9e0d1ef4d104",
    "color" : "#EBEBE7",
    "position" : {
      "x" : 4.9992657,
      "y" : -2.5727618,
      "z" : -5.1361766
    },
    "orientation" : 37
  }, {
    "shape" : "fd70668f-a6e5-482b-a254-40296ac6cbdc",
    "color" : "#D77F7F",
    "position" : {
      "x" : -4.413731,
      "y" : 6.1682067,
      "z" : 0.68137527
    },
    "orientation" : 45
  }, {
    "shape" : "c82212cf-e3b8-4c26-b763-a894b2e481e3",
    "color" : "#EBEBE7",
    "position" : {
      "x" : 2.2714295,
      "y" : -6.986493,
      "z" : -2.0053904
    },
    "orientation" : 17
  }, {
    "shape" : "a505e109-0ec8-4573-a349-5d868b31d440",
    "color" : "#F7CF7F",
    "position" : {
      "x" : 5.817552,
      "y" : 3.8967772,
      "z" : -2.993875
    },
    "orientation" : 3
  }, {
    "shape" : "997a20ab-fa3a-4125-89d8-49bf5040be0e",
    "color" : "#F7CF7F",
    "position" : {
      "x" : -5.817552,
      "y" : -3.8967772,
      "z" : -2.993875
    },
    "orientation" : 19
  }, {
    "shape" : "063bf0e6-ae40-4d06-b3a9-e3b1f43cca9b",
    "color" : "#F7CF7F",
    "position" : {
      "x" : -4.413731,
      "y" : -6.1682067,
      "z" : -0.68137527
    },
    "orientation" : 16
  }, {
    "shape" : "0ed17914-1a06-4716-9ec8-9e0d1ef4d104",
    "color" : "#EBEBE7",
    "position" : {
      "x" : -2.5727618,
      "y" : 5.1361766,
      "z" : -4.9992657
    },
    "orientation" : 36
  }, {
    "shape" : "f5afad15-758a-49b8-970e-9d5e0f71cdaf",
    "color" : "#EBEBE7",
    "position" : {
      "x" : 1.3240153,
      "y" : 1.1689411,
      "z" : -7.407606
    },
    "orientation" : 15
  }, {
    "shape" : "0ed17914-1a06-4716-9ec8-9e0d1ef4d104",
    "color" : "#EBEBE7",
    "position" : {
      "x" : 4.413731,
      "y" : -6.1682067,
      "z" : 0.68137527
    },
    "orientation" : 42
  }, {
    "shape" : "a505e109-0ec8-4573-a349-5d868b31d440",
    "color" : "#F7CF7F",
    "position" : {
      "x" : -2.993875,
      "y" : 5.817552,
      "z" : 3.8967772
    },
    "orientation" : 4
  }, {
    "shape" : "c82212cf-e3b8-4c26-b763-a894b2e481e3",
    "color" : "#EBEBE7",
    "position" : {
      "x" : -4.413731,
      "y" : 6.1682067,
      "z" : 0.68137527
    },
    "orientation" : 41
  }, {
    "shape" : "a505e109-0ec8-4573-a349-5d868b31d440",
    "color" : "#F7CF7F",
    "position" : {
      "x" : -1.1689411,
      "y" : 7.407606,
      "z" : 1.3240153
    },
    "orientation" : 1
  }, {
    "shape" : "0ed17914-1a06-4716-9ec8-9e0d1ef4d104",
    "color" : "#EBEBE7",
    "position" : {
      "x" : 2.2714295,
      "y" : -6.986493,
      "z" : -2.0053904
    },
    "orientation" : 11
  }, {
    "shape" : "c82212cf-e3b8-4c26-b763-a894b2e481e3",
    "color" : "#EBEBE7",
    "position" : {
      "x" : -0.68137527,
      "y" : -4.413731,
      "z" : -6.1682067
    },
    "orientation" : 39
  }, {
    "shape" : "dc2dfaa3-42e1-458a-9327-f56fccf60c60",
    "color" : "#D77F7F",
    "position" : {
      "x" : -1.3240153,
      "y" : -1.1689411,
      "z" : -7.407606
    },
    "orientation" : 47
  }, {
    "shape" : "0ed17914-1a06-4716-9ec8-9e0d1ef4d104",
    "color" : "#EBEBE7",
    "position" : {
      "x" : -6.986493,
      "y" : 2.0053904,
      "z" : -2.2714295
    },
    "orientation" : 25
  }, {
    "shape" : "c82212cf-e3b8-4c26-b763-a894b2e481e3",
    "color" : "#EBEBE7",
    "position" : {
      "x" : -2.5727618,
      "y" : -5.1361766,
      "z" : 4.9992657
    },
    "orientation" : 8
  }, {
    "shape" : "c82212cf-e3b8-4c26-b763-a894b2e481e3",
    "color" : "#EBEBE7",
    "position" : {
      "x" : 2.993875,
      "y" : -5.817552,
      "z" : 3.8967772
    },
    "orientation" : 19
  }, {
    "shape" : "fd70668f-a6e5-482b-a254-40296ac6cbdc",
    "color" : "#D77F7F",
    "position" : {
      "x" : -6.1682067,
      "y" : 0.68137527,
      "z" : 4.413731
    },
    "orientation" : 32
  }, {
    "shape" : "f5afad15-758a-49b8-970e-9d5e0f71cdaf",
    "color" : "#EBEBE7",
    "position" : {
      "x" : -0.68137527,
      "y" : -4.413731,
      "z" : -6.1682067
    },
    "orientation" : 34
  }, {
    "shape" : "997a20ab-fa3a-4125-89d8-49bf5040be0e",
    "color" : "#F7CF7F",
    "position" : {
      "x" : 2.5727618,
      "y" : 5.1361766,
      "z" : 4.9992657
    },
    "orientation" : 9
  }, {
    "shape" : "a505e109-0ec8-4573-a349-5d868b31d440",
    "color" : "#F7CF7F",
    "position" : {
      "x" : -0.68137527,
      "y" : -4.413731,
      "z" : -6.1682067
    },
    "orientation" : 22
  }, {
    "shape" : "c82212cf-e3b8-4c26-b763-a894b2e481e3",
    "color" : "#EBEBE7",
    "position" : {
      "x" : -4.413731,
      "y" : -6.1682067,
      "z" : -0.68137527
    },
    "orientation" : 56
  }, {
    "shape" : "f5afad15-758a-49b8-970e-9d5e0f71cdaf",
    "color" : "#EBEBE7",
    "position" : {
      "x" : 0.68137527,
      "y" : 4.413731,
      "z" : -6.1682067
    },
    "orientation" : 4
  }, {
    "shape" : "fd70668f-a6e5-482b-a254-40296ac6cbdc",
    "color" : "#D77F7F",
    "position" : {
      "x" : -4.413731,
      "y" : -6.1682067,
      "z" : -0.68137527
    },
    "orientation" : 30
  }, {
    "shape" : "997a20ab-fa3a-4125-89d8-49bf5040be0e",
    "color" : "#F7CF7F",
    "position" : {
      "x" : -6.986493,
      "y" : 2.0053904,
      "z" : -2.2714295
    },
    "orientation" : 30
  }, {
    "shape" : "f5afad15-758a-49b8-970e-9d5e0f71cdaf",
    "color" : "#EBEBE7",
    "position" : {
      "x" : -5.817552,
      "y" : -3.8967772,
      "z" : -2.993875
    },
    "orientation" : 44
  }, {
    "shape" : "0ed17914-1a06-4716-9ec8-9e0d1ef4d104",
    "color" : "#EBEBE7",
    "position" : {
      "x" : -2.5727618,
      "y" : -5.1361766,
      "z" : 4.9992657
    },
    "orientation" : 51
  }, {
    "shape" : "c82212cf-e3b8-4c26-b763-a894b2e481e3",
    "color" : "#EBEBE7",
    "position" : {
      "x" : 5.817552,
      "y" : 3.8967772,
      "z" : -2.993875
    },
    "orientation" : 18
  }, {
    "shape" : "c82212cf-e3b8-4c26-b763-a894b2e481e3",
    "color" : "#EBEBE7",
    "position" : {
      "x" : 0.68137527,
      "y" : 4.413731,
      "z" : -6.1682067
    },
    "orientation" : 9
  }, {
    "shape" : "063bf0e6-ae40-4d06-b3a9-e3b1f43cca9b",
    "color" : "#F7CF7F",
    "position" : {
      "x" : 5.817552,
      "y" : -3.8967772,
      "z" : 2.993875
    },
    "orientation" : 5
  }, {
    "shape" : "dc2dfaa3-42e1-458a-9327-f56fccf60c60",
    "color" : "#D77F7F",
    "position" : {
      "x" : 1.3240153,
      "y" : -1.1689411,
      "z" : 7.407606
    },
    "orientation" : 2
  }, {
    "shape" : "c82212cf-e3b8-4c26-b763-a894b2e481e3",
    "color" : "#EBEBE7",
    "position" : {
      "x" : 6.986493,
      "y" : 2.0053904,
      "z" : 2.2714295
    },
    "orientation" : 1
  }, {
    "shape" : "5d3a1335-b9e4-4c01-a20f-7e05738db5ca",
    "color" : "#D77F7F",
    "position" : {
      "x" : 5.1361766,
      "y" : 4.9992657,
      "z" : 2.5727618
    },
    "orientation" : 0
  }, {
    "shape" : "c82212cf-e3b8-4c26-b763-a894b2e481e3",
    "color" : "#EBEBE7",
    "position" : {
      "x" : 5.1361766,
      "y" : 4.9992657,
      "z" : 2.5727618
    },
    "orientation" : 52
  }, {
    "shape" : "fd70668f-a6e5-482b-a254-40296ac6cbdc",
    "color" : "#D77F7F",
    "position" : {
      "x" : 0.68137527,
      "y" : 4.413731,
      "z" : -6.1682067
    },
    "orientation" : 46
  }, {
    "shape" : "f5afad15-758a-49b8-970e-9d5e0f71cdaf",
    "color" : "#EBEBE7",
    "position" : {
      "x" : 2.5727618,
      "y" : 5.1361766,
      "z" : 4.9992657
    },
    "orientation" : 54
  }, {
    "shape" : "c82212cf-e3b8-4c26-b763-a894b2e481e3",
    "color" : "#EBEBE7",
    "position" : {
      "x" : 4.9992657,
      "y" : -2.5727618,
      "z" : -5.1361766
    },
    "orientation" : 6
  }, {
    "shape" : "a505e109-0ec8-4573-a349-5d868b31d440",
    "color" : "#F7CF7F",
    "position" : {
      "x" : -5.1361766,
      "y" : 4.9992657,
      "z" : -2.5727618
    },
    "orientation" : 54
  }, {
    "shape" : "c82212cf-e3b8-4c26-b763-a894b2e481e3",
    "color" : "#EBEBE7",
    "position" : {
      "x" : 5.817552,
      "y" : -3.8967772,
      "z" : 2.993875
    },
    "orientation" : 3
  }, {
    "shape" : "f5afad15-758a-49b8-970e-9d5e0f71cdaf",
    "color" : "#EBEBE7",
    "position" : {
      "x" : -0.68137527,
      "y" : 4.413731,
      "z" : 6.1682067
    },
    "orientation" : 49
  }, {
    "shape" : "c82212cf-e3b8-4c26-b763-a894b2e481e3",
    "color" : "#EBEBE7",
    "position" : {
      "x" : -6.986493,
      "y" : 2.0053904,
      "z" : -2.2714295
    },
    "orientation" : 46
  }, {
    "shape" : "997a20ab-fa3a-4125-89d8-49bf5040be0e",
    "color" : "#F7CF7F",
    "position" : {
      "x" : -2.5727618,
      "y" : -5.1361766,
      "z" : 4.9992657
    },
    "orientation" : 39
  }, {
    "shape" : "0ed17914-1a06-4716-9ec8-9e0d1ef4d104",
    "color" : "#EBEBE7",
    "position" : {
      "x" : 1.3240153,
      "y" : 1.1689411,
      "z" : -7.407606
    },
    "orientation" : 45
  }, {
    "shape" : "3457baea-0c9e-4c35-b922-ce456c8277fd",
    "color" : "#D77F7F",
    "position" : {
      "x" : 5.817552,
      "y" : -3.8967772,
      "z" : 2.993875
    },
    "orientation" : 15
  }, {
    "shape" : "997a20ab-fa3a-4125-89d8-49bf5040be0e",
    "color" : "#F7CF7F",
    "position" : {
      "x" : 6.986493,
      "y" : -2.0053904,
      "z" : -2.2714295
    },
    "orientation" : 0
  }, {
    "shape" : "f5afad15-758a-49b8-970e-9d5e0f71cdaf",
    "color" : "#EBEBE7",
    "position" : {
      "x" : 4.9992657,
      "y" : -2.5727618,
      "z" : -5.1361766
    },
    "orientation" : 55
  }, {
    "shape" : "0ed17914-1a06-4716-9ec8-9e0d1ef4d104",
    "color" : "#EBEBE7",
    "position" : {
      "x" : 6.986493,
      "y" : 2.0053904,
      "z" : 2.2714295
    },
    "orientation" : 40
  }, {
    "shape" : "0ed17914-1a06-4716-9ec8-9e0d1ef4d104",
    "color" : "#EBEBE7",
    "position" : {
      "x" : -6.986493,
      "y" : -2.0053904,
      "z" : 2.2714295
    },
    "orientation" : 10
  }, {
    "shape" : "0ed17914-1a06-4716-9ec8-9e0d1ef4d104",
    "color" : "#EBEBE7",
    "position" : {
      "x" : 0.68137527,
      "y" : 4.413731,
      "z" : -6.1682067
    },
    "orientation" : 28
  }, {
    "shape" : "5d3a1335-b9e4-4c01-a20f-7e05738db5ca",
    "color" : "#D77F7F",
    "position" : {
      "x" : -2.5727618,
      "y" : -5.1361766,
      "z" : 4.9992657
    },
    "orientation" : 31
  }, {
    "shape" : "c82212cf-e3b8-4c26-b763-a894b2e481e3",
    "color" : "#EBEBE7",
    "position" : {
      "x" : -1.1689411,
      "y" : 7.407606,
      "z" : 1.3240153
    },
    "orientation" : 12
  }, {
    "shape" : "c82212cf-e3b8-4c26-b763-a894b2e481e3",
    "color" : "#EBEBE7",
    "position" : {
      "x" : 1.1689411,
      "y" : 7.407606,
      "z" : -1.3240153
    },
    "orientation" : 57
  }, {
    "shape" : "f5afad15-758a-49b8-970e-9d5e0f71cdaf",
    "color" : "#EBEBE7",
    "position" : {
      "x" : 2.2714295,
      "y" : -6.986493,
      "z" : -2.0053904
    },
    "orientation" : 53
  }, {
    "shape" : "0ed17914-1a06-4716-9ec8-9e0d1ef4d104",
    "color" : "#EBEBE7",
    "position" : {
      "x" : -1.1689411,
      "y" : 7.407606,
      "z" : 1.3240153
    },
    "orientation" : 47
  }, {
    "shape" : "a505e109-0ec8-4573-a349-5d868b31d440",
    "color" : "#F7CF7F",
    "position" : {
      "x" : -0.68137527,
      "y" : 4.413731,
      "z" : 6.1682067
    },
    "orientation" : 7
  }, {
    "shape" : "063bf0e6-ae40-4d06-b3a9-e3b1f43cca9b",
    "color" : "#F7CF7F",
    "position" : {
      "x" : 4.9992657,
      "y" : -2.5727618,
      "z" : -5.1361766
    },
    "orientation" : 24
  }, {
    "shape" : "f5afad15-758a-49b8-970e-9d5e0f71cdaf",
    "color" : "#EBEBE7",
    "position" : {
      "x" : -1.1689411,
      "y" : 7.407606,
      "z" : 1.3240153
    },
    "orientation" : 2
  }, {
    "shape" : "0ed17914-1a06-4716-9ec8-9e0d1ef4d104",
    "color" : "#EBEBE7",
    "position" : {
      "x" : -5.1361766,
      "y" : 4.9992657,
      "z" : -2.5727618
    },
    "orientation" : 23
  }, {
    "shape" : "0ed17914-1a06-4716-9ec8-9e0d1ef4d104",
    "color" : "#EBEBE7",
    "position" : {
      "x" : 2.5727618,
      "y" : 5.1361766,
      "z" : 4.9992657
    },
    "orientation" : 21
  }, {
    "shape" : "0ed17914-1a06-4716-9ec8-9e0d1ef4d104",
    "color" : "#EBEBE7",
    "position" : {
      "x" : -6.1682067,
      "y" : 0.68137527,
      "z" : 4.413731
    },
    "orientation" : 59
  }, {
    "shape" : "c82212cf-e3b8-4c26-b763-a894b2e481e3",
    "color" : "#EBEBE7",
    "position" : {
      "x" : 2.5727618,
      "y" : 5.1361766,
      "z" : 4.9992657
    },
    "orientation" : 38
  }, {
    "shape" : "0ed17914-1a06-4716-9ec8-9e0d1ef4d104",
    "color" : "#EBEBE7",
    "position" : {
      "x" : 1.3240153,
      "y" : -1.1689411,
      "z" : 7.407606
    },
    "orientation" : 30
  }, {
    "shape" : "f5afad15-758a-49b8-970e-9d5e0f71cdaf",
    "color" : "#EBEBE7",
    "position" : {
      "x" : -6.1682067,
      "y" : 0.68137527,
      "z" : 4.413731
    },
    "orientation" : 5
  }, {
    "shape" : "c82212cf-e3b8-4c26-b763-a894b2e481e3",
    "color" : "#EBEBE7",
    "position" : {
      "x" : -6.986493,
      "y" : -2.0053904,
      "z" : 2.2714295
    },
    "orientation" : 31
  }, {
    "shape" : "f5afad15-758a-49b8-970e-9d5e0f71cdaf",
    "color" : "#EBEBE7",
    "position" : {
      "x" : -6.986493,
      "y" : -2.0053904,
      "z" : 2.2714295
    },
    "orientation" : 22
  }, {
    "shape" : "0ed17914-1a06-4716-9ec8-9e0d1ef4d104",
    "color" : "#EBEBE7",
    "position" : {
      "x" : -4.413731,
      "y" : -6.1682067,
      "z" : -0.68137527
    },
    "orientation" : 27
  }, {
    "shape" : "063bf0e6-ae40-4d06-b3a9-e3b1f43cca9b",
    "color" : "#F7CF7F",
    "position" : {
      "x" : 2.2714295,
      "y" : -6.986493,
      "z" : -2.0053904
    },
    "orientation" : 21
  }, {
    "shape" : "c82212cf-e3b8-4c26-b763-a894b2e481e3",
    "color" : "#EBEBE7",
    "position" : {
      "x" : -2.2714295,
      "y" : -6.986493,
      "z" : 2.0053904
    },
    "orientation" : 32
  }, {
    "shape" : "f5afad15-758a-49b8-970e-9d5e0f71cdaf",
    "color" : "#EBEBE7",
    "position" : {
      "x" : 5.817552,
      "y" : 3.8967772,
      "z" : -2.993875
    },
    "orientation" : 14
  }, {
    "shape" : "f5afad15-758a-49b8-970e-9d5e0f71cdaf",
    "color" : "#EBEBE7",
    "position" : {
      "x" : -6.986493,
      "y" : 2.0053904,
      "z" : -2.2714295
    },
    "orientation" : 7
  }, {
    "shape" : "063bf0e6-ae40-4d06-b3a9-e3b1f43cca9b",
    "color" : "#F7CF7F",
    "position" : {
      "x" : 6.986493,
      "y" : 2.0053904,
      "z" : 2.2714295
    },
    "orientation" : 8
  }, {
    "shape" : "4f25de00-0ffe-473d-bbde-b3fa1e9d250f",
    "color" : "#D77F7F",
    "position" : {
      "x" : 2.2714295,
      "y" : -6.986493,
      "z" : -2.0053904
    },
    "orientation" : 16
  }, {
    "shape" : "063bf0e6-ae40-4d06-b3a9-e3b1f43cca9b",
    "color" : "#F7CF7F",
    "position" : {
      "x" : -6.986493,
      "y" : -2.0053904,
      "z" : 2.2714295
    },
    "orientation" : 38
  }, {
    "shape" : "f5afad15-758a-49b8-970e-9d5e0f71cdaf",
    "color" : "#EBEBE7",
    "position" : {
      "x" : -2.5727618,
      "y" : -5.1361766,
      "z" : 4.9992657
    },
    "orientation" : 24
  } ],
  "scenes" : [ {
    "title" : "Faces",
    "content" : "",
    "view" : {
      "lookAtPoint" : {
        "x" : 0.0,
        "y" : 0.0,
        "z" : 0.0
      },
      "lookDirection" : {
        "x" : 0.0,
        "y" : 0.0,
        "z" : -1.0
      },
      "upDirection" : {
        "x" : 0.0,
        "y" : 1.0,
        "z" : 0.0
      },
      "stereo" : false,
      "farClipDistance" : 161.10066,
      "position" : {
        "x" : 0.0,
        "y" : 0.0,
        "z" : 80.55011
      },
      "width" : 36.24771,
      "lookDirectionRV" : {
        "x" : 0.0,
        "y" : 0.0,
        "z" : -1.0,
        "zero" : false
      },
      "fieldOfView" : 0.4426308,
      "viewDistance" : 80.55011,
      "perspective" : false,
      "upDirectionRV" : {
        "x" : 0.0,
        "y" : 1.0,
