{
  "polygons" : "true",
  "field" : "golden",
  "symmetry" : "icosahedral",
  "orientations" : [ [ 1.0, 0.0, 0.0, 0.0, 0.0, 1.0, 0.0, 0.0, 0.0, 0.0, 1.0, 0.0, 0.0, 0.0, 0.0, 1.0 ], [ 0.0, 0.0, 1.0, 0.0, 1.0, 0.0, 0.0, 0.0, 0.0, 1.0, 0.0, 0.0, 0.0, 0.0, 0.0, 1.0 ], [ 0.0, 1.0, 0.0, 0.0, 0.0, 0.0, 1.0, 0.0, 1.0, 0.0, 0.0, 0.0, 0.0, 0.0, 0.0, 1.0 ], [ 0.809017, 0.309017, 0.5, 0.0, 0.309017, 0.5, -0.809017, 0.0, -0.5, 0.809017, 0.309017, 0.0, 0.0, 0.0, 0.0, 1.0 ], [ -0.5, 0.809017, 0.309017, 0.0, 0.809017, 0.309017, 0.5, 0.0, 0.309017, 0.5, -0.809017, 0.0, 0.0, 0.0, 0.0, 1.0 ], [ 0.309017, 0.5, -0.809017, 0.0, -0.5, 0.809017, 0.309017, 0.0, 0.809017, 0.309017, 0.5, 0.0, 0.0, 0.0, 0.0, 1.0 ], [ 0.5, 0.809017, 0.309017, 0.0, 0.809017, -0.309017, -0.5, 0.0, -0.309017, 0.5, -0.809017, 0.0, 0.0, 0.0, 0.0, 1.0 ], [ -0.309017, 0.5, -0.809017, 0.0, 0.5, 0.809017, 0.309017, 0.0, 0.809017, -0.309017, -0.5, 0.0, 0.0, 0.0, 0.0, 1.0 ], [ 0.809017, -0.309017, -0.5, 0.0, -0.309017, 0.5, -0.809017, 0.0, 0.5, 0.809017, 0.309017, 0.0, 0.0, 0.0, 0.0, 1.0 ], [ 0.5, 0.809017, -0.309017, 0.0, 0.809017, -0.309017, 0.5, 0.0, 0.309017, -0.5, -0.809017, 0.0, 0.0, 0.0, 0.0, 1.0 ], [ 0.309017, -0.5, -0.809017, 0.0, 0.5, 0.809017, -0.309017, 0.0, 0.809017, -0.309017, 0.5, 0.0, 0.0, 0.0, 0.0, 1.0 ], [ 0.809017, -0.309017, 0.5, 0.0, 0.309017, -0.5, -0.809017, 0.0, 0.5, 0.809017, -0.309017, 0.0, 0.0, 0.0, 0.0, 1.0 ], [ 0.809017, 0.309017, -0.5, 0.0, 0.309017, 0.5, 0.809017, 0.0, 0.5, -0.809017, 0.309017, 0.0, 0.0, 0.0, 0.0, 1.0 ], [ 0.5, -0.809017, 0.309017, 0.0, 0.809017, 0.309017, -0.5, 0.0, 0.309017, 0.5, 0.809017, 0.0, 0.0, 0.0, 0.0, 1.0 ], [ 0.309017, 0.5, 0.809017, 0.0, 0.5, -0.809017, 0.309017, 0.0, 0.809017, 0.309017, -0.5, 0.0, 0.0, 0.0, 0.0, 1.0 ], [ 1.0, 0.0, 0.0, 0.0, 0.0, -1.0, 0.0, 0.0, 0.0, 0.0, -1.0, 0.0, 0.0, 0.0, 0.0, 1.0 ], [ 0.0, 0.0, 1.0, 0.0, -1.0, 0.0, 0.0, 0.0, 0.0, -1.0, 0.0, 0.0, 0.0, 0.0, 0.0, 1.0 ], [ 0.0, 1.0, 0.0, 0.0, 0.0, 0.0, -1.0, 0.0, -1.0, 0.0, 0.0, 0.0, 0.0, 0.0, 0.0, 1.0 ], [ 0.809017, 0.309017, 0.5, 0.0, -0.309017, -0.5, 0.809017, 0.0, 0.5, -0.809017, -0.309017, 0.0, 0.0, 0.0, 0.0, 1.0 ], [ -0.5, 0.809017, 0.309017, 0.0, -0.809017, -0.309017, -0.5, 0.0, -0.309017, -0.5, 0.809017, 0.0, 0.0, 0.0, 0.0, 1.0 ], [ 0.309017, 0.5, -0.809017, 0.0, 0.5, -0.809017, -0.309017, 0.0, -0.809017, -0.309017, -0.5, 0.0, 0.0, 0.0, 0.0, 1.0 ], [ 0.5, 0.809017, 0.309017, 0.0, -0.809017, 0.309017, 0.5, 0.0, 0.309017, -0.5, 0.809017, 0.0, 0.0, 0.0, 0.0, 1.0 ], [ -0.309017, 0.5, -0.809017, 0.0, -0.5, -0.809017, -0.309017, 0.0, -0.809017, 0.309017, 0.5, 0.0, 0.0, 0.0, 0.0, 1.0 ], [ 0.809017, -0.309017, -0.5, 0.0, 0.309017, -0.5, 0.809017, 0.0, -0.5, -0.809017, -0.309017, 0.0, 0.0, 0.0, 0.0, 1.0 ], [ 0.5, 0.809017, -0.309017, 0.0, -0.809017, 0.309017, -0.5, 0.0, -0.309017, 0.5, 0.809017, 0.0, 0.0, 0.0, 0.0, 1.0 ], [ 0.309017, -0.5, -0.809017, 0.0, -0.5, -0.809017, 0.309017, 0.0, -0.809017, 0.309017, -0.5, 0.0, 0.0, 0.0, 0.0, 1.0 ], [ 0.809017, -0.309017, 0.5, 0.0, -0.309017, 0.5, 0.809017, 0.0, -0.5, -0.809017, 0.309017, 0.0, 0.0, 0.0, 0.0, 1.0 ], [ 0.809017, 0.309017, -0.5, 0.0, -0.309017, -0.5, -0.809017, 0.0, -0.5, 0.809017, -0.309017, 0.0, 0.0, 0.0, 0.0, 1.0 ], [ 0.5, -0.809017, 0.309017, 0.0, -0.809017, -0.309017, 0.5, 0.0, -0.309017, -0.5, -0.809017, 0.0, 0.0, 0.0, 0.0, 1.0 ], [ 0.309017, 0.5, 0.809017, 0.0, -0.5, 0.809017, -0.309017, 0.0, -0.809017, -0.309017, 0.5, 0.0, 0.0, 0.0, 0.0, 1.0 ], [ -1.0, 0.0, 0.0, 0.0, 0.0, -1.0, 0.0, 0.0, 0.0, 0.0, 1.0, 0.0, 0.0, 0.0, 0.0, 1.0 ], [ 0.0, 0.0, -1.0, 0.0, -1.0, 0.0, 0.0, 0.0, 0.0, 1.0, 0.0, 0.0, 0.0, 0.0, 0.0, 1.0 ], [ 0.0, -1.0, 0.0, 0.0, 0.0, 0.0, -1.0, 0.0, 1.0, 0.0, 0.0, 0.0, 0.0, 0.0, 0.0, 1.0 ], [ -0.809017, -0.309017, -0.5, 0.0, -0.309017, -0.5, 0.809017, 0.0, -0.5, 0.809017, 0.309017, 0.0, 0.0, 0.0, 0.0, 1.0 ], [ 0.5, -0.809017, -0.309017, 0.0, -0.809017, -0.309017, -0.5, 0.0, 0.309017, 0.5, -0.809017, 0.0, 0.0, 0.0, 0.0, 1.0 ], [ -0.309017, -0.5, 0.809017, 0.0, 0.5, -0.809017, -0.309017, 0.0, 0.809017, 0.309017, 0.5, 0.0, 0.0, 0.0, 0.0, 1.0 ], [ -0.5, -0.809017, -0.309017, 0.0, -0.809017, 0.309017, 0.5, 0.0, -0.309017, 0.5, -0.809017, 0.0, 0.0, 0.0, 0.0, 1.0 ], [ 0.309017, -0.5, 0.809017, 0.0, -0.5, -0.809017, -0.309017, 0.0, 0.809017, -0.309017, -0.5, 0.0, 0.0, 0.0, 0.0, 1.0 ], [ -0.809017, 0.309017, 0.5, 0.0, 0.309017, -0.5, 0.809017, 0.0, 0.5, 0.809017, 0.309017, 0.0, 0.0, 0.0, 0.0, 1.0 ], [ -0.5, -0.809017, 0.309017, 0.0, -0.809017, 0.309017, -0.5, 0.0, 0.309017, -0.5, -0.809017, 0.0, 0.0, 0.0, 0.0, 1.0 ], [ -0.309017, 0.5, 0.809017, 0.0, -0.5, -0.809017, 0.309017, 0.0, 0.809017, -0.309017, 0.5, 0.0, 0.0, 0.0, 0.0, 1.0 ], [ -0.809017, 0.309017, -0.5, 0.0, -0.309017, 0.5, 0.809017, 0.0, 0.5, 0.809017, -0.309017, 0.0, 0.0, 0.0, 0.0, 1.0 ], [ -0.809017, -0.309017, 0.5, 0.0, -0.309017, -0.5, -0.809017, 0.0, 0.5, -0.809017, 0.309017, 0.0, 0.0, 0.0, 0.0, 1.0 ], [ -0.5, 0.809017, -0.309017, 0.0, -0.809017, -0.309017, 0.5, 0.0, 0.309017, 0.5, 0.809017, 0.0, 0.0, 0.0, 0.0, 1.0 ], [ -0.309017, -0.5, -0.809017, 0.0, -0.5, 0.809017, -0.309017, 0.0, 0.809017, 0.309017, -0.5, 0.0, 0.0, 0.0, 0.0, 1.0 ], [ -1.0, 0.0, 0.0, 0.0, 0.0, 1.0, 0.0, 0.0, 0.0, 0.0, -1.0, 0.0, 0.0, 0.0, 0.0, 1.0 ], [ 0.0, 0.0, -1.0, 0.0, 1.0, 0.0, 0.0, 0.0, 0.0, -1.0, 0.0, 0.0, 0.0, 0.0, 0.0, 1.0 ], [ 0.0, -1.0, 0.0, 0.0, 0.0, 0.0, 1.0, 0.0, -1.0, 0.0, 0.0, 0.0, 0.0, 0.0, 0.0, 1.0 ], [ -0.809017, -0.309017, -0.5, 0.0, 0.309017, 0.5, -0.809017, 0.0, 0.5, -0.809017, -0.309017, 0.0, 0.0, 0.0, 0.0, 1.0 ], [ 0.5, -0.809017, -0.309017, 0.0, 0.809017, 0.309017, 0.5, 0.0, -0.309017, -0.5, 0.809017, 0.0, 0.0, 0.0, 0.0, 1.0 ], [ -0.309017, -0.5, 0.809017, 0.0, -0.5, 0.809017, 0.309017, 0.0, -0.809017, -0.309017, -0.5, 0.0, 0.0, 0.0, 0.0, 1.0 ], [ -0.5, -0.809017, -0.309017, 0.0, 0.809017, -0.309017, -0.5, 0.0, 0.309017, -0.5, 0.809017, 0.0, 0.0, 0.0, 0.0, 1.0 ], [ 0.309017, -0.5, 0.809017, 0.0, 0.5, 0.809017, 0.309017, 0.0, -0.809017, 0.309017, 0.5, 0.0, 0.0, 0.0, 0.0, 1.0 ], [ -0.809017, 0.309017, 0.5, 0.0, -0.309017, 0.5, -0.809017, 0.0, -0.5, -0.809017, -0.309017, 0.0, 0.0, 0.0, 0.0, 1.0 ], [ -0.5, -0.809017, 0.309017, 0.0, 0.809017, -0.309017, 0.5, 0.0, -0.309017, 0.5, 0.809017, 0.0, 0.0, 0.0, 0.0, 1.0 ], [ -0.309017, 0.5, 0.809017, 0.0, 0.5, 0.809017, -0.309017, 0.0, -0.809017, 0.309017, -0.5, 0.0, 0.0, 0.0, 0.0, 1.0 ], [ -0.809017, 0.309017, -0.5, 0.0, 0.309017, -0.5, -0.809017, 0.0, -0.5, -0.809017, 0.309017, 0.0, 0.0, 0.0, 0.0, 1.0 ], [ -0.809017, -0.309017, 0.5, 0.0, 0.309017, 0.5, 0.809017, 0.0, -0.5, 0.809017, -0.309017, 0.0, 0.0, 0.0, 0.0, 1.0 ], [ -0.5, 0.809017, -0.309017, 0.0, 0.809017, 0.309017, -0.5, 0.0, -0.309017, -0.5, -0.809017, 0.0, 0.0, 0.0, 0.0, 1.0 ], [ -0.309017, -0.5, -0.809017, 0.0, 0.5, -0.809017, 0.309017, 0.0, -0.809017, -0.309017, 0.5, 0.0, 0.0, 0.0, 0.0, 1.0 ] ],
  "lights" : {
    "backgroundColor" : "#AFC8DC",
    "directionalLights" : [ {
      "direction" : [ 1.0, -1.0, -1.0 ],
      "color" : "#EBEBE4"
    }, {
      "direction" : [ -1.0, 0.0, 0.0 ],
      "color" : "#E4E4EB"
    }, {
      "direction" : [ 0.0, 0.0, -1.0 ],
      "color" : "#1E1E1E"
    } ],
    "ambientColor" : "#292929"
  },
  "camera" : {
    "width" : 186.86256,
    "position" : {
      "x" : -239.74442,
      "y" : 239.74442,
      "z" : 239.74442
    },
    "viewDistance" : 415.2495,
    "fieldOfView" : 0.44262952,
    "lookAtPointRV" : {
      "x" : 0.0,
      "y" : 0.0,
      "z" : 0.0,
      "zero" : true
    },
    "lookDirectionRV" : {
      "x" : 0.57735026,
      "y" : -0.57735026,
      "z" : -0.57735026,
      "zero" : false
    },
    "perspective" : false,
    "upDirectionRV" : {
      "x" : 0.7071068,
      "y" : 0.0,
      "z" : 0.7071068,
      "zero" : false
    },
    "nearClipDistance" : 1.0381254,
    "lookAtPoint" : {
      "x" : 0.0,
      "y" : 0.0,
      "z" : 0.0
    },
    "lookDirection" : {
      "x" : 0.57735026,
      "y" : -0.57735026,
      "z" : -0.57735026
    },
    "farClipDistance" : 830.4973,
    "upDirection" : {
      "x" : 0.7071068,
      "y" : 0.0,
      "z" : 0.7071068
    },
    "stereo" : false
  },
  "embedding" : [ 1.0, 0.0, 0.0, 0.0, 0.0, 1.0, 0.0, 0.0, 0.0, 0.0, 1.0, 0.0, 0.0, 0.0, 0.0, 1.0 ],
  "shapes" : [ {
    "id" : "ee5ce1fa-225a-40e4-802f-211496731533",
    "orbit" : "red",
    "orbitC" : "[[-1,1,1],[0,0,1]]",
    "length" : "[\"1\",\"0\",\"1\"]",
    "name" : "r1",
    "vertices" : [ {
      "x" : 2.618034,
      "y" : 1.736068,
      "z" : 0.309017
    }, {
      "x" : 4.236068,
      "y" : 2.5,
      "z" : 0.309017
    }, {
      "x" : 4.045085,
      "y" : 2.809017,
      "z" : 0.19098301
    }, {
      "x" : 0.809017,
      "y" : 0.618034,
      "z" : -0.309017
    }, {
      "x" : 0.690983,
      "y" : 0.809017,
      "z" : 0.0
    }, {
      "x" : 2.5,
      "y" : 1.927051,
      "z" : 0.0
    }, {
      "x" : 2.618034,
      "y" : 1.736068,
      "z" : -0.309017
    }, {
      "x" : 6.045085,
      "y" : 3.618034,
      "z" : 0.309017
    }, {
      "x" : 2.809017,
      "y" : 1.427051,
      "z" : 0.19098301
    }, {
      "x" : 2.809017,
      "y" : 1.427051,
      "z" : -0.19098301
    }, {
      "x" : 4.354102,
      "y" : 2.309017,
      "z" : 0.0
    }, {
      "x" : 4.236068,
      "y" : 2.5,
      "z" : -0.309017
    }, {
      "x" : 6.163119,
      "y" : 3.427051,
      "z" : 0.0
    }, {
      "x" : 1.0,
      "y" : 0.309017,
      "z" : 0.19098301
    }, {
      "x" : 1.0,
      "y" : 0.309017,
      "z" : -0.19098301
    }, {
      "x" : 0.809017,
      "y" : 0.618034,
      "z" : 0.309017
    }, {
      "x" : 5.854102,
      "y" : 3.927051,
      "z" : 0.19098301
    }, {
      "x" : 6.045085,
      "y" : 3.618034,
      "z" : -0.309017
    }, {
      "x" : 5.854102,
      "y" : 3.927051,
      "z" : -0.19098301
    }, {
      "x" : 6.854102,
      "y" : 4.236068,
      "z" : 0.0
    }, {
      "x" : 4.045085,
      "y" : 2.809017,
      "z" : -0.19098301
    } ],
    "faces" : [ {
      "vertices" : [ 3, 6, 9, 14 ]
    }, {
      "vertices" : [ 11, 20, 18, 17 ]
    }, {
      "vertices" : [ 0, 1, 2 ]
    }, {
      "vertices" : [ 0, 15, 13, 8 ]
    }, {
      "vertices" : [ 6, 20, 11 ]
    }, {
      "vertices" : [ 0, 2, 5 ]
    }, {
      "vertices" : [ 0, 8, 1 ]
    }, {
      "vertices" : [ 8, 13, 14, 9 ]
    }, {
      "vertices" : [ 3, 4, 5, 6 ]
    }, {
      "vertices" : [ 10, 11, 17, 12 ]
    }, {
      "vertices" : [ 1, 8, 10 ]
    }, {
      "vertices" : [ 0, 5, 4, 15 ]
    }, {
      "vertices" : [ 2, 16, 18, 20 ]
    }, {
      "vertices" : [ 1, 7, 16, 2 ]
    }, {
      "vertices" : [ 6, 11, 9 ]
    }, {
      "vertices" : [ 8, 9, 10 ]
    }, {
      "vertices" : [ 2, 20, 5 ]
    }, {
      "vertices" : [ 9, 11, 10 ]
    }, {
      "vertices" : [ 1, 10, 12, 7 ]
    }, {
      "vertices" : [ 5, 20, 6 ]
    } ]
  }, {
    "id" : "cb606f69-e3e1-49cf-a555-9f2fec87d14d",
    "name" : "ball",
    "vertices" : [ {
      "x" : 0.309017,
      "y" : -0.809017,
      "z" : 0.618034
    }, {
      "x" : 0.809017,
      "y" : -0.618034,
      "z" : 0.309017
    }, {
      "x" : 0.618034,
      "y" : -0.309017,
      "z" : 0.809017
    }, {
      "x" : 1.0,
      "y" : 0.309017,
      "z" : 0.19098301
    }, {
      "x" : 0.809017,
      "y" : 0.618034,
      "z" : 0.309017
    }, {
      "x" : 0.618034,
      "y" : 0.309017,
      "z" : 0.809017
    }, {
      "x" : 0.809017,
      "y" : 0.0,
      "z" : 0.690983
    }, {
      "x" : 0.19098301,
      "y" : -1.0,
      "z" : 0.309017
    }, {
      "x" : -0.19098301,
      "y" : -1.0,
      "z" : 0.309017
    }, {
      "x" : -0.19098301,
      "y" : -1.0,
      "z" : -0.309017
    }, {
      "x" : 0.19098301,
      "y" : -1.0,
      "z" : -0.309017
    }, {
      "x" : 1.0,
      "y" : -0.309017,
      "z" : -0.19098301
    }, {
      "x" : 0.809017,
      "y" : -0.618034,
      "z" : -0.309017
    }, {
      "x" : 0.618034,
      "y" : -0.309017,
      "z" : -0.809017
    }, {
      "x" : 0.809017,
      "y" : 0.0,
      "z" : -0.690983
    }, {
      "x" : 0.0,
      "y" : 0.690983,
      "z" : -0.809017
    }, {
      "x" : 0.309017,
      "y" : 0.809017,
      "z" : -0.618034
    }, {
      "x" : 0.618034,
      "y" : 0.309017,
      "z" : -0.809017
    }, {
      "x" : 0.309017,
      "y" : 0.19098301,
      "z" : -1.0
    }, {
      "x" : 1.0,
      "y" : 0.309017,
      "z" : -0.19098301
    }, {
      "x" : -0.309017,
      "y" : -0.809017,
      "z" : 0.618034
    }, {
      "x" : 0.0,
      "y" : -0.690983,
      "z" : 0.809017
    }, {
      "x" : 0.809017,
      "y" : 0.618034,
      "z" : -0.309017
    }, {
      "x" : 0.690983,
      "y" : 0.809017,
      "z" : 0.0
    }, {
      "x" : -0.690983,
      "y" : 0.809017,
      "z" : 0.0
    }, {
      "x" : -0.809017,
      "y" : 0.618034,
      "z" : 0.309017
    }, {
      "x" : -0.309017,
      "y" : 0.809017,
      "z" : 0.618034
    }, {
      "x" : -0.19098301,
      "y" : 1.0,
      "z" : 0.309017
    }, {
      "x" : 0.309017,
      "y" : -0.19098301,
      "z" : -1.0
    }, {
      "x" : 0.19098301,
      "y" : 1.0,
      "z" : 0.309017
    }, {
      "x" : 0.309017,
      "y" : 0.809017,
      "z" : 0.618034
    }, {
      "x" : -0.809017,
      "y" : -0.618034,
      "z" : 0.309017
    }, {
      "x" : -0.690983,
      "y" : -0.809017,
      "z" : 0.0
    }, {
      "x" : 0.0,
      "y" : 0.690983,
      "z" : 0.809017
    }, {
      "x" : 0.309017,
      "y" : -0.809017,
      "z" : -0.618034
    }, {
      "x" : 0.0,
      "y" : -0.690983,
      "z" : -0.809017
    }, {
      "x" : -1.0,
      "y" : 0.309017,
      "z" : 0.19098301
    }, {
      "x" : -0.809017,
      "y" : 0.0,
      "z" : 0.690983
    }, {
      "x" : -0.618034,
      "y" : 0.309017,
      "z" : 0.809017
    }, {
      "x" : 1.0,
      "y" : -0.309017,
      "z" : 0.19098301
    }, {
      "x" : -0.309017,
      "y" : -0.809017,
      "z" : -0.618034
    }, {
      "x" : -1.0,
      "y" : 0.309017,
      "z" : -0.19098301
    }, {
      "x" : -1.0,
      "y" : -0.309017,
      "z" : -0.19098301
    }, {
      "x" : -1.0,
      "y" : -0.309017,
      "z" : 0.19098301
    }, {
      "x" : 0.19098301,
      "y" : 1.0,
      "z" : -0.309017
    }, {
      "x" : -0.809017,
      "y" : 0.618034,
      "z" : -0.309017
    }, {
      "x" : -0.19098301,
      "y" : 1.0,
      "z" : -0.309017
    }, {
      "x" : -0.309017,
      "y" : 0.809017,
      "z" : -0.618034
    }, {
      "x" : -0.618034,
      "y" : -0.309017,
      "z" : 0.809017
    }, {
      "x" : 0.309017,
      "y" : 0.19098301,
      "z" : 1.0
    }, {
      "x" : -0.309017,
      "y" : 0.19098301,
      "z" : -1.0
    }, {
      "x" : -0.309017,
      "y" : 0.19098301,
      "z" : 1.0
    }, {
      "x" : -0.309017,
      "y" : -0.19098301,
      "z" : 1.0
    }, {
      "x" : 0.309017,
      "y" : -0.19098301,
      "z" : 1.0
    }, {
      "x" : 0.690983,
      "y" : -0.809017,
      "z" : 0.0
    }, {
      "x" : -0.809017,
      "y" : 0.0,
      "z" : -0.690983
    }, {
      "x" : -0.618034,
      "y" : -0.309017,
      "z" : -0.809017
    }, {
      "x" : -0.309017,
      "y" : -0.19098301,
      "z" : -1.0
    }, {
      "x" : -0.618034,
      "y" : 0.309017,
      "z" : -0.809017
    }, {
      "x" : -0.809017,
      "y" : -0.618034,
      "z" : -0.309017
    } ],
    "faces" : [ {
      "vertices" : [ 9, 40, 35, 34, 10 ]
    }, {
      "vertices" : [ 0, 1, 2 ]
    }, {
      "vertices" : [ 33, 51, 49 ]
    }, {
      "vertices" : [ 25, 36, 37, 38 ]
    }, {
      "vertices" : [ 41, 55, 42 ]
    }, {
      "vertices" : [ 9, 32, 59, 40 ]
    }, {
      "vertices" : [ 20, 21, 52, 48 ]
    }, {
      "vertices" : [ 26, 33, 30, 29, 27 ]
    }, {
      "vertices" : [ 3, 4, 5, 6 ]
    }, {
      "vertices" : [ 27, 29, 44, 46 ]
    }, {
      "vertices" : [ 50, 57, 56, 55, 58 ]
    }, {
      "vertices" : [ 26, 38, 51, 33 ]
    }, {
      "vertices" : [ 45, 47, 58 ]
    }, {
      "vertices" : [ 18, 28, 57, 50 ]
    }, {
      "vertices" : [ 40, 59, 56 ]
    }, {
      "vertices" : [ 31, 48, 37, 43 ]
    }, {
      "vertices" : [ 7, 8, 9, 10 ]
    }, {
      "vertices" : [ 36, 41, 42, 43 ]
    }, {
      "vertices" : [ 24, 46, 47, 45 ]
    }, {
      "vertices" : [ 4, 30, 5 ]
    }, {
      "vertices" : [ 15, 47, 46, 44, 16 ]
    }, {
      "vertices" : [ 15, 50, 58, 47 ]
    }, {
      "vertices" : [ 24, 45, 41, 36, 25 ]
    }, {
      "vertices" : [ 11, 14, 19 ]
    }, {
      "vertices" : [ 3, 6, 39 ]
    }, {
      "vertices" : [ 1, 39, 6, 2 ]
    }, {
      "vertices" : [ 8, 32, 9 ]
    }, {
      "vertices" : [ 11, 12, 13, 14 ]
    }, {
      "vertices" : [ 16, 22, 17 ]
    }, {
      "vertices" : [ 0, 21, 20, 8, 7 ]
    }, {
      "vertices" : [ 12, 34, 13 ]
    }, {
      "vertices" : [ 35, 40, 56, 57 ]
    }, {
      "vertices" : [ 0, 7, 54, 1 ]
    }, {
      "vertices" : [ 15, 16, 17, 18 ]
    }, {
      "vertices" : [ 3, 19, 22, 23, 4 ]
    }, {
      "vertices" : [ 7, 10, 54 ]
    }, {
      "vertices" : [ 41, 45, 58, 55 ]
    }, {
      "vertices" : [ 3, 39, 11, 19 ]
    }, {
      "vertices" : [ 14, 17, 22, 19 ]
    }, {
      "vertices" : [ 0, 2, 53, 21 ]
    }, {
      "vertices" : [ 49, 51, 52, 53 ]
    }, {
      "vertices" : [ 31, 43, 42, 59, 32 ]
    }, {
      "vertices" : [ 15, 18, 50 ]
    }, {
      "vertices" : [ 42, 55, 56, 59 ]
    }, {
      "vertices" : [ 4, 23, 29, 30 ]
    }, {
      "vertices" : [ 25, 38, 26 ]
    }, {
      "vertices" : [ 13, 28, 18, 17, 14 ]
    }, {
      "vertices" : [ 8, 20, 31, 32 ]
    }, {
      "vertices" : [ 23, 44, 29 ]
    }, {
      "vertices" : [ 24, 27, 46 ]
    }, {
      "vertices" : [ 37, 48, 52, 51, 38 ]
    }, {
      "vertices" : [ 20, 48, 31 ]
    }, {
      "vertices" : [ 24, 25, 26, 27 ]
    }, {
      "vertices" : [ 16, 44, 23, 22 ]
    }, {
      "vertices" : [ 13, 34, 35, 28 ]
    }, {
      "vertices" : [ 10, 34, 12, 54 ]
    }, {
      "vertices" : [ 2, 6, 5, 49, 53 ]
    }, {
      "vertices" : [ 36, 43, 37 ]
    }, {
      "vertices" : [ 5, 30, 33, 49 ]
    }, {
      "vertices" : [ 1, 54, 12, 11, 39 ]
    }, {
      "vertices" : [ 28, 35, 57 ]
    }, {
      "vertices" : [ 21, 53, 52 ]
    } ]
  }, {
    "id" : "13d0727e-91ef-4da7-9802-b34ea413bdfb",
    "vertices" : [ {
      "x" : 0.0,
      "y" : 0.0,
      "z" : 0.0
    }, {
      "x" : 0.0,
      "y" : 6.854102,
      "z" : 4.236068
    }, {
      "x" : 0.0,
      "y" : 0.0,
      "z" : 8.472136
    }, {
      "x" : 0.0,
      "y" : -6.854102,
      "z" : 4.236068
    } ],
    "faces" : [ {
      "vertices" : [ 0, 1, 2, 3 ]
    }, {
      "vertices" : [ 0, 3, 2, 1 ]
    } ]
  }, {
    "id" : "d8797765-8963-45c1-814a-4df085addbaf",
    "vertices" : [ {
      "x" : 0.0,
      "y" : 0.0,
      "z" : 0.0
    }, {
      "x" : 0.0,
      "y" : -6.854102,
      "z" : -4.236068
    }, {
      "x" : 0.0,
      "y" : 0.0,
      "z" : -8.472136
    }, {
      "x" : 0.0,
      "y" : 6.854102,
      "z" : -4.236068
    } ],
    "faces" : [ {
      "vertices" : [ 0, 1, 2, 3 ]
    }, {
      "vertices" : [ 0, 3, 2, 1 ]
    } ]
  }, {
    "id" : "86a1268f-80bc-46af-8652-ff4ffff84c9b",
    "vertices" : [ {
      "x" : 0.0,
      "y" : 0.0,
      "z" : 0.0
    }, {
      "x" : 0.0,
      "y" : -6.854102,
      "z" : 4.236068
    }, {
      "x" : 0.0,
      "y" : -13.708204,
      "z" : 0.0
    }, {
      "x" : 0.0,
      "y" : -6.854102,
      "z" : -4.236068
    } ],
    "faces" : [ {
      "vertices" : [ 0, 1, 2, 3 ]
    }, {
      "vertices" : [ 0, 3, 2, 1 ]
    } ]
  }, {
    "id" : "3d62c498-f6c7-44fa-9f59-cb459ad40922",
    "vertices" : [ {
      "x" : 0.0,
      "y" : 0.0,
      "z" : 0.0
    }, {
      "x" : 0.0,
      "y" : 6.854102,
      "z" : -4.236068
    }, {
      "x" : 0.0,
      "y" : 13.708204,
      "z" : 0.0
    }, {
      "x" : 0.0,
      "y" : 6.854102,
      "z" : 4.236068
    } ],
    "faces" : [ {
      "vertices" : [ 0, 1, 2, 3 ]
    }, {
      "vertices" : [ 0, 3, 2, 1 ]
    } ]
  } ],
  "instances" : [ {
    "shape" : "ee5ce1fa-225a-40e4-802f-211496731533",
    "color" : "#D91218",
    "position" : {
      "x" : -35.41641,
      "y" : -8.90983,
      "z" : -11.18034
    },
    "orientation" : 17
  }, {
    "shape" : "cb606f69-e3e1-49cf-a555-9f2fec87d14d",
    "color" : "#F2F2F2",
    "position" : {
      "x" : -22.27051,
      "y" : 20.0,
      "z" : -26.944271
    }
  }, {
    "shape" : "13d0727e-91ef-4da7-9802-b34ea413bdfb",
    "color" : "#7CFC00",
    "position" : {
      "x" : -24.326239,
      "y" : -13.145898,
      "z" : -4.326238
    },
    "orientation" : 9
  }, {
    "shape" : "ee5ce1fa-225a-40e4-802f-211496731533",
    "color" : "#D91218",
    "position" : {
      "x" : 6.944272,
      "y" : -8.90983,
      "z" : 31.18034
    },
    "orientation" : 17
  }, {
    "shape" : "ee5ce1fa-225a-40e4-802f-211496731533",
    "color" : "#FFFF00",
    "position" : {
      "x" : 31.18034,
      "y" : 17.381966,
      "z" : 18.034441
    },
    "orientation" : 15
  }, {
    "shape" : "ee5ce1fa-225a-40e4-802f-211496731533",
    "color" : "#D91218",
    "position" : {
      "x" : -15.416408,
      "y" : 31.09017,
      "z" : -31.18034
    },
    "orientation" : 17
  }, {
    "shape" : "cb606f69-e3e1-49cf-a555-9f2fec87d14d",
    "color" : "#F2F2F2",
    "position" : {
      "x" : -35.41641,
      "y" : -8.90983,
      "z" : -11.18034
    }
  }, {
    "shape" : "d8797765-8963-45c1-814a-4df085addbaf",
    "color" : "#7CFC00",
    "position" : {
      "x" : -18.034441,
      "y" : 26.854101,
      "z" : -24.326239
    },
    "orientation" : 51
  }, {
    "shape" : "ee5ce1fa-225a-40e4-802f-211496731533",
    "color" : "#D91218",
    "position" : {
      "x" : 18.034441,
      "y" : -26.854101,
      "z" : 38.034443
    },
    "orientation" : 17
  }, {
    "shape" : "ee5ce1fa-225a-40e4-802f-211496731533",
    "color" : "#D91218",
    "position" : {
      "x" : 31.18034,
      "y" : 31.09017,
      "z" : 4.326238
    },
    "orientation" : 15
  }, {
    "shape" : "ee5ce1fa-225a-40e4-802f-211496731533",
    "color" : "#D91218",
    "position" : {
      "x" : 38.034443,
      "y" : 20.0,
      "z" : 22.27051
    },
    "orientation" : 16
  }, {
    "shape" : "ee5ce1fa-225a-40e4-802f-211496731533",
    "color" : "#D91218",
    "position" : {
      "x" : 24.326239,
      "y" : 13.145898,
      "z" : 18.034441
    },
    "orientation" : 1
  }, {
    "shape" : "cb606f69-e3e1-49cf-a555-9f2fec87d14d",
    "color" : "#FFFF00",
    "position" : {
      "x" : 31.18034,
      "y" : 17.381966,
      "z" : 18.034441
    }
  }, {
    "shape" : "ee5ce1fa-225a-40e4-802f-211496731533",
    "color" : "#D91218",
    "position" : {
      "x" : -42.27051,
      "y" : -26.854101,
      "z" : -11.18034
    },
    "orientation" : 15
  }, {
    "shape" : "ee5ce1fa-225a-40e4-802f-211496731533",
    "color" : "#D91218",
    "position" : {
      "x" : -35.41641,
      "y" : -31.09017,
      "z" : -11.18034
    },
    "orientation" : 17
  }, {
    "shape" : "86a1268f-80bc-46af-8652-ff4ffff84c9b",
    "color" : "#8B4513",
    "position" : {
      "x" : -0.090169944,
      "y" : 26.854101,
      "z" : -31.18034
    },
    "orientation" : 6
  }, {
    "shape" : "ee5ce1fa-225a-40e4-802f-211496731533",
    "color" : "#D91218",
    "position" : {
      "x" : -22.27051,
      "y" : 20.0,
      "z" : -35.41641
    },
    "orientation" : 17
  }, {
    "shape" : "ee5ce1fa-225a-40e4-802f-211496731533",
    "color" : "#D91218",
    "position" : {
      "x" : 11.18034,
      "y" : -8.90983,
      "z" : 38.034443
    },
    "orientation" : 47
  }, {
    "shape" : "ee5ce1fa-225a-40e4-802f-211496731533",
    "color" : "#D91218",
    "position" : {
      "x" : -0.090169944,
      "y" : 20.0,
      "z" : -26.944271
    },
    "orientation" : 16
  }, {
    "shape" : "ee5ce1fa-225a-40e4-802f-211496731533",
    "color" : "#D91218",
    "position" : {
      "x" : -15.416408,
      "y" : 17.381966,
      "z" : -31.18034
    },
    "orientation" : 17
  }, {
    "shape" : "ee5ce1fa-225a-40e4-802f-211496731533",
    "color" : "#D91218",
    "position" : {
      "x" : 42.27051,
      "y" : 26.854101,
      "z" : 11.18034
    },
    "orientation" : 47
  }, {
    "shape" : "cb606f69-e3e1-49cf-a555-9f2fec87d14d",
    "color" : "#F2F2F2",
    "position" : {
      "x" : 31.18034,
      "y" : 8.90983,
      "z" : 4.326238
    }
  }, {
    "shape" : "cb606f69-e3e1-49cf-a555-9f2fec87d14d",
    "color" : "#F2F2F2",
    "position" : {
      "x" : 11.18034,
      "y" : -8.90983,
      "z" : 24.326239
    }
  }, {
    "shape" : "ee5ce1fa-225a-40e4-802f-211496731533",
    "color" : "#D91218",
    "position" : {
      "x" : 31.18034,
      "y" : 8.90983,
      "z" : 4.326238
    },
    "orientation" : 45
  }, {
    "shape" : "ee5ce1fa-225a-40e4-802f-211496731533",
    "color" : "#800080",
    "position" : {
      "x" : -28.562305,
      "y" : -26.854101,
      "z" : -2.708204
    },
    "orientation" : 47
  }, {
    "shape" : "cb606f69-e3e1-49cf-a555-9f2fec87d14d",
    "color" : "#F2F2F2",
    "position" : {
      "x" : 26.944271,
      "y" : 8.90983,
      "z" : 11.18034
    }
  }, {
    "shape" : "d8797765-8963-45c1-814a-4df085addbaf",
    "color" : "#7CFC00",
    "position" : {
      "x" : -20.09017,
      "y" : -20.0,
      "z" : -15.416408
    },
    "orientation" : 26
  }, {
    "shape" : "ee5ce1fa-225a-40e4-802f-211496731533",
    "color" : "#D91218",
    "position" : {
      "x" : -31.18034,
      "y" : -22.618034,
      "z" : -18.034441
    },
    "orientation" : 30
  }, {
    "shape" : "ee5ce1fa-225a-40e4-802f-211496731533",
    "color" : "#D91218",
    "position" : {
      "x" : 18.034441,
      "y" : -20.0,
      "z" : 28.562305
    },
    "orientation" : 16
  }, {
    "shape" : "ee5ce1fa-225a-40e4-802f-211496731533",
    "color" : "#D91218",
    "position" : {
      "x" : -4.326238,
      "y" : 13.145898,
      "z" : -24.326239
    },
    "orientation" : 17
  }, {
    "shape" : "86a1268f-80bc-46af-8652-ff4ffff84c9b",
    "color" : "#7CFC00",
    "position" : {
      "x" : -20.09017,
      "y" : -26.854101,
      "z" : -11.18034
    },
    "orientation" : 24
  }, {
    "shape" : "86a1268f-80bc-46af-8652-ff4ffff84c9b",
    "color" : "#8B4513",
    "position" : {
      "x" : 0.090169944,
      "y" : -26.854101,
      "z" : 31.18034
    },
    "orientation" : 36
  }, {
    "shape" : "ee5ce1fa-225a-40e4-802f-211496731533",
    "color" : "#D91218",
    "position" : {
      "x" : 11.18034,
      "y" : -8.90983,
      "z" : 24.326239
    },
    "orientation" : 16
  }, {
    "shape" : "ee5ce1fa-225a-40e4-802f-211496731533",
    "color" : "#D91218",
    "position" : {
      "x" : -8.562305,
      "y" : 20.0,
      "z" : -26.944271
    },
    "orientation" : 16
  }, {
    "shape" : "ee5ce1fa-225a-40e4-802f-211496731533",
    "color" : "#D91218",
    "position" : {
      "x" : 24.326239,
      "y" : 13.145898,
      "z" : 18.034441
    },
    "orientation" : 47
  }, {
    "shape" : "13d0727e-91ef-4da7-9802-b34ea413bdfb",
    "color" : "#7CFC00",
    "position" : {
      "x" : 0.090169944,
      "y" : -20.0,
      "z" : 35.41641
    },
    "orientation" : 45
  }, {
    "shape" : "cb606f69-e3e1-49cf-a555-9f2fec87d14d",
    "color" : "#F2F2F2",
    "position" : {
      "x" : 24.326239,
      "y" : 13.145898,
      "z" : 18.034441
    }
  }, {
    "shape" : "ee5ce1fa-225a-40e4-802f-211496731533",
    "color" : "#800080",
    "position" : {
      "x" : -6.944272,
      "y" : 31.09017,
      "z" : -31.18034
    },
    "orientation" : 31
  }, {
    "shape" : "ee5ce1fa-225a-40e4-802f-211496731533",
    "color" : "#D91218",
    "position" : {
      "x" : 18.034441,
      "y" : -20.0,
      "z" : 42.27051
    },
    "orientation" : 16
  }, {
    "shape" : "3d62c498-f6c7-44fa-9f59-cb459ad40922",
    "color" : "#7CFC00",
    "position" : {
      "x" : -38.034443,
      "y" : -20.0,
      "z" : -0.090169944
    },
    "orientation" : 7
  }, {
    "shape" : "d8797765-8963-45c1-814a-4df085addbaf",
    "color" : "#7CFC00",
    "position" : {
      "x" : 35.41641,
      "y" : 8.90983,
      "z" : 11.18034
    },
    "orientation" : 16
  }, {
    "shape" : "ee5ce1fa-225a-40e4-802f-211496731533",
    "color" : "#D91218",
    "position" : {
      "x" : 6.944272,
      "y" : -31.09017,
      "z" : 31.18034
    },
    "orientation" : 17
  }, {
    "shape" : "3d62c498-f6c7-44fa-9f59-cb459ad40922",
    "color" : "#7CFC00",
    "position" : {
      "x" : -4.326238,
      "y" : 20.0,
      "z" : -42.27051
    },
    "orientation" : 47
  }, {
    "shape" : "ee5ce1fa-225a-40e4-802f-211496731533",
    "color" : "#FFFF00",
    "position" : {
      "x" : -11.18034,
      "y" : 24.236069,
      "z" : -20.09017
    },
    "orientation" : 16
  }, {
    "shape" : "13d0727e-91ef-4da7-9802-b34ea413bdfb",
    "color" : "#7CFC00",
    "position" : {
      "x" : -42.27051,
      "y" : -20.0,
      "z" : -6.944272
    },
    "orientation" : 38
  }, {
    "shape" : "ee5ce1fa-225a-40e4-802f-211496731533",
    "color" : "#FFFF00",
    "position" : {
      "x" : 13.798374,
      "y" : -13.145898,
      "z" : 31.18034
    },
    "orientation" : 45
  }, {
    "shape" : "ee5ce1fa-225a-40e4-802f-211496731533",
    "color" : "#D91218",
    "position" : {
      "x" : 31.18034,
      "y" : 24.236069,
      "z" : 8.562305
    },
    "orientation" : 15
  }, {
    "shape" : "ee5ce1fa-225a-40e4-802f-211496731533",
    "color" : "#800080",
    "position" : {
      "x" : -26.944271,
      "y" : -15.763932,
      "z" : -6.944272
    },
    "orientation" : 15
  }, {
    "shape" : "ee5ce1fa-225a-40e4-802f-211496731533",
    "color" : "#D91218",
    "position" : {
      "x" : -11.18034,
      "y" : 24.236069,
      "z" : -20.09017
    },
    "orientation" : 30
  }, {
    "shape" : "ee5ce1fa-225a-40e4-802f-211496731533",
    "color" : "#D91218",
    "position" : {
      "x" : 22.27051,
      "y" : -13.145898,
      "z" : 31.18034
    },
    "orientation" : 47
  }, {
    "shape" : "cb606f69-e3e1-49cf-a555-9f2fec87d14d",
    "color" : "#800080",
    "position" : {
      "x" : -32.798374,
      "y" : -26.854101,
      "z" : -9.562305
    }
  }, {
    "shape" : "ee5ce1fa-225a-40e4-802f-211496731533",
    "color" : "#D91218",
    "position" : {
      "x" : -28.562305,
      "y" : -20.0,
      "z" : -6.944272
    },
    "orientation" : 45
  }, {
    "shape" : "ee5ce1fa-225a-40e4-802f-211496731533",
    "color" : "#D91218",
    "position" : {
      "x" : -35.41641,
      "y" : -22.618034,
      "z" : -11.18034
    },
    "orientation" : 15
  }, {
    "shape" : "86a1268f-80bc-46af-8652-ff4ffff84c9b",
    "color" : "#7CFC00",
    "position" : {
      "x" : -0.090169944,
      "y" : 26.854101,
      "z" : -31.18034
    },
    "orientation" : 0
  }, {
    "shape" : "86a1268f-80bc-46af-8652-ff4ffff84c9b",
    "color" : "#8B4513",
    "position" : {
      "x" : 20.09017,
      "y" : 13.145898,
      "z" : 11.18034
    },
    "orientation" : 39
  }, {
    "shape" : "cb606f69-e3e1-49cf-a555-9f2fec87d14d",
    "color" : "#F2F2F2",
    "position" : {
      "x" : -4.326238,
      "y" : 20.0,
      "z" : -42.27051
    }
  }, {
    "shape" : "ee5ce1fa-225a-40e4-802f-211496731533",
    "color" : "#D91218",
    "position" : {
      "x" : 26.944271,
      "y" : 17.381966,
      "z" : 11.18034
    },
    "orientation" : 17
  }, {
    "shape" : "ee5ce1fa-225a-40e4-802f-211496731533",
    "color" : "#D91218",
    "position" : {
      "x" : 4.326238,
      "y" : -20.0,
      "z" : 42.27051
    },
    "orientation" : 46
  }, {
    "shape" : "d8797765-8963-45c1-814a-4df085addbaf",
    "color" : "#7CFC00",
    "position" : {
      "x" : 4.326238,
      "y" : -13.145898,
      "z" : 38.034443
    },
    "orientation" : 51
  }, {
    "shape" : "ee5ce1fa-225a-40e4-802f-211496731533",
    "color" : "#800080",
    "position" : {
      "x" : -35.41641,
      "y" : -15.763932,
      "z" : -15.416408
    },
    "orientation" : 1
  }, {
    "shape" : "cb606f69-e3e1-49cf-a555-9f2fec87d14d",
    "color" : "#F2F2F2",
    "position" : {
      "x" : 11.18034,
      "y" : -22.618034,
      "z" : 24.326239
    }
  }, {
    "shape" : "86a1268f-80bc-46af-8652-ff4ffff84c9b",
    "color" : "#8B4513",
    "position" : {
      "x" : 18.034441,
      "y" : -20.0,
      "z" : 42.27051
    },
    "orientation" : 11
  }, {
    "shape" : "ee5ce1fa-225a-40e4-802f-211496731533",
    "color" : "#800080",
    "position" : {
      "x" : 6.944272,
      "y" : -31.09017,
      "z" : 31.18034
    },
    "orientation" : 1
  }, {
    "shape" : "ee5ce1fa-225a-40e4-802f-211496731533",
    "color" : "#D91218",
    "position" : {
      "x" : -4.326238,
      "y" : 20.0,
      "z" : -42.27051
    },
    "orientation" : 30
  }, {
    "shape" : "ee5ce1fa-225a-40e4-802f-211496731533",
    "color" : "#D91218",
    "position" : {
      "x" : 6.944272,
      "y" : -15.763932,
      "z" : 35.41641
    },
    "orientation" : 2
  }, {
    "shape" : "ee5ce1fa-225a-40e4-802f-211496731533",
    "color" : "#D91218",
    "position" : {
      "x" : -31.18034,
      "y" : -15.763932,
      "z" : -13.798374
    },
    "orientation" : 32
  }, {
    "shape" : "ee5ce1fa-225a-40e4-802f-211496731533",
    "color" : "#D91218",
    "position" : {
      "x" : -6.944272,
      "y" : 31.09017,
      "z" : -31.18034
    },
    "orientation" : 15
  }, {
    "shape" : "ee5ce1fa-225a-40e4-802f-211496731533",
    "color" : "#FFFF00",
    "position" : {
      "x" : 4.326238,
      "y" : -20.0,
      "z" : 28.562305
    },
    "orientation" : 16
  }, {
    "shape" : "cb606f69-e3e1-49cf-a555-9f2fec87d14d",
    "color" : "#F2F2F2",
    "position" : {
      "x" : -31.18034,
      "y" : -31.09017,
      "z" : -18.034441
    }
  }, {
    "shape" : "cb606f69-e3e1-49cf-a555-9f2fec87d14d",
    "color" : "#F2F2F2",
    "position" : {
      "x" : 26.944271,
      "y" : 17.381966,
      "z" : 11.18034
    }
  }, {
    "shape" : "ee5ce1fa-225a-40e4-802f-211496731533",
    "color" : "#FFFF00",
    "position" : {
      "x" : 13.798374,
      "y" : -13.145898,
      "z" : 31.18034
    },
    "orientation" : 31
  }, {
    "shape" : "ee5ce1fa-225a-40e4-802f-211496731533",
    "color" : "#D91218",
    "position" : {
      "x" : -11.18034,
      "y" : 31.09017,
      "z" : -38.034443
    },
    "orientation" : 15
  }, {
    "shape" : "86a1268f-80bc-46af-8652-ff4ffff84c9b",
    "color" : "#8B4513",
    "position" : {
      "x" : 31.18034,
      "y" : 31.09017,
      "z" : 4.326238
    },
    "orientation" : 55
  }, {
    "shape" : "ee5ce1fa-225a-40e4-802f-211496731533",
    "color" : "#D91218",
    "position" : {
      "x" : 31.18034,
      "y" : 31.09017,
      "z" : 4.326238
    },
    "orientation" : 30
  }, {
    "shape" : "ee5ce1fa-225a-40e4-802f-211496731533",
    "color" : "#800080",
    "position" : {
      "x" : -6.944272,
      "y" : 24.236069,
      "z" : -26.944271
    },
    "orientation" : 32
  }, {
    "shape" : "ee5ce1fa-225a-40e4-802f-211496731533",
    "color" : "#FFFF00",
    "position" : {
      "x" : 24.326239,
      "y" : 20.0,
      "z" : 8.562305
    },
    "orientation" : 16
  }, {
    "shape" : "ee5ce1fa-225a-40e4-802f-211496731533",
    "color" : "#800080",
    "position" : {
      "x" : -35.41641,
      "y" : -24.236069,
      "z" : -6.944272
    },
    "orientation" : 0
  }, {
    "shape" : "86a1268f-80bc-46af-8652-ff4ffff84c9b",
    "color" : "#7CFC00",
    "position" : {
      "x" : -31.18034,
      "y" : -31.09017,
      "z" : -18.034441
    },
    "orientation" : 22
  }, {
    "shape" : "ee5ce1fa-225a-40e4-802f-211496731533",
    "color" : "#D91218",
    "position" : {
      "x" : 11.18034,
      "y" : -15.763932,
      "z" : 28.562305
    },
    "orientation" : 32
  }, {
    "shape" : "ee5ce1fa-225a-40e4-802f-211496731533",
    "color" : "#D91218",
    "position" : {
      "x" : 26.944271,
      "y" : 24.236069,
      "z" : 15.416408
    },
    "orientation" : 46
  }, {
    "shape" : "ee5ce1fa-225a-40e4-802f-211496731533",
    "color" : "#D91218",
    "position" : {
      "x" : 0.090169944,
      "y" : -20.0,
      "z" : 35.41641
    },
    "orientation" : 46
  }, {
    "shape" : "cb606f69-e3e1-49cf-a555-9f2fec87d14d",
    "color" : "#F2F2F2",
    "position" : {
      "x" : 6.944272,
      "y" : -8.90983,
      "z" : 31.18034
    }
  }, {
    "shape" : "ee5ce1fa-225a-40e4-802f-211496731533",
    "color" : "#D91218",
    "position" : {
      "x" : 35.41641,
      "y" : 8.90983,
      "z" : 11.18034
    },
    "orientation" : 32
  }, {
    "shape" : "ee5ce1fa-225a-40e4-802f-211496731533",
    "color" : "#D91218",
    "position" : {
      "x" : -28.562305,
      "y" : -26.854101,
      "z" : -11.18034
    },
    "orientation" : 2
  }, {
    "shape" : "ee5ce1fa-225a-40e4-802f-211496731533",
    "color" : "#D91218",
    "position" : {
      "x" : -22.27051,
      "y" : 20.0,
      "z" : -26.944271
    },
    "orientation" : 46
  }, {
    "shape" : "ee5ce1fa-225a-40e4-802f-211496731533",
    "color" : "#D91218",
    "position" : {
      "x" : 33.798374,
      "y" : 20.0,
      "z" : 15.416408
    },
    "orientation" : 2
  }, {
    "shape" : "cb606f69-e3e1-49cf-a555-9f2fec87d14d",
    "color" : "#F2F2F2",
    "position" : {
      "x" : -28.562305,
      "y" : -26.854101,
      "z" : -11.18034
    }
  }, {
    "shape" : "3d62c498-f6c7-44fa-9f59-cb459ad40922",
    "color" : "#7CFC00",
    "position" : {
      "x" : -24.326239,
      "y" : -20.0,
      "z" : -22.27051
    },
    "orientation" : 47
  }, {
    "shape" : "86a1268f-80bc-46af-8652-ff4ffff84c9b",
    "color" : "#7CFC00",
    "position" : {
      "x" : 11.18034,
      "y" : -31.09017,
      "z" : 24.326239
    },
    "orientation" : 22
  }, {
    "shape" : "cb606f69-e3e1-49cf-a555-9f2fec87d14d",
    "color" : "#F2F2F2",
    "position" : {
      "x" : 6.944272,
      "y" : -31.09017,
      "z" : 31.18034
    }
  }, {
    "shape" : "ee5ce1fa-225a-40e4-802f-211496731533",
    "color" : "#D91218",
    "position" : {
      "x" : -11.18034,
      "y" : 31.09017,
      "z" : -38.034443
    },
    "orientation" : 16
  }, {
    "shape" : "cb606f69-e3e1-49cf-a555-9f2fec87d14d",
    "color" : "#F2F2F2",
    "position" : {
      "x" : 24.326239,
      "y" : 20.0,
      "z" : 0.090169944
    }
  }, {
    "shape" : "ee5ce1fa-225a-40e4-802f-211496731533",
    "color" : "#D91218",
    "position" : {
      "x" : 42.27051,
      "y" : 20.0,
      "z" : 6.944272
    },
    "orientation" : 31
  }, {
    "shape" : "86a1268f-80bc-46af-8652-ff4ffff84c9b",
    "color" : "#8B4513",
    "position" : {
      "x" : -22.27051,
      "y" : 13.145898,
      "z" : -31.18034
    },
