{
  "field" : "golden",
  "symmetry" : "icosahedral",
  "orientations" : [ [ 1.0, 0.0, 0.0, 0.0, 0.0, 1.0, 0.0, 0.0, 0.0, 0.0, 1.0, 0.0, 0.0, 0.0, 0.0, 1.0 ], [ 0.0, 0.0, 1.0, 0.0, 1.0, 0.0, 0.0, 0.0, 0.0, 1.0, 0.0, 0.0, 0.0, 0.0, 0.0, 1.0 ], [ 0.0, 1.0, 0.0, 0.0, 0.0, 0.0, 1.0, 0.0, 1.0, 0.0, 0.0, 0.0, 0.0, 0.0, 0.0, 1.0 ], [ 0.809017, 0.309017, 0.5, 0.0, 0.309017, 0.5, -0.809017, 0.0, -0.5, 0.809017, 0.309017, 0.0, 0.0, 0.0, 0.0, 1.0 ], [ -0.5, 0.809017, 0.309017, 0.0, 0.809017, 0.309017, 0.5, 0.0, 0.309017, 0.5, -0.809017, 0.0, 0.0, 0.0, 0.0, 1.0 ], [ 0.309017, 0.5, -0.809017, 0.0, -0.5, 0.809017, 0.309017, 0.0, 0.809017, 0.309017, 0.5, 0.0, 0.0, 0.0, 0.0, 1.0 ], [ 0.5, 0.809017, 0.309017, 0.0, 0.809017, -0.309017, -0.5, 0.0, -0.309017, 0.5, -0.809017, 0.0, 0.0, 0.0, 0.0, 1.0 ], [ -0.309017, 0.5, -0.809017, 0.0, 0.5, 0.809017, 0.309017, 0.0, 0.809017, -0.309017, -0.5, 0.0, 0.0, 0.0, 0.0, 1.0 ], [ 0.809017, -0.309017, -0.5, 0.0, -0.309017, 0.5, -0.809017, 0.0, 0.5, 0.809017, 0.309017, 0.0, 0.0, 0.0, 0.0, 1.0 ], [ 0.5, 0.809017, -0.309017, 0.0, 0.809017, -0.309017, 0.5, 0.0, 0.309017, -0.5, -0.809017, 0.0, 0.0, 0.0, 0.0, 1.0 ], [ 0.309017, -0.5, -0.809017, 0.0, 0.5, 0.809017, -0.309017, 0.0, 0.809017, -0.309017, 0.5, 0.0, 0.0, 0.0, 0.0, 1.0 ], [ 0.809017, -0.309017, 0.5, 0.0, 0.309017, -0.5, -0.809017, 0.0, 0.5, 0.809017, -0.309017, 0.0, 0.0, 0.0, 0.0, 1.0 ], [ 0.809017, 0.309017, -0.5, 0.0, 0.309017, 0.5, 0.809017, 0.0, 0.5, -0.809017, 0.309017, 0.0, 0.0, 0.0, 0.0, 1.0 ], [ 0.5, -0.809017, 0.309017, 0.0, 0.809017, 0.309017, -0.5, 0.0, 0.309017, 0.5, 0.809017, 0.0, 0.0, 0.0, 0.0, 1.0 ], [ 0.309017, 0.5, 0.809017, 0.0, 0.5, -0.809017, 0.309017, 0.0, 0.809017, 0.309017, -0.5, 0.0, 0.0, 0.0, 0.0, 1.0 ], [ 1.0, 0.0, 0.0, 0.0, 0.0, -1.0, 0.0, 0.0, 0.0, 0.0, -1.0, 0.0, 0.0, 0.0, 0.0, 1.0 ], [ 0.0, 0.0, 1.0, 0.0, -1.0, 0.0, 0.0, 0.0, 0.0, -1.0, 0.0, 0.0, 0.0, 0.0, 0.0, 1.0 ], [ 0.0, 1.0, 0.0, 0.0, 0.0, 0.0, -1.0, 0.0, -1.0, 0.0, 0.0, 0.0, 0.0, 0.0, 0.0, 1.0 ], [ 0.809017, 0.309017, 0.5, 0.0, -0.309017, -0.5, 0.809017, 0.0, 0.5, -0.809017, -0.309017, 0.0, 0.0, 0.0, 0.0, 1.0 ], [ -0.5, 0.809017, 0.309017, 0.0, -0.809017, -0.309017, -0.5, 0.0, -0.309017, -0.5, 0.809017, 0.0, 0.0, 0.0, 0.0, 1.0 ], [ 0.309017, 0.5, -0.809017, 0.0, 0.5, -0.809017, -0.309017, 0.0, -0.809017, -0.309017, -0.5, 0.0, 0.0, 0.0, 0.0, 1.0 ], [ 0.5, 0.809017, 0.309017, 0.0, -0.809017, 0.309017, 0.5, 0.0, 0.309017, -0.5, 0.809017, 0.0, 0.0, 0.0, 0.0, 1.0 ], [ -0.309017, 0.5, -0.809017, 0.0, -0.5, -0.809017, -0.309017, 0.0, -0.809017, 0.309017, 0.5, 0.0, 0.0, 0.0, 0.0, 1.0 ], [ 0.809017, -0.309017, -0.5, 0.0, 0.309017, -0.5, 0.809017, 0.0, -0.5, -0.809017, -0.309017, 0.0, 0.0, 0.0, 0.0, 1.0 ], [ 0.5, 0.809017, -0.309017, 0.0, -0.809017, 0.309017, -0.5, 0.0, -0.309017, 0.5, 0.809017, 0.0, 0.0, 0.0, 0.0, 1.0 ], [ 0.309017, -0.5, -0.809017, 0.0, -0.5, -0.809017, 0.309017, 0.0, -0.809017, 0.309017, -0.5, 0.0, 0.0, 0.0, 0.0, 1.0 ], [ 0.809017, -0.309017, 0.5, 0.0, -0.309017, 0.5, 0.809017, 0.0, -0.5, -0.809017, 0.309017, 0.0, 0.0, 0.0, 0.0, 1.0 ], [ 0.809017, 0.309017, -0.5, 0.0, -0.309017, -0.5, -0.809017, 0.0, -0.5, 0.809017, -0.309017, 0.0, 0.0, 0.0, 0.0, 1.0 ], [ 0.5, -0.809017, 0.309017, 0.0, -0.809017, -0.309017, 0.5, 0.0, -0.309017, -0.5, -0.809017, 0.0, 0.0, 0.0, 0.0, 1.0 ], [ 0.309017, 0.5, 0.809017, 0.0, -0.5, 0.809017, -0.309017, 0.0, -0.809017, -0.309017, 0.5, 0.0, 0.0, 0.0, 0.0, 1.0 ], [ -1.0, 0.0, 0.0, 0.0, 0.0, -1.0, 0.0, 0.0, 0.0, 0.0, 1.0, 0.0, 0.0, 0.0, 0.0, 1.0 ], [ 0.0, 0.0, -1.0, 0.0, -1.0, 0.0, 0.0, 0.0, 0.0, 1.0, 0.0, 0.0, 0.0, 0.0, 0.0, 1.0 ], [ 0.0, -1.0, 0.0, 0.0, 0.0, 0.0, -1.0, 0.0, 1.0, 0.0, 0.0, 0.0, 0.0, 0.0, 0.0, 1.0 ], [ -0.809017, -0.309017, -0.5, 0.0, -0.309017, -0.5, 0.809017, 0.0, -0.5, 0.809017, 0.309017, 0.0, 0.0, 0.0, 0.0, 1.0 ], [ 0.5, -0.809017, -0.309017, 0.0, -0.809017, -0.309017, -0.5, 0.0, 0.309017, 0.5, -0.809017, 0.0, 0.0, 0.0, 0.0, 1.0 ], [ -0.309017, -0.5, 0.809017, 0.0, 0.5, -0.809017, -0.309017, 0.0, 0.809017, 0.309017, 0.5, 0.0, 0.0, 0.0, 0.0, 1.0 ], [ -0.5, -0.809017, -0.309017, 0.0, -0.809017, 0.309017, 0.5, 0.0, -0.309017, 0.5, -0.809017, 0.0, 0.0, 0.0, 0.0, 1.0 ], [ 0.309017, -0.5, 0.809017, 0.0, -0.5, -0.809017, -0.309017, 0.0, 0.809017, -0.309017, -0.5, 0.0, 0.0, 0.0, 0.0, 1.0 ], [ -0.809017, 0.309017, 0.5, 0.0, 0.309017, -0.5, 0.809017, 0.0, 0.5, 0.809017, 0.309017, 0.0, 0.0, 0.0, 0.0, 1.0 ], [ -0.5, -0.809017, 0.309017, 0.0, -0.809017, 0.309017, -0.5, 0.0, 0.309017, -0.5, -0.809017, 0.0, 0.0, 0.0, 0.0, 1.0 ], [ -0.309017, 0.5, 0.809017, 0.0, -0.5, -0.809017, 0.309017, 0.0, 0.809017, -0.309017, 0.5, 0.0, 0.0, 0.0, 0.0, 1.0 ], [ -0.809017, 0.309017, -0.5, 0.0, -0.309017, 0.5, 0.809017, 0.0, 0.5, 0.809017, -0.309017, 0.0, 0.0, 0.0, 0.0, 1.0 ], [ -0.809017, -0.309017, 0.5, 0.0, -0.309017, -0.5, -0.809017, 0.0, 0.5, -0.809017, 0.309017, 0.0, 0.0, 0.0, 0.0, 1.0 ], [ -0.5, 0.809017, -0.309017, 0.0, -0.809017, -0.309017, 0.5, 0.0, 0.309017, 0.5, 0.809017, 0.0, 0.0, 0.0, 0.0, 1.0 ], [ -0.309017, -0.5, -0.809017, 0.0, -0.5, 0.809017, -0.309017, 0.0, 0.809017, 0.309017, -0.5, 0.0, 0.0, 0.0, 0.0, 1.0 ], [ -1.0, 0.0, 0.0, 0.0, 0.0, 1.0, 0.0, 0.0, 0.0, 0.0, -1.0, 0.0, 0.0, 0.0, 0.0, 1.0 ], [ 0.0, 0.0, -1.0, 0.0, 1.0, 0.0, 0.0, 0.0, 0.0, -1.0, 0.0, 0.0, 0.0, 0.0, 0.0, 1.0 ], [ 0.0, -1.0, 0.0, 0.0, 0.0, 0.0, 1.0, 0.0, -1.0, 0.0, 0.0, 0.0, 0.0, 0.0, 0.0, 1.0 ], [ -0.809017, -0.309017, -0.5, 0.0, 0.309017, 0.5, -0.809017, 0.0, 0.5, -0.809017, -0.309017, 0.0, 0.0, 0.0, 0.0, 1.0 ], [ 0.5, -0.809017, -0.309017, 0.0, 0.809017, 0.309017, 0.5, 0.0, -0.309017, -0.5, 0.809017, 0.0, 0.0, 0.0, 0.0, 1.0 ], [ -0.309017, -0.5, 0.809017, 0.0, -0.5, 0.809017, 0.309017, 0.0, -0.809017, -0.309017, -0.5, 0.0, 0.0, 0.0, 0.0, 1.0 ], [ -0.5, -0.809017, -0.309017, 0.0, 0.809017, -0.309017, -0.5, 0.0, 0.309017, -0.5, 0.809017, 0.0, 0.0, 0.0, 0.0, 1.0 ], [ 0.309017, -0.5, 0.809017, 0.0, 0.5, 0.809017, 0.309017, 0.0, -0.809017, 0.309017, 0.5, 0.0, 0.0, 0.0, 0.0, 1.0 ], [ -0.809017, 0.309017, 0.5, 0.0, -0.309017, 0.5, -0.809017, 0.0, -0.5, -0.809017, -0.309017, 0.0, 0.0, 0.0, 0.0, 1.0 ], [ -0.5, -0.809017, 0.309017, 0.0, 0.809017, -0.309017, 0.5, 0.0, -0.309017, 0.5, 0.809017, 0.0, 0.0, 0.0, 0.0, 1.0 ], [ -0.309017, 0.5, 0.809017, 0.0, 0.5, 0.809017, -0.309017, 0.0, -0.809017, 0.309017, -0.5, 0.0, 0.0, 0.0, 0.0, 1.0 ], [ -0.809017, 0.309017, -0.5, 0.0, 0.309017, -0.5, -0.809017, 0.0, -0.5, -0.809017, 0.309017, 0.0, 0.0, 0.0, 0.0, 1.0 ], [ -0.809017, -0.309017, 0.5, 0.0, 0.309017, 0.5, 0.809017, 0.0, -0.5, 0.809017, -0.309017, 0.0, 0.0, 0.0, 0.0, 1.0 ], [ -0.5, 0.809017, -0.309017, 0.0, 0.809017, 0.309017, -0.5, 0.0, -0.309017, -0.5, -0.809017, 0.0, 0.0, 0.0, 0.0, 1.0 ], [ -0.309017, -0.5, -0.809017, 0.0, 0.5, -0.809017, 0.309017, 0.0, -0.809017, -0.309017, 0.5, 0.0, 0.0, 0.0, 0.0, 1.0 ] ],
  "lights" : {
    "directionalLights" : [ {
      "direction" : {
        "x" : 1.0,
        "y" : -1.0,
        "z" : -1.0
      },
      "color" : "#EBEBE4"
    }, {
      "direction" : {
        "x" : -1.0,
        "y" : 0.0,
        "z" : 0.0
      },
      "color" : "#E4E4EB"
    }, {
      "direction" : {
        "x" : 0.0,
        "y" : 0.0,
        "z" : -1.0
      },
      "color" : "#1E1E1E"
    } ],
    "backgroundColor" : "#AFC8DC",
    "ambientColor" : "#292929"
  },
  "camera" : {
    "position" : {
      "x" : -86.45061,
      "y" : -86.45061,
      "z" : 86.45061
    },
    "width" : 67.38161,
    "perspective" : false,
    "fieldOfView" : 0.44262904,
    "viewDistance" : 149.73685,
    "lookAtPoint" : {
      "x" : 0.0,
      "y" : 0.0,
      "z" : 0.0
    },
    "farClipDistance" : 299.4733,
    "nearClipDistance" : 0.37434223,
    "upDirection" : {
      "x" : 0.11026409,
      "y" : -0.7557613,
      "z" : -0.6454972
    },
    "lookDirection" : {
      "x" : 0.57735026,
      "y" : 0.57735026,
      "z" : -0.57735026
    },
    "stereo" : false
  },
  "embedding" : [ 1.0, 0.0, 0.0, 0.0, 0.0, 1.0, 0.0, 0.0, 0.0, 0.0, 1.0, 0.0, 0.0, 0.0, 0.0, 1.0 ],
  "shapes" : [ {
    "id" : "80cc8679-5637-4ad6-bc52-eb8750357412",
    "vertices" : [ {
      "x" : 1.0,
      "y" : 0.309017,
      "z" : 0.19098301
    }, {
      "x" : 1.0,
      "y" : -0.309017,
      "z" : 0.19098301
    }, {
      "x" : 4.236068,
      "y" : -0.309017,
      "z" : 0.19098301
    }, {
      "x" : 4.236068,
      "y" : 0.309017,
      "z" : 0.19098301
    }, {
      "x" : 4.236068,
      "y" : -0.309017,
      "z" : -0.19098301
    }, {
      "x" : 4.236068,
      "y" : 0.309017,
      "z" : -0.19098301
    }, {
      "x" : 4.854102,
      "y" : 0.0,
      "z" : 0.0
    }, {
      "x" : 0.38196602,
      "y" : 0.0,
      "z" : 0.0
    }, {
      "x" : 1.0,
      "y" : 0.309017,
      "z" : -0.19098301
    }, {
      "x" : 1.0,
      "y" : -0.309017,
      "z" : -0.19098301
    }, {
      "x" : 5.236068,
      "y" : 0.0,
      "z" : 0.0
    } ],
    "faces" : [ {
      "vertices" : [ 1, 9, 4 ]
    }, {
      "vertices" : [ 1, 4, 2 ]
    }, {
      "vertices" : [ 0, 3, 5 ]
    }, {
      "vertices" : [ 0, 5, 8 ]
    }, {
      "vertices" : [ 1, 7, 9 ]
    }, {
      "vertices" : [ 0, 1, 2 ]
    }, {
      "vertices" : [ 0, 2, 3 ]
    }, {
      "vertices" : [ 7, 8, 9 ]
    }, {
      "vertices" : [ 0, 7, 1 ]
    }, {
      "vertices" : [ 4, 9, 8 ]
    }, {
      "vertices" : [ 4, 8, 5 ]
    }, {
      "vertices" : [ 2, 6, 3 ]
    }, {
      "vertices" : [ 2, 4, 6 ]
    }, {
      "vertices" : [ 3, 6, 5 ]
    }, {
      "vertices" : [ 4, 5, 6 ]
    }, {
      "vertices" : [ 0, 8, 7 ]
    } ]
  }, {
    "id" : "7c30f925-6154-4e1a-8683-a91f2dd7c8ed",
    "vertices" : [ {
      "x" : 0.309017,
      "y" : -0.309017,
      "z" : -0.309017
    }, {
      "x" : 0.5,
      "y" : 0.0,
      "z" : -0.19098301
    }, {
      "x" : 0.5,
      "y" : 0.0,
      "z" : 0.19098301
    }, {
      "x" : 0.309017,
      "y" : -0.309017,
      "z" : 0.309017
    }, {
      "x" : 0.19098301,
      "y" : -0.5,
      "z" : 0.0
    }, {
      "x" : 0.0,
      "y" : 0.19098301,
      "z" : 0.5
    }, {
      "x" : 0.0,
      "y" : -0.19098301,
      "z" : 0.5
    }, {
      "x" : 0.309017,
      "y" : 0.309017,
      "z" : 0.309017
    }, {
      "x" : -0.309017,
      "y" : -0.309017,
      "z" : 0.309017
    }, {
      "x" : -0.309017,
      "y" : 0.309017,
      "z" : 0.309017
    }, {
      "x" : -0.5,
      "y" : 0.0,
      "z" : 0.19098301
    }, {
      "x" : 0.0,
      "y" : -0.19098301,
      "z" : -0.5
    }, {
      "x" : 0.0,
      "y" : 0.19098301,
      "z" : -0.5
    }, {
      "x" : 0.309017,
      "y" : 0.309017,
      "z" : -0.309017
    }, {
      "x" : -0.309017,
      "y" : -0.309017,
      "z" : -0.309017
    }, {
      "x" : -0.19098301,
      "y" : -0.5,
      "z" : 0.0
    }, {
      "x" : -0.5,
      "y" : 0.0,
      "z" : -0.19098301
    }, {
      "x" : 0.19098301,
      "y" : 0.5,
      "z" : 0.0
    }, {
      "x" : -0.309017,
      "y" : 0.309017,
      "z" : -0.309017
    }, {
      "x" : 0.0,
      "y" : 0.0,
      "z" : 0.0
    }, {
      "x" : -0.19098301,
      "y" : 0.5,
      "z" : 0.0
    } ],
    "faces" : [ {
      "vertices" : [ 12, 18, 20 ]
    }, {
      "vertices" : [ 12, 20, 17 ]
    }, {
      "vertices" : [ 12, 17, 13 ]
    }, {
      "vertices" : [ 3, 6, 8 ]
    }, {
      "vertices" : [ 3, 8, 15 ]
    }, {
      "vertices" : [ 3, 15, 4 ]
    }, {
      "vertices" : [ 0, 11, 12 ]
    }, {
      "vertices" : [ 0, 12, 13 ]
    }, {
      "vertices" : [ 0, 13, 1 ]
    }, {
      "vertices" : [ 5, 9, 10 ]
    }, {
      "vertices" : [ 5, 10, 8 ]
    }, {
      "vertices" : [ 5, 8, 6 ]
    }, {
      "vertices" : [ 2, 7, 5 ]
    }, {
      "vertices" : [ 2, 5, 6 ]
    }, {
      "vertices" : [ 2, 6, 3 ]
    }, {
      "vertices" : [ 11, 14, 16 ]
    }, {
      "vertices" : [ 11, 16, 18 ]
    }, {
      "vertices" : [ 11, 18, 12 ]
    }, {
      "vertices" : [ 1, 13, 17 ]
    }, {
      "vertices" : [ 1, 17, 7 ]
    }, {
      "vertices" : [ 1, 7, 2 ]
    }, {
      "vertices" : [ 9, 20, 18 ]
    }, {
      "vertices" : [ 9, 18, 16 ]
    }, {
      "vertices" : [ 9, 16, 10 ]
    }, {
      "vertices" : [ 0, 1, 2 ]
    }, {
      "vertices" : [ 0, 2, 3 ]
    }, {
      "vertices" : [ 0, 3, 4 ]
    }, {
      "vertices" : [ 5, 7, 17 ]
    }, {
      "vertices" : [ 5, 17, 20 ]
    }, {
      "vertices" : [ 5, 20, 9 ]
    }, {
      "vertices" : [ 0, 4, 15 ]
    }, {
      "vertices" : [ 0, 15, 14 ]
    }, {
      "vertices" : [ 0, 14, 11 ]
    }, {
      "vertices" : [ 8, 10, 16 ]
    }, {
      "vertices" : [ 8, 16, 14 ]
    }, {
      "vertices" : [ 8, 14, 15 ]
    } ]
  }, {
    "id" : "2c81eed7-eb36-460e-a451-fcada3981eab",
    "vertices" : [ {
      "x" : -15.326238,
      "y" : -1.618034,
      "z" : -6.854102
    }, {
      "x" : -15.326238,
      "y" : -1.618034,
      "z" : 1.618034
    }, {
      "x" : -12.708204,
      "y" : -5.854102,
      "z" : 3.236068
    }, {
      "x" : -12.708204,
      "y" : -5.854102,
      "z" : -5.236068
    } ],
    "faces" : [ {
      "vertices" : [ 0, 1, 2 ]
    }, {
      "vertices" : [ 0, 2, 3 ]
    }, {
      "vertices" : [ 0, 3, 2 ]
    }, {
      "vertices" : [ 0, 2, 1 ]
    } ]
  }, {
    "id" : "85a301c1-d557-4f50-bacf-d73929724852",
    "vertices" : [ {
      "x" : 1.0,
      "y" : 0.309017,
      "z" : 0.19098301
    }, {
      "x" : 1.0,
      "y" : -0.309017,
      "z" : 0.19098301
    }, {
      "x" : 7.472136,
      "y" : -0.309017,
      "z" : 0.19098301
    }, {
      "x" : 7.472136,
      "y" : 0.309017,
      "z" : 0.19098301
    }, {
      "x" : 7.472136,
      "y" : -0.309017,
      "z" : -0.19098301
    }, {
      "x" : 7.472136,
      "y" : 0.309017,
      "z" : -0.19098301
    }, {
      "x" : 8.09017,
      "y" : 0.0,
      "z" : 0.0
    }, {
      "x" : 0.38196602,
      "y" : 0.0,
      "z" : 0.0
    }, {
      "x" : 1.0,
      "y" : 0.309017,
      "z" : -0.19098301
    }, {
      "x" : 1.0,
      "y" : -0.309017,
      "z" : -0.19098301
    }, {
      "x" : 8.472136,
      "y" : 0.0,
      "z" : 0.0
    } ],
    "faces" : [ {
      "vertices" : [ 1, 9, 4 ]
    }, {
      "vertices" : [ 1, 4, 2 ]
    }, {
      "vertices" : [ 0, 3, 5 ]
    }, {
      "vertices" : [ 0, 5, 8 ]
    }, {
      "vertices" : [ 1, 7, 9 ]
    }, {
      "vertices" : [ 0, 1, 2 ]
    }, {
      "vertices" : [ 0, 2, 3 ]
    }, {
      "vertices" : [ 7, 8, 9 ]
    }, {
      "vertices" : [ 0, 7, 1 ]
    }, {
      "vertices" : [ 4, 9, 8 ]
    }, {
      "vertices" : [ 4, 8, 5 ]
    }, {
      "vertices" : [ 2, 6, 3 ]
    }, {
      "vertices" : [ 2, 4, 6 ]
    }, {
      "vertices" : [ 3, 6, 5 ]
    }, {
      "vertices" : [ 4, 5, 6 ]
    }, {
      "vertices" : [ 0, 8, 7 ]
    } ]
  }, {
    "id" : "c410e8bc-0d82-4676-a8e6-47425951074d",
    "vertices" : [ {
      "x" : 6.854102,
      "y" : -1.618034,
      "z" : 15.326238
    }, {
      "x" : 2.618034,
      "y" : -8.472136,
      "z" : 12.708204
    }, {
      "x" : -5.854102,
      "y" : -8.472136,
      "z" : 12.708204
    }, {
      "x" : -1.618034,
      "y" : -1.618034,
      "z" : 15.326238
    } ],
    "faces" : [ {
      "vertices" : [ 0, 1, 2 ]
    }, {
      "vertices" : [ 0, 2, 3 ]
    }, {
      "vertices" : [ 0, 3, 2 ]
    }, {
      "vertices" : [ 0, 2, 1 ]
    } ]
  }, {
    "id" : "6e19b0be-3c33-4ce1-8727-3c4ab2339ac5",
    "vertices" : [ {
      "x" : 5.854102,
      "y" : 3.236068,
      "z" : -12.708204
    }, {
      "x" : 1.618034,
      "y" : 1.618034,
      "z" : -15.326238
    }, {
      "x" : 1.618034,
      "y" : -6.854102,
      "z" : -15.326238
    }, {
      "x" : 5.854102,
      "y" : -5.236068,
      "z" : -12.708204
    } ],
    "faces" : [ {
      "vertices" : [ 0, 1, 2 ]
    }, {
      "vertices" : [ 0, 2, 3 ]
    }, {
      "vertices" : [ 0, 3, 2 ]
    }, {
      "vertices" : [ 0, 2, 1 ]
    } ]
  }, {
    "id" : "cd32e5ae-108e-4754-b376-1ae0e8a3bace",
    "vertices" : [ {
      "x" : -2.618034,
      "y" : 8.472136,
      "z" : -12.708204
    }, {
      "x" : -9.472136,
      "y" : 11.09017,
      "z" : -8.472136
    }, {
      "x" : -13.708204,
      "y" : 4.236068,
      "z" : -11.09017
    }, {
      "x" : -6.854102,
      "y" : 1.618034,
      "z" : -15.326238
    } ],
    "faces" : [ {
      "vertices" : [ 0, 1, 2 ]
    }, {
      "vertices" : [ 0, 2, 3 ]
    }, {
      "vertices" : [ 0, 3, 2 ]
    }, {
      "vertices" : [ 0, 2, 1 ]
    } ]
  }, {
    "id" : "0d7d17fb-98d2-4b15-b765-ac1ab3274e8e",
    "vertices" : [ {
      "x" : 4.236068,
      "y" : 11.09017,
      "z" : 13.708204
    }, {
      "x" : 6.854102,
      "y" : 6.854102,
      "z" : 15.326238
    }, {
      "x" : -1.618034,
      "y" : 6.854102,
      "z" : 15.326238
    }, {
      "x" : -4.236068,
      "y" : 11.09017,
      "z" : 13.708204
    } ],
    "faces" : [ {
      "vertices" : [ 0, 1, 2 ]
    }, {
      "vertices" : [ 0, 2, 3 ]
    }, {
      "vertices" : [ 0, 3, 2 ]
    }, {
      "vertices" : [ 0, 2, 1 ]
    } ]
  }, {
    "id" : "797052c9-f737-4708-9b1b-2fc3555ac1f4",
    "vertices" : [ {
      "x" : 13.708204,
      "y" : 4.236068,
      "z" : 11.09017
    }, {
      "x" : 13.708204,
      "y" : -4.236068,
      "z" : 11.09017
    }, {
      "x" : 6.854102,
      "y" : -1.618034,
      "z" : 15.326238
    }, {
      "x" : 6.854102,
      "y" : 6.854102,
      "z" : 15.326238
    } ],
    "faces" : [ {
      "vertices" : [ 0, 1, 2 ]
    }, {
      "vertices" : [ 0, 2, 3 ]
    }, {
      "vertices" : [ 0, 3, 2 ]
    }, {
      "vertices" : [ 0, 2, 1 ]
    } ]
  }, {
    "id" : "46fbb971-ad4b-443a-9ac4-4340817725b6",
    "vertices" : [ {
      "x" : -8.472136,
      "y" : 9.472136,
      "z" : 11.09017
    }, {
      "x" : -5.854102,
      "y" : 5.236068,
      "z" : 12.708204
    }, {
      "x" : -10.09017,
      "y" : -1.618034,
      "z" : 10.09017
    }, {
      "x" : -12.708204,
      "y" : 2.618034,
      "z" : 8.472136
    } ],
    "faces" : [ {
      "vertices" : [ 0, 1, 2 ]
    }, {
      "vertices" : [ 0, 2, 3 ]
    }, {
      "vertices" : [ 0, 3, 2 ]
    }, {
      "vertices" : [ 0, 2, 1 ]
    } ]
  }, {
    "id" : "f9174d12-3134-4132-a092-dc0255cb4236",
    "vertices" : [ {
      "x" : 4.236068,
      "y" : -11.09017,
      "z" : -13.708204
    }, {
      "x" : -4.236068,
      "y" : -11.09017,
      "z" : -13.708204
    }, {
      "x" : -1.618034,
      "y" : -15.326238,
      "z" : -6.854102
    }, {
      "x" : 6.854102,
      "y" : -15.326238,
      "z" : -6.854102
    } ],
    "faces" : [ {
      "vertices" : [ 0, 1, 2 ]
    }, {
      "vertices" : [ 0, 2, 3 ]
    }, {
      "vertices" : [ 0, 3, 2 ]
    }, {
      "vertices" : [ 0, 2, 1 ]
    } ]
  }, {
    "id" : "8bd177e1-8116-4f22-8324-d32fa329a8d7",
    "vertices" : [ {
      "x" : 6.854102,
      "y" : -15.326238,
      "z" : 1.618034
    }, {
      "x" : -1.618034,
      "y" : -15.326238,
      "z" : 1.618034
    }, {
      "x" : -3.236068,
      "y" : -12.708204,
      "z" : 5.854102
    }, {
      "x" : 5.236068,
      "y" : -12.708204,
      "z" : 5.854102
    } ],
    "faces" : [ {
      "vertices" : [ 0, 1, 2 ]
    }, {
      "vertices" : [ 0, 2, 3 ]
    }, {
      "vertices" : [ 0, 3, 2 ]
    }, {
      "vertices" : [ 0, 2, 1 ]
    } ]
  }, {
    "id" : "4cc93879-1dfd-49a1-a11a-52ba7c13e7aa",
    "vertices" : [ {
      "x" : -4.236068,
      "y" : -11.09017,
      "z" : -13.708204
    }, {
      "x" : -11.09017,
      "y" : -8.472136,
      "z" : -9.472136
    }, {
      "x" : -8.472136,
      "y" : -12.708204,
      "z" : -2.618034
    }, {
      "x" : -1.618034,
      "y" : -15.326238,
      "z" : -6.854102
    } ],
    "faces" : [ {
      "vertices" : [ 0, 1, 2 ]
    }, {
      "vertices" : [ 0, 2, 3 ]
    }, {
      "vertices" : [ 0, 3, 2 ]
    }, {
      "vertices" : [ 0, 2, 1 ]
    } ]
  }, {
    "id" : "4be0b938-2c75-4560-9781-b41b75c843db",
    "vertices" : [ {
      "x" : 10.09017,
      "y" : 10.09017,
      "z" : -10.09017
    }, {
      "x" : 12.708204,
      "y" : 5.854102,
      "z" : -8.472136
    }, {
      "x" : 15.326238,
      "y" : 1.618034,
      "z" : -1.618034
    }, {
      "x" : 12.708204,
      "y" : 5.854102,
      "z" : -3.236068
    } ],
    "faces" : [ {
      "vertices" : [ 0, 1, 2 ]
    }, {
      "vertices" : [ 0, 2, 3 ]
    }, {
      "vertices" : [ 0, 3, 2 ]
    }, {
      "vertices" : [ 0, 2, 1 ]
    } ]
  }, {
    "id" : "64a396ab-6ad3-4788-a35d-29a99cd63a97",
    "vertices" : [ {
      "x" : 6.854102,
      "y" : -15.326238,
      "z" : -6.854102
    }, {
      "x" : -1.618034,
      "y" : -15.326238,
      "z" : -6.854102
    }, {
      "x" : -1.618034,
      "y" : -15.326238,
      "z" : 1.618034
    }, {
      "x" : 6.854102,
      "y" : -15.326238,
      "z" : 1.618034
    } ],
    "faces" : [ {
      "vertices" : [ 0, 1, 2 ]
    }, {
      "vertices" : [ 0, 2, 3 ]
    }, {
      "vertices" : [ 0, 3, 2 ]
    }, {
      "vertices" : [ 0, 2, 1 ]
    } ]
  }, {
    "id" : "af7c2bcb-edb0-45fc-b864-8f16febfa5e2",
    "vertices" : [ {
      "x" : 6.854102,
      "y" : 6.854102,
      "z" : 15.326238
    }, {
      "x" : 6.854102,
      "y" : -1.618034,
      "z" : 15.326238
    }, {
      "x" : -1.618034,
      "y" : -1.618034,
      "z" : 15.326238
    }, {
      "x" : -1.618034,
      "y" : 6.854102,
      "z" : 15.326238
    } ],
    "faces" : [ {
      "vertices" : [ 0, 1, 2 ]
    }, {
      "vertices" : [ 0, 2, 3 ]
    }, {
      "vertices" : [ 0, 3, 2 ]
    }, {
      "vertices" : [ 0, 2, 1 ]
    } ]
  }, {
    "id" : "2eeaff18-15f9-45b0-ac9a-b1d8eb6c844b",
    "vertices" : [ {
      "x" : 5.854102,
      "y" : 8.472136,
      "z" : -12.708204
    }, {
      "x" : -2.618034,
      "y" : 8.472136,
      "z" : -12.708204
    }, {
      "x" : -6.854102,
      "y" : 1.618034,
      "z" : -15.326238
    }, {
      "x" : 1.618034,
      "y" : 1.618034,
      "z" : -15.326238
    } ],
    "faces" : [ {
      "vertices" : [ 0, 1, 2 ]
    }, {
      "vertices" : [ 0, 2, 3 ]
    }, {
      "vertices" : [ 0, 3, 2 ]
    }, {
      "vertices" : [ 0, 2, 1 ]
    } ]
  }, {
    "id" : "156d962b-f165-4d7e-b449-9834a23e57bb",
    "vertices" : [ {
      "x" : 12.708204,
      "y" : 5.854102,
      "z" : -3.236068
    }, {
      "x" : 15.326238,
      "y" : 1.618034,
      "z" : -1.618034
    }, {
      "x" : 15.326238,
      "y" : 1.618034,
      "z" : 6.854102
    }, {
      "x" : 12.708204,
      "y" : 5.854102,
      "z" : 5.236068
    } ],
    "faces" : [ {
      "vertices" : [ 0, 1, 2 ]
    }, {
      "vertices" : [ 0, 2, 3 ]
    }, {
      "vertices" : [ 0, 3, 2 ]
    }, {
      "vertices" : [ 0, 2, 1 ]
    } ]
  }, {
    "id" : "41db6e69-b9f9-4a2f-b317-d034b7f786ab",
    "vertices" : [ {
      "x" : -11.09017,
      "y" : -8.472136,
      "z" : -9.472136
    }, {
      "x" : -12.708204,
      "y" : -5.854102,
      "z" : -5.236068
    }, {
      "x" : -10.09017,
      "y" : -10.09017,
      "z" : 1.618034
    }, {
      "x" : -8.472136,
      "y" : -12.708204,
      "z" : -2.618034
    } ],
    "faces" : [ {
      "vertices" : [ 0, 1, 2 ]
    }, {
      "vertices" : [ 0, 2, 3 ]
    }, {
      "vertices" : [ 0, 3, 2 ]
    }, {
      "vertices" : [ 0, 2, 1 ]
    } ]
  }, {
    "id" : "f06b6875-1c23-48d4-96e1-a776277e8190",
    "vertices" : [ {
      "x" : 1.618034,
      "y" : -6.854102,
      "z" : -15.326238
    }, {
      "x" : -6.854102,
      "y" : -6.854102,
      "z" : -15.326238
    }, {
      "x" : -4.236068,
      "y" : -11.09017,
      "z" : -13.708204
    }, {
      "x" : 4.236068,
      "y" : -11.09017,
      "z" : -13.708204
    } ],
    "faces" : [ {
      "vertices" : [ 0, 1, 2 ]
    }, {
      "vertices" : [ 0, 2, 3 ]
    }, {
      "vertices" : [ 0, 3, 2 ]
    }, {
      "vertices" : [ 0, 2, 1 ]
    } ]
  }, {
    "id" : "05b7c2bc-fb2a-425c-8aaf-f6aa852ff72b",
    "vertices" : [ {
      "x" : -6.854102,
      "y" : 15.326238,
      "z" : 6.854102
    }, {
      "x" : -4.236068,
      "y" : 11.09017,
      "z" : 13.708204
    }, {
      "x" : -8.472136,
      "y" : 9.472136,
      "z" : 11.09017
    }, {
      "x" : -11.09017,
      "y" : 13.708204,
      "z" : 4.236068
    } ],
    "faces" : [ {
      "vertices" : [ 0, 1, 2 ]
    }, {
      "vertices" : [ 0, 2, 3 ]
    }, {
      "vertices" : [ 0, 3, 2 ]
    }, {
      "vertices" : [ 0, 2, 1 ]
    } ]
  }, {
    "id" : "b224cbea-a3bb-4838-9731-a9ac1371bc8c",
    "vertices" : [ {
      "x" : 10.09017,
      "y" : 10.09017,
      "z" : -10.09017
    }, {
      "x" : 5.854102,
      "y" : 3.236068,
      "z" : -12.708204
    }, {
      "x" : 5.854102,
      "y" : -5.236068,
      "z" : -12.708204
    }, {
      "x" : 10.09017,
      "y" : 1.618034,
      "z" : -10.09017
    } ],
    "faces" : [ {
      "vertices" : [ 0, 1, 2 ]
    }, {
      "vertices" : [ 0, 2, 3 ]
    }, {
      "vertices" : [ 0, 3, 2 ]
    }, {
      "vertices" : [ 0, 2, 1 ]
    } ]
  }, {
    "id" : "00f1168d-f56c-437a-a84e-a2e4cc657758",
    "vertices" : [ {
      "x" : 10.09017,
      "y" : 10.09017,
      "z" : -10.09017
    }, {
      "x" : 1.618034,
      "y" : 10.09017,
      "z" : -10.09017
    }, {
      "x" : -2.618034,
      "y" : 8.472136,
      "z" : -12.708204
    }, {
      "x" : 5.854102,
      "y" : 8.472136,
      "z" : -12.708204
    } ],
    "faces" : [ {
      "vertices" : [ 0, 1, 2 ]
    }, {
      "vertices" : [ 0, 2, 3 ]
    }, {
      "vertices" : [ 0, 3, 2 ]
    }, {
      "vertices" : [ 0, 2, 1 ]
    } ]
  }, {
    "id" : "6ba00f38-eeeb-495e-90d7-792fdebd1e2a",
    "vertices" : [ {
      "x" : 15.326238,
      "y" : 1.618034,
      "z" : -1.618034
    }, {
      "x" : 15.326238,
      "y" : -6.854102,
      "z" : -1.618034
    }, {
      "x" : 15.326238,
      "y" : -6.854102,
      "z" : 6.854102
    }, {
      "x" : 15.326238,
      "y" : 1.618034,
      "z" : 6.854102
    } ],
    "faces" : [ {
      "vertices" : [ 0, 1, 2 ]
    }, {
      "vertices" : [ 0, 2, 3 ]
    }, {
      "vertices" : [ 0, 3, 2 ]
    }, {
      "vertices" : [ 0, 2, 1 ]
    } ]
  }, {
    "id" : "91471306-7d0e-4c4e-947a-1294bc8e72b7",
    "vertices" : [ {
      "x" : -13.708204,
      "y" : 4.236068,
      "z" : -11.09017
    }, {
      "x" : -15.326238,
      "y" : 6.854102,
      "z" : -6.854102
    }, {
      "x" : -15.326238,
      "y" : -1.618034,
      "z" : -6.854102
    }, {
      "x" : -13.708204,
      "y" : -4.236068,
      "z" : -11.09017
    } ],
    "faces" : [ {
      "vertices" : [ 0, 1, 2 ]
    }, {
      "vertices" : [ 0, 2, 3 ]
    }, {
      "vertices" : [ 0, 3, 2 ]
    }, {
      "vertices" : [ 0, 2, 1 ]
    } ]
  }, {
    "id" : "ebdee857-1801-4363-8de2-2dc7a0d19a92",
    "vertices" : [ {
      "x" : -6.854102,
      "y" : 15.326238,
      "z" : -1.618034
    }, {
      "x" : -6.854102,
      "y" : 15.326238,
      "z" : 6.854102
    }, {
      "x" : -11.09017,
      "y" : 13.708204,
      "z" : 4.236068
    }, {
      "x" : -11.09017,
      "y" : 13.708204,
      "z" : -4.236068
    } ],
    "faces" : [ {
      "vertices" : [ 0, 1, 2 ]
    }, {
      "vertices" : [ 0, 2, 3 ]
    }, {
      "vertices" : [ 0, 3, 2 ]
    }, {
      "vertices" : [ 0, 2, 1 ]
    } ]
  }, {
    "id" : "33d1d9a0-e1d6-46c5-b825-9187abb309e8",
    "vertices" : [ {
      "x" : -15.326238,
      "y" : -1.618034,
      "z" : 1.618034
    }, {
      "x" : -12.708204,
      "y" : -5.854102,
      "z" : 8.472136
    }, {
      "x" : -10.09017,
      "y" : -10.09017,
      "z" : 10.09017
    }, {
      "x" : -12.708204,
      "y" : -5.854102,
      "z" : 3.236068
    } ],
    "faces" : [ {
      "vertices" : [ 0, 1, 2 ]
    }, {
      "vertices" : [ 0, 2, 3 ]
    }, {
      "vertices" : [ 0, 3, 2 ]
    }, {
      "vertices" : [ 0, 2, 1 ]
    } ]
  }, {
    "id" : "4c8e7adf-5df4-4cdf-abcb-5046e5254063",
    "vertices" : [ {
      "x" : 5.854102,
      "y" : -5.236068,
      "z" : -12.708204
    }, {
      "x" : 1.618034,
      "y" : -6.854102,
      "z" : -15.326238
    }, {
      "x" : 4.236068,
      "y" : -11.09017,
      "z" : -13.708204
    }, {
      "x" : 8.472136,
      "y" : -9.472136,
      "z" : -11.09017
    } ],
    "faces" : [ {
      "vertices" : [ 0, 1, 2 ]
    }, {
      "vertices" : [ 0, 2, 3 ]
    }, {
      "vertices" : [ 0, 3, 2 ]
    }, {
      "vertices" : [ 0, 2, 1 ]
    } ]
  }, {
    "id" : "370e8f4a-17cb-492e-a4d0-02b3684ec13e",
    "vertices" : [ {
      "x" : -15.326238,
      "y" : 6.854102,
      "z" : 1.618034
    }, {
      "x" : -12.708204,
      "y" : 2.618034,
      "z" : 8.472136
    }, {
      "x" : -12.708204,
      "y" : -5.854102,
      "z" : 8.472136
    }, {
      "x" : -15.326238,
      "y" : -1.618034,
      "z" : 1.618034
    } ],
    "faces" : [ {
      "vertices" : [ 0, 1, 2 ]
    }, {
      "vertices" : [ 0, 2, 3 ]
    }, {
      "vertices" : [ 0, 3, 2 ]
    }, {
      "vertices" : [ 0, 2, 1 ]
    } ]
  }, {
    "id" : "41be9130-d808-43f8-aef0-407ad1f2b18f",
    "vertices" : [ {
      "x" : -1.618034,
      "y" : -15.326238,
      "z" : -6.854102
    }, {
      "x" : -8.472136,
      "y" : -12.708204,
      "z" : -2.618034
    }, {
      "x" : -8.472136,
      "y" : -12.708204,
      "z" : 5.854102
    }, {
      "x" : -1.618034,
      "y" : -15.326238,
      "z" : 1.618034
    } ],
    "faces" : [ {
      "vertices" : [ 0, 1, 2 ]
    }, {
      "vertices" : [ 0, 2, 3 ]
    }, {
      "vertices" : [ 0, 3, 2 ]
    }, {
      "vertices" : [ 0, 2, 1 ]
    } ]
  }, {
    "id" : "2e02cd4f-d430-4db4-83ab-283531a6c9ed",
    "vertices" : [ {
      "x" : 8.472136,
      "y" : 12.708204,
      "z" : -5.854102
    }, {
      "x" : 8.472136,
      "y" : 12.708204,
      "z" : 2.618034
    }, {
      "x" : 1.618034,
      "y" : 15.326238,
      "z" : 6.854102
    }, {
      "x" : 1.618034,
      "y" : 15.326238,
      "z" : -1.618034
    } ],
    "faces" : [ {
      "vertices" : [ 0, 1, 2 ]
    }, {
      "vertices" : [ 0, 2, 3 ]
    }, {
      "vertices" : [ 0, 3, 2 ]
    }, {
      "vertices" : [ 0, 2, 1 ]
    } ]
  }, {
    "id" : "f9910aa0-6eaf-46c0-9a4f-a6ce505f426e",
    "vertices" : [ {
      "x" : 12.708204,
      "y" : 5.854102,
      "z" : 5.236068
    }, {
      "x" : 15.326238,
      "y" : 1.618034,
      "z" : 6.854102
    }, {
      "x" : 13.708204,
      "y" : 4.236068,
      "z" : 11.09017
    }, {
      "x" : 11.09017,
      "y" : 8.472136,
      "z" : 9.472136
    } ],
    "faces" : [ {
      "vertices" : [ 0, 1, 2 ]
    }, {
      "vertices" : [ 0, 2, 3 ]
    }, {
      "vertices" : [ 0, 3, 2 ]
    }, {
      "vertices" : [ 0, 2, 1 ]
    } ]
  }, {
    "id" : "7f692b07-a961-4a82-82a9-27d63b6f3209",
    "vertices" : [ {
      "x" : 2.618034,
      "y" : -8.472136,
      "z" : 12.708204
    }, {
      "x" : -1.618034,
      "y" : -10.09017,
      "z" : 10.09017
    }, {
      "x" : -10.09017,
      "y" : -10.09017,
      "z" : 10.09017
    }, {
      "x" : -5.854102,
      "y" : -8.472136,
      "z" : 12.708204
    } ],
    "faces" : [ {
      "vertices" : [ 0, 1, 2 ]
    }, {
      "vertices" : [ 0, 2, 3 ]
    }, {
      "vertices" : [ 0, 3, 2 ]
    }, {
      "vertices" : [ 0, 2, 1 ]
    } ]
  }, {
    "id" : "3fd37f73-06ca-4f34-b0db-3023dd515c0d",
    "vertices" : [ {
      "x" : 12.708204,
      "y" : -2.618034,
      "z" : -8.472136
    }, {
      "x" : 8.472136,
      "y" : -9.472136,
      "z" : -11.09017
    }, {
      "x" : 11.09017,
      "y" : -13.708204,
      "z" : -4.236068
    }, {
      "x" : 15.326238,
      "y" : -6.854102,
      "z" : -1.618034
    } ],
    "faces" : [ {
      "vertices" : [ 0, 1, 2 ]
    }, {
      "vertices" : [ 0, 2, 3 ]
    }, {
      "vertices" : [ 0, 3, 2 ]
    }, {
      "vertices" : [ 0, 2, 1 ]
    } ]
  }, {
    "id" : "8972ec8e-1e63-40c4-ba57-5b0eec486397",
    "vertices" : [ {
      "x" : 5.236068,
      "y" : -12.708204,
      "z" : 5.854102
    }, {
      "x" : -3.236068,
      "y" : -12.708204,
      "z" : 5.854102
    }, {
      "x" : -10.09017,
      "y" : -10.09017,
      "z" : 10.09017
    }, {
      "x" : -1.618034,
      "y" : -10.09017,
      "z" : 10.09017
    } ],
    "faces" : [ {
      "vertices" : [ 0, 1, 2 ]
    }, {
      "vertices" : [ 0, 2, 3 ]
    }, {
      "vertices" : [ 0, 3, 2 ]
    }, {
      "vertices" : [ 0, 2, 1 ]
    } ]
  }, {
    "id" : "3aaf4687-1b99-4602-a2bd-759dec7b09ca",
    "vertices" : [ {
      "x" : -13.708204,
      "y" : -4.236068,
      "z" : -11.09017
    }, {
      "x" : -15.326238,
      "y" : -1.618034,
      "z" : -6.854102
    }, {
      "x" : -12.708204,
      "y" : -5.854102,
      "z" : -5.236068
    }, {
      "x" : -11.09017,
      "y" : -8.472136,
      "z" : -9.472136
    } ],
    "faces" : [ {
      "vertices" : [ 0, 1, 2 ]
    }, {
      "vertices" : [ 0, 2, 3 ]
    }, {
      "vertices" : [ 0, 3, 2 ]
    }, {
      "vertices" : [ 0, 2, 1 ]
    } ]
  }, {
    "id" : "2f4abe14-00d6-47bb-847c-87cbf38c97d3",
    "vertices" : [ {
      "x" : 10.09017,
      "y" : 10.09017,
      "z" : -10.09017
    }, {
      "x" : 10.09017,
      "y" : 1.618034,
      "z" : -10.09017
    }, {
      "x" : 12.708204,
      "y" : -2.618034,
      "z" : -8.472136
    }, {
      "x" : 12.708204,
      "y" : 5.854102,
      "z" : -8.472136
    } ],
    "faces" : [ {
      "vertices" : [ 0, 1, 2 ]
    }, {
      "vertices" : [ 0, 2, 3 ]
    }, {
      "vertices" : [ 0, 3, 2 ]
    }, {
      "vertices" : [ 0, 2, 1 ]
    } ]
  }, {
    "id" : "7ea02057-f398-43f7-800b-f63baaa337bd",
    "vertices" : [ {
      "x" : 1.618034,
      "y" : 10.09017,
      "z" : -10.09017
    }, {
      "x" : -5.236068,
      "y" : 12.708204,
      "z" : -5.854102
    }, {
      "x" : -9.472136,
      "y" : 11.09017,
      "z" : -8.472136
    }, {
      "x" : -2.618034,
      "y" : 8.472136,
      "z" : -12.708204
    } ],
    "faces" : [ {
      "vertices" : [ 0, 1, 2 ]
    }, {
      "vertices" : [ 0, 2, 3 ]
    }, {
      "vertices" : [ 0, 3, 2 ]
    }, {
      "vertices" : [ 0, 2, 1 ]
    } ]
  }, {
    "id" : "d9d08742-d738-43bc-b42c-98750c5278ef",
    "vertices" : [ {
      "x" : 13.708204,
      "y" : -4.236068,
      "z" : 11.09017
    }, {
      "x" : 9.472136,
      "y" : -11.09017,
      "z" : 8.472136
    }, {
      "x" : 2.618034,
      "y" : -8.472136,
      "z" : 12.708204
    }, {
      "x" : 6.854102,
      "y" : -1.618034,
      "z" : 15.326238
    } ],
    "faces" : [ {
      "vertices" : [ 0, 1, 2 ]
    }, {
      "vertices" : [ 0, 2, 3 ]
    }, {
      "vertices" : [ 0, 3, 2 ]
    }, {
      "vertices" : [ 0, 2, 1 ]
    } ]
  }, {
    "id" : "9f14785c-027d-411c-abec-df6a6e1dcc8b",
    "vertices" : [ {
      "x" : -1.618034,
      "y" : 6.854102,
      "z" : 15.326238
    }, {
      "x" : -1.618034,
      "y" : -1.618034,
      "z" : 15.326238
    }, {
      "x" : -5.854102,
      "y" : -3.236068,
      "z" : 12.708204
    }, {
      "x" : -5.854102,
      "y" : 5.236068,
      "z" : 12.708204
    } ],
    "faces" : [ {
      "vertices" : [ 0, 1, 2 ]
    }, {
      "vertices" : [ 0, 2, 3 ]
    }, {
      "vertices" : [ 0, 3, 2 ]
    }, {
      "vertices" : [ 0, 2, 1 ]
    } ]
  }, {
    "id" : "2308f1c8-15d9-4ef2-bcf2-0aad8fc2a7a3",
    "vertices" : [ {
      "x" : 3.236068,
      "y" : 12.708204,
      "z" : -5.854102
    }, {
      "x" : 1.618034,
      "y" : 15.326238,
      "z" : -1.618034
    }, {
      "x" : -6.854102,
      "y" : 15.326238,
      "z" : -1.618034
    }, {
      "x" : -5.236068,
      "y" : 12.708204,
      "z" : -5.854102
    } ],
    "faces" : [ {
      "vertices" : [ 0, 1, 2 ]
    }, {
      "vertices" : [ 0, 2, 3 ]
    }, {
      "vertices" : [ 0, 3, 2 ]
    }, {
      "vertices" : [ 0, 2, 1 ]
    } ]
  }, {
    "id" : "39677a4c-8136-4f0a-8864-54bbae3536a1",
    "vertices" : [ {
      "x" : 9.472136,
      "y" : -11.09017,
      "z" : 8.472136
    }, {
      "x" : 5.236068,
      "y" : -12.708204,
      "z" : 5.854102
    }, {
      "x" : -1.618034,
      "y" : -10.09017,
      "z" : 10.09017
    }, {
      "x" : 2.618034,
      "y" : -8.472136,
      "z" : 12.708204
    } ],
    "faces" : [ {
      "vertices" : [ 0, 1, 2 ]
    }, {
      "vertices" : [ 0, 2, 3 ]
    }, {
      "vertices" : [ 0, 3, 2 ]
    }, {
      "vertices" : [ 0, 2, 1 ]
    } ]
  }, {
    "id" : "99548796-7eae-431f-9e2e-16b32579996a",
    "vertices" : [ {
      "x" : 10.09017,
      "y" : 10.09017,
      "z" : -10.09017
    }, {
      "x" : 3.236068,
      "y" : 12.708204,
      "z" : -5.854102
    }, {
      "x" : -5.236068,
      "y" : 12.708204,
      "z" : -5.854102
    }, {
      "x" : 1.618034,
      "y" : 10.09017,
      "z" : -10.09017
    } ],
    "faces" : [ {
      "vertices" : [ 0, 1, 2 ]
    }, {
      "vertices" : [ 0, 2, 3 ]
    }, {
      "vertices" : [ 0, 3, 2 ]
    }, {
      "vertices" : [ 0, 2, 1 ]
    } ]
  }, {
    "id" : "021a6be1-6ee1-42e8-a6e4-5b51b2018773",
    "vertices" : [ {
      "x" : 10.09017,
      "y" : 10.09017,
      "z" : -10.09017
    }, {
      "x" : 5.854102,
      "y" : 8.472136,
      "z" : -12.708204
    }, {
      "x" : 1.618034,
      "y" : 1.618034,
      "z" : -15.326238
    }, {
      "x" : 5.854102,
      "y" : 3.236068,
      "z" : -12.708204
    } ],
    "faces" : [ {
      "vertices" : [ 0, 1, 2 ]
    }, {
      "vertices" : [ 0, 2, 3 ]
    }, {
      "vertices" : [ 0, 3, 2 ]
    }, {
      "vertices" : [ 0, 2, 1 ]
    } ]
  }, {
    "id" : "e6d0c81b-b4e4-4380-9c59-6aba9a57788f",
    "vertices" : [ {
      "x" : 15.326238,
      "y" : -6.854102,
      "z" : -1.618034
    }, {
      "x" : 11.09017,
      "y" : -13.708204,
      "z" : -4.236068
    }, {
      "x" : 11.09017,
      "y" : -13.708204,
      "z" : 4.236068
    }, {
      "x" : 15.326238,
      "y" : -6.854102,
      "z" : 6.854102
    } ],
    "faces" : [ {
      "vertices" : [ 0, 1, 2 ]
    }, {
      "vertices" : [ 0, 2, 3 ]
    }, {
      "vertices" : [ 0, 3, 2 ]
    }, {
      "vertices" : [ 0, 2, 1 ]
    } ]
  }, {
    "id" : "1a298dd0-d08f-4ca4-9d36-937f7b23878f",
    "vertices" : [ {
      "x" : -11.09017,
      "y" : 13.708204,
      "z" : -4.236068
    }, {
      "x" : -11.09017,
      "y" : 13.708204,
      "z" : 4.236068
    }, {
      "x" : -15.326238,
      "y" : 6.854102,
      "z" : 1.618034
    }, {
      "x" : -15.326238,
      "y" : 6.854102,
      "z" : -6.854102
    } ],
    "faces" : [ {
      "vertices" : [ 0, 1, 2 ]
    }, {
      "vertices" : [ 0, 2, 3 ]
    }, {
      "vertices" : [ 0, 3, 2 ]
    }, {
      "vertices" : [ 0, 2, 1 ]
    } ]
  }, {
    "id" : "be3f724a-c9b5-4c75-8760-288154a9f64b",
    "vertices" : [ {
      "x" : 15.326238,
      "y" : -6.854102,
      "z" : 6.854102
    }, {
