{
  "field" : "golden",
  "symmetry" : "icosahedral",
  "orientations" : [ [ 1.0, 0.0, 0.0, 0.0, 0.0, 1.0, 0.0, 0.0, 0.0, 0.0, 1.0, 0.0, 0.0, 0.0, 0.0, 1.0 ], [ 0.0, 0.0, 1.0, 0.0, 1.0, 0.0, 0.0, 0.0, 0.0, 1.0, 0.0, 0.0, 0.0, 0.0, 0.0, 1.0 ], [ 0.0, 1.0, 0.0, 0.0, 0.0, 0.0, 1.0, 0.0, 1.0, 0.0, 0.0, 0.0, 0.0, 0.0, 0.0, 1.0 ], [ 0.809017, 0.309017, 0.5, 0.0, 0.309017, 0.5, -0.809017, 0.0, -0.5, 0.809017, 0.309017, 0.0, 0.0, 0.0, 0.0, 1.0 ], [ -0.5, 0.809017, 0.309017, 0.0, 0.809017, 0.309017, 0.5, 0.0, 0.309017, 0.5, -0.809017, 0.0, 0.0, 0.0, 0.0, 1.0 ], [ 0.309017, 0.5, -0.809017, 0.0, -0.5, 0.809017, 0.309017, 0.0, 0.809017, 0.309017, 0.5, 0.0, 0.0, 0.0, 0.0, 1.0 ], [ 0.5, 0.809017, 0.309017, 0.0, 0.809017, -0.309017, -0.5, 0.0, -0.309017, 0.5, -0.809017, 0.0, 0.0, 0.0, 0.0, 1.0 ], [ -0.309017, 0.5, -0.809017, 0.0, 0.5, 0.809017, 0.309017, 0.0, 0.809017, -0.309017, -0.5, 0.0, 0.0, 0.0, 0.0, 1.0 ], [ 0.809017, -0.309017, -0.5, 0.0, -0.309017, 0.5, -0.809017, 0.0, 0.5, 0.809017, 0.309017, 0.0, 0.0, 0.0, 0.0, 1.0 ], [ 0.5, 0.809017, -0.309017, 0.0, 0.809017, -0.309017, 0.5, 0.0, 0.309017, -0.5, -0.809017, 0.0, 0.0, 0.0, 0.0, 1.0 ], [ 0.309017, -0.5, -0.809017, 0.0, 0.5, 0.809017, -0.309017, 0.0, 0.809017, -0.309017, 0.5, 0.0, 0.0, 0.0, 0.0, 1.0 ], [ 0.809017, -0.309017, 0.5, 0.0, 0.309017, -0.5, -0.809017, 0.0, 0.5, 0.809017, -0.309017, 0.0, 0.0, 0.0, 0.0, 1.0 ], [ 0.809017, 0.309017, -0.5, 0.0, 0.309017, 0.5, 0.809017, 0.0, 0.5, -0.809017, 0.309017, 0.0, 0.0, 0.0, 0.0, 1.0 ], [ 0.5, -0.809017, 0.309017, 0.0, 0.809017, 0.309017, -0.5, 0.0, 0.309017, 0.5, 0.809017, 0.0, 0.0, 0.0, 0.0, 1.0 ], [ 0.309017, 0.5, 0.809017, 0.0, 0.5, -0.809017, 0.309017, 0.0, 0.809017, 0.309017, -0.5, 0.0, 0.0, 0.0, 0.0, 1.0 ], [ 1.0, 0.0, 0.0, 0.0, 0.0, -1.0, 0.0, 0.0, 0.0, 0.0, -1.0, 0.0, 0.0, 0.0, 0.0, 1.0 ], [ 0.0, 0.0, 1.0, 0.0, -1.0, 0.0, 0.0, 0.0, 0.0, -1.0, 0.0, 0.0, 0.0, 0.0, 0.0, 1.0 ], [ 0.0, 1.0, 0.0, 0.0, 0.0, 0.0, -1.0, 0.0, -1.0, 0.0, 0.0, 0.0, 0.0, 0.0, 0.0, 1.0 ], [ 0.809017, 0.309017, 0.5, 0.0, -0.309017, -0.5, 0.809017, 0.0, 0.5, -0.809017, -0.309017, 0.0, 0.0, 0.0, 0.0, 1.0 ], [ -0.5, 0.809017, 0.309017, 0.0, -0.809017, -0.309017, -0.5, 0.0, -0.309017, -0.5, 0.809017, 0.0, 0.0, 0.0, 0.0, 1.0 ], [ 0.309017, 0.5, -0.809017, 0.0, 0.5, -0.809017, -0.309017, 0.0, -0.809017, -0.309017, -0.5, 0.0, 0.0, 0.0, 0.0, 1.0 ], [ 0.5, 0.809017, 0.309017, 0.0, -0.809017, 0.309017, 0.5, 0.0, 0.309017, -0.5, 0.809017, 0.0, 0.0, 0.0, 0.0, 1.0 ], [ -0.309017, 0.5, -0.809017, 0.0, -0.5, -0.809017, -0.309017, 0.0, -0.809017, 0.309017, 0.5, 0.0, 0.0, 0.0, 0.0, 1.0 ], [ 0.809017, -0.309017, -0.5, 0.0, 0.309017, -0.5, 0.809017, 0.0, -0.5, -0.809017, -0.309017, 0.0, 0.0, 0.0, 0.0, 1.0 ], [ 0.5, 0.809017, -0.309017, 0.0, -0.809017, 0.309017, -0.5, 0.0, -0.309017, 0.5, 0.809017, 0.0, 0.0, 0.0, 0.0, 1.0 ], [ 0.309017, -0.5, -0.809017, 0.0, -0.5, -0.809017, 0.309017, 0.0, -0.809017, 0.309017, -0.5, 0.0, 0.0, 0.0, 0.0, 1.0 ], [ 0.809017, -0.309017, 0.5, 0.0, -0.309017, 0.5, 0.809017, 0.0, -0.5, -0.809017, 0.309017, 0.0, 0.0, 0.0, 0.0, 1.0 ], [ 0.809017, 0.309017, -0.5, 0.0, -0.309017, -0.5, -0.809017, 0.0, -0.5, 0.809017, -0.309017, 0.0, 0.0, 0.0, 0.0, 1.0 ], [ 0.5, -0.809017, 0.309017, 0.0, -0.809017, -0.309017, 0.5, 0.0, -0.309017, -0.5, -0.809017, 0.0, 0.0, 0.0, 0.0, 1.0 ], [ 0.309017, 0.5, 0.809017, 0.0, -0.5, 0.809017, -0.309017, 0.0, -0.809017, -0.309017, 0.5, 0.0, 0.0, 0.0, 0.0, 1.0 ], [ -1.0, 0.0, 0.0, 0.0, 0.0, -1.0, 0.0, 0.0, 0.0, 0.0, 1.0, 0.0, 0.0, 0.0, 0.0, 1.0 ], [ 0.0, 0.0, -1.0, 0.0, -1.0, 0.0, 0.0, 0.0, 0.0, 1.0, 0.0, 0.0, 0.0, 0.0, 0.0, 1.0 ], [ 0.0, -1.0, 0.0, 0.0, 0.0, 0.0, -1.0, 0.0, 1.0, 0.0, 0.0, 0.0, 0.0, 0.0, 0.0, 1.0 ], [ -0.809017, -0.309017, -0.5, 0.0, -0.309017, -0.5, 0.809017, 0.0, -0.5, 0.809017, 0.309017, 0.0, 0.0, 0.0, 0.0, 1.0 ], [ 0.5, -0.809017, -0.309017, 0.0, -0.809017, -0.309017, -0.5, 0.0, 0.309017, 0.5, -0.809017, 0.0, 0.0, 0.0, 0.0, 1.0 ], [ -0.309017, -0.5, 0.809017, 0.0, 0.5, -0.809017, -0.309017, 0.0, 0.809017, 0.309017, 0.5, 0.0, 0.0, 0.0, 0.0, 1.0 ], [ -0.5, -0.809017, -0.309017, 0.0, -0.809017, 0.309017, 0.5, 0.0, -0.309017, 0.5, -0.809017, 0.0, 0.0, 0.0, 0.0, 1.0 ], [ 0.309017, -0.5, 0.809017, 0.0, -0.5, -0.809017, -0.309017, 0.0, 0.809017, -0.309017, -0.5, 0.0, 0.0, 0.0, 0.0, 1.0 ], [ -0.809017, 0.309017, 0.5, 0.0, 0.309017, -0.5, 0.809017, 0.0, 0.5, 0.809017, 0.309017, 0.0, 0.0, 0.0, 0.0, 1.0 ], [ -0.5, -0.809017, 0.309017, 0.0, -0.809017, 0.309017, -0.5, 0.0, 0.309017, -0.5, -0.809017, 0.0, 0.0, 0.0, 0.0, 1.0 ], [ -0.309017, 0.5, 0.809017, 0.0, -0.5, -0.809017, 0.309017, 0.0, 0.809017, -0.309017, 0.5, 0.0, 0.0, 0.0, 0.0, 1.0 ], [ -0.809017, 0.309017, -0.5, 0.0, -0.309017, 0.5, 0.809017, 0.0, 0.5, 0.809017, -0.309017, 0.0, 0.0, 0.0, 0.0, 1.0 ], [ -0.809017, -0.309017, 0.5, 0.0, -0.309017, -0.5, -0.809017, 0.0, 0.5, -0.809017, 0.309017, 0.0, 0.0, 0.0, 0.0, 1.0 ], [ -0.5, 0.809017, -0.309017, 0.0, -0.809017, -0.309017, 0.5, 0.0, 0.309017, 0.5, 0.809017, 0.0, 0.0, 0.0, 0.0, 1.0 ], [ -0.309017, -0.5, -0.809017, 0.0, -0.5, 0.809017, -0.309017, 0.0, 0.809017, 0.309017, -0.5, 0.0, 0.0, 0.0, 0.0, 1.0 ], [ -1.0, 0.0, 0.0, 0.0, 0.0, 1.0, 0.0, 0.0, 0.0, 0.0, -1.0, 0.0, 0.0, 0.0, 0.0, 1.0 ], [ 0.0, 0.0, -1.0, 0.0, 1.0, 0.0, 0.0, 0.0, 0.0, -1.0, 0.0, 0.0, 0.0, 0.0, 0.0, 1.0 ], [ 0.0, -1.0, 0.0, 0.0, 0.0, 0.0, 1.0, 0.0, -1.0, 0.0, 0.0, 0.0, 0.0, 0.0, 0.0, 1.0 ], [ -0.809017, -0.309017, -0.5, 0.0, 0.309017, 0.5, -0.809017, 0.0, 0.5, -0.809017, -0.309017, 0.0, 0.0, 0.0, 0.0, 1.0 ], [ 0.5, -0.809017, -0.309017, 0.0, 0.809017, 0.309017, 0.5, 0.0, -0.309017, -0.5, 0.809017, 0.0, 0.0, 0.0, 0.0, 1.0 ], [ -0.309017, -0.5, 0.809017, 0.0, -0.5, 0.809017, 0.309017, 0.0, -0.809017, -0.309017, -0.5, 0.0, 0.0, 0.0, 0.0, 1.0 ], [ -0.5, -0.809017, -0.309017, 0.0, 0.809017, -0.309017, -0.5, 0.0, 0.309017, -0.5, 0.809017, 0.0, 0.0, 0.0, 0.0, 1.0 ], [ 0.309017, -0.5, 0.809017, 0.0, 0.5, 0.809017, 0.309017, 0.0, -0.809017, 0.309017, 0.5, 0.0, 0.0, 0.0, 0.0, 1.0 ], [ -0.809017, 0.309017, 0.5, 0.0, -0.309017, 0.5, -0.809017, 0.0, -0.5, -0.809017, -0.309017, 0.0, 0.0, 0.0, 0.0, 1.0 ], [ -0.5, -0.809017, 0.309017, 0.0, 0.809017, -0.309017, 0.5, 0.0, -0.309017, 0.5, 0.809017, 0.0, 0.0, 0.0, 0.0, 1.0 ], [ -0.309017, 0.5, 0.809017, 0.0, 0.5, 0.809017, -0.309017, 0.0, -0.809017, 0.309017, -0.5, 0.0, 0.0, 0.0, 0.0, 1.0 ], [ -0.809017, 0.309017, -0.5, 0.0, 0.309017, -0.5, -0.809017, 0.0, -0.5, -0.809017, 0.309017, 0.0, 0.0, 0.0, 0.0, 1.0 ], [ -0.809017, -0.309017, 0.5, 0.0, 0.309017, 0.5, 0.809017, 0.0, -0.5, 0.809017, -0.309017, 0.0, 0.0, 0.0, 0.0, 1.0 ], [ -0.5, 0.809017, -0.309017, 0.0, 0.809017, 0.309017, -0.5, 0.0, -0.309017, -0.5, -0.809017, 0.0, 0.0, 0.0, 0.0, 1.0 ], [ -0.309017, -0.5, -0.809017, 0.0, 0.5, -0.809017, 0.309017, 0.0, -0.809017, -0.309017, 0.5, 0.0, 0.0, 0.0, 0.0, 1.0 ] ],
  "lights" : {
    "directionalLights" : [ {
      "direction" : {
        "x" : 1.0,
        "y" : -1.0,
        "z" : -1.0
      },
      "color" : "#EBEBE4"
    }, {
      "direction" : {
        "x" : -1.0,
        "y" : 0.0,
        "z" : 0.0
      },
      "color" : "#E4E4EB"
    }, {
      "direction" : {
        "x" : 0.0,
        "y" : 0.0,
        "z" : -1.0
      },
      "color" : "#1E1E1E"
    } ],
    "ambientColor" : "#292929",
    "backgroundColor" : "#AFC8DC"
  },
  "camera" : {
    "position" : {
      "x" : 0.0,
      "y" : 0.0,
      "z" : 122.59417
    },
    "width" : 55.16748,
    "nearClipDistance" : 0.30648556,
    "farClipDistance" : 245.18887,
    "fieldOfView" : 0.4426297,
    "perspective" : false,
    "viewDistance" : 122.59417,
    "lookAtPoint" : {
      "x" : 0.0,
      "y" : 0.0,
      "z" : 0.0
    },
    "lookDirection" : {
      "x" : 0.0,
      "y" : 0.0,
      "z" : -1.0
    },
    "upDirection" : {
      "x" : 0.0,
      "y" : 1.0,
      "z" : 0.0
    },
    "stereo" : false
  },
  "embedding" : [ 1.0, 0.0, 0.0, 0.0, 0.0, 1.0, 0.0, 0.0, 0.0, 0.0, 1.0, 0.0, 0.0, 0.0, 0.0, 1.0 ],
  "shapes" : [ {
    "id" : "19c11bfa-7480-4eb6-a13d-a99215841bbf",
    "vertices" : [ {
      "x" : 16.688042,
      "y" : 6.3742647,
      "z" : -2.4347525
    }, {
      "x" : 16.306076,
      "y" : 5.9193497,
      "z" : -2.2437694
    }, {
      "x" : 16.142956,
      "y" : 6.1832814,
      "z" : -2.6708205
    }, {
      "x" : 16.070007,
      "y" : 6.4472136,
      "z" : -2.4798374
    }, {
      "x" : 0.85410196,
      "y" : 0.309017,
      "z" : 0.19098301
    }, {
      "x" : 0.690983,
      "y" : 0.572949,
      "z" : -0.23606798
    }, {
      "x" : 0.309017,
      "y" : 0.11803399,
      "z" : -0.045084972
    }, {
      "x" : 0.76393205,
      "y" : 0.309017,
      "z" : -0.42705098
    }, {
      "x" : 0.927051,
      "y" : 0.045084972,
      "z" : 0.0
    }, {
      "x" : 16.233126,
      "y" : 6.1832814,
      "z" : -2.0527864
    }, {
      "x" : 16.997059,
      "y" : 6.4922986,
      "z" : -2.4798374
    } ],
    "faces" : [ {
      "vertices" : [ 2, 7, 5 ]
    }, {
      "vertices" : [ 2, 5, 3 ]
    }, {
      "vertices" : [ 1, 8, 7 ]
    }, {
      "vertices" : [ 1, 7, 2 ]
    }, {
      "vertices" : [ 4, 6, 8 ]
    }, {
      "vertices" : [ 5, 7, 6 ]
    }, {
      "vertices" : [ 0, 1, 2 ]
    }, {
      "vertices" : [ 0, 2, 3 ]
    }, {
      "vertices" : [ 6, 7, 8 ]
    }, {
      "vertices" : [ 3, 5, 4 ]
    }, {
      "vertices" : [ 3, 4, 9 ]
    }, {
      "vertices" : [ 1, 9, 4 ]
    }, {
      "vertices" : [ 1, 4, 8 ]
    }, {
      "vertices" : [ 0, 9, 1 ]
    }, {
      "vertices" : [ 0, 3, 9 ]
    }, {
      "vertices" : [ 4, 5, 6 ]
    } ]
  }, {
    "id" : "8ca13797-8c21-44e0-a62a-10eaa9445f66",
    "vertices" : [ {
      "x" : -4.012461,
      "y" : 6.4922986,
      "z" : -10.50476
    }, {
      "x" : 6.4922986,
      "y" : 10.50476,
      "z" : 4.012461
    }, {
      "x" : -10.50476,
      "y" : 4.012461,
      "z" : 6.4922986
    } ],
    "faces" : [ {
      "vertices" : [ 0, 1, 2 ]
    }, {
      "vertices" : [ 0, 2, 1 ]
    } ]
  }, {
    "id" : "c6077de2-6bed-4a21-ada9-1cb1a731fc53",
    "vertices" : [ {
      "x" : 4.012461,
      "y" : 6.4922986,
      "z" : 2.4798374
    }, {
      "x" : 6.4922986,
      "y" : -2.4798374,
      "z" : -4.012461
    }, {
      "x" : 2.4798374,
      "y" : -4.012461,
      "z" : 6.4922986
    } ],
    "faces" : [ {
      "vertices" : [ 0, 1, 2 ]
    }, {
      "vertices" : [ 0, 2, 1 ]
    } ]
  }, {
    "id" : "c9b5f153-fc77-41f8-a1a3-9c4241855a87",
    "vertices" : [ {
      "x" : -0.309017,
      "y" : -0.19098301,
      "z" : 0.0
    }, {
      "x" : -0.309017,
      "y" : 0.19098301,
      "z" : 0.0
    }, {
      "x" : -0.19098301,
      "y" : 0.0,
      "z" : -0.309017
    }, {
      "x" : -0.19098301,
      "y" : 0.0,
      "z" : 0.309017
    }, {
      "x" : 0.0,
      "y" : -0.309017,
      "z" : -0.19098301
    }, {
      "x" : 0.0,
      "y" : -0.309017,
      "z" : 0.19098301
    }, {
      "x" : 0.0,
      "y" : 0.309017,
      "z" : -0.19098301
    }, {
      "x" : 0.0,
      "y" : 0.309017,
      "z" : 0.19098301
    }, {
      "x" : 0.19098301,
      "y" : 0.0,
      "z" : -0.309017
    }, {
      "x" : 0.19098301,
      "y" : 0.0,
      "z" : 0.309017
    }, {
      "x" : 0.309017,
      "y" : -0.19098301,
      "z" : 0.0
    }, {
      "x" : 0.309017,
      "y" : 0.19098301,
      "z" : 0.0
    } ],
    "faces" : [ {
      "vertices" : [ 0, 1, 2 ]
    }, {
      "vertices" : [ 0, 3, 1 ]
    }, {
      "vertices" : [ 0, 2, 4 ]
    }, {
      "vertices" : [ 0, 5, 3 ]
    }, {
      "vertices" : [ 0, 4, 5 ]
    }, {
      "vertices" : [ 1, 6, 2 ]
    }, {
      "vertices" : [ 1, 3, 7 ]
    }, {
      "vertices" : [ 1, 7, 6 ]
    }, {
      "vertices" : [ 2, 8, 4 ]
    }, {
      "vertices" : [ 2, 6, 8 ]
    }, {
      "vertices" : [ 3, 5, 9 ]
    }, {
      "vertices" : [ 3, 9, 7 ]
    }, {
      "vertices" : [ 4, 10, 5 ]
    }, {
      "vertices" : [ 4, 8, 10 ]
    }, {
      "vertices" : [ 5, 10, 9 ]
    }, {
      "vertices" : [ 6, 7, 11 ]
    }, {
      "vertices" : [ 6, 11, 8 ]
    }, {
      "vertices" : [ 7, 9, 11 ]
    }, {
      "vertices" : [ 8, 11, 10 ]
    }, {
      "vertices" : [ 9, 10, 11 ]
    } ]
  }, {
    "id" : "1c86a7a7-2f9d-40ac-bc29-a3c252d68e52",
    "vertices" : [ {
      "x" : 6.4922986,
      "y" : 10.50476,
      "z" : 4.012461
    }, {
      "x" : 10.50476,
      "y" : -4.012461,
      "z" : -6.4922986
    }, {
      "x" : 4.012461,
      "y" : -6.4922986,
      "z" : 10.50476
    } ],
    "faces" : [ {
      "vertices" : [ 0, 1, 2 ]
    }, {
      "vertices" : [ 0, 2, 1 ]
    } ]
  }, {
    "id" : "f95f7140-b0be-4aea-baee-d14b50427189",
    "vertices" : [ {
      "x" : -4.012461,
      "y" : 6.4922986,
      "z" : -10.50476
    }, {
      "x" : -6.4922986,
      "y" : -10.50476,
      "z" : -4.012461
    }, {
      "x" : 10.50476,
      "y" : -4.012461,
      "z" : -6.4922986
    } ],
    "faces" : [ {
      "vertices" : [ 0, 1, 2 ]
    }, {
      "vertices" : [ 0, 2, 1 ]
    } ]
  }, {
    "id" : "8e92393e-eeba-4f8b-b76e-018918d7d474",
    "vertices" : [ {
      "x" : 2.4798374,
      "y" : -4.012461,
      "z" : 6.4922986
    }, {
      "x" : -6.4922986,
      "y" : 2.4798374,
      "z" : 4.012461
    }, {
      "x" : 4.012461,
      "y" : 6.4922986,
      "z" : 2.4798374
    } ],
    "faces" : [ {
      "vertices" : [ 0, 1, 2 ]
    }, {
      "vertices" : [ 0, 2, 1 ]
    } ]
  }, {
    "id" : "d3420908-a278-4f66-b17c-4b24cd305308",
    "vertices" : [ {
      "x" : -2.4798374,
      "y" : 4.012461,
      "z" : -6.4922986
    }, {
      "x" : -6.4922986,
      "y" : 2.4798374,
      "z" : 4.012461
    }, {
      "x" : -4.012461,
      "y" : -6.4922986,
      "z" : -2.4798374
    } ],
    "faces" : [ {
      "vertices" : [ 0, 1, 2 ]
    }, {
      "vertices" : [ 0, 2, 1 ]
    } ]
  }, {
    "id" : "b34683eb-a40d-4c25-afe3-2843360824a4",
    "vertices" : [ {
      "x" : -4.012461,
      "y" : 6.4922986,
      "z" : -10.50476
    }, {
      "x" : -10.50476,
      "y" : 4.012461,
      "z" : 6.4922986
    }, {
      "x" : -6.4922986,
      "y" : -10.50476,
      "z" : -4.012461
    } ],
    "faces" : [ {
      "vertices" : [ 0, 1, 2 ]
    }, {
      "vertices" : [ 0, 2, 1 ]
    } ]
  }, {
    "id" : "bfa7da40-2adc-4e68-afa1-2ce38c30cb80",
    "vertices" : [ {
      "x" : -2.4798374,
      "y" : 4.012461,
      "z" : -6.4922986
    }, {
      "x" : -4.012461,
      "y" : -6.4922986,
      "z" : -2.4798374
    }, {
      "x" : 6.4922986,
      "y" : -2.4798374,
      "z" : -4.012461
    } ],
    "faces" : [ {
      "vertices" : [ 0, 1, 2 ]
    }, {
      "vertices" : [ 0, 2, 1 ]
    } ]
  }, {
    "id" : "647cac4a-39dc-4980-8fe0-77982a088ca0",
    "vertices" : [ {
      "x" : 4.012461,
      "y" : -6.4922986,
      "z" : 10.50476
    }, {
      "x" : -10.50476,
      "y" : 4.012461,
      "z" : 6.4922986
    }, {
      "x" : 6.4922986,
      "y" : 10.50476,
      "z" : 4.012461
    } ],
    "faces" : [ {
      "vertices" : [ 0, 1, 2 ]
    }, {
      "vertices" : [ 0, 2, 1 ]
    } ]
  }, {
    "id" : "9c693d6b-b18d-4c3f-8a5d-21ee7b17ab4e",
    "vertices" : [ {
      "x" : 4.012461,
      "y" : -6.4922986,
      "z" : 10.50476
    }, {
      "x" : 10.50476,
      "y" : -4.012461,
      "z" : -6.4922986
    }, {
      "x" : -6.4922986,
      "y" : -10.50476,
      "z" : -4.012461
    } ],
    "faces" : [ {
      "vertices" : [ 0, 1, 2 ]
    }, {
      "vertices" : [ 0, 2, 1 ]
    } ]
  }, {
    "id" : "1834a23f-66e9-4829-a8f9-a3836cc1d558",
    "vertices" : [ {
      "x" : -4.012461,
      "y" : -6.4922986,
      "z" : -2.4798374
    }, {
      "x" : -6.4922986,
      "y" : 2.4798374,
      "z" : 4.012461
    }, {
      "x" : 2.4798374,
      "y" : -4.012461,
      "z" : 6.4922986
    } ],
    "faces" : [ {
      "vertices" : [ 0, 1, 2 ]
    }, {
      "vertices" : [ 0, 2, 1 ]
    } ]
  }, {
    "id" : "e61d6803-8fac-4040-a022-468a711ffa13",
    "vertices" : [ {
      "x" : -2.4798374,
      "y" : 4.012461,
      "z" : -6.4922986
    }, {
      "x" : 4.012461,
      "y" : 6.4922986,
      "z" : 2.4798374
    }, {
      "x" : -6.4922986,
      "y" : 2.4798374,
      "z" : 4.012461
    } ],
    "faces" : [ {
      "vertices" : [ 0, 1, 2 ]
    }, {
      "vertices" : [ 0, 2, 1 ]
    } ]
  }, {
    "id" : "872f78a1-e65c-4bb5-a772-f60817eaa532",
    "vertices" : [ {
      "x" : 4.012461,
      "y" : 6.4922986,
      "z" : 2.4798374
    }, {
      "x" : -2.4798374,
      "y" : 4.012461,
      "z" : -6.4922986
    }, {
      "x" : 6.4922986,
      "y" : -2.4798374,
      "z" : -4.012461
    } ],
    "faces" : [ {
      "vertices" : [ 0, 1, 2 ]
    }, {
      "vertices" : [ 0, 2, 1 ]
    } ]
  }, {
    "id" : "905a0325-c5bc-40c6-808d-effef41595fd",
    "vertices" : [ {
      "x" : 2.4798374,
      "y" : -4.012461,
      "z" : 6.4922986
    }, {
      "x" : 6.4922986,
      "y" : -2.4798374,
      "z" : -4.012461
    }, {
      "x" : -4.012461,
      "y" : -6.4922986,
      "z" : -2.4798374
    } ],
    "faces" : [ {
      "vertices" : [ 0, 1, 2 ]
    }, {
      "vertices" : [ 0, 2, 1 ]
    } ]
  }, {
    "id" : "06d3b051-c900-492a-b1fc-9a471eede4a5",
    "vertices" : [ {
      "x" : -6.4922986,
      "y" : -10.50476,
      "z" : -4.012461
    }, {
      "x" : -10.50476,
      "y" : 4.012461,
      "z" : 6.4922986
    }, {
      "x" : 4.012461,
      "y" : -6.4922986,
      "z" : 10.50476
    } ],
    "faces" : [ {
      "vertices" : [ 0, 1, 2 ]
    }, {
      "vertices" : [ 0, 2, 1 ]
    } ]
  }, {
    "id" : "b2e27c50-93e8-405f-aad3-f037528e36b9",
    "vertices" : [ {
      "x" : 6.4922986,
      "y" : 10.50476,
      "z" : 4.012461
    }, {
      "x" : -4.012461,
      "y" : 6.4922986,
      "z" : -10.50476
    }, {
      "x" : 10.50476,
      "y" : -4.012461,
      "z" : -6.4922986
    } ],
    "faces" : [ {
      "vertices" : [ 0, 1, 2 ]
    }, {
      "vertices" : [ 0, 2, 1 ]
    } ]
  } ],
  "instances" : [ {
    "shape" : "19c11bfa-7480-4eb6-a13d-a99215841bbf",
    "color" : "#008D36",
    "position" : {
      "x" : 4.012461,
      "y" : -6.4922986,
      "z" : 10.50476
    },
    "orientation" : 17
  }, {
    "shape" : "8ca13797-8c21-44e0-a62a-10eaa9445f66",
    "color" : "#FFA500",
    "position" : {
      "x" : 0.0,
      "y" : 0.0,
      "z" : 0.0
    }
  }, {
    "shape" : "c6077de2-6bed-4a21-ada9-1cb1a731fc53",
    "color" : "#F7CF7F",
    "position" : {
      "x" : 0.0,
      "y" : 0.0,
      "z" : 0.0
    }
  }, {
    "shape" : "c9b5f153-fc77-41f8-a1a3-9c4241855a87",
    "color" : "#FFFFFF",
    "position" : {
      "x" : -10.50476,
      "y" : 4.012461,
      "z" : 6.4922986
    }
  }, {
    "shape" : "c9b5f153-fc77-41f8-a1a3-9c4241855a87",
    "color" : "#FFFFFF",
    "position" : {
      "x" : -6.4922986,
      "y" : -10.50476,
      "z" : -4.012461
    }
  }, {
    "shape" : "19c11bfa-7480-4eb6-a13d-a99215841bbf",
    "color" : "#008D36",
    "position" : {
      "x" : -6.4922986,
      "y" : -10.50476,
      "z" : -4.012461
    },
    "orientation" : 0
  }, {
    "shape" : "c9b5f153-fc77-41f8-a1a3-9c4241855a87",
    "color" : "#FFFFFF",
    "position" : {
      "x" : 4.012461,
      "y" : -6.4922986,
      "z" : 10.50476
    }
  }, {
    "shape" : "19c11bfa-7480-4eb6-a13d-a99215841bbf",
    "color" : "#008D36",
    "position" : {
      "x" : -4.012461,
      "y" : 6.4922986,
      "z" : -10.50476
    },
    "orientation" : 44
  }, {
    "shape" : "19c11bfa-7480-4eb6-a13d-a99215841bbf",
    "color" : "#008D36",
    "position" : {
      "x" : 4.012461,
      "y" : -6.4922986,
      "z" : 10.50476
    },
    "orientation" : 46
  }, {
    "shape" : "1c86a7a7-2f9d-40ac-bc29-a3c252d68e52",
    "color" : "#FFA500",
    "position" : {
      "x" : 0.0,
      "y" : 0.0,
      "z" : 0.0
    }
  }, {
    "shape" : "19c11bfa-7480-4eb6-a13d-a99215841bbf",
    "color" : "#008D36",
    "position" : {
      "x" : -4.012461,
      "y" : 6.4922986,
      "z" : -10.50476
    },
    "orientation" : 11
  }, {
    "shape" : "f95f7140-b0be-4aea-baee-d14b50427189",
    "color" : "#FFA500",
    "position" : {
      "x" : 0.0,
      "y" : 0.0,
      "z" : 0.0
    }
  }, {
    "shape" : "c9b5f153-fc77-41f8-a1a3-9c4241855a87",
    "color" : "#FFFFFF",
    "position" : {
      "x" : -4.012461,
      "y" : 6.4922986,
      "z" : -10.50476
    }
  }, {
    "shape" : "19c11bfa-7480-4eb6-a13d-a99215841bbf",
    "color" : "#008D36",
    "position" : {
      "x" : 6.4922986,
      "y" : 10.50476,
      "z" : 4.012461
    },
    "orientation" : 42
  }, {
    "shape" : "19c11bfa-7480-4eb6-a13d-a99215841bbf",
    "color" : "#008D36",
    "position" : {
      "x" : -10.50476,
      "y" : 4.012461,
      "z" : 6.4922986
    },
    "orientation" : 25
  }, {
    "shape" : "8e92393e-eeba-4f8b-b76e-018918d7d474",
    "color" : "#F7CF7F",
    "position" : {
      "x" : 0.0,
      "y" : 0.0,
      "z" : 0.0
    }
  }, {
    "shape" : "d3420908-a278-4f66-b17c-4b24cd305308",
    "color" : "#F7CF7F",
    "position" : {
      "x" : 0.0,
      "y" : 0.0,
      "z" : 0.0
    }
  }, {
    "shape" : "19c11bfa-7480-4eb6-a13d-a99215841bbf",
    "color" : "#008D36",
    "position" : {
      "x" : -4.012461,
      "y" : 6.4922986,
      "z" : -10.50476
    },
    "orientation" : 18
  }, {
    "shape" : "19c11bfa-7480-4eb6-a13d-a99215841bbf",
    "color" : "#008D36",
    "position" : {
      "x" : -10.50476,
      "y" : 4.012461,
      "z" : 6.4922986
    },
    "orientation" : 18
  }, {
    "shape" : "b34683eb-a40d-4c25-afe3-2843360824a4",
    "color" : "#FFA500",
    "position" : {
      "x" : 0.0,
      "y" : 0.0,
      "z" : 0.0
    }
  }, {
    "shape" : "19c11bfa-7480-4eb6-a13d-a99215841bbf",
    "color" : "#008D36",
    "position" : {
      "x" : 4.012461,
      "y" : -6.4922986,
      "z" : 10.50476
    },
    "orientation" : 50
  }, {
    "shape" : "19c11bfa-7480-4eb6-a13d-a99215841bbf",
    "color" : "#008D36",
    "position" : {
      "x" : -4.012461,
      "y" : 6.4922986,
      "z" : -10.50476
    },
    "orientation" : 43
  }, {
    "shape" : "bfa7da40-2adc-4e68-afa1-2ce38c30cb80",
    "color" : "#F7CF7F",
    "position" : {
      "x" : 0.0,
      "y" : 0.0,
      "z" : 0.0
    }
  }, {
    "shape" : "c9b5f153-fc77-41f8-a1a3-9c4241855a87",
    "color" : "#FFFFFF",
    "position" : {
      "x" : 10.50476,
      "y" : -4.012461,
      "z" : -6.4922986
    }
  }, {
    "shape" : "647cac4a-39dc-4980-8fe0-77982a088ca0",
    "color" : "#FFA500",
    "position" : {
      "x" : 0.0,
      "y" : 0.0,
      "z" : 0.0
    }
  }, {
    "shape" : "9c693d6b-b18d-4c3f-8a5d-21ee7b17ab4e",
    "color" : "#FFA500",
    "position" : {
      "x" : 0.0,
      "y" : 0.0,
      "z" : 0.0
    }
  }, {
    "shape" : "1834a23f-66e9-4829-a8f9-a3836cc1d558",
    "color" : "#F7CF7F",
    "position" : {
      "x" : 0.0,
      "y" : 0.0,
      "z" : 0.0
    }
  }, {
    "shape" : "e61d6803-8fac-4040-a022-468a711ffa13",
    "color" : "#F7CF7F",
    "position" : {
      "x" : 0.0,
      "y" : 0.0,
      "z" : 0.0
    }
  }, {
    "shape" : "19c11bfa-7480-4eb6-a13d-a99215841bbf",
    "color" : "#008D36",
    "position" : {
      "x" : 6.4922986,
      "y" : 10.50476,
      "z" : 4.012461
    },
    "orientation" : 25
  }, {
    "shape" : "872f78a1-e65c-4bb5-a772-f60817eaa532",
    "color" : "#F7CF7F",
    "position" : {
      "x" : 0.0,
      "y" : 0.0,
      "z" : 0.0
    }
  }, {
    "shape" : "905a0325-c5bc-40c6-808d-effef41595fd",
    "color" : "#F7CF7F",
    "position" : {
      "x" : 0.0,
      "y" : 0.0,
      "z" : 0.0
    }
  }, {
    "shape" : "06d3b051-c900-492a-b1fc-9a471eede4a5",
    "color" : "#FFA500",
    "position" : {
      "x" : 0.0,
      "y" : 0.0,
      "z" : 0.0
    }
  }, {
    "shape" : "c9b5f153-fc77-41f8-a1a3-9c4241855a87",
    "color" : "#FFFFFF",
    "position" : {
      "x" : 6.4922986,
      "y" : 10.50476,
      "z" : 4.012461
    }
  }, {
    "shape" : "b2e27c50-93e8-405f-aad3-f037528e36b9",
    "color" : "#FFA500",
    "position" : {
      "x" : 0.0,
      "y" : 0.0,
      "z" : 0.0
    }
  } ]
}