{
  "polygons" : "true",
  "field" : "golden",
  "symmetry" : "icosahedral",
  "orientations" : [ [ 1.0, 0.0, 0.0, 0.0, 0.0, 1.0, 0.0, 0.0, 0.0, 0.0, 1.0, 0.0, 0.0, 0.0, 0.0, 1.0 ], [ 0.0, 0.0, 1.0, 0.0, 1.0, 0.0, 0.0, 0.0, 0.0, 1.0, 0.0, 0.0, 0.0, 0.0, 0.0, 1.0 ], [ 0.0, 1.0, 0.0, 0.0, 0.0, 0.0, 1.0, 0.0, 1.0, 0.0, 0.0, 0.0, 0.0, 0.0, 0.0, 1.0 ], [ 0.809017, 0.309017, 0.5, 0.0, 0.309017, 0.5, -0.809017, 0.0, -0.5, 0.809017, 0.309017, 0.0, 0.0, 0.0, 0.0, 1.0 ], [ -0.5, 0.809017, 0.309017, 0.0, 0.809017, 0.309017, 0.5, 0.0, 0.309017, 0.5, -0.809017, 0.0, 0.0, 0.0, 0.0, 1.0 ], [ 0.309017, 0.5, -0.809017, 0.0, -0.5, 0.809017, 0.309017, 0.0, 0.809017, 0.309017, 0.5, 0.0, 0.0, 0.0, 0.0, 1.0 ], [ 0.5, 0.809017, 0.309017, 0.0, 0.809017, -0.309017, -0.5, 0.0, -0.309017, 0.5, -0.809017, 0.0, 0.0, 0.0, 0.0, 1.0 ], [ -0.309017, 0.5, -0.809017, 0.0, 0.5, 0.809017, 0.309017, 0.0, 0.809017, -0.309017, -0.5, 0.0, 0.0, 0.0, 0.0, 1.0 ], [ 0.809017, -0.309017, -0.5, 0.0, -0.309017, 0.5, -0.809017, 0.0, 0.5, 0.809017, 0.309017, 0.0, 0.0, 0.0, 0.0, 1.0 ], [ 0.5, 0.809017, -0.309017, 0.0, 0.809017, -0.309017, 0.5, 0.0, 0.309017, -0.5, -0.809017, 0.0, 0.0, 0.0, 0.0, 1.0 ], [ 0.309017, -0.5, -0.809017, 0.0, 0.5, 0.809017, -0.309017, 0.0, 0.809017, -0.309017, 0.5, 0.0, 0.0, 0.0, 0.0, 1.0 ], [ 0.809017, -0.309017, 0.5, 0.0, 0.309017, -0.5, -0.809017, 0.0, 0.5, 0.809017, -0.309017, 0.0, 0.0, 0.0, 0.0, 1.0 ], [ 0.809017, 0.309017, -0.5, 0.0, 0.309017, 0.5, 0.809017, 0.0, 0.5, -0.809017, 0.309017, 0.0, 0.0, 0.0, 0.0, 1.0 ], [ 0.5, -0.809017, 0.309017, 0.0, 0.809017, 0.309017, -0.5, 0.0, 0.309017, 0.5, 0.809017, 0.0, 0.0, 0.0, 0.0, 1.0 ], [ 0.309017, 0.5, 0.809017, 0.0, 0.5, -0.809017, 0.309017, 0.0, 0.809017, 0.309017, -0.5, 0.0, 0.0, 0.0, 0.0, 1.0 ], [ 1.0, 0.0, 0.0, 0.0, 0.0, -1.0, 0.0, 0.0, 0.0, 0.0, -1.0, 0.0, 0.0, 0.0, 0.0, 1.0 ], [ 0.0, 0.0, 1.0, 0.0, -1.0, 0.0, 0.0, 0.0, 0.0, -1.0, 0.0, 0.0, 0.0, 0.0, 0.0, 1.0 ], [ 0.0, 1.0, 0.0, 0.0, 0.0, 0.0, -1.0, 0.0, -1.0, 0.0, 0.0, 0.0, 0.0, 0.0, 0.0, 1.0 ], [ 0.809017, 0.309017, 0.5, 0.0, -0.309017, -0.5, 0.809017, 0.0, 0.5, -0.809017, -0.309017, 0.0, 0.0, 0.0, 0.0, 1.0 ], [ -0.5, 0.809017, 0.309017, 0.0, -0.809017, -0.309017, -0.5, 0.0, -0.309017, -0.5, 0.809017, 0.0, 0.0, 0.0, 0.0, 1.0 ], [ 0.309017, 0.5, -0.809017, 0.0, 0.5, -0.809017, -0.309017, 0.0, -0.809017, -0.309017, -0.5, 0.0, 0.0, 0.0, 0.0, 1.0 ], [ 0.5, 0.809017, 0.309017, 0.0, -0.809017, 0.309017, 0.5, 0.0, 0.309017, -0.5, 0.809017, 0.0, 0.0, 0.0, 0.0, 1.0 ], [ -0.309017, 0.5, -0.809017, 0.0, -0.5, -0.809017, -0.309017, 0.0, -0.809017, 0.309017, 0.5, 0.0, 0.0, 0.0, 0.0, 1.0 ], [ 0.809017, -0.309017, -0.5, 0.0, 0.309017, -0.5, 0.809017, 0.0, -0.5, -0.809017, -0.309017, 0.0, 0.0, 0.0, 0.0, 1.0 ], [ 0.5, 0.809017, -0.309017, 0.0, -0.809017, 0.309017, -0.5, 0.0, -0.309017, 0.5, 0.809017, 0.0, 0.0, 0.0, 0.0, 1.0 ], [ 0.309017, -0.5, -0.809017, 0.0, -0.5, -0.809017, 0.309017, 0.0, -0.809017, 0.309017, -0.5, 0.0, 0.0, 0.0, 0.0, 1.0 ], [ 0.809017, -0.309017, 0.5, 0.0, -0.309017, 0.5, 0.809017, 0.0, -0.5, -0.809017, 0.309017, 0.0, 0.0, 0.0, 0.0, 1.0 ], [ 0.809017, 0.309017, -0.5, 0.0, -0.309017, -0.5, -0.809017, 0.0, -0.5, 0.809017, -0.309017, 0.0, 0.0, 0.0, 0.0, 1.0 ], [ 0.5, -0.809017, 0.309017, 0.0, -0.809017, -0.309017, 0.5, 0.0, -0.309017, -0.5, -0.809017, 0.0, 0.0, 0.0, 0.0, 1.0 ], [ 0.309017, 0.5, 0.809017, 0.0, -0.5, 0.809017, -0.309017, 0.0, -0.809017, -0.309017, 0.5, 0.0, 0.0, 0.0, 0.0, 1.0 ], [ -1.0, 0.0, 0.0, 0.0, 0.0, -1.0, 0.0, 0.0, 0.0, 0.0, 1.0, 0.0, 0.0, 0.0, 0.0, 1.0 ], [ 0.0, 0.0, -1.0, 0.0, -1.0, 0.0, 0.0, 0.0, 0.0, 1.0, 0.0, 0.0, 0.0, 0.0, 0.0, 1.0 ], [ 0.0, -1.0, 0.0, 0.0, 0.0, 0.0, -1.0, 0.0, 1.0, 0.0, 0.0, 0.0, 0.0, 0.0, 0.0, 1.0 ], [ -0.809017, -0.309017, -0.5, 0.0, -0.309017, -0.5, 0.809017, 0.0, -0.5, 0.809017, 0.309017, 0.0, 0.0, 0.0, 0.0, 1.0 ], [ 0.5, -0.809017, -0.309017, 0.0, -0.809017, -0.309017, -0.5, 0.0, 0.309017, 0.5, -0.809017, 0.0, 0.0, 0.0, 0.0, 1.0 ], [ -0.309017, -0.5, 0.809017, 0.0, 0.5, -0.809017, -0.309017, 0.0, 0.809017, 0.309017, 0.5, 0.0, 0.0, 0.0, 0.0, 1.0 ], [ -0.5, -0.809017, -0.309017, 0.0, -0.809017, 0.309017, 0.5, 0.0, -0.309017, 0.5, -0.809017, 0.0, 0.0, 0.0, 0.0, 1.0 ], [ 0.309017, -0.5, 0.809017, 0.0, -0.5, -0.809017, -0.309017, 0.0, 0.809017, -0.309017, -0.5, 0.0, 0.0, 0.0, 0.0, 1.0 ], [ -0.809017, 0.309017, 0.5, 0.0, 0.309017, -0.5, 0.809017, 0.0, 0.5, 0.809017, 0.309017, 0.0, 0.0, 0.0, 0.0, 1.0 ], [ -0.5, -0.809017, 0.309017, 0.0, -0.809017, 0.309017, -0.5, 0.0, 0.309017, -0.5, -0.809017, 0.0, 0.0, 0.0, 0.0, 1.0 ], [ -0.309017, 0.5, 0.809017, 0.0, -0.5, -0.809017, 0.309017, 0.0, 0.809017, -0.309017, 0.5, 0.0, 0.0, 0.0, 0.0, 1.0 ], [ -0.809017, 0.309017, -0.5, 0.0, -0.309017, 0.5, 0.809017, 0.0, 0.5, 0.809017, -0.309017, 0.0, 0.0, 0.0, 0.0, 1.0 ], [ -0.809017, -0.309017, 0.5, 0.0, -0.309017, -0.5, -0.809017, 0.0, 0.5, -0.809017, 0.309017, 0.0, 0.0, 0.0, 0.0, 1.0 ], [ -0.5, 0.809017, -0.309017, 0.0, -0.809017, -0.309017, 0.5, 0.0, 0.309017, 0.5, 0.809017, 0.0, 0.0, 0.0, 0.0, 1.0 ], [ -0.309017, -0.5, -0.809017, 0.0, -0.5, 0.809017, -0.309017, 0.0, 0.809017, 0.309017, -0.5, 0.0, 0.0, 0.0, 0.0, 1.0 ], [ -1.0, 0.0, 0.0, 0.0, 0.0, 1.0, 0.0, 0.0, 0.0, 0.0, -1.0, 0.0, 0.0, 0.0, 0.0, 1.0 ], [ 0.0, 0.0, -1.0, 0.0, 1.0, 0.0, 0.0, 0.0, 0.0, -1.0, 0.0, 0.0, 0.0, 0.0, 0.0, 1.0 ], [ 0.0, -1.0, 0.0, 0.0, 0.0, 0.0, 1.0, 0.0, -1.0, 0.0, 0.0, 0.0, 0.0, 0.0, 0.0, 1.0 ], [ -0.809017, -0.309017, -0.5, 0.0, 0.309017, 0.5, -0.809017, 0.0, 0.5, -0.809017, -0.309017, 0.0, 0.0, 0.0, 0.0, 1.0 ], [ 0.5, -0.809017, -0.309017, 0.0, 0.809017, 0.309017, 0.5, 0.0, -0.309017, -0.5, 0.809017, 0.0, 0.0, 0.0, 0.0, 1.0 ], [ -0.309017, -0.5, 0.809017, 0.0, -0.5, 0.809017, 0.309017, 0.0, -0.809017, -0.309017, -0.5, 0.0, 0.0, 0.0, 0.0, 1.0 ], [ -0.5, -0.809017, -0.309017, 0.0, 0.809017, -0.309017, -0.5, 0.0, 0.309017, -0.5, 0.809017, 0.0, 0.0, 0.0, 0.0, 1.0 ], [ 0.309017, -0.5, 0.809017, 0.0, 0.5, 0.809017, 0.309017, 0.0, -0.809017, 0.309017, 0.5, 0.0, 0.0, 0.0, 0.0, 1.0 ], [ -0.809017, 0.309017, 0.5, 0.0, -0.309017, 0.5, -0.809017, 0.0, -0.5, -0.809017, -0.309017, 0.0, 0.0, 0.0, 0.0, 1.0 ], [ -0.5, -0.809017, 0.309017, 0.0, 0.809017, -0.309017, 0.5, 0.0, -0.309017, 0.5, 0.809017, 0.0, 0.0, 0.0, 0.0, 1.0 ], [ -0.309017, 0.5, 0.809017, 0.0, 0.5, 0.809017, -0.309017, 0.0, -0.809017, 0.309017, -0.5, 0.0, 0.0, 0.0, 0.0, 1.0 ], [ -0.809017, 0.309017, -0.5, 0.0, 0.309017, -0.5, -0.809017, 0.0, -0.5, -0.809017, 0.309017, 0.0, 0.0, 0.0, 0.0, 1.0 ], [ -0.809017, -0.309017, 0.5, 0.0, 0.309017, 0.5, 0.809017, 0.0, -0.5, 0.809017, -0.309017, 0.0, 0.0, 0.0, 0.0, 1.0 ], [ -0.5, 0.809017, -0.309017, 0.0, 0.809017, 0.309017, -0.5, 0.0, -0.309017, -0.5, -0.809017, 0.0, 0.0, 0.0, 0.0, 1.0 ], [ -0.309017, -0.5, -0.809017, 0.0, 0.5, -0.809017, 0.309017, 0.0, -0.809017, -0.309017, 0.5, 0.0, 0.0, 0.0, 0.0, 1.0 ] ],
  "lights" : {
    "backgroundColor" : "#AFC8DC",
    "ambientColor" : "#292929",
    "directionalLights" : [ {
      "direction" : [ 1.0, -1.0, -1.0 ],
      "color" : "#EBEBE4"
    }, {
      "direction" : [ -1.0, 0.0, 0.0 ],
      "color" : "#E4E4EB"
    }, {
      "direction" : [ 0.0, 0.0, -1.0 ],
      "color" : "#1E1E1E"
    } ]
  },
  "camera" : {
    "position" : {
      "x" : -108.582436,
      "y" : -11.09017,
      "z" : 105.9644
    },
    "width" : 64.73952,
    "farClipDistance" : 287.73102,
    "fieldOfView" : 0.4426289,
    "perspective" : false,
    "lookAtPoint" : {
      "x" : -6.854102,
      "y" : -11.09017,
      "z" : 4.236068
    },
    "viewDistance" : 143.86559,
    "nearClipDistance" : 0.35966408,
    "upDirection" : {
      "x" : 0.6707162,
      "y" : 0.31666926,
      "z" : 0.6707162
    },
    "stereo" : false,
    "lookDirection" : {
      "x" : 0.70710677,
      "y" : 0.0,
      "z" : -0.70710677
    }
  },
  "embedding" : [ 1.0, 0.0, 0.0, 0.0, 0.0, 1.0, 0.0, 0.0, 0.0, 0.0, 1.0, 0.0, 0.0, 0.0, 0.0, 1.0 ],
  "shapes" : [ {
    "id" : "03dbfe38-3c8b-495c-ba4c-daf7930423d1",
    "name" : "ball",
    "vertices" : [ {
      "x" : 0.309017,
      "y" : -0.809017,
      "z" : 0.618034
    }, {
      "x" : 0.809017,
      "y" : -0.618034,
      "z" : 0.309017
    }, {
      "x" : 0.618034,
      "y" : -0.309017,
      "z" : 0.809017
    }, {
      "x" : 1.0,
      "y" : 0.309017,
      "z" : 0.19098301
    }, {
      "x" : 0.809017,
      "y" : 0.618034,
      "z" : 0.309017
    }, {
      "x" : 0.618034,
      "y" : 0.309017,
      "z" : 0.809017
    }, {
      "x" : 0.809017,
      "y" : 0.0,
      "z" : 0.690983
    }, {
      "x" : 0.19098301,
      "y" : -1.0,
      "z" : 0.309017
    }, {
      "x" : -0.19098301,
      "y" : -1.0,
      "z" : 0.309017
    }, {
      "x" : -0.19098301,
      "y" : -1.0,
      "z" : -0.309017
    }, {
      "x" : 0.19098301,
      "y" : -1.0,
      "z" : -0.309017
    }, {
      "x" : 1.0,
      "y" : -0.309017,
      "z" : -0.19098301
    }, {
      "x" : 0.809017,
      "y" : -0.618034,
      "z" : -0.309017
    }, {
      "x" : 0.618034,
      "y" : -0.309017,
      "z" : -0.809017
    }, {
      "x" : 0.809017,
      "y" : 0.0,
      "z" : -0.690983
    }, {
      "x" : 0.0,
      "y" : 0.690983,
      "z" : -0.809017
    }, {
      "x" : 0.309017,
      "y" : 0.809017,
      "z" : -0.618034
    }, {
      "x" : 0.618034,
      "y" : 0.309017,
      "z" : -0.809017
    }, {
      "x" : 0.309017,
      "y" : 0.19098301,
      "z" : -1.0
    }, {
      "x" : 1.0,
      "y" : 0.309017,
      "z" : -0.19098301
    }, {
      "x" : -0.309017,
      "y" : -0.809017,
      "z" : 0.618034
    }, {
      "x" : 0.0,
      "y" : -0.690983,
      "z" : 0.809017
    }, {
      "x" : 0.809017,
      "y" : 0.618034,
      "z" : -0.309017
    }, {
      "x" : 0.690983,
      "y" : 0.809017,
      "z" : 0.0
    }, {
      "x" : -0.690983,
      "y" : 0.809017,
      "z" : 0.0
    }, {
      "x" : -0.809017,
      "y" : 0.618034,
      "z" : 0.309017
    }, {
      "x" : -0.309017,
      "y" : 0.809017,
      "z" : 0.618034
    }, {
      "x" : -0.19098301,
      "y" : 1.0,
      "z" : 0.309017
    }, {
      "x" : 0.309017,
      "y" : -0.19098301,
      "z" : -1.0
    }, {
      "x" : 0.19098301,
      "y" : 1.0,
      "z" : 0.309017
    }, {
      "x" : 0.309017,
      "y" : 0.809017,
      "z" : 0.618034
    }, {
      "x" : -0.809017,
      "y" : -0.618034,
      "z" : 0.309017
    }, {
      "x" : -0.690983,
      "y" : -0.809017,
      "z" : 0.0
    }, {
      "x" : 0.0,
      "y" : 0.690983,
      "z" : 0.809017
    }, {
      "x" : 0.309017,
      "y" : -0.809017,
      "z" : -0.618034
    }, {
      "x" : 0.0,
      "y" : -0.690983,
      "z" : -0.809017
    }, {
      "x" : -1.0,
      "y" : 0.309017,
      "z" : 0.19098301
    }, {
      "x" : -0.809017,
      "y" : 0.0,
      "z" : 0.690983
    }, {
      "x" : -0.618034,
      "y" : 0.309017,
      "z" : 0.809017
    }, {
      "x" : 1.0,
      "y" : -0.309017,
      "z" : 0.19098301
    }, {
      "x" : -0.309017,
      "y" : -0.809017,
      "z" : -0.618034
    }, {
      "x" : -1.0,
      "y" : 0.309017,
      "z" : -0.19098301
    }, {
      "x" : -1.0,
      "y" : -0.309017,
      "z" : -0.19098301
    }, {
      "x" : -1.0,
      "y" : -0.309017,
      "z" : 0.19098301
    }, {
      "x" : 0.19098301,
      "y" : 1.0,
      "z" : -0.309017
    }, {
      "x" : -0.809017,
      "y" : 0.618034,
      "z" : -0.309017
    }, {
      "x" : -0.19098301,
      "y" : 1.0,
      "z" : -0.309017
    }, {
      "x" : -0.309017,
      "y" : 0.809017,
      "z" : -0.618034
    }, {
      "x" : -0.618034,
      "y" : -0.309017,
      "z" : 0.809017
    }, {
      "x" : 0.309017,
      "y" : 0.19098301,
      "z" : 1.0
    }, {
      "x" : -0.309017,
      "y" : 0.19098301,
      "z" : -1.0
    }, {
      "x" : -0.309017,
      "y" : 0.19098301,
      "z" : 1.0
    }, {
      "x" : -0.309017,
      "y" : -0.19098301,
      "z" : 1.0
    }, {
      "x" : 0.309017,
      "y" : -0.19098301,
      "z" : 1.0
    }, {
      "x" : 0.690983,
      "y" : -0.809017,
      "z" : 0.0
    }, {
      "x" : -0.809017,
      "y" : 0.0,
      "z" : -0.690983
    }, {
      "x" : -0.618034,
      "y" : -0.309017,
      "z" : -0.809017
    }, {
      "x" : -0.309017,
      "y" : -0.19098301,
      "z" : -1.0
    }, {
      "x" : -0.618034,
      "y" : 0.309017,
      "z" : -0.809017
    }, {
      "x" : -0.809017,
      "y" : -0.618034,
      "z" : -0.309017
    } ],
    "faces" : [ {
      "vertices" : [ 9, 40, 35, 34, 10 ]
    }, {
      "vertices" : [ 0, 1, 2 ]
    }, {
      "vertices" : [ 33, 51, 49 ]
    }, {
      "vertices" : [ 25, 36, 37, 38 ]
    }, {
      "vertices" : [ 41, 55, 42 ]
    }, {
      "vertices" : [ 9, 32, 59, 40 ]
    }, {
      "vertices" : [ 20, 21, 52, 48 ]
    }, {
      "vertices" : [ 26, 33, 30, 29, 27 ]
    }, {
      "vertices" : [ 3, 4, 5, 6 ]
    }, {
      "vertices" : [ 27, 29, 44, 46 ]
    }, {
      "vertices" : [ 50, 57, 56, 55, 58 ]
    }, {
      "vertices" : [ 26, 38, 51, 33 ]
    }, {
      "vertices" : [ 45, 47, 58 ]
    }, {
      "vertices" : [ 18, 28, 57, 50 ]
    }, {
      "vertices" : [ 40, 59, 56 ]
    }, {
      "vertices" : [ 31, 48, 37, 43 ]
    }, {
      "vertices" : [ 7, 8, 9, 10 ]
    }, {
      "vertices" : [ 36, 41, 42, 43 ]
    }, {
      "vertices" : [ 24, 46, 47, 45 ]
    }, {
      "vertices" : [ 4, 30, 5 ]
    }, {
      "vertices" : [ 15, 47, 46, 44, 16 ]
    }, {
      "vertices" : [ 15, 50, 58, 47 ]
    }, {
      "vertices" : [ 24, 45, 41, 36, 25 ]
    }, {
      "vertices" : [ 11, 14, 19 ]
    }, {
      "vertices" : [ 3, 6, 39 ]
    }, {
      "vertices" : [ 1, 39, 6, 2 ]
    }, {
      "vertices" : [ 8, 32, 9 ]
    }, {
      "vertices" : [ 11, 12, 13, 14 ]
    }, {
      "vertices" : [ 16, 22, 17 ]
    }, {
      "vertices" : [ 0, 21, 20, 8, 7 ]
    }, {
      "vertices" : [ 12, 34, 13 ]
    }, {
      "vertices" : [ 35, 40, 56, 57 ]
    }, {
      "vertices" : [ 0, 7, 54, 1 ]
    }, {
      "vertices" : [ 15, 16, 17, 18 ]
    }, {
      "vertices" : [ 3, 19, 22, 23, 4 ]
    }, {
      "vertices" : [ 7, 10, 54 ]
    }, {
      "vertices" : [ 41, 45, 58, 55 ]
    }, {
      "vertices" : [ 3, 39, 11, 19 ]
    }, {
      "vertices" : [ 14, 17, 22, 19 ]
    }, {
      "vertices" : [ 0, 2, 53, 21 ]
    }, {
      "vertices" : [ 49, 51, 52, 53 ]
    }, {
      "vertices" : [ 31, 43, 42, 59, 32 ]
    }, {
      "vertices" : [ 15, 18, 50 ]
    }, {
      "vertices" : [ 42, 55, 56, 59 ]
    }, {
      "vertices" : [ 4, 23, 29, 30 ]
    }, {
      "vertices" : [ 25, 38, 26 ]
    }, {
      "vertices" : [ 13, 28, 18, 17, 14 ]
    }, {
      "vertices" : [ 8, 20, 31, 32 ]
    }, {
      "vertices" : [ 23, 44, 29 ]
    }, {
      "vertices" : [ 24, 27, 46 ]
    }, {
      "vertices" : [ 37, 48, 52, 51, 38 ]
    }, {
      "vertices" : [ 20, 48, 31 ]
    }, {
      "vertices" : [ 24, 25, 26, 27 ]
    }, {
      "vertices" : [ 16, 44, 23, 22 ]
    }, {
      "vertices" : [ 13, 34, 35, 28 ]
    }, {
      "vertices" : [ 10, 34, 12, 54 ]
    }, {
      "vertices" : [ 2, 6, 5, 49, 53 ]
    }, {
      "vertices" : [ 36, 43, 37 ]
    }, {
      "vertices" : [ 5, 30, 33, 49 ]
    }, {
      "vertices" : [ 1, 54, 12, 11, 39 ]
    }, {
      "vertices" : [ 28, 35, 57 ]
    }, {
      "vertices" : [ 21, 53, 52 ]
    } ]
  }, {
    "id" : "1ec47d90-d22a-4dd6-8ff5-55ca34e1008f",
    "orbit" : "blue",
    "orbitC" : "[[0,0,1],[0,0,1]]",
    "length" : "[0,1,1]",
    "name" : "b2",
    "vertices" : [ {
      "x" : 12.708204,
      "y" : 0.309017,
      "z" : 0.19098301
    }, {
      "x" : 12.708204,
      "y" : 0.309017,
      "z" : -0.19098301
    }, {
      "x" : 1.0,
      "y" : 0.309017,
      "z" : -0.19098301
    }, {
      "x" : 1.0,
      "y" : 0.309017,
      "z" : 0.19098301
    }, {
      "x" : 12.708204,
      "y" : -0.309017,
      "z" : 0.19098301
    }, {
      "x" : 1.0,
      "y" : -0.309017,
      "z" : 0.19098301
    }, {
      "x" : 1.0,
      "y" : -0.309017,
      "z" : -0.19098301
    }, {
      "x" : 12.708204,
      "y" : -0.309017,
      "z" : -0.19098301
    }, {
      "x" : 13.708204,
      "y" : 0.0,
      "z" : 0.0
    } ],
    "faces" : [ {
      "vertices" : [ 1, 7, 6, 2 ]
    }, {
      "vertices" : [ 0, 1, 2, 3 ]
    }, {
      "vertices" : [ 4, 5, 6, 7 ]
    }, {
      "vertices" : [ 0, 3, 5, 4 ]
    } ]
  }, {
    "id" : "8eda82a2-bcad-43ba-9986-e39974408733",
    "orbit" : "1",
    "orbitC" : "[[1,0,2],[0,0,1]]",
    "length" : "[0,1,1]",
    "name" : "medium",
    "vertices" : [ {
      "x" : -0.42119446,
      "y" : -10.70899,
      "z" : 7.5284967
    }, {
      "x" : -0.82119447,
      "y" : -10.60899,
      "z" : 7.428497
    }, {
      "x" : -0.30241233,
      "y" : -0.3811798,
      "z" : 0.49642542
    }, {
      "x" : 0.097587675,
      "y" : -0.4811798,
      "z" : 0.5964254
    }, {
      "x" : -0.9545278,
      "y" : -10.375657,
      "z" : 7.728497
    }, {
      "x" : -0.5545278,
      "y" : -10.4756565,
      "z" : 7.828497
    }, {
      "x" : 0.230921,
      "y" : -0.7145131,
      "z" : 0.29642543
    }, {
      "x" : -0.16907899,
      "y" : -0.61451316,
      "z" : 0.19642544
    } ],
    "faces" : [ {
      "vertices" : [ 2, 3, 6, 7 ]
    }, {
      "vertices" : [ 0, 5, 4, 1 ]
    }, {
      "vertices" : [ 2, 4, 5, 3 ]
    }, {
      "vertices" : [ 0, 6, 3, 5 ]
    }, {
      "vertices" : [ 0, 1, 7, 6 ]
    }, {
      "vertices" : [ 1, 4, 2, 7 ]
    } ]
  }, {
    "id" : "6a2e4605-05b0-4783-a698-ddb57434ff1c",
    "orbit" : "blue",
    "orbitC" : "[[0,0,1],[0,0,1]]",
    "length" : "[-1,1,1]",
    "name" : "b0",
    "vertices" : [ {
      "x" : 4.236068,
      "y" : 0.309017,
      "z" : 0.19098301
    }, {
      "x" : 4.236068,
      "y" : 0.309017,
      "z" : -0.19098301
    }, {
      "x" : 1.0,
      "y" : 0.309017,
      "z" : -0.19098301
    }, {
      "x" : 1.0,
      "y" : 0.309017,
      "z" : 0.19098301
    }, {
      "x" : 4.236068,
      "y" : -0.309017,
      "z" : 0.19098301
    }, {
      "x" : 1.0,
      "y" : -0.309017,
      "z" : 0.19098301
    }, {
      "x" : 1.0,
      "y" : -0.309017,
      "z" : -0.19098301
    }, {
      "x" : 4.236068,
      "y" : -0.309017,
      "z" : -0.19098301
    }, {
      "x" : 5.236068,
      "y" : 0.0,
      "z" : 0.0
    } ],
    "faces" : [ {
      "vertices" : [ 1, 7, 6, 2 ]
    }, {
      "vertices" : [ 0, 1, 2, 3 ]
    }, {
      "vertices" : [ 4, 5, 6, 7 ]
    }, {
      "vertices" : [ 0, 3, 5, 4 ]
    } ]
  }, {
    "id" : "b677a024-dee3-4ec0-8de6-d5e1411c40cc",
    "orbit" : "blue",
    "orbitC" : "[[0,0,1],[0,0,1]]",
    "length" : "[1,0,1]",
    "name" : "b1",
    "vertices" : [ {
      "x" : 7.472136,
      "y" : 0.309017,
      "z" : 0.19098301
    }, {
      "x" : 7.472136,
      "y" : 0.309017,
      "z" : -0.19098301
    }, {
      "x" : 1.0,
      "y" : 0.309017,
      "z" : -0.19098301
    }, {
      "x" : 1.0,
      "y" : 0.309017,
      "z" : 0.19098301
    }, {
      "x" : 7.472136,
      "y" : -0.309017,
      "z" : 0.19098301
    }, {
      "x" : 1.0,
      "y" : -0.309017,
      "z" : 0.19098301
    }, {
      "x" : 1.0,
      "y" : -0.309017,
      "z" : -0.19098301
    }, {
      "x" : 7.472136,
      "y" : -0.309017,
      "z" : -0.19098301
    }, {
      "x" : 8.472136,
      "y" : 0.0,
      "z" : 0.0
    } ],
    "faces" : [ {
      "vertices" : [ 1, 7, 6, 2 ]
    }, {
      "vertices" : [ 0, 1, 2, 3 ]
    }, {
      "vertices" : [ 4, 5, 6, 7 ]
    }, {
      "vertices" : [ 0, 3, 5, 4 ]
    } ]
  }, {
    "id" : "21de601c-a65d-4d92-be47-aa9cfd6ca57f",
    "orbit" : "0",
    "orbitC" : "[[-8,5,1],[-11,7,1]]",
    "length" : "[1,0,1]",
    "name" : "short",
    "vertices" : [ {
      "x" : 4.365937,
      "y" : 4.033109,
      "z" : -5.0443144
    }, {
      "x" : 4.465937,
      "y" : 3.6331093,
      "z" : -5.1443143
    }, {
      "x" : 0.5937375,
      "y" : 0.20295861,
      "z" : -0.36257407
    }, {
      "x" : 0.49373746,
      "y" : 0.6029586,
      "z" : -0.26257408
    }, {
      "x" : 4.7659373,
      "y" : 3.7664428,
      "z" : -4.910981
    }, {
      "x" : 4.6659374,
      "y" : 4.166443,
      "z" : -4.810981
    }, {
      "x" : 0.19373746,
      "y" : 0.46962526,
      "z" : -0.49590743
    }, {
      "x" : 0.29373747,
      "y" : 0.06962527,
      "z" : -0.5959074
    } ],
    "faces" : [ {
      "vertices" : [ 2, 3, 6, 7 ]
    }, {
      "vertices" : [ 0, 5, 4, 1 ]
    }, {
      "vertices" : [ 2, 4, 5, 3 ]
    }, {
      "vertices" : [ 0, 6, 3, 5 ]
    }, {
      "vertices" : [ 0, 1, 7, 6 ]
    }, {
      "vertices" : [ 1, 4, 2, 7 ]
    } ]
  }, {
    "id" : "e7864b7e-7a93-4d2f-86c8-4ed66bdc617c",
    "orbit" : "orange",
    "orbitC" : "[[-4,3,5],[3,-1,5]]",
    "length" : "[-8,6,5]",
    "name" : " :-8/5 +6/5*phi",
    "vertices" : [ {
      "x" : 1.0,
      "y" : -0.309017,
      "z" : -0.19098301
    }, {
      "x" : 0.809017,
      "y" : 0.0,
      "z" : -0.690983
    }, {
      "x" : 1.0,
      "y" : 0.309017,
      "z" : -0.19098301
    }, {
      "x" : 1.809017,
      "y" : 0.0,
      "z" : -0.309017
    }, {
      "x" : 1.618034,
      "y" : 0.309017,
      "z" : -0.809017
    }, {
      "x" : 2.0,
      "y" : 0.309017,
      "z" : -0.19098301
    }, {
      "x" : 1.809017,
      "y" : 0.618034,
      "z" : -0.690983
    }, {
      "x" : 0.809017,
      "y" : -0.1708204,
      "z" : -0.032623794
    }, {
      "x" : 0.618034,
      "y" : 0.1381966,
      "z" : -0.53262377
    }, {
      "x" : 1.0,
      "y" : 0.1381966,
      "z" : 0.0854102
    }, {
      "x" : 0.809017,
      "y" : 0.4472136,
      "z" : -0.4145898
    }, {
      "x" : 1.618034,
      "y" : 0.1381966,
      "z" : -0.53262377
    }, {
      "x" : 1.809017,
      "y" : 0.4472136,
      "z" : -0.032623794
    }, {
      "x" : 1.618034,
      "y" : 0.7562306,
      "z" : -0.53262377
    }, {
      "x" : 2.618034,
      "y" : 0.4472136,
      "z" : -0.7236068
    } ],
    "faces" : [ {
      "vertices" : [ 8, 13, 11 ]
    }, {
      "vertices" : [ 2, 5, 9, 10, 6 ]
    }, {
      "vertices" : [ 3, 4, 8, 11, 7 ]
    }, {
      "vertices" : [ 0, 2, 1 ]
    }, {
      "vertices" : [ 11, 13, 12 ]
    }, {
      "vertices" : [ 0, 5, 2 ]
    }, {
      "vertices" : [ 0, 3, 5 ]
    }, {
      "vertices" : [ 0, 1, 4, 3 ]
    }, {
      "vertices" : [ 1, 2, 6 ]
    }, {
      "vertices" : [ 1, 6, 4 ]
    }, {
      "vertices" : [ 9, 12, 13, 10 ]
    }, {
      "vertices" : [ 3, 7, 9, 5 ]
    }, {
      "vertices" : [ 7, 12, 9 ]
    }, {
      "vertices" : [ 4, 6, 10, 8 ]
    }, {
      "vertices" : [ 7, 11, 12 ]
    }, {
      "vertices" : [ 8, 10, 13 ]
    } ]
  }, {
    "id" : "23046c39-f944-4c21-9c6c-0f4d741a8ecb",
    "vertices" : [ {
      "x" : 0.0,
      "y" : 0.0,
      "z" : 0.0
    }, {
      "x" : -4.236068,
      "y" : 5.4068885,
      "z" : -4.959675
    }, {
      "x" : -1.618034,
      "y" : 1.1708204,
      "z" : 1.8944272
    } ],
    "faces" : [ {
      "vertices" : [ 0, 1, 2 ]
    }, {
      "vertices" : [ 0, 2, 1 ]
    } ]
  }, {
    "id" : "5ee98bf2-7dd4-4dd1-a985-dc39c2953053",
    "vertices" : [ {
      "x" : 0.0,
      "y" : 0.0,
      "z" : 0.0
    }, {
      "x" : 0.7236068,
      "y" : 2.618034,
      "z" : -8.024922
    }, {
      "x" : 0.7236068,
      "y" : -2.618034,
      "z" : -8.024922
    } ],
    "faces" : [ {
      "vertices" : [ 0, 1, 2 ]
    }, {
      "vertices" : [ 0, 2, 1 ]
    } ]
  }, {
    "id" : "5a18a6db-cef6-45df-aee9-0c0fc49c49dd",
    "vertices" : [ {
      "x" : 0.0,
      "y" : 0.0,
      "z" : 0.0
    }, {
      "x" : 0.0,
      "y" : 5.236068,
      "z" : 0.0
    }, {
      "x" : 0.7236068,
      "y" : 2.618034,
      "z" : -8.024922
    } ],
    "faces" : [ {
      "vertices" : [ 0, 1, 2 ]
    }, {
      "vertices" : [ 0, 2, 1 ]
    } ]
  }, {
    "id" : "4d351a55-b430-4bdf-8545-f0bb7d5f1f62",
    "vertices" : [ {
      "x" : 0.0,
      "y" : 0.0,
      "z" : 0.0
    }, {
      "x" : -2.618034,
      "y" : 4.236068,
      "z" : 6.854102
    }, {
      "x" : 0.0,
      "y" : 0.0,
      "z" : 8.472136
    } ],
    "faces" : [ {
      "vertices" : [ 0, 1, 2 ]
    }, {
      "vertices" : [ 0, 2, 1 ]
    } ]
  }, {
    "id" : "712e68b7-c77e-4512-919b-1240a54d7ae8",
    "vertices" : [ {
      "x" : 0.0,
      "y" : 0.0,
      "z" : 0.0
    }, {
      "x" : 0.0,
      "y" : -5.236068,
      "z" : 0.0
    }, {
      "x" : -0.7236068,
      "y" : -2.618034,
      "z" : 8.024922
    } ],
    "faces" : [ {
      "vertices" : [ 0, 1, 2 ]
    }, {
      "vertices" : [ 0, 2, 1 ]
    } ]
  }, {
    "id" : "6524654b-f66b-4cdc-888b-1be28b08de47",
    "orbit" : "orange",
    "orbitC" : "[[-4,3,5],[3,-1,5]]",
    "length" : "[1,0,1]",
    "name" : "short",
    "vertices" : [ {
      "x" : 1.0,
      "y" : -0.309017,
      "z" : -0.19098301
    }, {
      "x" : 0.809017,
      "y" : 0.0,
      "z" : -0.690983
    }, {
      "x" : 1.0,
      "y" : 0.309017,
      "z" : -0.19098301
    }, {
      "x" : 1.809017,
      "y" : 0.0,
      "z" : -0.309017
    }, {
      "x" : 1.618034,
      "y" : 0.309017,
      "z" : -0.809017
    }, {
      "x" : 2.0,
      "y" : 0.309017,
      "z" : -0.19098301
    }, {
      "x" : 1.809017,
      "y" : 0.618034,
      "z" : -0.690983
    }, {
      "x" : 5.854102,
      "y" : 0.690983,
      "z" : -1.427051
    }, {
      "x" : 5.663119,
      "y" : 1.0,
      "z" : -1.927051
    }, {
      "x" : 6.045085,
      "y" : 1.0,
      "z" : -1.309017
    }, {
      "x" : 5.854102,
      "y" : 1.309017,
      "z" : -1.809017
    }, {
      "x" : 6.663119,
      "y" : 1.0,
      "z" : -1.927051
    }, {
      "x" : 6.854102,
      "y" : 1.309017,
      "z" : -1.427051
    }, {
      "x" : 6.663119,
      "y" : 1.618034,
      "z" : -1.927051
    }, {
      "x" : 7.663119,
      "y" : 1.309017,
      "z" : -2.118034
    } ],
    "faces" : [ {
      "vertices" : [ 8, 13, 11 ]
    }, {
      "vertices" : [ 2, 5, 9, 10, 6 ]
    }, {
      "vertices" : [ 3, 4, 8, 11, 7 ]
    }, {
      "vertices" : [ 0, 2, 1 ]
    }, {
      "vertices" : [ 11, 13, 12 ]
    }, {
      "vertices" : [ 0, 5, 2 ]
    }, {
      "vertices" : [ 0, 3, 5 ]
    }, {
      "vertices" : [ 0, 1, 4, 3 ]
    }, {
      "vertices" : [ 1, 2, 6 ]
    }, {
      "vertices" : [ 1, 6, 4 ]
    }, {
      "vertices" : [ 9, 12, 13, 10 ]
    }, {
      "vertices" : [ 3, 7, 9, 5 ]
    }, {
      "vertices" : [ 7, 12, 9 ]
    }, {
      "vertices" : [ 4, 6, 10, 8 ]
    }, {
      "vertices" : [ 7, 11, 12 ]
    }, {
      "vertices" : [ 8, 10, 13 ]
    } ]
  }, {
    "id" : "656c7ee3-f22c-465c-a9ad-af696ba8445c",
    "vertices" : [ {
      "x" : 0.0,
      "y" : 0.0,
      "z" : 0.0
    }, {
      "x" : 1.618034,
      "y" : -2.618034,
      "z" : -4.236068
    }, {
      "x" : -2.618034,
      "y" : 4.236068,
      "z" : -6.854102
    } ],
    "faces" : [ {
      "vertices" : [ 0, 1, 2 ]
    }, {
      "vertices" : [ 0, 2, 1 ]
    } ]
  }, {
    "id" : "1a62600d-2092-4b8f-a190-887258bf1514",
    "vertices" : [ {
      "x" : 0.0,
      "y" : 0.0,
      "z" : 0.0
    }, {
      "x" : 2.618034,
      "y" : -4.236068,
      "z" : 6.854102
    }, {
      "x" : 1.8944272,
      "y" : -1.618034,
      "z" : -1.1708204
    } ],
    "faces" : [ {
      "vertices" : [ 0, 1, 2 ]
    }, {
      "vertices" : [ 0, 2, 1 ]
    } ]
  }, {
    "id" : "48b23761-4d37-4fd4-91fc-64823e17fad1",
    "vertices" : [ {
      "x" : 0.0,
      "y" : 0.0,
      "z" : 0.0
    }, {
      "x" : -0.7236068,
      "y" : 2.618034,
      "z" : -8.024922
    }, {
      "x" : -2.618034,
      "y" : 4.236068,
      "z" : -6.854102
    } ],
    "faces" : [ {
      "vertices" : [ 0, 1, 2 ]
    }, {
      "vertices" : [ 0, 2, 1 ]
    } ]
  }, {
    "id" : "a46e30d5-9d3d-4f0c-ad52-71b32b8a25a3",
    "vertices" : [ {
      "x" : 0.0,
      "y" : 0.0,
      "z" : 0.0
    }, {
      "x" : 2.618034,
      "y" : -4.236068,
      "z" : 6.854102
    }, {
      "x" : 2.618034,
      "y" : -4.236068,
      "z" : -1.618034
    } ],
    "faces" : [ {
      "vertices" : [ 0, 1, 2 ]
    }, {
      "vertices" : [ 0, 2, 1 ]
    } ]
  }, {
    "id" : "3835e0f6-c68e-47d5-94f4-1f0e446fcd08",
    "vertices" : [ {
      "x" : 0.0,
      "y" : 0.0,
      "z" : 0.0
    }, {
      "x" : 2.618034,
      "y" : -4.236068,
      "z" : 6.854102
    }, {
      "x" : 4.236068,
      "y" : -5.4068885,
      "z" : 4.959675
    } ],
    "faces" : [ {
      "vertices" : [ 0, 1, 2 ]
    }, {
      "vertices" : [ 0, 2, 1 ]
    } ]
  }, {
    "id" : "9a58f69e-72ea-41b7-8418-eecd877990ab",
    "vertices" : [ {
      "x" : 0.0,
      "y" : 0.0,
      "z" : 0.0
    }, {
      "x" : 1.1708204,
      "y" : -1.8944272,
      "z" : -1.618034
    }, {
      "x" : 1.618034,
      "y" : -2.618034,
      "z" : -4.236068
    }, {
      "x" : 1.1708204,
      "y" : -1.8944272,
      "z" : -6.854102
    }, {
      "x" : 0.0,
      "y" : 0.0,
      "z" : -8.472136
    }, {
      "x" : -1.4472136,
      "y" : 2.3416407,
      "z" : -8.472136
    }, {
      "x" : -2.618034,
      "y" : 4.236068,
      "z" : -6.854102
    }, {
      "x" : -3.0652475,
      "y" : 4.959675,
      "z" : -4.236068
    }, {
      "x" : -2.618034,
      "y" : 4.236068,
      "z" : -1.618034
    }, {
      "x" : -1.4472136,
      "y" : 2.3416407,
      "z" : 0.0
    } ],
    "faces" : [ {
      "vertices" : [ 0, 1, 2, 3, 4, 5, 6, 7, 8, 9 ]
    }, {
      "vertices" : [ 0, 9, 8, 7, 6, 5, 4, 3, 2, 1 ]
    } ]
  }, {
    "id" : "4f0653c2-f1ca-4bcb-bd57-58ba137e74da",
    "vertices" : [ {
      "x" : 0.0,
      "y" : 0.0,
      "z" : 0.0
    }, {
      "x" : -2.618034,
      "y" : 4.236068,
      "z" : 6.854102
    }, {
      "x" : 1.618034,
      "y" : -2.618034,
      "z" : 4.236068
    } ],
    "faces" : [ {
      "vertices" : [ 0, 1, 2 ]
    }, {
      "vertices" : [ 0, 2, 1 ]
    } ]
  }, {
    "id" : "06567c7f-0eb9-4cd4-aa15-8e1430c4fe6a",
    "vertices" : [ {
      "x" : 0.0,
      "y" : 0.0,
      "z" : 0.0
    }, {
      "x" : 0.0,
      "y" : 0.0,
      "z" : 5.236068
    }, {
      "x" : 4.236068,
      "y" : -6.854102,
      "z" : 2.618034
    } ],
    "faces" : [ {
      "vertices" : [ 0, 1, 2 ]
    }, {
      "vertices" : [ 0, 2, 1 ]
    } ]
  } ],
  "instances" : [ {
    "shape" : "03dbfe38-3c8b-495c-ba4c-daf7930423d1",
    "color" : "#FFFFFF",
    "position" : {
      "x" : -12.984597,
      "y" : -11.09017,
      "z" : -8.024922
    }
  }, {
    "shape" : "1ec47d90-d22a-4dd6-8ff5-55ca34e1008f",
    "color" : "#008EC2",
    "position" : {
      "x" : -6.854102,
      "y" : -11.09017,
      "z" : 4.236068
    },
    "orientation" : 51
  }, {
    "shape" : "8eda82a2-bcad-43ba-9986-e39974408733",
    "color" : "#B8860B",
    "position" : {
      "x" : -6.854102,
      "y" : -11.09017,
      "z" : 4.236068
    },
    "orientation" : 45
  }, {
    "shape" : "6a2e4605-05b0-4783-a698-ddb57434ff1c",
    "color" : "#008EC2",
    "position" : {
      "x" : -2.618034,
      "y" : -17.944271,
      "z" : 6.854102
    },
    "orientation" : 21
  }, {
    "shape" : "b677a024-dee3-4ec0-8de6-d5e1411c40cc",
    "color" : "#008EC2",
    "position" : {
      "x" : 0.0,
      "y" : 0.0,
      "z" : 0.0
    },
    "orientation" : 2
  }, {
    "shape" : "21de601c-a65d-4d92-be47-aa9cfd6ca57f",
    "color" : "#B0E0E6",
    "position" : {
      "x" : -0.7236068,
      "y" : -11.09017,
      "z" : 16.497059
    },
    "orientation" : 22
  }, {
    "shape" : "21de601c-a65d-4d92-be47-aa9cfd6ca57f",
    "color" : "#B0E0E6",
    "position" : {
      "x" : -12.984597,
      "y" : -11.09017,
      "z" : -8.024922
    },
    "orientation" : 14
  }, {
    "shape" : "e7864b7e-7a93-4d2f-86c8-4ed66bdc617c",
    "color" : "#EB5200",
    "position" : {
      "x" : -8.748529,
      "y" : -17.944271,
      "z" : 3.0652475
    },
    "orientation" : 18
  }, {
    "shape" : "1ec47d90-d22a-4dd6-8ff5-55ca34e1008f",
    "color" : "#008EC2",
    "position" : {
      "x" : -6.854102,
      "y" : -11.09017,
      "z" : 4.236068
    },
    "orientation" : 6
  }, {
    "shape" : "21de601c-a65d-4d92-be47-aa9cfd6ca57f",
    "color" : "#B0E0E6",
    "position" : {
      "x" : 4.959675,
      "y" : -4.236068,
      "z" : 3.0652475
    },
    "orientation" : 37
  }, {
    "shape" : "03dbfe38-3c8b-495c-ba4c-daf7930423d1",
    "color" : "#FFFFFF",
    "position" : {
      "x" : 6.854102,
      "y" : -11.09017,
      "z" : 4.236068
    }
  }, {
    "shape" : "6a2e4605-05b0-4783-a698-ddb57434ff1c",
    "color" : "#008EC2",
    "position" : {
      "x" : -11.09017,
      "y" : -4.236068,
      "z" : 1.618034
    },
    "orientation" : 54
  }, {
    "shape" : "03dbfe38-3c8b-495c-ba4c-daf7930423d1",
    "color" : "#FFFFFF",
    "position" : {
      "x" : 0.0,
      "y" : -22.18034,
      "z" : 8.472136
    }
  }, {
    "shape" : "23046c39-f944-4c21-9c6c-0f4d741a8ecb",
    "color" : "#B1B87F",
    "position" : {
      "x" : -6.130495,
      "y" : -22.18034,
      "z" : 4.6832814
    },
    "orientation" : 11
  }, {
    "shape" : "8eda82a2-bcad-43ba-9986-e39974408733",
    "color" : "#B8860B",
    "position" : {
      "x" : 4.959675,
      "y" : -17.944271,
      "z" : 3.0652475
    },
    "orientation" : 22
  }, {
    "shape" : "e7864b7e-7a93-4d2f-86c8-4ed66bdc617c",
    "color" : "#EB5200",
    "position" : {
      "x" : -8.748529,
      "y" : -26.416409,
      "z" : 3.0652475
    },
    "orientation" : 53
  }, {
    "shape" : "5ee98bf2-7dd4-4dd1-a985-dc39c2953053",
    "color" : "#FFFFFF",
    "position" : {
      "x" : -18.66788,
      "y" : -17.944271,
      "z" : 5.4068885
    },
    "orientation" : 24
  }, {
    "shape" : "b677a024-dee3-4ec0-8de6-d5e1411c40cc",
    "color" : "#008EC2",
    "position" : {
      "x" : -11.09017,
      "y" : -4.236068,
      "z" : -6.854102
    },
    "orientation" : 2
  }, {
    "shape" : "6a2e4605-05b0-4783-a698-ddb57434ff1c",
    "color" : "#008EC2",
    "position" : {
      "x" : -6.854102,
      "y" : -2.618034,
      "z" : 4.236068
    },
    "orientation" : 1
  }, {
    "shape" : "b677a024-dee3-4ec0-8de6-d5e1411c40cc",
    "color" : "#008EC2",
    "position" : {
      "x" : 0.0,
      "y" : -22.18034,
      "z" : 0.0
    },
    "orientation" : 40
  }, {
    "shape" : "03dbfe38-3c8b-495c-ba4c-daf7930423d1",
    "color" : "#FFFFFF",
    "position" : {
      "x" : -6.854102,
      "y" : -24.798374,
      "z" : 4.236068
    }
  }, {
    "shape" : "03dbfe38-3c8b-495c-ba4c-daf7930423d1",
    "color" : "#000000",
    "position" : {
      "x" : -18.66788,
      "y" : -17.944271,
      "z" : 5.4068885
    }
  }, {
    "shape" : "03dbfe38-3c8b-495c-ba4c-daf7930423d1",
    "color" : "#FFFFFF",
    "position" : {
      "x" : -2.618034,
      "y" : -4.236068,
      "z" : 6.854102
    }
  }, {
    "shape" : "6a2e4605-05b0-4783-a698-ddb57434ff1c",
    "color" : "#008EC2",
    "position" : {
      "x" : -13.708204,
      "y" : -13.708204,
      "z" : 0.0
    },
    "orientation" : 53
  }, {
    "shape" : "21de601c-a65d-4d92-be47-aa9cfd6ca57f",
    "color" : "#B0E0E6",
    "position" : {
      "x" : 4.959675,
      "y" : -4.236068,
      "z" : 3.0652475
    },
    "orientation" : 39
  }, {
    "shape" : "21de601c-a65d-4d92-be47-aa9cfd6ca57f",
    "color" : "#B0E0E6",
    "position" : {
      "x" : 4.959675,
      "y" : -4.236068,
      "z" : 3.0652475
    },
    "orientation" : 45
  }, {
    "shape" : "21de601c-a65d-4d92-be47-aa9cfd6ca57f",
    "color" : "#B0E0E6",
    "position" : {
      "x" : 4.959675,
      "y" : -4.236068,
      "z" : 3.0652475
    },
    "orientation" : 4
  }, {
    "shape" : "b677a024-dee3-4ec0-8de6-d5e1411c40cc",
    "color" : "#008EC2",
    "position" : {
      "x" : -11.09017,
      "y" : -4.236068,
      "z" : -6.854102
    },
    "orientation" : 7
  }, {
    "shape" : "21de601c-a65d-4d92-be47-aa9cfd6ca57f",
    "color" : "#B0E0E6",
    "position" : {
      "x" : -7.5777087,
      "y" : -22.18034,
      "z" : 12.26099
    },
    "orientation" : 49
  }, {
    "shape" : "21de601c-a65d-4d92-be47-aa9cfd6ca57f",
    "color" : "#B0E0E6",
    "position" : {
      "x" : -0.7236068,
      "y" : -11.09017,
      "z" : 16.497059
    },
    "orientation" : 24
  }, {
    "shape" : "b677a024-dee3-4ec0-8de6-d5e1411c40cc",
    "color" : "#008EC2",
    "position" : {
      "x" : -13.708204,
      "y" : 0.0,
      "z" : 8.472136
    },
    "orientation" : 23
  }, {
    "shape" : "5a18a6db-cef6-45df-aee9-0c0fc49c49dd",
    "color" : "#FFFFFF",
    "position" : {
      "x" : -13.708204,
      "y" : -22.18034,
      "z" : 0.0
    },
    "orientation" : 39
  }, {
    "shape" : "b677a024-dee3-4ec0-8de6-d5e1411c40cc",
    "color" : "#008EC2",
    "position" : {
      "x" : -2.618034,
      "y" : -4.236068,
      "z" : 15.326238
    },
    "orientation" : 26
  }, {
    "shape" : "b677a024-dee3-4ec0-8de6-d5e1411c40cc",
    "color" : "#008EC2",
    "position" : {
      "x" : -2.618034,
      "y" : -17.944271,
      "z" : 15.326238
    },
    "orientation" : 52
  }, {
    "shape" : "03dbfe38-3c8b-495c-ba4c-daf7930423d1",
    "color" : "#FFFFFF",
    "position" : {
      "x" : -11.09017,
      "y" : 4.236068,
      "z" : 1.618034
    }
  }, {
    "shape" : "03dbfe38-3c8b-495c-ba4c-daf7930423d1",
    "color" : "#FFFFFF",
    "position" : {
      "x" : -12.984597,
      "y" : -19.562305,
      "z" : 0.4472136
    }
  }, {
    "shape" : "21de601c-a65d-4d92-be47-aa9cfd6ca57f",
    "color" : "#B0E0E6",
    "position" : {
      "x" : -6.130495,
      "y" : 0.0,
      "z" : -3.7888544
    },
    "orientation" : 4
  }, {
    "shape" : "b677a024-dee3-4ec0-8de6-d5e1411c40cc",
    "color" : "#008EC2",
    "position" : {
      "x" : 6.854102,
      "y" : -11.09017,
      "z" : 4.236068
    },
    "orientation" : 2
  }, {
    "shape" : "b677a024-dee3-4ec0-8de6-d5e1411c40cc",
    "color" : "#008EC2",
    "position" : {
      "x" : 0.0,
      "y" : -22.18034,
      "z" : 0.0
    },
    "orientation" : 38
  }, {
    "shape" : "b677a024-dee3-4ec0-8de6-d5e1411c40cc",
    "color" : "#008EC2",
    "position" : {
      "x" : -13.708204,
      "y" : -22.18034,
      "z" : 8.472136
    },
    "orientation" : 52
  }, {
    "shape" : "21de601c-a65d-4d92-be47-aa9cfd6ca57f",
    "color" : "#B0E0E6",
    "position" : {
      "x" : -6.130495,
      "y" : -22.18034,
      "z" : -3.7888544
    },
    "orientation" : 45
  }, {
    "shape" : "03dbfe38-3c8b-495c-ba4c-daf7930423d1",
    "color" : "#FFFFFF",
    "position" : {
      "x" : -11.09017,
      "y" : -26.416409,
      "z" : 1.618034
    }
  }, {
    "shape" : "03dbfe38-3c8b-495c-ba4c-daf7930423d1",
    "color" : "#FFFFFF",
    "position" : {
      "x" : -13.708204,
      "y" : 0.0,
