{
  "polygons" : "true",
  "field" : "golden",
  "symmetry" : "icosahedral",
  "orientations" : [ [ 1.0, 0.0, 0.0, 0.0, 0.0, 1.0, 0.0, 0.0, 0.0, 0.0, 1.0, 0.0, 0.0, 0.0, 0.0, 1.0 ], [ 0.0, 0.0, 1.0, 0.0, 1.0, 0.0, 0.0, 0.0, 0.0, 1.0, 0.0, 0.0, 0.0, 0.0, 0.0, 1.0 ], [ 0.0, 1.0, 0.0, 0.0, 0.0, 0.0, 1.0, 0.0, 1.0, 0.0, 0.0, 0.0, 0.0, 0.0, 0.0, 1.0 ], [ 0.809017, 0.309017, 0.5, 0.0, 0.309017, 0.5, -0.809017, 0.0, -0.5, 0.809017, 0.309017, 0.0, 0.0, 0.0, 0.0, 1.0 ], [ -0.5, 0.809017, 0.309017, 0.0, 0.809017, 0.309017, 0.5, 0.0, 0.309017, 0.5, -0.809017, 0.0, 0.0, 0.0, 0.0, 1.0 ], [ 0.309017, 0.5, -0.809017, 0.0, -0.5, 0.809017, 0.309017, 0.0, 0.809017, 0.309017, 0.5, 0.0, 0.0, 0.0, 0.0, 1.0 ], [ 0.5, 0.809017, 0.309017, 0.0, 0.809017, -0.309017, -0.5, 0.0, -0.309017, 0.5, -0.809017, 0.0, 0.0, 0.0, 0.0, 1.0 ], [ -0.309017, 0.5, -0.809017, 0.0, 0.5, 0.809017, 0.309017, 0.0, 0.809017, -0.309017, -0.5, 0.0, 0.0, 0.0, 0.0, 1.0 ], [ 0.809017, -0.309017, -0.5, 0.0, -0.309017, 0.5, -0.809017, 0.0, 0.5, 0.809017, 0.309017, 0.0, 0.0, 0.0, 0.0, 1.0 ], [ 0.5, 0.809017, -0.309017, 0.0, 0.809017, -0.309017, 0.5, 0.0, 0.309017, -0.5, -0.809017, 0.0, 0.0, 0.0, 0.0, 1.0 ], [ 0.309017, -0.5, -0.809017, 0.0, 0.5, 0.809017, -0.309017, 0.0, 0.809017, -0.309017, 0.5, 0.0, 0.0, 0.0, 0.0, 1.0 ], [ 0.809017, -0.309017, 0.5, 0.0, 0.309017, -0.5, -0.809017, 0.0, 0.5, 0.809017, -0.309017, 0.0, 0.0, 0.0, 0.0, 1.0 ], [ 0.809017, 0.309017, -0.5, 0.0, 0.309017, 0.5, 0.809017, 0.0, 0.5, -0.809017, 0.309017, 0.0, 0.0, 0.0, 0.0, 1.0 ], [ 0.5, -0.809017, 0.309017, 0.0, 0.809017, 0.309017, -0.5, 0.0, 0.309017, 0.5, 0.809017, 0.0, 0.0, 0.0, 0.0, 1.0 ], [ 0.309017, 0.5, 0.809017, 0.0, 0.5, -0.809017, 0.309017, 0.0, 0.809017, 0.309017, -0.5, 0.0, 0.0, 0.0, 0.0, 1.0 ], [ 1.0, 0.0, 0.0, 0.0, 0.0, -1.0, 0.0, 0.0, 0.0, 0.0, -1.0, 0.0, 0.0, 0.0, 0.0, 1.0 ], [ 0.0, 0.0, 1.0, 0.0, -1.0, 0.0, 0.0, 0.0, 0.0, -1.0, 0.0, 0.0, 0.0, 0.0, 0.0, 1.0 ], [ 0.0, 1.0, 0.0, 0.0, 0.0, 0.0, -1.0, 0.0, -1.0, 0.0, 0.0, 0.0, 0.0, 0.0, 0.0, 1.0 ], [ 0.809017, 0.309017, 0.5, 0.0, -0.309017, -0.5, 0.809017, 0.0, 0.5, -0.809017, -0.309017, 0.0, 0.0, 0.0, 0.0, 1.0 ], [ -0.5, 0.809017, 0.309017, 0.0, -0.809017, -0.309017, -0.5, 0.0, -0.309017, -0.5, 0.809017, 0.0, 0.0, 0.0, 0.0, 1.0 ], [ 0.309017, 0.5, -0.809017, 0.0, 0.5, -0.809017, -0.309017, 0.0, -0.809017, -0.309017, -0.5, 0.0, 0.0, 0.0, 0.0, 1.0 ], [ 0.5, 0.809017, 0.309017, 0.0, -0.809017, 0.309017, 0.5, 0.0, 0.309017, -0.5, 0.809017, 0.0, 0.0, 0.0, 0.0, 1.0 ], [ -0.309017, 0.5, -0.809017, 0.0, -0.5, -0.809017, -0.309017, 0.0, -0.809017, 0.309017, 0.5, 0.0, 0.0, 0.0, 0.0, 1.0 ], [ 0.809017, -0.309017, -0.5, 0.0, 0.309017, -0.5, 0.809017, 0.0, -0.5, -0.809017, -0.309017, 0.0, 0.0, 0.0, 0.0, 1.0 ], [ 0.5, 0.809017, -0.309017, 0.0, -0.809017, 0.309017, -0.5, 0.0, -0.309017, 0.5, 0.809017, 0.0, 0.0, 0.0, 0.0, 1.0 ], [ 0.309017, -0.5, -0.809017, 0.0, -0.5, -0.809017, 0.309017, 0.0, -0.809017, 0.309017, -0.5, 0.0, 0.0, 0.0, 0.0, 1.0 ], [ 0.809017, -0.309017, 0.5, 0.0, -0.309017, 0.5, 0.809017, 0.0, -0.5, -0.809017, 0.309017, 0.0, 0.0, 0.0, 0.0, 1.0 ], [ 0.809017, 0.309017, -0.5, 0.0, -0.309017, -0.5, -0.809017, 0.0, -0.5, 0.809017, -0.309017, 0.0, 0.0, 0.0, 0.0, 1.0 ], [ 0.5, -0.809017, 0.309017, 0.0, -0.809017, -0.309017, 0.5, 0.0, -0.309017, -0.5, -0.809017, 0.0, 0.0, 0.0, 0.0, 1.0 ], [ 0.309017, 0.5, 0.809017, 0.0, -0.5, 0.809017, -0.309017, 0.0, -0.809017, -0.309017, 0.5, 0.0, 0.0, 0.0, 0.0, 1.0 ], [ -1.0, 0.0, 0.0, 0.0, 0.0, -1.0, 0.0, 0.0, 0.0, 0.0, 1.0, 0.0, 0.0, 0.0, 0.0, 1.0 ], [ 0.0, 0.0, -1.0, 0.0, -1.0, 0.0, 0.0, 0.0, 0.0, 1.0, 0.0, 0.0, 0.0, 0.0, 0.0, 1.0 ], [ 0.0, -1.0, 0.0, 0.0, 0.0, 0.0, -1.0, 0.0, 1.0, 0.0, 0.0, 0.0, 0.0, 0.0, 0.0, 1.0 ], [ -0.809017, -0.309017, -0.5, 0.0, -0.309017, -0.5, 0.809017, 0.0, -0.5, 0.809017, 0.309017, 0.0, 0.0, 0.0, 0.0, 1.0 ], [ 0.5, -0.809017, -0.309017, 0.0, -0.809017, -0.309017, -0.5, 0.0, 0.309017, 0.5, -0.809017, 0.0, 0.0, 0.0, 0.0, 1.0 ], [ -0.309017, -0.5, 0.809017, 0.0, 0.5, -0.809017, -0.309017, 0.0, 0.809017, 0.309017, 0.5, 0.0, 0.0, 0.0, 0.0, 1.0 ], [ -0.5, -0.809017, -0.309017, 0.0, -0.809017, 0.309017, 0.5, 0.0, -0.309017, 0.5, -0.809017, 0.0, 0.0, 0.0, 0.0, 1.0 ], [ 0.309017, -0.5, 0.809017, 0.0, -0.5, -0.809017, -0.309017, 0.0, 0.809017, -0.309017, -0.5, 0.0, 0.0, 0.0, 0.0, 1.0 ], [ -0.809017, 0.309017, 0.5, 0.0, 0.309017, -0.5, 0.809017, 0.0, 0.5, 0.809017, 0.309017, 0.0, 0.0, 0.0, 0.0, 1.0 ], [ -0.5, -0.809017, 0.309017, 0.0, -0.809017, 0.309017, -0.5, 0.0, 0.309017, -0.5, -0.809017, 0.0, 0.0, 0.0, 0.0, 1.0 ], [ -0.309017, 0.5, 0.809017, 0.0, -0.5, -0.809017, 0.309017, 0.0, 0.809017, -0.309017, 0.5, 0.0, 0.0, 0.0, 0.0, 1.0 ], [ -0.809017, 0.309017, -0.5, 0.0, -0.309017, 0.5, 0.809017, 0.0, 0.5, 0.809017, -0.309017, 0.0, 0.0, 0.0, 0.0, 1.0 ], [ -0.809017, -0.309017, 0.5, 0.0, -0.309017, -0.5, -0.809017, 0.0, 0.5, -0.809017, 0.309017, 0.0, 0.0, 0.0, 0.0, 1.0 ], [ -0.5, 0.809017, -0.309017, 0.0, -0.809017, -0.309017, 0.5, 0.0, 0.309017, 0.5, 0.809017, 0.0, 0.0, 0.0, 0.0, 1.0 ], [ -0.309017, -0.5, -0.809017, 0.0, -0.5, 0.809017, -0.309017, 0.0, 0.809017, 0.309017, -0.5, 0.0, 0.0, 0.0, 0.0, 1.0 ], [ -1.0, 0.0, 0.0, 0.0, 0.0, 1.0, 0.0, 0.0, 0.0, 0.0, -1.0, 0.0, 0.0, 0.0, 0.0, 1.0 ], [ 0.0, 0.0, -1.0, 0.0, 1.0, 0.0, 0.0, 0.0, 0.0, -1.0, 0.0, 0.0, 0.0, 0.0, 0.0, 1.0 ], [ 0.0, -1.0, 0.0, 0.0, 0.0, 0.0, 1.0, 0.0, -1.0, 0.0, 0.0, 0.0, 0.0, 0.0, 0.0, 1.0 ], [ -0.809017, -0.309017, -0.5, 0.0, 0.309017, 0.5, -0.809017, 0.0, 0.5, -0.809017, -0.309017, 0.0, 0.0, 0.0, 0.0, 1.0 ], [ 0.5, -0.809017, -0.309017, 0.0, 0.809017, 0.309017, 0.5, 0.0, -0.309017, -0.5, 0.809017, 0.0, 0.0, 0.0, 0.0, 1.0 ], [ -0.309017, -0.5, 0.809017, 0.0, -0.5, 0.809017, 0.309017, 0.0, -0.809017, -0.309017, -0.5, 0.0, 0.0, 0.0, 0.0, 1.0 ], [ -0.5, -0.809017, -0.309017, 0.0, 0.809017, -0.309017, -0.5, 0.0, 0.309017, -0.5, 0.809017, 0.0, 0.0, 0.0, 0.0, 1.0 ], [ 0.309017, -0.5, 0.809017, 0.0, 0.5, 0.809017, 0.309017, 0.0, -0.809017, 0.309017, 0.5, 0.0, 0.0, 0.0, 0.0, 1.0 ], [ -0.809017, 0.309017, 0.5, 0.0, -0.309017, 0.5, -0.809017, 0.0, -0.5, -0.809017, -0.309017, 0.0, 0.0, 0.0, 0.0, 1.0 ], [ -0.5, -0.809017, 0.309017, 0.0, 0.809017, -0.309017, 0.5, 0.0, -0.309017, 0.5, 0.809017, 0.0, 0.0, 0.0, 0.0, 1.0 ], [ -0.309017, 0.5, 0.809017, 0.0, 0.5, 0.809017, -0.309017, 0.0, -0.809017, 0.309017, -0.5, 0.0, 0.0, 0.0, 0.0, 1.0 ], [ -0.809017, 0.309017, -0.5, 0.0, 0.309017, -0.5, -0.809017, 0.0, -0.5, -0.809017, 0.309017, 0.0, 0.0, 0.0, 0.0, 1.0 ], [ -0.809017, -0.309017, 0.5, 0.0, 0.309017, 0.5, 0.809017, 0.0, -0.5, 0.809017, -0.309017, 0.0, 0.0, 0.0, 0.0, 1.0 ], [ -0.5, 0.809017, -0.309017, 0.0, 0.809017, 0.309017, -0.5, 0.0, -0.309017, -0.5, -0.809017, 0.0, 0.0, 0.0, 0.0, 1.0 ], [ -0.309017, -0.5, -0.809017, 0.0, 0.5, -0.809017, 0.309017, 0.0, -0.809017, -0.309017, 0.5, 0.0, 0.0, 0.0, 0.0, 1.0 ] ],
  "lights" : {
    "ambientColor" : "#292929",
    "directionalLights" : [ {
      "direction" : [ 1.0, -1.0, -1.0 ],
      "color" : "#EBEBE4"
    }, {
      "direction" : [ -1.0, 0.0, 0.0 ],
      "color" : "#E4E4EB"
    }, {
      "direction" : [ 0.0, 0.0, -1.0 ],
      "color" : "#1E1E1E"
    } ],
    "backgroundColor" : "#AFC8DC"
  },
  "camera" : {
    "perspective" : false,
    "fieldOfView" : 0.44262895,
    "upDirectionRV" : {
      "x" : 0.85065085,
      "y" : 0.5257311,
      "z" : 1.5668007E-8,
      "zero" : false
    },
    "lookDirectionRV" : {
      "x" : 0.309017,
      "y" : -0.5,
      "z" : -0.809017,
      "zero" : false
    },
    "viewDistance" : 130.17497,
    "lookAtPointRV" : {
      "x" : 0.0,
      "y" : 0.0,
      "z" : 0.0,
      "zero" : true
    },
    "nearClipDistance" : 0.3254375,
    "width" : 58.578747,
    "position" : {
      "x" : -40.22628,
      "y" : 65.08749,
      "z" : 105.31377
    },
    "stereo" : false,
    "lookAtPoint" : {
      "x" : 0.0,
      "y" : 0.0,
      "z" : 0.0
    },
    "farClipDistance" : 260.34995,
    "lookDirection" : {
      "x" : 0.309017,
      "y" : -0.5,
      "z" : -0.809017
    },
    "upDirection" : {
      "x" : 0.85065085,
      "y" : 0.5257311,
      "z" : 1.5668007E-8
    }
  },
  "embedding" : [ 1.0, 0.0, 0.0, 0.0, 0.0, 1.0, 0.0, 0.0, 0.0, 0.0, 1.0, 0.0, 0.0, 0.0, 0.0, 1.0 ],
  "shapes" : [ {
    "id" : "499128ae-f6f1-4cbc-aa4f-4c54035d59da",
    "vertices" : [ {
      "x" : 0.0,
      "y" : 0.0,
      "z" : 0.0
    }, {
      "x" : 8.024922,
      "y" : 0.7236068,
      "z" : 2.618034
    }, {
      "x" : 5.4068885,
      "y" : 4.959675,
      "z" : -4.236068
    } ],
    "faces" : [ {
      "vertices" : [ 0, 1, 2 ]
    }, {
      "vertices" : [ 0, 2, 1 ]
    } ]
  }, {
    "id" : "3b26cff8-790d-448a-b4d1-80100f717d8b",
    "orbit" : "blue",
    "orbitC" : "[[0,0,1],[0,0,1]]",
    "length" : "[1,0,1]",
    "name" : "b1",
    "vertices" : [ {
      "x" : 1.0,
      "y" : 0.309017,
      "z" : 0.19098301
    }, {
      "x" : 1.0,
      "y" : -0.309017,
      "z" : 0.19098301
    }, {
      "x" : 7.472136,
      "y" : -0.309017,
      "z" : 0.19098301
    }, {
      "x" : 7.472136,
      "y" : 0.309017,
      "z" : 0.19098301
    }, {
      "x" : 7.472136,
      "y" : -0.309017,
      "z" : -0.19098301
    }, {
      "x" : 7.472136,
      "y" : 0.309017,
      "z" : -0.19098301
    }, {
      "x" : 8.09017,
      "y" : 0.0,
      "z" : 0.0
    }, {
      "x" : 0.38196602,
      "y" : 0.0,
      "z" : 0.0
    }, {
      "x" : 1.0,
      "y" : 0.309017,
      "z" : -0.19098301
    }, {
      "x" : 1.0,
      "y" : -0.309017,
      "z" : -0.19098301
    }, {
      "x" : 8.472136,
      "y" : 0.0,
      "z" : 0.0
    } ],
    "faces" : [ {
      "vertices" : [ 1, 9, 4, 2 ]
    }, {
      "vertices" : [ 0, 3, 5, 8 ]
    }, {
      "vertices" : [ 1, 7, 9 ]
    }, {
      "vertices" : [ 0, 1, 2, 3 ]
    }, {
      "vertices" : [ 7, 8, 9 ]
    }, {
      "vertices" : [ 0, 7, 1 ]
    }, {
      "vertices" : [ 4, 9, 8, 5 ]
    }, {
      "vertices" : [ 2, 6, 3 ]
    }, {
      "vertices" : [ 2, 4, 6 ]
    }, {
      "vertices" : [ 3, 6, 5 ]
    }, {
      "vertices" : [ 4, 5, 6 ]
    }, {
      "vertices" : [ 0, 8, 7 ]
    } ]
  }, {
    "id" : "2eacfd51-1994-47a6-bcf1-60f8b8bb58f5",
    "vertices" : [ {
      "x" : 0.0,
      "y" : 0.0,
      "z" : 0.0
    }, {
      "x" : -2.618034,
      "y" : -4.236068,
      "z" : -6.854102
    }, {
      "x" : -2.618034,
      "y" : 4.236068,
      "z" : -6.854102
    } ],
    "faces" : [ {
      "vertices" : [ 0, 1, 2 ]
    }, {
      "vertices" : [ 0, 2, 1 ]
    } ]
  }, {
    "id" : "6c0c6761-25b7-4459-8b15-9a3c5e96f340",
    "name" : "ball",
    "vertices" : [ {
      "x" : -0.309017,
      "y" : -0.19098301,
      "z" : 0.0
    }, {
      "x" : -0.309017,
      "y" : 0.19098301,
      "z" : 0.0
    }, {
      "x" : -0.19098301,
      "y" : 0.0,
      "z" : -0.309017
    }, {
      "x" : -0.19098301,
      "y" : 0.0,
      "z" : 0.309017
    }, {
      "x" : 0.0,
      "y" : -0.309017,
      "z" : -0.19098301
    }, {
      "x" : 0.0,
      "y" : -0.309017,
      "z" : 0.19098301
    }, {
      "x" : 0.0,
      "y" : 0.309017,
      "z" : -0.19098301
    }, {
      "x" : 0.0,
      "y" : 0.309017,
      "z" : 0.19098301
    }, {
      "x" : 0.19098301,
      "y" : 0.0,
      "z" : -0.309017
    }, {
      "x" : 0.19098301,
      "y" : 0.0,
      "z" : 0.309017
    }, {
      "x" : 0.309017,
      "y" : -0.19098301,
      "z" : 0.0
    }, {
      "x" : 0.309017,
      "y" : 0.19098301,
      "z" : 0.0
    } ],
    "faces" : [ {
      "vertices" : [ 0, 1, 2 ]
    }, {
      "vertices" : [ 0, 3, 1 ]
    }, {
      "vertices" : [ 0, 2, 4 ]
    }, {
      "vertices" : [ 0, 5, 3 ]
    }, {
      "vertices" : [ 0, 4, 5 ]
    }, {
      "vertices" : [ 1, 6, 2 ]
    }, {
      "vertices" : [ 1, 3, 7 ]
    }, {
      "vertices" : [ 1, 7, 6 ]
    }, {
      "vertices" : [ 2, 8, 4 ]
    }, {
      "vertices" : [ 2, 6, 8 ]
    }, {
      "vertices" : [ 3, 5, 9 ]
    }, {
      "vertices" : [ 3, 9, 7 ]
    }, {
      "vertices" : [ 4, 10, 5 ]
    }, {
      "vertices" : [ 4, 8, 10 ]
    }, {
      "vertices" : [ 5, 10, 9 ]
    }, {
      "vertices" : [ 6, 7, 11 ]
    }, {
      "vertices" : [ 6, 11, 8 ]
    }, {
      "vertices" : [ 7, 9, 11 ]
    }, {
      "vertices" : [ 8, 11, 10 ]
    }, {
      "vertices" : [ 9, 10, 11 ]
    } ]
  }, {
    "id" : "732b5690-ccb5-45aa-b43d-0c7c8a442e5f",
    "vertices" : [ {
      "x" : 0.0,
      "y" : 0.0,
      "z" : 0.0
    }, {
      "x" : 2.618034,
      "y" : -4.236068,
      "z" : 6.854102
    }, {
      "x" : 0.0,
      "y" : -8.472136,
      "z" : 0.0
    } ],
    "faces" : [ {
      "vertices" : [ 0, 1, 2 ]
    }, {
      "vertices" : [ 0, 2, 1 ]
    } ]
  }, {
    "id" : "da58421d-8e45-4764-bd57-40fabc2c0847",
    "vertices" : [ {
      "x" : 0.0,
      "y" : 0.0,
      "z" : 0.0
    }, {
      "x" : 2.618034,
      "y" : -4.236068,
      "z" : 6.854102
    }, {
      "x" : 6.854102,
      "y" : -11.09017,
      "z" : 4.236068
    }, {
      "x" : 6.854102,
      "y" : -11.09017,
      "z" : -4.236068
    }, {
      "x" : 2.618034,
      "y" : -4.236068,
      "z" : -6.854102
    } ],
    "faces" : [ {
      "vertices" : [ 0, 1, 2, 3, 4 ]
    }, {
      "vertices" : [ 0, 4, 3, 2, 1 ]
    } ]
  }, {
    "id" : "0ade1e05-50cd-4156-8cfd-44c4314e56a0",
    "vertices" : [ {
      "x" : 0.0,
      "y" : 0.0,
      "z" : 0.0
    }, {
      "x" : -5.4068885,
      "y" : -4.959675,
      "z" : 4.236068
    }, {
      "x" : 2.618034,
      "y" : -4.236068,
      "z" : 6.854102
    } ],
    "faces" : [ {
      "vertices" : [ 0, 1, 2 ]
    }, {
      "vertices" : [ 0, 2, 1 ]
    } ]
  }, {
    "id" : "1ff9282e-2436-4775-9446-d081c8469f58",
    "orbit" : "0",
    "orbitC" : "[[-8,5,1],[-11,7,1]]",
    "length" : "[1,0,1]",
    "name" : "short",
    "vertices" : [ {
      "x" : -7.5421386,
      "y" : -0.39837924,
      "z" : -2.3061585
    }, {
      "x" : -7.4421387,
      "y" : -0.79837924,
      "z" : -2.2061586
    }, {
      "x" : -0.48278376,
      "y" : -0.3252276,
      "z" : -0.31187534
    }, {
      "x" : -0.58278376,
      "y" : 0.074772425,
      "z" : -0.41187537
    }, {
      "x" : -7.208805,
      "y" : -0.93171257,
      "z" : -2.5061586
    }, {
      "x" : -7.3088055,
      "y" : -0.53171253,
      "z" : -2.6061587
    }, {
      "x" : -0.8161171,
      "y" : 0.20810576,
      "z" : -0.111875355
    }, {
      "x" : -0.7161171,
      "y" : -0.19189425,
      "z" : -0.011875356
    } ],
    "faces" : [ {
      "vertices" : [ 2, 3, 6, 7 ]
    }, {
      "vertices" : [ 0, 5, 4, 1 ]
    }, {
      "vertices" : [ 2, 4, 5, 3 ]
    }, {
      "vertices" : [ 0, 6, 3, 5 ]
    }, {
      "vertices" : [ 0, 1, 7, 6 ]
    }, {
      "vertices" : [ 1, 4, 2, 7 ]
    } ]
  }, {
    "id" : "bd668bd0-3543-48d0-9d67-6076c48f5ddd",
    "vertices" : [ {
      "x" : 0.0,
      "y" : 0.0,
      "z" : 0.0
    }, {
      "x" : 4.236068,
      "y" : -6.854102,
      "z" : 2.618034
    }, {
      "x" : 6.854102,
      "y" : -11.09017,
      "z" : -4.236068
    }, {
      "x" : 4.236068,
      "y" : -6.854102,
      "z" : -11.09017
    }, {
      "x" : 0.0,
      "y" : 0.0,
      "z" : -8.472136
    } ],
    "faces" : [ {
      "vertices" : [ 0, 1, 2, 3, 4 ]
    }, {
      "vertices" : [ 0, 4, 3, 2, 1 ]
    } ]
  }, {
    "id" : "5672c98e-62af-4766-8b37-ecda8fd4a2ea",
    "vertices" : [ {
      "x" : 0.0,
      "y" : 0.0,
      "z" : 0.0
    }, {
      "x" : 0.0,
      "y" : 8.472136,
      "z" : 0.0
    }, {
      "x" : 2.618034,
      "y" : 4.236068,
      "z" : 6.854102
    } ],
    "faces" : [ {
      "vertices" : [ 0, 1, 2 ]
    }, {
      "vertices" : [ 0, 2, 1 ]
    } ]
  }, {
    "id" : "00141399-fdc4-4ae2-9e42-d1afaa859584",
    "vertices" : [ {
      "x" : 0.0,
      "y" : 0.0,
      "z" : 0.0
    }, {
      "x" : 0.0,
      "y" : 0.0,
      "z" : -8.472136
    }, {
      "x" : 0.0,
      "y" : 8.472136,
      "z" : -8.472136
    }, {
      "x" : 0.0,
      "y" : 8.472136,
      "z" : 0.0
    } ],
    "faces" : [ {
      "vertices" : [ 0, 1, 2, 3 ]
    }, {
      "vertices" : [ 0, 3, 2, 1 ]
    } ]
  }, {
    "id" : "d6a6a89b-2943-49ed-8dff-07d34b72b9ce",
    "vertices" : [ {
      "x" : 0.0,
      "y" : 0.0,
      "z" : 0.0
    }, {
      "x" : 0.0,
      "y" : 0.0,
      "z" : 8.472136
    }, {
      "x" : 4.236068,
      "y" : -6.854102,
      "z" : 11.09017
    }, {
      "x" : 6.854102,
      "y" : -11.09017,
      "z" : 4.236068
    }, {
      "x" : 4.236068,
      "y" : -6.854102,
      "z" : -2.618034
    } ],
    "faces" : [ {
      "vertices" : [ 0, 1, 2, 3, 4 ]
    }, {
      "vertices" : [ 0, 4, 3, 2, 1 ]
    } ]
  }, {
    "id" : "c91e3d73-547f-40e1-ad9d-20b5b07b6851",
    "vertices" : [ {
      "x" : 0.0,
      "y" : 0.0,
      "z" : 0.0
    }, {
      "x" : 0.0,
      "y" : 0.0,
      "z" : 8.472136
    }, {
      "x" : 0.0,
      "y" : -8.472136,
      "z" : 8.472136
    }, {
      "x" : 0.0,
      "y" : -8.472136,
      "z" : 0.0
    } ],
    "faces" : [ {
      "vertices" : [ 0, 1, 2, 3 ]
    }, {
      "vertices" : [ 0, 3, 2, 1 ]
    } ]
  }, {
    "id" : "2e00b658-42e6-46b2-b01d-4fc24065142f",
    "vertices" : [ {
      "x" : 0.0,
      "y" : 0.0,
      "z" : 0.0
    }, {
      "x" : 4.236068,
      "y" : -6.854102,
      "z" : -2.618034
    }, {
      "x" : 4.236068,
      "y" : -6.854102,
      "z" : -11.09017
    }, {
      "x" : 0.0,
      "y" : 0.0,
      "z" : -13.708204
    }, {
      "x" : -2.618034,
      "y" : 4.236068,
      "z" : -6.854102
    } ],
    "faces" : [ {
      "vertices" : [ 0, 1, 2, 3, 4 ]
    }, {
      "vertices" : [ 0, 4, 3, 2, 1 ]
    } ]
  }, {
    "id" : "d284fd3c-d8e4-4050-855a-27d69a6fb58b",
    "vertices" : [ {
      "x" : 0.0,
      "y" : 0.0,
      "z" : 0.0
    }, {
      "x" : 0.0,
      "y" : -8.472136,
      "z" : 0.0
    }, {
      "x" : 0.0,
      "y" : -8.472136,
      "z" : -8.472136
    }, {
      "x" : 0.0,
      "y" : 0.0,
      "z" : -8.472136
    } ],
    "faces" : [ {
      "vertices" : [ 0, 1, 2, 3 ]
    }, {
      "vertices" : [ 0, 3, 2, 1 ]
    } ]
  }, {
    "id" : "2ae0ece1-c3ed-4e11-97b5-787ea6563e0b",
    "vertices" : [ {
      "x" : 0.0,
      "y" : 0.0,
      "z" : 0.0
    }, {
      "x" : 2.618034,
      "y" : -4.236068,
      "z" : -6.854102
    }, {
      "x" : 0.0,
      "y" : 0.0,
      "z" : -13.708204
    }, {
      "x" : -4.236068,
      "y" : 6.854102,
      "z" : -11.09017
    }, {
      "x" : -4.236068,
      "y" : 6.854102,
      "z" : -2.618034
    } ],
    "faces" : [ {
      "vertices" : [ 0, 1, 2, 3, 4 ]
    }, {
      "vertices" : [ 0, 4, 3, 2, 1 ]
    } ]
  }, {
    "id" : "aa2f0344-9033-4f92-97c5-b7653205951f",
    "vertices" : [ {
      "x" : 0.0,
      "y" : 0.0,
      "z" : 0.0
    }, {
      "x" : 0.0,
      "y" : 8.472136,
      "z" : 0.0
    }, {
      "x" : 0.0,
      "y" : 8.472136,
      "z" : 8.472136
    }, {
      "x" : 0.0,
      "y" : 0.0,
      "z" : 8.472136
    } ],
    "faces" : [ {
      "vertices" : [ 0, 1, 2, 3 ]
    }, {
      "vertices" : [ 0, 3, 2, 1 ]
    } ]
  }, {
    "id" : "b54ec704-5685-4488-8927-3ff4f389dd34",
    "vertices" : [ {
      "x" : 0.0,
      "y" : 0.0,
      "z" : 0.0
    }, {
      "x" : -2.618034,
      "y" : 4.236068,
      "z" : -6.854102
    }, {
      "x" : 0.0,
      "y" : 8.472136,
      "z" : 0.0
    } ],
    "faces" : [ {
      "vertices" : [ 0, 1, 2 ]
    }, {
      "vertices" : [ 0, 2, 1 ]
    } ]
  }, {
    "id" : "b2696d2e-6f9d-48aa-b68c-845d18e597de",
    "vertices" : [ {
      "x" : 0.0,
      "y" : 0.0,
      "z" : 0.0
    }, {
      "x" : 0.0,
      "y" : 0.0,
      "z" : -8.472136
    }, {
      "x" : -4.236068,
      "y" : 6.854102,
      "z" : -11.09017
    }, {
      "x" : -6.854102,
      "y" : 11.09017,
      "z" : -4.236068
    }, {
      "x" : -4.236068,
      "y" : 6.854102,
      "z" : 2.618034
    } ],
    "faces" : [ {
      "vertices" : [ 0, 1, 2, 3, 4 ]
    }, {
      "vertices" : [ 0, 4, 3, 2, 1 ]
    } ]
  }, {
    "id" : "07cd4b88-e6ec-407b-876c-84d7bf8a8e4e",
    "vertices" : [ {
      "x" : 0.0,
      "y" : 0.0,
      "z" : 0.0
    }, {
      "x" : 2.618034,
      "y" : 4.236068,
      "z" : 6.854102
    }, {
      "x" : 2.618034,
      "y" : -4.236068,
      "z" : 6.854102
    } ],
    "faces" : [ {
      "vertices" : [ 0, 1, 2 ]
    }, {
      "vertices" : [ 0, 2, 1 ]
    } ]
  } ],
  "instances" : [ {
    "shape" : "499128ae-f6f1-4cbc-aa4f-4c54035d59da",
    "color" : "#00FF00",
    "position" : {
      "x" : 2.3416407,
      "y" : 9.91935,
      "z" : 0.0
    },
    "orientation" : 36
  }, {
    "shape" : "3b26cff8-790d-448a-b4d1-80100f717d8b",
    "color" : "#008EC2",
    "position" : {
      "x" : -16.77345,
      "y" : 4.959675,
      "z" : 4.236068
    },
    "orientation" : 37
  }, {
    "shape" : "2eacfd51-1994-47a6-bcf1-60f8b8bb58f5",
    "color" : "#FF8080",
    "position" : {
      "x" : -3.0652475,
      "y" : 4.959675,
      "z" : -4.236068
    },
    "orientation" : 6
  }, {
    "shape" : "3b26cff8-790d-448a-b4d1-80100f717d8b",
    "color" : "#008EC2",
    "position" : {
      "x" : 9.195743,
      "y" : -1.1708204,
      "z" : -4.236068
    },
    "orientation" : 54
  }, {
    "shape" : "3b26cff8-790d-448a-b4d1-80100f717d8b",
    "color" : "#008EC2",
    "position" : {
      "x" : -16.77345,
      "y" : 4.959675,
      "z" : -4.236068
    },
    "orientation" : 2
  }, {
    "shape" : "3b26cff8-790d-448a-b4d1-80100f717d8b",
    "color" : "#008EC2",
    "position" : {
      "x" : 3.7888544,
      "y" : -6.130495,
      "z" : 0.0
    },
    "orientation" : 22
  }, {
    "shape" : "3b26cff8-790d-448a-b4d1-80100f717d8b",
    "color" : "#008EC2",
    "position" : {
      "x" : -5.6832814,
      "y" : -12.984597,
      "z" : 11.09017
    },
    "orientation" : 51
  }, {
    "shape" : "6c0c6761-25b7-4459-8b15-9a3c5e96f340",
    "color" : "#F2F2F2",
    "position" : {
      "x" : 9.195743,
      "y" : -1.1708204,
      "z" : -4.236068
    }
  }, {
    "shape" : "732b5690-ccb5-45aa-b43d-0c7c8a442e5f",
    "color" : "#FF8080",
    "position" : {
      "x" : 1.1708204,
      "y" : -1.8944272,
      "z" : -6.854102
    },
    "orientation" : 0
  }, {
    "shape" : "da58421d-8e45-4764-bd57-40fabc2c0847",
    "color" : "#EC888B",
    "position" : {
      "x" : 2.3416407,
      "y" : 9.91935,
      "z" : 0.0
    },
    "orientation" : 0
  }, {
    "shape" : "3b26cff8-790d-448a-b4d1-80100f717d8b",
    "color" : "#008EC2",
    "position" : {
      "x" : 4.959675,
      "y" : 5.6832814,
      "z" : -6.854102
    },
    "orientation" : 7
  }, {
    "shape" : "3b26cff8-790d-448a-b4d1-80100f717d8b",
    "color" : "#008EC2",
    "position" : {
      "x" : 1.1708204,
      "y" : -10.366563,
      "z" : 6.854102
    },
    "orientation" : 36
  }, {
    "shape" : "3b26cff8-790d-448a-b4d1-80100f717d8b",
    "color" : "#008EC2",
    "position" : {
      "x" : -3.0652475,
      "y" : -8.748529,
      "z" : -4.236068
    },
    "orientation" : 54
  }, {
    "shape" : "6c0c6761-25b7-4459-8b15-9a3c5e96f340",
    "color" : "#F2F2F2",
    "position" : {
      "x" : 9.195743,
      "y" : -1.1708204,
      "z" : 4.236068
    }
  }, {
    "shape" : "3b26cff8-790d-448a-b4d1-80100f717d8b",
    "color" : "#008EC2",
    "position" : {
      "x" : 1.1708204,
      "y" : -1.8944272,
      "z" : 6.854102
    },
    "orientation" : 25
  }, {
    "shape" : "0ade1e05-50cd-4156-8cfd-44c4314e56a0",
    "color" : "#00FF00",
    "position" : {
      "x" : 4.959675,
      "y" : 5.6832814,
      "z" : -6.854102
    },
    "orientation" : 12
  }, {
    "shape" : "499128ae-f6f1-4cbc-aa4f-4c54035d59da",
    "color" : "#00FF00",
    "position" : {
      "x" : 9.195743,
      "y" : -1.1708204,
      "z" : 4.236068
    },
    "orientation" : 30
  }, {
    "shape" : "1ff9282e-2436-4775-9446-d081c8469f58",
    "color" : "#B0E0E6",
    "position" : {
      "x" : 9.195743,
      "y" : -1.1708204,
      "z" : -4.236068
    },
    "orientation" : 6
  }, {
    "shape" : "bd668bd0-3543-48d0-9d67-6076c48f5ddd",
    "color" : "#FF8080",
    "position" : {
      "x" : -3.0652475,
      "y" : -17.220665,
      "z" : -4.236068
    },
    "orientation" : 15
  }, {
    "shape" : "6c0c6761-25b7-4459-8b15-9a3c5e96f340",
    "color" : "#F2F2F2",
    "position" : {
      "x" : -16.77345,
      "y" : 4.959675,
      "z" : -4.236068
    }
  }, {
    "shape" : "6c0c6761-25b7-4459-8b15-9a3c5e96f340",
    "color" : "#F2F2F2",
    "position" : {
      "x" : 1.1708204,
      "y" : -10.366563,
      "z" : 6.854102
    }
  }, {
    "shape" : "0ade1e05-50cd-4156-8cfd-44c4314e56a0",
    "color" : "#00FF00",
    "position" : {
      "x" : 9.195743,
      "y" : -1.1708204,
      "z" : -4.236068
    },
    "orientation" : 9
  }, {
    "shape" : "1ff9282e-2436-4775-9446-d081c8469f58",
    "color" : "#B0E0E6",
    "position" : {
      "x" : 4.959675,
      "y" : 5.6832814,
      "z" : -6.854102
    },
    "orientation" : 3
  }, {
    "shape" : "1ff9282e-2436-4775-9446-d081c8469f58",
    "color" : "#B0E0E6",
    "position" : {
      "x" : 2.3416407,
      "y" : 9.91935,
      "z" : 0.0
    },
    "orientation" : 12
  }, {
    "shape" : "6c0c6761-25b7-4459-8b15-9a3c5e96f340",
    "color" : "#F2F2F2",
    "position" : {
      "x" : -5.6832814,
      "y" : -12.984597,
      "z" : -11.09017
    }
  }, {
    "shape" : "1ff9282e-2436-4775-9446-d081c8469f58",
    "color" : "#B0E0E6",
    "position" : {
      "x" : 9.195743,
      "y" : -1.1708204,
      "z" : 4.236068
    },
    "orientation" : 12
  }, {
    "shape" : "6c0c6761-25b7-4459-8b15-9a3c5e96f340",
    "color" : "#F2F2F2",
    "position" : {
      "x" : -9.91935,
      "y" : -6.130495,
      "z" : 13.708204
    }
  }, {
    "shape" : "6c0c6761-25b7-4459-8b15-9a3c5e96f340",
    "color" : "#F2F2F2",
    "position" : {
      "x" : 1.1708204,
      "y" : -1.8944272,
      "z" : 6.854102
    }
  }, {
    "shape" : "3b26cff8-790d-448a-b4d1-80100f717d8b",
    "color" : "#008EC2",
    "position" : {
      "x" : -3.0652475,
      "y" : -17.220665,
      "z" : 4.236068
    },
    "orientation" : 7
  }, {
    "shape" : "3b26cff8-790d-448a-b4d1-80100f717d8b",
    "color" : "#008EC2",
    "position" : {
      "x" : -9.91935,
      "y" : -6.130495,
      "z" : -13.708204
    },
    "orientation" : 9
  }, {
    "shape" : "3b26cff8-790d-448a-b4d1-80100f717d8b",
    "color" : "#008EC2",
    "position" : {
      "x" : 3.7888544,
      "y" : -6.130495,
      "z" : 0.0
    },
    "orientation" : 40
  }, {
    "shape" : "3b26cff8-790d-448a-b4d1-80100f717d8b",
    "color" : "#008EC2",
    "position" : {
      "x" : 1.1708204,
      "y" : -1.8944272,
      "z" : -6.854102
    },
    "orientation" : 16
  }, {
    "shape" : "6c0c6761-25b7-4459-8b15-9a3c5e96f340",
    "color" : "#F2F2F2",
    "position" : {
      "x" : 1.1708204,
      "y" : -1.8944272,
      "z" : -6.854102
    }
  }, {
    "shape" : "5672c98e-62af-4766-8b37-ecda8fd4a2ea",
    "color" : "#FF8080",
    "position" : {
      "x" : -5.6832814,
      "y" : 0.7236068,
      "z" : -11.09017
    },
    "orientation" : 3
  }, {
    "shape" : "0ade1e05-50cd-4156-8cfd-44c4314e56a0",
    "color" : "#00FF00",
    "position" : {
      "x" : 9.195743,
      "y" : -1.1708204,
      "z" : 4.236068
    },
    "orientation" : 6
  }, {
    "shape" : "1ff9282e-2436-4775-9446-d081c8469f58",
    "color" : "#B0E0E6",
    "position" : {
      "x" : 4.959675,
      "y" : 5.6832814,
      "z" : 6.854102
    },
    "orientation" : 0
  }, {
    "shape" : "00141399-fdc4-4ae2-9e42-d1afaa859584",
    "color" : "#FF69B4",
    "position" : {
      "x" : -5.6832814,
      "y" : -12.984597,
      "z" : 11.09017
    },
    "orientation" : 53
  }, {
    "shape" : "6c0c6761-25b7-4459-8b15-9a3c5e96f340",
    "color" : "#F2F2F2",
    "position" : {
      "x" : 4.959675,
      "y" : 5.6832814,
      "z" : -6.854102
    }
  }, {
    "shape" : "6c0c6761-25b7-4459-8b15-9a3c5e96f340",
    "color" : "#F2F2F2",
    "position" : {
      "x" : -9.91935,
      "y" : 2.3416407,
      "z" : 0.0
    }
  }, {
    "shape" : "6c0c6761-25b7-4459-8b15-9a3c5e96f340",
    "color" : "#F2F2F2",
    "position" : {
      "x" : 4.959675,
      "y" : 5.6832814,
      "z" : 6.854102
    }
  }, {
    "shape" : "1ff9282e-2436-4775-9446-d081c8469f58",
    "color" : "#B0E0E6",
    "position" : {
      "x" : 9.195743,
      "y" : -1.1708204,
      "z" : -4.236068
    },
    "orientation" : 0
  }, {
    "shape" : "6c0c6761-25b7-4459-8b15-9a3c5e96f340",
    "color" : "#F2F2F2",
    "position" : {
      "x" : -5.6832814,
      "y" : 0.7236068,
      "z" : 11.09017
    }
  }, {
    "shape" : "3b26cff8-790d-448a-b4d1-80100f717d8b",
    "color" : "#008EC2",
    "position" : {
      "x" : -3.0652475,
      "y" : -8.748529,
      "z" : -4.236068
    },
    "orientation" : 2
  }, {
    "shape" : "6c0c6761-25b7-4459-8b15-9a3c5e96f340",
    "color" : "#F2F2F2",
    "position" : {
      "x" : 2.3416407,
      "y" : 9.91935,
      "z" : 0.0
    }
  }, {
    "shape" : "6c0c6761-25b7-4459-8b15-9a3c5e96f340",
    "color" : "#F2F2F2",
    "position" : {
      "x" : -3.0652475,
      "y" : 4.959675,
      "z" : 4.236068
    }
  }, {
    "shape" : "5672c98e-62af-4766-8b37-ecda8fd4a2ea",
    "color" : "#FF8080",
    "position" : {
      "x" : -5.6832814,
      "y" : 0.7236068,
      "z" : 11.09017
    },
    "orientation" : 9
  }, {
    "shape" : "3b26cff8-790d-448a-b4d1-80100f717d8b",
    "color" : "#008EC2",
    "position" : {
      "x" : -5.6832814,
      "y" : 0.7236068,
      "z" : -11.09017
    },
    "orientation" : 10
  }, {
    "shape" : "6c0c6761-25b7-4459-8b15-9a3c5e96f340",
    "color" : "#F2F2F2",
    "position" : {
      "x" : -5.6832814,
      "y" : -12.984597,
      "z" : 11.09017
    }
  }, {
    "shape" : "6c0c6761-25b7-4459-8b15-9a3c5e96f340",
    "color" : "#F2F2F2",
    "position" : {
      "x" : -16.77345,
      "y" : 4.959675,
      "z" : 4.236068
    }
  }, {
    "shape" : "732b5690-ccb5-45aa-b43d-0c7c8a442e5f",
    "color" : "#FF69B4",
    "position" : {
      "x" : -3.0652475,
      "y" : -17.220665,
      "z" : 4.236068
    },
    "orientation" : 30
  }, {
    "shape" : "2eacfd51-1994-47a6-bcf1-60f8b8bb58f5",
    "color" : "#FF69B4",
    "position" : {
      "x" : -9.91935,
      "y" : 2.3416407,
      "z" : 0.0
    },
    "orientation" : 16
  }, {
    "shape" : "3b26cff8-790d-448a-b4d1-80100f717d8b",
    "color" : "#008EC2",
    "position" : {
      "x" : -14.155417,
      "y" : 0.7236068,
      "z" : 11.09017
    },
    "orientation" : 21
  }, {
    "shape" : "6c0c6761-25b7-4459-8b15-9a3c5e96f340",
    "color" : "#F2F2F2",
    "position" : {
      "x" : -14.155417,
      "y" : 0.7236068,
      "z" : -11.09017
    }
  }, {
    "shape" : "d6a6a89b-2943-49ed-8dff-07d34b72b9ce",
    "color" : "#FF8080",
    "position" : {
      "x" : -14.155417,
      "y" : 0.7236068,
      "z" : 11.09017
    },
    "orientation" : 1
  }, {
    "shape" : "c91e3d73-547f-40e1-ad9d-20b5b07b6851",
    "color" : "#FF69B4",
    "position" : {
      "x" : -14.155417,
      "y" : 0.7236068,
      "z" : 11.09017
    },
    "orientation" : 36
  }, {
    "shape" : "3b26cff8-790d-448a-b4d1-80100f717d8b",
    "color" : "#008EC2",
    "position" : {
      "x" : 2.3416407,
      "y" : 9.91935,
      "z" : 0.0
    },
    "orientation" : 37
  }, {
    "shape" : "2eacfd51-1994-47a6-bcf1-60f8b8bb58f5",
    "color" : "#FF69B4",
    "position" : {
      "x" : -9.91935,
      "y" : -6.130495,
      "z" : 13.708204
    },
    "orientation" : 19
  }, {
    "shape" : "2e00b658-42e6-46b2-b01d-4fc24065142f",
    "color" : "#FF8080",
    "position" : {
      "x" : -5.6832814,
      "y" : -12.984597,
      "z" : -11.09017
    },
    "orientation" : 32
  }, {
    "shape" : "6c0c6761-25b7-4459-8b15-9a3c5e96f340",
    "color" : "#F2F2F2",
    "position" : {
      "x" : -3.0652475,
      "y" : -17.220665,
      "z" : 4.236068
    }
  }, {
    "shape" : "3b26cff8-790d-448a-b4d1-80100f717d8b",
    "color" : "#008EC2",
    "position" : {
      "x" : -9.91935,
      "y" : -6.130495,
      "z" : -13.708204
    },
    "orientation" : 21
  }, {
    "shape" : "d284fd3c-d8e4-4050-855a-27d69a6fb58b",
    "color" : "#FF69B4",
    "position" : {
      "x" : -7.301316,
      "y" : -1.8944272,
      "z" : -6.854102
    },
    "orientation" : 41
  }, {
    "shape" : "3b26cff8-790d-448a-b4d1-80100f717d8b",
    "color" : "#008EC2",
    "position" : {
      "x" : -14.155417,
      "y" : 0.7236068,
      "z" : -11.09017
    },
    "orientation" : 0
  }, {
    "shape" : "3b26cff8-790d-448a-b4d1-80100f717d8b",
    "color" : "#008EC2",
    "position" : {
      "x" : -7.301316,
      "y" : -1.8944272,
      "z" : 6.854102
    },
    "orientation" : 38
  }, {
    "shape" : "499128ae-f6f1-4cbc-aa4f-4c54035d59da",
    "color" : "#00FF00",
    "position" : {
      "x" : 9.195743,
      "y" : -1.1708204,
      "z" : -4.236068
    },
    "orientation" : 42
  }, {
    "shape" : "6c0c6761-25b7-4459-8b15-9a3c5e96f340",
    "color" : "#F2F2F2",
    "position" : {
      "x" : -14.155417,
      "y" : 0.7236068,
      "z" : 11.09017
    }
  }, {
    "shape" : "2ae0ece1-c3ed-4e11-97b5-787ea6563e0b",
    "color" : "#FF8080",
    "position" : {
      "x" : -16.77345,
      "y" : 4.959675,
      "z" : -4.236068
    },
    "orientation" : 46
  }, {
    "shape" : "3b26cff8-790d-448a-b4d1-80100f717d8b",
    "color" : "#008EC2",
    "position" : {
      "x" : -9.91935,
      "y" : 2.3416407,
      "z" : 0.0
    },
    "orientation" : 38
  }, {
    "shape" : "1ff9282e-2436-4775-9446-d081c8469f58",
    "color" : "#B0E0E6",
    "position" : {
      "x" : 4.959675,
      "y" : 5.6832814,
      "z" : 6.854102
    },
    "orientation" : 9
  }, {
    "shape" : "3b26cff8-790d-448a-b4d1-80100f717d8b",
    "color" : "#008EC2",
    "position" : {
      "x" : -9.91935,
      "y" : 7.5777087,
      "z" : 0.0
    },
    "orientation" : 41
  }, {
    "shape" : "3b26cff8-790d-448a-b4d1-80100f717d8b",
    "color" : "#008EC2",
    "position" : {
      "x" : -5.6832814,
      "y" : -12.984597,
      "z" : 11.09017
    },
    "orientation" : 23
  }, {
    "shape" : "3b26cff8-790d-448a-b4d1-80100f717d8b",
    "color" : "#008EC2",
    "position" : {
      "x" : -16.77345,
      "y" : 4.959675,
      "z" : -4.236068
    },
    "orientation" : 8
  }, {
    "shape" : "6c0c6761-25b7-4459-8b15-9a3c5e96f340",
    "color" : "#F2F2F2",
    "position" : {
      "x" : -3.0652475,
      "y" : -8.748529,
      "z" : 4.236068
    }
  }, {
    "shape" : "3b26cff8-790d-448a-b4d1-80100f717d8b",
    "color" : "#008EC2",
    "position" : {
      "x" : 3.7888544,
      "y" : -6.130495,
      "z" : 0.0
    },
    "orientation" : 55
  }, {
    "shape" : "499128ae-f6f1-4cbc-aa4f-4c54035d59da",
    "color" : "#00FF00",
    "position" : {
      "x" : 4.959675,
      "y" : 5.6832814,
      "z" : 6.854102
    },
    "orientation" : 33
  }, {
    "shape" : "aa2f0344-9033-4f92-97c5-b7653205951f",
    "color" : "#FF69B4",
    "position" : {
      "x" : -9.91935,
      "y" : 2.3416407,
      "z" : 0.0
    },
    "orientation" : 39
  }, {
    "shape" : "3b26cff8-790d-448a-b4d1-80100f717d8b",
    "color" : "#008EC2",
    "position" : {
      "x" : -3.0652475,
      "y" : 4.959675,
      "z" : -4.236068
    },
    "orientation" : 38
  }, {
    "shape" : "3b26cff8-790d-448a-b4d1-80100f717d8b",
    "color" : "#008EC2",
    "position" : {
      "x" : 1.1708204,
      "y" : -1.8944272,
      "z" : 6.854102
    },
    "orientation" : 16
  }, {
    "shape" : "3b26cff8-790d-448a-b4d1-80100f717d8b",
    "color" : "#008EC2",
    "position" : {
      "x" : -3.0652475,
      "y" : -17.220665,
      "z" : -4.236068
    },
    "orientation" : 2
  }, {
    "shape" : "3b26cff8-790d-448a-b4d1-80100f717d8b",
    "color" : "#008EC2",
    "position" : {
      "x" : -9.91935,
      "y" : 2.3416407,
      "z" : 0.0
    },
    "orientation" : 37
  }, {
    "shape" : "3b26cff8-790d-448a-b4d1-80100f717d8b",
    "color" : "#008EC2",
    "position" : {
      "x" : -9.91935,
      "y" : 7.5777087,
      "z" : 0.0
    },
    "orientation" : 8
  }, {
    "shape" : "3b26cff8-790d-448a-b4d1-80100f717d8b",
    "color" : "#008EC2",
    "position" : {
      "x" : -7.301316,
      "y" : -1.8944272,
      "z" : -6.854102
    },
    "orientation" : 7
  }, {
    "shape" : "3b26cff8-790d-448a-b4d1-80100f717d8b",
    "color" : "#008EC2",
    "position" : {
      "x" : -5.6832814,
      "y" : 0.7236068,
      "z" : 11.09017
    },
    "orientation" : 45
  }, {
    "shape" : "5672c98e-62af-4766-8b37-ecda8fd4a2ea",
    "color" : "#FF69B4",
    "position" : {
      "x" : -7.301316,
      "y" : -1.8944272,
      "z" : -6.854102
    },
    "orientation" : 39
  }, {
    "shape" : "499128ae-f6f1-4cbc-aa4f-4c54035d59da",
    "color" : "#00FF00",
    "position" : {
      "x" : 4.959675,
      "y" : 5.6832814,
      "z" : -6.854102
    },
    "orientation" : 39
  }, {
    "shape" : "1ff9282e-2436-4775-9446-d081c8469f58",
    "color" : "#B0E0E6",
    "position" : {
      "x" : 4.959675,
      "y" : 5.6832814,
      "z" : -6.854102
    },
    "orientation" : 9
  }, {
    "shape" : "3b26cff8-790d-448a-b4d1-80100f717d8b",
    "color" : "#008EC2",
    "position" : {
      "x" : -3.0652475,
      "y" : 4.959675,
      "z" : -4.236068
    },
    "orientation" : 2
  }, {
    "shape" : "3b26cff8-790d-448a-b4d1-80100f717d8b",
    "color" : "#008EC2",
    "position" : {
      "x" : 1.1708204,
      "y" : -10.366563,
      "z" : -6.854102
    },
    "orientation" : 39
  }, {
    "shape" : "3b26cff8-790d-448a-b4d1-80100f717d8b",
    "color" : "#008EC2",
    "position" : {
      "x" : -3.0652475,
      "y" : 4.959675,
      "z" : 4.236068
    },
    "orientation" : 21
  }, {
    "shape" : "732b5690-ccb5-45aa-b43d-0c7c8a442e5f",
    "color" : "#FF69B4",
    "position" : {
      "x" : -3.0652475,
      "y" : -17.220665,
      "z" : -4.236068
    },
    "orientation" : 38
  }, {
    "shape" : "732b5690-ccb5-45aa-b43d-0c7c8a442e5f",
    "color" : "#FF8080",
    "position" : {
      "x" : -16.77345,
      "y" : 4.959675,
      "z" : 4.236068
    },
    "orientation" : 1
  }, {
    "shape" : "3b26cff8-790d-448a-b4d1-80100f717d8b",
    "color" : "#008EC2",
    "position" : {
      "x" : -9.91935,
      "y" : -6.130495,
      "z" : 13.708204
    },
    "orientation" : 52
  }, {
    "shape" : "00141399-fdc4-4ae2-9e42-d1afaa859584",
    "color" : "#FF69B4",
    "position" : {
      "x" : -3.0652475,
      "y" : -17.220665,
      "z" : -4.236068
    },
    "orientation" : 45
  }, {
    "shape" : "0ade1e05-50cd-4156-8cfd-44c4314e56a0",
    "color" : "#00FF00",
    "position" : {
      "x" : 4.959675,
