{
  "polygons" : "true",
  "field" : "golden",
  "symmetry" : "icosahedral",
  "orientations" : [ [ 1.0, 0.0, 0.0, 0.0, 0.0, 1.0, 0.0, 0.0, 0.0, 0.0, 1.0, 0.0, 0.0, 0.0, 0.0, 1.0 ], [ 0.0, 0.0, 1.0, 0.0, 1.0, 0.0, 0.0, 0.0, 0.0, 1.0, 0.0, 0.0, 0.0, 0.0, 0.0, 1.0 ], [ 0.0, 1.0, 0.0, 0.0, 0.0, 0.0, 1.0, 0.0, 1.0, 0.0, 0.0, 0.0, 0.0, 0.0, 0.0, 1.0 ], [ 0.809017, 0.309017, 0.5, 0.0, 0.309017, 0.5, -0.809017, 0.0, -0.5, 0.809017, 0.309017, 0.0, 0.0, 0.0, 0.0, 1.0 ], [ -0.5, 0.809017, 0.309017, 0.0, 0.809017, 0.309017, 0.5, 0.0, 0.309017, 0.5, -0.809017, 0.0, 0.0, 0.0, 0.0, 1.0 ], [ 0.309017, 0.5, -0.809017, 0.0, -0.5, 0.809017, 0.309017, 0.0, 0.809017, 0.309017, 0.5, 0.0, 0.0, 0.0, 0.0, 1.0 ], [ 0.5, 0.809017, 0.309017, 0.0, 0.809017, -0.309017, -0.5, 0.0, -0.309017, 0.5, -0.809017, 0.0, 0.0, 0.0, 0.0, 1.0 ], [ -0.309017, 0.5, -0.809017, 0.0, 0.5, 0.809017, 0.309017, 0.0, 0.809017, -0.309017, -0.5, 0.0, 0.0, 0.0, 0.0, 1.0 ], [ 0.809017, -0.309017, -0.5, 0.0, -0.309017, 0.5, -0.809017, 0.0, 0.5, 0.809017, 0.309017, 0.0, 0.0, 0.0, 0.0, 1.0 ], [ 0.5, 0.809017, -0.309017, 0.0, 0.809017, -0.309017, 0.5, 0.0, 0.309017, -0.5, -0.809017, 0.0, 0.0, 0.0, 0.0, 1.0 ], [ 0.309017, -0.5, -0.809017, 0.0, 0.5, 0.809017, -0.309017, 0.0, 0.809017, -0.309017, 0.5, 0.0, 0.0, 0.0, 0.0, 1.0 ], [ 0.809017, -0.309017, 0.5, 0.0, 0.309017, -0.5, -0.809017, 0.0, 0.5, 0.809017, -0.309017, 0.0, 0.0, 0.0, 0.0, 1.0 ], [ 0.809017, 0.309017, -0.5, 0.0, 0.309017, 0.5, 0.809017, 0.0, 0.5, -0.809017, 0.309017, 0.0, 0.0, 0.0, 0.0, 1.0 ], [ 0.5, -0.809017, 0.309017, 0.0, 0.809017, 0.309017, -0.5, 0.0, 0.309017, 0.5, 0.809017, 0.0, 0.0, 0.0, 0.0, 1.0 ], [ 0.309017, 0.5, 0.809017, 0.0, 0.5, -0.809017, 0.309017, 0.0, 0.809017, 0.309017, -0.5, 0.0, 0.0, 0.0, 0.0, 1.0 ], [ 1.0, 0.0, 0.0, 0.0, 0.0, -1.0, 0.0, 0.0, 0.0, 0.0, -1.0, 0.0, 0.0, 0.0, 0.0, 1.0 ], [ 0.0, 0.0, 1.0, 0.0, -1.0, 0.0, 0.0, 0.0, 0.0, -1.0, 0.0, 0.0, 0.0, 0.0, 0.0, 1.0 ], [ 0.0, 1.0, 0.0, 0.0, 0.0, 0.0, -1.0, 0.0, -1.0, 0.0, 0.0, 0.0, 0.0, 0.0, 0.0, 1.0 ], [ 0.809017, 0.309017, 0.5, 0.0, -0.309017, -0.5, 0.809017, 0.0, 0.5, -0.809017, -0.309017, 0.0, 0.0, 0.0, 0.0, 1.0 ], [ -0.5, 0.809017, 0.309017, 0.0, -0.809017, -0.309017, -0.5, 0.0, -0.309017, -0.5, 0.809017, 0.0, 0.0, 0.0, 0.0, 1.0 ], [ 0.309017, 0.5, -0.809017, 0.0, 0.5, -0.809017, -0.309017, 0.0, -0.809017, -0.309017, -0.5, 0.0, 0.0, 0.0, 0.0, 1.0 ], [ 0.5, 0.809017, 0.309017, 0.0, -0.809017, 0.309017, 0.5, 0.0, 0.309017, -0.5, 0.809017, 0.0, 0.0, 0.0, 0.0, 1.0 ], [ -0.309017, 0.5, -0.809017, 0.0, -0.5, -0.809017, -0.309017, 0.0, -0.809017, 0.309017, 0.5, 0.0, 0.0, 0.0, 0.0, 1.0 ], [ 0.809017, -0.309017, -0.5, 0.0, 0.309017, -0.5, 0.809017, 0.0, -0.5, -0.809017, -0.309017, 0.0, 0.0, 0.0, 0.0, 1.0 ], [ 0.5, 0.809017, -0.309017, 0.0, -0.809017, 0.309017, -0.5, 0.0, -0.309017, 0.5, 0.809017, 0.0, 0.0, 0.0, 0.0, 1.0 ], [ 0.309017, -0.5, -0.809017, 0.0, -0.5, -0.809017, 0.309017, 0.0, -0.809017, 0.309017, -0.5, 0.0, 0.0, 0.0, 0.0, 1.0 ], [ 0.809017, -0.309017, 0.5, 0.0, -0.309017, 0.5, 0.809017, 0.0, -0.5, -0.809017, 0.309017, 0.0, 0.0, 0.0, 0.0, 1.0 ], [ 0.809017, 0.309017, -0.5, 0.0, -0.309017, -0.5, -0.809017, 0.0, -0.5, 0.809017, -0.309017, 0.0, 0.0, 0.0, 0.0, 1.0 ], [ 0.5, -0.809017, 0.309017, 0.0, -0.809017, -0.309017, 0.5, 0.0, -0.309017, -0.5, -0.809017, 0.0, 0.0, 0.0, 0.0, 1.0 ], [ 0.309017, 0.5, 0.809017, 0.0, -0.5, 0.809017, -0.309017, 0.0, -0.809017, -0.309017, 0.5, 0.0, 0.0, 0.0, 0.0, 1.0 ], [ -1.0, 0.0, 0.0, 0.0, 0.0, -1.0, 0.0, 0.0, 0.0, 0.0, 1.0, 0.0, 0.0, 0.0, 0.0, 1.0 ], [ 0.0, 0.0, -1.0, 0.0, -1.0, 0.0, 0.0, 0.0, 0.0, 1.0, 0.0, 0.0, 0.0, 0.0, 0.0, 1.0 ], [ 0.0, -1.0, 0.0, 0.0, 0.0, 0.0, -1.0, 0.0, 1.0, 0.0, 0.0, 0.0, 0.0, 0.0, 0.0, 1.0 ], [ -0.809017, -0.309017, -0.5, 0.0, -0.309017, -0.5, 0.809017, 0.0, -0.5, 0.809017, 0.309017, 0.0, 0.0, 0.0, 0.0, 1.0 ], [ 0.5, -0.809017, -0.309017, 0.0, -0.809017, -0.309017, -0.5, 0.0, 0.309017, 0.5, -0.809017, 0.0, 0.0, 0.0, 0.0, 1.0 ], [ -0.309017, -0.5, 0.809017, 0.0, 0.5, -0.809017, -0.309017, 0.0, 0.809017, 0.309017, 0.5, 0.0, 0.0, 0.0, 0.0, 1.0 ], [ -0.5, -0.809017, -0.309017, 0.0, -0.809017, 0.309017, 0.5, 0.0, -0.309017, 0.5, -0.809017, 0.0, 0.0, 0.0, 0.0, 1.0 ], [ 0.309017, -0.5, 0.809017, 0.0, -0.5, -0.809017, -0.309017, 0.0, 0.809017, -0.309017, -0.5, 0.0, 0.0, 0.0, 0.0, 1.0 ], [ -0.809017, 0.309017, 0.5, 0.0, 0.309017, -0.5, 0.809017, 0.0, 0.5, 0.809017, 0.309017, 0.0, 0.0, 0.0, 0.0, 1.0 ], [ -0.5, -0.809017, 0.309017, 0.0, -0.809017, 0.309017, -0.5, 0.0, 0.309017, -0.5, -0.809017, 0.0, 0.0, 0.0, 0.0, 1.0 ], [ -0.309017, 0.5, 0.809017, 0.0, -0.5, -0.809017, 0.309017, 0.0, 0.809017, -0.309017, 0.5, 0.0, 0.0, 0.0, 0.0, 1.0 ], [ -0.809017, 0.309017, -0.5, 0.0, -0.309017, 0.5, 0.809017, 0.0, 0.5, 0.809017, -0.309017, 0.0, 0.0, 0.0, 0.0, 1.0 ], [ -0.809017, -0.309017, 0.5, 0.0, -0.309017, -0.5, -0.809017, 0.0, 0.5, -0.809017, 0.309017, 0.0, 0.0, 0.0, 0.0, 1.0 ], [ -0.5, 0.809017, -0.309017, 0.0, -0.809017, -0.309017, 0.5, 0.0, 0.309017, 0.5, 0.809017, 0.0, 0.0, 0.0, 0.0, 1.0 ], [ -0.309017, -0.5, -0.809017, 0.0, -0.5, 0.809017, -0.309017, 0.0, 0.809017, 0.309017, -0.5, 0.0, 0.0, 0.0, 0.0, 1.0 ], [ -1.0, 0.0, 0.0, 0.0, 0.0, 1.0, 0.0, 0.0, 0.0, 0.0, -1.0, 0.0, 0.0, 0.0, 0.0, 1.0 ], [ 0.0, 0.0, -1.0, 0.0, 1.0, 0.0, 0.0, 0.0, 0.0, -1.0, 0.0, 0.0, 0.0, 0.0, 0.0, 1.0 ], [ 0.0, -1.0, 0.0, 0.0, 0.0, 0.0, 1.0, 0.0, -1.0, 0.0, 0.0, 0.0, 0.0, 0.0, 0.0, 1.0 ], [ -0.809017, -0.309017, -0.5, 0.0, 0.309017, 0.5, -0.809017, 0.0, 0.5, -0.809017, -0.309017, 0.0, 0.0, 0.0, 0.0, 1.0 ], [ 0.5, -0.809017, -0.309017, 0.0, 0.809017, 0.309017, 0.5, 0.0, -0.309017, -0.5, 0.809017, 0.0, 0.0, 0.0, 0.0, 1.0 ], [ -0.309017, -0.5, 0.809017, 0.0, -0.5, 0.809017, 0.309017, 0.0, -0.809017, -0.309017, -0.5, 0.0, 0.0, 0.0, 0.0, 1.0 ], [ -0.5, -0.809017, -0.309017, 0.0, 0.809017, -0.309017, -0.5, 0.0, 0.309017, -0.5, 0.809017, 0.0, 0.0, 0.0, 0.0, 1.0 ], [ 0.309017, -0.5, 0.809017, 0.0, 0.5, 0.809017, 0.309017, 0.0, -0.809017, 0.309017, 0.5, 0.0, 0.0, 0.0, 0.0, 1.0 ], [ -0.809017, 0.309017, 0.5, 0.0, -0.309017, 0.5, -0.809017, 0.0, -0.5, -0.809017, -0.309017, 0.0, 0.0, 0.0, 0.0, 1.0 ], [ -0.5, -0.809017, 0.309017, 0.0, 0.809017, -0.309017, 0.5, 0.0, -0.309017, 0.5, 0.809017, 0.0, 0.0, 0.0, 0.0, 1.0 ], [ -0.309017, 0.5, 0.809017, 0.0, 0.5, 0.809017, -0.309017, 0.0, -0.809017, 0.309017, -0.5, 0.0, 0.0, 0.0, 0.0, 1.0 ], [ -0.809017, 0.309017, -0.5, 0.0, 0.309017, -0.5, -0.809017, 0.0, -0.5, -0.809017, 0.309017, 0.0, 0.0, 0.0, 0.0, 1.0 ], [ -0.809017, -0.309017, 0.5, 0.0, 0.309017, 0.5, 0.809017, 0.0, -0.5, 0.809017, -0.309017, 0.0, 0.0, 0.0, 0.0, 1.0 ], [ -0.5, 0.809017, -0.309017, 0.0, 0.809017, 0.309017, -0.5, 0.0, -0.309017, -0.5, -0.809017, 0.0, 0.0, 0.0, 0.0, 1.0 ], [ -0.309017, -0.5, -0.809017, 0.0, 0.5, -0.809017, 0.309017, 0.0, -0.809017, -0.309017, 0.5, 0.0, 0.0, 0.0, 0.0, 1.0 ] ],
  "lights" : {
    "directionalLights" : [ {
      "direction" : [ 1.0, -1.0, -1.0 ],
      "color" : "#EBEBE4"
    }, {
      "direction" : [ -1.0, 0.0, 0.0 ],
      "color" : "#E4E4EB"
    }, {
      "direction" : [ 0.0, 0.0, -1.0 ],
      "color" : "#1E1E1E"
    } ],
    "ambientColor" : "#292929",
    "backgroundColor" : "#AFC8DC"
  },
  "camera" : {
    "position" : {
      "x" : -4.753622,
      "y" : -3.6824064,
      "z" : 94.335014
    },
    "width" : 42.536896,
    "perspective" : true,
    "upDirectionRV" : {
      "x" : -0.8417327,
      "y" : -0.5361649,
      "z" : -0.0633446,
      "zero" : false
    },
    "lookAtPointRV" : {
      "x" : 0.0,
      "y" : 0.0,
      "z" : 0.0,
      "zero" : true
    },
    "lookDirectionRV" : {
      "x" : 0.050288815,
      "y" : 0.03895637,
      "z" : -0.99797505,
      "zero" : false
    },
    "viewDistance" : 94.52643,
    "fieldOfView" : 0.4426289,
    "nearClipDistance" : 0.23631607,
    "lookDirection" : {
      "x" : 0.050288815,
      "y" : 0.03895637,
      "z" : -0.99797505
    },
    "lookAtPoint" : {
      "x" : 0.0,
      "y" : 0.0,
      "z" : 0.0
    },
    "upDirection" : {
      "x" : -0.8417327,
      "y" : -0.5361649,
      "z" : -0.0633446
    },
    "farClipDistance" : 189.05286,
    "stereo" : false
  },
  "embedding" : [ 1.0, 0.0, 0.0, 0.0, 0.0, 1.0, 0.0, 0.0, 0.0, 0.0, 1.0, 0.0, 0.0, 0.0, 0.0, 1.0 ],
  "shapes" : [ {
    "id" : "7c6ab3ee-c7bd-466c-b976-d13ccf2994ee",
    "orbit" : "blue",
    "orbitC" : "[[0,0,1],[0,0,1]]",
    "length" : "[1,0,1]",
    "name" : "b1",
    "vertices" : [ {
      "x" : 1.0,
      "y" : 0.309017,
      "z" : 0.19098301
    }, {
      "x" : 1.0,
      "y" : -0.309017,
      "z" : 0.19098301
    }, {
      "x" : 7.472136,
      "y" : -0.309017,
      "z" : 0.19098301
    }, {
      "x" : 7.472136,
      "y" : 0.309017,
      "z" : 0.19098301
    }, {
      "x" : 7.472136,
      "y" : -0.309017,
      "z" : -0.19098301
    }, {
      "x" : 7.472136,
      "y" : 0.309017,
      "z" : -0.19098301
    }, {
      "x" : 8.09017,
      "y" : 0.0,
      "z" : 0.0
    }, {
      "x" : 0.38196602,
      "y" : 0.0,
      "z" : 0.0
    }, {
      "x" : 1.0,
      "y" : 0.309017,
      "z" : -0.19098301
    }, {
      "x" : 1.0,
      "y" : -0.309017,
      "z" : -0.19098301
    }, {
      "x" : 8.472136,
      "y" : 0.0,
      "z" : 0.0
    } ],
    "faces" : [ {
      "vertices" : [ 1, 9, 4, 2 ]
    }, {
      "vertices" : [ 0, 3, 5, 8 ]
    }, {
      "vertices" : [ 1, 7, 9 ]
    }, {
      "vertices" : [ 0, 1, 2, 3 ]
    }, {
      "vertices" : [ 7, 8, 9 ]
    }, {
      "vertices" : [ 0, 7, 1 ]
    }, {
      "vertices" : [ 4, 9, 8, 5 ]
    }, {
      "vertices" : [ 2, 6, 3 ]
    }, {
      "vertices" : [ 2, 4, 6 ]
    }, {
      "vertices" : [ 3, 6, 5 ]
    }, {
      "vertices" : [ 4, 5, 6 ]
    }, {
      "vertices" : [ 0, 8, 7 ]
    } ]
  }, {
    "id" : "96541700-dab7-452f-a434-d2f3c6c9c988",
    "vertices" : [ {
      "x" : 0.0,
      "y" : 0.0,
      "z" : 0.0
    }, {
      "x" : 0.0,
      "y" : 8.472136,
      "z" : 0.0
    }, {
      "x" : 2.618034,
      "y" : 4.236068,
      "z" : 6.854102
    } ],
    "faces" : [ {
      "vertices" : [ 0, 1, 2 ]
    }, {
      "vertices" : [ 0, 2, 1 ]
    } ]
  }, {
    "id" : "0ee81723-1b07-42f5-964b-e9e771383922",
    "vertices" : [ {
      "x" : 0.0,
      "y" : 0.0,
      "z" : 0.0
    }, {
      "x" : 2.618034,
      "y" : -4.236068,
      "z" : 6.854102
    }, {
      "x" : 7.5777087,
      "y" : -3.7888544,
      "z" : 0.0
    } ],
    "faces" : [ {
      "vertices" : [ 0, 1, 2 ]
    }, {
      "vertices" : [ 0, 2, 1 ]
    } ]
  }, {
    "id" : "de941d41-c3ce-4903-aa78-986e73a8508f",
    "orbit" : "1",
    "orbitC" : "[[-8,5,1],[-11,7,1]]",
    "length" : "[1,0,1]",
    "name" : "short",
    "vertices" : [ {
      "x" : -7.4421387,
      "y" : -0.79837924,
      "z" : 2.2061586
    }, {
      "x" : -7.5421386,
      "y" : -0.39837924,
      "z" : 2.3061585
    }, {
      "x" : -0.58278376,
      "y" : 0.074772425,
      "z" : 0.41187537
    }, {
      "x" : -0.48278376,
      "y" : -0.3252276,
      "z" : 0.31187534
    }, {
      "x" : -7.3088055,
      "y" : -0.53171253,
      "z" : 2.6061587
    }, {
      "x" : -7.208805,
      "y" : -0.93171257,
      "z" : 2.5061586
    }, {
      "x" : -0.7161171,
      "y" : -0.19189425,
      "z" : 0.011875356
    }, {
      "x" : -0.8161171,
      "y" : 0.20810576,
      "z" : 0.111875355
    } ],
    "faces" : [ {
      "vertices" : [ 2, 3, 6, 7 ]
    }, {
      "vertices" : [ 0, 5, 4, 1 ]
    }, {
      "vertices" : [ 2, 4, 5, 3 ]
    }, {
      "vertices" : [ 0, 6, 3, 5 ]
    }, {
      "vertices" : [ 0, 1, 7, 6 ]
    }, {
      "vertices" : [ 1, 4, 2, 7 ]
    } ]
  }, {
    "id" : "e4d4a7a4-4bc7-4dbd-9745-d7f63d9730c2",
    "orbit" : "0",
    "orbitC" : "[[1,0,2],[0,0,1]]",
    "length" : "[1,0,1]",
    "name" : "short",
    "vertices" : [ {
      "x" : 4.3632493,
      "y" : 0.5448013,
      "z" : -6.372922
    }, {
      "x" : 4.463249,
      "y" : 0.14480127,
      "z" : -6.4729223
    }, {
      "x" : 0.5964254,
      "y" : -0.097587675,
      "z" : -0.4811798
    }, {
      "x" : 0.49642542,
      "y" : 0.30241233,
      "z" : -0.3811798
    }, {
      "x" : 4.7632494,
      "y" : 0.2781346,
      "z" : -6.2395887
    }, {
      "x" : 4.6632495,
      "y" : 0.6781346,
      "z" : -6.139589
    }, {
      "x" : 0.19642544,
      "y" : 0.16907899,
      "z" : -0.61451316
    }, {
      "x" : 0.29642543,
      "y" : -0.230921,
      "z" : -0.7145131
    } ],
    "faces" : [ {
      "vertices" : [ 2, 3, 6, 7 ]
    }, {
      "vertices" : [ 0, 5, 4, 1 ]
    }, {
      "vertices" : [ 2, 4, 5, 3 ]
    }, {
      "vertices" : [ 0, 6, 3, 5 ]
    }, {
      "vertices" : [ 0, 1, 7, 6 ]
    }, {
      "vertices" : [ 1, 4, 2, 7 ]
    } ]
  }, {
    "id" : "e38f90b2-4d0a-44e1-8e9f-9c16be3d73a9",
    "name" : "ball",
    "vertices" : [ {
      "x" : -0.309017,
      "y" : -0.19098301,
      "z" : 0.0
    }, {
      "x" : -0.309017,
      "y" : 0.19098301,
      "z" : 0.0
    }, {
      "x" : -0.19098301,
      "y" : 0.0,
      "z" : -0.309017
    }, {
      "x" : -0.19098301,
      "y" : 0.0,
      "z" : 0.309017
    }, {
      "x" : 0.0,
      "y" : -0.309017,
      "z" : -0.19098301
    }, {
      "x" : 0.0,
      "y" : -0.309017,
      "z" : 0.19098301
    }, {
      "x" : 0.0,
      "y" : 0.309017,
      "z" : -0.19098301
    }, {
      "x" : 0.0,
      "y" : 0.309017,
      "z" : 0.19098301
    }, {
      "x" : 0.19098301,
      "y" : 0.0,
      "z" : -0.309017
    }, {
      "x" : 0.19098301,
      "y" : 0.0,
      "z" : 0.309017
    }, {
      "x" : 0.309017,
      "y" : -0.19098301,
      "z" : 0.0
    }, {
      "x" : 0.309017,
      "y" : 0.19098301,
      "z" : 0.0
    } ],
    "faces" : [ {
      "vertices" : [ 0, 1, 2 ]
    }, {
      "vertices" : [ 0, 3, 1 ]
    }, {
      "vertices" : [ 0, 2, 4 ]
    }, {
      "vertices" : [ 0, 5, 3 ]
    }, {
      "vertices" : [ 0, 4, 5 ]
    }, {
      "vertices" : [ 1, 6, 2 ]
    }, {
      "vertices" : [ 1, 3, 7 ]
    }, {
      "vertices" : [ 1, 7, 6 ]
    }, {
      "vertices" : [ 2, 8, 4 ]
    }, {
      "vertices" : [ 2, 6, 8 ]
    }, {
      "vertices" : [ 3, 5, 9 ]
    }, {
      "vertices" : [ 3, 9, 7 ]
    }, {
      "vertices" : [ 4, 10, 5 ]
    }, {
      "vertices" : [ 4, 8, 10 ]
    }, {
      "vertices" : [ 5, 10, 9 ]
    }, {
      "vertices" : [ 6, 7, 11 ]
    }, {
      "vertices" : [ 6, 11, 8 ]
    }, {
      "vertices" : [ 7, 9, 11 ]
    }, {
      "vertices" : [ 8, 11, 10 ]
    }, {
      "vertices" : [ 9, 10, 11 ]
    } ]
  }, {
    "id" : "54702f9d-e640-47ef-b398-77c071bdb245",
    "vertices" : [ {
      "x" : 0.0,
      "y" : 0.0,
      "z" : 0.0
    }, {
      "x" : -7.5777087,
      "y" : 3.7888544,
      "z" : 0.0
    }, {
      "x" : -4.959675,
      "y" : -0.4472136,
      "z" : 6.854102
    } ],
    "faces" : [ {
      "vertices" : [ 0, 1, 2 ]
    }, {
      "vertices" : [ 0, 2, 1 ]
    } ]
  }, {
    "id" : "ab2e719f-54c5-4a6d-a616-0afa4020f2db",
    "vertices" : [ {
      "x" : 0.0,
      "y" : 0.0,
      "z" : 0.0
    }, {
      "x" : 5.4068885,
      "y" : 4.959675,
      "z" : -4.236068
    }, {
      "x" : 12.984597,
      "y" : 1.1708204,
      "z" : -4.236068
    }, {
      "x" : 12.26099,
      "y" : -6.130495,
      "z" : 0.0
    }, {
      "x" : 4.236068,
      "y" : -6.854102,
      "z" : 2.618034
    } ],
    "faces" : [ {
      "vertices" : [ 0, 1, 2, 3, 4 ]
    }, {
      "vertices" : [ 0, 4, 3, 2, 1 ]
    } ]
  }, {
    "id" : "a7371d20-463f-4fc1-8984-726d7343a8fb",
    "vertices" : [ {
      "x" : 0.0,
      "y" : 0.0,
      "z" : 0.0
    }, {
      "x" : 2.618034,
      "y" : -4.236068,
      "z" : 6.854102
    }, {
      "x" : 6.854102,
      "y" : -11.09017,
      "z" : 4.236068
    }, {
      "x" : 6.854102,
      "y" : -11.09017,
      "z" : -4.236068
    }, {
      "x" : 2.618034,
      "y" : -4.236068,
      "z" : -6.854102
    } ],
    "faces" : [ {
      "vertices" : [ 0, 1, 2, 3, 4 ]
    }, {
      "vertices" : [ 0, 4, 3, 2, 1 ]
    } ]
  }, {
    "id" : "51756bc8-d32e-45cb-905c-d61d45fe57c6",
    "vertices" : [ {
      "x" : 0.0,
      "y" : 0.0,
      "z" : 0.0
    }, {
      "x" : -2.618034,
      "y" : -4.236068,
      "z" : -6.854102
    }, {
      "x" : -2.618034,
      "y" : 4.236068,
      "z" : -6.854102
    } ],
    "faces" : [ {
      "vertices" : [ 0, 1, 2 ]
    }, {
      "vertices" : [ 0, 2, 1 ]
    } ]
  }, {
    "id" : "6819f0fe-cfc9-4722-9570-46ec5208358a",
    "vertices" : [ {
      "x" : 0.0,
      "y" : 0.0,
      "z" : 0.0
    }, {
      "x" : 2.618034,
      "y" : -4.236068,
      "z" : 6.854102
    }, {
      "x" : 0.0,
      "y" : -8.472136,
      "z" : 0.0
    } ],
    "faces" : [ {
      "vertices" : [ 0, 1, 2 ]
    }, {
      "vertices" : [ 0, 2, 1 ]
    } ]
  }, {
    "id" : "6bafe326-0f5b-4564-96f0-291ac062c8b3",
    "vertices" : [ {
      "x" : 0.0,
      "y" : 0.0,
      "z" : 0.0
    }, {
      "x" : 2.618034,
      "y" : -4.236068,
      "z" : -6.854102
    }, {
      "x" : 0.0,
      "y" : 0.0,
      "z" : -13.708204
    }, {
      "x" : -4.236068,
      "y" : 6.854102,
      "z" : -11.09017
    }, {
      "x" : -4.236068,
      "y" : 6.854102,
      "z" : -2.618034
    } ],
    "faces" : [ {
      "vertices" : [ 0, 1, 2, 3, 4 ]
    }, {
      "vertices" : [ 0, 4, 3, 2, 1 ]
    } ]
  } ],
  "instances" : [ {
    "shape" : "7c6ab3ee-c7bd-466c-b976-d13ccf2994ee",
    "color" : "#008EC2",
    "position" : {
      "x" : 4.959675,
      "y" : 5.6832814,
      "z" : 6.854102
    },
    "orientation" : 41
  }, {
    "shape" : "96541700-dab7-452f-a434-d2f3c6c9c988",
    "color" : "#FFD98C",
    "position" : {
      "x" : 4.959675,
      "y" : -8.024922,
      "z" : 6.854102
    },
    "orientation" : 7
  }, {
    "shape" : "7c6ab3ee-c7bd-466c-b976-d13ccf2994ee",
    "color" : "#008EC2",
    "position" : {
      "x" : -3.0652475,
      "y" : -8.748529,
      "z" : -4.236068
    },
    "orientation" : 2
  }, {
    "shape" : "7c6ab3ee-c7bd-466c-b976-d13ccf2994ee",
    "color" : "#008EC2",
    "position" : {
      "x" : -1.8944272,
      "y" : 3.0652475,
      "z" : 2.618034
    },
    "orientation" : 2
  }, {
    "shape" : "0ee81723-1b07-42f5-964b-e9e771383922",
    "color" : "#FFFFFF",
    "position" : {
      "x" : 4.959675,
      "y" : -8.024922,
      "z" : 6.854102
    },
    "orientation" : 9
  }, {
    "shape" : "7c6ab3ee-c7bd-466c-b976-d13ccf2994ee",
    "color" : "#008EC2",
    "position" : {
      "x" : -1.8944272,
      "y" : 3.0652475,
      "z" : -2.618034
    },
    "orientation" : 51
  }, {
    "shape" : "de941d41-c3ce-4903-aa78-986e73a8508f",
    "color" : "#B0E0E6",
    "position" : {
      "x" : 4.959675,
      "y" : -8.024922,
      "z" : -6.854102
    },
    "orientation" : 0
  }, {
    "shape" : "7c6ab3ee-c7bd-466c-b976-d13ccf2994ee",
    "color" : "#008EC2",
    "position" : {
      "x" : 4.959675,
      "y" : 5.6832814,
      "z" : -6.854102
    },
    "orientation" : 39
  }, {
    "shape" : "e4d4a7a4-4bc7-4dbd-9745-d7f63d9730c2",
    "color" : "#B8860B",
    "position" : {
      "x" : -1.8944272,
      "y" : 3.0652475,
      "z" : -2.618034
    },
    "orientation" : 3
  }, {
    "shape" : "e38f90b2-4d0a-44e1-8e9f-9c16be3d73a9",
    "color" : "#F2F2F2",
    "position" : {
      "x" : 4.959675,
      "y" : 5.6832814,
      "z" : 6.854102
    }
  }, {
    "shape" : "de941d41-c3ce-4903-aa78-986e73a8508f",
    "color" : "#B0E0E6",
    "position" : {
      "x" : -7.301316,
      "y" : -1.8944272,
      "z" : -6.854102
    },
    "orientation" : 39
  }, {
    "shape" : "e38f90b2-4d0a-44e1-8e9f-9c16be3d73a9",
    "color" : "#F2F2F2",
    "position" : {
      "x" : 9.195743,
      "y" : -1.1708204,
      "z" : -4.236068
    }
  }, {
    "shape" : "7c6ab3ee-c7bd-466c-b976-d13ccf2994ee",
    "color" : "#008EC2",
    "position" : {
      "x" : 9.195743,
      "y" : -1.1708204,
      "z" : -4.236068
    },
    "orientation" : 41
  }, {
    "shape" : "96541700-dab7-452f-a434-d2f3c6c9c988",
    "color" : "#FFD98C",
    "position" : {
      "x" : 2.3416407,
      "y" : -3.7888544,
      "z" : 0.0
    },
    "orientation" : 24
  }, {
    "shape" : "54702f9d-e640-47ef-b398-77c071bdb245",
    "color" : "#FFFFFF",
    "position" : {
      "x" : 9.91935,
      "y" : -7.5777087,
      "z" : 0.0
    },
    "orientation" : 0
  }, {
    "shape" : "96541700-dab7-452f-a434-d2f3c6c9c988",
    "color" : "#FFD98C",
    "position" : {
      "x" : -1.8944272,
      "y" : 3.0652475,
      "z" : -11.09017
    },
    "orientation" : 24
  }, {
    "shape" : "e38f90b2-4d0a-44e1-8e9f-9c16be3d73a9",
    "color" : "#F2F2F2",
    "position" : {
      "x" : 0.7236068,
      "y" : -1.1708204,
      "z" : 4.236068
    }
  }, {
    "shape" : "e38f90b2-4d0a-44e1-8e9f-9c16be3d73a9",
    "color" : "#F2F2F2",
    "position" : {
      "x" : -1.8944272,
      "y" : 3.0652475,
      "z" : -2.618034
    }
  }, {
    "shape" : "e38f90b2-4d0a-44e1-8e9f-9c16be3d73a9",
    "color" : "#F2F2F2",
    "position" : {
      "x" : -1.1708204,
      "y" : 10.366563,
      "z" : 6.854102
    }
  }, {
    "shape" : "ab2e719f-54c5-4a6d-a616-0afa4020f2db",
    "color" : "#FFFFFF",
    "position" : {
      "x" : -3.0652475,
      "y" : -8.748529,
      "z" : -4.236068
    },
    "orientation" : 12
  }, {
    "shape" : "7c6ab3ee-c7bd-466c-b976-d13ccf2994ee",
    "color" : "#008EC2",
    "position" : {
      "x" : 0.7236068,
      "y" : -1.1708204,
      "z" : -4.236068
    },
    "orientation" : 55
  }, {
    "shape" : "7c6ab3ee-c7bd-466c-b976-d13ccf2994ee",
    "color" : "#008EC2",
    "position" : {
      "x" : 2.3416407,
      "y" : 9.91935,
      "z" : 0.0
    },
    "orientation" : 36
  }, {
    "shape" : "e4d4a7a4-4bc7-4dbd-9745-d7f63d9730c2",
    "color" : "#B8860B",
    "position" : {
      "x" : 9.91935,
      "y" : -7.5777087,
      "z" : 0.0
    },
    "orientation" : 30
  }, {
    "shape" : "e38f90b2-4d0a-44e1-8e9f-9c16be3d73a9",
    "color" : "#F2F2F2",
    "position" : {
      "x" : 2.3416407,
      "y" : 9.91935,
      "z" : 0.0
    }
  }, {
    "shape" : "de941d41-c3ce-4903-aa78-986e73a8508f",
    "color" : "#B0E0E6",
    "position" : {
      "x" : -1.8944272,
      "y" : 3.0652475,
      "z" : 11.09017
    },
    "orientation" : 9
  }, {
    "shape" : "7c6ab3ee-c7bd-466c-b976-d13ccf2994ee",
    "color" : "#008EC2",
    "position" : {
      "x" : 4.959675,
      "y" : 5.6832814,
      "z" : -6.854102
    },
    "orientation" : 53
  }, {
    "shape" : "7c6ab3ee-c7bd-466c-b976-d13ccf2994ee",
    "color" : "#008EC2",
    "position" : {
      "x" : 4.959675,
      "y" : 5.6832814,
      "z" : 6.854102
    },
    "orientation" : 53
  }, {
    "shape" : "ab2e719f-54c5-4a6d-a616-0afa4020f2db",
    "color" : "#FFFFFF",
    "position" : {
      "x" : -7.301316,
      "y" : -1.8944272,
      "z" : -6.854102
    },
    "orientation" : 0
  }, {
    "shape" : "0ee81723-1b07-42f5-964b-e9e771383922",
    "color" : "#FFFFFF",
    "position" : {
      "x" : -6.130495,
      "y" : 9.91935,
      "z" : 0.0
    },
    "orientation" : 3
  }, {
    "shape" : "a7371d20-463f-4fc1-8984-726d7343a8fb",
    "color" : "#EC888B",
    "position" : {
      "x" : 2.3416407,
      "y" : 9.91935,
      "z" : 0.0
    },
    "orientation" : 0
  }, {
    "shape" : "7c6ab3ee-c7bd-466c-b976-d13ccf2994ee",
    "color" : "#008EC2",
    "position" : {
      "x" : 2.3416407,
      "y" : -3.7888544,
      "z" : 0.0
    },
    "orientation" : 25
  }, {
    "shape" : "96541700-dab7-452f-a434-d2f3c6c9c988",
    "color" : "#FFD98C",
    "position" : {
      "x" : -6.130495,
      "y" : 9.91935,
      "z" : 0.0
    },
    "orientation" : 17
  }, {
    "shape" : "0ee81723-1b07-42f5-964b-e9e771383922",
    "color" : "#FFFFFF",
    "position" : {
      "x" : -1.8944272,
      "y" : 3.0652475,
      "z" : 11.09017
    },
    "orientation" : 6
  }, {
    "shape" : "e38f90b2-4d0a-44e1-8e9f-9c16be3d73a9",
    "color" : "#F2F2F2",
    "position" : {
      "x" : -7.301316,
      "y" : -1.8944272,
      "z" : -6.854102
    }
  }, {
    "shape" : "e4d4a7a4-4bc7-4dbd-9745-d7f63d9730c2",
    "color" : "#B8860B",
    "position" : {
      "x" : -6.130495,
      "y" : 9.91935,
      "z" : 0.0
    },
    "orientation" : 9
  }, {
    "shape" : "7c6ab3ee-c7bd-466c-b976-d13ccf2994ee",
    "color" : "#008EC2",
    "position" : {
      "x" : -3.0652475,
      "y" : -8.748529,
      "z" : 4.236068
    },
    "orientation" : 51
  }, {
    "shape" : "7c6ab3ee-c7bd-466c-b976-d13ccf2994ee",
    "color" : "#008EC2",
    "position" : {
      "x" : -1.8944272,
      "y" : 3.0652475,
      "z" : 2.618034
    },
    "orientation" : 54
  }, {
    "shape" : "e38f90b2-4d0a-44e1-8e9f-9c16be3d73a9",
    "color" : "#F2F2F2",
    "position" : {
      "x" : 9.195743,
      "y" : -1.1708204,
      "z" : 4.236068
    }
  }, {
    "shape" : "54702f9d-e640-47ef-b398-77c071bdb245",
    "color" : "#FFFFFF",
    "position" : {
      "x" : -1.1708204,
      "y" : 10.366563,
      "z" : -6.854102
    },
    "orientation" : 6
  }, {
    "shape" : "54702f9d-e640-47ef-b398-77c071bdb245",
    "color" : "#FFFFFF",
    "position" : {
      "x" : 5.6832814,
      "y" : -0.7236068,
      "z" : 11.09017
    },
    "orientation" : 12
  }, {
    "shape" : "7c6ab3ee-c7bd-466c-b976-d13ccf2994ee",
    "color" : "#008EC2",
    "position" : {
      "x" : -9.91935,
      "y" : 2.3416407,
      "z" : 0.0
    },
    "orientation" : 37
  }, {
    "shape" : "e4d4a7a4-4bc7-4dbd-9745-d7f63d9730c2",
    "color" : "#B8860B",
    "position" : {
      "x" : 0.7236068,
      "y" : -1.1708204,
      "z" : 4.236068
    },
    "orientation" : 9
  }, {
    "shape" : "96541700-dab7-452f-a434-d2f3c6c9c988",
    "color" : "#FFD98C",
    "position" : {
      "x" : 0.7236068,
      "y" : -1.1708204,
      "z" : 4.236068
    },
    "orientation" : 5
  }, {
    "shape" : "e4d4a7a4-4bc7-4dbd-9745-d7f63d9730c2",
    "color" : "#B8860B",
    "position" : {
      "x" : -1.1708204,
      "y" : 10.366563,
      "z" : -6.854102
    },
    "orientation" : 33
  }, {
    "shape" : "7c6ab3ee-c7bd-466c-b976-d13ccf2994ee",
    "color" : "#008EC2",
    "position" : {
      "x" : 2.3416407,
      "y" : 9.91935,
      "z" : 0.0
    },
    "orientation" : 37
  }, {
    "shape" : "51756bc8-d32e-45cb-905c-d61d45fe57c6",
    "color" : "#FFD98C",
    "position" : {
      "x" : 0.7236068,
      "y" : -1.1708204,
      "z" : -4.236068
    },
    "orientation" : 22
  }, {
    "shape" : "7c6ab3ee-c7bd-466c-b976-d13ccf2994ee",
    "color" : "#008EC2",
    "position" : {
      "x" : 4.959675,
      "y" : 5.6832814,
      "z" : -6.854102
    },
    "orientation" : 7
  }, {
    "shape" : "e4d4a7a4-4bc7-4dbd-9745-d7f63d9730c2",
    "color" : "#B8860B",
    "position" : {
      "x" : 5.6832814,
      "y" : -0.7236068,
      "z" : -11.09017
    },
    "orientation" : 42
  }, {
    "shape" : "7c6ab3ee-c7bd-466c-b976-d13ccf2994ee",
    "color" : "#008EC2",
    "position" : {
      "x" : 2.3416407,
      "y" : 9.91935,
      "z" : 0.0
    },
    "orientation" : 45
  }, {
    "shape" : "e4d4a7a4-4bc7-4dbd-9745-d7f63d9730c2",
    "color" : "#B8860B",
    "position" : {
      "x" : 4.959675,
      "y" : -8.024922,
      "z" : 6.854102
    },
    "orientation" : 6
  }, {
    "shape" : "e38f90b2-4d0a-44e1-8e9f-9c16be3d73a9",
    "color" : "#F2F2F2",
    "position" : {
      "x" : -9.91935,
      "y" : 2.3416407,
      "z" : 0.0
    }
  }, {
    "shape" : "e38f90b2-4d0a-44e1-8e9f-9c16be3d73a9",
    "color" : "#F2F2F2",
    "position" : {
      "x" : 5.6832814,
      "y" : -0.7236068,
      "z" : -11.09017
    }
  }, {
    "shape" : "6819f0fe-cfc9-4722-9570-46ec5208358a",
    "color" : "#FFD98C",
    "position" : {
      "x" : -1.8944272,
      "y" : 3.0652475,
      "z" : -2.618034
    },
    "orientation" : 1
  }, {
    "shape" : "6819f0fe-cfc9-4722-9570-46ec5208358a",
    "color" : "#FFD98C",
    "position" : {
      "x" : -1.8944272,
      "y" : 3.0652475,
      "z" : 11.09017
    },
    "orientation" : 1
  }, {
    "shape" : "e38f90b2-4d0a-44e1-8e9f-9c16be3d73a9",
    "color" : "#F2F2F2",
    "position" : {
      "x" : 5.6832814,
      "y" : -0.7236068,
      "z" : 11.09017
    }
  }, {
    "shape" : "7c6ab3ee-c7bd-466c-b976-d13ccf2994ee",
    "color" : "#008EC2",
    "position" : {
      "x" : 0.7236068,
      "y" : -1.1708204,
      "z" : -4.236068
    },
    "orientation" : 24
  }, {
    "shape" : "96541700-dab7-452f-a434-d2f3c6c9c988",
    "color" : "#FFD98C",
    "position" : {
      "x" : -1.8944272,
      "y" : 3.0652475,
      "z" : 2.618034
    },
    "orientation" : 4
  }, {
    "shape" : "7c6ab3ee-c7bd-466c-b976-d13ccf2994ee",
    "color" : "#008EC2",
    "position" : {
      "x" : 4.959675,
      "y" : 5.6832814,
      "z" : -6.854102
    },
    "orientation" : 41
  }, {
    "shape" : "ab2e719f-54c5-4a6d-a616-0afa4020f2db",
    "color" : "#FFFFFF",
    "position" : {
      "x" : -7.301316,
      "y" : -1.8944272,
      "z" : 6.854102
    },
    "orientation" : 6
  }, {
    "shape" : "96541700-dab7-452f-a434-d2f3c6c9c988",
    "color" : "#FFD98C",
    "position" : {
      "x" : 0.7236068,
      "y" : -1.1708204,
      "z" : -4.236068
    },
    "orientation" : 17
  }, {
    "shape" : "e38f90b2-4d0a-44e1-8e9f-9c16be3d73a9",
    "color" : "#F2F2F2",
    "position" : {
      "x" : 4.959675,
      "y" : -8.024922,
      "z" : 6.854102
    }
  }, {
    "shape" : "e38f90b2-4d0a-44e1-8e9f-9c16be3d73a9",
    "color" : "#F2F2F2",
    "position" : {
      "x" : 9.91935,
      "y" : -7.5777087,
      "z" : 0.0
    }
  }, {
    "shape" : "de941d41-c3ce-4903-aa78-986e73a8508f",
    "color" : "#B0E0E6",
    "position" : {
      "x" : -3.0652475,
      "y" : -8.748529,
      "z" : 4.236068
    },
    "orientation" : 30
  }, {
    "shape" : "7c6ab3ee-c7bd-466c-b976-d13ccf2994ee",
    "color" : "#008EC2",
    "position" : {
      "x" : 9.195743,
      "y" : -1.1708204,
      "z" : 4.236068
    },
    "orientation" : 51
  }, {
    "shape" : "7c6ab3ee-c7bd-466c-b976-d13ccf2994ee",
    "color" : "#008EC2",
    "position" : {
      "x" : 4.959675,
      "y" : -8.024922,
      "z" : 6.854102
    },
    "orientation" : 6
  }, {
    "shape" : "e4d4a7a4-4bc7-4dbd-9745-d7f63d9730c2",
    "color" : "#B8860B",
    "position" : {
      "x" : 5.6832814,
      "y" : -0.7236068,
      "z" : -11.09017
    },
    "orientation" : 36
  }, {
    "shape" : "e38f90b2-4d0a-44e1-8e9f-9c16be3d73a9",
    "color" : "#F2F2F2",
    "position" : {
      "x" : 2.3416407,
      "y" : -3.7888544,
      "z" : 0.0
    }
  }, {
    "shape" : "96541700-dab7-452f-a434-d2f3c6c9c988",
    "color" : "#FFD98C",
    "position" : {
      "x" : 2.3416407,
      "y" : -3.7888544,
      "z" : 0.0
    },
    "orientation" : 21
  }, {
    "shape" : "e4d4a7a4-4bc7-4dbd-9745-d7f63d9730c2",
    "color" : "#B8860B",
    "position" : {
      "x" : 5.6832814,
      "y" : -0.7236068,
      "z" : 11.09017
    },
    "orientation" : 42
  }, {
    "shape" : "7c6ab3ee-c7bd-466c-b976-d13ccf2994ee",
    "color" : "#008EC2",
    "position" : {
      "x" : 4.959675,
      "y" : 5.6832814,
      "z" : 6.854102
    },
    "orientation" : 36
  }, {
    "shape" : "54702f9d-e640-47ef-b398-77c071bdb245",
    "color" : "#FFFFFF",
    "position" : {
      "x" : -1.1708204,
      "y" : 10.366563,
      "z" : 6.854102
    },
    "orientation" : 9
  }, {
    "shape" : "e38f90b2-4d0a-44e1-8e9f-9c16be3d73a9",
    "color" : "#F2F2F2",
    "position" : {
      "x" : -6.130495,
      "y" : 9.91935,
      "z" : 0.0
    }
  }, {
    "shape" : "7c6ab3ee-c7bd-466c-b976-d13ccf2994ee",
    "color" : "#008EC2",
    "position" : {
      "x" : 9.195743,
      "y" : -1.1708204,
      "z" : -4.236068
    },
    "orientation" : 54
  }, {
    "shape" : "e4d4a7a4-4bc7-4dbd-9745-d7f63d9730c2",
    "color" : "#B8860B",
    "position" : {
      "x" : 0.7236068,
      "y" : -1.1708204,
      "z" : -4.236068
    },
    "orientation" : 0
  }, {
    "shape" : "6819f0fe-cfc9-4722-9570-46ec5208358a",
    "color" : "#FFD98C",
    "position" : {
      "x" : -1.8944272,
      "y" : 3.0652475,
      "z" : -2.618034
    },
    "orientation" : 54
  }, {
    "shape" : "e38f90b2-4d0a-44e1-8e9f-9c16be3d73a9",
    "color" : "#F2F2F2",
    "position" : {
      "x" : -1.8944272,
      "y" : 3.0652475,
      "z" : 11.09017
    }
  }, {
    "shape" : "e38f90b2-4d0a-44e1-8e9f-9c16be3d73a9",
    "color" : "#F2F2F2",
    "position" : {
      "x" : -1.8944272,
      "y" : 3.0652475,
      "z" : 2.618034
    }
  }, {
    "shape" : "6bafe326-0f5b-4564-96f0-291ac062c8b3",
    "color" : "#EC888B",
    "position" : {
      "x" : -7.301316,
      "y" : -1.8944272,
      "z" : 6.854102
    },
    "orientation" : 30
  }, {
    "shape" : "7c6ab3ee-c7bd-466c-b976-d13ccf2994ee",
    "color" : "#008EC2",
    "position" : {
      "x" : -7.301316,
      "y" : -1.8944272,
      "z" : -6.854102
    },
    "orientation" : 7
  }, {
    "shape" : "7c6ab3ee-c7bd-466c-b976-d13ccf2994ee",
    "color" : "#008EC2",
    "position" : {
      "x" : 0.7236068,
      "y" : -1.1708204,
      "z" : 4.236068
    },
    "orientation" : 7
  }, {
    "shape" : "7c6ab3ee-c7bd-466c-b976-d13ccf2994ee",
    "color" : "#008EC2",
    "position" : {
      "x" : 9.195743,
      "y" : -1.1708204,
      "z" : 4.236068
    },
    "orientation" : 45
  }, {
    "shape" : "ab2e719f-54c5-4a6d-a616-0afa4020f2db",
    "color" : "#FFFFFF",
    "position" : {
      "x" : -9.91935,
      "y" : 2.3416407,
      "z" : 0.0
    },
    "orientation" : 3
  }, {
    "shape" : "e4d4a7a4-4bc7-4dbd-9745-d7f63d9730c2",
    "color" : "#B8860B",
    "position" : {
      "x" : 4.959675,
      "y" : -8.024922,
      "z" : 6.854102
    },
    "orientation" : 0
  }, {
    "shape" : "7c6ab3ee-c7bd-466c-b976-d13ccf2994ee",
    "color" : "#008EC2",
    "position" : {
      "x" : -3.0652475,
      "y" : -8.748529,
      "z" : -4.236068
    },
    "orientation" : 54
  }, {
    "shape" : "7c6ab3ee-c7bd-466c-b976-d13ccf2994ee",
    "color" : "#008EC2",
    "position" : {
      "x" : 2.3416407,
      "y" : 9.91935,
      "z" : 0.0
    },
    "orientation" : 39
  }, {
    "shape" : "7c6ab3ee-c7bd-466c-b976-d13ccf2994ee",
    "color" : "#008EC2",
    "position" : {
      "x" : 9.195743,
      "y" : -1.1708204,
      "z" : -4.236068
    },
    "orientation" : 2
  }, {
    "shape" : "e4d4a7a4-4bc7-4dbd-9745-d7f63d9730c2",
    "color" : "#B8860B",
    "position" : {
      "x" : -1.1708204,
      "y" : 10.366563,
      "z" : -6.854102
    },
    "orientation" : 39
  }, {
    "shape" : "54702f9d-e640-47ef-b398-77c071bdb245",
    "color" : "#FFFFFF",
    "position" : {
      "x" : 5.6832814,
      "y" : -0.7236068,
      "z" : -11.09017
    },
    "orientation" : 3
  }, {
    "shape" : "ab2e719f-54c5-4a6d-a616-0afa4020f2db",
    "color" : "#FFFFFF",
    "position" : {
      "x" : -3.0652475,
      "y" : -8.748529,
      "z" : 4.236068
    },
    "orientation" : 9
  }, {
    "shape" : "7c6ab3ee-c7bd-466c-b976-d13ccf2994ee",
    "color" : "#008EC2",
    "position" : {
      "x" : 2.3416407,
      "y" : -3.7888544,
      "z" : 0.0
    },
    "orientation" : 37
  }, {
    "shape" : "e38f90b2-4d0a-44e1-8e9f-9c16be3d73a9",
    "color" : "#F2F2F2",
    "position" : {
      "x" : 4.959675,
      "y" : -8.024922,
      "z" : -6.854102
    }
  }, {
    "shape" : "e4d4a7a4-4bc7-4dbd-9745-d7f63d9730c2",
    "color" : "#B8860B",
    "position" : {
      "x" : -1.8944272,
      "y" : 3.0652475,
      "z" : 11.09017
    },
    "orientation" : 3
  }, {
    "shape" : "e38f90b2-4d0a-44e1-8e9f-9c16be3d73a9",
    "color" : "#F2F2F2",
    "position" : {
      "x" : -7.301316,
      "y" : -1.8944272,
      "z" : 6.854102
    }
  }, {
    "shape" : "e38f90b2-4d0a-44e1-8e9f-9c16be3d73a9",
    "color" : "#F2F2F2",
    "position" : {
      "x" : -1.1708204,
      "y" : 10.366563,
      "z" : -6.854102
    }
  }, {
    "shape" : "7c6ab3ee-c7bd-466c-b976-d13ccf2994ee",
    "color" : "#008EC2",
    "position" : {
      "x" : 9.195743,
      "y" : -1.1708204,
      "z" : 4.236068
    },
    "orientation" : 53
  }, {
    "shape" : "e38f90b2-4d0a-44e1-8e9f-9c16be3d73a9",
    "color" : "#F2F2F2",
    "position" : {
      "x" : -3.0652475,
      "y" : -8.748529,
      "z" : 4.236068
    }
  }, {
    "shape" : "7c6ab3ee-c7bd-466c-b976-d13ccf2994ee",
    "color" : "#008EC2",
    "position" : {
      "x" : 9.195743,
      "y" : -1.1708204,
      "z" : -4.236068
    },
    "orientation" : 36
  }, {
    "shape" : "7c6ab3ee-c7bd-466c-b976-d13ccf2994ee",
    "color" : "#008EC2",
    "position" : {
      "x" : -1.8944272,
      "y" : 3.0652475,
      "z" : -2.618034
    },
    "orientation" : 47
  }, {
    "shape" : "e4d4a7a4-4bc7-4dbd-9745-d7f63d9730c2",
    "color" : "#B8860B",
    "position" : {
      "x" : -1.8944272,
      "y" : 3.0652475,
      "z" : 2.618034
    },
    "orientation" : 6
  }, {
    "shape" : "e4d4a7a4-4bc7-4dbd-9745-d7f63d9730c2",
    "color" : "#B8860B",
    "position" : {
      "x" : 2.3416407,
      "y" : -3.7888544,
      "z" : 0.0
    },
    "orientation" : 12
  }, {
    "shape" : "7c6ab3ee-c7bd-466c-b976-d13ccf2994ee",
    "color" : "#008EC2",
    "position" : {
      "x" : 0.7236068,
      "y" : -1.1708204,
      "z" : 4.236068
    },
    "orientation" : 21
  }, {
    "shape" : "96541700-dab7-452f-a434-d2f3c6c9c988",
    "color" : "#FFD98C",
    "position" : {
      "x" : -1.8944272,
      "y" : 3.0652475,
      "z" : 2.618034
    },
    "orientation" : 7
  }, {
    "shape" : "0ee81723-1b07-42f5-964b-e9e771383922",
    "color" : "#FFFFFF",
    "position" : {
      "x" : -1.8944272,
      "y" : 3.0652475,
      "z" : -11.09017
    },
    "orientation" : 0
  }, {
    "shape" : "7c6ab3ee-c7bd-466c-b976-d13ccf2994ee",
    "color" : "#008EC2",
    "position" : {
      "x" : 9.195743,
      "y" : -1.1708204,
      "z" : -4.236068
    },
    "orientation" : 45
  }, {
    "shape" : "e38f90b2-4d0a-44e1-8e9f-9c16be3d73a9",
    "color" : "#F2F2F2",
    "position" : {
      "x" : -1.8944272,
      "y" : 3.0652475,
      "z" : -11.09017
    }
  }, {
    "shape" : "e38f90b2-4d0a-44e1-8e9f-9c16be3d73a9",
    "color" : "#F2F2F2",
    "position" : {
      "x" : 0.7236068,
      "y" : -1.1708204,
      "z" : -4.236068
    }
  }, {
    "shape" : "de941d41-c3ce-4903-aa78-986e73a8508f",
    "color" : "#B0E0E6",
    "position" : {
      "x" : -6.130495,
      "y" : 9.91935,
      "z" : 0.0
    },
    "orientation" : 6
  }, {
    "shape" : "e38f90b2-4d0a-44e1-8e9f-9c16be3d73a9",
    "color" : "#F2F2F2",
    "position" : {
      "x" : -3.0652475,
      "y" : -8.748529,
      "z" : -4.236068
    }
  }, {
    "shape" : "0ee81723-1b07-42f5-964b-e9e771383922",
    "color" : "#FFFFFF",
    "position" : {
