{
  "field" : "golden",
  "symmetry" : "icosahedral",
  "orientations" : [ [ 1.0, 0.0, 0.0, 0.0, 0.0, 1.0, 0.0, 0.0, 0.0, 0.0, 1.0, 0.0, 0.0, 0.0, 0.0, 1.0 ], [ 0.0, 0.0, 1.0, 0.0, 1.0, 0.0, 0.0, 0.0, 0.0, 1.0, 0.0, 0.0, 0.0, 0.0, 0.0, 1.0 ], [ 0.0, 1.0, 0.0, 0.0, 0.0, 0.0, 1.0, 0.0, 1.0, 0.0, 0.0, 0.0, 0.0, 0.0, 0.0, 1.0 ], [ 0.809017, 0.309017, 0.5, 0.0, 0.309017, 0.5, -0.809017, 0.0, -0.5, 0.809017, 0.309017, 0.0, 0.0, 0.0, 0.0, 1.0 ], [ -0.5, 0.809017, 0.309017, 0.0, 0.809017, 0.309017, 0.5, 0.0, 0.309017, 0.5, -0.809017, 0.0, 0.0, 0.0, 0.0, 1.0 ], [ 0.309017, 0.5, -0.809017, 0.0, -0.5, 0.809017, 0.309017, 0.0, 0.809017, 0.309017, 0.5, 0.0, 0.0, 0.0, 0.0, 1.0 ], [ 0.5, 0.809017, 0.309017, 0.0, 0.809017, -0.309017, -0.5, 0.0, -0.309017, 0.5, -0.809017, 0.0, 0.0, 0.0, 0.0, 1.0 ], [ -0.309017, 0.5, -0.809017, 0.0, 0.5, 0.809017, 0.309017, 0.0, 0.809017, -0.309017, -0.5, 0.0, 0.0, 0.0, 0.0, 1.0 ], [ 0.809017, -0.309017, -0.5, 0.0, -0.309017, 0.5, -0.809017, 0.0, 0.5, 0.809017, 0.309017, 0.0, 0.0, 0.0, 0.0, 1.0 ], [ 0.5, 0.809017, -0.309017, 0.0, 0.809017, -0.309017, 0.5, 0.0, 0.309017, -0.5, -0.809017, 0.0, 0.0, 0.0, 0.0, 1.0 ], [ 0.309017, -0.5, -0.809017, 0.0, 0.5, 0.809017, -0.309017, 0.0, 0.809017, -0.309017, 0.5, 0.0, 0.0, 0.0, 0.0, 1.0 ], [ 0.809017, -0.309017, 0.5, 0.0, 0.309017, -0.5, -0.809017, 0.0, 0.5, 0.809017, -0.309017, 0.0, 0.0, 0.0, 0.0, 1.0 ], [ 0.809017, 0.309017, -0.5, 0.0, 0.309017, 0.5, 0.809017, 0.0, 0.5, -0.809017, 0.309017, 0.0, 0.0, 0.0, 0.0, 1.0 ], [ 0.5, -0.809017, 0.309017, 0.0, 0.809017, 0.309017, -0.5, 0.0, 0.309017, 0.5, 0.809017, 0.0, 0.0, 0.0, 0.0, 1.0 ], [ 0.309017, 0.5, 0.809017, 0.0, 0.5, -0.809017, 0.309017, 0.0, 0.809017, 0.309017, -0.5, 0.0, 0.0, 0.0, 0.0, 1.0 ], [ 1.0, 0.0, 0.0, 0.0, 0.0, -1.0, 0.0, 0.0, 0.0, 0.0, -1.0, 0.0, 0.0, 0.0, 0.0, 1.0 ], [ 0.0, 0.0, 1.0, 0.0, -1.0, 0.0, 0.0, 0.0, 0.0, -1.0, 0.0, 0.0, 0.0, 0.0, 0.0, 1.0 ], [ 0.0, 1.0, 0.0, 0.0, 0.0, 0.0, -1.0, 0.0, -1.0, 0.0, 0.0, 0.0, 0.0, 0.0, 0.0, 1.0 ], [ 0.809017, 0.309017, 0.5, 0.0, -0.309017, -0.5, 0.809017, 0.0, 0.5, -0.809017, -0.309017, 0.0, 0.0, 0.0, 0.0, 1.0 ], [ -0.5, 0.809017, 0.309017, 0.0, -0.809017, -0.309017, -0.5, 0.0, -0.309017, -0.5, 0.809017, 0.0, 0.0, 0.0, 0.0, 1.0 ], [ 0.309017, 0.5, -0.809017, 0.0, 0.5, -0.809017, -0.309017, 0.0, -0.809017, -0.309017, -0.5, 0.0, 0.0, 0.0, 0.0, 1.0 ], [ 0.5, 0.809017, 0.309017, 0.0, -0.809017, 0.309017, 0.5, 0.0, 0.309017, -0.5, 0.809017, 0.0, 0.0, 0.0, 0.0, 1.0 ], [ -0.309017, 0.5, -0.809017, 0.0, -0.5, -0.809017, -0.309017, 0.0, -0.809017, 0.309017, 0.5, 0.0, 0.0, 0.0, 0.0, 1.0 ], [ 0.809017, -0.309017, -0.5, 0.0, 0.309017, -0.5, 0.809017, 0.0, -0.5, -0.809017, -0.309017, 0.0, 0.0, 0.0, 0.0, 1.0 ], [ 0.5, 0.809017, -0.309017, 0.0, -0.809017, 0.309017, -0.5, 0.0, -0.309017, 0.5, 0.809017, 0.0, 0.0, 0.0, 0.0, 1.0 ], [ 0.309017, -0.5, -0.809017, 0.0, -0.5, -0.809017, 0.309017, 0.0, -0.809017, 0.309017, -0.5, 0.0, 0.0, 0.0, 0.0, 1.0 ], [ 0.809017, -0.309017, 0.5, 0.0, -0.309017, 0.5, 0.809017, 0.0, -0.5, -0.809017, 0.309017, 0.0, 0.0, 0.0, 0.0, 1.0 ], [ 0.809017, 0.309017, -0.5, 0.0, -0.309017, -0.5, -0.809017, 0.0, -0.5, 0.809017, -0.309017, 0.0, 0.0, 0.0, 0.0, 1.0 ], [ 0.5, -0.809017, 0.309017, 0.0, -0.809017, -0.309017, 0.5, 0.0, -0.309017, -0.5, -0.809017, 0.0, 0.0, 0.0, 0.0, 1.0 ], [ 0.309017, 0.5, 0.809017, 0.0, -0.5, 0.809017, -0.309017, 0.0, -0.809017, -0.309017, 0.5, 0.0, 0.0, 0.0, 0.0, 1.0 ], [ -1.0, 0.0, 0.0, 0.0, 0.0, -1.0, 0.0, 0.0, 0.0, 0.0, 1.0, 0.0, 0.0, 0.0, 0.0, 1.0 ], [ 0.0, 0.0, -1.0, 0.0, -1.0, 0.0, 0.0, 0.0, 0.0, 1.0, 0.0, 0.0, 0.0, 0.0, 0.0, 1.0 ], [ 0.0, -1.0, 0.0, 0.0, 0.0, 0.0, -1.0, 0.0, 1.0, 0.0, 0.0, 0.0, 0.0, 0.0, 0.0, 1.0 ], [ -0.809017, -0.309017, -0.5, 0.0, -0.309017, -0.5, 0.809017, 0.0, -0.5, 0.809017, 0.309017, 0.0, 0.0, 0.0, 0.0, 1.0 ], [ 0.5, -0.809017, -0.309017, 0.0, -0.809017, -0.309017, -0.5, 0.0, 0.309017, 0.5, -0.809017, 0.0, 0.0, 0.0, 0.0, 1.0 ], [ -0.309017, -0.5, 0.809017, 0.0, 0.5, -0.809017, -0.309017, 0.0, 0.809017, 0.309017, 0.5, 0.0, 0.0, 0.0, 0.0, 1.0 ], [ -0.5, -0.809017, -0.309017, 0.0, -0.809017, 0.309017, 0.5, 0.0, -0.309017, 0.5, -0.809017, 0.0, 0.0, 0.0, 0.0, 1.0 ], [ 0.309017, -0.5, 0.809017, 0.0, -0.5, -0.809017, -0.309017, 0.0, 0.809017, -0.309017, -0.5, 0.0, 0.0, 0.0, 0.0, 1.0 ], [ -0.809017, 0.309017, 0.5, 0.0, 0.309017, -0.5, 0.809017, 0.0, 0.5, 0.809017, 0.309017, 0.0, 0.0, 0.0, 0.0, 1.0 ], [ -0.5, -0.809017, 0.309017, 0.0, -0.809017, 0.309017, -0.5, 0.0, 0.309017, -0.5, -0.809017, 0.0, 0.0, 0.0, 0.0, 1.0 ], [ -0.309017, 0.5, 0.809017, 0.0, -0.5, -0.809017, 0.309017, 0.0, 0.809017, -0.309017, 0.5, 0.0, 0.0, 0.0, 0.0, 1.0 ], [ -0.809017, 0.309017, -0.5, 0.0, -0.309017, 0.5, 0.809017, 0.0, 0.5, 0.809017, -0.309017, 0.0, 0.0, 0.0, 0.0, 1.0 ], [ -0.809017, -0.309017, 0.5, 0.0, -0.309017, -0.5, -0.809017, 0.0, 0.5, -0.809017, 0.309017, 0.0, 0.0, 0.0, 0.0, 1.0 ], [ -0.5, 0.809017, -0.309017, 0.0, -0.809017, -0.309017, 0.5, 0.0, 0.309017, 0.5, 0.809017, 0.0, 0.0, 0.0, 0.0, 1.0 ], [ -0.309017, -0.5, -0.809017, 0.0, -0.5, 0.809017, -0.309017, 0.0, 0.809017, 0.309017, -0.5, 0.0, 0.0, 0.0, 0.0, 1.0 ], [ -1.0, 0.0, 0.0, 0.0, 0.0, 1.0, 0.0, 0.0, 0.0, 0.0, -1.0, 0.0, 0.0, 0.0, 0.0, 1.0 ], [ 0.0, 0.0, -1.0, 0.0, 1.0, 0.0, 0.0, 0.0, 0.0, -1.0, 0.0, 0.0, 0.0, 0.0, 0.0, 1.0 ], [ 0.0, -1.0, 0.0, 0.0, 0.0, 0.0, 1.0, 0.0, -1.0, 0.0, 0.0, 0.0, 0.0, 0.0, 0.0, 1.0 ], [ -0.809017, -0.309017, -0.5, 0.0, 0.309017, 0.5, -0.809017, 0.0, 0.5, -0.809017, -0.309017, 0.0, 0.0, 0.0, 0.0, 1.0 ], [ 0.5, -0.809017, -0.309017, 0.0, 0.809017, 0.309017, 0.5, 0.0, -0.309017, -0.5, 0.809017, 0.0, 0.0, 0.0, 0.0, 1.0 ], [ -0.309017, -0.5, 0.809017, 0.0, -0.5, 0.809017, 0.309017, 0.0, -0.809017, -0.309017, -0.5, 0.0, 0.0, 0.0, 0.0, 1.0 ], [ -0.5, -0.809017, -0.309017, 0.0, 0.809017, -0.309017, -0.5, 0.0, 0.309017, -0.5, 0.809017, 0.0, 0.0, 0.0, 0.0, 1.0 ], [ 0.309017, -0.5, 0.809017, 0.0, 0.5, 0.809017, 0.309017, 0.0, -0.809017, 0.309017, 0.5, 0.0, 0.0, 0.0, 0.0, 1.0 ], [ -0.809017, 0.309017, 0.5, 0.0, -0.309017, 0.5, -0.809017, 0.0, -0.5, -0.809017, -0.309017, 0.0, 0.0, 0.0, 0.0, 1.0 ], [ -0.5, -0.809017, 0.309017, 0.0, 0.809017, -0.309017, 0.5, 0.0, -0.309017, 0.5, 0.809017, 0.0, 0.0, 0.0, 0.0, 1.0 ], [ -0.309017, 0.5, 0.809017, 0.0, 0.5, 0.809017, -0.309017, 0.0, -0.809017, 0.309017, -0.5, 0.0, 0.0, 0.0, 0.0, 1.0 ], [ -0.809017, 0.309017, -0.5, 0.0, 0.309017, -0.5, -0.809017, 0.0, -0.5, -0.809017, 0.309017, 0.0, 0.0, 0.0, 0.0, 1.0 ], [ -0.809017, -0.309017, 0.5, 0.0, 0.309017, 0.5, 0.809017, 0.0, -0.5, 0.809017, -0.309017, 0.0, 0.0, 0.0, 0.0, 1.0 ], [ -0.5, 0.809017, -0.309017, 0.0, 0.809017, 0.309017, -0.5, 0.0, -0.309017, -0.5, -0.809017, 0.0, 0.0, 0.0, 0.0, 1.0 ], [ -0.309017, -0.5, -0.809017, 0.0, 0.5, -0.809017, 0.309017, 0.0, -0.809017, -0.309017, 0.5, 0.0, 0.0, 0.0, 0.0, 1.0 ] ],
  "lights" : {
    "directionalLights" : [ {
      "direction" : {
        "x" : 1.0,
        "y" : -1.0,
        "z" : -1.0
      },
      "color" : "#EBEBE4"
    }, {
      "direction" : {
        "x" : -1.0,
        "y" : 0.0,
        "z" : 0.0
      },
      "color" : "#E4E4EB"
    }, {
      "direction" : {
        "x" : 0.0,
        "y" : 0.0,
        "z" : -1.0
      },
      "color" : "#1E1E1E"
    } ],
    "ambientColor" : "#292929",
    "backgroundColor" : "#AFC8DC"
  },
  "camera" : {
    "position" : {
      "x" : 0.0,
      "y" : 0.0,
      "z" : 122.59417
    },
    "width" : 55.16748,
    "nearClipDistance" : 0.30648556,
    "farClipDistance" : 245.18887,
    "fieldOfView" : 0.4426297,
    "perspective" : false,
    "viewDistance" : 122.59417,
    "lookAtPoint" : {
      "x" : 0.0,
      "y" : 0.0,
      "z" : 0.0
    },
    "lookDirection" : {
      "x" : 0.0,
      "y" : 0.0,
      "z" : -1.0
    },
    "upDirection" : {
      "x" : 0.0,
      "y" : 1.0,
      "z" : 0.0
    },
    "stereo" : false
  },
  "embedding" : [ 1.0, 0.0, 0.0, 0.0, 0.0, 1.0, 0.0, 0.0, 0.0, 0.0, 1.0, 0.0, 0.0, 0.0, 0.0, 1.0 ],
  "shapes" : [ {
    "id" : "a40f15cd-4f09-4828-8499-173f897b8f41",
    "vertices" : [ {
      "x" : 20.700502,
      "y" : 7.9068885,
      "z" : -3.0201626
    }, {
      "x" : 20.318537,
      "y" : 7.4519734,
      "z" : -2.8291795
    }, {
      "x" : 20.155418,
      "y" : 7.715905,
      "z" : -3.2562306
    }, {
      "x" : 20.082468,
      "y" : 7.9798374,
      "z" : -3.0652475
    }, {
      "x" : 0.85410196,
      "y" : 0.309017,
      "z" : 0.19098301
    }, {
      "x" : 0.690983,
      "y" : 0.572949,
      "z" : -0.23606798
    }, {
      "x" : 0.309017,
      "y" : 0.11803399,
      "z" : -0.045084972
    }, {
      "x" : 0.76393205,
      "y" : 0.309017,
      "z" : -0.42705098
    }, {
      "x" : 0.927051,
      "y" : 0.045084972,
      "z" : 0.0
    }, {
      "x" : 20.245588,
      "y" : 7.715905,
      "z" : -2.6381967
    }, {
      "x" : 21.00952,
      "y" : 8.024922,
      "z" : -3.0652475
    } ],
    "faces" : [ {
      "vertices" : [ 2, 7, 5 ]
    }, {
      "vertices" : [ 2, 5, 3 ]
    }, {
      "vertices" : [ 1, 8, 7 ]
    }, {
      "vertices" : [ 1, 7, 2 ]
    }, {
      "vertices" : [ 4, 6, 8 ]
    }, {
      "vertices" : [ 5, 7, 6 ]
    }, {
      "vertices" : [ 0, 1, 2 ]
    }, {
      "vertices" : [ 0, 2, 3 ]
    }, {
      "vertices" : [ 6, 7, 8 ]
    }, {
      "vertices" : [ 3, 5, 4 ]
    }, {
      "vertices" : [ 3, 4, 9 ]
    }, {
      "vertices" : [ 1, 9, 4 ]
    }, {
      "vertices" : [ 1, 4, 8 ]
    }, {
      "vertices" : [ 0, 9, 1 ]
    }, {
      "vertices" : [ 0, 3, 9 ]
    }, {
      "vertices" : [ 4, 5, 6 ]
    } ]
  }, {
    "id" : "ac8924e4-e77d-4e8a-a747-01cb513f097a",
    "vertices" : [ {
      "x" : -0.309017,
      "y" : -0.19098301,
      "z" : 0.0
    }, {
      "x" : -0.309017,
      "y" : 0.19098301,
      "z" : 0.0
    }, {
      "x" : -0.19098301,
      "y" : 0.0,
      "z" : -0.309017
    }, {
      "x" : -0.19098301,
      "y" : 0.0,
      "z" : 0.309017
    }, {
      "x" : 0.0,
      "y" : -0.309017,
      "z" : -0.19098301
    }, {
      "x" : 0.0,
      "y" : -0.309017,
      "z" : 0.19098301
    }, {
      "x" : 0.0,
      "y" : 0.309017,
      "z" : -0.19098301
    }, {
      "x" : 0.0,
      "y" : 0.309017,
      "z" : 0.19098301
    }, {
      "x" : 0.19098301,
      "y" : 0.0,
      "z" : -0.309017
    }, {
      "x" : 0.19098301,
      "y" : 0.0,
      "z" : 0.309017
    }, {
      "x" : 0.309017,
      "y" : -0.19098301,
      "z" : 0.0
    }, {
      "x" : 0.309017,
      "y" : 0.19098301,
      "z" : 0.0
    } ],
    "faces" : [ {
      "vertices" : [ 0, 1, 2 ]
    }, {
      "vertices" : [ 0, 3, 1 ]
    }, {
      "vertices" : [ 0, 2, 4 ]
    }, {
      "vertices" : [ 0, 5, 3 ]
    }, {
      "vertices" : [ 0, 4, 5 ]
    }, {
      "vertices" : [ 1, 6, 2 ]
    }, {
      "vertices" : [ 1, 3, 7 ]
    }, {
      "vertices" : [ 1, 7, 6 ]
    }, {
      "vertices" : [ 2, 8, 4 ]
    }, {
      "vertices" : [ 2, 6, 8 ]
    }, {
      "vertices" : [ 3, 5, 9 ]
    }, {
      "vertices" : [ 3, 9, 7 ]
    }, {
      "vertices" : [ 4, 10, 5 ]
    }, {
      "vertices" : [ 4, 8, 10 ]
    }, {
      "vertices" : [ 5, 10, 9 ]
    }, {
      "vertices" : [ 6, 7, 11 ]
    }, {
      "vertices" : [ 6, 11, 8 ]
    }, {
      "vertices" : [ 7, 9, 11 ]
    }, {
      "vertices" : [ 8, 11, 10 ]
    }, {
      "vertices" : [ 9, 10, 11 ]
    } ]
  }, {
    "id" : "e262180b-3c2b-4504-b6a9-25e0c54d1eec",
    "vertices" : [ {
      "x" : 12.984597,
      "y" : 0.0,
      "z" : 4.959675
    }, {
      "x" : 8.024922,
      "y" : 8.024922,
      "z" : 8.024922
    }, {
      "x" : 4.959675,
      "y" : 12.984597,
      "z" : 0.0
    }, {
      "x" : 8.024922,
      "y" : 8.024922,
      "z" : -8.024922
    }, {
      "x" : 12.984597,
      "y" : 0.0,
      "z" : -4.959675
    } ],
    "faces" : [ {
      "vertices" : [ 0, 1, 2 ]
    }, {
      "vertices" : [ 0, 2, 3 ]
    }, {
      "vertices" : [ 0, 3, 4 ]
    }, {
      "vertices" : [ 0, 4, 3 ]
    }, {
      "vertices" : [ 0, 3, 2 ]
    }, {
      "vertices" : [ 0, 2, 1 ]
    } ]
  }, {
    "id" : "685260d5-1f18-4b85-a9ae-335aa825f264",
    "vertices" : [ {
      "x" : -12.984597,
      "y" : 0.0,
      "z" : -4.959675
    }, {
      "x" : -8.024922,
      "y" : 8.024922,
      "z" : -8.024922
    }, {
      "x" : 0.0,
      "y" : 4.959675,
      "z" : -12.984597
    }, {
      "x" : 0.0,
      "y" : -4.959675,
      "z" : -12.984597
    }, {
      "x" : -8.024922,
      "y" : -8.024922,
      "z" : -8.024922
    } ],
    "faces" : [ {
      "vertices" : [ 0, 1, 2 ]
    }, {
      "vertices" : [ 0, 2, 3 ]
    }, {
      "vertices" : [ 0, 3, 4 ]
    }, {
      "vertices" : [ 0, 4, 3 ]
    }, {
      "vertices" : [ 0, 3, 2 ]
    }, {
      "vertices" : [ 0, 2, 1 ]
    } ]
  }, {
    "id" : "dae6797b-1044-44ac-b8d7-3c23bccddeb6",
    "vertices" : [ {
      "x" : 12.984597,
      "y" : 0.0,
      "z" : 4.959675
    }, {
      "x" : 8.024922,
      "y" : -8.024922,
      "z" : 8.024922
    }, {
      "x" : 0.0,
      "y" : -4.959675,
      "z" : 12.984597
    }, {
      "x" : 0.0,
      "y" : 4.959675,
      "z" : 12.984597
    }, {
      "x" : 8.024922,
      "y" : 8.024922,
      "z" : 8.024922
    } ],
    "faces" : [ {
      "vertices" : [ 0, 1, 2 ]
    }, {
      "vertices" : [ 0, 2, 3 ]
    }, {
      "vertices" : [ 0, 3, 4 ]
    }, {
      "vertices" : [ 0, 4, 3 ]
    }, {
      "vertices" : [ 0, 3, 2 ]
    }, {
      "vertices" : [ 0, 2, 1 ]
    } ]
  }, {
    "id" : "40cc56a1-fa99-41a8-b4e5-0da556971602",
    "vertices" : [ {
      "x" : 12.984597,
      "y" : 0.0,
      "z" : 4.959675
    }, {
      "x" : 12.984597,
      "y" : 0.0,
      "z" : -4.959675
    }, {
      "x" : 8.024922,
      "y" : -8.024922,
      "z" : -8.024922
    }, {
      "x" : 4.959675,
      "y" : -12.984597,
      "z" : 0.0
    }, {
      "x" : 8.024922,
      "y" : -8.024922,
      "z" : 8.024922
    } ],
    "faces" : [ {
      "vertices" : [ 0, 1, 2 ]
    }, {
      "vertices" : [ 0, 2, 3 ]
    }, {
      "vertices" : [ 0, 3, 4 ]
    }, {
      "vertices" : [ 0, 4, 3 ]
    }, {
      "vertices" : [ 0, 3, 2 ]
    }, {
      "vertices" : [ 0, 2, 1 ]
    } ]
  }, {
    "id" : "7dedbeb0-d20c-43a5-a3f9-0b2a0ae84d62",
    "vertices" : [ {
      "x" : 8.024922,
      "y" : -8.024922,
      "z" : -8.024922
    }, {
      "x" : 0.0,
      "y" : -4.959675,
      "z" : -12.984597
    }, {
      "x" : -8.024922,
      "y" : -8.024922,
      "z" : -8.024922
    }, {
      "x" : -4.959675,
      "y" : -12.984597,
      "z" : 0.0
    }, {
      "x" : 4.959675,
      "y" : -12.984597,
      "z" : 0.0
    } ],
    "faces" : [ {
      "vertices" : [ 0, 1, 2 ]
    }, {
      "vertices" : [ 0, 2, 3 ]
    }, {
      "vertices" : [ 0, 3, 4 ]
    }, {
      "vertices" : [ 0, 4, 3 ]
    }, {
      "vertices" : [ 0, 3, 2 ]
    }, {
      "vertices" : [ 0, 2, 1 ]
    } ]
  }, {
    "id" : "7e2baa76-e890-4643-aeb1-b33022d7a1f1",
    "vertices" : [ {
      "x" : 16.688042,
      "y" : 6.3742647,
      "z" : -2.4347525
    }, {
      "x" : 16.306076,
      "y" : 5.9193497,
      "z" : -2.2437694
    }, {
      "x" : 16.142956,
      "y" : 6.1832814,
      "z" : -2.6708205
    }, {
      "x" : 16.070007,
      "y" : 6.4472136,
      "z" : -2.4798374
    }, {
      "x" : 0.85410196,
      "y" : 0.309017,
      "z" : 0.19098301
    }, {
      "x" : 0.690983,
      "y" : 0.572949,
      "z" : -0.23606798
    }, {
      "x" : 0.309017,
      "y" : 0.11803399,
      "z" : -0.045084972
    }, {
      "x" : 0.76393205,
      "y" : 0.309017,
      "z" : -0.42705098
    }, {
      "x" : 0.927051,
      "y" : 0.045084972,
      "z" : 0.0
    }, {
      "x" : 16.233126,
      "y" : 6.1832814,
      "z" : -2.0527864
    }, {
      "x" : 16.997059,
      "y" : 6.4922986,
      "z" : -2.4798374
    } ],
    "faces" : [ {
      "vertices" : [ 2, 7, 5 ]
    }, {
      "vertices" : [ 2, 5, 3 ]
    }, {
      "vertices" : [ 1, 8, 7 ]
    }, {
      "vertices" : [ 1, 7, 2 ]
    }, {
      "vertices" : [ 4, 6, 8 ]
    }, {
      "vertices" : [ 5, 7, 6 ]
    }, {
      "vertices" : [ 0, 1, 2 ]
    }, {
      "vertices" : [ 0, 2, 3 ]
    }, {
      "vertices" : [ 6, 7, 8 ]
    }, {
      "vertices" : [ 3, 5, 4 ]
    }, {
      "vertices" : [ 3, 4, 9 ]
    }, {
      "vertices" : [ 1, 9, 4 ]
    }, {
      "vertices" : [ 1, 4, 8 ]
    }, {
      "vertices" : [ 0, 9, 1 ]
    }, {
      "vertices" : [ 0, 3, 9 ]
    }, {
      "vertices" : [ 4, 5, 6 ]
    } ]
  }, {
    "id" : "1ae59019-233e-453c-9b18-f4032a8d5e8a",
    "vertices" : [ {
      "x" : 1.0,
      "y" : 0.309017,
      "z" : 0.19098301
    }, {
      "x" : 1.0,
      "y" : -0.309017,
      "z" : 0.19098301
    }, {
      "x" : 8.91935,
      "y" : -0.309017,
      "z" : 0.19098301
    }, {
      "x" : 8.91935,
      "y" : 0.309017,
      "z" : 0.19098301
    }, {
      "x" : 8.91935,
      "y" : -0.309017,
      "z" : -0.19098301
    }, {
      "x" : 8.91935,
      "y" : 0.309017,
      "z" : -0.19098301
    }, {
      "x" : 9.537383,
      "y" : 0.0,
      "z" : 0.0
    }, {
      "x" : 0.38196602,
      "y" : 0.0,
      "z" : 0.0
    }, {
      "x" : 1.0,
      "y" : 0.309017,
      "z" : -0.19098301
    }, {
      "x" : 1.0,
      "y" : -0.309017,
      "z" : -0.19098301
    }, {
      "x" : 9.91935,
      "y" : 0.0,
      "z" : 0.0
    } ],
    "faces" : [ {
      "vertices" : [ 1, 9, 4 ]
    }, {
      "vertices" : [ 1, 4, 2 ]
    }, {
      "vertices" : [ 0, 3, 5 ]
    }, {
      "vertices" : [ 0, 5, 8 ]
    }, {
      "vertices" : [ 1, 7, 9 ]
    }, {
      "vertices" : [ 0, 1, 2 ]
    }, {
      "vertices" : [ 0, 2, 3 ]
    }, {
      "vertices" : [ 7, 8, 9 ]
    }, {
      "vertices" : [ 0, 7, 1 ]
    }, {
      "vertices" : [ 4, 9, 8 ]
    }, {
      "vertices" : [ 4, 8, 5 ]
    }, {
      "vertices" : [ 2, 6, 3 ]
    }, {
      "vertices" : [ 2, 4, 6 ]
    }, {
      "vertices" : [ 3, 6, 5 ]
    }, {
      "vertices" : [ 4, 5, 6 ]
    }, {
      "vertices" : [ 0, 8, 7 ]
    } ]
  }, {
    "id" : "10dc6f28-d1ac-4fa0-8d9d-4aea623d5258",
    "vertices" : [ {
      "x" : -8.024922,
      "y" : 8.024922,
      "z" : 8.024922
    }, {
      "x" : -4.959675,
      "y" : 12.984597,
      "z" : 0.0
    }, {
      "x" : 4.959675,
      "y" : 12.984597,
      "z" : 0.0
    }, {
      "x" : 8.024922,
      "y" : 8.024922,
      "z" : 8.024922
    }, {
      "x" : 0.0,
      "y" : 4.959675,
      "z" : 12.984597
    } ],
    "faces" : [ {
      "vertices" : [ 0, 1, 2 ]
    }, {
      "vertices" : [ 0, 2, 3 ]
    }, {
      "vertices" : [ 0, 3, 4 ]
    }, {
      "vertices" : [ 0, 4, 3 ]
    }, {
      "vertices" : [ 0, 3, 2 ]
    }, {
      "vertices" : [ 0, 2, 1 ]
    } ]
  }, {
    "id" : "67fe62c8-33db-4891-aab0-b3627fe3fb0d",
    "vertices" : [ {
      "x" : 8.024922,
      "y" : 8.024922,
      "z" : -8.024922
    }, {
      "x" : 4.959675,
      "y" : 12.984597,
      "z" : 0.0
    }, {
      "x" : -4.959675,
      "y" : 12.984597,
      "z" : 0.0
    }, {
      "x" : -8.024922,
      "y" : 8.024922,
      "z" : -8.024922
    }, {
      "x" : 0.0,
      "y" : 4.959675,
      "z" : -12.984597
    } ],
    "faces" : [ {
      "vertices" : [ 0, 1, 2 ]
    }, {
      "vertices" : [ 0, 2, 3 ]
    }, {
      "vertices" : [ 0, 3, 4 ]
    }, {
      "vertices" : [ 0, 4, 3 ]
    }, {
      "vertices" : [ 0, 3, 2 ]
    }, {
      "vertices" : [ 0, 2, 1 ]
    } ]
  }, {
    "id" : "5df2ccdc-94de-4713-9c2d-49ebfcf548ad",
    "vertices" : [ {
      "x" : 12.984597,
      "y" : 0.0,
      "z" : -4.959675
    }, {
      "x" : 8.024922,
      "y" : 8.024922,
      "z" : -8.024922
    }, {
      "x" : 0.0,
      "y" : 4.959675,
      "z" : -12.984597
    }, {
      "x" : 0.0,
      "y" : -4.959675,
      "z" : -12.984597
    }, {
      "x" : 8.024922,
      "y" : -8.024922,
      "z" : -8.024922
    } ],
    "faces" : [ {
      "vertices" : [ 0, 1, 2 ]
    }, {
      "vertices" : [ 0, 2, 3 ]
    }, {
      "vertices" : [ 0, 3, 4 ]
    }, {
      "vertices" : [ 0, 4, 3 ]
    }, {
      "vertices" : [ 0, 3, 2 ]
    }, {
      "vertices" : [ 0, 2, 1 ]
    } ]
  }, {
    "id" : "07029005-ded6-408d-9ac3-533b137f0988",
    "vertices" : [ {
      "x" : -8.024922,
      "y" : -8.024922,
      "z" : -8.024922
    }, {
      "x" : -12.984597,
      "y" : 0.0,
      "z" : -4.959675
    }, {
      "x" : -12.984597,
      "y" : 0.0,
      "z" : 4.959675
    }, {
      "x" : -8.024922,
      "y" : -8.024922,
      "z" : 8.024922
    }, {
      "x" : -4.959675,
      "y" : -12.984597,
      "z" : 0.0
    } ],
    "faces" : [ {
      "vertices" : [ 0, 1, 2 ]
    }, {
      "vertices" : [ 0, 2, 3 ]
    }, {
      "vertices" : [ 0, 3, 4 ]
    }, {
      "vertices" : [ 0, 4, 3 ]
    }, {
      "vertices" : [ 0, 3, 2 ]
    }, {
      "vertices" : [ 0, 2, 1 ]
    } ]
  }, {
    "id" : "1ec32769-e7c2-4e92-8e2b-094cc0c6eac0",
    "vertices" : [ {
      "x" : 8.024922,
      "y" : -8.024922,
      "z" : 8.024922
    }, {
      "x" : 0.0,
      "y" : -4.959675,
      "z" : 12.984597
    }, {
      "x" : -8.024922,
      "y" : -8.024922,
      "z" : 8.024922
    }, {
      "x" : -4.959675,
      "y" : -12.984597,
      "z" : 0.0
    }, {
      "x" : 4.959675,
      "y" : -12.984597,
      "z" : 0.0
    } ],
    "faces" : [ {
      "vertices" : [ 0, 1, 2 ]
    }, {
      "vertices" : [ 0, 2, 3 ]
    }, {
      "vertices" : [ 0, 3, 4 ]
    }, {
      "vertices" : [ 0, 4, 3 ]
    }, {
      "vertices" : [ 0, 3, 2 ]
    }, {
      "vertices" : [ 0, 2, 1 ]
    } ]
  }, {
    "id" : "55e1e73a-5f03-437c-95ea-e4ae61bb9da2",
    "vertices" : [ {
      "x" : -12.984597,
      "y" : 0.0,
      "z" : 4.959675
    }, {
      "x" : -8.024922,
      "y" : 8.024922,
      "z" : 8.024922
    }, {
      "x" : 0.0,
      "y" : 4.959675,
      "z" : 12.984597
    }, {
      "x" : 0.0,
      "y" : -4.959675,
      "z" : 12.984597
    }, {
      "x" : -8.024922,
      "y" : -8.024922,
      "z" : 8.024922
    } ],
    "faces" : [ {
      "vertices" : [ 0, 1, 2 ]
    }, {
      "vertices" : [ 0, 2, 3 ]
    }, {
      "vertices" : [ 0, 3, 4 ]
    }, {
      "vertices" : [ 0, 4, 3 ]
    }, {
      "vertices" : [ 0, 3, 2 ]
    }, {
      "vertices" : [ 0, 2, 1 ]
    } ]
  }, {
    "id" : "35d4a01d-f47b-4a8e-bd90-fac47d0f3870",
    "vertices" : [ {
      "x" : -12.984597,
      "y" : 0.0,
      "z" : 4.959675
    }, {
      "x" : -12.984597,
      "y" : 0.0,
      "z" : -4.959675
    }, {
      "x" : -8.024922,
      "y" : 8.024922,
      "z" : -8.024922
    }, {
      "x" : -4.959675,
      "y" : 12.984597,
      "z" : 0.0
    }, {
      "x" : -8.024922,
      "y" : 8.024922,
      "z" : 8.024922
    } ],
    "faces" : [ {
      "vertices" : [ 0, 1, 2 ]
    }, {
      "vertices" : [ 0, 2, 3 ]
    }, {
      "vertices" : [ 0, 3, 4 ]
    }, {
      "vertices" : [ 0, 4, 3 ]
    }, {
      "vertices" : [ 0, 3, 2 ]
    }, {
      "vertices" : [ 0, 2, 1 ]
    } ]
  } ],
  "instances" : [ {
    "shape" : "a40f15cd-4f09-4828-8499-173f897b8f41",
    "color" : "#008D36",
    "position" : {
      "x" : 0.0,
      "y" : -4.959675,
      "z" : -12.984597
    },
    "orientation" : 4
  }, {
    "shape" : "ac8924e4-e77d-4e8a-a747-01cb513f097a",
    "color" : "#FFFFFF",
    "position" : {
      "x" : -12.984597,
      "y" : 0.0,
      "z" : -4.959675
    }
  }, {
    "shape" : "e262180b-3c2b-4504-b6a9-25e0c54d1eec",
    "color" : "#D77F7F",
    "position" : {
      "x" : 0.0,
      "y" : 0.0,
      "z" : 0.0
    }
  }, {
    "shape" : "a40f15cd-4f09-4828-8499-173f897b8f41",
    "color" : "#008D36",
    "position" : {
      "x" : 12.984597,
      "y" : 0.0,
      "z" : 4.959675
    },
    "orientation" : 42
  }, {
    "shape" : "685260d5-1f18-4b85-a9ae-335aa825f264",
    "color" : "#D77F7F",
    "position" : {
      "x" : 0.0,
      "y" : 0.0,
      "z" : 0.0
    }
  }, {
    "shape" : "dae6797b-1044-44ac-b8d7-3c23bccddeb6",
    "color" : "#D77F7F",
    "position" : {
      "x" : 0.0,
      "y" : 0.0,
      "z" : 0.0
    }
  }, {
    "shape" : "ac8924e4-e77d-4e8a-a747-01cb513f097a",
    "color" : "#FFFFFF",
    "position" : {
      "x" : -12.984597,
      "y" : 0.0,
      "z" : 4.959675
    }
  }, {
    "shape" : "40cc56a1-fa99-41a8-b4e5-0da556971602",
    "color" : "#D77F7F",
    "position" : {
      "x" : 0.0,
      "y" : 0.0,
      "z" : 0.0
    }
  }, {
    "shape" : "7dedbeb0-d20c-43a5-a3f9-0b2a0ae84d62",
    "color" : "#D77F7F",
    "position" : {
      "x" : 0.0,
      "y" : 0.0,
      "z" : 0.0
    }
  }, {
    "shape" : "7e2baa76-e890-4643-aeb1-b33022d7a1f1",
    "color" : "#008D36",
    "position" : {
      "x" : 6.4922986,
      "y" : 10.50476,
      "z" : 4.012461
    },
    "orientation" : 25
  }, {
    "shape" : "7e2baa76-e890-4643-aeb1-b33022d7a1f1",
    "color" : "#008D36",
    "position" : {
      "x" : -4.012461,
      "y" : 6.4922986,
      "z" : -10.50476
    },
    "orientation" : 44
  }, {
    "shape" : "1ae59019-233e-453c-9b18-f4032a8d5e8a",
    "color" : "#007695",
    "position" : {
      "x" : 8.024922,
      "y" : 8.024922,
      "z" : 8.024922
    },
    "orientation" : 55
  }, {
    "shape" : "1ae59019-233e-453c-9b18-f4032a8d5e8a",
    "color" : "#007695",
    "position" : {
      "x" : 12.984597,
      "y" : 0.0,
      "z" : 4.959675
    },
    "orientation" : 39
  }, {
    "shape" : "1ae59019-233e-453c-9b18-f4032a8d5e8a",
    "color" : "#007695",
    "position" : {
      "x" : 4.959675,
      "y" : -12.984597,
      "z" : 0.0
    },
    "orientation" : 52
  }, {
    "shape" : "ac8924e4-e77d-4e8a-a747-01cb513f097a",
    "color" : "#FFFFFF",
    "position" : {
      "x" : 8.024922,
      "y" : -8.024922,
      "z" : -8.024922
    }
  }, {
    "shape" : "7e2baa76-e890-4643-aeb1-b33022d7a1f1",
    "color" : "#008D36",
    "position" : {
      "x" : 4.012461,
      "y" : -6.4922986,
      "z" : 10.50476
    },
    "orientation" : 17
  }, {
    "shape" : "10dc6f28-d1ac-4fa0-8d9d-4aea623d5258",
    "color" : "#D77F7F",
    "position" : {
      "x" : 0.0,
      "y" : 0.0,
      "z" : 0.0
    }
  }, {
    "shape" : "1ae59019-233e-453c-9b18-f4032a8d5e8a",
    "color" : "#007695",
    "position" : {
      "x" : 8.024922,
      "y" : 8.024922,
      "z" : -8.024922
    },
    "orientation" : 7
  }, {
    "shape" : "7e2baa76-e890-4643-aeb1-b33022d7a1f1",
    "color" : "#008D36",
    "position" : {
      "x" : -4.012461,
      "y" : 6.4922986,
      "z" : -10.50476
    },
    "orientation" : 18
  }, {
    "shape" : "1ae59019-233e-453c-9b18-f4032a8d5e8a",
    "color" : "#007695",
    "position" : {
      "x" : 0.0,
      "y" : -4.959675,
      "z" : 12.984597
    },
    "orientation" : 53
  }, {
    "shape" : "1ae59019-233e-453c-9b18-f4032a8d5e8a",
    "color" : "#007695",
    "position" : {
      "x" : -8.024922,
      "y" : 8.024922,
      "z" : 8.024922
    },
    "orientation" : 8
  }, {
    "shape" : "ac8924e4-e77d-4e8a-a747-01cb513f097a",
    "color" : "#FFFFFF",
    "position" : {
      "x" : 8.024922,
      "y" : 8.024922,
      "z" : -8.024922
    }
  }, {
    "shape" : "67fe62c8-33db-4891-aab0-b3627fe3fb0d",
    "color" : "#D77F7F",
    "position" : {
      "x" : 0.0,
      "y" : 0.0,
      "z" : 0.0
    }
  }, {
    "shape" : "1ae59019-233e-453c-9b18-f4032a8d5e8a",
    "color" : "#007695",
    "position" : {
      "x" : -8.024922,
      "y" : 8.024922,
      "z" : 8.024922
    },
    "orientation" : 52
  }, {
    "shape" : "1ae59019-233e-453c-9b18-f4032a8d5e8a",
    "color" : "#007695",
    "position" : {
      "x" : 12.984597,
      "y" : 0.0,
      "z" : 4.959675
    },
    "orientation" : 51
  }, {
    "shape" : "7e2baa76-e890-4643-aeb1-b33022d7a1f1",
    "color" : "#008D36",
    "position" : {
      "x" : -10.50476,
      "y" : 4.012461,
      "z" : 6.4922986
    },
    "orientation" : 25
  }, {
    "shape" : "1ae59019-233e-453c-9b18-f4032a8d5e8a",
    "color" : "#007695",
    "position" : {
      "x" : 0.0,
      "y" : -4.959675,
      "z" : -12.984597
    },
    "orientation" : 8
  }, {
    "shape" : "1ae59019-233e-453c-9b18-f4032a8d5e8a",
    "color" : "#007695",
    "position" : {
      "x" : -8.024922,
      "y" : -8.024922,
      "z" : -8.024922
    },
    "orientation" : 37
  }, {
    "shape" : "ac8924e4-e77d-4e8a-a747-01cb513f097a",
    "color" : "#FFFFFF",
    "position" : {
      "x" : -4.959675,
      "y" : -12.984597,
      "z" : 0.0
    }
  }, {
    "shape" : "1ae59019-233e-453c-9b18-f4032a8d5e8a",
    "color" : "#007695",
    "position" : {
      "x" : -12.984597,
      "y" : 0.0,
      "z" : -4.959675
    },
    "orientation" : 6
  }, {
    "shape" : "ac8924e4-e77d-4e8a-a747-01cb513f097a",
    "color" : "#FFFFFF",
    "position" : {
      "x" : 12.984597,
      "y" : 0.0,
      "z" : 4.959675
    }
  }, {
    "shape" : "a40f15cd-4f09-4828-8499-173f897b8f41",
    "color" : "#008D36",
    "position" : {
      "x" : -8.024922,
      "y" : -8.024922,
      "z" : 8.024922
    },
    "orientation" : 46
  }, {
    "shape" : "1ae59019-233e-453c-9b18-f4032a8d5e8a",
    "color" : "#007695",
    "position" : {
      "x" : -12.984597,
      "y" : 0.0,
      "z" : -4.959675
    },
    "orientation" : 24
  }, {
    "shape" : "ac8924e4-e77d-4e8a-a747-01cb513f097a",
    "color" : "#FFFFFF",
    "position" : {
      "x" : 0.0,
      "y" : 4.959675,
      "z" : -12.984597
    }
  }, {
    "shape" : "7e2baa76-e890-4643-aeb1-b33022d7a1f1",
    "color" : "#008D36",
    "position" : {
      "x" : 4.012461,
      "y" : -6.4922986,
      "z" : 10.50476
    },
    "orientation" : 46
  }, {
    "shape" : "1ae59019-233e-453c-9b18-f4032a8d5e8a",
    "color" : "#007695",
    "position" : {
      "x" : 0.0,
      "y" : -4.959675,
      "z" : 12.984597
    },
    "orientation" : 1
  }, {
    "shape" : "a40f15cd-4f09-4828-8499-173f897b8f41",
    "color" : "#008D36",
    "position" : {
      "x" : 12.984597,
      "y" : 0.0,
      "z" : 4.959675
    },
    "orientation" : 50
  }, {
    "shape" : "ac8924e4-e77d-4e8a-a747-01cb513f097a",
    "color" : "#FFFFFF",
    "position" : {
      "x" : 4.959675,
      "y" : -12.984597,
      "z" : 0.0
    }
  }, {
    "shape" : "1ae59019-233e-453c-9b18-f4032a8d5e8a",
    "color" : "#007695",
    "position" : {
      "x" : -4.959675,
      "y" : -12.984597,
      "z" : 0.0
    },
    "orientation" : 7
  }, {
    "shape" : "5df2ccdc-94de-4713-9c2d-49ebfcf548ad",
    "color" : "#D77F7F",
    "position" : {
      "x" : 0.0,
      "y" : 0.0,
      "z" : 0.0
    }
  }, {
    "shape" : "1ae59019-233e-453c-9b18-f4032a8d5e8a",
    "color" : "#007695",
    "position" : {
      "x" : 12.984597,
      "y" : 0.0,
      "z" : -4.959675
    },
    "orientation" : 36
  }, {
    "shape" : "ac8924e4-e77d-4e8a-a747-01cb513f097a",
    "color" : "#FFFFFF",
    "position" : {
      "x" : -8.024922,
      "y" : 8.024922,
      "z" : -8.024922
    }
  }, {
    "shape" : "a40f15cd-4f09-4828-8499-173f897b8f41",
    "color" : "#008D36",
    "position" : {
      "x" : -4.959675,
      "y" : 12.984597,
      "z" : 0.0
    },
    "orientation" : 18
  }, {
    "shape" : "1ae59019-233e-453c-9b18-f4032a8d5e8a",
    "color" : "#007695",
    "position" : {
      "x" : 8.024922,
      "y" : 8.024922,
      "z" : 8.024922
    },
    "orientation" : 41
  }, {
    "shape" : "a40f15cd-4f09-4828-8499-173f897b8f41",
    "color" : "#008D36",
    "position" : {
      "x" : 12.984597,
      "y" : 0.0,
      "z" : 4.959675
    },
    "orientation" : 33
  }, {
    "shape" : "1ae59019-233e-453c-9b18-f4032a8d5e8a",
    "color" : "#007695",
    "position" : {
      "x" : 8.024922,
      "y" : -8.024922,
      "z" : 8.024922
    },
    "orientation" : 38
  }, {
    "shape" : "ac8924e4-e77d-4e8a-a747-01cb513f097a",
    "color" : "#FFFFFF",
    "position" : {
      "x" : -4.959675,
      "y" : 12.984597,
      "z" : 0.0
    }
  }, {
    "shape" : "07029005-ded6-408d-9ac3-533b137f0988",
    "color" : "#D77F7F",
    "position" : {
      "x" : 0.0,
      "y" : 0.0,
      "z" : 0.0
    }
  }, {
    "shape" : "1ae59019-233e-453c-9b18-f4032a8d5e8a",
    "color" : "#007695",
    "position" : {
      "x" : -12.984597,
      "y" : 0.0,
      "z" : 4.959675
    },
    "orientation" : 21
  }, {
    "shape" : "1ae59019-233e-453c-9b18-f4032a8d5e8a",
    "color" : "#007695",
    "position" : {
      "x" : -8.024922,
      "y" : 8.024922,
      "z" : 8.024922
    },
    "orientation" : 36
  }, {
    "shape" : "1ae59019-233e-453c-9b18-f4032a8d5e8a",
    "color" : "#007695",
    "position" : {
      "x" : 0.0,
      "y" : 4.959675,
      "z" : -12.984597
    },
    "orientation" : 38
  }, {
    "shape" : "7e2baa76-e890-4643-aeb1-b33022d7a1f1",
    "color" : "#008D36",
    "position" : {
      "x" : -4.012461,
      "y" : 6.4922986,
      "z" : -10.50476
    },
    "orientation" : 11
  }, {
    "shape" : "7e2baa76-e890-4643-aeb1-b33022d7a1f1",
    "color" : "#008D36",
    "position" : {
      "x" : -10.50476,
      "y" : 4.012461,
      "z" : 6.4922986
    },
    "orientation" : 18
  }, {
    "shape" : "7e2baa76-e890-4643-aeb1-b33022d7a1f1",
    "color" : "#008D36",
    "position" : {
      "x" : 6.4922986,
      "y" : 10.50476,
      "z" : 4.012461
    },
    "orientation" : 42
  }, {
    "shape" : "ac8924e4-e77d-4e8a-a747-01cb513f097a",
    "color" : "#FFFFFF",
    "position" : {
      "x" : 8.024922,
      "y" : -8.024922,
      "z" : 8.024922
    }
  }, {
    "shape" : "1ae59019-233e-453c-9b18-f4032a8d5e8a",
    "color" : "#007695",
    "position" : {
      "x" : 8.024922,
      "y" : -8.024922,
      "z" : 8.024922
    },
    "orientation" : 22
  }, {
    "shape" : "1ae59019-233e-453c-9b18-f4032a8d5e8a",
    "color" : "#007695",
    "position" : {
      "x" : 8.024922,
      "y" : 8.024922,
      "z" : -8.024922
    },
    "orientation" : 53
  }, {
    "shape" : "ac8924e4-e77d-4e8a-a747-01cb513f097a",
    "color" : "#FFFFFF",
    "position" : {
      "x" : 8.024922,
      "y" : 8.024922,
      "z" : 8.024922
    }
  }, {
    "shape" : "1ae59019-233e-453c-9b18-f4032a8d5e8a",
    "color" : "#007695",
    "position" : {
      "x" : -4.959675,
      "y" : -12.984597,
      "z" : 0.0
    },
    "orientation" : 0
  }, {
    "shape" : "1ae59019-233e-453c-9b18-f4032a8d5e8a",
    "color" : "#007695",
    "position" : {
      "x" : -8.024922,
      "y" : -8.024922,
      "z" : -8.024922
    },
    "orientation" : 23
  }, {
    "shape" : "ac8924e4-e77d-4e8a-a747-01cb513f097a",
    "color" : "#FFFFFF",
    "position" : {
      "x" : -8.024922,
      "y" : -8.024922,
      "z" : 8.024922
    }
  }, {
    "shape" : "7e2baa76-e890-4643-aeb1-b33022d7a1f1",
    "color" : "#008D36",
    "position" : {
      "x" : 4.012461,
      "y" : -6.4922986,
      "z" : 10.50476
    },
    "orientation" : 50
  }, {
    "shape" : "1ae59019-233e-453c-9b18-f4032a8d5e8a",
    "color" : "#007695",
    "position" : {
      "x" : -8.024922,
      "y" : 8.024922,
      "z" : -8.024922
    },
    "orientation" : 10
  }, {
    "shape" : "1ec32769-e7c2-4e92-8e2b-094cc0c6eac0",
    "color" : "#D77F7F",
    "position" : {
      "x" : 0.0,
      "y" : 0.0,
      "z" : 0.0
    }
  }, {
    "shape" : "7e2baa76-e890-4643-aeb1-b33022d7a1f1",
    "color" : "#008D36",
    "position" : {
      "x" : -4.012461,
      "y" : 6.4922986,
      "z" : -10.50476
    },
    "orientation" : 43
  }, {
    "shape" : "ac8924e4-e77d-4e8a-a747-01cb513f097a",
    "color" : "#FFFFFF",
    "position" : {
      "x" : 12.984597,
      "y" : 0.0,
      "z" : -4.959675
    }
  }, {
    "shape" : "1ae59019-233e-453c-9b18-f4032a8d5e8a",
    "color" : "#007695",
    "position" : {
      "x" : 12.984597,
      "y" : 0.0,
      "z" : 4.959675
    },
    "orientation" : 47
  }, {
    "shape" : "ac8924e4-e77d-4e8a-a747-01cb513f097a",
    "color" : "#FFFFFF",
    "position" : {
      "x" : 0.0,
      "y" : 4.959675,
      "z" : 12.984597
    }
  }, {
    "shape" : "7e2baa76-e890-4643-aeb1-b33022d7a1f1",
    "color" : "#008D36",
    "position" : {
      "x" : -6.4922986,
      "y" : -10.50476,
      "z" : -4.012461
    },
    "orientation" : 0
  }, {
    "shape" : "ac8924e4-e77d-4e8a-a747-01cb513f097a",
    "color" : "#FFFFFF",
    "position" : {
      "x" : -8.024922,
      "y" : -8.024922,
      "z" : -8.024922
    }
  }, {
    "shape" : "a40f15cd-4f09-4828-8499-173f897b8f41",
    "color" : "#008D36",
    "position" : {
      "x" : 0.0,
      "y" : -4.959675,
      "z" : -12.984597
    },
    "orientation" : 44
  }, {
    "shape" : "ac8924e4-e77d-4e8a-a747-01cb513f097a",
    "color" : "#FFFFFF",
    "position" : {
      "x" : 4.959675,
      "y" : 12.984597,
      "z" : 0.0
    }
  }, {
    "shape" : "ac8924e4-e77d-4e8a-a747-01cb513f097a",
    "color" : "#FFFFFF",
    "position" : {
      "x" : 0.0,
      "y" : -4.959675,
      "z" : -12.984597
    }
  }, {
    "shape" : "ac8924e4-e77d-4e8a-a747-01cb513f097a",
    "color" : "#FFFFFF",
    "position" : {
      "x" : 0.0,
      "y" : -4.959675,
      "z" : 12.984597
    }
  }, {
    "shape" : "55e1e73a-5f03-437c-95ea-e4ae61bb9da2",
    "color" : "#D77F7F",
    "position" : {
      "x" : 0.0,
      "y" : 0.0,
      "z" : 0.0
    }
  }, {
    "shape" : "1ae59019-233e-453c-9b18-f4032a8d5e8a",
    "color" : "#007695",
    "position" : {
      "x" : 8.024922,
      "y" : 8.024922,
      "z" : -8.024922
    },
    "orientation" : 21
  }, {
    "shape" : "35d4a01d-f47b-4a8e-bd90-fac47d0f3870",
    "color" : "#D77F7F",
    "position" : {
      "x" : 0.0,
      "y" : 0.0,
      "z" : 0.0
    }
  }, {
    "shape" : "1ae59019-233e-453c-9b18-f4032a8d5e8a",
    "color" : "#007695",
    "position" : {
      "x" : -4.959675,
      "y" : 12.984597,
      "z" : 0.0
    },
    "orientation" : 0
  }, {
    "shape" : "ac8924e4-e77d-4e8a-a747-01cb513f097a",
    "color" : "#FFFFFF",
    "position" : {
      "x" : -8.024922,
      "y" : 8.024922,
      "z" : 8.024922
    }
  }, {
    "shape" : "1ae59019-233e-453c-9b18-f4032a8d5e8a",
    "color" : "#007695",
    "position" : {
      "x" : 0.0,
      "y" : -4.959675,
      "z" : -12.984597
    },
    "orientation" : 1
  }, {
    "shape" : "1ae59019-233e-453c-9b18-f4032a8d5e8a",
    "color" : "#007695",
    "position" : {
      "x" : -12.984597,
      "y" : 0.0,
      "z" : -4.959675
    },
    "orientation" : 2
  } ]
}