{
  "polygons" : "true",
  "field" : "golden",
  "symmetry" : "icosahedral",
  "orientations" : [ [ 1.0, 0.0, 0.0, 0.0, 0.0, 1.0, 0.0, 0.0, 0.0, 0.0, 1.0, 0.0, 0.0, 0.0, 0.0, 1.0 ], [ 0.0, 0.0, 1.0, 0.0, 1.0, 0.0, 0.0, 0.0, 0.0, 1.0, 0.0, 0.0, 0.0, 0.0, 0.0, 1.0 ], [ 0.0, 1.0, 0.0, 0.0, 0.0, 0.0, 1.0, 0.0, 1.0, 0.0, 0.0, 0.0, 0.0, 0.0, 0.0, 1.0 ], [ 0.809017, 0.309017, 0.5, 0.0, 0.309017, 0.5, -0.809017, 0.0, -0.5, 0.809017, 0.309017, 0.0, 0.0, 0.0, 0.0, 1.0 ], [ -0.5, 0.809017, 0.309017, 0.0, 0.809017, 0.309017, 0.5, 0.0, 0.309017, 0.5, -0.809017, 0.0, 0.0, 0.0, 0.0, 1.0 ], [ 0.309017, 0.5, -0.809017, 0.0, -0.5, 0.809017, 0.309017, 0.0, 0.809017, 0.309017, 0.5, 0.0, 0.0, 0.0, 0.0, 1.0 ], [ 0.5, 0.809017, 0.309017, 0.0, 0.809017, -0.309017, -0.5, 0.0, -0.309017, 0.5, -0.809017, 0.0, 0.0, 0.0, 0.0, 1.0 ], [ -0.309017, 0.5, -0.809017, 0.0, 0.5, 0.809017, 0.309017, 0.0, 0.809017, -0.309017, -0.5, 0.0, 0.0, 0.0, 0.0, 1.0 ], [ 0.809017, -0.309017, -0.5, 0.0, -0.309017, 0.5, -0.809017, 0.0, 0.5, 0.809017, 0.309017, 0.0, 0.0, 0.0, 0.0, 1.0 ], [ 0.5, 0.809017, -0.309017, 0.0, 0.809017, -0.309017, 0.5, 0.0, 0.309017, -0.5, -0.809017, 0.0, 0.0, 0.0, 0.0, 1.0 ], [ 0.309017, -0.5, -0.809017, 0.0, 0.5, 0.809017, -0.309017, 0.0, 0.809017, -0.309017, 0.5, 0.0, 0.0, 0.0, 0.0, 1.0 ], [ 0.809017, -0.309017, 0.5, 0.0, 0.309017, -0.5, -0.809017, 0.0, 0.5, 0.809017, -0.309017, 0.0, 0.0, 0.0, 0.0, 1.0 ], [ 0.809017, 0.309017, -0.5, 0.0, 0.309017, 0.5, 0.809017, 0.0, 0.5, -0.809017, 0.309017, 0.0, 0.0, 0.0, 0.0, 1.0 ], [ 0.5, -0.809017, 0.309017, 0.0, 0.809017, 0.309017, -0.5, 0.0, 0.309017, 0.5, 0.809017, 0.0, 0.0, 0.0, 0.0, 1.0 ], [ 0.309017, 0.5, 0.809017, 0.0, 0.5, -0.809017, 0.309017, 0.0, 0.809017, 0.309017, -0.5, 0.0, 0.0, 0.0, 0.0, 1.0 ], [ 1.0, 0.0, 0.0, 0.0, 0.0, -1.0, 0.0, 0.0, 0.0, 0.0, -1.0, 0.0, 0.0, 0.0, 0.0, 1.0 ], [ 0.0, 0.0, 1.0, 0.0, -1.0, 0.0, 0.0, 0.0, 0.0, -1.0, 0.0, 0.0, 0.0, 0.0, 0.0, 1.0 ], [ 0.0, 1.0, 0.0, 0.0, 0.0, 0.0, -1.0, 0.0, -1.0, 0.0, 0.0, 0.0, 0.0, 0.0, 0.0, 1.0 ], [ 0.809017, 0.309017, 0.5, 0.0, -0.309017, -0.5, 0.809017, 0.0, 0.5, -0.809017, -0.309017, 0.0, 0.0, 0.0, 0.0, 1.0 ], [ -0.5, 0.809017, 0.309017, 0.0, -0.809017, -0.309017, -0.5, 0.0, -0.309017, -0.5, 0.809017, 0.0, 0.0, 0.0, 0.0, 1.0 ], [ 0.309017, 0.5, -0.809017, 0.0, 0.5, -0.809017, -0.309017, 0.0, -0.809017, -0.309017, -0.5, 0.0, 0.0, 0.0, 0.0, 1.0 ], [ 0.5, 0.809017, 0.309017, 0.0, -0.809017, 0.309017, 0.5, 0.0, 0.309017, -0.5, 0.809017, 0.0, 0.0, 0.0, 0.0, 1.0 ], [ -0.309017, 0.5, -0.809017, 0.0, -0.5, -0.809017, -0.309017, 0.0, -0.809017, 0.309017, 0.5, 0.0, 0.0, 0.0, 0.0, 1.0 ], [ 0.809017, -0.309017, -0.5, 0.0, 0.309017, -0.5, 0.809017, 0.0, -0.5, -0.809017, -0.309017, 0.0, 0.0, 0.0, 0.0, 1.0 ], [ 0.5, 0.809017, -0.309017, 0.0, -0.809017, 0.309017, -0.5, 0.0, -0.309017, 0.5, 0.809017, 0.0, 0.0, 0.0, 0.0, 1.0 ], [ 0.309017, -0.5, -0.809017, 0.0, -0.5, -0.809017, 0.309017, 0.0, -0.809017, 0.309017, -0.5, 0.0, 0.0, 0.0, 0.0, 1.0 ], [ 0.809017, -0.309017, 0.5, 0.0, -0.309017, 0.5, 0.809017, 0.0, -0.5, -0.809017, 0.309017, 0.0, 0.0, 0.0, 0.0, 1.0 ], [ 0.809017, 0.309017, -0.5, 0.0, -0.309017, -0.5, -0.809017, 0.0, -0.5, 0.809017, -0.309017, 0.0, 0.0, 0.0, 0.0, 1.0 ], [ 0.5, -0.809017, 0.309017, 0.0, -0.809017, -0.309017, 0.5, 0.0, -0.309017, -0.5, -0.809017, 0.0, 0.0, 0.0, 0.0, 1.0 ], [ 0.309017, 0.5, 0.809017, 0.0, -0.5, 0.809017, -0.309017, 0.0, -0.809017, -0.309017, 0.5, 0.0, 0.0, 0.0, 0.0, 1.0 ], [ -1.0, 0.0, 0.0, 0.0, 0.0, -1.0, 0.0, 0.0, 0.0, 0.0, 1.0, 0.0, 0.0, 0.0, 0.0, 1.0 ], [ 0.0, 0.0, -1.0, 0.0, -1.0, 0.0, 0.0, 0.0, 0.0, 1.0, 0.0, 0.0, 0.0, 0.0, 0.0, 1.0 ], [ 0.0, -1.0, 0.0, 0.0, 0.0, 0.0, -1.0, 0.0, 1.0, 0.0, 0.0, 0.0, 0.0, 0.0, 0.0, 1.0 ], [ -0.809017, -0.309017, -0.5, 0.0, -0.309017, -0.5, 0.809017, 0.0, -0.5, 0.809017, 0.309017, 0.0, 0.0, 0.0, 0.0, 1.0 ], [ 0.5, -0.809017, -0.309017, 0.0, -0.809017, -0.309017, -0.5, 0.0, 0.309017, 0.5, -0.809017, 0.0, 0.0, 0.0, 0.0, 1.0 ], [ -0.309017, -0.5, 0.809017, 0.0, 0.5, -0.809017, -0.309017, 0.0, 0.809017, 0.309017, 0.5, 0.0, 0.0, 0.0, 0.0, 1.0 ], [ -0.5, -0.809017, -0.309017, 0.0, -0.809017, 0.309017, 0.5, 0.0, -0.309017, 0.5, -0.809017, 0.0, 0.0, 0.0, 0.0, 1.0 ], [ 0.309017, -0.5, 0.809017, 0.0, -0.5, -0.809017, -0.309017, 0.0, 0.809017, -0.309017, -0.5, 0.0, 0.0, 0.0, 0.0, 1.0 ], [ -0.809017, 0.309017, 0.5, 0.0, 0.309017, -0.5, 0.809017, 0.0, 0.5, 0.809017, 0.309017, 0.0, 0.0, 0.0, 0.0, 1.0 ], [ -0.5, -0.809017, 0.309017, 0.0, -0.809017, 0.309017, -0.5, 0.0, 0.309017, -0.5, -0.809017, 0.0, 0.0, 0.0, 0.0, 1.0 ], [ -0.309017, 0.5, 0.809017, 0.0, -0.5, -0.809017, 0.309017, 0.0, 0.809017, -0.309017, 0.5, 0.0, 0.0, 0.0, 0.0, 1.0 ], [ -0.809017, 0.309017, -0.5, 0.0, -0.309017, 0.5, 0.809017, 0.0, 0.5, 0.809017, -0.309017, 0.0, 0.0, 0.0, 0.0, 1.0 ], [ -0.809017, -0.309017, 0.5, 0.0, -0.309017, -0.5, -0.809017, 0.0, 0.5, -0.809017, 0.309017, 0.0, 0.0, 0.0, 0.0, 1.0 ], [ -0.5, 0.809017, -0.309017, 0.0, -0.809017, -0.309017, 0.5, 0.0, 0.309017, 0.5, 0.809017, 0.0, 0.0, 0.0, 0.0, 1.0 ], [ -0.309017, -0.5, -0.809017, 0.0, -0.5, 0.809017, -0.309017, 0.0, 0.809017, 0.309017, -0.5, 0.0, 0.0, 0.0, 0.0, 1.0 ], [ -1.0, 0.0, 0.0, 0.0, 0.0, 1.0, 0.0, 0.0, 0.0, 0.0, -1.0, 0.0, 0.0, 0.0, 0.0, 1.0 ], [ 0.0, 0.0, -1.0, 0.0, 1.0, 0.0, 0.0, 0.0, 0.0, -1.0, 0.0, 0.0, 0.0, 0.0, 0.0, 1.0 ], [ 0.0, -1.0, 0.0, 0.0, 0.0, 0.0, 1.0, 0.0, -1.0, 0.0, 0.0, 0.0, 0.0, 0.0, 0.0, 1.0 ], [ -0.809017, -0.309017, -0.5, 0.0, 0.309017, 0.5, -0.809017, 0.0, 0.5, -0.809017, -0.309017, 0.0, 0.0, 0.0, 0.0, 1.0 ], [ 0.5, -0.809017, -0.309017, 0.0, 0.809017, 0.309017, 0.5, 0.0, -0.309017, -0.5, 0.809017, 0.0, 0.0, 0.0, 0.0, 1.0 ], [ -0.309017, -0.5, 0.809017, 0.0, -0.5, 0.809017, 0.309017, 0.0, -0.809017, -0.309017, -0.5, 0.0, 0.0, 0.0, 0.0, 1.0 ], [ -0.5, -0.809017, -0.309017, 0.0, 0.809017, -0.309017, -0.5, 0.0, 0.309017, -0.5, 0.809017, 0.0, 0.0, 0.0, 0.0, 1.0 ], [ 0.309017, -0.5, 0.809017, 0.0, 0.5, 0.809017, 0.309017, 0.0, -0.809017, 0.309017, 0.5, 0.0, 0.0, 0.0, 0.0, 1.0 ], [ -0.809017, 0.309017, 0.5, 0.0, -0.309017, 0.5, -0.809017, 0.0, -0.5, -0.809017, -0.309017, 0.0, 0.0, 0.0, 0.0, 1.0 ], [ -0.5, -0.809017, 0.309017, 0.0, 0.809017, -0.309017, 0.5, 0.0, -0.309017, 0.5, 0.809017, 0.0, 0.0, 0.0, 0.0, 1.0 ], [ -0.309017, 0.5, 0.809017, 0.0, 0.5, 0.809017, -0.309017, 0.0, -0.809017, 0.309017, -0.5, 0.0, 0.0, 0.0, 0.0, 1.0 ], [ -0.809017, 0.309017, -0.5, 0.0, 0.309017, -0.5, -0.809017, 0.0, -0.5, -0.809017, 0.309017, 0.0, 0.0, 0.0, 0.0, 1.0 ], [ -0.809017, -0.309017, 0.5, 0.0, 0.309017, 0.5, 0.809017, 0.0, -0.5, 0.809017, -0.309017, 0.0, 0.0, 0.0, 0.0, 1.0 ], [ -0.5, 0.809017, -0.309017, 0.0, 0.809017, 0.309017, -0.5, 0.0, -0.309017, -0.5, -0.809017, 0.0, 0.0, 0.0, 0.0, 1.0 ], [ -0.309017, -0.5, -0.809017, 0.0, 0.5, -0.809017, 0.309017, 0.0, -0.809017, -0.309017, 0.5, 0.0, 0.0, 0.0, 0.0, 1.0 ] ],
  "lights" : {
    "directionalLights" : [ {
      "direction" : [ 1.0, -1.0, -1.0 ],
      "color" : "#EBEBE4"
    }, {
      "direction" : [ -1.0, 0.0, 0.0 ],
      "color" : "#E4E4EB"
    }, {
      "direction" : [ 0.0, 0.0, -1.0 ],
      "color" : "#1E1E1E"
    } ],
    "ambientColor" : "#292929",
    "backgroundColor" : "#AFC8DC"
  },
  "camera" : {
    "position" : {
      "x" : 0.0,
      "y" : 0.0,
      "z" : 241.98589
    },
    "width" : 108.89365,
    "fieldOfView" : 0.44262886,
    "perspective" : false,
    "upDirectionRV" : {
      "x" : 0.0,
      "y" : 1.0,
      "z" : 0.0,
      "zero" : false
    },
    "lookDirectionRV" : {
      "x" : 0.0,
      "y" : 0.0,
      "z" : -1.0,
      "zero" : false
    },
    "viewDistance" : 241.98589,
    "lookAtPointRV" : {
      "x" : 0.0,
      "y" : 0.0,
      "z" : 0.0,
      "zero" : true
    },
    "nearClipDistance" : 0.6049646,
    "stereo" : false,
    "lookAtPoint" : {
      "x" : 0.0,
      "y" : 0.0,
      "z" : 0.0
    },
    "upDirection" : {
      "x" : 0.0,
      "y" : 1.0,
      "z" : 0.0
    },
    "lookDirection" : {
      "x" : 0.0,
      "y" : 0.0,
      "z" : -1.0
    },
    "farClipDistance" : 483.9717
  },
  "embedding" : [ 1.0, 0.0, 0.0, 0.0, 0.0, 1.0, 0.0, 0.0, 0.0, 0.0, 1.0, 0.0, 0.0, 0.0, 0.0, 1.0 ],
  "shapes" : [ {
    "id" : "4d5f5d31-6995-4fc2-b941-ab76bf1f1ed0",
    "name" : "ball",
    "vertices" : [ {
      "x" : 0.309017,
      "y" : -0.809017,
      "z" : 0.618034
    }, {
      "x" : 0.809017,
      "y" : -0.618034,
      "z" : 0.309017
    }, {
      "x" : 0.618034,
      "y" : -0.309017,
      "z" : 0.809017
    }, {
      "x" : 1.0,
      "y" : 0.309017,
      "z" : 0.19098301
    }, {
      "x" : 0.809017,
      "y" : 0.618034,
      "z" : 0.309017
    }, {
      "x" : 0.618034,
      "y" : 0.309017,
      "z" : 0.809017
    }, {
      "x" : 0.809017,
      "y" : 0.0,
      "z" : 0.690983
    }, {
      "x" : 0.19098301,
      "y" : -1.0,
      "z" : 0.309017
    }, {
      "x" : -0.19098301,
      "y" : -1.0,
      "z" : 0.309017
    }, {
      "x" : -0.19098301,
      "y" : -1.0,
      "z" : -0.309017
    }, {
      "x" : 0.19098301,
      "y" : -1.0,
      "z" : -0.309017
    }, {
      "x" : 1.0,
      "y" : -0.309017,
      "z" : -0.19098301
    }, {
      "x" : 0.809017,
      "y" : -0.618034,
      "z" : -0.309017
    }, {
      "x" : 0.618034,
      "y" : -0.309017,
      "z" : -0.809017
    }, {
      "x" : 0.809017,
      "y" : 0.0,
      "z" : -0.690983
    }, {
      "x" : 0.0,
      "y" : 0.690983,
      "z" : -0.809017
    }, {
      "x" : 0.309017,
      "y" : 0.809017,
      "z" : -0.618034
    }, {
      "x" : 0.618034,
      "y" : 0.309017,
      "z" : -0.809017
    }, {
      "x" : 0.309017,
      "y" : 0.19098301,
      "z" : -1.0
    }, {
      "x" : 1.0,
      "y" : 0.309017,
      "z" : -0.19098301
    }, {
      "x" : -0.309017,
      "y" : -0.809017,
      "z" : 0.618034
    }, {
      "x" : 0.0,
      "y" : -0.690983,
      "z" : 0.809017
    }, {
      "x" : 0.809017,
      "y" : 0.618034,
      "z" : -0.309017
    }, {
      "x" : 0.690983,
      "y" : 0.809017,
      "z" : 0.0
    }, {
      "x" : -0.690983,
      "y" : 0.809017,
      "z" : 0.0
    }, {
      "x" : -0.809017,
      "y" : 0.618034,
      "z" : 0.309017
    }, {
      "x" : -0.309017,
      "y" : 0.809017,
      "z" : 0.618034
    }, {
      "x" : -0.19098301,
      "y" : 1.0,
      "z" : 0.309017
    }, {
      "x" : 0.309017,
      "y" : -0.19098301,
      "z" : -1.0
    }, {
      "x" : 0.19098301,
      "y" : 1.0,
      "z" : 0.309017
    }, {
      "x" : 0.309017,
      "y" : 0.809017,
      "z" : 0.618034
    }, {
      "x" : -0.809017,
      "y" : -0.618034,
      "z" : 0.309017
    }, {
      "x" : -0.690983,
      "y" : -0.809017,
      "z" : 0.0
    }, {
      "x" : 0.0,
      "y" : 0.690983,
      "z" : 0.809017
    }, {
      "x" : 0.309017,
      "y" : -0.809017,
      "z" : -0.618034
    }, {
      "x" : 0.0,
      "y" : -0.690983,
      "z" : -0.809017
    }, {
      "x" : -1.0,
      "y" : 0.309017,
      "z" : 0.19098301
    }, {
      "x" : -0.809017,
      "y" : 0.0,
      "z" : 0.690983
    }, {
      "x" : -0.618034,
      "y" : 0.309017,
      "z" : 0.809017
    }, {
      "x" : 1.0,
      "y" : -0.309017,
      "z" : 0.19098301
    }, {
      "x" : -0.309017,
      "y" : -0.809017,
      "z" : -0.618034
    }, {
      "x" : -1.0,
      "y" : 0.309017,
      "z" : -0.19098301
    }, {
      "x" : -1.0,
      "y" : -0.309017,
      "z" : -0.19098301
    }, {
      "x" : -1.0,
      "y" : -0.309017,
      "z" : 0.19098301
    }, {
      "x" : 0.19098301,
      "y" : 1.0,
      "z" : -0.309017
    }, {
      "x" : -0.809017,
      "y" : 0.618034,
      "z" : -0.309017
    }, {
      "x" : -0.19098301,
      "y" : 1.0,
      "z" : -0.309017
    }, {
      "x" : -0.309017,
      "y" : 0.809017,
      "z" : -0.618034
    }, {
      "x" : -0.618034,
      "y" : -0.309017,
      "z" : 0.809017
    }, {
      "x" : 0.309017,
      "y" : 0.19098301,
      "z" : 1.0
    }, {
      "x" : -0.309017,
      "y" : 0.19098301,
      "z" : -1.0
    }, {
      "x" : -0.309017,
      "y" : 0.19098301,
      "z" : 1.0
    }, {
      "x" : -0.309017,
      "y" : -0.19098301,
      "z" : 1.0
    }, {
      "x" : 0.309017,
      "y" : -0.19098301,
      "z" : 1.0
    }, {
      "x" : 0.690983,
      "y" : -0.809017,
      "z" : 0.0
    }, {
      "x" : -0.809017,
      "y" : 0.0,
      "z" : -0.690983
    }, {
      "x" : -0.618034,
      "y" : -0.309017,
      "z" : -0.809017
    }, {
      "x" : -0.309017,
      "y" : -0.19098301,
      "z" : -1.0
    }, {
      "x" : -0.618034,
      "y" : 0.309017,
      "z" : -0.809017
    }, {
      "x" : -0.809017,
      "y" : -0.618034,
      "z" : -0.309017
    } ],
    "faces" : [ {
      "vertices" : [ 9, 40, 35, 34, 10 ]
    }, {
      "vertices" : [ 0, 1, 2 ]
    }, {
      "vertices" : [ 33, 51, 49 ]
    }, {
      "vertices" : [ 25, 36, 37, 38 ]
    }, {
      "vertices" : [ 41, 55, 42 ]
    }, {
      "vertices" : [ 9, 32, 59, 40 ]
    }, {
      "vertices" : [ 20, 21, 52, 48 ]
    }, {
      "vertices" : [ 26, 33, 30, 29, 27 ]
    }, {
      "vertices" : [ 3, 4, 5, 6 ]
    }, {
      "vertices" : [ 27, 29, 44, 46 ]
    }, {
      "vertices" : [ 50, 57, 56, 55, 58 ]
    }, {
      "vertices" : [ 26, 38, 51, 33 ]
    }, {
      "vertices" : [ 45, 47, 58 ]
    }, {
      "vertices" : [ 18, 28, 57, 50 ]
    }, {
      "vertices" : [ 40, 59, 56 ]
    }, {
      "vertices" : [ 31, 48, 37, 43 ]
    }, {
      "vertices" : [ 7, 8, 9, 10 ]
    }, {
      "vertices" : [ 36, 41, 42, 43 ]
    }, {
      "vertices" : [ 24, 46, 47, 45 ]
    }, {
      "vertices" : [ 4, 30, 5 ]
    }, {
      "vertices" : [ 15, 47, 46, 44, 16 ]
    }, {
      "vertices" : [ 15, 50, 58, 47 ]
    }, {
      "vertices" : [ 24, 45, 41, 36, 25 ]
    }, {
      "vertices" : [ 11, 14, 19 ]
    }, {
      "vertices" : [ 3, 6, 39 ]
    }, {
      "vertices" : [ 1, 39, 6, 2 ]
    }, {
      "vertices" : [ 8, 32, 9 ]
    }, {
      "vertices" : [ 11, 12, 13, 14 ]
    }, {
      "vertices" : [ 16, 22, 17 ]
    }, {
      "vertices" : [ 0, 21, 20, 8, 7 ]
    }, {
      "vertices" : [ 12, 34, 13 ]
    }, {
      "vertices" : [ 35, 40, 56, 57 ]
    }, {
      "vertices" : [ 0, 7, 54, 1 ]
    }, {
      "vertices" : [ 15, 16, 17, 18 ]
    }, {
      "vertices" : [ 3, 19, 22, 23, 4 ]
    }, {
      "vertices" : [ 7, 10, 54 ]
    }, {
      "vertices" : [ 41, 45, 58, 55 ]
    }, {
      "vertices" : [ 3, 39, 11, 19 ]
    }, {
      "vertices" : [ 14, 17, 22, 19 ]
    }, {
      "vertices" : [ 0, 2, 53, 21 ]
    }, {
      "vertices" : [ 49, 51, 52, 53 ]
    }, {
      "vertices" : [ 31, 43, 42, 59, 32 ]
    }, {
      "vertices" : [ 15, 18, 50 ]
    }, {
      "vertices" : [ 42, 55, 56, 59 ]
    }, {
      "vertices" : [ 4, 23, 29, 30 ]
    }, {
      "vertices" : [ 25, 38, 26 ]
    }, {
      "vertices" : [ 13, 28, 18, 17, 14 ]
    }, {
      "vertices" : [ 8, 20, 31, 32 ]
    }, {
      "vertices" : [ 23, 44, 29 ]
    }, {
      "vertices" : [ 24, 27, 46 ]
    }, {
      "vertices" : [ 37, 48, 52, 51, 38 ]
    }, {
      "vertices" : [ 20, 48, 31 ]
    }, {
      "vertices" : [ 24, 25, 26, 27 ]
    }, {
      "vertices" : [ 16, 44, 23, 22 ]
    }, {
      "vertices" : [ 13, 34, 35, 28 ]
    }, {
      "vertices" : [ 10, 34, 12, 54 ]
    }, {
      "vertices" : [ 2, 6, 5, 49, 53 ]
    }, {
      "vertices" : [ 36, 43, 37 ]
    }, {
      "vertices" : [ 5, 30, 33, 49 ]
    }, {
      "vertices" : [ 1, 54, 12, 11, 39 ]
    }, {
      "vertices" : [ 28, 35, 57 ]
    }, {
      "vertices" : [ 21, 53, 52 ]
    } ]
  }, {
    "id" : "7b5ea1bf-533c-4da3-a836-10c35bdb0b77",
    "orbit" : "purple",
    "orbitC" : "[[2,-1,1],[0,0,1]]",
    "length" : "[4,0,3]",
    "name" : " :4/3",
    "vertices" : [ {
      "x" : 0.690983,
      "y" : 0.809017,
      "z" : 0.0
    }, {
      "x" : 0.809017,
      "y" : 0.618034,
      "z" : -0.309017
    }, {
      "x" : 0.809017,
      "y" : 0.618034,
      "z" : 0.309017
    }, {
      "x" : 1.0,
      "y" : 0.309017,
      "z" : -0.19098301
    }, {
      "x" : 1.0,
      "y" : 0.309017,
      "z" : 0.19098301
    }, {
      "x" : 1.618034,
      "y" : 0.42705098,
      "z" : -0.309017
    }, {
      "x" : 1.618034,
      "y" : 0.42705098,
      "z" : 0.309017
    }, {
      "x" : 1.618034,
      "y" : 0.809017,
      "z" : -0.309017
    }, {
      "x" : 1.618034,
      "y" : 0.809017,
      "z" : 0.309017
    }, {
      "x" : 7.5207686,
      "y" : 2.681695,
      "z" : -0.309017
    }, {
      "x" : 7.5207686,
      "y" : 2.681695,
      "z" : 0.309017
    }, {
      "x" : 7.5207686,
      "y" : 3.063661,
      "z" : -0.309017
    }, {
      "x" : 7.5207686,
      "y" : 3.063661,
      "z" : 0.309017
    }, {
      "x" : 8.138803,
      "y" : 3.181695,
      "z" : -0.19098301
    }, {
      "x" : 8.138803,
      "y" : 3.181695,
      "z" : 0.19098301
    }, {
      "x" : 8.329785,
      "y" : 2.872678,
      "z" : -0.309017
    }, {
      "x" : 8.329785,
      "y" : 2.872678,
      "z" : 0.309017
    }, {
      "x" : 8.44782,
      "y" : 2.681695,
      "z" : 0.0
    }, {
      "x" : 9.138803,
      "y" : 3.490712,
      "z" : 0.0
    } ],
    "faces" : [ {
      "vertices" : [ 5, 7, 11, 9 ]
    }, {
      "vertices" : [ 9, 11, 15 ]
    }, {
      "vertices" : [ 9, 17, 10 ]
    }, {
      "vertices" : [ 6, 10, 12, 8 ]
    }, {
      "vertices" : [ 10, 16, 12 ]
    }, {
      "vertices" : [ 7, 8, 12, 11 ]
    }, {
      "vertices" : [ 11, 13, 15 ]
    }, {
      "vertices" : [ 0, 7, 1 ]
    }, {
      "vertices" : [ 1, 5, 3 ]
    }, {
      "vertices" : [ 9, 15, 17 ]
    }, {
      "vertices" : [ 0, 2, 8 ]
    }, {
      "vertices" : [ 12, 16, 14 ]
    }, {
      "vertices" : [ 0, 1, 3, 4, 2 ]
    }, {
      "vertices" : [ 10, 17, 16 ]
    }, {
      "vertices" : [ 13, 14, 16, 17, 15 ]
    }, {
      "vertices" : [ 2, 4, 6 ]
    }, {
      "vertices" : [ 1, 7, 5 ]
    }, {
      "vertices" : [ 0, 8, 7 ]
    }, {
      "vertices" : [ 2, 6, 8 ]
    }, {
      "vertices" : [ 3, 5, 6, 4 ]
    }, {
      "vertices" : [ 11, 12, 14, 13 ]
    }, {
      "vertices" : [ 5, 9, 10, 6 ]
    } ]
  }, {
    "id" : "ef962699-6004-4893-b456-c734e82a0f28",
    "vertices" : [ {
      "x" : 0.0,
      "y" : 0.0,
      "z" : 0.0
    }, {
      "x" : -2.927051,
      "y" : 4.736068,
      "z" : 7.663119
    }, {
      "x" : 0.0,
      "y" : 0.0,
      "z" : 15.326238
    }, {
      "x" : 4.736068,
      "y" : -7.663119,
      "z" : 12.399187
    }, {
      "x" : 4.736068,
      "y" : -7.663119,
      "z" : 2.927051
    } ],
    "faces" : [ {
      "vertices" : [ 0, 1, 2, 3, 4 ]
    }, {
      "vertices" : [ 0, 4, 3, 2, 1 ]
    } ]
  }, {
    "id" : "f923ae6f-380c-40f3-9ed4-4d45460073c0",
    "orbit" : "0",
    "orbitC" : "[[2,-1,1],[-21,13,1]]",
    "length" : "[0,1,1]",
    "name" : "medium",
    "vertices" : [ {
      "x" : -7.7729735,
      "y" : -4.3130174,
      "z" : 1.418956
    }, {
      "x" : -7.6729736,
      "y" : -4.2130175,
      "z" : 1.818956
    }, {
      "x" : -0.39014533,
      "y" : -0.42305046,
      "z" : 0.39006096
    }, {
      "x" : -0.49014533,
      "y" : -0.5230505,
      "z" : -0.009939032
    }, {
      "x" : -7.4396405,
      "y" : -4.5130177,
      "z" : 1.9522893
    }, {
      "x" : -7.5396404,
      "y" : -4.6130176,
      "z" : 1.5522894
    }, {
      "x" : -0.7234787,
      "y" : -0.22305048,
      "z" : -0.14327237
    }, {
      "x" : -0.62347865,
      "y" : -0.12305047,
      "z" : 0.25672764
    } ],
    "faces" : [ {
      "vertices" : [ 2, 3, 6, 7 ]
    }, {
      "vertices" : [ 0, 5, 4, 1 ]
    }, {
      "vertices" : [ 2, 4, 5, 3 ]
    }, {
      "vertices" : [ 0, 6, 3, 5 ]
    }, {
      "vertices" : [ 0, 1, 7, 6 ]
    }, {
      "vertices" : [ 1, 4, 2, 7 ]
    } ]
  }, {
    "id" : "ee3db9e4-bc9f-44f0-820b-1e9315b5b88f",
    "vertices" : [ {
      "x" : 0.0,
      "y" : 0.0,
      "z" : 0.0
    }, {
      "x" : -3.490712,
      "y" : 0.0,
      "z" : -9.138803
    }, {
      "x" : -5.236068,
      "y" : 8.472136,
      "z" : -13.708204
    }, {
      "x" : -1.809017,
      "y" : 8.163119,
      "z" : -4.736068
    } ],
    "faces" : [ {
      "vertices" : [ 0, 1, 2, 3 ]
    }, {
      "vertices" : [ 0, 3, 2, 1 ]
    } ]
  }, {
    "id" : "69c3880d-6a52-4748-83f5-c6ade9737f0e",
    "vertices" : [ {
      "x" : 0.0,
      "y" : 0.0,
      "z" : 0.0
    }, {
      "x" : -7.354102,
      "y" : 6.045085,
      "z" : 1.309017
    }, {
      "x" : 0.309017,
      "y" : 8.972136,
      "z" : -3.427051
    } ],
    "faces" : [ {
      "vertices" : [ 0, 1, 2 ]
    }, {
      "vertices" : [ 0, 2, 1 ]
    } ]
  }, {
    "id" : "258b20f2-cd11-40ac-9061-e88a330fd0bd",
    "vertices" : [ {
      "x" : 0.0,
      "y" : 0.0,
      "z" : 0.0
    }, {
      "x" : 1.745356,
      "y" : 8.472136,
      "z" : 4.5694013
    }, {
      "x" : 5.236068,
      "y" : 8.472136,
      "z" : 13.708204
    }, {
      "x" : 3.427051,
      "y" : 0.309017,
      "z" : 8.972136
    } ],
    "faces" : [ {
      "vertices" : [ 0, 1, 2, 3 ]
    }, {
      "vertices" : [ 0, 3, 2, 1 ]
    } ]
  }, {
    "id" : "f63753e5-461d-444a-90a2-beec51300c17",
    "vertices" : [ {
      "x" : 0.0,
      "y" : 0.0,
      "z" : 0.0
    }, {
      "x" : 1.745356,
      "y" : -8.472136,
      "z" : 4.5694013
    }, {
      "x" : 0.0,
      "y" : -16.944271,
      "z" : 0.0
    }, {
      "x" : -1.618034,
      "y" : -8.472136,
      "z" : -4.236068
    } ],
    "faces" : [ {
      "vertices" : [ 0, 1, 2, 3 ]
    }, {
      "vertices" : [ 0, 3, 2, 1 ]
    } ]
  }, {
    "id" : "cfc212b6-9d50-477c-9ec4-7a262fe786b6",
    "vertices" : [ {
      "x" : 0.0,
      "y" : 0.0,
      "z" : 0.0
    }, {
      "x" : 1.618034,
      "y" : 8.472136,
      "z" : 4.236068
    }, {
      "x" : 3.36339,
      "y" : 0.0,
      "z" : 8.8054695
    }, {
      "x" : 1.618034,
      "y" : -8.472136,
      "z" : 4.236068
    } ],
    "faces" : [ {
      "vertices" : [ 0, 1, 2, 3 ]
    }, {
      "vertices" : [ 0, 3, 2, 1 ]
    } ]
  }, {
    "id" : "c014e11d-7e92-4fa2-a4a0-294c58fd98e3",
    "vertices" : [ {
      "x" : 0.0,
      "y" : 0.0,
      "z" : 0.0
    }, {
      "x" : 3.490712,
      "y" : 0.0,
      "z" : 9.138803
    }, {
      "x" : 1.681695,
      "y" : -8.163119,
      "z" : 4.4027348
    }, {
      "x" : -1.745356,
      "y" : -8.472136,
      "z" : -4.5694013
    } ],
    "faces" : [ {
      "vertices" : [ 0, 1, 2, 3 ]
    }, {
      "vertices" : [ 0, 3, 2, 1 ]
    } ]
  }, {
    "id" : "f180f7ba-1390-4176-90dc-8fc17b5ee909",
    "vertices" : [ {
      "x" : 0.0,
      "y" : 0.0,
      "z" : 0.0
    }, {
      "x" : 2.927051,
      "y" : -4.736068,
      "z" : 7.663119
    }, {
      "x" : 7.663119,
      "y" : -12.399187,
      "z" : 4.736068
    }, {
      "x" : 7.663119,
      "y" : -12.399187,
      "z" : -4.736068
    }, {
      "x" : 2.927051,
      "y" : -4.736068,
      "z" : -7.663119
    } ],
    "faces" : [ {
      "vertices" : [ 0, 1, 2, 3, 4 ]
    }, {
      "vertices" : [ 0, 4, 3, 2, 1 ]
    } ]
  }, {
    "id" : "2e675ea3-7d26-4699-a860-992a0492942b",
    "vertices" : [ {
      "x" : 0.0,
      "y" : 0.0,
      "z" : 0.0
    }, {
      "x" : 0.0,
      "y" : 0.0,
      "z" : -9.472136
    }, {
      "x" : -4.736068,
      "y" : 7.663119,
      "z" : -12.399187
    }, {
      "x" : -7.663119,
      "y" : 12.399187,
      "z" : -4.736068
    }, {
      "x" : -4.736068,
      "y" : 7.663119,
      "z" : 2.927051
    } ],
    "faces" : [ {
      "vertices" : [ 0, 1, 2, 3, 4 ]
    }, {
      "vertices" : [ 0, 4, 3, 2, 1 ]
    } ]
  }, {
    "id" : "03698a95-68b7-4575-a2e5-ae392c8f425d",
    "vertices" : [ {
      "x" : 0.0,
      "y" : 0.0,
      "z" : 0.0
    }, {
      "x" : 7.663119,
      "y" : 2.927051,
      "z" : -4.736068
    }, {
      "x" : 7.354102,
      "y" : -6.045085,
      "z" : -1.309017
    } ],
    "faces" : [ {
      "vertices" : [ 0, 1, 2 ]
    }, {
      "vertices" : [ 0, 2, 1 ]
    } ]
  }, {
    "id" : "5ba75801-bf82-41a5-8f57-99cd00b4835c",
    "vertices" : [ {
      "x" : 0.0,
      "y" : 0.0,
      "z" : 0.0
    }, {
      "x" : -1.809017,
      "y" : -8.163119,
      "z" : -4.736068
    }, {
      "x" : -5.236068,
      "y" : -8.472136,
      "z" : -13.708204
    }, {
      "x" : -3.490712,
      "y" : 0.0,
      "z" : -9.138803
    } ],
    "faces" : [ {
      "vertices" : [ 0, 1, 2, 3 ]
    }, {
      "vertices" : [ 0, 3, 2, 1 ]
    } ]
  } ],
  "instances" : [ {
    "shape" : "4d5f5d31-6995-4fc2-b941-ab76bf1f1ed0",
    "color" : "#F2F2F2",
    "position" : {
      "x" : -27.416409,
      "y" : 0.0,
      "z" : 0.0
    }
  }, {
    "shape" : "7b5ea1bf-533c-4da3-a836-10c35bdb0b77",
    "color" : "#000000",
    "position" : {
      "x" : 14.786893,
      "y" : -14.786893,
      "z" : 14.786893
    },
    "orientation" : 22
  }, {
    "shape" : "4d5f5d31-6995-4fc2-b941-ab76bf1f1ed0",
    "color" : "#F2F2F2",
    "position" : {
      "x" : 14.786893,
      "y" : -14.786893,
      "z" : -14.786893
    }
  }, {
    "shape" : "4d5f5d31-6995-4fc2-b941-ab76bf1f1ed0",
    "color" : "#F2F2F2",
    "position" : {
      "x" : 22.18034,
      "y" : -8.472136,
      "z" : -13.708204
    }
  }, {
    "shape" : "7b5ea1bf-533c-4da3-a836-10c35bdb0b77",
    "color" : "#000000",
    "position" : {
      "x" : 14.786893,
      "y" : -14.786893,
      "z" : -14.786893
    },
    "orientation" : 9
  }, {
    "shape" : "ef962699-6004-4893-b456-c734e82a0f28",
    "color" : "#66FF66",
    "position" : {
      "x" : -7.663119,
      "y" : -20.871323,
      "z" : -15.826238
    },
    "orientation" : 16
  }, {
    "shape" : "4d5f5d31-6995-4fc2-b941-ab76bf1f1ed0",
    "color" : "#F2F2F2",
    "position" : {
      "x" : -17.944271,
      "y" : -20.562305,
      "z" : 0.0
    }
  }, {
    "shape" : "7b5ea1bf-533c-4da3-a836-10c35bdb0b77",
    "color" : "#000000",
    "position" : {
      "x" : 23.925695,
      "y" : 0.0,
      "z" : -9.138803
    },
    "orientation" : 58
  }, {
    "shape" : "f923ae6f-380c-40f3-9ed4-4d45460073c0",
    "color" : "#000000",
    "position" : {
      "x" : -22.18034,
      "y" : -8.472136,
      "z" : 13.708204
    },
    "orientation" : 50
  }, {
    "shape" : "ee3db9e4-bc9f-44f0-820b-1e9315b5b88f",
    "color" : "#FF6633",
    "position" : {
      "x" : -22.18034,
      "y" : 8.472136,
      "z" : 13.708204
    },
    "orientation" : 38
  }, {
    "shape" : "69c3880d-6a52-4748-83f5-c6ade9737f0e",
    "color" : "#FF6633",
    "position" : {
      "x" : -22.18034,
      "y" : 8.472136,
      "z" : 13.708204
    },
    "orientation" : 6
  }, {
    "shape" : "258b20f2-cd11-40ac-9061-e88a330fd0bd",
    "color" : "#FF6633",
    "position" : {
      "x" : -8.472136,
      "y" : -13.708204,
      "z" : 22.18034
    },
    "orientation" : 2
  }, {
    "shape" : "7b5ea1bf-533c-4da3-a836-10c35bdb0b77",
    "color" : "#000000",
    "position" : {
      "x" : 23.925695,
      "y" : 0.0,
      "z" : 9.138803
    },
    "orientation" : 17
  }, {
    "shape" : "7b5ea1bf-533c-4da3-a836-10c35bdb0b77",
    "color" : "#000000",
    "position" : {
      "x" : -14.786893,
      "y" : -14.786893,
      "z" : -14.786893
    },
    "orientation" : 37
  }, {
    "shape" : "7b5ea1bf-533c-4da3-a836-10c35bdb0b77",
    "color" : "#000000",
    "position" : {
      "x" : 0.0,
      "y" : -9.138803,
      "z" : 23.925695
    },
    "orientation" : 1
  }, {
    "shape" : "69c3880d-6a52-4748-83f5-c6ade9737f0e",
    "color" : "#0000FF",
    "position" : {
      "x" : 22.18034,
      "y" : 8.472136,
      "z" : 13.708204
    },
    "orientation" : 25
  }, {
    "shape" : "4d5f5d31-6995-4fc2-b941-ab76bf1f1ed0",
    "color" : "#F2F2F2",
    "position" : {
      "x" : 25.607391,
      "y" : -8.163119,
      "z" : -4.736068
    }
  }, {
    "shape" : "ee3db9e4-bc9f-44f0-820b-1e9315b5b88f",
    "color" : "#FF0000",
    "position" : {
      "x" : 0.0,
      "y" : 0.0,
      "z" : -27.416409
    },
    "orientation" : 17
  }, {
    "shape" : "258b20f2-cd11-40ac-9061-e88a330fd0bd",
    "color" : "#66FF66",
    "position" : {
      "x" : 8.472136,
      "y" : -13.708204,
      "z" : -22.18034
    },
    "orientation" : 24
  }, {
    "shape" : "f923ae6f-380c-40f3-9ed4-4d45460073c0",
    "color" : "#000000",
    "position" : {
      "x" : 22.18034,
      "y" : -8.472136,
      "z" : 13.708204
    },
    "orientation" : 7
  }, {
    "shape" : "f923ae6f-380c-40f3-9ed4-4d45460073c0",
    "color" : "#000000",
    "position" : {
      "x" : -13.708204,
      "y" : 22.18034,
      "z" : -8.472136
    },
    "orientation" : 42
  }, {
    "shape" : "f63753e5-461d-444a-90a2-beec51300c17",
    "color" : "#FF0000",
    "position" : {
      "x" : 22.18034,
      "y" : -8.472136,
      "z" : -13.708204
    },
    "orientation" : 24
  }, {
    "shape" : "69c3880d-6a52-4748-83f5-c6ade9737f0e",
    "color" : "#FF6666",
    "position" : {
      "x" : -13.708204,
      "y" : -22.18034,
      "z" : 8.472136
    },
    "orientation" : 26
  }, {
    "shape" : "69c3880d-6a52-4748-83f5-c6ade9737f0e",
    "color" : "#FFFF33",
    "position" : {
      "x" : 22.18034,
      "y" : 8.472136,
      "z" : -13.708204
    },
    "orientation" : 31
  }, {
    "shape" : "4d5f5d31-6995-4fc2-b941-ab76bf1f1ed0",
    "color" : "#F2F2F2",
    "position" : {
      "x" : -22.18034,
      "y" : -8.472136,
      "z" : 13.708204
    }
  }, {
    "shape" : "7b5ea1bf-533c-4da3-a836-10c35bdb0b77",
    "color" : "#000000",
    "position" : {
      "x" : 0.0,
      "y" : 0.0,
      "z" : -27.416409
    },
    "orientation" : 1
  }, {
    "shape" : "7b5ea1bf-533c-4da3-a836-10c35bdb0b77",
    "color" : "#000000",
    "position" : {
      "x" : -23.925695,
      "y" : 0.0,
      "z" : 9.138803
    },
    "orientation" : 47
  }, {
    "shape" : "f923ae6f-380c-40f3-9ed4-4d45460073c0",
    "color" : "#000000",
    "position" : {
      "x" : 8.472136,
      "y" : -13.708204,
      "z" : 22.18034
    },
    "orientation" : 36
  }, {
    "shape" : "7b5ea1bf-533c-4da3-a836-10c35bdb0b77",
    "color" : "#000000",
    "position" : {
      "x" : 0.0,
      "y" : 9.138803,
      "z" : 23.925695
    },
    "orientation" : 57
  }, {
    "shape" : "69c3880d-6a52-4748-83f5-c6ade9737f0e",
    "color" : "#66FF66",
    "position" : {
      "x" : 13.708204,
      "y" : -22.18034,
      "z" : -8.472136
    },
    "orientation" : 49
  }, {
    "shape" : "cfc212b6-9d50-477c-9ec4-7a262fe786b6",
    "color" : "#009999",
    "position" : {
      "x" : -15.826238,
      "y" : 7.663119,
      "z" : -20.871323
    },
    "orientation" : 54
  }, {
    "shape" : "f923ae6f-380c-40f3-9ed4-4d45460073c0",
    "color" : "#000000",
    "position" : {
      "x" : -27.416409,
      "y" : 0.0,
      "z" : 0.0
    },
    "orientation" : 16
  }, {
    "shape" : "4d5f5d31-6995-4fc2-b941-ab76bf1f1ed0",
    "color" : "#F2F2F2",
    "position" : {
      "x" : -13.708204,
      "y" : -22.18034,
      "z" : -8.472136
    }
  }, {
    "shape" : "7b5ea1bf-533c-4da3-a836-10c35bdb0b77",
    "color" : "#000000",
    "position" : {
      "x" : -14.786893,
      "y" : 14.786893,
      "z" : 14.786893
    },
    "orientation" : 36
  }, {
    "shape" : "4d5f5d31-6995-4fc2-b941-ab76bf1f1ed0",
    "color" : "#F2F2F2",
    "position" : {
      "x" : 14.786893,
      "y" : 14.786893,
      "z" : -14.786893
    }
  }, {
    "shape" : "4d5f5d31-6995-4fc2-b941-ab76bf1f1ed0",
    "color" : "#F2F2F2",
    "position" : {
      "x" : 0.0,
      "y" : -17.944271,
      "z" : 20.562305
    }
  }, {
    "shape" : "4d5f5d31-6995-4fc2-b941-ab76bf1f1ed0",
    "color" : "#F2F2F2",
    "position" : {
      "x" : 23.925695,
      "y" : 0.0,
      "z" : 9.138803
    }
  }, {
    "shape" : "4d5f5d31-6995-4fc2-b941-ab76bf1f1ed0",
    "color" : "#F2F2F2",
    "position" : {
      "x" : 0.0,
      "y" : 27.416409,
      "z" : 0.0
    }
  }, {
    "shape" : "f63753e5-461d-444a-90a2-beec51300c17",
    "color" : "#FFFF33",
    "position" : {
      "x" : 22.18034,
      "y" : 8.472136,
      "z" : 13.708204
    },
    "orientation" : 8
  }, {
    "shape" : "69c3880d-6a52-4748-83f5-c6ade9737f0e",
    "color" : "#FF6633",
    "position" : {
      "x" : -22.18034,
      "y" : -8.472136,
      "z" : 13.708204
    },
    "orientation" : 55
  }, {
    "shape" : "4d5f5d31-6995-4fc2-b941-ab76bf1f1ed0",
    "color" : "#F2F2F2",
    "position" : {
      "x" : -4.736068,
      "y" : -25.607391,
      "z" : -8.163119
    }
  }, {
    "shape" : "ee3db9e4-bc9f-44f0-820b-1e9315b5b88f",
    "color" : "#FFFF33",
    "position" : {
      "x" : 13.708204,
      "y" : 22.18034,
      "z" : 8.472136
    },
    "orientation" : 9
  }, {
    "shape" : "4d5f5d31-6995-4fc2-b941-ab76bf1f1ed0",
    "color" : "#F2F2F2",
    "position" : {
      "x" : 0.0,
      "y" : 9.138803,
      "z" : 23.925695
    }
  }, {
    "shape" : "69c3880d-6a52-4748-83f5-c6ade9737f0e",
    "color" : "#66FF66",
    "position" : {
      "x" : 0.0,
      "y" : -27.416409,
      "z" : 0.0
    },
    "orientation" : 12
  }, {
    "shape" : "69c3880d-6a52-4748-83f5-c6ade9737f0e",
    "color" : "#FFFFFF",
    "position" : {
      "x" : 0.0,
      "y" : -27.416409,
      "z" : 0.0
    },
    "orientation" : 57
  }, {
    "shape" : "7b5ea1bf-533c-4da3-a836-10c35bdb0b77",
    "color" : "#000000",
    "position" : {
      "x" : 0.0,
      "y" : 9.138803,
      "z" : 23.925695
    },
    "orientation" : 3
  }, {
    "shape" : "4d5f5d31-6995-4fc2-b941-ab76bf1f1ed0",
    "color" : "#F2F2F2",
    "position" : {
      "x" : -4.736068,
      "y" : 25.607391,
      "z" : -8.163119
    }
  }, {
    "shape" : "69c3880d-6a52-4748-83f5-c6ade9737f0e",
    "color" : "#9966FF",
    "position" : {
      "x" : 8.472136,
      "y" : 13.708204,
      "z" : 22.18034
    },
    "orientation" : 39
  }, {
    "shape" : "4d5f5d31-6995-4fc2-b941-ab76bf1f1ed0",
    "color" : "#F2F2F2",
    "position" : {
      "x" : -15.826238,
      "y" : 7.663119,
      "z" : 20.871323
    }
  }, {
    "shape" : "69c3880d-6a52-4748-83f5-c6ade9737f0e",
    "color" : "#66FF66",
    "position" : {
      "x" : -13.708204,
      "y" : -22.18034,
      "z" : -8.472136
    },
    "orientation" : 2
  }, {
    "shape" : "f923ae6f-380c-40f3-9ed4-4d45460073c0",
    "color" : "#000000",
    "position" : {
      "x" : 8.472136,
      "y" : -13.708204,
      "z" : 22.18034
    },
    "orientation" : 9
  }, {
    "shape" : "ee3db9e4-bc9f-44f0-820b-1e9315b5b88f",
    "color" : "#66FF66",
    "position" : {
      "x" : -8.472136,
      "y" : -13.708204,
      "z" : -22.18034
    },
    "orientation" : 22
  }, {
    "shape" : "4d5f5d31-6995-4fc2-b941-ab76bf1f1ed0",
    "color" : "#F2F2F2",
    "position" : {
      "x" : -20.562305,
      "y" : 0.0,
      "z" : 17.944271
    }
  }, {
    "shape" : "f923ae6f-380c-40f3-9ed4-4d45460073c0",
    "color" : "#000000",
    "position" : {
      "x" : 13.708204,
      "y" : 22.18034,
      "z" : -8.472136
    },
    "orientation" : 8
  }, {
    "shape" : "f63753e5-461d-444a-90a2-beec51300c17",
    "color" : "#00CC00",
    "position" : {
      "x" : 13.708204,
      "y" : 22.18034,
      "z" : -8.472136
    },
    "orientation" : 3
  }, {
    "shape" : "7b5ea1bf-533c-4da3-a836-10c35bdb0b77",
    "color" : "#000000",
    "position" : {
      "x" : -9.138803,
      "y" : -23.925695,
      "z" : 0.0
    },
    "orientation" : 15
  }, {
    "shape" : "f923ae6f-380c-40f3-9ed4-4d45460073c0",
    "color" : "#000000",
    "position" : {
      "x" : -8.472136,
      "y" : 13.708204,
      "z" : -22.18034
    },
    "orientation" : 19
  }, {
    "shape" : "4d5f5d31-6995-4fc2-b941-ab76bf1f1ed0",
    "color" : "#F2F2F2",
    "position" : {
      "x" : -14.786893,
      "y" : 14.786893,
      "z" : -14.786893
    }
  }, {
    "shape" : "69c3880d-6a52-4748-83f5-c6ade9737f0e",
    "color" : "#009999",
    "position" : {
      "x" : -22.18034,
      "y" : 8.472136,
      "z" : -13.708204
    },
    "orientation" : 40
  }, {
    "shape" : "4d5f5d31-6995-4fc2-b941-ab76bf1f1ed0",
    "color" : "#F2F2F2",
    "position" : {
      "x" : 17.944271,
      "y" : -20.562305,
      "z" : 0.0
    }
  }, {
    "shape" : "c014e11d-7e92-4fa2-a4a0-294c58fd98e3",
    "color" : "#009999",
    "position" : {
      "x" : 0.0,
      "y" : -9.138803,
      "z" : -23.925695
    },
    "orientation" : 22
  }, {
    "shape" : "4d5f5d31-6995-4fc2-b941-ab76bf1f1ed0",
    "color" : "#F2F2F2",
    "position" : {
      "x" : 7.663119,
      "y" : -20.871323,
      "z" : -15.826238
    }
  }, {
    "shape" : "f63753e5-461d-444a-90a2-beec51300c17",
    "color" : "#009999",
    "position" : {
      "x" : -8.472136,
      "y" : -13.708204,
      "z" : -22.18034
    },
    "orientation" : 19
  }, {
    "shape" : "4d5f5d31-6995-4fc2-b941-ab76bf1f1ed0",
    "color" : "#F2F2F2",
    "position" : {
      "x" : 22.18034,
      "y" : 8.472136,
      "z" : -13.708204
    }
  }, {
    "shape" : "4d5f5d31-6995-4fc2-b941-ab76bf1f1ed0",
    "color" : "#F2F2F2",
    "position" : {
      "x" : 8.163119,
      "y" : 4.736068,
      "z" : 25.607391
    }
  }, {
    "shape" : "f180f7ba-1390-4176-90dc-8fc17b5ee909",
    "color" : "#FFFF33",
    "position" : {
      "x" : 17.944271,
      "y" : 20.562305,
      "z" : 0.0
    },
    "orientation" : 0
  }, {
    "shape" : "7b5ea1bf-533c-4da3-a836-10c35bdb0b77",
    "color" : "#000000",
    "position" : {
      "x" : -23.925695,
      "y" : 0.0,
      "z" : 9.138803
    },
    "orientation" : 34
  }, {
    "shape" : "69c3880d-6a52-4748-83f5-c6ade9737f0e",
    "color" : "#66FF66",
    "position" : {
      "x" : -8.472136,
      "y" : -13.708204,
      "z" : -22.18034
    },
    "orientation" : 38
  }, {
    "shape" : "7b5ea1bf-533c-4da3-a836-10c35bdb0b77",
    "color" : "#000000",
    "position" : {
      "x" : -14.786893,
      "y" : -14.786893,
      "z" : 14.786893
    },
    "orientation" : 54
  }, {
    "shape" : "ee3db9e4-bc9f-44f0-820b-1e9315b5b88f",
    "color" : "#330066",
    "position" : {
      "x" : 13.708204,
      "y" : -22.18034,
      "z" : -8.472136
    },
    "orientation" : 24
  }, {
    "shape" : "f923ae6f-380c-40f3-9ed4-4d45460073c0",
    "color" : "#000000",
    "position" : {
      "x" : 13.708204,
      "y" : -22.18034,
      "z" : -8.472136
    },
    "orientation" : 33
  }, {
    "shape" : "7b5ea1bf-533c-4da3-a836-10c35bdb0b77",
    "color" : "#000000",
    "position" : {
      "x" : -9.138803,
      "y" : 23.925695,
      "z" : 0.0
    },
    "orientation" : 0
  }, {
    "shape" : "4d5f5d31-6995-4fc2-b941-ab76bf1f1ed0",
    "color" : "#F2F2F2",
    "position" : {
      "x" : 20.562305,
      "y" : 0.0,
      "z" : 17.944271
    }
  }, {
