{
  "polygons" : "true",
  "field" : "golden",
  "symmetry" : "icosahedral",
  "orientations" : [ [ 1.0, 0.0, 0.0, 0.0, 0.0, 1.0, 0.0, 0.0, 0.0, 0.0, 1.0, 0.0, 0.0, 0.0, 0.0, 1.0 ], [ 0.0, 0.0, 1.0, 0.0, 1.0, 0.0, 0.0, 0.0, 0.0, 1.0, 0.0, 0.0, 0.0, 0.0, 0.0, 1.0 ], [ 0.0, 1.0, 0.0, 0.0, 0.0, 0.0, 1.0, 0.0, 1.0, 0.0, 0.0, 0.0, 0.0, 0.0, 0.0, 1.0 ], [ 0.809017, 0.309017, 0.5, 0.0, 0.309017, 0.5, -0.809017, 0.0, -0.5, 0.809017, 0.309017, 0.0, 0.0, 0.0, 0.0, 1.0 ], [ -0.5, 0.809017, 0.309017, 0.0, 0.809017, 0.309017, 0.5, 0.0, 0.309017, 0.5, -0.809017, 0.0, 0.0, 0.0, 0.0, 1.0 ], [ 0.309017, 0.5, -0.809017, 0.0, -0.5, 0.809017, 0.309017, 0.0, 0.809017, 0.309017, 0.5, 0.0, 0.0, 0.0, 0.0, 1.0 ], [ 0.5, 0.809017, 0.309017, 0.0, 0.809017, -0.309017, -0.5, 0.0, -0.309017, 0.5, -0.809017, 0.0, 0.0, 0.0, 0.0, 1.0 ], [ -0.309017, 0.5, -0.809017, 0.0, 0.5, 0.809017, 0.309017, 0.0, 0.809017, -0.309017, -0.5, 0.0, 0.0, 0.0, 0.0, 1.0 ], [ 0.809017, -0.309017, -0.5, 0.0, -0.309017, 0.5, -0.809017, 0.0, 0.5, 0.809017, 0.309017, 0.0, 0.0, 0.0, 0.0, 1.0 ], [ 0.5, 0.809017, -0.309017, 0.0, 0.809017, -0.309017, 0.5, 0.0, 0.309017, -0.5, -0.809017, 0.0, 0.0, 0.0, 0.0, 1.0 ], [ 0.309017, -0.5, -0.809017, 0.0, 0.5, 0.809017, -0.309017, 0.0, 0.809017, -0.309017, 0.5, 0.0, 0.0, 0.0, 0.0, 1.0 ], [ 0.809017, -0.309017, 0.5, 0.0, 0.309017, -0.5, -0.809017, 0.0, 0.5, 0.809017, -0.309017, 0.0, 0.0, 0.0, 0.0, 1.0 ], [ 0.809017, 0.309017, -0.5, 0.0, 0.309017, 0.5, 0.809017, 0.0, 0.5, -0.809017, 0.309017, 0.0, 0.0, 0.0, 0.0, 1.0 ], [ 0.5, -0.809017, 0.309017, 0.0, 0.809017, 0.309017, -0.5, 0.0, 0.309017, 0.5, 0.809017, 0.0, 0.0, 0.0, 0.0, 1.0 ], [ 0.309017, 0.5, 0.809017, 0.0, 0.5, -0.809017, 0.309017, 0.0, 0.809017, 0.309017, -0.5, 0.0, 0.0, 0.0, 0.0, 1.0 ], [ 1.0, 0.0, 0.0, 0.0, 0.0, -1.0, 0.0, 0.0, 0.0, 0.0, -1.0, 0.0, 0.0, 0.0, 0.0, 1.0 ], [ 0.0, 0.0, 1.0, 0.0, -1.0, 0.0, 0.0, 0.0, 0.0, -1.0, 0.0, 0.0, 0.0, 0.0, 0.0, 1.0 ], [ 0.0, 1.0, 0.0, 0.0, 0.0, 0.0, -1.0, 0.0, -1.0, 0.0, 0.0, 0.0, 0.0, 0.0, 0.0, 1.0 ], [ 0.809017, 0.309017, 0.5, 0.0, -0.309017, -0.5, 0.809017, 0.0, 0.5, -0.809017, -0.309017, 0.0, 0.0, 0.0, 0.0, 1.0 ], [ -0.5, 0.809017, 0.309017, 0.0, -0.809017, -0.309017, -0.5, 0.0, -0.309017, -0.5, 0.809017, 0.0, 0.0, 0.0, 0.0, 1.0 ], [ 0.309017, 0.5, -0.809017, 0.0, 0.5, -0.809017, -0.309017, 0.0, -0.809017, -0.309017, -0.5, 0.0, 0.0, 0.0, 0.0, 1.0 ], [ 0.5, 0.809017, 0.309017, 0.0, -0.809017, 0.309017, 0.5, 0.0, 0.309017, -0.5, 0.809017, 0.0, 0.0, 0.0, 0.0, 1.0 ], [ -0.309017, 0.5, -0.809017, 0.0, -0.5, -0.809017, -0.309017, 0.0, -0.809017, 0.309017, 0.5, 0.0, 0.0, 0.0, 0.0, 1.0 ], [ 0.809017, -0.309017, -0.5, 0.0, 0.309017, -0.5, 0.809017, 0.0, -0.5, -0.809017, -0.309017, 0.0, 0.0, 0.0, 0.0, 1.0 ], [ 0.5, 0.809017, -0.309017, 0.0, -0.809017, 0.309017, -0.5, 0.0, -0.309017, 0.5, 0.809017, 0.0, 0.0, 0.0, 0.0, 1.0 ], [ 0.309017, -0.5, -0.809017, 0.0, -0.5, -0.809017, 0.309017, 0.0, -0.809017, 0.309017, -0.5, 0.0, 0.0, 0.0, 0.0, 1.0 ], [ 0.809017, -0.309017, 0.5, 0.0, -0.309017, 0.5, 0.809017, 0.0, -0.5, -0.809017, 0.309017, 0.0, 0.0, 0.0, 0.0, 1.0 ], [ 0.809017, 0.309017, -0.5, 0.0, -0.309017, -0.5, -0.809017, 0.0, -0.5, 0.809017, -0.309017, 0.0, 0.0, 0.0, 0.0, 1.0 ], [ 0.5, -0.809017, 0.309017, 0.0, -0.809017, -0.309017, 0.5, 0.0, -0.309017, -0.5, -0.809017, 0.0, 0.0, 0.0, 0.0, 1.0 ], [ 0.309017, 0.5, 0.809017, 0.0, -0.5, 0.809017, -0.309017, 0.0, -0.809017, -0.309017, 0.5, 0.0, 0.0, 0.0, 0.0, 1.0 ], [ -1.0, 0.0, 0.0, 0.0, 0.0, -1.0, 0.0, 0.0, 0.0, 0.0, 1.0, 0.0, 0.0, 0.0, 0.0, 1.0 ], [ 0.0, 0.0, -1.0, 0.0, -1.0, 0.0, 0.0, 0.0, 0.0, 1.0, 0.0, 0.0, 0.0, 0.0, 0.0, 1.0 ], [ 0.0, -1.0, 0.0, 0.0, 0.0, 0.0, -1.0, 0.0, 1.0, 0.0, 0.0, 0.0, 0.0, 0.0, 0.0, 1.0 ], [ -0.809017, -0.309017, -0.5, 0.0, -0.309017, -0.5, 0.809017, 0.0, -0.5, 0.809017, 0.309017, 0.0, 0.0, 0.0, 0.0, 1.0 ], [ 0.5, -0.809017, -0.309017, 0.0, -0.809017, -0.309017, -0.5, 0.0, 0.309017, 0.5, -0.809017, 0.0, 0.0, 0.0, 0.0, 1.0 ], [ -0.309017, -0.5, 0.809017, 0.0, 0.5, -0.809017, -0.309017, 0.0, 0.809017, 0.309017, 0.5, 0.0, 0.0, 0.0, 0.0, 1.0 ], [ -0.5, -0.809017, -0.309017, 0.0, -0.809017, 0.309017, 0.5, 0.0, -0.309017, 0.5, -0.809017, 0.0, 0.0, 0.0, 0.0, 1.0 ], [ 0.309017, -0.5, 0.809017, 0.0, -0.5, -0.809017, -0.309017, 0.0, 0.809017, -0.309017, -0.5, 0.0, 0.0, 0.0, 0.0, 1.0 ], [ -0.809017, 0.309017, 0.5, 0.0, 0.309017, -0.5, 0.809017, 0.0, 0.5, 0.809017, 0.309017, 0.0, 0.0, 0.0, 0.0, 1.0 ], [ -0.5, -0.809017, 0.309017, 0.0, -0.809017, 0.309017, -0.5, 0.0, 0.309017, -0.5, -0.809017, 0.0, 0.0, 0.0, 0.0, 1.0 ], [ -0.309017, 0.5, 0.809017, 0.0, -0.5, -0.809017, 0.309017, 0.0, 0.809017, -0.309017, 0.5, 0.0, 0.0, 0.0, 0.0, 1.0 ], [ -0.809017, 0.309017, -0.5, 0.0, -0.309017, 0.5, 0.809017, 0.0, 0.5, 0.809017, -0.309017, 0.0, 0.0, 0.0, 0.0, 1.0 ], [ -0.809017, -0.309017, 0.5, 0.0, -0.309017, -0.5, -0.809017, 0.0, 0.5, -0.809017, 0.309017, 0.0, 0.0, 0.0, 0.0, 1.0 ], [ -0.5, 0.809017, -0.309017, 0.0, -0.809017, -0.309017, 0.5, 0.0, 0.309017, 0.5, 0.809017, 0.0, 0.0, 0.0, 0.0, 1.0 ], [ -0.309017, -0.5, -0.809017, 0.0, -0.5, 0.809017, -0.309017, 0.0, 0.809017, 0.309017, -0.5, 0.0, 0.0, 0.0, 0.0, 1.0 ], [ -1.0, 0.0, 0.0, 0.0, 0.0, 1.0, 0.0, 0.0, 0.0, 0.0, -1.0, 0.0, 0.0, 0.0, 0.0, 1.0 ], [ 0.0, 0.0, -1.0, 0.0, 1.0, 0.0, 0.0, 0.0, 0.0, -1.0, 0.0, 0.0, 0.0, 0.0, 0.0, 1.0 ], [ 0.0, -1.0, 0.0, 0.0, 0.0, 0.0, 1.0, 0.0, -1.0, 0.0, 0.0, 0.0, 0.0, 0.0, 0.0, 1.0 ], [ -0.809017, -0.309017, -0.5, 0.0, 0.309017, 0.5, -0.809017, 0.0, 0.5, -0.809017, -0.309017, 0.0, 0.0, 0.0, 0.0, 1.0 ], [ 0.5, -0.809017, -0.309017, 0.0, 0.809017, 0.309017, 0.5, 0.0, -0.309017, -0.5, 0.809017, 0.0, 0.0, 0.0, 0.0, 1.0 ], [ -0.309017, -0.5, 0.809017, 0.0, -0.5, 0.809017, 0.309017, 0.0, -0.809017, -0.309017, -0.5, 0.0, 0.0, 0.0, 0.0, 1.0 ], [ -0.5, -0.809017, -0.309017, 0.0, 0.809017, -0.309017, -0.5, 0.0, 0.309017, -0.5, 0.809017, 0.0, 0.0, 0.0, 0.0, 1.0 ], [ 0.309017, -0.5, 0.809017, 0.0, 0.5, 0.809017, 0.309017, 0.0, -0.809017, 0.309017, 0.5, 0.0, 0.0, 0.0, 0.0, 1.0 ], [ -0.809017, 0.309017, 0.5, 0.0, -0.309017, 0.5, -0.809017, 0.0, -0.5, -0.809017, -0.309017, 0.0, 0.0, 0.0, 0.0, 1.0 ], [ -0.5, -0.809017, 0.309017, 0.0, 0.809017, -0.309017, 0.5, 0.0, -0.309017, 0.5, 0.809017, 0.0, 0.0, 0.0, 0.0, 1.0 ], [ -0.309017, 0.5, 0.809017, 0.0, 0.5, 0.809017, -0.309017, 0.0, -0.809017, 0.309017, -0.5, 0.0, 0.0, 0.0, 0.0, 1.0 ], [ -0.809017, 0.309017, -0.5, 0.0, 0.309017, -0.5, -0.809017, 0.0, -0.5, -0.809017, 0.309017, 0.0, 0.0, 0.0, 0.0, 1.0 ], [ -0.809017, -0.309017, 0.5, 0.0, 0.309017, 0.5, 0.809017, 0.0, -0.5, 0.809017, -0.309017, 0.0, 0.0, 0.0, 0.0, 1.0 ], [ -0.5, 0.809017, -0.309017, 0.0, 0.809017, 0.309017, -0.5, 0.0, -0.309017, -0.5, -0.809017, 0.0, 0.0, 0.0, 0.0, 1.0 ], [ -0.309017, -0.5, -0.809017, 0.0, 0.5, -0.809017, 0.309017, 0.0, -0.809017, -0.309017, 0.5, 0.0, 0.0, 0.0, 0.0, 1.0 ] ],
  "lights" : {
    "directionalLights" : [ {
      "direction" : [ 1.0, -1.0, -1.0 ],
      "color" : "#EBEBE4"
    }, {
      "direction" : [ -1.0, 0.0, 0.0 ],
      "color" : "#E4E4EB"
    }, {
      "direction" : [ 0.0, 0.0, -1.0 ],
      "color" : "#1E1E1E"
    } ],
    "ambientColor" : "#292929",
    "backgroundColor" : "#AFC8DC"
  },
  "camera" : {
    "position" : {
      "x" : -34.82622,
      "y" : -13.302433,
      "z" : 48.12865
    },
    "width" : 27.395376,
    "nearClipDistance" : 0.15219639,
    "fieldOfView" : 0.44262996,
    "upDirectionRV" : {
      "x" : -0.5773503,
      "y" : -0.5773503,
      "z" : -0.5773503,
      "zero" : false
    },
    "lookAtPointRV" : {
      "x" : 0.0,
      "y" : 0.0,
      "z" : 0.0,
      "zero" : true
    },
    "lookDirectionRV" : {
      "x" : 0.5720614,
      "y" : 0.21850802,
      "z" : -0.7905694,
      "zero" : false
    },
    "viewDistance" : 60.878464,
    "perspective" : false,
    "lookAtPoint" : {
      "x" : 0.0,
      "y" : 0.0,
      "z" : 0.0
    },
    "lookDirection" : {
      "x" : 0.5720614,
      "y" : 0.21850802,
      "z" : -0.7905694
    },
    "farClipDistance" : 121.75667,
    "upDirection" : {
      "x" : -0.5773503,
      "y" : -0.5773503,
      "z" : -0.5773503
    },
    "stereo" : false
  },
  "embedding" : [ 1.0, 0.0, 0.0, 0.0, 0.0, 1.0, 0.0, 0.0, 0.0, 0.0, 1.0, 0.0, 0.0, 0.0, 0.0, 1.0 ],
  "shapes" : [ {
    "id" : "c8e2a45e-fbac-468d-a910-c9d4f3446642",
    "orbit" : "32",
    "orbitC" : "[[697149921,-1360630502,1594200591],[618931637,1528552011,-618931637]]",
    "length" : "[-1,1,1]",
    "name" : "shorter",
    "vertices" : [ {
      "x" : 3.2176645,
      "y" : -2.0814419,
      "z" : -1.750179
    }, {
      "x" : 3.3176644,
      "y" : -1.6814418,
      "z" : -1.8501791
    }, {
      "x" : 0.4275737,
      "y" : -0.17223142,
      "z" : -0.50588953
    }, {
      "x" : 0.32757372,
      "y" : -0.5722314,
      "z" : -0.40588954
    }, {
      "x" : 3.084331,
      "y" : -1.8147751,
      "z" : -2.1501791
    }, {
      "x" : 2.9843311,
      "y" : -2.214775,
      "z" : -2.050179
    }, {
      "x" : 0.56090707,
      "y" : -0.4388981,
      "z" : -0.10588954
    }, {
      "x" : 0.66090703,
      "y" : -0.03889809,
      "z" : -0.20588954
    } ],
    "faces" : [ {
      "vertices" : [ 2, 3, 6, 7 ]
    }, {
      "vertices" : [ 0, 5, 4, 1 ]
    }, {
      "vertices" : [ 2, 4, 5, 3 ]
    }, {
      "vertices" : [ 0, 6, 3, 5 ]
    }, {
      "vertices" : [ 0, 1, 7, 6 ]
    }, {
      "vertices" : [ 1, 4, 2, 7 ]
    } ]
  }, {
    "id" : "7595ee0e-29de-4df9-bc4e-3bc0b1227b74",
    "name" : "ball",
    "vertices" : [ {
      "x" : -0.309017,
      "y" : -0.19098301,
      "z" : 0.0
    }, {
      "x" : -0.309017,
      "y" : 0.19098301,
      "z" : 0.0
    }, {
      "x" : -0.19098301,
      "y" : 0.0,
      "z" : -0.309017
    }, {
      "x" : -0.19098301,
      "y" : 0.0,
      "z" : 0.309017
    }, {
      "x" : 0.0,
      "y" : -0.309017,
      "z" : -0.19098301
    }, {
      "x" : 0.0,
      "y" : -0.309017,
      "z" : 0.19098301
    }, {
      "x" : 0.0,
      "y" : 0.309017,
      "z" : -0.19098301
    }, {
      "x" : 0.0,
      "y" : 0.309017,
      "z" : 0.19098301
    }, {
      "x" : 0.19098301,
      "y" : 0.0,
      "z" : -0.309017
    }, {
      "x" : 0.19098301,
      "y" : 0.0,
      "z" : 0.309017
    }, {
      "x" : 0.309017,
      "y" : -0.19098301,
      "z" : 0.0
    }, {
      "x" : 0.309017,
      "y" : 0.19098301,
      "z" : 0.0
    } ],
    "faces" : [ {
      "vertices" : [ 0, 1, 2 ]
    }, {
      "vertices" : [ 0, 3, 1 ]
    }, {
      "vertices" : [ 0, 2, 4 ]
    }, {
      "vertices" : [ 0, 5, 3 ]
    }, {
      "vertices" : [ 0, 4, 5 ]
    }, {
      "vertices" : [ 1, 6, 2 ]
    }, {
      "vertices" : [ 1, 3, 7 ]
    }, {
      "vertices" : [ 1, 7, 6 ]
    }, {
      "vertices" : [ 2, 8, 4 ]
    }, {
      "vertices" : [ 2, 6, 8 ]
    }, {
      "vertices" : [ 3, 5, 9 ]
    }, {
      "vertices" : [ 3, 9, 7 ]
    }, {
      "vertices" : [ 4, 10, 5 ]
    }, {
      "vertices" : [ 4, 8, 10 ]
    }, {
      "vertices" : [ 5, 10, 9 ]
    }, {
      "vertices" : [ 6, 7, 11 ]
    }, {
      "vertices" : [ 6, 11, 8 ]
    }, {
      "vertices" : [ 7, 9, 11 ]
    }, {
      "vertices" : [ 8, 11, 10 ]
    }, {
      "vertices" : [ 9, 10, 11 ]
    } ]
  }, {
    "id" : "4bf4af8b-408a-401d-adc9-a0f777301391",
    "orbit" : "33",
    "orbitC" : "[[-376434484,565493375,163882643],[565493375,189058891,163882643]]",
    "length" : "[2,-1,1]",
    "name" : " :2 -phi",
    "vertices" : [ {
      "x" : 0.26563907,
      "y" : -0.09833731,
      "z" : 1.6172649
    }, {
      "x" : -0.13436092,
      "y" : -0.19833732,
      "z" : 1.5172648
    }, {
      "x" : -0.26723284,
      "y" : 0.10091608,
      "z" : 0.6325572
    }, {
      "x" : 0.13276717,
      "y" : 0.20091608,
      "z" : 0.73255724
    }, {
      "x" : -0.26769426,
      "y" : 0.10166269,
      "z" : 1.2839315
    }, {
      "x" : 0.13230574,
      "y" : 0.20166269,
      "z" : 1.3839315
    }, {
      "x" : 0.2661005,
      "y" : -0.09908392,
      "z" : 0.9658905
    }, {
      "x" : -0.1338995,
      "y" : -0.19908392,
      "z" : 0.86589056
    } ],
    "faces" : [ {
      "vertices" : [ 2, 3, 6, 7 ]
    }, {
      "vertices" : [ 0, 5, 4, 1 ]
    }, {
      "vertices" : [ 2, 4, 5, 3 ]
    }, {
      "vertices" : [ 0, 6, 3, 5 ]
    }, {
      "vertices" : [ 0, 1, 7, 6 ]
    }, {
      "vertices" : [ 1, 4, 2, 7 ]
    } ]
  }, {
    "id" : "317cfc69-7c41-41ee-a4fb-f30194f76cb4",
    "orbit" : "30",
    "orbitC" : "[[-2147483648,618931637,-618931637],[-1786782082,-977564391,-618931637]]",
    "length" : "[0,1,1]",
    "name" : "medium",
    "vertices" : [ {
      "x" : 6.82261,
      "y" : 3.176999,
      "z" : -3.5074973
    }, {
      "x" : 6.92261,
      "y" : 3.276999,
      "z" : -3.1074972
    }, {
      "x" : 0.46677756,
      "y" : 0.46664533,
      "z" : -0.13308813
    }, {
      "x" : 0.36677754,
      "y" : 0.36664534,
      "z" : -0.53308815
    }, {
      "x" : 6.689276,
      "y" : 3.576999,
      "z" : -3.2408307
    }, {
      "x" : 6.5892763,
      "y" : 3.476999,
      "z" : -3.6408305
    }, {
      "x" : 0.6001109,
      "y" : 0.066645324,
      "z" : -0.3997548
    }, {
      "x" : 0.7001109,
      "y" : 0.16664532,
      "z" : 2.4520207E-4
    } ],
    "faces" : [ {
      "vertices" : [ 2, 3, 6, 7 ]
    }, {
      "vertices" : [ 0, 5, 4, 1 ]
    }, {
      "vertices" : [ 2, 4, 5, 3 ]
    }, {
      "vertices" : [ 0, 6, 3, 5 ]
    }, {
      "vertices" : [ 0, 1, 7, 6 ]
    }, {
      "vertices" : [ 1, 4, 2, 7 ]
    } ]
  }, {
    "id" : "56b00cf0-ebc4-405d-a3f0-835e11d2541f",
    "orbit" : "29",
    "orbitC" : "[[1072963730,2127461925,-339989375],[339989375,-339989375,-339989375]]",
    "length" : "[-1,1,1]",
    "name" : "shorter",
    "vertices" : [ {
      "x" : -0.13486674,
      "y" : -2.942057,
      "z" : 3.2130075
    }, {
      "x" : 0.26513326,
      "y" : -3.042057,
      "z" : 3.3130074
    }, {
      "x" : 0.13308956,
      "y" : -0.69951344,
      "z" : 0.43352777
    }, {
      "x" : -0.26691043,
      "y" : -0.5995134,
      "z" : 0.33352777
    }, {
      "x" : 0.13179992,
      "y" : -3.342057,
      "z" : 3.079674
    }, {
      "x" : -0.26820007,
      "y" : -3.242057,
      "z" : 2.979674
    }, {
      "x" : -0.13357711,
      "y" : -0.29951343,
      "z" : 0.5668611
    }, {
      "x" : 0.2664229,
      "y" : -0.39951342,
      "z" : 0.6668611
    } ],
    "faces" : [ {
      "vertices" : [ 2, 3, 6, 7 ]
    }, {
      "vertices" : [ 0, 5, 4, 1 ]
    }, {
      "vertices" : [ 2, 4, 5, 3 ]
    }, {
      "vertices" : [ 0, 6, 3, 5 ]
    }, {
      "vertices" : [ 0, 1, 7, 6 ]
    }, {
      "vertices" : [ 1, 4, 2, 7 ]
    } ]
  }, {
    "id" : "141685e9-520d-4f86-91ca-4b24d2c3c5f9",
    "vertices" : [ {
      "x" : 0.0,
      "y" : 0.0,
      "z" : 0.0
    }, {
      "x" : -0.0017771861,
      "y" : -3.6415703,
      "z" : 3.6465352
    }, {
      "x" : 7.28761,
      "y" : 0.0020739683,
      "z" : 0.005949716
    }, {
      "x" : -3.6436443,
      "y" : 2.2510946,
      "z" : 0.006246499
    }, {
      "x" : 0.0015937644,
      "y" : -0.0025787659,
      "z" : -2.2498221
    } ],
    "faces" : [ {
      "vertices" : [ 0, 1, 2, 3, 4 ]
    }, {
      "vertices" : [ 0, 4, 3, 2, 1 ]
    } ]
  }, {
    "id" : "b16845b8-05e6-4b5b-b061-c48b03bd5b52",
    "orbit" : "31",
    "orbitC" : "[[0,-1845375515,-1845375515],[1362242777,2096892937,-1845375515]]",
    "length" : "[0,1,1]",
    "name" : "medium",
    "vertices" : [ {
      "x" : -10.285833,
      "y" : 1.9025139,
      "z" : 0.13361079
    }, {
      "x" : -10.385833,
      "y" : 2.002514,
      "z" : -0.26638922
    }, {
      "x" : -0.6454216,
      "y" : 0.34650663,
      "z" : -0.133314
    }, {
      "x" : -0.5454216,
      "y" : 0.24650662,
      "z" : 0.266686
    }, {
      "x" : -10.152499,
      "y" : 2.3025138,
      "z" : -0.13305588
    }, {
      "x" : -10.0525,
      "y" : 2.202514,
      "z" : 0.2669441
    }, {
      "x" : -0.77875495,
      "y" : -0.053493377,
      "z" : 0.13335267
    }, {
      "x" : -0.878755,
      "y" : 0.046506625,
      "z" : -0.26664734
    } ],
    "faces" : [ {
      "vertices" : [ 2, 3, 6, 7 ]
    }, {
      "vertices" : [ 0, 5, 4, 1 ]
    }, {
      "vertices" : [ 2, 4, 5, 3 ]
    }, {
      "vertices" : [ 0, 6, 3, 5 ]
    }, {
      "vertices" : [ 0, 1, 7, 6 ]
    }, {
      "vertices" : [ 1, 4, 2, 7 ]
    } ]
  } ],
  "instances" : [ {
    "shape" : "c8e2a45e-fbac-468d-a910-c9d4f3446642",
    "color" : "#FFFFFF",
    "position" : {
      "x" : -3.638538,
      "y" : 2.2539537,
      "z" : 0.0028755474
    },
    "orientation" : 0
  }, {
    "shape" : "7595ee0e-29de-4df9-bc4e-3bc0b1227b74",
    "color" : "#F2F2F2",
    "position" : {
      "x" : 0.005106524,
      "y" : 0.0028592236,
      "z" : -0.003370951
    }
  }, {
    "shape" : "7595ee0e-29de-4df9-bc4e-3bc0b1227b74",
    "color" : "#F2F2F2",
    "position" : {
      "x" : -3.638538,
      "y" : 2.2539537,
      "z" : 0.0028755474
    }
  }, {
    "shape" : "7595ee0e-29de-4df9-bc4e-3bc0b1227b74",
    "color" : "#F2F2F2",
    "position" : {
      "x" : 0.0067002894,
      "y" : 2.8045778E-4,
      "z" : -2.2531931
    }
  }, {
    "shape" : "4bf4af8b-408a-401d-adc9-a0f777301391",
    "color" : "#FFFFFF",
    "position" : {
      "x" : 0.0067002894,
      "y" : 2.8045778E-4,
      "z" : -2.2531931
    },
    "orientation" : 0
  }, {
    "shape" : "7595ee0e-29de-4df9-bc4e-3bc0b1227b74",
    "color" : "#F2F2F2",
    "position" : {
      "x" : 0.003329338,
      "y" : -3.6387112,
      "z" : 3.6431642
    }
  }, {
    "shape" : "317cfc69-7c41-41ee-a4fb-f30194f76cb4",
    "color" : "#FFFFFF",
    "position" : {
      "x" : 0.003329338,
      "y" : -3.6387112,
      "z" : 3.6431642
    },
    "orientation" : 0
  }, {
    "shape" : "56b00cf0-ebc4-405d-a3f0-835e11d2541f",
    "color" : "#FFFFFF",
    "position" : {
      "x" : 0.005106524,
      "y" : 0.0028592236,
      "z" : -0.003370951
    },
    "orientation" : 0
  }, {
    "shape" : "141685e9-520d-4f86-91ca-4b24d2c3c5f9",
    "color" : "#EC888B",
    "position" : {
      "x" : 0.005106524,
      "y" : 0.0028592236,
      "z" : -0.003370951
    },
    "orientation" : 0
  }, {
    "shape" : "b16845b8-05e6-4b5b-b061-c48b03bd5b52",
    "color" : "#FFFFFF",
    "position" : {
      "x" : 7.2927165,
      "y" : 0.004933192,
      "z" : 0.0025787659
    },
    "orientation" : 0
  }, {
    "shape" : "7595ee0e-29de-4df9-bc4e-3bc0b1227b74",
    "color" : "#F2F2F2",
    "position" : {
      "x" : 7.2927165,
      "y" : 0.004933192,
      "z" : 0.0025787659
    }
  }, {
    "shape" : "7595ee0e-29de-4df9-bc4e-3bc0b1227b74",
    "color" : "#F2F2F2",
    "position" : {
      "x" : 0.0,
      "y" : 0.0,
      "z" : 0.0
    }
  } ],
  "scenes" : [ ],
  "snapshots" : [ [ ], [ ], [ ], [ ], [ ], [ ], [ ], [ ] ]
}