{
  "polygons" : "true",
  "field" : "golden",
  "symmetry" : "icosahedral",
  "orientations" : [ [ 1.0, 0.0, 0.0, 0.0, 0.0, 1.0, 0.0, 0.0, 0.0, 0.0, 1.0, 0.0, 0.0, 0.0, 0.0, 1.0 ], [ 0.0, 0.0, 1.0, 0.0, 1.0, 0.0, 0.0, 0.0, 0.0, 1.0, 0.0, 0.0, 0.0, 0.0, 0.0, 1.0 ], [ 0.0, 1.0, 0.0, 0.0, 0.0, 0.0, 1.0, 0.0, 1.0, 0.0, 0.0, 0.0, 0.0, 0.0, 0.0, 1.0 ], [ 0.809017, 0.309017, 0.5, 0.0, 0.309017, 0.5, -0.809017, 0.0, -0.5, 0.809017, 0.309017, 0.0, 0.0, 0.0, 0.0, 1.0 ], [ -0.5, 0.809017, 0.309017, 0.0, 0.809017, 0.309017, 0.5, 0.0, 0.309017, 0.5, -0.809017, 0.0, 0.0, 0.0, 0.0, 1.0 ], [ 0.309017, 0.5, -0.809017, 0.0, -0.5, 0.809017, 0.309017, 0.0, 0.809017, 0.309017, 0.5, 0.0, 0.0, 0.0, 0.0, 1.0 ], [ 0.5, 0.809017, 0.309017, 0.0, 0.809017, -0.309017, -0.5, 0.0, -0.309017, 0.5, -0.809017, 0.0, 0.0, 0.0, 0.0, 1.0 ], [ -0.309017, 0.5, -0.809017, 0.0, 0.5, 0.809017, 0.309017, 0.0, 0.809017, -0.309017, -0.5, 0.0, 0.0, 0.0, 0.0, 1.0 ], [ 0.809017, -0.309017, -0.5, 0.0, -0.309017, 0.5, -0.809017, 0.0, 0.5, 0.809017, 0.309017, 0.0, 0.0, 0.0, 0.0, 1.0 ], [ 0.5, 0.809017, -0.309017, 0.0, 0.809017, -0.309017, 0.5, 0.0, 0.309017, -0.5, -0.809017, 0.0, 0.0, 0.0, 0.0, 1.0 ], [ 0.309017, -0.5, -0.809017, 0.0, 0.5, 0.809017, -0.309017, 0.0, 0.809017, -0.309017, 0.5, 0.0, 0.0, 0.0, 0.0, 1.0 ], [ 0.809017, -0.309017, 0.5, 0.0, 0.309017, -0.5, -0.809017, 0.0, 0.5, 0.809017, -0.309017, 0.0, 0.0, 0.0, 0.0, 1.0 ], [ 0.809017, 0.309017, -0.5, 0.0, 0.309017, 0.5, 0.809017, 0.0, 0.5, -0.809017, 0.309017, 0.0, 0.0, 0.0, 0.0, 1.0 ], [ 0.5, -0.809017, 0.309017, 0.0, 0.809017, 0.309017, -0.5, 0.0, 0.309017, 0.5, 0.809017, 0.0, 0.0, 0.0, 0.0, 1.0 ], [ 0.309017, 0.5, 0.809017, 0.0, 0.5, -0.809017, 0.309017, 0.0, 0.809017, 0.309017, -0.5, 0.0, 0.0, 0.0, 0.0, 1.0 ], [ 1.0, 0.0, 0.0, 0.0, 0.0, -1.0, 0.0, 0.0, 0.0, 0.0, -1.0, 0.0, 0.0, 0.0, 0.0, 1.0 ], [ 0.0, 0.0, 1.0, 0.0, -1.0, 0.0, 0.0, 0.0, 0.0, -1.0, 0.0, 0.0, 0.0, 0.0, 0.0, 1.0 ], [ 0.0, 1.0, 0.0, 0.0, 0.0, 0.0, -1.0, 0.0, -1.0, 0.0, 0.0, 0.0, 0.0, 0.0, 0.0, 1.0 ], [ 0.809017, 0.309017, 0.5, 0.0, -0.309017, -0.5, 0.809017, 0.0, 0.5, -0.809017, -0.309017, 0.0, 0.0, 0.0, 0.0, 1.0 ], [ -0.5, 0.809017, 0.309017, 0.0, -0.809017, -0.309017, -0.5, 0.0, -0.309017, -0.5, 0.809017, 0.0, 0.0, 0.0, 0.0, 1.0 ], [ 0.309017, 0.5, -0.809017, 0.0, 0.5, -0.809017, -0.309017, 0.0, -0.809017, -0.309017, -0.5, 0.0, 0.0, 0.0, 0.0, 1.0 ], [ 0.5, 0.809017, 0.309017, 0.0, -0.809017, 0.309017, 0.5, 0.0, 0.309017, -0.5, 0.809017, 0.0, 0.0, 0.0, 0.0, 1.0 ], [ -0.309017, 0.5, -0.809017, 0.0, -0.5, -0.809017, -0.309017, 0.0, -0.809017, 0.309017, 0.5, 0.0, 0.0, 0.0, 0.0, 1.0 ], [ 0.809017, -0.309017, -0.5, 0.0, 0.309017, -0.5, 0.809017, 0.0, -0.5, -0.809017, -0.309017, 0.0, 0.0, 0.0, 0.0, 1.0 ], [ 0.5, 0.809017, -0.309017, 0.0, -0.809017, 0.309017, -0.5, 0.0, -0.309017, 0.5, 0.809017, 0.0, 0.0, 0.0, 0.0, 1.0 ], [ 0.309017, -0.5, -0.809017, 0.0, -0.5, -0.809017, 0.309017, 0.0, -0.809017, 0.309017, -0.5, 0.0, 0.0, 0.0, 0.0, 1.0 ], [ 0.809017, -0.309017, 0.5, 0.0, -0.309017, 0.5, 0.809017, 0.0, -0.5, -0.809017, 0.309017, 0.0, 0.0, 0.0, 0.0, 1.0 ], [ 0.809017, 0.309017, -0.5, 0.0, -0.309017, -0.5, -0.809017, 0.0, -0.5, 0.809017, -0.309017, 0.0, 0.0, 0.0, 0.0, 1.0 ], [ 0.5, -0.809017, 0.309017, 0.0, -0.809017, -0.309017, 0.5, 0.0, -0.309017, -0.5, -0.809017, 0.0, 0.0, 0.0, 0.0, 1.0 ], [ 0.309017, 0.5, 0.809017, 0.0, -0.5, 0.809017, -0.309017, 0.0, -0.809017, -0.309017, 0.5, 0.0, 0.0, 0.0, 0.0, 1.0 ], [ -1.0, 0.0, 0.0, 0.0, 0.0, -1.0, 0.0, 0.0, 0.0, 0.0, 1.0, 0.0, 0.0, 0.0, 0.0, 1.0 ], [ 0.0, 0.0, -1.0, 0.0, -1.0, 0.0, 0.0, 0.0, 0.0, 1.0, 0.0, 0.0, 0.0, 0.0, 0.0, 1.0 ], [ 0.0, -1.0, 0.0, 0.0, 0.0, 0.0, -1.0, 0.0, 1.0, 0.0, 0.0, 0.0, 0.0, 0.0, 0.0, 1.0 ], [ -0.809017, -0.309017, -0.5, 0.0, -0.309017, -0.5, 0.809017, 0.0, -0.5, 0.809017, 0.309017, 0.0, 0.0, 0.0, 0.0, 1.0 ], [ 0.5, -0.809017, -0.309017, 0.0, -0.809017, -0.309017, -0.5, 0.0, 0.309017, 0.5, -0.809017, 0.0, 0.0, 0.0, 0.0, 1.0 ], [ -0.309017, -0.5, 0.809017, 0.0, 0.5, -0.809017, -0.309017, 0.0, 0.809017, 0.309017, 0.5, 0.0, 0.0, 0.0, 0.0, 1.0 ], [ -0.5, -0.809017, -0.309017, 0.0, -0.809017, 0.309017, 0.5, 0.0, -0.309017, 0.5, -0.809017, 0.0, 0.0, 0.0, 0.0, 1.0 ], [ 0.309017, -0.5, 0.809017, 0.0, -0.5, -0.809017, -0.309017, 0.0, 0.809017, -0.309017, -0.5, 0.0, 0.0, 0.0, 0.0, 1.0 ], [ -0.809017, 0.309017, 0.5, 0.0, 0.309017, -0.5, 0.809017, 0.0, 0.5, 0.809017, 0.309017, 0.0, 0.0, 0.0, 0.0, 1.0 ], [ -0.5, -0.809017, 0.309017, 0.0, -0.809017, 0.309017, -0.5, 0.0, 0.309017, -0.5, -0.809017, 0.0, 0.0, 0.0, 0.0, 1.0 ], [ -0.309017, 0.5, 0.809017, 0.0, -0.5, -0.809017, 0.309017, 0.0, 0.809017, -0.309017, 0.5, 0.0, 0.0, 0.0, 0.0, 1.0 ], [ -0.809017, 0.309017, -0.5, 0.0, -0.309017, 0.5, 0.809017, 0.0, 0.5, 0.809017, -0.309017, 0.0, 0.0, 0.0, 0.0, 1.0 ], [ -0.809017, -0.309017, 0.5, 0.0, -0.309017, -0.5, -0.809017, 0.0, 0.5, -0.809017, 0.309017, 0.0, 0.0, 0.0, 0.0, 1.0 ], [ -0.5, 0.809017, -0.309017, 0.0, -0.809017, -0.309017, 0.5, 0.0, 0.309017, 0.5, 0.809017, 0.0, 0.0, 0.0, 0.0, 1.0 ], [ -0.309017, -0.5, -0.809017, 0.0, -0.5, 0.809017, -0.309017, 0.0, 0.809017, 0.309017, -0.5, 0.0, 0.0, 0.0, 0.0, 1.0 ], [ -1.0, 0.0, 0.0, 0.0, 0.0, 1.0, 0.0, 0.0, 0.0, 0.0, -1.0, 0.0, 0.0, 0.0, 0.0, 1.0 ], [ 0.0, 0.0, -1.0, 0.0, 1.0, 0.0, 0.0, 0.0, 0.0, -1.0, 0.0, 0.0, 0.0, 0.0, 0.0, 1.0 ], [ 0.0, -1.0, 0.0, 0.0, 0.0, 0.0, 1.0, 0.0, -1.0, 0.0, 0.0, 0.0, 0.0, 0.0, 0.0, 1.0 ], [ -0.809017, -0.309017, -0.5, 0.0, 0.309017, 0.5, -0.809017, 0.0, 0.5, -0.809017, -0.309017, 0.0, 0.0, 0.0, 0.0, 1.0 ], [ 0.5, -0.809017, -0.309017, 0.0, 0.809017, 0.309017, 0.5, 0.0, -0.309017, -0.5, 0.809017, 0.0, 0.0, 0.0, 0.0, 1.0 ], [ -0.309017, -0.5, 0.809017, 0.0, -0.5, 0.809017, 0.309017, 0.0, -0.809017, -0.309017, -0.5, 0.0, 0.0, 0.0, 0.0, 1.0 ], [ -0.5, -0.809017, -0.309017, 0.0, 0.809017, -0.309017, -0.5, 0.0, 0.309017, -0.5, 0.809017, 0.0, 0.0, 0.0, 0.0, 1.0 ], [ 0.309017, -0.5, 0.809017, 0.0, 0.5, 0.809017, 0.309017, 0.0, -0.809017, 0.309017, 0.5, 0.0, 0.0, 0.0, 0.0, 1.0 ], [ -0.809017, 0.309017, 0.5, 0.0, -0.309017, 0.5, -0.809017, 0.0, -0.5, -0.809017, -0.309017, 0.0, 0.0, 0.0, 0.0, 1.0 ], [ -0.5, -0.809017, 0.309017, 0.0, 0.809017, -0.309017, 0.5, 0.0, -0.309017, 0.5, 0.809017, 0.0, 0.0, 0.0, 0.0, 1.0 ], [ -0.309017, 0.5, 0.809017, 0.0, 0.5, 0.809017, -0.309017, 0.0, -0.809017, 0.309017, -0.5, 0.0, 0.0, 0.0, 0.0, 1.0 ], [ -0.809017, 0.309017, -0.5, 0.0, 0.309017, -0.5, -0.809017, 0.0, -0.5, -0.809017, 0.309017, 0.0, 0.0, 0.0, 0.0, 1.0 ], [ -0.809017, -0.309017, 0.5, 0.0, 0.309017, 0.5, 0.809017, 0.0, -0.5, 0.809017, -0.309017, 0.0, 0.0, 0.0, 0.0, 1.0 ], [ -0.5, 0.809017, -0.309017, 0.0, 0.809017, 0.309017, -0.5, 0.0, -0.309017, -0.5, -0.809017, 0.0, 0.0, 0.0, 0.0, 1.0 ], [ -0.309017, -0.5, -0.809017, 0.0, 0.5, -0.809017, 0.309017, 0.0, -0.809017, -0.309017, 0.5, 0.0, 0.0, 0.0, 0.0, 1.0 ] ],
  "lights" : {
    "directionalLights" : [ {
      "direction" : [ 1.0, -1.0, -1.0 ],
      "color" : "#EBEBE4"
    }, {
      "direction" : [ -1.0, 0.0, 0.0 ],
      "color" : "#E4E4EB"
    }, {
      "direction" : [ 0.0, 0.0, -1.0 ],
      "color" : "#1E1E1E"
    } ],
    "ambientColor" : "#292929",
    "backgroundColor" : "#AFC8DC"
  },
  "camera" : {
    "width" : 55.167362,
    "position" : {
      "x" : 8.2743025,
      "y" : 46.484062,
      "z" : 113.13755
    },
    "lookAtPointRV" : {
      "x" : 0.0,
      "y" : 0.0,
      "z" : 0.0,
      "zero" : true
    },
    "viewDistance" : 122.59417,
    "lookDirectionRV" : {
      "x" : -0.06749344,
      "y" : -0.37917024,
      "z" : -0.9228624,
      "zero" : false
    },
    "fieldOfView" : 0.4426288,
    "perspective" : false,
    "upDirectionRV" : {
      "x" : -0.9801562,
      "y" : 0.19799332,
      "z" : -0.009664241,
      "zero" : false
    },
    "lookDirection" : {
      "x" : -0.06749344,
      "y" : -0.37917024,
      "z" : -0.9228624
    },
    "upDirection" : {
      "x" : -0.9801562,
      "y" : 0.19799332,
      "z" : -0.009664241
    },
    "lookAtPoint" : {
      "x" : 0.0,
      "y" : 0.0,
      "z" : 0.0
    },
    "farClipDistance" : 245.18834,
    "nearClipDistance" : 0.30648544,
    "stereo" : false
  },
  "embedding" : [ 1.0, 0.0, 0.0, 0.0, 0.0, 1.0, 0.0, 0.0, 0.0, 0.0, 1.0, 0.0, 0.0, 0.0, 0.0, 1.0 ],
  "shapes" : [ {
    "id" : "a54cb804-bb5a-4f01-af58-ba6cf6723ff3",
    "orbit" : "0",
    "orbitC" : "[[1,0,2],[0,0,1]]",
    "length" : "[0,1,1]",
    "name" : "medium",
    "vertices" : [ {
      "x" : -11.812272,
      "y" : -5.7228026,
      "z" : -0.26666668
    }, {
      "x" : -11.712273,
      "y" : -5.6228027,
      "z" : 0.13333334
    }, {
      "x" : -0.44871795,
      "y" : -0.4076923,
      "z" : 0.26666668
    }, {
      "x" : -0.548718,
      "y" : -0.50769234,
      "z" : -0.13333334
    }, {
      "x" : -11.478939,
      "y" : -5.922803,
      "z" : 0.26666668
    }, {
      "x" : -11.578939,
      "y" : -6.022803,
      "z" : -0.13333334
    }, {
      "x" : -0.78205127,
      "y" : -0.20769231,
      "z" : -0.26666668
    }, {
      "x" : -0.6820513,
      "y" : -0.10769231,
      "z" : 0.13333334
    } ],
    "faces" : [ {
      "vertices" : [ 2, 3, 6, 7 ]
    }, {
      "vertices" : [ 0, 5, 4, 1 ]
    }, {
      "vertices" : [ 2, 4, 5, 3 ]
    }, {
      "vertices" : [ 0, 6, 3, 5 ]
    }, {
      "vertices" : [ 0, 1, 7, 6 ]
    }, {
      "vertices" : [ 1, 4, 2, 7 ]
    } ]
  }, {
    "id" : "9b350760-09d2-4cf1-a7bf-6405a52556d7",
    "orbit" : "blue",
    "orbitC" : "[[0,0,1],[0,0,1]]",
    "length" : "[0,1,1]",
    "name" : "b2",
    "vertices" : [ {
      "x" : 1.0,
      "y" : 0.309017,
      "z" : 0.19098301
    }, {
      "x" : 1.0,
      "y" : -0.309017,
      "z" : 0.19098301
    }, {
      "x" : 12.708204,
      "y" : -0.309017,
      "z" : 0.19098301
    }, {
      "x" : 12.708204,
      "y" : 0.309017,
      "z" : 0.19098301
    }, {
      "x" : 12.708204,
      "y" : -0.309017,
      "z" : -0.19098301
    }, {
      "x" : 12.708204,
      "y" : 0.309017,
      "z" : -0.19098301
    }, {
      "x" : 13.326238,
      "y" : 0.0,
      "z" : 0.0
    }, {
      "x" : 0.38196602,
      "y" : 0.0,
      "z" : 0.0
    }, {
      "x" : 1.0,
      "y" : 0.309017,
      "z" : -0.19098301
    }, {
      "x" : 1.0,
      "y" : -0.309017,
      "z" : -0.19098301
    }, {
      "x" : 13.708204,
      "y" : 0.0,
      "z" : 0.0
    } ],
    "faces" : [ {
      "vertices" : [ 1, 9, 4, 2 ]
    }, {
      "vertices" : [ 0, 3, 5, 8 ]
    }, {
      "vertices" : [ 1, 7, 9 ]
    }, {
      "vertices" : [ 0, 1, 2, 3 ]
    }, {
      "vertices" : [ 7, 8, 9 ]
    }, {
      "vertices" : [ 0, 7, 1 ]
    }, {
      "vertices" : [ 4, 9, 8, 5 ]
    }, {
      "vertices" : [ 2, 6, 3 ]
    }, {
      "vertices" : [ 2, 4, 6 ]
    }, {
      "vertices" : [ 3, 6, 5 ]
    }, {
      "vertices" : [ 4, 5, 6 ]
    }, {
      "vertices" : [ 0, 8, 7 ]
    } ]
  }, {
    "id" : "0e099c95-d5d0-4f77-adae-9a67e2617b34",
    "name" : "ball",
    "vertices" : [ {
      "x" : 0.309017,
      "y" : -0.309017,
      "z" : -0.309017
    }, {
      "x" : 0.5,
      "y" : 0.0,
      "z" : -0.19098301
    }, {
      "x" : 0.5,
      "y" : 0.0,
      "z" : 0.19098301
    }, {
      "x" : 0.309017,
      "y" : -0.309017,
      "z" : 0.309017
    }, {
      "x" : 0.19098301,
      "y" : -0.5,
      "z" : 0.0
    }, {
      "x" : 0.0,
      "y" : 0.19098301,
      "z" : 0.5
    }, {
      "x" : 0.0,
      "y" : -0.19098301,
      "z" : 0.5
    }, {
      "x" : 0.309017,
      "y" : 0.309017,
      "z" : 0.309017
    }, {
      "x" : -0.309017,
      "y" : -0.309017,
      "z" : 0.309017
    }, {
      "x" : -0.309017,
      "y" : 0.309017,
      "z" : 0.309017
    }, {
      "x" : -0.5,
      "y" : 0.0,
      "z" : 0.19098301
    }, {
      "x" : 0.0,
      "y" : -0.19098301,
      "z" : -0.5
    }, {
      "x" : 0.0,
      "y" : 0.19098301,
      "z" : -0.5
    }, {
      "x" : 0.309017,
      "y" : 0.309017,
      "z" : -0.309017
    }, {
      "x" : -0.309017,
      "y" : -0.309017,
      "z" : -0.309017
    }, {
      "x" : -0.19098301,
      "y" : -0.5,
      "z" : 0.0
    }, {
      "x" : -0.5,
      "y" : 0.0,
      "z" : -0.19098301
    }, {
      "x" : 0.19098301,
      "y" : 0.5,
      "z" : 0.0
    }, {
      "x" : -0.309017,
      "y" : 0.309017,
      "z" : -0.309017
    }, {
      "x" : 0.0,
      "y" : 0.0,
      "z" : 0.0
    }, {
      "x" : -0.19098301,
      "y" : 0.5,
      "z" : 0.0
    } ],
    "faces" : [ {
      "vertices" : [ 12, 18, 20, 17, 13 ]
    }, {
      "vertices" : [ 3, 6, 8, 15, 4 ]
    }, {
      "vertices" : [ 0, 11, 12, 13, 1 ]
    }, {
      "vertices" : [ 5, 9, 10, 8, 6 ]
    }, {
      "vertices" : [ 2, 7, 5, 6, 3 ]
    }, {
      "vertices" : [ 11, 14, 16, 18, 12 ]
    }, {
      "vertices" : [ 1, 13, 17, 7, 2 ]
    }, {
      "vertices" : [ 9, 20, 18, 16, 10 ]
    }, {
      "vertices" : [ 0, 1, 2, 3, 4 ]
    }, {
      "vertices" : [ 5, 7, 17, 20, 9 ]
    }, {
      "vertices" : [ 0, 4, 15, 14, 11 ]
    }, {
      "vertices" : [ 8, 10, 16, 14, 15 ]
    } ]
  }, {
    "id" : "97f7fe2e-1a08-458c-a2f6-b23bf2bc0506",
    "orbit" : "blue",
    "orbitC" : "[[0,0,1],[0,0,1]]",
    "length" : "[1,0,1]",
    "name" : "b1",
    "vertices" : [ {
      "x" : 1.0,
      "y" : 0.309017,
      "z" : 0.19098301
    }, {
      "x" : 1.0,
      "y" : -0.309017,
      "z" : 0.19098301
    }, {
      "x" : 7.472136,
      "y" : -0.309017,
      "z" : 0.19098301
    }, {
      "x" : 7.472136,
      "y" : 0.309017,
      "z" : 0.19098301
    }, {
      "x" : 7.472136,
      "y" : -0.309017,
      "z" : -0.19098301
    }, {
      "x" : 7.472136,
      "y" : 0.309017,
      "z" : -0.19098301
    }, {
      "x" : 8.09017,
      "y" : 0.0,
      "z" : 0.0
    }, {
      "x" : 0.38196602,
      "y" : 0.0,
      "z" : 0.0
    }, {
      "x" : 1.0,
      "y" : 0.309017,
      "z" : -0.19098301
    }, {
      "x" : 1.0,
      "y" : -0.309017,
      "z" : -0.19098301
    }, {
      "x" : 8.472136,
      "y" : 0.0,
      "z" : 0.0
    } ],
    "faces" : [ {
      "vertices" : [ 1, 9, 4, 2 ]
    }, {
      "vertices" : [ 0, 3, 5, 8 ]
    }, {
      "vertices" : [ 1, 7, 9 ]
    }, {
      "vertices" : [ 0, 1, 2, 3 ]
    }, {
      "vertices" : [ 7, 8, 9 ]
    }, {
      "vertices" : [ 0, 7, 1 ]
    }, {
      "vertices" : [ 4, 9, 8, 5 ]
    }, {
      "vertices" : [ 2, 6, 3 ]
    }, {
      "vertices" : [ 2, 4, 6 ]
    }, {
      "vertices" : [ 3, 6, 5 ]
    }, {
      "vertices" : [ 4, 5, 6 ]
    }, {
      "vertices" : [ 0, 8, 7 ]
    } ]
  }, {
    "id" : "d7c4f919-17ec-41d6-9cd9-1f9ec8a3b478",
    "vertices" : [ {
      "x" : 0.0,
      "y" : 0.0,
      "z" : 0.0
    }, {
      "x" : -2.618034,
      "y" : -4.236068,
      "z" : -6.854102
    }, {
      "x" : -2.618034,
      "y" : 4.236068,
      "z" : -6.854102
    } ],
    "faces" : [ {
      "vertices" : [ 0, 1, 2 ]
    }, {
      "vertices" : [ 0, 2, 1 ]
    } ]
  }, {
    "id" : "e38b834d-5125-4444-bdf6-7cff2542d97e",
    "vertices" : [ {
      "x" : 0.0,
      "y" : 0.0,
      "z" : 0.0
    }, {
      "x" : 2.618034,
      "y" : 4.236068,
      "z" : 6.854102
    }, {
      "x" : 2.618034,
      "y" : -4.236068,
      "z" : 6.854102
    } ],
    "faces" : [ {
      "vertices" : [ 0, 1, 2 ]
    }, {
      "vertices" : [ 0, 2, 1 ]
    } ]
  }, {
    "id" : "9250c482-5f16-4467-8e8c-3da302f604cc",
    "vertices" : [ {
      "x" : 0.0,
      "y" : 0.0,
      "z" : 0.0
    }, {
      "x" : 0.0,
      "y" : 0.0,
      "z" : -8.472136
    }, {
      "x" : 0.0,
      "y" : 8.472136,
      "z" : -8.472136
    }, {
      "x" : 0.0,
      "y" : 8.472136,
      "z" : 0.0
    } ],
    "faces" : [ {
      "vertices" : [ 0, 1, 2, 3 ]
    }, {
      "vertices" : [ 0, 3, 2, 1 ]
    } ]
  }, {
    "id" : "19328144-3edb-4afc-bf08-c53fff33892d",
    "vertices" : [ {
      "x" : 0.0,
      "y" : 0.0,
      "z" : 0.0
    }, {
      "x" : -2.618034,
      "y" : 4.236068,
      "z" : -6.854102
    }, {
      "x" : 0.0,
      "y" : 8.472136,
      "z" : 0.0
    } ],
    "faces" : [ {
      "vertices" : [ 0, 1, 2 ]
    }, {
      "vertices" : [ 0, 2, 1 ]
    } ]
  }, {
    "id" : "e06a1e68-333d-4102-905a-b351f463e7c8",
    "vertices" : [ {
      "x" : 0.0,
      "y" : 0.0,
      "z" : 0.0
    }, {
      "x" : -4.236068,
      "y" : 6.854102,
      "z" : 2.618034
    }, {
      "x" : -4.236068,
      "y" : 6.854102,
      "z" : 11.09017
    }, {
      "x" : 0.0,
      "y" : 0.0,
      "z" : 13.708204
    }, {
      "x" : 2.618034,
      "y" : -4.236068,
      "z" : 6.854102
    } ],
    "faces" : [ {
      "vertices" : [ 0, 1, 2, 3, 4 ]
    }, {
      "vertices" : [ 0, 4, 3, 2, 1 ]
    } ]
  }, {
    "id" : "0f57432f-af69-49f8-a6d6-49f422eaf31f",
    "vertices" : [ {
      "x" : 0.0,
      "y" : 0.0,
      "z" : 0.0
    }, {
      "x" : 0.0,
      "y" : 0.0,
      "z" : 8.472136
    }, {
      "x" : 4.236068,
      "y" : -6.854102,
      "z" : 11.09017
    }, {
      "x" : 6.854102,
      "y" : -11.09017,
      "z" : 4.236068
    }, {
      "x" : 4.236068,
      "y" : -6.854102,
      "z" : -2.618034
    } ],
    "faces" : [ {
      "vertices" : [ 0, 1, 2, 3, 4 ]
    }, {
      "vertices" : [ 0, 4, 3, 2, 1 ]
    } ]
  }, {
    "id" : "9ee0c39c-fcb8-4b06-a627-4ec3017fd37e",
    "vertices" : [ {
      "x" : 0.0,
      "y" : 0.0,
      "z" : 0.0
    }, {
      "x" : 0.0,
      "y" : 8.472136,
      "z" : 0.0
    }, {
      "x" : 0.0,
      "y" : 8.472136,
      "z" : 8.472136
    }, {
      "x" : 0.0,
      "y" : 0.0,
      "z" : 8.472136
    } ],
    "faces" : [ {
      "vertices" : [ 0, 1, 2, 3 ]
    }, {
      "vertices" : [ 0, 3, 2, 1 ]
    } ]
  }, {
    "id" : "086ff59b-2f74-43c4-9504-300693eacd6b",
    "vertices" : [ {
      "x" : 0.0,
      "y" : 0.0,
      "z" : 0.0
    }, {
      "x" : 2.618034,
      "y" : -4.236068,
      "z" : -6.854102
    }, {
      "x" : 0.0,
      "y" : 0.0,
      "z" : -13.708204
    }, {
      "x" : -4.236068,
      "y" : 6.854102,
      "z" : -11.09017
    }, {
      "x" : -4.236068,
      "y" : 6.854102,
      "z" : -2.618034
    } ],
    "faces" : [ {
      "vertices" : [ 0, 1, 2, 3, 4 ]
    }, {
      "vertices" : [ 0, 4, 3, 2, 1 ]
    } ]
  }, {
    "id" : "eff90ff7-27be-41e2-9049-2afb5a8023a5",
    "vertices" : [ {
      "x" : 0.0,
      "y" : 0.0,
      "z" : 0.0
    }, {
      "x" : 2.618034,
      "y" : -4.236068,
      "z" : 6.854102
    }, {
      "x" : 0.0,
      "y" : -8.472136,
      "z" : 0.0
    } ],
    "faces" : [ {
      "vertices" : [ 0, 1, 2 ]
    }, {
      "vertices" : [ 0, 2, 1 ]
    } ]
  }, {
    "id" : "79a46006-e2a4-4851-a09c-8cada1494976",
    "vertices" : [ {
      "x" : 0.0,
      "y" : 0.0,
      "z" : 0.0
    }, {
      "x" : 0.0,
      "y" : -8.472136,
      "z" : 0.0
    }, {
      "x" : -2.618034,
      "y" : -4.236068,
      "z" : -6.854102
    } ],
    "faces" : [ {
      "vertices" : [ 0, 1, 2 ]
    }, {
      "vertices" : [ 0, 2, 1 ]
    } ]
  }, {
    "id" : "67b3a210-f1d3-42d4-8e5f-455a366b2d19",
    "vertices" : [ {
      "x" : 0.0,
      "y" : 0.0,
      "z" : 0.0
    }, {
      "x" : 1.1708204,
      "y" : -11.813777,
      "z" : 6.854102
    }, {
      "x" : 8.024922,
      "y" : -0.7236068,
      "z" : 11.09017
    } ],
    "faces" : [ {
      "vertices" : [ 0, 1, 2 ]
    }, {
      "vertices" : [ 0, 2, 1 ]
    } ]
  }, {
    "id" : "873d59f7-01bf-448c-8bb0-7e34f5275b74",
    "vertices" : [ {
      "x" : 0.0,
      "y" : 0.0,
      "z" : 0.0
    }, {
      "x" : 0.0,
      "y" : 13.708204,
      "z" : 0.0
    }, {
      "x" : 4.236068,
      "y" : 6.854102,
      "z" : 11.09017
    } ],
    "faces" : [ {
      "vertices" : [ 0, 1, 2 ]
    }, {
      "vertices" : [ 0, 2, 1 ]
    } ]
  }, {
    "id" : "a1654e75-237b-4543-a0cd-fbc23111028f",
    "vertices" : [ {
      "x" : 0.0,
      "y" : 0.0,
      "z" : 0.0
    }, {
      "x" : -8.024922,
      "y" : 0.7236068,
      "z" : -11.09017
    }, {
      "x" : -6.854102,
      "y" : -11.09017,
      "z" : -4.236068
    } ],
    "faces" : [ {
      "vertices" : [ 0, 1, 2 ]
    }, {
      "vertices" : [ 0, 2, 1 ]
    } ]
  }, {
    "id" : "1c34ff4b-9da6-4eb9-8c9b-2b8f3fa1b6e0",
    "vertices" : [ {
      "x" : 0.0,
      "y" : 0.0,
      "z" : 0.0
    }, {
      "x" : 4.236068,
      "y" : 6.854102,
      "z" : 11.09017
    }, {
      "x" : 4.236068,
      "y" : -6.854102,
      "z" : 11.09017
    } ],
    "faces" : [ {
      "vertices" : [ 0, 1, 2 ]
    }, {
      "vertices" : [ 0, 2, 1 ]
    } ]
  }, {
    "id" : "2f0d1eb8-afd2-43b5-a4f6-b4b4d9674573",
    "vertices" : [ {
      "x" : 0.0,
      "y" : 0.0,
      "z" : 0.0
    }, {
      "x" : -4.236068,
      "y" : 6.854102,
      "z" : -11.09017
    }, {
      "x" : 0.0,
      "y" : 13.708204,
      "z" : 0.0
    } ],
    "faces" : [ {
      "vertices" : [ 0, 1, 2 ]
    }, {
      "vertices" : [ 0, 2, 1 ]
    } ]
  }, {
    "id" : "ea5d5550-3254-423a-a17d-7c1b4ee87aff",
    "vertices" : [ {
      "x" : 0.0,
      "y" : 0.0,
      "z" : 0.0
    }, {
      "x" : 0.0,
      "y" : -13.708204,
      "z" : 0.0
    }, {
      "x" : -4.236068,
      "y" : -6.854102,
      "z" : -11.09017
    } ],
    "faces" : [ {
      "vertices" : [ 0, 1, 2 ]
    }, {
      "vertices" : [ 0, 2, 1 ]
    } ]
  }, {
    "id" : "c08b8db0-109c-4b8c-a9f5-9a10e72b3deb",
    "vertices" : [ {
      "x" : 0.0,
      "y" : 0.0,
      "z" : 0.0
    }, {
      "x" : -4.236068,
      "y" : -6.854102,
      "z" : -11.09017
    }, {
      "x" : -4.236068,
      "y" : 6.854102,
      "z" : -11.09017
    } ],
    "faces" : [ {
      "vertices" : [ 0, 1, 2 ]
    }, {
      "vertices" : [ 0, 2, 1 ]
    } ]
  }, {
    "id" : "e382875c-1b68-408f-aa26-3d0c32342ab8",
    "vertices" : [ {
      "x" : 0.0,
      "y" : 0.0,
      "z" : 0.0
    }, {
      "x" : 4.236068,
      "y" : -6.854102,
      "z" : 11.09017
    }, {
      "x" : 0.0,
      "y" : -13.708204,
      "z" : 0.0
    } ],
    "faces" : [ {
      "vertices" : [ 0, 1, 2 ]
    }, {
      "vertices" : [ 0, 2, 1 ]
    } ]
  }, {
    "id" : "750a4e91-3c84-40c0-83f1-05fde3a9b49e",
    "vertices" : [ {
      "x" : 0.0,
      "y" : 0.0,
      "z" : 0.0
    }, {
      "x" : 6.854102,
      "y" : 11.09017,
      "z" : 4.236068
    }, {
      "x" : -1.1708204,
      "y" : 11.813777,
      "z" : -6.854102
    } ],
    "faces" : [ {
      "vertices" : [ 0, 1, 2 ]
    }, {
      "vertices" : [ 0, 2, 1 ]
    } ]
  } ],
  "instances" : [ {
    "shape" : "a54cb804-bb5a-4f01-af58-ba6cf6723ff3",
    "color" : "#B8860B",
    "position" : {
      "x" : -1.309017,
      "y" : -2.118034,
      "z" : -14.5172205
    },
    "orientation" : 56
  }, {
    "shape" : "9b350760-09d2-4cf1-a7bf-6405a52556d7",
    "color" : "#007695",
    "position" : {
      "x" : -12.399187,
      "y" : 2.118034,
      "z" : -7.663119
    },
    "orientation" : 21
  }, {
    "shape" : "0e099c95-d5d0-4f77-adae-9a67e2617b34",
    "color" : "#F2F2F2",
    "position" : {
      "x" : 12.399187,
      "y" : -2.118034,
      "z" : 7.663119
    }
  }, {
    "shape" : "9b350760-09d2-4cf1-a7bf-6405a52556d7",
    "color" : "#007695",
    "position" : {
      "x" : -5.545085,
      "y" : 13.208204,
      "z" : -3.427051
    },
    "orientation" : 8
  }, {
    "shape" : "9b350760-09d2-4cf1-a7bf-6405a52556d7",
    "color" : "#007695",
    "position" : {
      "x" : 5.545085,
      "y" : 8.972136,
      "z" : -10.281153
    },
    "orientation" : 2
  }, {
    "shape" : "9b350760-09d2-4cf1-a7bf-6405a52556d7",
    "color" : "#007695",
    "position" : {
      "x" : -5.545085,
      "y" : 13.208204,
      "z" : -3.427051
    },
    "orientation" : 36
  }, {
    "shape" : "9b350760-09d2-4cf1-a7bf-6405a52556d7",
    "color" : "#007695",
    "position" : {
      "x" : -1.309017,
      "y" : -2.118034,
      "z" : -14.5172205
    },
    "orientation" : 38
  }, {
    "shape" : "0e099c95-d5d0-4f77-adae-9a67e2617b34",
    "color" : "#F2F2F2",
    "position" : {
      "x" : -5.545085,
      "y" : -8.972136,
      "z" : -3.427051
    }
  }, {
    "shape" : "a54cb804-bb5a-4f01-af58-ba6cf6723ff3",
    "color" : "#B8860B",
    "position" : {
      "x" : -5.545085,
      "y" : -8.972136,
      "z" : 10.281153
    },
    "orientation" : 34
  }, {
    "shape" : "9b350760-09d2-4cf1-a7bf-6405a52556d7",
    "color" : "#007695",
    "position" : {
      "x" : -5.545085,
      "y" : 13.208204,
      "z" : -3.427051
    },
    "orientation" : 26
  }, {
    "shape" : "0e099c95-d5d0-4f77-adae-9a67e2617b34",
    "color" : "#F2F2F2",
    "position" : {
      "x" : -1.309017,
      "y" : -2.118034,
      "z" : 7.663119
    }
  }, {
    "shape" : "a54cb804-bb5a-4f01-af58-ba6cf6723ff3",
    "color" : "#B8860B",
    "position" : {
      "x" : -5.545085,
      "y" : -8.972136,
      "z" : -3.427051
    },
    "orientation" : 28
  }, {
    "shape" : "9b350760-09d2-4cf1-a7bf-6405a52556d7",
    "color" : "#007695",
    "position" : {
      "x" : -1.309017,
      "y" : -2.118034,
      "z" : -14.5172205
    },
    "orientation" : 40
  }, {
    "shape" : "0e099c95-d5d0-4f77-adae-9a67e2617b34",
    "color" : "#F2F2F2",
    "position" : {
      "x" : 1.309017,
      "y" : 2.118034,
      "z" : 14.5172205
    }
  }, {
    "shape" : "9b350760-09d2-4cf1-a7bf-6405a52556d7",
    "color" : "#007695",
    "position" : {
      "x" : 1.309017,
      "y" : 2.118034,
      "z" : -7.663119
    },
    "orientation" : 51
  }, {
    "shape" : "0e099c95-d5d0-4f77-adae-9a67e2617b34",
    "color" : "#F2F2F2",
    "position" : {
      "x" : 1.309017,
      "y" : 2.118034,
      "z" : -7.663119
    }
  }, {
    "shape" : "a54cb804-bb5a-4f01-af58-ba6cf6723ff3",
    "color" : "#B8860B",
    "position" : {
      "x" : 5.545085,
      "y" : 8.972136,
      "z" : 3.427051
    },
    "orientation" : 4
  }, {
    "shape" : "9b350760-09d2-4cf1-a7bf-6405a52556d7",
    "color" : "#007695",
    "position" : {
      "x" : 1.309017,
      "y" : 2.118034,
      "z" : -7.663119
    },
    "orientation" : 10
  }, {
    "shape" : "9b350760-09d2-4cf1-a7bf-6405a52556d7",
    "color" : "#007695",
    "position" : {
      "x" : 12.399187,
      "y" : -2.118034,
      "z" : 7.663119
    },
    "orientation" : 38
  }, {
    "shape" : "a54cb804-bb5a-4f01-af58-ba6cf6723ff3",
    "color" : "#B8860B",
    "position" : {
      "x" : 6.715905,
      "y" : -2.8416407,
      "z" : -3.427051
    },
    "orientation" : 26
  }, {
    "shape" : "9b350760-09d2-4cf1-a7bf-6405a52556d7",
    "color" : "#007695",
    "position" : {
      "x" : 1.309017,
      "y" : 2.118034,
      "z" : 14.5172205
    },
    "orientation" : 36
  }, {
    "shape" : "0e099c95-d5d0-4f77-adae-9a67e2617b34",
    "color" : "#F2F2F2",
    "position" : {
      "x" : -5.545085,
      "y" : -8.972136,
      "z" : 10.281153
    }
  }, {
    "shape" : "9b350760-09d2-4cf1-a7bf-6405a52556d7",
    "color" : "#007695",
    "position" : {
      "x" : 5.545085,
      "y" : 8.972136,
      "z" : 3.427051
    },
    "orientation" : 40
  }, {
    "shape" : "a54cb804-bb5a-4f01-af58-ba6cf6723ff3",
    "color" : "#B8860B",
    "position" : {
      "x" : 1.309017,
      "y" : 2.118034,
      "z" : -7.663119
    },
    "orientation" : 26
  }, {
    "shape" : "a54cb804-bb5a-4f01-af58-ba6cf6723ff3",
    "color" : "#B8860B",
    "position" : {
      "x" : 6.715905,
      "y" : -2.8416407,
      "z" : -3.427051
    },
    "orientation" : 0
  }, {
    "shape" : "a54cb804-bb5a-4f01-af58-ba6cf6723ff3",
    "color" : "#B8860B",
    "position" : {
      "x" : 5.545085,
      "y" : 8.972136,
      "z" : -10.281153
    },
    "orientation" : 58
  }, {
    "shape" : "9b350760-09d2-4cf1-a7bf-6405a52556d7",
    "color" : "#007695",
    "position" : {
      "x" : -5.545085,
      "y" : -8.972136,
      "z" : -3.427051
    },
    "orientation" : 10
  }, {
    "shape" : "0e099c95-d5d0-4f77-adae-9a67e2617b34",
    "color" : "#F2F2F2",
    "position" : {
      "x" : 5.545085,
      "y" : -13.208204,
      "z" : 3.427051
    }
  }, {
    "shape" : "9b350760-09d2-4cf1-a7bf-6405a52556d7",
    "color" : "#007695",
    "position" : {
      "x" : 1.309017,
      "y" : 2.118034,
      "z" : -7.663119
    },
    "orientation" : 45
  }, {
    "shape" : "0e099c95-d5d0-4f77-adae-9a67e2617b34",
    "color" : "#F2F2F2",
    "position" : {
      "x" : -5.545085,
      "y" : 13.208204,
      "z" : -3.427051
    }
  }, {
    "shape" : "9b350760-09d2-4cf1-a7bf-6405a52556d7",
    "color" : "#007695",
    "position" : {
      "x" : 5.545085,
      "y" : 8.972136,
      "z" : -10.281153
    },
    "orientation" : 36
  }, {
    "shape" : "9b350760-09d2-4cf1-a7bf-6405a52556d7",
    "color" : "#007695",
    "position" : {
      "x" : 5.545085,
      "y" : -13.208204,
      "z" : 3.427051
    },
    "orientation" : 51
  }, {
    "shape" : "9b350760-09d2-4cf1-a7bf-6405a52556d7",
    "color" : "#007695",
    "position" : {
      "x" : -5.545085,
      "y" : -8.972136,
      "z" : -3.427051
    },
    "orientation" : 8
  }, {
    "shape" : "9b350760-09d2-4cf1-a7bf-6405a52556d7",
    "color" : "#007695",
    "position" : {
      "x" : 5.545085,
      "y" : -13.208204,
      "z" : 3.427051
    },
    "orientation" : 38
  }, {
    "shape" : "a54cb804-bb5a-4f01-af58-ba6cf6723ff3",
    "color" : "#B8860B",
    "position" : {
      "x" : 1.309017,
      "y" : 2.118034,
      "z" : 14.5172205
    },
    "orientation" : 8
  }, {
    "shape" : "9b350760-09d2-4cf1-a7bf-6405a52556d7",
    "color" : "#007695",
    "position" : {
      "x" : -1.309017,
      "y" : -2.118034,
      "z" : 7.663119
    },
    "orientation" : 6
  }, {
    "shape" : "a54cb804-bb5a-4f01-af58-ba6cf6723ff3",
    "color" : "#B8860B",
    "position" : {
      "x" : 5.545085,
      "y" : 8.972136,
      "z" : 3.427051
    },
    "orientation" : 0
  }, {
    "shape" : "0e099c95-d5d0-4f77-adae-9a67e2617b34",
    "color" : "#F2F2F2",
    "position" : {
      "x" : 5.545085,
      "y" : 8.972136,
      "z" : 3.427051
    }
  }, {
    "shape" : "0e099c95-d5d0-4f77-adae-9a67e2617b34",
    "color" : "#F2F2F2",
    "position" : {
      "x" : -12.399187,
      "y" : 2.118034,
      "z" : -7.663119
    }
  }, {
    "shape" : "9b350760-09d2-4cf1-a7bf-6405a52556d7",
    "color" : "#007695",
    "position" : {
      "x" : -5.545085,
      "y" : -8.972136,
      "z" : -3.427051
    },
    "orientation" : 6
  }, {
    "shape" : "0e099c95-d5d0-4f77-adae-9a67e2617b34",
    "color" : "#F2F2F2",
    "position" : {
      "x" : 5.545085,
      "y" : 8.972136,
      "z" : -10.281153
    }
  }, {
    "shape" : "9b350760-09d2-4cf1-a7bf-6405a52556d7",
    "color" : "#007695",
    "position" : {
      "x" : -5.545085,
      "y" : -8.972136,
      "z" : 10.281153
    },
    "orientation" : 47
  }, {
    "shape" : "0e099c95-d5d0-4f77-adae-9a67e2617b34",
    "color" : "#F2F2F2",
    "position" : {
      "x" : -1.309017,
      "y" : -2.118034,
      "z" : -14.5172205
    }
  }, {
    "shape" : "0e099c95-d5d0-4f77-adae-9a67e2617b34",
    "color" : "#F2F2F2",
    "position" : {
      "x" : 6.715905,
      "y" : -2.8416407,
      "z" : -3.427051
    }
  }, {
    "shape" : "9b350760-09d2-4cf1-a7bf-6405a52556d7",
    "color" : "#007695",
    "position" : {
      "x" : 12.399187,
      "y" : -2.118034,
      "z" : 7.663119
    },
    "orientation" : 36
  }, {
    "shape" : "9b350760-09d2-4cf1-a7bf-6405a52556d7",
    "color" : "#007695",
    "position" : {
      "x" : 5.545085,
      "y" : 8.972136,
      "z" : 3.427051
    },
    "orientation" : 21
  }, {
    "shape" : "0e099c95-d5d0-4f77-adae-9a67e2617b34",
    "color" : "#F2F2F2",
    "position" : {
      "x" : -6.715905,
      "y" : 2.8416407,
      "z" : 3.427051
    }
  }, {
    "shape" : "9b350760-09d2-4cf1-a7bf-6405a52556d7",
    "color" : "#007695",
    "position" : {
      "x" : 12.399187,
      "y" : -2.118034,
      "z" : 7.663119
    },
    "orientation" : 45
  } ],
  "scenes" : [ {
    "title" : "Edges",
    "content" : "",
    "view" : {
      "width" : 36.979794,
      "position" : {
        "x" : -11.09767,
        "y" : -76.06455,
        "z" : 29.054075
      },
      "lookAtPointRV" : {
        "x" : 0.0,
        "y" : 0.0,
        "z" : 0.0,
        "zero" : true
      },
      "viewDistance" : 82.17733,
      "lookDirectionRV" : {
        "x" : 0.1350454,
        "y" : 0.92561483,
        "z" : -0.3535534,
        "zero" : false
      },
      "fieldOfView" : 0.44262883,
      "perspective" : true,
      "upDirectionRV" : {
        "x" : -0.5720614,
        "y" : -0.218508,
        "z" : -0.7905694,
        "zero" : false
      },
      "lookDirection" : {
        "x" : 0.1350454,
        "y" : 0.92561483,
        "z" : -0.3535534
      },
      "upDirection" : {
        "x" : -0.5720614,
        "y" : -0.218508,
        "z" : -0.7905694
      },
      "lookAtPoint" : {
        "x" : 0.0,
        "y" : 0.0,
        "z" : 0.0
      },
      "farClipDistance" : 164.35466,
      "nearClipDistance" : 0.20544332,
      "stereo" : false
    },
    "snapshot" : 2
  }, {
    "title" : "Faces",
    "content" : "",
    "view" : {
      "width" : 36.979794,
      "position" : {
        "x" : -11.09767,
        "y" : -76.06455,
        "z" : 29.054075
      },
      "lookAtPointRV" : {
        "x" : 0.0,
        "y" : 0.0,
        "z" : 0.0,
        "zero" : true
      },
      "viewDistance" : 82.17733,
      "lookDirectionRV" : {
        "x" : 0.1350454,
        "y" : 0.92561483,
        "z" : -0.3535534,
        "zero" : false
      },
      "fieldOfView" : 0.44262883,
      "perspective" : true,
      "upDirectionRV" : {
        "x" : -0.5720614,
        "y" : -0.218508,
        "z" : -0.7905694,
        "zero" : false
      },
      "lookDirection" : {
        "x" : 0.1350454,
        "y" : 0.92561483,
        "z" : -0.3535534
      },
      "upDirection" : {
        "x" : -0.5720614,
        "y" : -0.218508,
        "z" : -0.7905694
      },
      "lookAtPoint" : {
        "x" : 0.0,
        "y" : 0.0,
        "z" : 0.0
      },
      "farClipDistance" : 164.35466,
      "nearClipDistance" : 0.20544332,
      "stereo" : false
    },
    "snapshot" : 3
  }, {
    "title" : "Z4",
    "content" : "",
    "view" : {
      "width" : 55.167362,
      "position" : {
        "x" : 0.4647893,
        "y" : 37.627613,
        "z" : 116.67598
      },
      "lookAtPointRV" : {
        "x" : 0.0,
        "y" : 0.0,
        "z" : 0.0,
        "zero" : true
      },
      "viewDistance" : 122.59417,
      "lookDirectionRV" : {
        "x" : -0.0037912838,
        "y" : -0.30692825,
        "z" : -0.95172536,
        "zero" : false
      },
      "fieldOfView" : 0.4426288,
      "perspective" : false,
      "upDirectionRV" : {
        "x" : -0.99045503,
        "y" : 0.13228768,
        "z" : -0.038716905,
        "zero" : false
      },
      "lookDirection" : {
        "x" : -0.0037912838,
        "y" : -0.30692825,
        "z" : -0.95172536
      },
      "upDirection" : {
        "x" : -0.99045503,
        "y" : 0.13228768,
        "z" : -0.038716905
      },
      "lookAtPoint" : {
        "x" : 0.0,
        "y" : 0.0,
        "z" : 0.0
      },
      "farClipDistance" : 245.18834,
      "nearClipDistance" : 0.30648544,
      "stereo" : false
    },
    "snapshot" : 6
  }, {
    "title" : "Panelled Z4",
    "content" : "",
    "view" : {
      "width" : 55.167362,
      "position" : {
        "x" : 0.4647893,
        "y" : 37.627613,
        "z" : 116.67598
      },
      "lookAtPointRV" : {
        "x" : 0.0,
        "y" : 0.0,
        "z" : 0.0,
        "zero" : true
      },
      "viewDistance" : 122.59417,
      "lookDirectionRV" : {
        "x" : -0.0037912838,
        "y" : -0.30692825,
        "z" : -0.95172536,
        "zero" : false
      },
      "fieldOfView" : 0.4426288,
      "perspective" : false,
      "upDirectionRV" : {
        "x" : -0.99045503,
        "y" : 0.13228768,
        "z" : -0.038716905,
        "zero" : false
      },
      "lookDirection" : {
        "x" : -0.0037912838,
        "y" : -0.30692825,
        "z" : -0.95172536
      },
      "upDirection" : {
        "x" : -0.99045503,
        "y" : 0.13228768,
        "z" : -0.038716905
      },
      "lookAtPoint" : {
        "x" : 0.0,
        "y" : 0.0,
        "z" : 0.0
      },
      "farClipDistance" : 245.18834,
      "nearClipDistance" : 0.30648544,
      "stereo" : false
    },
    "snapshot" : 5
  }, {
    "title" : "Z4 Projection B",
    "content" : "",
    "view" : {
      "width" : 55.167362,
      "position" : {
        "x" : -99.18077,
        "y" : 37.883682,
        "z" : 61.297085
      },
      "lookAtPointRV" : {
        "x" : 0.0,
        "y" : 0.0,
        "z" : 0.0,
        "zero" : true
      },
      "viewDistance" : 122.59417,
      "lookDirectionRV" : {
        "x" : 0.809017,
        "y" : -0.309017,
        "z" : -0.5,
        "zero" : false
      },
      "fieldOfView" : 0.4426288,
      "perspective" : false,
      "upDirectionRV" : {
        "x" : -0.309017,
        "y" : 0.49999997,
        "z" : -0.809017,
        "zero" : false
      },
      "lookDirection" : {
        "x" : 0.809017,
        "y" : -0.309017,
        "z" : -0.5
      },
      "upDirection" : {
        "x" : -0.309017,
        "y" : 0.49999997,
        "z" : -0.809017
      },
      "lookAtPoint" : {
        "x" : 0.0,
        "y" : 0.0,
        "z" : 0.0
      },
      "farClipDistance" : 245.18834,
      "nearClipDistance" : 0.30648544,
      "stereo" : false
    },
    "snapshot" : 7
  }, {
    "title" : "Z4 Projection B",
    "content" : "",
    "view" : {
      "width" : 55.167362,
      "position" : {
        "x" : 61.297085,
        "y" : 99.18077,
        "z" : 37.883682
      },
      "lookAtPointRV" : {
        "x" : 0.0,
        "y" : 0.0,
        "z" : 0.0,
        "zero" : true
      },
      "viewDistance" : 122.59417,
      "lookDirectionRV" : {
        "x" : -0.5,
        "y" : -0.809017,
        "z" : -0.309017,
        "zero" : false
      },
      "fieldOfView" : 0.4426288,
      "perspective" : false,
      "upDirectionRV" : {
        "x" : -0.30901697,
        "y" : 0.49999997,
        "z" : -0.809017,
        "zero" : false
      },
      "lookDirection" : {
        "x" : -0.5,
        "y" : -0.809017,
        "z" : -0.309017
      },
      "upDirection" : {
        "x" : -0.30901697,
        "y" : 0.49999997,
        "z" : -0.809017
      },
      "lookAtPoint" : {
        "x" : 0.0,
        "y" : 0.0,
        "z" : 0.0
      },
      "farClipDistance" : 245.18834,
      "nearClipDistance" : 0.30648544,
      "stereo" : false
    },
    "snapshot" : 8
  } ],
  "snapshots" : [ [ ], [ ], [ {
