{
  "field" : "golden",
  "symmetry" : "icosahedral",
  "orientations" : [ [ 1.0, 0.0, 0.0, 0.0, 0.0, 1.0, 0.0, 0.0, 0.0, 0.0, 1.0, 0.0, 0.0, 0.0, 0.0, 1.0 ], [ 0.0, 0.0, 1.0, 0.0, 1.0, 0.0, 0.0, 0.0, 0.0, 1.0, 0.0, 0.0, 0.0, 0.0, 0.0, 1.0 ], [ 0.0, 1.0, 0.0, 0.0, 0.0, 0.0, 1.0, 0.0, 1.0, 0.0, 0.0, 0.0, 0.0, 0.0, 0.0, 1.0 ], [ 0.809017, 0.309017, 0.5, 0.0, 0.309017, 0.5, -0.809017, 0.0, -0.5, 0.809017, 0.309017, 0.0, 0.0, 0.0, 0.0, 1.0 ], [ -0.5, 0.809017, 0.309017, 0.0, 0.809017, 0.309017, 0.5, 0.0, 0.309017, 0.5, -0.809017, 0.0, 0.0, 0.0, 0.0, 1.0 ], [ 0.309017, 0.5, -0.809017, 0.0, -0.5, 0.809017, 0.309017, 0.0, 0.809017, 0.309017, 0.5, 0.0, 0.0, 0.0, 0.0, 1.0 ], [ 0.5, 0.809017, 0.309017, 0.0, 0.809017, -0.309017, -0.5, 0.0, -0.309017, 0.5, -0.809017, 0.0, 0.0, 0.0, 0.0, 1.0 ], [ -0.309017, 0.5, -0.809017, 0.0, 0.5, 0.809017, 0.309017, 0.0, 0.809017, -0.309017, -0.5, 0.0, 0.0, 0.0, 0.0, 1.0 ], [ 0.809017, -0.309017, -0.5, 0.0, -0.309017, 0.5, -0.809017, 0.0, 0.5, 0.809017, 0.309017, 0.0, 0.0, 0.0, 0.0, 1.0 ], [ 0.5, 0.809017, -0.309017, 0.0, 0.809017, -0.309017, 0.5, 0.0, 0.309017, -0.5, -0.809017, 0.0, 0.0, 0.0, 0.0, 1.0 ], [ 0.309017, -0.5, -0.809017, 0.0, 0.5, 0.809017, -0.309017, 0.0, 0.809017, -0.309017, 0.5, 0.0, 0.0, 0.0, 0.0, 1.0 ], [ 0.809017, -0.309017, 0.5, 0.0, 0.309017, -0.5, -0.809017, 0.0, 0.5, 0.809017, -0.309017, 0.0, 0.0, 0.0, 0.0, 1.0 ], [ 0.809017, 0.309017, -0.5, 0.0, 0.309017, 0.5, 0.809017, 0.0, 0.5, -0.809017, 0.309017, 0.0, 0.0, 0.0, 0.0, 1.0 ], [ 0.5, -0.809017, 0.309017, 0.0, 0.809017, 0.309017, -0.5, 0.0, 0.309017, 0.5, 0.809017, 0.0, 0.0, 0.0, 0.0, 1.0 ], [ 0.309017, 0.5, 0.809017, 0.0, 0.5, -0.809017, 0.309017, 0.0, 0.809017, 0.309017, -0.5, 0.0, 0.0, 0.0, 0.0, 1.0 ], [ 1.0, 0.0, 0.0, 0.0, 0.0, -1.0, 0.0, 0.0, 0.0, 0.0, -1.0, 0.0, 0.0, 0.0, 0.0, 1.0 ], [ 0.0, 0.0, 1.0, 0.0, -1.0, 0.0, 0.0, 0.0, 0.0, -1.0, 0.0, 0.0, 0.0, 0.0, 0.0, 1.0 ], [ 0.0, 1.0, 0.0, 0.0, 0.0, 0.0, -1.0, 0.0, -1.0, 0.0, 0.0, 0.0, 0.0, 0.0, 0.0, 1.0 ], [ 0.809017, 0.309017, 0.5, 0.0, -0.309017, -0.5, 0.809017, 0.0, 0.5, -0.809017, -0.309017, 0.0, 0.0, 0.0, 0.0, 1.0 ], [ -0.5, 0.809017, 0.309017, 0.0, -0.809017, -0.309017, -0.5, 0.0, -0.309017, -0.5, 0.809017, 0.0, 0.0, 0.0, 0.0, 1.0 ], [ 0.309017, 0.5, -0.809017, 0.0, 0.5, -0.809017, -0.309017, 0.0, -0.809017, -0.309017, -0.5, 0.0, 0.0, 0.0, 0.0, 1.0 ], [ 0.5, 0.809017, 0.309017, 0.0, -0.809017, 0.309017, 0.5, 0.0, 0.309017, -0.5, 0.809017, 0.0, 0.0, 0.0, 0.0, 1.0 ], [ -0.309017, 0.5, -0.809017, 0.0, -0.5, -0.809017, -0.309017, 0.0, -0.809017, 0.309017, 0.5, 0.0, 0.0, 0.0, 0.0, 1.0 ], [ 0.809017, -0.309017, -0.5, 0.0, 0.309017, -0.5, 0.809017, 0.0, -0.5, -0.809017, -0.309017, 0.0, 0.0, 0.0, 0.0, 1.0 ], [ 0.5, 0.809017, -0.309017, 0.0, -0.809017, 0.309017, -0.5, 0.0, -0.309017, 0.5, 0.809017, 0.0, 0.0, 0.0, 0.0, 1.0 ], [ 0.309017, -0.5, -0.809017, 0.0, -0.5, -0.809017, 0.309017, 0.0, -0.809017, 0.309017, -0.5, 0.0, 0.0, 0.0, 0.0, 1.0 ], [ 0.809017, -0.309017, 0.5, 0.0, -0.309017, 0.5, 0.809017, 0.0, -0.5, -0.809017, 0.309017, 0.0, 0.0, 0.0, 0.0, 1.0 ], [ 0.809017, 0.309017, -0.5, 0.0, -0.309017, -0.5, -0.809017, 0.0, -0.5, 0.809017, -0.309017, 0.0, 0.0, 0.0, 0.0, 1.0 ], [ 0.5, -0.809017, 0.309017, 0.0, -0.809017, -0.309017, 0.5, 0.0, -0.309017, -0.5, -0.809017, 0.0, 0.0, 0.0, 0.0, 1.0 ], [ 0.309017, 0.5, 0.809017, 0.0, -0.5, 0.809017, -0.309017, 0.0, -0.809017, -0.309017, 0.5, 0.0, 0.0, 0.0, 0.0, 1.0 ], [ -1.0, 0.0, 0.0, 0.0, 0.0, -1.0, 0.0, 0.0, 0.0, 0.0, 1.0, 0.0, 0.0, 0.0, 0.0, 1.0 ], [ 0.0, 0.0, -1.0, 0.0, -1.0, 0.0, 0.0, 0.0, 0.0, 1.0, 0.0, 0.0, 0.0, 0.0, 0.0, 1.0 ], [ 0.0, -1.0, 0.0, 0.0, 0.0, 0.0, -1.0, 0.0, 1.0, 0.0, 0.0, 0.0, 0.0, 0.0, 0.0, 1.0 ], [ -0.809017, -0.309017, -0.5, 0.0, -0.309017, -0.5, 0.809017, 0.0, -0.5, 0.809017, 0.309017, 0.0, 0.0, 0.0, 0.0, 1.0 ], [ 0.5, -0.809017, -0.309017, 0.0, -0.809017, -0.309017, -0.5, 0.0, 0.309017, 0.5, -0.809017, 0.0, 0.0, 0.0, 0.0, 1.0 ], [ -0.309017, -0.5, 0.809017, 0.0, 0.5, -0.809017, -0.309017, 0.0, 0.809017, 0.309017, 0.5, 0.0, 0.0, 0.0, 0.0, 1.0 ], [ -0.5, -0.809017, -0.309017, 0.0, -0.809017, 0.309017, 0.5, 0.0, -0.309017, 0.5, -0.809017, 0.0, 0.0, 0.0, 0.0, 1.0 ], [ 0.309017, -0.5, 0.809017, 0.0, -0.5, -0.809017, -0.309017, 0.0, 0.809017, -0.309017, -0.5, 0.0, 0.0, 0.0, 0.0, 1.0 ], [ -0.809017, 0.309017, 0.5, 0.0, 0.309017, -0.5, 0.809017, 0.0, 0.5, 0.809017, 0.309017, 0.0, 0.0, 0.0, 0.0, 1.0 ], [ -0.5, -0.809017, 0.309017, 0.0, -0.809017, 0.309017, -0.5, 0.0, 0.309017, -0.5, -0.809017, 0.0, 0.0, 0.0, 0.0, 1.0 ], [ -0.309017, 0.5, 0.809017, 0.0, -0.5, -0.809017, 0.309017, 0.0, 0.809017, -0.309017, 0.5, 0.0, 0.0, 0.0, 0.0, 1.0 ], [ -0.809017, 0.309017, -0.5, 0.0, -0.309017, 0.5, 0.809017, 0.0, 0.5, 0.809017, -0.309017, 0.0, 0.0, 0.0, 0.0, 1.0 ], [ -0.809017, -0.309017, 0.5, 0.0, -0.309017, -0.5, -0.809017, 0.0, 0.5, -0.809017, 0.309017, 0.0, 0.0, 0.0, 0.0, 1.0 ], [ -0.5, 0.809017, -0.309017, 0.0, -0.809017, -0.309017, 0.5, 0.0, 0.309017, 0.5, 0.809017, 0.0, 0.0, 0.0, 0.0, 1.0 ], [ -0.309017, -0.5, -0.809017, 0.0, -0.5, 0.809017, -0.309017, 0.0, 0.809017, 0.309017, -0.5, 0.0, 0.0, 0.0, 0.0, 1.0 ], [ -1.0, 0.0, 0.0, 0.0, 0.0, 1.0, 0.0, 0.0, 0.0, 0.0, -1.0, 0.0, 0.0, 0.0, 0.0, 1.0 ], [ 0.0, 0.0, -1.0, 0.0, 1.0, 0.0, 0.0, 0.0, 0.0, -1.0, 0.0, 0.0, 0.0, 0.0, 0.0, 1.0 ], [ 0.0, -1.0, 0.0, 0.0, 0.0, 0.0, 1.0, 0.0, -1.0, 0.0, 0.0, 0.0, 0.0, 0.0, 0.0, 1.0 ], [ -0.809017, -0.309017, -0.5, 0.0, 0.309017, 0.5, -0.809017, 0.0, 0.5, -0.809017, -0.309017, 0.0, 0.0, 0.0, 0.0, 1.0 ], [ 0.5, -0.809017, -0.309017, 0.0, 0.809017, 0.309017, 0.5, 0.0, -0.309017, -0.5, 0.809017, 0.0, 0.0, 0.0, 0.0, 1.0 ], [ -0.309017, -0.5, 0.809017, 0.0, -0.5, 0.809017, 0.309017, 0.0, -0.809017, -0.309017, -0.5, 0.0, 0.0, 0.0, 0.0, 1.0 ], [ -0.5, -0.809017, -0.309017, 0.0, 0.809017, -0.309017, -0.5, 0.0, 0.309017, -0.5, 0.809017, 0.0, 0.0, 0.0, 0.0, 1.0 ], [ 0.309017, -0.5, 0.809017, 0.0, 0.5, 0.809017, 0.309017, 0.0, -0.809017, 0.309017, 0.5, 0.0, 0.0, 0.0, 0.0, 1.0 ], [ -0.809017, 0.309017, 0.5, 0.0, -0.309017, 0.5, -0.809017, 0.0, -0.5, -0.809017, -0.309017, 0.0, 0.0, 0.0, 0.0, 1.0 ], [ -0.5, -0.809017, 0.309017, 0.0, 0.809017, -0.309017, 0.5, 0.0, -0.309017, 0.5, 0.809017, 0.0, 0.0, 0.0, 0.0, 1.0 ], [ -0.309017, 0.5, 0.809017, 0.0, 0.5, 0.809017, -0.309017, 0.0, -0.809017, 0.309017, -0.5, 0.0, 0.0, 0.0, 0.0, 1.0 ], [ -0.809017, 0.309017, -0.5, 0.0, 0.309017, -0.5, -0.809017, 0.0, -0.5, -0.809017, 0.309017, 0.0, 0.0, 0.0, 0.0, 1.0 ], [ -0.809017, -0.309017, 0.5, 0.0, 0.309017, 0.5, 0.809017, 0.0, -0.5, 0.809017, -0.309017, 0.0, 0.0, 0.0, 0.0, 1.0 ], [ -0.5, 0.809017, -0.309017, 0.0, 0.809017, 0.309017, -0.5, 0.0, -0.309017, -0.5, -0.809017, 0.0, 0.0, 0.0, 0.0, 1.0 ], [ -0.309017, -0.5, -0.809017, 0.0, 0.5, -0.809017, 0.309017, 0.0, -0.809017, -0.309017, 0.5, 0.0, 0.0, 0.0, 0.0, 1.0 ] ],
  "lights" : {
    "directionalLights" : [ {
      "direction" : {
        "x" : 1.0,
        "y" : -1.0,
        "z" : -1.0
      },
      "color" : "#EBEBE4"
    }, {
      "direction" : {
        "x" : -1.0,
        "y" : 0.0,
        "z" : 0.0
      },
      "color" : "#E4E4EB"
    }, {
      "direction" : {
        "x" : 0.0,
        "y" : 0.0,
        "z" : -1.0
      },
      "color" : "#1E1E1E"
    } ],
    "backgroundColor" : "#AFC8DC",
    "ambientColor" : "#292929"
  },
  "camera" : {
    "position" : {
      "x" : 102.01781,
      "y" : 252.65842,
      "z" : 13.996914
    },
    "width" : 122.77728,
    "farClipDistance" : 545.6765,
    "nearClipDistance" : 0.6820958,
    "viewDistance" : 272.83835,
    "lookAtPoint" : {
      "x" : 0.0,
      "y" : 0.0,
      "z" : 0.0
    },
    "fieldOfView" : 0.44262898,
    "perspective" : false,
    "upDirection" : {
      "x" : -0.79775006,
      "y" : 0.34934425,
      "z" : -0.4914588
    },
    "stereo" : false,
    "lookDirection" : {
      "x" : -0.37391302,
      "y" : -0.926037,
      "z" : -0.051301125
    }
  },
  "embedding" : [ 1.0, 0.0, 0.0, 0.0, 0.0, 1.0, 0.0, 0.0, 0.0, 0.0, 1.0, 0.0, 0.0, 0.0, 0.0, 1.0 ],
  "shapes" : [ {
    "id" : "a2eca640-f0fb-42f4-97b2-1bd26ab7bcfc",
    "vertices" : [ {
      "x" : 1.0,
      "y" : 0.309017,
      "z" : 0.19098301
    }, {
      "x" : 1.0,
      "y" : -0.309017,
      "z" : 0.19098301
    }, {
      "x" : 7.472136,
      "y" : -0.309017,
      "z" : 0.19098301
    }, {
      "x" : 7.472136,
      "y" : 0.309017,
      "z" : 0.19098301
    }, {
      "x" : 7.472136,
      "y" : -0.309017,
      "z" : -0.19098301
    }, {
      "x" : 7.472136,
      "y" : 0.309017,
      "z" : -0.19098301
    }, {
      "x" : 8.09017,
      "y" : 0.0,
      "z" : 0.0
    }, {
      "x" : 0.38196602,
      "y" : 0.0,
      "z" : 0.0
    }, {
      "x" : 1.0,
      "y" : 0.309017,
      "z" : -0.19098301
    }, {
      "x" : 1.0,
      "y" : -0.309017,
      "z" : -0.19098301
    }, {
      "x" : 8.472136,
      "y" : 0.0,
      "z" : 0.0
    } ],
    "faces" : [ {
      "vertices" : [ 1, 9, 4 ]
    }, {
      "vertices" : [ 1, 4, 2 ]
    }, {
      "vertices" : [ 0, 3, 5 ]
    }, {
      "vertices" : [ 0, 5, 8 ]
    }, {
      "vertices" : [ 1, 7, 9 ]
    }, {
      "vertices" : [ 0, 1, 2 ]
    }, {
      "vertices" : [ 0, 2, 3 ]
    }, {
      "vertices" : [ 7, 8, 9 ]
    }, {
      "vertices" : [ 0, 7, 1 ]
    }, {
      "vertices" : [ 4, 9, 8 ]
    }, {
      "vertices" : [ 4, 8, 5 ]
    }, {
      "vertices" : [ 2, 6, 3 ]
    }, {
      "vertices" : [ 2, 4, 6 ]
    }, {
      "vertices" : [ 3, 6, 5 ]
    }, {
      "vertices" : [ 4, 5, 6 ]
    }, {
      "vertices" : [ 0, 8, 7 ]
    } ]
  }, {
    "id" : "ebb4a350-2c8e-4719-a5c9-467aacd427d6",
    "vertices" : [ {
      "x" : 7.682488,
      "y" : 1.8229312,
      "z" : -0.26666668
    }, {
      "x" : 7.582488,
      "y" : 1.7229313,
      "z" : 0.13333334
    }, {
      "x" : 0.52686834,
      "y" : 0.27744168,
      "z" : 0.26666668
    }, {
      "x" : 0.6268683,
      "y" : 0.3774417,
      "z" : -0.13333334
    }, {
      "x" : 7.3491545,
      "y" : 2.022931,
      "z" : 0.26666668
    }, {
      "x" : 7.449155,
      "y" : 2.1229312,
      "z" : -0.13333334
    }, {
      "x" : 0.86020166,
      "y" : 0.07744169,
      "z" : -0.26666668
    }, {
      "x" : 0.76020163,
      "y" : -0.022558305,
      "z" : 0.13333334
    } ],
    "faces" : [ {
      "vertices" : [ 2, 3, 6 ]
    }, {
      "vertices" : [ 2, 6, 7 ]
    }, {
      "vertices" : [ 0, 5, 4 ]
    }, {
      "vertices" : [ 0, 4, 1 ]
    }, {
      "vertices" : [ 2, 4, 5 ]
    }, {
      "vertices" : [ 2, 5, 3 ]
    }, {
      "vertices" : [ 0, 6, 3 ]
    }, {
      "vertices" : [ 0, 3, 5 ]
    }, {
      "vertices" : [ 0, 1, 7 ]
    }, {
      "vertices" : [ 0, 7, 6 ]
    }, {
      "vertices" : [ 1, 4, 2 ]
    }, {
      "vertices" : [ 1, 2, 7 ]
    } ]
  }, {
    "id" : "e9fb5b62-50ed-42de-975f-6e3c03f234c3",
    "vertices" : [ {
      "x" : 0.309017,
      "y" : -0.309017,
      "z" : -0.309017
    }, {
      "x" : 0.5,
      "y" : 0.0,
      "z" : -0.19098301
    }, {
      "x" : 0.5,
      "y" : 0.0,
      "z" : 0.19098301
    }, {
      "x" : 0.309017,
      "y" : -0.309017,
      "z" : 0.309017
    }, {
      "x" : 0.19098301,
      "y" : -0.5,
      "z" : 0.0
    }, {
      "x" : 0.0,
      "y" : 0.19098301,
      "z" : 0.5
    }, {
      "x" : 0.0,
      "y" : -0.19098301,
      "z" : 0.5
    }, {
      "x" : 0.309017,
      "y" : 0.309017,
      "z" : 0.309017
    }, {
      "x" : -0.309017,
      "y" : -0.309017,
      "z" : 0.309017
    }, {
      "x" : -0.309017,
      "y" : 0.309017,
      "z" : 0.309017
    }, {
      "x" : -0.5,
      "y" : 0.0,
      "z" : 0.19098301
    }, {
      "x" : 0.0,
      "y" : -0.19098301,
      "z" : -0.5
    }, {
      "x" : 0.0,
      "y" : 0.19098301,
      "z" : -0.5
    }, {
      "x" : 0.309017,
      "y" : 0.309017,
      "z" : -0.309017
    }, {
      "x" : -0.309017,
      "y" : -0.309017,
      "z" : -0.309017
    }, {
      "x" : -0.19098301,
      "y" : -0.5,
      "z" : 0.0
    }, {
      "x" : -0.5,
      "y" : 0.0,
      "z" : -0.19098301
    }, {
      "x" : 0.19098301,
      "y" : 0.5,
      "z" : 0.0
    }, {
      "x" : -0.309017,
      "y" : 0.309017,
      "z" : -0.309017
    }, {
      "x" : 0.0,
      "y" : 0.0,
      "z" : 0.0
    }, {
      "x" : -0.19098301,
      "y" : 0.5,
      "z" : 0.0
    } ],
    "faces" : [ {
      "vertices" : [ 12, 18, 20 ]
    }, {
      "vertices" : [ 12, 20, 17 ]
    }, {
      "vertices" : [ 12, 17, 13 ]
    }, {
      "vertices" : [ 3, 6, 8 ]
    }, {
      "vertices" : [ 3, 8, 15 ]
    }, {
      "vertices" : [ 3, 15, 4 ]
    }, {
      "vertices" : [ 0, 11, 12 ]
    }, {
      "vertices" : [ 0, 12, 13 ]
    }, {
      "vertices" : [ 0, 13, 1 ]
    }, {
      "vertices" : [ 5, 9, 10 ]
    }, {
      "vertices" : [ 5, 10, 8 ]
    }, {
      "vertices" : [ 5, 8, 6 ]
    }, {
      "vertices" : [ 2, 7, 5 ]
    }, {
      "vertices" : [ 2, 5, 6 ]
    }, {
      "vertices" : [ 2, 6, 3 ]
    }, {
      "vertices" : [ 11, 14, 16 ]
    }, {
      "vertices" : [ 11, 16, 18 ]
    }, {
      "vertices" : [ 11, 18, 12 ]
    }, {
      "vertices" : [ 1, 13, 17 ]
    }, {
      "vertices" : [ 1, 17, 7 ]
    }, {
      "vertices" : [ 1, 7, 2 ]
    }, {
      "vertices" : [ 9, 20, 18 ]
    }, {
      "vertices" : [ 9, 18, 16 ]
    }, {
      "vertices" : [ 9, 16, 10 ]
    }, {
      "vertices" : [ 0, 1, 2 ]
    }, {
      "vertices" : [ 0, 2, 3 ]
    }, {
      "vertices" : [ 0, 3, 4 ]
    }, {
      "vertices" : [ 5, 7, 17 ]
    }, {
      "vertices" : [ 5, 17, 20 ]
    }, {
      "vertices" : [ 5, 20, 9 ]
    }, {
      "vertices" : [ 0, 4, 15 ]
    }, {
      "vertices" : [ 0, 15, 14 ]
    }, {
      "vertices" : [ 0, 14, 11 ]
    }, {
      "vertices" : [ 8, 10, 16 ]
    }, {
      "vertices" : [ 8, 16, 14 ]
    }, {
      "vertices" : [ 8, 14, 15 ]
    } ]
  } ],
  "instances" : [ {
    "shape" : "a2eca640-f0fb-42f4-97b2-1bd26ab7bcfc",
    "color" : "#CC0000",
    "position" : {
      "x" : 15.194848,
      "y" : -3.1858816,
      "z" : 12.84656
    },
    "orientation" : 41
  }, {
    "shape" : "ebb4a350-2c8e-4719-a5c9-467aacd427d6",
    "color" : "#CC0000",
    "position" : {
      "x" : 16.681492,
      "y" : -8.989797,
      "z" : 6.854102
    },
    "orientation" : 7
  }, {
    "shape" : "ebb4a350-2c8e-4719-a5c9-467aacd427d6",
    "color" : "#FFFFFF",
    "position" : {
      "x" : -0.13138984,
      "y" : 7.9042883,
      "z" : 17.082628
    },
    "orientation" : 55
  }, {
    "shape" : "e9fb5b62-50ed-42de-975f-6e3c03f234c3",
    "color" : "#FFFFFF",
    "position" : {
      "x" : -1.618034,
      "y" : 13.708204,
      "z" : -11.09017
    }
  }, {
    "shape" : "a2eca640-f0fb-42f4-97b2-1bd26ab7bcfc",
    "color" : "#007695",
    "position" : {
      "x" : -16.681492,
      "y" : 8.989797,
      "z" : 6.854102
    },
    "orientation" : 52
  }, {
    "shape" : "ebb4a350-2c8e-4719-a5c9-467aacd427d6",
    "color" : "#FFFFFF",
    "position" : {
      "x" : -9.827391,
      "y" : 11.607831,
      "z" : -11.09017
    },
    "orientation" : 0
  }, {
    "shape" : "a2eca640-f0fb-42f4-97b2-1bd26ab7bcfc",
    "color" : "#CC0000",
    "position" : {
      "x" : -19.299526,
      "y" : 4.753729,
      "z" : 0.0
    },
    "orientation" : 52
  }, {
    "shape" : "ebb4a350-2c8e-4719-a5c9-467aacd427d6",
    "color" : "#FFFFFF",
    "position" : {
      "x" : 5.236068,
      "y" : 16.326239,
      "z" : -6.854102
    },
    "orientation" : 25
  }, {
    "shape" : "a2eca640-f0fb-42f4-97b2-1bd26ab7bcfc",
    "color" : "#007695",
    "position" : {
      "x" : -0.13138984,
      "y" : 7.9042883,
      "z" : -17.082628
    },
    "orientation" : 24
  }, {
    "shape" : "e9fb5b62-50ed-42de-975f-6e3c03f234c3",
    "color" : "#FFFFFF",
    "position" : {
      "x" : 12.09017,
      "y" : 13.708204,
      "z" : -2.618034
    }
  }, {
    "shape" : "a2eca640-f0fb-42f4-97b2-1bd26ab7bcfc",
    "color" : "#007695",
    "position" : {
      "x" : -9.827391,
      "y" : 11.607831,
      "z" : 11.09017
    },
    "orientation" : 52
  }, {
    "shape" : "a2eca640-f0fb-42f4-97b2-1bd26ab7bcfc",
    "color" : "#007695",
    "position" : {
      "x" : -0.13138984,
      "y" : 7.9042883,
      "z" : -17.082628
    },
    "orientation" : 11
  }, {
    "shape" : "a2eca640-f0fb-42f4-97b2-1bd26ab7bcfc",
    "color" : "#007695",
    "position" : {
      "x" : 15.194848,
      "y" : -3.1858816,
      "z" : -12.84656
    },
    "orientation" : 10
  }, {
    "shape" : "ebb4a350-2c8e-4719-a5c9-467aacd427d6",
    "color" : "#CC0000",
    "position" : {
      "x" : -4.104678,
      "y" : -1.0501864,
      "z" : -19.700663
    },
    "orientation" : 0
  }, {
    "shape" : "ebb4a350-2c8e-4719-a5c9-467aacd427d6",
    "color" : "#FFFFFF",
    "position" : {
      "x" : -0.13138984,
      "y" : 7.9042883,
      "z" : 17.082628
    },
    "orientation" : 30
  }, {
    "shape" : "a2eca640-f0fb-42f4-97b2-1bd26ab7bcfc",
    "color" : "#007695",
    "position" : {
      "x" : 6.722712,
      "y" : 10.522323,
      "z" : 12.84656
    },
    "orientation" : 41
  }, {
    "shape" : "e9fb5b62-50ed-42de-975f-6e3c03f234c3",
    "color" : "#FFFFFF",
    "position" : {
      "x" : 5.236068,
      "y" : 16.326239,
      "z" : 6.854102
    }
  }, {
    "shape" : "e9fb5b62-50ed-42de-975f-6e3c03f234c3",
    "color" : "#FFFFFF",
    "position" : {
      "x" : 19.299526,
      "y" : -4.753729,
      "z" : 0.0
    }
  }, {
    "shape" : "e9fb5b62-50ed-42de-975f-6e3c03f234c3",
    "color" : "#FFFFFF",
    "position" : {
      "x" : -0.13138984,
      "y" : 7.9042883,
      "z" : -17.082628
    }
  }, {
    "shape" : "a2eca640-f0fb-42f4-97b2-1bd26ab7bcfc",
    "color" : "#007695",
    "position" : {
      "x" : 7.854102,
      "y" : 20.562305,
      "z" : 0.0
    },
    "orientation" : 53
  }, {
    "shape" : "ebb4a350-2c8e-4719-a5c9-467aacd427d6",
    "color" : "#FFFFFF",
    "position" : {
      "x" : -1.618034,
      "y" : 13.708204,
      "z" : 11.09017
    },
    "orientation" : 30
  }, {
    "shape" : "e9fb5b62-50ed-42de-975f-6e3c03f234c3",
    "color" : "#FFFFFF",
    "position" : {
      "x" : 6.722712,
      "y" : 10.522323,
      "z" : 12.84656
    }
  }, {
    "shape" : "ebb4a350-2c8e-4719-a5c9-467aacd427d6",
    "color" : "#FFFFFF",
    "position" : {
      "x" : -8.340746,
      "y" : 5.8039155,
      "z" : -17.082628
    },
    "orientation" : 0
  }, {
    "shape" : "e9fb5b62-50ed-42de-975f-6e3c03f234c3",
    "color" : "#FFFFFF",
    "position" : {
      "x" : 15.194848,
      "y" : -3.1858816,
      "z" : 12.84656
    }
  }, {
    "shape" : "e9fb5b62-50ed-42de-975f-6e3c03f234c3",
    "color" : "#FFFFFF",
    "position" : {
      "x" : -15.194848,
      "y" : 3.1858816,
      "z" : 12.84656
    }
  }, {
    "shape" : "a2eca640-f0fb-42f4-97b2-1bd26ab7bcfc",
    "color" : "#007695",
    "position" : {
      "x" : 17.812881,
      "y" : 1.0501864,
      "z" : 5.992458
    },
    "orientation" : 51
  }, {
    "shape" : "e9fb5b62-50ed-42de-975f-6e3c03f234c3",
    "color" : "#FFFFFF",
    "position" : {
      "x" : 17.812881,
      "y" : 1.0501864,
      "z" : -5.992458
    }
  }, {
    "shape" : "e9fb5b62-50ed-42de-975f-6e3c03f234c3",
    "color" : "#FFFFFF",
    "position" : {
      "x" : -7.2093563,
      "y" : 15.843899,
      "z" : -4.236068
    }
  }, {
    "shape" : "a2eca640-f0fb-42f4-97b2-1bd26ab7bcfc",
    "color" : "#007695",
    "position" : {
      "x" : 10.95878,
      "y" : 3.6682205,
      "z" : 15.464594
    },
    "orientation" : 54
  }, {
    "shape" : "ebb4a350-2c8e-4719-a5c9-467aacd427d6",
    "color" : "#CC0000",
    "position" : {
      "x" : 4.104678,
      "y" : 1.0501864,
      "z" : 19.700663
    },
    "orientation" : 30
  }, {
    "shape" : "e9fb5b62-50ed-42de-975f-6e3c03f234c3",
    "color" : "#FFFFFF",
    "position" : {
      "x" : 4.104678,
      "y" : 1.0501864,
      "z" : -19.700663
    }
  }, {
    "shape" : "e9fb5b62-50ed-42de-975f-6e3c03f234c3",
    "color" : "#FFFFFF",
    "position" : {
      "x" : 16.681492,
      "y" : -8.989797,
      "z" : 6.854102
    }
  }, {
    "shape" : "a2eca640-f0fb-42f4-97b2-1bd26ab7bcfc",
    "color" : "#007695",
    "position" : {
      "x" : -7.2093563,
      "y" : 15.843899,
      "z" : 4.236068
    },
    "orientation" : 53
  }, {
    "shape" : "e9fb5b62-50ed-42de-975f-6e3c03f234c3",
    "color" : "#FFFFFF",
    "position" : {
      "x" : 6.722712,
      "y" : 10.522323,
      "z" : -12.84656
    }
  }, {
    "shape" : "e9fb5b62-50ed-42de-975f-6e3c03f234c3",
    "color" : "#FFFFFF",
    "position" : {
      "x" : 13.576814,
      "y" : 7.9042883,
      "z" : 8.610492
    }
  }, {
    "shape" : "a2eca640-f0fb-42f4-97b2-1bd26ab7bcfc",
    "color" : "#007695",
    "position" : {
      "x" : 9.340746,
      "y" : 14.75839,
      "z" : 5.992458
    },
    "orientation" : 40
  }, {
    "shape" : "ebb4a350-2c8e-4719-a5c9-467aacd427d6",
    "color" : "#CC0000",
    "position" : {
      "x" : -15.194848,
      "y" : 3.1858816,
      "z" : 12.84656
    },
    "orientation" : 55
  }, {
    "shape" : "e9fb5b62-50ed-42de-975f-6e3c03f234c3",
    "color" : "#FFFFFF",
    "position" : {
      "x" : 8.340746,
      "y" : -5.8039155,
      "z" : -17.082628
    }
  }, {
    "shape" : "a2eca640-f0fb-42f4-97b2-1bd26ab7bcfc",
    "color" : "#007695",
    "position" : {
      "x" : -7.2093563,
      "y" : 15.843899,
      "z" : 4.236068
    },
    "orientation" : 23
  }, {
    "shape" : "e9fb5b62-50ed-42de-975f-6e3c03f234c3",
    "color" : "#FFFFFF",
    "position" : {
      "x" : 17.812881,
      "y" : 1.0501864,
      "z" : 5.992458
    }
  }, {
    "shape" : "a2eca640-f0fb-42f4-97b2-1bd26ab7bcfc",
    "color" : "#007695",
    "position" : {
      "x" : 1.0,
      "y" : 17.944271,
      "z" : -4.236068
    },
    "orientation" : 22
  }, {
    "shape" : "a2eca640-f0fb-42f4-97b2-1bd26ab7bcfc",
    "color" : "#007695",
    "position" : {
      "x" : -9.827391,
      "y" : 11.607831,
      "z" : 11.09017
    },
    "orientation" : 53
  }, {
    "shape" : "a2eca640-f0fb-42f4-97b2-1bd26ab7bcfc",
    "color" : "#CC0000",
    "position" : {
      "x" : 4.104678,
      "y" : 1.0501864,
      "z" : -19.700663
    },
    "orientation" : 21
  }, {
    "shape" : "e9fb5b62-50ed-42de-975f-6e3c03f234c3",
    "color" : "#FFFFFF",
    "position" : {
      "x" : 8.340746,
      "y" : -5.8039155,
      "z" : 17.082628
    }
  }, {
    "shape" : "a2eca640-f0fb-42f4-97b2-1bd26ab7bcfc",
    "color" : "#CC0000",
    "position" : {
      "x" : 19.299526,
      "y" : -4.753729,
      "z" : 0.0
    },
    "orientation" : 40
  }, {
    "shape" : "a2eca640-f0fb-42f4-97b2-1bd26ab7bcfc",
    "color" : "#007695",
    "position" : {
      "x" : -0.35525432,
      "y" : 18.461933,
      "z" : 0.0
    },
    "orientation" : 53
  }, {
    "shape" : "a2eca640-f0fb-42f4-97b2-1bd26ab7bcfc",
    "color" : "#007695",
    "position" : {
      "x" : 16.326239,
      "y" : 6.854102,
      "z" : 0.0
    },
    "orientation" : 51
  }, {
    "shape" : "a2eca640-f0fb-42f4-97b2-1bd26ab7bcfc",
    "color" : "#CC0000",
    "position" : {
      "x" : -16.681492,
      "y" : 8.989797,
      "z" : 6.854102
    },
    "orientation" : 22
  }, {
    "shape" : "a2eca640-f0fb-42f4-97b2-1bd26ab7bcfc",
    "color" : "#007695",
    "position" : {
      "x" : -1.618034,
      "y" : 13.708204,
      "z" : 11.09017
    },
    "orientation" : 52
  }, {
    "shape" : "e9fb5b62-50ed-42de-975f-6e3c03f234c3",
    "color" : "#FFFFFF",
    "position" : {
      "x" : -7.2093563,
      "y" : 15.843899,
      "z" : 4.236068
    }
  }, {
    "shape" : "e9fb5b62-50ed-42de-975f-6e3c03f234c3",
    "color" : "#FFFFFF",
    "position" : {
      "x" : 1.0,
      "y" : 17.944271,
      "z" : 4.236068
    }
  }, {
    "shape" : "ebb4a350-2c8e-4719-a5c9-467aacd427d6",
    "color" : "#FFFFFF",
    "position" : {
      "x" : 6.722712,
      "y" : 10.522323,
      "z" : 12.84656
    },
    "orientation" : 55
  }, {
    "shape" : "a2eca640-f0fb-42f4-97b2-1bd26ab7bcfc",
    "color" : "#007695",
    "position" : {
      "x" : 9.340746,
      "y" : 14.75839,
      "z" : -5.992458
    },
    "orientation" : 24
  }, {
    "shape" : "e9fb5b62-50ed-42de-975f-6e3c03f234c3",
    "color" : "#FFFFFF",
    "position" : {
      "x" : -16.681492,
      "y" : 8.989797,
      "z" : -6.854102
    }
  }, {
    "shape" : "ebb4a350-2c8e-4719-a5c9-467aacd427d6",
    "color" : "#FFFFFF",
    "position" : {
      "x" : 17.812881,
      "y" : 1.0501864,
      "z" : -5.992458
    },
    "orientation" : 37
  }, {
    "shape" : "a2eca640-f0fb-42f4-97b2-1bd26ab7bcfc",
    "color" : "#007695",
    "position" : {
      "x" : 13.576814,
      "y" : 7.9042883,
      "z" : 8.610492
    },
    "orientation" : 54
  }, {
    "shape" : "e9fb5b62-50ed-42de-975f-6e3c03f234c3",
    "color" : "#FFFFFF",
    "position" : {
      "x" : -16.681492,
      "y" : 8.989797,
      "z" : 6.854102
    }
  }, {
    "shape" : "e9fb5b62-50ed-42de-975f-6e3c03f234c3",
    "color" : "#FFFFFF",
    "position" : {
      "x" : 13.576814,
      "y" : 7.9042883,
      "z" : -8.610492
    }
  }, {
    "shape" : "a2eca640-f0fb-42f4-97b2-1bd26ab7bcfc",
    "color" : "#007695",
    "position" : {
      "x" : 5.236068,
      "y" : 16.326239,
      "z" : 6.854102
    },
    "orientation" : 41
  }, {
    "shape" : "a2eca640-f0fb-42f4-97b2-1bd26ab7bcfc",
    "color" : "#CC0000",
    "position" : {
      "x" : 8.340746,
      "y" : -5.8039155,
      "z" : 17.082628
    },
    "orientation" : 51
  }, {
    "shape" : "a2eca640-f0fb-42f4-97b2-1bd26ab7bcfc",
    "color" : "#007695",
    "position" : {
      "x" : -14.063458,
      "y" : 13.225865,
      "z" : 0.0
    },
    "orientation" : 23
  }, {
    "shape" : "a2eca640-f0fb-42f4-97b2-1bd26ab7bcfc",
    "color" : "#CC0000",
    "position" : {
      "x" : -8.340746,
      "y" : 5.8039155,
      "z" : 17.082628
    },
    "orientation" : 53
  }, {
    "shape" : "e9fb5b62-50ed-42de-975f-6e3c03f234c3",
    "color" : "#FFFFFF",
    "position" : {
      "x" : -4.104678,
      "y" : -1.0501864,
      "z" : -19.700663
    }
  }, {
    "shape" : "e9fb5b62-50ed-42de-975f-6e3c03f234c3",
    "color" : "#FFFFFF",
    "position" : {
      "x" : -15.194848,
      "y" : 3.1858816,
      "z" : -12.84656
    }
  }, {
    "shape" : "ebb4a350-2c8e-4719-a5c9-467aacd427d6",
    "color" : "#CC0000",
    "position" : {
      "x" : 15.194848,
      "y" : -3.1858816,
      "z" : -12.84656
    },
    "orientation" : 37
  }, {
    "shape" : "e9fb5b62-50ed-42de-975f-6e3c03f234c3",
    "color" : "#FFFFFF",
    "position" : {
      "x" : 12.09017,
      "y" : 13.708204,
      "z" : 2.618034
    }
  }, {
    "shape" : "e9fb5b62-50ed-42de-975f-6e3c03f234c3",
    "color" : "#FFFFFF",
    "position" : {
      "x" : 15.194848,
      "y" : -3.1858816,
      "z" : -12.84656
    }
  }, {
    "shape" : "ebb4a350-2c8e-4719-a5c9-467aacd427d6",
    "color" : "#FFFFFF",
    "position" : {
      "x" : -8.340746,
      "y" : 5.8039155,
      "z" : 17.082628
    },
    "orientation" : 55
  }, {
    "shape" : "a2eca640-f0fb-42f4-97b2-1bd26ab7bcfc",
    "color" : "#007695",
    "position" : {
      "x" : 7.854102,
      "y" : 20.562305,
      "z" : 0.0
    },
    "orientation" : 22
  }, {
    "shape" : "e9fb5b62-50ed-42de-975f-6e3c03f234c3",
    "color" : "#FFFFFF",
    "position" : {
      "x" : -0.13138984,
      "y" : 7.9042883,
      "z" : 17.082628
    }
  }, {
    "shape" : "ebb4a350-2c8e-4719-a5c9-467aacd427d6",
    "color" : "#FFFFFF",
    "position" : {
      "x" : -9.827391,
      "y" : 11.607831,
      "z" : -11.09017
    },
    "orientation" : 25
  }, {
    "shape" : "e9fb5b62-50ed-42de-975f-6e3c03f234c3",
    "color" : "#FFFFFF",
    "position" : {
      "x" : -8.340746,
      "y" : 5.8039155,
      "z" : 17.082628
    }
  }, {
    "shape" : "a2eca640-f0fb-42f4-97b2-1bd26ab7bcfc",
    "color" : "#CC0000",
    "position" : {
      "x" : 16.681492,
      "y" : -8.989797,
      "z" : -6.854102
    },
    "orientation" : 10
  }, {
    "shape" : "a2eca640-f0fb-42f4-97b2-1bd26ab7bcfc",
    "color" : "#007695",
    "position" : {
      "x" : 10.95878,
      "y" : 3.6682205,
      "z" : -15.464594
    },
    "orientation" : 10
  }, {
    "shape" : "a2eca640-f0fb-42f4-97b2-1bd26ab7bcfc",
    "color" : "#CC0000",
    "position" : {
      "x" : 8.340746,
      "y" : -5.8039155,
      "z" : -17.082628
    },
    "orientation" : 11
  }, {
    "shape" : "a2eca640-f0fb-42f4-97b2-1bd26ab7bcfc",
    "color" : "#007695",
    "position" : {
      "x" : 15.194848,
      "y" : -3.1858816,
      "z" : 12.84656
    },
    "orientation" : 51
  }, {
    "shape" : "a2eca640-f0fb-42f4-97b2-1bd26ab7bcfc",
    "color" : "#007695",
    "position" : {
      "x" : -14.063458,
      "y" : 13.225865,
      "z" : 0.0
    },
    "orientation" : 22
  }, {
    "shape" : "a2eca640-f0fb-42f4-97b2-1bd26ab7bcfc",
    "color" : "#007695",
    "position" : {
      "x" : 4.104678,
      "y" : 1.0501864,
      "z" : 19.700663
    },
    "orientation" : 54
  }, {
    "shape" : "e9fb5b62-50ed-42de-975f-6e3c03f234c3",
    "color" : "#FFFFFF",
    "position" : {
      "x" : -9.827391,
      "y" : 11.607831,
      "z" : 11.09017
    }
  }, {
    "shape" : "a2eca640-f0fb-42f4-97b2-1bd26ab7bcfc",
    "color" : "#007695",
    "position" : {
      "x" : 12.09017,
      "y" : 13.708204,
      "z" : -2.618034
    },
    "orientation" : 21
  }, {
    "shape" : "a2eca640-f0fb-42f4-97b2-1bd26ab7bcfc",
    "color" : "#007695",
    "position" : {
      "x" : -7.2093563,
      "y" : 15.843899,
      "z" : -4.236068
    },
    "orientation" : 22
  }, {
    "shape" : "e9fb5b62-50ed-42de-975f-6e3c03f234c3",
    "color" : "#FFFFFF",
    "position" : {
      "x" : 9.340746,
      "y" : 14.75839,
      "z" : -5.992458
    }
  }, {
    "shape" : "e9fb5b62-50ed-42de-975f-6e3c03f234c3",
    "color" : "#FFFFFF",
    "position" : {
      "x" : 4.104678,
      "y" : 1.0501864,
      "z" : 19.700663
    }
  }, {
    "shape" : "ebb4a350-2c8e-4719-a5c9-467aacd427d6",
    "color" : "#FFFFFF",
    "position" : {
      "x" : 9.340746,
      "y" : 14.75839,
      "z" : 5.992458
    },
    "orientation" : 55
  }, {
    "shape" : "a2eca640-f0fb-42f4-97b2-1bd26ab7bcfc",
    "color" : "#007695",
    "position" : {
      "x" : 10.95878,
      "y" : 3.6682205,
      "z" : -15.464594
    },
    "orientation" : 21
  }, {
    "shape" : "e9fb5b62-50ed-42de-975f-6e3c03f234c3",
    "color" : "#FFFFFF",
    "position" : {
      "x" : 9.340746,
      "y" : 14.75839,
      "z" : 5.992458
    }
  }, {
    "shape" : "ebb4a350-2c8e-4719-a5c9-467aacd427d6",
    "color" : "#FFFFFF",
    "position" : {
      "x" : -7.2093563,
      "y" : 15.843899,
      "z" : -4.236068
    },
    "orientation" : 0
  }, {
    "shape" : "a2eca640-f0fb-42f4-97b2-1bd26ab7bcfc",
    "color" : "#CC0000",
    "position" : {
      "x" : -15.194848,
      "y" : 3.1858816,
      "z" : -12.84656
    },
    "orientation" : 23
  }, {
    "shape" : "a2eca640-f0fb-42f4-97b2-1bd26ab7bcfc",
    "color" : "#007695",
    "position" : {
      "x" : 7.854102,
      "y" : 20.562305,
      "z" : 0.0
    },
    "orientation" : 41
  }, {
    "shape" : "e9fb5b62-50ed-42de-975f-6e3c03f234c3",
    "color" : "#FFFFFF",
    "position" : {
      "x" : -19.299526,
      "y" : 4.753729,
      "z" : 0.0
    }
  }, {
    "shape" : "a2eca640-f0fb-42f4-97b2-1bd26ab7bcfc",
    "color" : "#CC0000",
    "position" : {
      "x" : -4.104678,
      "y" : -1.0501864,
      "z" : 19.700663
    },
    "orientation" : 54
  }, {
    "shape" : "e9fb5b62-50ed-42de-975f-6e3c03f234c3",
    "color" : "#FFFFFF",
    "position" : {
      "x" : 10.95878,
      "y" : 3.6682205,
      "z" : -15.464594
    }
  }, {
    "shape" : "a2eca640-f0fb-42f4-97b2-1bd26ab7bcfc",
    "color" : "#007695",
    "position" : {
      "x" : 13.576814,
      "y" : 7.9042883,
      "z" : 8.610492
    },
    "orientation" : 40
  }, {
    "shape" : "a2eca640-f0fb-42f4-97b2-1bd26ab7bcfc",
    "color" : "#007695",
    "position" : {
      "x" : 13.576814,
      "y" : 7.9042883,
      "z" : -8.610492
    },
    "orientation" : 21
  }, {
    "shape" : "ebb4a350-2c8e-4719-a5c9-467aacd427d6",
    "color" : "#FFFFFF",
    "position" : {
      "x" : 12.09017,
      "y" : 13.708204,
      "z" : 2.618034
    },
    "orientation" : 37
  }, {
    "shape" : "ebb4a350-2c8e-4719-a5c9-467aacd427d6",
    "color" : "#FFFFFF",
    "position" : {
      "x" : -0.35525432,
      "y" : 18.461933,
      "z" : 0.0
    },
    "orientation" : 0
  }, {
    "shape" : "a2eca640-f0fb-42f4-97b2-1bd26ab7bcfc",
    "color" : "#007695",
    "position" : {
      "x" : 4.104678,
      "y" : 1.0501864,
      "z" : -19.700663
    },
    "orientation" : 11
  }, {
    "shape" : "ebb4a350-2c8e-4719-a5c9-467aacd427d6",
    "color" : "#FFFFFF",
    "position" : {
      "x" : 17.812881,
      "y" : 1.0501864,
      "z" : -5.992458
    },
    "orientation" : 7
  }, {
    "shape" : "e9fb5b62-50ed-42de-975f-6e3c03f234c3",
    "color" : "#FFFFFF",
    "position" : {
      "x" : 16.681492,
      "y" : -8.989797,
      "z" : -6.854102
    }
  }, {
    "shape" : "ebb4a350-2c8e-4719-a5c9-467aacd427d6",
    "color" : "#FFFFFF",
    "position" : {
      "x" : 13.576814,
      "y" : 7.9042883,
      "z" : -8.610492
    },
    "orientation" : 7
  }, {
    "shape" : "ebb4a350-2c8e-4719-a5c9-467aacd427d6",
    "color" : "#FFFFFF",
    "position" : {
      "x" : 16.326239,
      "y" : 6.854102,
      "z" : 0.0
    },
    "orientation" : 37
  }, {
    "shape" : "e9fb5b62-50ed-42de-975f-6e3c03f234c3",
    "color" : "#FFFFFF",
    "position" : {
      "x" : -14.063458,
      "y" : 13.225865,
      "z" : 0.0
    }
  }, {
    "shape" : "e9fb5b62-50ed-42de-975f-6e3c03f234c3",
    "color" : "#FFFFFF",
    "position" : {
      "x" : -8.340746,
      "y" : 5.8039155,
      "z" : -17.082628
    }
  }, {
    "shape" : "e9fb5b62-50ed-42de-975f-6e3c03f234c3",
    "color" : "#FFFFFF",
    "position" : {
      "x" : 0.0,
      "y" : 0.0,
      "z" : 0.0
    }
  }, {
    "shape" : "a2eca640-f0fb-42f4-97b2-1bd26ab7bcfc",
    "color" : "#007695",
    "position" : {
      "x" : 7.854102,
      "y" : 20.562305,
      "z" : 0.0
    },
    "orientation" : 21
  }, {
    "shape" : "e9fb5b62-50ed-42de-975f-6e3c03f234c3",
    "color" : "#FFFFFF",
    "position" : {
      "x" : 10.95878,
      "y" : 3.6682205,
      "z" : 15.464594
    }
  }, {
    "shape" : "ebb4a350-2c8e-4719-a5c9-467aacd427d6",
    "color" : "#FFFFFF",
    "position" : {
      "x" : 19.299526,
      "y" : -4.753729,
      "z" : 0.0
    },
    "orientation" : 7
  }, {
    "shape" : "ebb4a350-2c8e-4719-a5c9-467aacd427d6",
    "color" : "#FFFFFF",
    "position" : {
      "x" : 9.340746,
      "y" : 14.75839,
      "z" : -5.992458
    },
    "orientation" : 7
  }, {
    "shape" : "ebb4a350-2c8e-4719-a5c9-467aacd427d6",
    "color" : "#FFFFFF",
    "position" : {
      "x" : 1.0,
      "y" : 17.944271,
      "z" : 4.236068
    },
    "orientation" : 30
  }, {
    "shape" : "e9fb5b62-50ed-42de-975f-6e3c03f234c3",
    "color" : "#FFFFFF",
    "position" : {
      "x" : 16.326239,
      "y" : 6.854102,
      "z" : 0.0
    }
  }, {
    "shape" : "a2eca640-f0fb-42f4-97b2-1bd26ab7bcfc",
    "color" : "#007695",
    "position" : {
      "x" : 10.95878,
      "y" : 3.6682205,
      "z" : 15.464594
    },
    "orientation" : 41
  }, {
    "shape" : "e9fb5b62-50ed-42de-975f-6e3c03f234c3",
    "color" : "#FFFFFF",
    "position" : {
      "x" : -4.104678,
      "y" : -1.0501864,
      "z" : 19.700663
    }
  }, {
    "shape" : "ebb4a350-2c8e-4719-a5c9-467aacd427d6",
    "color" : "#FFFFFF",
    "position" : {
      "x" : -1.618034,
      "y" : 13.708204,
      "z" : -11.09017
    },
    "orientation" : 25
  }, {
    "shape" : "a2eca640-f0fb-42f4-97b2-1bd26ab7bcfc",
    "color" : "#007695",
    "position" : {
      "x" : 6.722712,
      "y" : 10.522323,
      "z" : -12.84656
    },
    "orientation" : 24
  }, {
    "shape" : "a2eca640-f0fb-42f4-97b2-1bd26ab7bcfc",
    "color" : "#CC0000",
    "position" : {
      "x" : -8.340746,
      "y" : 5.8039155,
      "z" : -17.082628
    },
    "orientation" : 24
  }, {
    "shape" : "a2eca640-f0fb-42f4-97b2-1bd26ab7bcfc",
    "color" : "#007695",
    "position" : {
      "x" : 17.812881,
      "y" : 1.0501864,
      "z" : 5.992458
    },
    "orientation" : 40
  }, {
    "shape" : "ebb4a350-2c8e-4719-a5c9-467aacd427d6",
    "color" : "#CC0000",
    "position" : {
      "x" : -16.681492,
      "y" : 8.989797,
      "z" : -6.854102
    },
    "orientation" : 25
  }, {
    "shape" : "e9fb5b62-50ed-42de-975f-6e3c03f234c3",
    "color" : "#FFFFFF",
    "position" : {
      "x" : -9.827391,
      "y" : 11.607831,
      "z" : -11.09017
    }
  }, {
    "shape" : "a2eca640-f0fb-42f4-97b2-1bd26ab7bcfc",
    "color" : "#007695",
    "position" : {
      "x" : 7.854102,
      "y" : 20.562305,
      "z" : 0.0
    },
    "orientation" : 24
  }, {
    "shape" : "e9fb5b62-50ed-42de-975f-6e3c03f234c3",
    "color" : "#FFFFFF",
    "position" : {
      "x" : 5.236068,
      "y" : 16.326239,
      "z" : -6.854102
    }
  }, {
    "shape" : "a2eca640-f0fb-42f4-97b2-1bd26ab7bcfc",
    "color" : "#007695",
    "position" : {
      "x" : -16.681492,
      "y" : 8.989797,
      "z" : -6.854102
    },
    "orientation" : 23
  }, {
    "shape" : "e9fb5b62-50ed-42de-975f-6e3c03f234c3",
    "color" : "#FFFFFF",
    "position" : {
      "x" : -0.35525432,
      "y" : 18.461933,
      "z" : 0.0
    }
  }, {
    "shape" : "a2eca640-f0fb-42f4-97b2-1bd26ab7bcfc",
    "color" : "#007695",
    "position" : {
      "x" : 7.854102,
      "y" : 20.562305,
      "z" : 0.0
    },
    "orientation" : 40
  }, {
    "shape" : "a2eca640-f0fb-42f4-97b2-1bd26ab7bcfc",
    "color" : "#007695",
    "position" : {
      "x" : 6.722712,
      "y" : 10.522323,
      "z" : -12.84656
    },
    "orientation" : 10
  }, {
    "shape" : "e9fb5b62-50ed-42de-975f-6e3c03f234c3",
    "color" : "#FFFFFF",
    "position" : {
      "x" : -1.618034,
      "y" : 13.708204,
      "z" : 11.09017
    }
  }, {
    "shape" : "a2eca640-f0fb-42f4-97b2-1bd26ab7bcfc",
    "color" : "#007695",
    "position" : {
      "x" : -1.618034,
      "y" : 13.708204,
      "z" : -11.09017
    },
    "orientation" : 11
  }, {
    "shape" : "e9fb5b62-50ed-42de-975f-6e3c03f234c3",
    "color" : "#FFFFFF",
    "position" : {
      "x" : 7.854102,
      "y" : 20.562305,
      "z" : 0.0
    }
  }, {
    "shape" : "e9fb5b62-50ed-42de-975f-6e3c03f234c3",
    "color" : "#FFFFFF",
    "position" : {
      "x" : 1.0,
      "y" : 17.944271,
      "z" : -4.236068
    }
  } ]
}