{
  "polygons" : "true",
  "field" : "golden",
  "symmetry" : "icosahedral",
  "orientations" : [ [ 1.0, 0.0, 0.0, 0.0, 0.0, 1.0, 0.0, 0.0, 0.0, 0.0, 1.0, 0.0, 0.0, 0.0, 0.0, 1.0 ], [ 0.0, 0.0, 1.0, 0.0, 1.0, 0.0, 0.0, 0.0, 0.0, 1.0, 0.0, 0.0, 0.0, 0.0, 0.0, 1.0 ], [ 0.0, 1.0, 0.0, 0.0, 0.0, 0.0, 1.0, 0.0, 1.0, 0.0, 0.0, 0.0, 0.0, 0.0, 0.0, 1.0 ], [ 0.809017, 0.309017, 0.5, 0.0, 0.309017, 0.5, -0.809017, 0.0, -0.5, 0.809017, 0.309017, 0.0, 0.0, 0.0, 0.0, 1.0 ], [ -0.5, 0.809017, 0.309017, 0.0, 0.809017, 0.309017, 0.5, 0.0, 0.309017, 0.5, -0.809017, 0.0, 0.0, 0.0, 0.0, 1.0 ], [ 0.309017, 0.5, -0.809017, 0.0, -0.5, 0.809017, 0.309017, 0.0, 0.809017, 0.309017, 0.5, 0.0, 0.0, 0.0, 0.0, 1.0 ], [ 0.5, 0.809017, 0.309017, 0.0, 0.809017, -0.309017, -0.5, 0.0, -0.309017, 0.5, -0.809017, 0.0, 0.0, 0.0, 0.0, 1.0 ], [ -0.309017, 0.5, -0.809017, 0.0, 0.5, 0.809017, 0.309017, 0.0, 0.809017, -0.309017, -0.5, 0.0, 0.0, 0.0, 0.0, 1.0 ], [ 0.809017, -0.309017, -0.5, 0.0, -0.309017, 0.5, -0.809017, 0.0, 0.5, 0.809017, 0.309017, 0.0, 0.0, 0.0, 0.0, 1.0 ], [ 0.5, 0.809017, -0.309017, 0.0, 0.809017, -0.309017, 0.5, 0.0, 0.309017, -0.5, -0.809017, 0.0, 0.0, 0.0, 0.0, 1.0 ], [ 0.309017, -0.5, -0.809017, 0.0, 0.5, 0.809017, -0.309017, 0.0, 0.809017, -0.309017, 0.5, 0.0, 0.0, 0.0, 0.0, 1.0 ], [ 0.809017, -0.309017, 0.5, 0.0, 0.309017, -0.5, -0.809017, 0.0, 0.5, 0.809017, -0.309017, 0.0, 0.0, 0.0, 0.0, 1.0 ], [ 0.809017, 0.309017, -0.5, 0.0, 0.309017, 0.5, 0.809017, 0.0, 0.5, -0.809017, 0.309017, 0.0, 0.0, 0.0, 0.0, 1.0 ], [ 0.5, -0.809017, 0.309017, 0.0, 0.809017, 0.309017, -0.5, 0.0, 0.309017, 0.5, 0.809017, 0.0, 0.0, 0.0, 0.0, 1.0 ], [ 0.309017, 0.5, 0.809017, 0.0, 0.5, -0.809017, 0.309017, 0.0, 0.809017, 0.309017, -0.5, 0.0, 0.0, 0.0, 0.0, 1.0 ], [ 1.0, 0.0, 0.0, 0.0, 0.0, -1.0, 0.0, 0.0, 0.0, 0.0, -1.0, 0.0, 0.0, 0.0, 0.0, 1.0 ], [ 0.0, 0.0, 1.0, 0.0, -1.0, 0.0, 0.0, 0.0, 0.0, -1.0, 0.0, 0.0, 0.0, 0.0, 0.0, 1.0 ], [ 0.0, 1.0, 0.0, 0.0, 0.0, 0.0, -1.0, 0.0, -1.0, 0.0, 0.0, 0.0, 0.0, 0.0, 0.0, 1.0 ], [ 0.809017, 0.309017, 0.5, 0.0, -0.309017, -0.5, 0.809017, 0.0, 0.5, -0.809017, -0.309017, 0.0, 0.0, 0.0, 0.0, 1.0 ], [ -0.5, 0.809017, 0.309017, 0.0, -0.809017, -0.309017, -0.5, 0.0, -0.309017, -0.5, 0.809017, 0.0, 0.0, 0.0, 0.0, 1.0 ], [ 0.309017, 0.5, -0.809017, 0.0, 0.5, -0.809017, -0.309017, 0.0, -0.809017, -0.309017, -0.5, 0.0, 0.0, 0.0, 0.0, 1.0 ], [ 0.5, 0.809017, 0.309017, 0.0, -0.809017, 0.309017, 0.5, 0.0, 0.309017, -0.5, 0.809017, 0.0, 0.0, 0.0, 0.0, 1.0 ], [ -0.309017, 0.5, -0.809017, 0.0, -0.5, -0.809017, -0.309017, 0.0, -0.809017, 0.309017, 0.5, 0.0, 0.0, 0.0, 0.0, 1.0 ], [ 0.809017, -0.309017, -0.5, 0.0, 0.309017, -0.5, 0.809017, 0.0, -0.5, -0.809017, -0.309017, 0.0, 0.0, 0.0, 0.0, 1.0 ], [ 0.5, 0.809017, -0.309017, 0.0, -0.809017, 0.309017, -0.5, 0.0, -0.309017, 0.5, 0.809017, 0.0, 0.0, 0.0, 0.0, 1.0 ], [ 0.309017, -0.5, -0.809017, 0.0, -0.5, -0.809017, 0.309017, 0.0, -0.809017, 0.309017, -0.5, 0.0, 0.0, 0.0, 0.0, 1.0 ], [ 0.809017, -0.309017, 0.5, 0.0, -0.309017, 0.5, 0.809017, 0.0, -0.5, -0.809017, 0.309017, 0.0, 0.0, 0.0, 0.0, 1.0 ], [ 0.809017, 0.309017, -0.5, 0.0, -0.309017, -0.5, -0.809017, 0.0, -0.5, 0.809017, -0.309017, 0.0, 0.0, 0.0, 0.0, 1.0 ], [ 0.5, -0.809017, 0.309017, 0.0, -0.809017, -0.309017, 0.5, 0.0, -0.309017, -0.5, -0.809017, 0.0, 0.0, 0.0, 0.0, 1.0 ], [ 0.309017, 0.5, 0.809017, 0.0, -0.5, 0.809017, -0.309017, 0.0, -0.809017, -0.309017, 0.5, 0.0, 0.0, 0.0, 0.0, 1.0 ], [ -1.0, 0.0, 0.0, 0.0, 0.0, -1.0, 0.0, 0.0, 0.0, 0.0, 1.0, 0.0, 0.0, 0.0, 0.0, 1.0 ], [ 0.0, 0.0, -1.0, 0.0, -1.0, 0.0, 0.0, 0.0, 0.0, 1.0, 0.0, 0.0, 0.0, 0.0, 0.0, 1.0 ], [ 0.0, -1.0, 0.0, 0.0, 0.0, 0.0, -1.0, 0.0, 1.0, 0.0, 0.0, 0.0, 0.0, 0.0, 0.0, 1.0 ], [ -0.809017, -0.309017, -0.5, 0.0, -0.309017, -0.5, 0.809017, 0.0, -0.5, 0.809017, 0.309017, 0.0, 0.0, 0.0, 0.0, 1.0 ], [ 0.5, -0.809017, -0.309017, 0.0, -0.809017, -0.309017, -0.5, 0.0, 0.309017, 0.5, -0.809017, 0.0, 0.0, 0.0, 0.0, 1.0 ], [ -0.309017, -0.5, 0.809017, 0.0, 0.5, -0.809017, -0.309017, 0.0, 0.809017, 0.309017, 0.5, 0.0, 0.0, 0.0, 0.0, 1.0 ], [ -0.5, -0.809017, -0.309017, 0.0, -0.809017, 0.309017, 0.5, 0.0, -0.309017, 0.5, -0.809017, 0.0, 0.0, 0.0, 0.0, 1.0 ], [ 0.309017, -0.5, 0.809017, 0.0, -0.5, -0.809017, -0.309017, 0.0, 0.809017, -0.309017, -0.5, 0.0, 0.0, 0.0, 0.0, 1.0 ], [ -0.809017, 0.309017, 0.5, 0.0, 0.309017, -0.5, 0.809017, 0.0, 0.5, 0.809017, 0.309017, 0.0, 0.0, 0.0, 0.0, 1.0 ], [ -0.5, -0.809017, 0.309017, 0.0, -0.809017, 0.309017, -0.5, 0.0, 0.309017, -0.5, -0.809017, 0.0, 0.0, 0.0, 0.0, 1.0 ], [ -0.309017, 0.5, 0.809017, 0.0, -0.5, -0.809017, 0.309017, 0.0, 0.809017, -0.309017, 0.5, 0.0, 0.0, 0.0, 0.0, 1.0 ], [ -0.809017, 0.309017, -0.5, 0.0, -0.309017, 0.5, 0.809017, 0.0, 0.5, 0.809017, -0.309017, 0.0, 0.0, 0.0, 0.0, 1.0 ], [ -0.809017, -0.309017, 0.5, 0.0, -0.309017, -0.5, -0.809017, 0.0, 0.5, -0.809017, 0.309017, 0.0, 0.0, 0.0, 0.0, 1.0 ], [ -0.5, 0.809017, -0.309017, 0.0, -0.809017, -0.309017, 0.5, 0.0, 0.309017, 0.5, 0.809017, 0.0, 0.0, 0.0, 0.0, 1.0 ], [ -0.309017, -0.5, -0.809017, 0.0, -0.5, 0.809017, -0.309017, 0.0, 0.809017, 0.309017, -0.5, 0.0, 0.0, 0.0, 0.0, 1.0 ], [ -1.0, 0.0, 0.0, 0.0, 0.0, 1.0, 0.0, 0.0, 0.0, 0.0, -1.0, 0.0, 0.0, 0.0, 0.0, 1.0 ], [ 0.0, 0.0, -1.0, 0.0, 1.0, 0.0, 0.0, 0.0, 0.0, -1.0, 0.0, 0.0, 0.0, 0.0, 0.0, 1.0 ], [ 0.0, -1.0, 0.0, 0.0, 0.0, 0.0, 1.0, 0.0, -1.0, 0.0, 0.0, 0.0, 0.0, 0.0, 0.0, 1.0 ], [ -0.809017, -0.309017, -0.5, 0.0, 0.309017, 0.5, -0.809017, 0.0, 0.5, -0.809017, -0.309017, 0.0, 0.0, 0.0, 0.0, 1.0 ], [ 0.5, -0.809017, -0.309017, 0.0, 0.809017, 0.309017, 0.5, 0.0, -0.309017, -0.5, 0.809017, 0.0, 0.0, 0.0, 0.0, 1.0 ], [ -0.309017, -0.5, 0.809017, 0.0, -0.5, 0.809017, 0.309017, 0.0, -0.809017, -0.309017, -0.5, 0.0, 0.0, 0.0, 0.0, 1.0 ], [ -0.5, -0.809017, -0.309017, 0.0, 0.809017, -0.309017, -0.5, 0.0, 0.309017, -0.5, 0.809017, 0.0, 0.0, 0.0, 0.0, 1.0 ], [ 0.309017, -0.5, 0.809017, 0.0, 0.5, 0.809017, 0.309017, 0.0, -0.809017, 0.309017, 0.5, 0.0, 0.0, 0.0, 0.0, 1.0 ], [ -0.809017, 0.309017, 0.5, 0.0, -0.309017, 0.5, -0.809017, 0.0, -0.5, -0.809017, -0.309017, 0.0, 0.0, 0.0, 0.0, 1.0 ], [ -0.5, -0.809017, 0.309017, 0.0, 0.809017, -0.309017, 0.5, 0.0, -0.309017, 0.5, 0.809017, 0.0, 0.0, 0.0, 0.0, 1.0 ], [ -0.309017, 0.5, 0.809017, 0.0, 0.5, 0.809017, -0.309017, 0.0, -0.809017, 0.309017, -0.5, 0.0, 0.0, 0.0, 0.0, 1.0 ], [ -0.809017, 0.309017, -0.5, 0.0, 0.309017, -0.5, -0.809017, 0.0, -0.5, -0.809017, 0.309017, 0.0, 0.0, 0.0, 0.0, 1.0 ], [ -0.809017, -0.309017, 0.5, 0.0, 0.309017, 0.5, 0.809017, 0.0, -0.5, 0.809017, -0.309017, 0.0, 0.0, 0.0, 0.0, 1.0 ], [ -0.5, 0.809017, -0.309017, 0.0, 0.809017, 0.309017, -0.5, 0.0, -0.309017, -0.5, -0.809017, 0.0, 0.0, 0.0, 0.0, 1.0 ], [ -0.309017, -0.5, -0.809017, 0.0, 0.5, -0.809017, 0.309017, 0.0, -0.809017, -0.309017, 0.5, 0.0, 0.0, 0.0, 0.0, 1.0 ] ],
  "lights" : {
    "directionalLights" : [ {
      "direction" : [ 1.0, -1.0, -1.0 ],
      "color" : "#EBEBE4"
    }, {
      "direction" : [ -1.0, 0.0, 0.0 ],
      "color" : "#E4E4EB"
    }, {
      "direction" : [ 0.0, 0.0, -1.0 ],
      "color" : "#1E1E1E"
    } ],
    "ambientColor" : "#292929",
    "backgroundColor" : "#AFC8DC"
  },
  "camera" : {
    "width" : 223.71483,
    "lookDirectionRV" : {
      "x" : -0.014205438,
      "y" : -0.3260081,
      "z" : -0.9452599,
      "zero" : false
    },
    "fieldOfView" : 0.44262907,
    "perspective" : false,
    "lookAtPointRV" : {
      "x" : 0.0,
      "y" : 0.0,
      "z" : 0.0,
      "zero" : true
    },
    "viewDistance" : 497.14386,
    "upDirectionRV" : {
      "x" : -0.026090171,
      "y" : 0.94515455,
      "z" : -0.32557982,
      "zero" : false
    },
    "position" : {
      "x" : 7.062146,
      "y" : 162.07294,
      "z" : 469.93018
    },
    "nearClipDistance" : 1.2428604,
    "upDirection" : {
      "x" : -0.026090171,
      "y" : 0.94515455,
      "z" : -0.32557982
    },
    "farClipDistance" : 994.28687,
    "lookDirection" : {
      "x" : -0.014205438,
      "y" : -0.3260081,
      "z" : -0.9452599
    },
    "lookAtPoint" : {
      "x" : 0.0,
      "y" : 0.0,
      "z" : 0.0
    },
    "stereo" : false
  },
  "embedding" : [ 1.0, 0.0, 0.0, 0.0, 0.0, 1.0, 0.0, 0.0, 0.0, 0.0, 1.0, 0.0, 0.0, 0.0, 0.0, 1.0 ],
  "shapes" : [ {
    "id" : "9e9c48a4-7532-490c-93ad-66880fcfbe9c",
    "orbit" : "purple",
    "orbitC" : "[[2,-1,1],[0,0,1]]",
    "length" : "[2,2,1]",
    "name" : " :2 +2*phi",
    "vertices" : [ {
      "x" : 0.690983,
      "y" : 0.809017,
      "z" : 0.0
    }, {
      "x" : 0.809017,
      "y" : 0.618034,
      "z" : -0.309017
    }, {
      "x" : 0.809017,
      "y" : 0.618034,
      "z" : 0.309017
    }, {
      "x" : 1.0,
      "y" : 0.309017,
      "z" : -0.19098301
    }, {
      "x" : 1.0,
      "y" : 0.309017,
      "z" : 0.19098301
    }, {
      "x" : 1.618034,
      "y" : 0.42705098,
      "z" : -0.309017
    }, {
      "x" : 1.618034,
      "y" : 0.42705098,
      "z" : 0.309017
    }, {
      "x" : 1.618034,
      "y" : 0.809017,
      "z" : -0.309017
    }, {
      "x" : 1.618034,
      "y" : 0.809017,
      "z" : 0.309017
    }, {
      "x" : 34.27051,
      "y" : 12.899187,
      "z" : -0.309017
    }, {
      "x" : 34.27051,
      "y" : 12.899187,
      "z" : 0.309017
    }, {
      "x" : 34.27051,
      "y" : 13.281153,
      "z" : -0.309017
    }, {
      "x" : 34.27051,
      "y" : 13.281153,
      "z" : 0.309017
    }, {
      "x" : 34.888542,
      "y" : 13.399187,
      "z" : -0.19098301
    }, {
      "x" : 34.888542,
      "y" : 13.399187,
      "z" : 0.19098301
    }, {
      "x" : 35.079525,
      "y" : 13.09017,
      "z" : -0.309017
    }, {
      "x" : 35.079525,
      "y" : 13.09017,
      "z" : 0.309017
    }, {
      "x" : 35.19756,
      "y" : 12.899187,
      "z" : 0.0
    }, {
      "x" : 35.888542,
      "y" : 13.708204,
      "z" : 0.0
    } ],
    "faces" : [ {
      "vertices" : [ 5, 7, 11, 9 ]
    }, {
      "vertices" : [ 9, 11, 15 ]
    }, {
      "vertices" : [ 9, 17, 10 ]
    }, {
      "vertices" : [ 6, 10, 12, 8 ]
    }, {
      "vertices" : [ 10, 16, 12 ]
    }, {
      "vertices" : [ 7, 8, 12, 11 ]
    }, {
      "vertices" : [ 11, 13, 15 ]
    }, {
      "vertices" : [ 0, 7, 1 ]
    }, {
      "vertices" : [ 1, 5, 3 ]
    }, {
      "vertices" : [ 9, 15, 17 ]
    }, {
      "vertices" : [ 0, 2, 8 ]
    }, {
      "vertices" : [ 12, 16, 14 ]
    }, {
      "vertices" : [ 0, 1, 3, 4, 2 ]
    }, {
      "vertices" : [ 10, 17, 16 ]
    }, {
      "vertices" : [ 13, 14, 16, 17, 15 ]
    }, {
      "vertices" : [ 2, 4, 6 ]
    }, {
      "vertices" : [ 1, 7, 5 ]
    }, {
      "vertices" : [ 0, 8, 7 ]
    }, {
      "vertices" : [ 2, 6, 8 ]
    }, {
      "vertices" : [ 3, 5, 6, 4 ]
    }, {
      "vertices" : [ 11, 12, 14, 13 ]
    }, {
      "vertices" : [ 5, 9, 10, 6 ]
    } ]
  }, {
    "id" : "717ae75b-335c-409a-9306-e167377b113b",
    "vertices" : [ {
      "x" : 0.0,
      "y" : 0.0,
      "z" : 0.0
    }, {
      "x" : -6.854102,
      "y" : -33.27051,
      "z" : -17.944271
    }, {
      "x" : -13.708204,
      "y" : 0.0,
      "z" : -35.888542
    } ],
    "faces" : [ {
      "vertices" : [ 0, 1, 2 ]
    }, {
      "vertices" : [ 0, 2, 1 ]
    } ]
  }, {
    "id" : "0c235860-c27a-4b83-af5a-101ffdb3bd52",
    "vertices" : [ {
      "x" : 0.0,
      "y" : 0.0,
      "z" : 0.0
    }, {
      "x" : -13.708204,
      "y" : 0.0,
      "z" : -35.888542
    }, {
      "x" : -6.854102,
      "y" : 33.27051,
      "z" : -17.944271
    } ],
    "faces" : [ {
      "vertices" : [ 0, 1, 2 ]
    }, {
      "vertices" : [ 0, 2, 1 ]
    } ]
  }, {
    "id" : "caf67c6b-bc20-4b3a-95b9-e074dad698b3",
    "vertices" : [ {
      "x" : 0.0,
      "y" : 0.0,
      "z" : 0.0
    }, {
      "x" : 6.854102,
      "y" : 33.27051,
      "z" : 17.944271
    }, {
      "x" : 13.708204,
      "y" : 0.0,
      "z" : 35.888542
    } ],
    "faces" : [ {
      "vertices" : [ 0, 1, 2 ]
    }, {
      "vertices" : [ 0, 2, 1 ]
    } ]
  }, {
    "id" : "8f672525-9b58-4bb0-862c-9927a81e8c4c",
    "name" : "ball",
    "vertices" : [ {
      "x" : 0.309017,
      "y" : -0.809017,
      "z" : 0.618034
    }, {
      "x" : 0.809017,
      "y" : -0.618034,
      "z" : 0.309017
    }, {
      "x" : 0.618034,
      "y" : -0.309017,
      "z" : 0.809017
    }, {
      "x" : 1.0,
      "y" : 0.309017,
      "z" : 0.19098301
    }, {
      "x" : 0.809017,
      "y" : 0.618034,
      "z" : 0.309017
    }, {
      "x" : 0.618034,
      "y" : 0.309017,
      "z" : 0.809017
    }, {
      "x" : 0.809017,
      "y" : 0.0,
      "z" : 0.690983
    }, {
      "x" : 0.19098301,
      "y" : -1.0,
      "z" : 0.309017
    }, {
      "x" : -0.19098301,
      "y" : -1.0,
      "z" : 0.309017
    }, {
      "x" : -0.19098301,
      "y" : -1.0,
      "z" : -0.309017
    }, {
      "x" : 0.19098301,
      "y" : -1.0,
      "z" : -0.309017
    }, {
      "x" : 1.0,
      "y" : -0.309017,
      "z" : -0.19098301
    }, {
      "x" : 0.809017,
      "y" : -0.618034,
      "z" : -0.309017
    }, {
      "x" : 0.618034,
      "y" : -0.309017,
      "z" : -0.809017
    }, {
      "x" : 0.809017,
      "y" : 0.0,
      "z" : -0.690983
    }, {
      "x" : 0.0,
      "y" : 0.690983,
      "z" : -0.809017
    }, {
      "x" : 0.309017,
      "y" : 0.809017,
      "z" : -0.618034
    }, {
      "x" : 0.618034,
      "y" : 0.309017,
      "z" : -0.809017
    }, {
      "x" : 0.309017,
      "y" : 0.19098301,
      "z" : -1.0
    }, {
      "x" : 1.0,
      "y" : 0.309017,
      "z" : -0.19098301
    }, {
      "x" : -0.309017,
      "y" : -0.809017,
      "z" : 0.618034
    }, {
      "x" : 0.0,
      "y" : -0.690983,
      "z" : 0.809017
    }, {
      "x" : 0.809017,
      "y" : 0.618034,
      "z" : -0.309017
    }, {
      "x" : 0.690983,
      "y" : 0.809017,
      "z" : 0.0
    }, {
      "x" : -0.690983,
      "y" : 0.809017,
      "z" : 0.0
    }, {
      "x" : -0.809017,
      "y" : 0.618034,
      "z" : 0.309017
    }, {
      "x" : -0.309017,
      "y" : 0.809017,
      "z" : 0.618034
    }, {
      "x" : -0.19098301,
      "y" : 1.0,
      "z" : 0.309017
    }, {
      "x" : 0.309017,
      "y" : -0.19098301,
      "z" : -1.0
    }, {
      "x" : 0.19098301,
      "y" : 1.0,
      "z" : 0.309017
    }, {
      "x" : 0.309017,
      "y" : 0.809017,
      "z" : 0.618034
    }, {
      "x" : -0.809017,
      "y" : -0.618034,
      "z" : 0.309017
    }, {
      "x" : -0.690983,
      "y" : -0.809017,
      "z" : 0.0
    }, {
      "x" : 0.0,
      "y" : 0.690983,
      "z" : 0.809017
    }, {
      "x" : 0.309017,
      "y" : -0.809017,
      "z" : -0.618034
    }, {
      "x" : 0.0,
      "y" : -0.690983,
      "z" : -0.809017
    }, {
      "x" : -1.0,
      "y" : 0.309017,
      "z" : 0.19098301
    }, {
      "x" : -0.809017,
      "y" : 0.0,
      "z" : 0.690983
    }, {
      "x" : -0.618034,
      "y" : 0.309017,
      "z" : 0.809017
    }, {
      "x" : 1.0,
      "y" : -0.309017,
      "z" : 0.19098301
    }, {
      "x" : -0.309017,
      "y" : -0.809017,
      "z" : -0.618034
    }, {
      "x" : -1.0,
      "y" : 0.309017,
      "z" : -0.19098301
    }, {
      "x" : -1.0,
      "y" : -0.309017,
      "z" : -0.19098301
    }, {
      "x" : -1.0,
      "y" : -0.309017,
      "z" : 0.19098301
    }, {
      "x" : 0.19098301,
      "y" : 1.0,
      "z" : -0.309017
    }, {
      "x" : -0.809017,
      "y" : 0.618034,
      "z" : -0.309017
    }, {
      "x" : -0.19098301,
      "y" : 1.0,
      "z" : -0.309017
    }, {
      "x" : -0.309017,
      "y" : 0.809017,
      "z" : -0.618034
    }, {
      "x" : -0.618034,
      "y" : -0.309017,
      "z" : 0.809017
    }, {
      "x" : 0.309017,
      "y" : 0.19098301,
      "z" : 1.0
    }, {
      "x" : -0.309017,
      "y" : 0.19098301,
      "z" : -1.0
    }, {
      "x" : -0.309017,
      "y" : 0.19098301,
      "z" : 1.0
    }, {
      "x" : -0.309017,
      "y" : -0.19098301,
      "z" : 1.0
    }, {
      "x" : 0.309017,
      "y" : -0.19098301,
      "z" : 1.0
    }, {
      "x" : 0.690983,
      "y" : -0.809017,
      "z" : 0.0
    }, {
      "x" : -0.809017,
      "y" : 0.0,
      "z" : -0.690983
    }, {
      "x" : -0.618034,
      "y" : -0.309017,
      "z" : -0.809017
    }, {
      "x" : -0.309017,
      "y" : -0.19098301,
      "z" : -1.0
    }, {
      "x" : -0.618034,
      "y" : 0.309017,
      "z" : -0.809017
    }, {
      "x" : -0.809017,
      "y" : -0.618034,
      "z" : -0.309017
    } ],
    "faces" : [ {
      "vertices" : [ 9, 40, 35, 34, 10 ]
    }, {
      "vertices" : [ 0, 1, 2 ]
    }, {
      "vertices" : [ 33, 51, 49 ]
    }, {
      "vertices" : [ 25, 36, 37, 38 ]
    }, {
      "vertices" : [ 41, 55, 42 ]
    }, {
      "vertices" : [ 9, 32, 59, 40 ]
    }, {
      "vertices" : [ 20, 21, 52, 48 ]
    }, {
      "vertices" : [ 26, 33, 30, 29, 27 ]
    }, {
      "vertices" : [ 3, 4, 5, 6 ]
    }, {
      "vertices" : [ 27, 29, 44, 46 ]
    }, {
      "vertices" : [ 50, 57, 56, 55, 58 ]
    }, {
      "vertices" : [ 26, 38, 51, 33 ]
    }, {
      "vertices" : [ 45, 47, 58 ]
    }, {
      "vertices" : [ 18, 28, 57, 50 ]
    }, {
      "vertices" : [ 40, 59, 56 ]
    }, {
      "vertices" : [ 31, 48, 37, 43 ]
    }, {
      "vertices" : [ 7, 8, 9, 10 ]
    }, {
      "vertices" : [ 36, 41, 42, 43 ]
    }, {
      "vertices" : [ 24, 46, 47, 45 ]
    }, {
      "vertices" : [ 4, 30, 5 ]
    }, {
      "vertices" : [ 15, 47, 46, 44, 16 ]
    }, {
      "vertices" : [ 15, 50, 58, 47 ]
    }, {
      "vertices" : [ 24, 45, 41, 36, 25 ]
    }, {
      "vertices" : [ 11, 14, 19 ]
    }, {
      "vertices" : [ 3, 6, 39 ]
    }, {
      "vertices" : [ 1, 39, 6, 2 ]
    }, {
      "vertices" : [ 8, 32, 9 ]
    }, {
      "vertices" : [ 11, 12, 13, 14 ]
    }, {
      "vertices" : [ 16, 22, 17 ]
    }, {
      "vertices" : [ 0, 21, 20, 8, 7 ]
    }, {
      "vertices" : [ 12, 34, 13 ]
    }, {
      "vertices" : [ 35, 40, 56, 57 ]
    }, {
      "vertices" : [ 0, 7, 54, 1 ]
    }, {
      "vertices" : [ 15, 16, 17, 18 ]
    }, {
      "vertices" : [ 3, 19, 22, 23, 4 ]
    }, {
      "vertices" : [ 7, 10, 54 ]
    }, {
      "vertices" : [ 41, 45, 58, 55 ]
    }, {
      "vertices" : [ 3, 39, 11, 19 ]
    }, {
      "vertices" : [ 14, 17, 22, 19 ]
    }, {
      "vertices" : [ 0, 2, 53, 21 ]
    }, {
      "vertices" : [ 49, 51, 52, 53 ]
    }, {
      "vertices" : [ 31, 43, 42, 59, 32 ]
    }, {
      "vertices" : [ 15, 18, 50 ]
    }, {
      "vertices" : [ 42, 55, 56, 59 ]
    }, {
      "vertices" : [ 4, 23, 29, 30 ]
    }, {
      "vertices" : [ 25, 38, 26 ]
    }, {
      "vertices" : [ 13, 28, 18, 17, 14 ]
    }, {
      "vertices" : [ 8, 20, 31, 32 ]
    }, {
      "vertices" : [ 23, 44, 29 ]
    }, {
      "vertices" : [ 24, 27, 46 ]
    }, {
      "vertices" : [ 37, 48, 52, 51, 38 ]
    }, {
      "vertices" : [ 20, 48, 31 ]
    }, {
      "vertices" : [ 24, 25, 26, 27 ]
    }, {
      "vertices" : [ 16, 44, 23, 22 ]
    }, {
      "vertices" : [ 13, 34, 35, 28 ]
    }, {
      "vertices" : [ 10, 34, 12, 54 ]
    }, {
      "vertices" : [ 2, 6, 5, 49, 53 ]
    }, {
      "vertices" : [ 36, 43, 37 ]
    }, {
      "vertices" : [ 5, 30, 33, 49 ]
    }, {
      "vertices" : [ 1, 54, 12, 11, 39 ]
    }, {
      "vertices" : [ 28, 35, 57 ]
    }, {
      "vertices" : [ 21, 53, 52 ]
    } ]
  }, {
    "id" : "1bad41bf-98a4-4c13-9f32-6335fd695c8f",
    "vertices" : [ {
      "x" : 0.0,
      "y" : 0.0,
      "z" : 0.0
    }, {
      "x" : 6.854102,
      "y" : -33.27051,
      "z" : 17.944271
    }, {
      "x" : -6.854102,
      "y" : -33.27051,
      "z" : -17.944271
    } ],
    "faces" : [ {
      "vertices" : [ 0, 1, 2 ]
    }, {
      "vertices" : [ 0, 2, 1 ]
    } ]
  }, {
    "id" : "1a93488b-67fa-4d40-951a-8fab3b40a4f7",
    "vertices" : [ {
      "x" : 0.0,
      "y" : 0.0,
      "z" : 0.0
    }, {
      "x" : -6.854102,
      "y" : 33.27051,
      "z" : -17.944271
    }, {
      "x" : 6.854102,
      "y" : 33.27051,
      "z" : 17.944271
    } ],
    "faces" : [ {
      "vertices" : [ 0, 1, 2 ]
    }, {
      "vertices" : [ 0, 2, 1 ]
    } ]
  }, {
    "id" : "0176375c-eab1-44e5-a586-eb66f2c7a05f",
    "vertices" : [ {
      "x" : 0.0,
      "y" : 0.0,
      "z" : 0.0
    }, {
      "x" : 13.708204,
      "y" : 0.0,
      "z" : 35.888542
    }, {
      "x" : 6.854102,
      "y" : -33.27051,
      "z" : 17.944271
    } ],
    "faces" : [ {
      "vertices" : [ 0, 1, 2 ]
    }, {
      "vertices" : [ 0, 2, 1 ]
    } ]
  }, {
    "id" : "94c987ea-a798-416b-a925-4b79d1214779",
    "vertices" : [ {
      "x" : 0.0,
      "y" : 0.0,
      "z" : 0.0
    }, {
      "x" : -3.427051,
      "y" : -16.635256,
      "z" : -8.972136
    }, {
      "x" : -10.281153,
      "y" : 16.635256,
      "z" : -26.916409
    } ],
    "faces" : [ {
      "vertices" : [ 0, 1, 2 ]
    }, {
      "vertices" : [ 0, 2, 1 ]
    } ]
  }, {
    "id" : "152d855c-426a-4298-8664-04e7a73a40cb",
    "orbit" : "yellow",
    "orbitC" : "[[0,0,1],[2,-1,1]]",
    "length" : "[6,9,2]",
    "name" : " :3 +9/2*phi",
    "vertices" : [ {
      "x" : 0.809017,
      "y" : 0.0,
      "z" : -0.690983
    }, {
      "x" : 1.0,
      "y" : 0.309017,
      "z" : -0.19098301
    }, {
      "x" : 34.42502,
      "y" : 0.309017,
      "z" : -12.958204
    }, {
      "x" : 34.234035,
      "y" : 0.0,
      "z" : -13.458204
    }, {
      "x" : 69.46807,
      "y" : 0.309017,
      "z" : -26.725426
    }, {
      "x" : 1.0,
      "y" : -0.309017,
      "z" : -0.19098301
    }, {
      "x" : 34.42502,
      "y" : -0.309017,
      "z" : -12.958204
    }, {
      "x" : 36.043053,
      "y" : 0.309017,
      "z" : -13.958204
    }, {
      "x" : 36.234035,
      "y" : 0.0,
      "z" : -13.458204
    }, {
      "x" : 70.46807,
      "y" : 0.0,
      "z" : -26.916409
    }, {
      "x" : 36.043053,
      "y" : -0.309017,
      "z" : -13.958204
    }, {
      "x" : 69.65905,
      "y" : 0.0,
      "z" : -26.225426
    }, {
      "x" : 69.46807,
      "y" : -0.309017,
      "z" : -26.725426
    } ],
    "faces" : [ {
      "vertices" : [ 2, 6, 8 ]
    }, {
      "vertices" : [ 4, 12, 10, 7 ]
    }, {
      "vertices" : [ 2, 8, 7 ]
    }, {
      "vertices" : [ 3, 10, 6 ]
    }, {
      "vertices" : [ 3, 7, 10 ]
    }, {
      "vertices" : [ 0, 1, 2, 3 ]
    }, {
      "vertices" : [ 6, 10, 8 ]
    }, {
      "vertices" : [ 8, 10, 12, 11 ]
    }, {
      "vertices" : [ 2, 7, 3 ]
    }, {
      "vertices" : [ 0, 3, 6, 5 ]
    }, {
      "vertices" : [ 1, 5, 6, 2 ]
    }, {
      "vertices" : [ 4, 7, 8, 11 ]
    } ]
  }, {
    "id" : "5db6c807-bb43-4565-81e3-e95a764737a1",
    "orbit" : "purple",
    "orbitC" : "[[2,-1,1],[0,0,1]]",
    "length" : "[1,1,1]",
    "name" : "long",
    "vertices" : [ {
      "x" : 0.690983,
      "y" : 0.809017,
      "z" : 0.0
    }, {
      "x" : 0.809017,
      "y" : 0.618034,
      "z" : -0.309017
    }, {
      "x" : 0.809017,
      "y" : 0.618034,
      "z" : 0.309017
    }, {
      "x" : 1.0,
      "y" : 0.309017,
      "z" : -0.19098301
    }, {
      "x" : 1.0,
      "y" : 0.309017,
      "z" : 0.19098301
    }, {
      "x" : 1.618034,
      "y" : 0.42705098,
      "z" : -0.309017
    }, {
      "x" : 1.618034,
      "y" : 0.42705098,
      "z" : 0.309017
    }, {
      "x" : 1.618034,
      "y" : 0.809017,
      "z" : -0.309017
    }, {
      "x" : 1.618034,
      "y" : 0.809017,
      "z" : 0.309017
    }, {
      "x" : 16.326239,
      "y" : 6.045085,
      "z" : -0.309017
    }, {
      "x" : 16.326239,
      "y" : 6.045085,
      "z" : 0.309017
    }, {
      "x" : 16.326239,
      "y" : 6.427051,
      "z" : -0.309017
    }, {
      "x" : 16.326239,
      "y" : 6.427051,
      "z" : 0.309017
    }, {
      "x" : 16.944271,
      "y" : 6.545085,
      "z" : -0.19098301
    }, {
      "x" : 16.944271,
      "y" : 6.545085,
      "z" : 0.19098301
    }, {
      "x" : 17.135256,
      "y" : 6.236068,
      "z" : -0.309017
    }, {
      "x" : 17.135256,
      "y" : 6.236068,
      "z" : 0.309017
    }, {
      "x" : 17.253288,
      "y" : 6.045085,
      "z" : 0.0
    }, {
      "x" : 17.944271,
      "y" : 6.854102,
      "z" : 0.0
    } ],
    "faces" : [ {
      "vertices" : [ 5, 7, 11, 9 ]
    }, {
      "vertices" : [ 9, 11, 15 ]
    }, {
      "vertices" : [ 9, 17, 10 ]
    }, {
      "vertices" : [ 6, 10, 12, 8 ]
    }, {
      "vertices" : [ 10, 16, 12 ]
    }, {
      "vertices" : [ 7, 8, 12, 11 ]
    }, {
      "vertices" : [ 11, 13, 15 ]
    }, {
      "vertices" : [ 0, 7, 1 ]
    }, {
      "vertices" : [ 1, 5, 3 ]
    }, {
      "vertices" : [ 9, 15, 17 ]
    }, {
      "vertices" : [ 0, 2, 8 ]
    }, {
      "vertices" : [ 12, 16, 14 ]
    }, {
      "vertices" : [ 0, 1, 3, 4, 2 ]
    }, {
      "vertices" : [ 10, 17, 16 ]
    }, {
      "vertices" : [ 13, 14, 16, 17, 15 ]
    }, {
      "vertices" : [ 2, 4, 6 ]
    }, {
      "vertices" : [ 1, 7, 5 ]
    }, {
      "vertices" : [ 0, 8, 7 ]
    }, {
      "vertices" : [ 2, 6, 8 ]
    }, {
      "vertices" : [ 3, 5, 6, 4 ]
    }, {
      "vertices" : [ 11, 12, 14, 13 ]
    }, {
      "vertices" : [ 5, 9, 10, 6 ]
    } ]
  }, {
    "id" : "c98fe972-2a7c-402b-b96f-b07bfa002e0a",
    "orbit" : "blue",
    "orbitC" : "[[0,0,1],[0,0,1]]",
    "length" : "[3,3,2]",
    "name" : " :3/2 +3/2*phi",
    "vertices" : [ {
      "x" : 32.27051,
      "y" : 0.309017,
      "z" : 0.19098301
    }, {
      "x" : 32.27051,
      "y" : 0.309017,
      "z" : -0.19098301
    }, {
      "x" : 1.0,
      "y" : 0.309017,
      "z" : -0.19098301
    }, {
      "x" : 1.0,
      "y" : 0.309017,
      "z" : 0.19098301
    }, {
      "x" : 32.27051,
      "y" : -0.309017,
      "z" : 0.19098301
    }, {
      "x" : 1.0,
      "y" : -0.309017,
      "z" : 0.19098301
    }, {
      "x" : 1.0,
      "y" : -0.309017,
      "z" : -0.19098301
    }, {
      "x" : 32.27051,
      "y" : -0.309017,
      "z" : -0.19098301
    }, {
      "x" : 33.27051,
      "y" : 0.0,
      "z" : 0.0
    } ],
    "faces" : [ {
      "vertices" : [ 1, 7, 6, 2 ]
    }, {
      "vertices" : [ 0, 1, 2, 3 ]
    }, {
      "vertices" : [ 4, 5, 6, 7 ]
    }, {
      "vertices" : [ 0, 3, 5, 4 ]
    } ]
  }, {
    "id" : "07c03a8c-aaab-42fc-842d-30dd24adcce8",
    "vertices" : [ {
      "x" : 0.0,
      "y" : 0.0,
      "z" : 0.0
    }, {
      "x" : -3.427051,
      "y" : 16.635256,
      "z" : -8.972136
    }, {
      "x" : 10.281153,
      "y" : 16.635256,
      "z" : 26.916409
    } ],
    "faces" : [ {
      "vertices" : [ 0, 1, 2 ]
    }, {
      "vertices" : [ 0, 2, 1 ]
    } ]
  }, {
    "id" : "e8917c31-ef5d-4c5e-a12d-d6b52b1b11d9",
    "vertices" : [ {
      "x" : 0.0,
      "y" : 0.0,
      "z" : 0.0
    }, {
      "x" : 6.854102,
      "y" : 0.0,
      "z" : 17.944271
    }, {
      "x" : 0.0,
      "y" : -33.27051,
      "z" : 0.0
    } ],
    "faces" : [ {
      "vertices" : [ 0, 1, 2 ]
    }, {
      "vertices" : [ 0, 2, 1 ]
    } ]
  }, {
    "id" : "dbbb64ae-ae83-4193-bc91-221edca8e4eb",
    "vertices" : [ {
      "x" : 0.0,
      "y" : 0.0,
      "z" : 0.0
    }, {
      "x" : 0.0,
      "y" : -35.888542,
      "z" : 13.708204
    }, {
      "x" : 0.0,
      "y" : -62.80495,
      "z" : -56.759865
    } ],
    "faces" : [ {
      "vertices" : [ 0, 1, 2 ]
    }, {
      "vertices" : [ 0, 2, 1 ]
    } ]
  } ],
  "instances" : [ {
    "shape" : "9e9c48a4-7532-490c-93ad-66880fcfbe9c",
    "color" : "#7D36D3",
    "position" : {
      "x" : 0.0,
      "y" : 0.0,
      "z" : 0.0
    },
    "orientation" : 46
  }, {
    "shape" : "9e9c48a4-7532-490c-93ad-66880fcfbe9c",
    "color" : "#7D36D3",
    "position" : {
      "x" : 0.0,
      "y" : 0.0,
      "z" : 0.0
    },
    "orientation" : 18
  }, {
    "shape" : "717ae75b-335c-409a-9306-e167377b113b",
    "color" : "#FFD98C",
    "position" : {
      "x" : -33.27051,
      "y" : -17.944271,
      "z" : 6.854102
    },
    "orientation" : 22
  }, {
    "shape" : "0c235860-c27a-4b83-af5a-101ffdb3bd52",
    "color" : "#FFD98C",
    "position" : {
      "x" : -33.27051,
      "y" : -17.944271,
      "z" : 6.854102
    },
    "orientation" : 7
  }, {
    "shape" : "9e9c48a4-7532-490c-93ad-66880fcfbe9c",
    "color" : "#7D36D3",
    "position" : {
      "x" : 33.27051,
      "y" : -17.944271,
      "z" : 6.854102
    },
    "orientation" : 42
  }, {
    "shape" : "9e9c48a4-7532-490c-93ad-66880fcfbe9c",
    "color" : "#7D36D3",
    "position" : {
      "x" : -33.27051,
      "y" : -17.944271,
      "z" : 6.854102
    },
    "orientation" : 46
  }, {
    "shape" : "caf67c6b-bc20-4b3a-95b9-e074dad698b3",
    "color" : "#FFD98C",
    "position" : {
      "x" : 33.27051,
      "y" : -17.944271,
      "z" : 6.854102
    },
    "orientation" : 7
  }, {
    "shape" : "8f672525-9b58-4bb0-862c-9927a81e8c4c",
    "color" : "#F2F2F2",
    "position" : {
      "x" : 0.0,
      "y" : 35.888542,
      "z" : -13.708204
    }
  }, {
    "shape" : "1bad41bf-98a4-4c13-9f32-6335fd695c8f",
    "color" : "#FFD98C",
    "position" : {
      "x" : 0.0,
      "y" : 35.888542,
      "z" : -13.708204
    },
    "orientation" : 7
  }, {
    "shape" : "8f672525-9b58-4bb0-862c-9927a81e8c4c",
    "color" : "#F2F2F2",
    "position" : {
      "x" : 0.0,
      "y" : 0.0,
      "z" : 0.0
    }
  }, {
    "shape" : "8f672525-9b58-4bb0-862c-9927a81e8c4c",
    "color" : "#F2F2F2",
    "position" : {
      "x" : 0.0,
      "y" : -35.888542,
      "z" : 13.708204
    }
  }, {
    "shape" : "9e9c48a4-7532-490c-93ad-66880fcfbe9c",
    "color" : "#7D36D3",
    "position" : {
      "x" : -33.27051,
      "y" : -17.944271,
      "z" : 6.854102
    },
    "orientation" : 18
  }, {
    "shape" : "9e9c48a4-7532-490c-93ad-66880fcfbe9c",
    "color" : "#7D36D3",
    "position" : {
      "x" : 0.0,
      "y" : 35.888542,
      "z" : -13.708204
    },
    "orientation" : 18
  }, {
    "shape" : "8f672525-9b58-4bb0-862c-9927a81e8c4c",
    "color" : "#F2F2F2",
    "position" : {
      "x" : -33.27051,
      "y" : -17.944271,
      "z" : 6.854102
    }
  }, {
    "shape" : "8f672525-9b58-4bb0-862c-9927a81e8c4c",
    "color" : "#F2F2F2",
    "position" : {
      "x" : 33.27051,
      "y" : -17.944271,
      "z" : 6.854102
    }
  }, {
    "shape" : "9e9c48a4-7532-490c-93ad-66880fcfbe9c",
    "color" : "#7D36D3",
    "position" : {
      "x" : 0.0,
      "y" : -35.888542,
      "z" : 13.708204
    },
    "orientation" : 46
  }, {
    "shape" : "9e9c48a4-7532-490c-93ad-66880fcfbe9c",
    "color" : "#7D36D3",
    "position" : {
      "x" : -33.27051,
      "y" : 17.944271,
      "z" : -6.854102
    },
    "orientation" : 18
  }, {
    "shape" : "8f672525-9b58-4bb0-862c-9927a81e8c4c",
    "color" : "#F2F2F2",
    "position" : {
      "x" : 33.27051,
      "y" : 17.944271,
      "z" : -6.854102
    }
  }, {
    "shape" : "8f672525-9b58-4bb0-862c-9927a81e8c4c",
    "color" : "#F2F2F2",
    "position" : {
      "x" : -33.27051,
      "y" : 17.944271,
      "z" : -6.854102
    }
  }, {
    "shape" : "9e9c48a4-7532-490c-93ad-66880fcfbe9c",
    "color" : "#7D36D3",
    "position" : {
      "x" : 0.0,
      "y" : 35.888542,
      "z" : -13.708204
    },
    "orientation" : 42
  }, {
    "shape" : "1a93488b-67fa-4d40-951a-8fab3b40a4f7",
    "color" : "#FFD98C",
    "position" : {
      "x" : 0.0,
      "y" : 35.888542,
      "z" : -13.708204
    },
    "orientation" : 22
  }, {
    "shape" : "9e9c48a4-7532-490c-93ad-66880fcfbe9c",
    "color" : "#7D36D3",
    "position" : {
      "x" : 33.27051,
      "y" : -17.944271,
      "z" : 6.854102
    },
    "orientation" : 46
  }, {
    "shape" : "9e9c48a4-7532-490c-93ad-66880fcfbe9c",
    "color" : "#7D36D3",
    "position" : {
      "x" : 33.27051,
      "y" : 17.944271,
      "z" : -6.854102
    },
    "orientation" : 42
  }, {
    "shape" : "9e9c48a4-7532-490c-93ad-66880fcfbe9c",
    "color" : "#7D36D3",
    "position" : {
      "x" : 0.0,
      "y" : 0.0,
      "z" : 0.0
    },
    "orientation" : 42
  }, {
    "shape" : "0176375c-eab1-44e5-a586-eb66f2c7a05f",
    "color" : "#FFD98C",
    "position" : {
      "x" : 33.27051,
      "y" : -17.944271,
      "z" : 6.854102
    },
    "orientation" : 22
  } ],
  "scenes" : [ {
    "title" : "Half Triangle and normal",
    "content" : "",
    "view" : {
      "width" : 223.71483,
      "lookDirectionRV" : {
        "x" : 0.27240077,
        "y" : 0.23215425,
        "z" : -0.93375623,
        "zero" : false
      },
      "fieldOfView" : 0.44262907,
      "perspective" : false,
      "lookAtPointRV" : {
        "x" : 0.0,
        "y" : 0.0,
        "z" : 0.0,
        "zero" : true
      },
      "viewDistance" : 497.14386,
      "upDirectionRV" : {
        "x" : -0.029706858,
        "y" : 0.97202224,
        "z" : 0.23300187,
        "zero" : false
      },
      "position" : {
        "x" : -135.42236,
        "y" : -115.41406,
        "z" : 464.21118
      },
      "nearClipDistance" : 1.2428604,
      "upDirection" : {
        "x" : -0.029706858,
        "y" : 0.97202224,
        "z" : 0.23300187
      },
      "farClipDistance" : 994.28687,
      "lookDirection" : {
        "x" : 0.27240077,
        "y" : 0.23215425,
        "z" : -0.93375623
      },
      "lookAtPoint" : {
        "x" : 0.0,
        "y" : 0.0,
        "z" : 0.0
      },
      "stereo" : false
    },
    "snapshot" : 5
  }, {
    "title" : "Symmetry applied",
    "content" : "",
    "view" : {
      "width" : 223.71483,
      "lookDirectionRV" : {
        "x" : 0.31021628,
        "y" : 0.3918903,
        "z" : -0.8661329,
        "zero" : false
      },
      "fieldOfView" : 0.44262907,
      "perspective" : false,
      "lookAtPointRV" : {
        "x" : 0.0,
        "y" : 0.0,
        "z" : 0.0,
        "zero" : true
      },
      "viewDistance" : 497.14386,
      "upDirectionRV" : {
        "x" : -0.07491246,
        "y" : 0.9183246,
        "z" : 0.3886741,
        "zero" : false
      },
      "position" : {
        "x" : -154.22212,
        "y" : -194.82585,
        "z" : 430.59265
      },
      "nearClipDistance" : 1.2428604,
      "upDirection" : {
        "x" : -0.07491246,
        "y" : 0.9183246,
        "z" : 0.3886741
      },
      "farClipDistance" : 994.28687,
      "lookDirection" : {
        "x" : 0.31021628,
        "y" : 0.3918903,
        "z" : -0.8661329
      },
      "lookAtPoint" : {
        "x" : 0.0,
        "y" : 0.0,
        "z" : 0.0
      },
      "stereo" : false
    },
    "snapshot" : 7
  }, {
    "title" : "Triangle",
    "content" : "",
    "view" : {
      "width" : 223.71483,
      "lookDirectionRV" : {
        "x" : 0.27240077,
        "y" : 0.23215425,
        "z" : -0.93375623,
        "zero" : false
      },
      "fieldOfView" : 0.44262907,
      "perspective" : false,
      "lookAtPointRV" : {
        "x" : 0.0,
        "y" : 0.0,
        "z" : 0.0,
        "zero" : true
      },
      "viewDistance" : 497.14386,
      "upDirectionRV" : {
        "x" : -0.029706858,
        "y" : 0.97202224,
        "z" : 0.23300187,
        "zero" : false
      },
      "position" : {
        "x" : -135.42236,
        "y" : -115.41406,
        "z" : 464.21118
      },
      "nearClipDistance" : 1.2428604,
      "upDirection" : {
        "x" : -0.029706858,
        "y" : 0.97202224,
        "z" : 0.23300187
      },
      "farClipDistance" : 994.28687,
      "lookDirection" : {
        "x" : 0.27240077,
        "y" : 0.23215425,
        "z" : -0.93375623
      },
      "lookAtPoint" : {
        "x" : 0.0,
        "y" : 0.0,
        "z" : 0.0
      },
      "stereo" : false
    },
    "snapshot" : 3
  }, {
    "title" : "Triangle with normal",
    "content" : "",
    "view" : {
      "width" : 223.71483,
      "lookDirectionRV" : {
        "x" : -0.2921775,
        "y" : 0.12068651,
        "z" : -0.94871783,
        "zero" : false
      },
      "fieldOfView" : 0.44262907,
      "perspective" : false,
      "lookAtPointRV" : {
        "x" : 0.0,
        "y" : 0.0,
        "z" : 0.0,
        "zero" : true
      },
      "viewDistance" : 497.14386,
      "upDirectionRV" : {
        "x" : -0.011423845,
        "y" : 0.99149424,
        "z" : 0.12964636,
        "zero" : false
      },
      "position" : {
        "x" : 145.25424,
        "y" : -59.998558,
        "z" : 471.64923
      },
      "nearClipDistance" : 1.2428604,
      "upDirection" : {
        "x" : -0.011423845,
        "y" : 0.99149424,
        "z" : 0.12964636
      },
      "farClipDistance" : 994.28687,
      "lookDirection" : {
        "x" : -0.2921775,
        "y" : 0.12068651,
        "z" : -0.94871783
      },
      "lookAtPoint" : {
        "x" : 0.0,
        "y" : 0.0,
        "z" : 0.0
      },
      "stereo" : false
    },
    "snapshot" : 2
  }, {
    "title" : "Symmetry applied",
    "content" : "",
    "view" : {
      "width" : 223.71483,
      "lookDirectionRV" : {
        "x" : 0.27240077,
        "y" : 0.23215425,
        "z" : -0.93375623,
        "zero" : false
      },
      "fieldOfView" : 0.44262907,
      "perspective" : false,
      "lookAtPointRV" : {
        "x" : 0.0,
        "y" : 0.0,
        "z" : 0.0,
        "zero" : true
      },
      "viewDistance" : 497.14386,
      "upDirectionRV" : {
        "x" : -0.029706858,
        "y" : 0.97202224,
        "z" : 0.23300187,
        "zero" : false
      },
      "position" : {
        "x" : -135.42236,
        "y" : -115.41406,
        "z" : 464.21118
      },
      "nearClipDistance" : 1.2428604,
      "upDirection" : {
        "x" : -0.029706858,
        "y" : 0.97202224,
        "z" : 0.23300187
      },
      "farClipDistance" : 994.28687,
      "lookDirection" : {
        "x" : 0.27240077,
        "y" : 0.23215425,
        "z" : -0.93375623
      },
      "lookAtPoint" : {
        "x" : 0.0,
        "y" : 0.0,
        "z" : 0.0
      },
      "stereo" : false
    },
    "snapshot" : 4
  }, {
    "title" : "Plane to reflect triangle",
    "content" : "",
    "view" : {
      "width" : 223.71483,
      "lookDirectionRV" : {
        "x" : -0.2921775,
        "y" : 0.12068651,
        "z" : -0.94871783,
        "zero" : false
      },
      "fieldOfView" : 0.44262907,
      "perspective" : false,
      "lookAtPointRV" : {
        "x" : 0.0,
        "y" : 0.0,
        "z" : 0.0,
        "zero" : true
      },
      "viewDistance" : 497.14386,
      "upDirectionRV" : {
        "x" : -0.011423845,
        "y" : 0.99149424,
        "z" : 0.12964636,
        "zero" : false
      },
      "position" : {
        "x" : 145.25424,
        "y" : -59.998558,
        "z" : 471.64923
