{
  "polygons" : "true",
  "field" : "snubDodec",
  "symmetry" : "icosahedral",
  "orientations" : [ [ 1.0, 0.0, 0.0, 0.0, 0.0, 1.0, 0.0, 0.0, 0.0, 0.0, 1.0, 0.0, 0.0, 0.0, 0.0, 1.0 ], [ 0.0, 0.0, 1.0, 0.0, 1.0, 0.0, 0.0, 0.0, 0.0, 1.0, 0.0, 0.0, 0.0, 0.0, 0.0, 1.0 ], [ 0.0, 1.0, 0.0, 0.0, 0.0, 0.0, 1.0, 0.0, 1.0, 0.0, 0.0, 0.0, 0.0, 0.0, 0.0, 1.0 ], [ 0.809017, 0.309017, 0.5, 0.0, 0.309017, 0.5, -0.809017, 0.0, -0.5, 0.809017, 0.309017, 0.0, 0.0, 0.0, 0.0, 1.0 ], [ -0.5, 0.809017, 0.309017, 0.0, 0.809017, 0.309017, 0.5, 0.0, 0.309017, 0.5, -0.809017, 0.0, 0.0, 0.0, 0.0, 1.0 ], [ 0.309017, 0.5, -0.809017, 0.0, -0.5, 0.809017, 0.309017, 0.0, 0.809017, 0.309017, 0.5, 0.0, 0.0, 0.0, 0.0, 1.0 ], [ 0.5, 0.809017, 0.309017, 0.0, 0.809017, -0.309017, -0.5, 0.0, -0.309017, 0.5, -0.809017, 0.0, 0.0, 0.0, 0.0, 1.0 ], [ -0.309017, 0.5, -0.809017, 0.0, 0.5, 0.809017, 0.309017, 0.0, 0.809017, -0.309017, -0.5, 0.0, 0.0, 0.0, 0.0, 1.0 ], [ 0.809017, -0.309017, -0.5, 0.0, -0.309017, 0.5, -0.809017, 0.0, 0.5, 0.809017, 0.309017, 0.0, 0.0, 0.0, 0.0, 1.0 ], [ 0.5, 0.809017, -0.309017, 0.0, 0.809017, -0.309017, 0.5, 0.0, 0.309017, -0.5, -0.809017, 0.0, 0.0, 0.0, 0.0, 1.0 ], [ 0.309017, -0.5, -0.809017, 0.0, 0.5, 0.809017, -0.309017, 0.0, 0.809017, -0.309017, 0.5, 0.0, 0.0, 0.0, 0.0, 1.0 ], [ 0.809017, -0.309017, 0.5, 0.0, 0.309017, -0.5, -0.809017, 0.0, 0.5, 0.809017, -0.309017, 0.0, 0.0, 0.0, 0.0, 1.0 ], [ 0.809017, 0.309017, -0.5, 0.0, 0.309017, 0.5, 0.809017, 0.0, 0.5, -0.809017, 0.309017, 0.0, 0.0, 0.0, 0.0, 1.0 ], [ 0.5, -0.809017, 0.309017, 0.0, 0.809017, 0.309017, -0.5, 0.0, 0.309017, 0.5, 0.809017, 0.0, 0.0, 0.0, 0.0, 1.0 ], [ 0.309017, 0.5, 0.809017, 0.0, 0.5, -0.809017, 0.309017, 0.0, 0.809017, 0.309017, -0.5, 0.0, 0.0, 0.0, 0.0, 1.0 ], [ 1.0, 0.0, 0.0, 0.0, 0.0, -1.0, 0.0, 0.0, 0.0, 0.0, -1.0, 0.0, 0.0, 0.0, 0.0, 1.0 ], [ 0.0, 0.0, 1.0, 0.0, -1.0, 0.0, 0.0, 0.0, 0.0, -1.0, 0.0, 0.0, 0.0, 0.0, 0.0, 1.0 ], [ 0.0, 1.0, 0.0, 0.0, 0.0, 0.0, -1.0, 0.0, -1.0, 0.0, 0.0, 0.0, 0.0, 0.0, 0.0, 1.0 ], [ 0.809017, 0.309017, 0.5, 0.0, -0.309017, -0.5, 0.809017, 0.0, 0.5, -0.809017, -0.309017, 0.0, 0.0, 0.0, 0.0, 1.0 ], [ -0.5, 0.809017, 0.309017, 0.0, -0.809017, -0.309017, -0.5, 0.0, -0.309017, -0.5, 0.809017, 0.0, 0.0, 0.0, 0.0, 1.0 ], [ 0.309017, 0.5, -0.809017, 0.0, 0.5, -0.809017, -0.309017, 0.0, -0.809017, -0.309017, -0.5, 0.0, 0.0, 0.0, 0.0, 1.0 ], [ 0.5, 0.809017, 0.309017, 0.0, -0.809017, 0.309017, 0.5, 0.0, 0.309017, -0.5, 0.809017, 0.0, 0.0, 0.0, 0.0, 1.0 ], [ -0.309017, 0.5, -0.809017, 0.0, -0.5, -0.809017, -0.309017, 0.0, -0.809017, 0.309017, 0.5, 0.0, 0.0, 0.0, 0.0, 1.0 ], [ 0.809017, -0.309017, -0.5, 0.0, 0.309017, -0.5, 0.809017, 0.0, -0.5, -0.809017, -0.309017, 0.0, 0.0, 0.0, 0.0, 1.0 ], [ 0.5, 0.809017, -0.309017, 0.0, -0.809017, 0.309017, -0.5, 0.0, -0.309017, 0.5, 0.809017, 0.0, 0.0, 0.0, 0.0, 1.0 ], [ 0.309017, -0.5, -0.809017, 0.0, -0.5, -0.809017, 0.309017, 0.0, -0.809017, 0.309017, -0.5, 0.0, 0.0, 0.0, 0.0, 1.0 ], [ 0.809017, -0.309017, 0.5, 0.0, -0.309017, 0.5, 0.809017, 0.0, -0.5, -0.809017, 0.309017, 0.0, 0.0, 0.0, 0.0, 1.0 ], [ 0.809017, 0.309017, -0.5, 0.0, -0.309017, -0.5, -0.809017, 0.0, -0.5, 0.809017, -0.309017, 0.0, 0.0, 0.0, 0.0, 1.0 ], [ 0.5, -0.809017, 0.309017, 0.0, -0.809017, -0.309017, 0.5, 0.0, -0.309017, -0.5, -0.809017, 0.0, 0.0, 0.0, 0.0, 1.0 ], [ 0.309017, 0.5, 0.809017, 0.0, -0.5, 0.809017, -0.309017, 0.0, -0.809017, -0.309017, 0.5, 0.0, 0.0, 0.0, 0.0, 1.0 ], [ -1.0, 0.0, 0.0, 0.0, 0.0, -1.0, 0.0, 0.0, 0.0, 0.0, 1.0, 0.0, 0.0, 0.0, 0.0, 1.0 ], [ 0.0, 0.0, -1.0, 0.0, -1.0, 0.0, 0.0, 0.0, 0.0, 1.0, 0.0, 0.0, 0.0, 0.0, 0.0, 1.0 ], [ 0.0, -1.0, 0.0, 0.0, 0.0, 0.0, -1.0, 0.0, 1.0, 0.0, 0.0, 0.0, 0.0, 0.0, 0.0, 1.0 ], [ -0.809017, -0.309017, -0.5, 0.0, -0.309017, -0.5, 0.809017, 0.0, -0.5, 0.809017, 0.309017, 0.0, 0.0, 0.0, 0.0, 1.0 ], [ 0.5, -0.809017, -0.309017, 0.0, -0.809017, -0.309017, -0.5, 0.0, 0.309017, 0.5, -0.809017, 0.0, 0.0, 0.0, 0.0, 1.0 ], [ -0.309017, -0.5, 0.809017, 0.0, 0.5, -0.809017, -0.309017, 0.0, 0.809017, 0.309017, 0.5, 0.0, 0.0, 0.0, 0.0, 1.0 ], [ -0.5, -0.809017, -0.309017, 0.0, -0.809017, 0.309017, 0.5, 0.0, -0.309017, 0.5, -0.809017, 0.0, 0.0, 0.0, 0.0, 1.0 ], [ 0.309017, -0.5, 0.809017, 0.0, -0.5, -0.809017, -0.309017, 0.0, 0.809017, -0.309017, -0.5, 0.0, 0.0, 0.0, 0.0, 1.0 ], [ -0.809017, 0.309017, 0.5, 0.0, 0.309017, -0.5, 0.809017, 0.0, 0.5, 0.809017, 0.309017, 0.0, 0.0, 0.0, 0.0, 1.0 ], [ -0.5, -0.809017, 0.309017, 0.0, -0.809017, 0.309017, -0.5, 0.0, 0.309017, -0.5, -0.809017, 0.0, 0.0, 0.0, 0.0, 1.0 ], [ -0.309017, 0.5, 0.809017, 0.0, -0.5, -0.809017, 0.309017, 0.0, 0.809017, -0.309017, 0.5, 0.0, 0.0, 0.0, 0.0, 1.0 ], [ -0.809017, 0.309017, -0.5, 0.0, -0.309017, 0.5, 0.809017, 0.0, 0.5, 0.809017, -0.309017, 0.0, 0.0, 0.0, 0.0, 1.0 ], [ -0.809017, -0.309017, 0.5, 0.0, -0.309017, -0.5, -0.809017, 0.0, 0.5, -0.809017, 0.309017, 0.0, 0.0, 0.0, 0.0, 1.0 ], [ -0.5, 0.809017, -0.309017, 0.0, -0.809017, -0.309017, 0.5, 0.0, 0.309017, 0.5, 0.809017, 0.0, 0.0, 0.0, 0.0, 1.0 ], [ -0.309017, -0.5, -0.809017, 0.0, -0.5, 0.809017, -0.309017, 0.0, 0.809017, 0.309017, -0.5, 0.0, 0.0, 0.0, 0.0, 1.0 ], [ -1.0, 0.0, 0.0, 0.0, 0.0, 1.0, 0.0, 0.0, 0.0, 0.0, -1.0, 0.0, 0.0, 0.0, 0.0, 1.0 ], [ 0.0, 0.0, -1.0, 0.0, 1.0, 0.0, 0.0, 0.0, 0.0, -1.0, 0.0, 0.0, 0.0, 0.0, 0.0, 1.0 ], [ 0.0, -1.0, 0.0, 0.0, 0.0, 0.0, 1.0, 0.0, -1.0, 0.0, 0.0, 0.0, 0.0, 0.0, 0.0, 1.0 ], [ -0.809017, -0.309017, -0.5, 0.0, 0.309017, 0.5, -0.809017, 0.0, 0.5, -0.809017, -0.309017, 0.0, 0.0, 0.0, 0.0, 1.0 ], [ 0.5, -0.809017, -0.309017, 0.0, 0.809017, 0.309017, 0.5, 0.0, -0.309017, -0.5, 0.809017, 0.0, 0.0, 0.0, 0.0, 1.0 ], [ -0.309017, -0.5, 0.809017, 0.0, -0.5, 0.809017, 0.309017, 0.0, -0.809017, -0.309017, -0.5, 0.0, 0.0, 0.0, 0.0, 1.0 ], [ -0.5, -0.809017, -0.309017, 0.0, 0.809017, -0.309017, -0.5, 0.0, 0.309017, -0.5, 0.809017, 0.0, 0.0, 0.0, 0.0, 1.0 ], [ 0.309017, -0.5, 0.809017, 0.0, 0.5, 0.809017, 0.309017, 0.0, -0.809017, 0.309017, 0.5, 0.0, 0.0, 0.0, 0.0, 1.0 ], [ -0.809017, 0.309017, 0.5, 0.0, -0.309017, 0.5, -0.809017, 0.0, -0.5, -0.809017, -0.309017, 0.0, 0.0, 0.0, 0.0, 1.0 ], [ -0.5, -0.809017, 0.309017, 0.0, 0.809017, -0.309017, 0.5, 0.0, -0.309017, 0.5, 0.809017, 0.0, 0.0, 0.0, 0.0, 1.0 ], [ -0.309017, 0.5, 0.809017, 0.0, 0.5, 0.809017, -0.309017, 0.0, -0.809017, 0.309017, -0.5, 0.0, 0.0, 0.0, 0.0, 1.0 ], [ -0.809017, 0.309017, -0.5, 0.0, 0.309017, -0.5, -0.809017, 0.0, -0.5, -0.809017, 0.309017, 0.0, 0.0, 0.0, 0.0, 1.0 ], [ -0.809017, -0.309017, 0.5, 0.0, 0.309017, 0.5, 0.809017, 0.0, -0.5, 0.809017, -0.309017, 0.0, 0.0, 0.0, 0.0, 1.0 ], [ -0.5, 0.809017, -0.309017, 0.0, 0.809017, 0.309017, -0.5, 0.0, -0.309017, -0.5, -0.809017, 0.0, 0.0, 0.0, 0.0, 1.0 ], [ -0.309017, -0.5, -0.809017, 0.0, 0.5, -0.809017, 0.309017, 0.0, -0.809017, -0.309017, 0.5, 0.0, 0.0, 0.0, 0.0, 1.0 ] ],
  "lights" : {
    "directionalLights" : [ {
      "direction" : [ 1.0, -1.0, -1.0 ],
      "color" : "#EBEBE4"
    }, {
      "direction" : [ -1.0, 0.0, 0.0 ],
      "color" : "#E4E4EB"
    }, {
      "direction" : [ 0.0, 0.0, -1.0 ],
      "color" : "#1E1E1E"
    } ],
    "backgroundColor" : "#AFC8DC",
    "ambientColor" : "#292929"
  },
  "camera" : {
    "fieldOfView" : 0.4426306,
    "lookAtPointRV" : {
      "x" : 0.0,
      "y" : 0.0,
      "z" : 0.0,
      "zero" : true
    },
    "upDirectionRV" : {
      "x" : 0.021132633,
      "y" : 0.9996359,
      "z" : -0.016778968,
      "zero" : false
    },
    "lookDirectionRV" : {
      "x" : 0.07425686,
      "y" : -0.018305738,
      "z" : -0.9970711,
      "zero" : false
    },
    "viewDistance" : 96.43599,
    "perspective" : false,
    "nearClipDistance" : 0.24109036,
    "upDirection" : {
      "x" : 0.021132633,
      "y" : 0.9996359,
      "z" : -0.016778968
    },
    "lookAtPoint" : {
      "x" : 0.0,
      "y" : 0.0,
      "z" : 0.0
    },
    "lookDirection" : {
      "x" : 0.07425686,
      "y" : -0.018305738,
      "z" : -0.9970711
    },
    "stereo" : false,
    "farClipDistance" : 192.87254,
    "position" : {
      "x" : -7.1610336,
      "y" : 1.7653319,
      "z" : 96.153534
    },
    "width" : 43.396366
  },
  "embedding" : [ 1.0, 0.0, 0.0, 0.0, 0.0, 1.0, 0.0, 0.0, 0.0, 0.0, 1.0, 0.0, 0.0, 0.0, 0.0, 1.0 ],
  "shapes" : [ {
    "id" : "6738e173-95a8-4f6d-af25-4185f83ab54c",
    "vertices" : [ {
      "x" : 0.0,
      "y" : 0.0,
      "z" : 0.0
    }, {
      "x" : -1.2393996,
      "y" : 0.64263994,
      "z" : -3.24479
    }, {
      "x" : -0.42111307,
      "y" : 3.3294058,
      "z" : -1.1024884
    } ],
    "faces" : [ {
      "vertices" : [ 0, 1, 2 ]
    }, {
      "vertices" : [ 0, 2, 1 ]
    } ]
  }, {
    "id" : "f64dbb17-9a26-45a8-b162-ad15fd4e6608",
    "vertices" : [ {
      "x" : 0.0,
      "y" : 0.0,
      "z" : 0.0
    }, {
      "x" : 2.6480305,
      "y" : -2.3378823,
      "z" : 0.0
    }, {
      "x" : -0.68137527,
      "y" : -3.4403708,
      "z" : 0.42111307
    } ],
    "faces" : [ {
      "vertices" : [ 0, 1, 2 ]
    }, {
      "vertices" : [ 0, 2, 1 ]
    } ]
  }, {
    "id" : "cccd8224-1755-40fd-b93e-a55359bba895",
    "vertices" : [ {
      "x" : 0.0,
      "y" : 0.0,
      "z" : 0.0
    }, {
      "x" : 0.68137527,
      "y" : 3.4403708,
      "z" : -0.42111307
    }, {
      "x" : 3.3294058,
      "y" : 1.1024884,
      "z" : -0.42111307
    } ],
    "faces" : [ {
      "vertices" : [ 0, 1, 2 ]
    }, {
      "vertices" : [ 0, 2, 1 ]
    } ]
  }, {
    "id" : "e619f824-b720-4506-a101-55b440a23ac6",
    "vertices" : [ {
      "x" : 0.0,
      "y" : 0.0,
      "z" : 0.0
    }, {
      "x" : 0.42111307,
      "y" : -3.3294058,
      "z" : 1.1024884
    }, {
      "x" : -0.8182864,
      "y" : -2.686766,
      "z" : -2.1423016
    } ],
    "faces" : [ {
      "vertices" : [ 0, 1, 2 ]
    }, {
      "vertices" : [ 0, 2, 1 ]
    } ]
  }, {
    "id" : "a2cc2b58-2d4c-4cea-a75c-4b28f98dc871",
    "vertices" : [ {
      "x" : 0.0,
      "y" : 0.0,
      "z" : 0.0
    }, {
      "x" : -0.72244537,
      "y" : 1.1689411,
      "z" : 3.254137
    }, {
      "x" : 0.68137527,
      "y" : -1.1024884,
      "z" : 5.566637
    }, {
      "x" : 2.2714295,
      "y" : -3.6752503,
      "z" : 3.741703
    }, {
      "x" : 1.8503165,
      "y" : -2.993875,
      "z" : 0.3013323
    } ],
    "faces" : [ {
      "vertices" : [ 0, 1, 2, 3, 4 ]
    }, {
      "vertices" : [ 0, 4, 3, 2, 1 ]
    } ]
  }, {
    "id" : "7125f1bb-5167-4104-a771-0492bc09c99d",
    "vertices" : [ {
      "x" : 0.0,
      "y" : 0.0,
      "z" : 0.0
    }, {
      "x" : -3.3294058,
      "y" : -1.1024884,
      "z" : 0.42111307
    }, {
      "x" : -2.6480305,
      "y" : 2.3378823,
      "z" : 0.0
    } ],
    "faces" : [ {
      "vertices" : [ 0, 1, 2 ]
    }, {
      "vertices" : [ 0, 2, 1 ]
    } ]
  }, {
    "id" : "a510bb07-8c34-4697-8d7a-b17fdb3f5e65",
    "vertices" : [ {
      "x" : 0.0,
      "y" : 0.0,
      "z" : 0.0
    }, {
      "x" : -1.8503165,
      "y" : 2.993875,
      "z" : -0.3013323
    }, {
      "x" : -2.5727618,
      "y" : 4.162816,
      "z" : 2.9528048
    }, {
      "x" : -1.1689411,
      "y" : 1.8913866,
      "z" : 5.2653046
    }, {
      "x" : 0.42111307,
      "y" : -0.68137527,
      "z" : 3.4403708
    } ],
    "faces" : [ {
      "vertices" : [ 0, 1, 2, 3, 4 ]
    }, {
      "vertices" : [ 0, 4, 3, 2, 1 ]
    } ]
  }, {
    "id" : "661b890f-6370-4cfd-ab31-ac6f9848ab53",
    "vertices" : [ {
      "x" : 0.0,
      "y" : 0.0,
      "z" : 0.0
    }, {
      "x" : 1.4038206,
      "y" : -2.2714295,
      "z" : 2.3124998
    }, {
      "x" : 2.993875,
      "y" : -4.8441916,
      "z" : 0.4875659
    }, {
      "x" : 2.5727618,
      "y" : -4.162816,
      "z" : -2.9528048
    }, {
      "x" : 0.72244537,
      "y" : -1.1689411,
      "z" : -3.254137
    } ],
    "faces" : [ {
      "vertices" : [ 0, 1, 2, 3, 4 ]
    }, {
      "vertices" : [ 0, 4, 3, 2, 1 ]
    } ]
  }, {
    "id" : "368d6aa1-6658-4d30-8ca0-907edfa1fd3f",
    "vertices" : [ {
      "x" : 0.0,
      "y" : 0.0,
      "z" : 0.0
    }, {
      "x" : 0.8182864,
      "y" : 2.686766,
      "z" : 2.1423016
    }, {
      "x" : 1.2393996,
      "y" : -0.64263994,
      "z" : 3.24479
    } ],
    "faces" : [ {
      "vertices" : [ 0, 1, 2 ]
    }, {
      "vertices" : [ 0, 2, 1 ]
    } ]
  }, {
    "id" : "d54d1074-0795-4fbf-9658-7f15a2cd3030",
    "orbit" : "12297",
    "orbitC" : "[[5682,1365,1010,1940,-5020,450,7841],[203,-4501,-1722,-2376,-3552,5754,7841]]",
    "length" : "[-1,1,0,0,0,0,1]",
    "name" : "shorter",
    "vertices" : [ {
      "x" : 1.8965884,
      "y" : 2.1711705,
      "z" : -0.07303925
    }, {
      "x" : 1.7965884,
      "y" : 2.0711703,
      "z" : -0.47303924
    }, {
      "x" : 0.57846266,
      "y" : 0.31369287,
      "z" : -0.34807384
    }, {
      "x" : 0.6784627,
      "y" : 0.41369286,
      "z" : 0.051926166
    }, {
      "x" : 2.0965884,
      "y" : 1.8378371,
      "z" : -0.6063726
    }, {
      "x" : 2.1965883,
      "y" : 1.937837,
      "z" : -0.20637259
    }, {
      "x" : 0.3784627,
      "y" : 0.6470262,
      "z" : 0.1852595
    }, {
      "x" : 0.27846268,
      "y" : 0.54702616,
      "z" : -0.2147405
    } ],
    "faces" : [ {
      "vertices" : [ 2, 3, 6, 7 ]
    }, {
      "vertices" : [ 0, 5, 4, 1 ]
    }, {
      "vertices" : [ 2, 4, 5, 3 ]
    }, {
      "vertices" : [ 0, 6, 3, 5 ]
    }, {
      "vertices" : [ 0, 1, 7, 6 ]
    }, {
      "vertices" : [ 1, 4, 2, 7 ]
    } ]
  }, {
    "id" : "24302b92-2275-411e-b238-034abfac4515",
    "name" : "ball",
    "vertices" : [ {
      "x" : 0.309017,
      "y" : -0.309017,
      "z" : -0.309017
    }, {
      "x" : 0.5,
      "y" : 0.0,
      "z" : -0.19098301
    }, {
      "x" : 0.5,
      "y" : 0.0,
      "z" : 0.19098301
    }, {
      "x" : 0.309017,
      "y" : -0.309017,
      "z" : 0.309017
    }, {
      "x" : 0.19098301,
      "y" : -0.5,
      "z" : 0.0
    }, {
      "x" : 0.0,
      "y" : 0.19098301,
      "z" : 0.5
    }, {
      "x" : 0.0,
      "y" : -0.19098301,
      "z" : 0.5
    }, {
      "x" : 0.309017,
      "y" : 0.309017,
      "z" : 0.309017
    }, {
      "x" : -0.309017,
      "y" : -0.309017,
      "z" : 0.309017
    }, {
      "x" : -0.309017,
      "y" : 0.309017,
      "z" : 0.309017
    }, {
      "x" : -0.5,
      "y" : 0.0,
      "z" : 0.19098301
    }, {
      "x" : 0.0,
      "y" : -0.19098301,
      "z" : -0.5
    }, {
      "x" : 0.0,
      "y" : 0.19098301,
      "z" : -0.5
    }, {
      "x" : 0.309017,
      "y" : 0.309017,
      "z" : -0.309017
    }, {
      "x" : -0.309017,
      "y" : -0.309017,
      "z" : -0.309017
    }, {
      "x" : -0.19098301,
      "y" : -0.5,
      "z" : 0.0
    }, {
      "x" : -0.5,
      "y" : 0.0,
      "z" : -0.19098301
    }, {
      "x" : 0.19098301,
      "y" : 0.5,
      "z" : 0.0
    }, {
      "x" : -0.309017,
      "y" : 0.309017,
      "z" : -0.309017
    }, {
      "x" : 0.0,
      "y" : 0.0,
      "z" : 0.0
    }, {
      "x" : -0.19098301,
      "y" : 0.5,
      "z" : 0.0
    } ],
    "faces" : [ {
      "vertices" : [ 12, 18, 20, 17, 13 ]
    }, {
      "vertices" : [ 3, 6, 8, 15, 4 ]
    }, {
      "vertices" : [ 0, 11, 12, 13, 1 ]
    }, {
      "vertices" : [ 5, 9, 10, 8, 6 ]
    }, {
      "vertices" : [ 2, 7, 5, 6, 3 ]
    }, {
      "vertices" : [ 11, 14, 16, 18, 12 ]
    }, {
      "vertices" : [ 1, 13, 17, 7, 2 ]
    }, {
      "vertices" : [ 9, 20, 18, 16, 10 ]
    }, {
      "vertices" : [ 0, 1, 2, 3, 4 ]
    }, {
      "vertices" : [ 5, 7, 17, 20, 9 ]
    }, {
      "vertices" : [ 0, 4, 15, 14, 11 ]
    }, {
      "vertices" : [ 8, 10, 16, 14, 15 ]
    } ]
  }, {
    "id" : "37fd3962-7550-4f88-a7bb-80f026871a48",
    "orbit" : "12300",
    "orbitC" : "[[-28,11,-18,6,-4,8,19],[57,-45,-60,30,-20,20,19]]",
    "length" : "[-1,1,0,0,0,0,1]",
    "name" : "shorter",
    "vertices" : [ {
      "x" : -2.3609617,
      "y" : 0.7636692,
      "z" : -1.4190395
    }, {
      "x" : -2.4609616,
      "y" : 0.36366922,
      "z" : -1.5190395
    }, {
      "x" : -0.45508224,
      "y" : 0.010012252,
      "z" : -0.56818813
    }, {
      "x" : -0.35508224,
      "y" : 0.41001225,
      "z" : -0.4681881
    }, {
      "x" : -2.2276282,
      "y" : 0.49700254,
      "z" : -1.8190395
    }, {
      "x" : -2.1276283,
      "y" : 0.8970025,
      "z" : -1.7190396
    }, {
      "x" : -0.58841556,
      "y" : 0.27667892,
      "z" : -0.1681881
    }, {
      "x" : -0.6884156,
      "y" : -0.12332108,
      "z" : -0.2681881
    } ],
    "faces" : [ {
      "vertices" : [ 2, 3, 6, 7 ]
    }, {
      "vertices" : [ 0, 5, 4, 1 ]
    }, {
      "vertices" : [ 2, 4, 5, 3 ]
    }, {
      "vertices" : [ 0, 6, 3, 5 ]
    }, {
      "vertices" : [ 0, 1, 7, 6 ]
    }, {
      "vertices" : [ 1, 4, 2, 7 ]
    } ]
  }, {
    "id" : "769ee43b-b40a-4f97-990f-d91159ed5b49",
    "orbit" : "12306",
    "orbitC" : "[[227,-120,-15,25,-135,70,31],[0,0,0,0,0,0,1]]",
    "length" : "[-1,1,0,0,0,0,1]",
    "name" : "shorter",
    "vertices" : [ {
      "x" : -2.3579106,
      "y" : -1.7133775,
      "z" : 0.017081548
    }, {
      "x" : -2.2579105,
      "y" : -1.6133775,
      "z" : 0.41708153
    }, {
      "x" : -0.3500189,
      "y" : -0.52758634,
      "z" : 0.33357322
    }, {
      "x" : -0.4500189,
      "y" : -0.62758636,
      "z" : -0.06642677
    }, {
      "x" : -2.0245771,
      "y" : -1.9133774,
      "z" : 0.55041486
    }, {
      "x" : -2.1245773,
      "y" : -2.0133774,
      "z" : 0.15041488
    }, {
      "x" : -0.68335223,
      "y" : -0.32758635,
      "z" : -0.1997601
    }, {
      "x" : -0.5833522,
      "y" : -0.22758634,
      "z" : 0.2002399
    } ],
    "faces" : [ {
      "vertices" : [ 2, 3, 6, 7 ]
    }, {
      "vertices" : [ 0, 5, 4, 1 ]
    }, {
      "vertices" : [ 2, 4, 5, 3 ]
    }, {
      "vertices" : [ 0, 6, 3, 5 ]
    }, {
      "vertices" : [ 0, 1, 7, 6 ]
    }, {
      "vertices" : [ 1, 4, 2, 7 ]
    } ]
  }, {
    "id" : "f266d730-7e76-47f5-9710-ff336f9573f7",
    "orbit" : "12296",
    "orbitC" : "[[-11502,5549,620,-1920,9132,-3644,11231],[-3043,-6155,-2570,-2910,-900,6410,11231]]",
    "length" : "[-1,1,0,0,0,0,1]",
    "name" : "shorter",
    "vertices" : [ {
      "x" : -0.30975866,
      "y" : 2.878029,
      "z" : -0.5600864
    }, {
      "x" : -0.7097587,
      "y" : 2.7780292,
      "z" : -0.46008644
    }, {
      "x" : -0.40481597,
      "y" : 0.4831536,
      "z" : -0.2582
    }, {
      "x" : -0.0048159813,
      "y" : 0.5831536,
      "z" : -0.35819998
    }, {
      "x" : -0.843092,
      "y" : 2.5446959,
      "z" : -0.7600864
    }, {
      "x" : -0.44309202,
      "y" : 2.6446958,
      "z" : -0.86008644
    }, {
      "x" : 0.12851736,
      "y" : 0.81648695,
      "z" : -0.058199994
    }, {
      "x" : -0.27148265,
      "y" : 0.71648693,
      "z" : 0.041800003
    } ],
    "faces" : [ {
      "vertices" : [ 2, 3, 6, 7 ]
    }, {
      "vertices" : [ 0, 5, 4, 1 ]
    }, {
      "vertices" : [ 2, 4, 5, 3 ]
    }, {
      "vertices" : [ 0, 6, 3, 5 ]
    }, {
      "vertices" : [ 0, 1, 7, 6 ]
    }, {
      "vertices" : [ 1, 4, 2, 7 ]
    } ]
  }, {
    "id" : "6b1a1bae-2a92-4ae6-b077-77fab999e447",
    "orbit" : "12295",
    "orbitC" : "[[-994,593,2334,-1458,1962,-1194,41],[-713,465,1750,-1070,1450,-910,41]]",
    "length" : "[-1,1,0,0,0,0,1]",
    "name" : "shorter",
    "vertices" : [ {
      "x" : -1.7151686,
      "y" : 0.5164082,
      "z" : -2.2517693
    }, {
      "x" : -1.6151686,
      "y" : 0.9164082,
      "z" : -2.1517692
    }, {
      "x" : -0.5163907,
      "y" : 0.44630015,
      "z" : -0.31164554
    }, {
      "x" : -0.6163907,
      "y" : 0.046300158,
      "z" : -0.41164553
    }, {
      "x" : -1.9151686,
      "y" : 1.0497415,
      "z" : -1.9184359
    }, {
      "x" : -2.0151687,
      "y" : 0.64974153,
      "z" : -2.018436
    }, {
      "x" : -0.3163907,
      "y" : -0.087033175,
      "z" : -0.6449789
    }, {
      "x" : -0.21639068,
      "y" : 0.31296682,
      "z" : -0.54497886
    } ],
    "faces" : [ {
      "vertices" : [ 2, 3, 6, 7 ]
    }, {
      "vertices" : [ 0, 5, 4, 1 ]
    }, {
      "vertices" : [ 2, 4, 5, 3 ]
    }, {
      "vertices" : [ 0, 6, 3, 5 ]
    }, {
      "vertices" : [ 0, 1, 7, 6 ]
    }, {
      "vertices" : [ 1, 4, 2, 7 ]
    } ]
  }, {
    "id" : "dbd30aa2-2ac2-42ca-b113-8c8aee9a06ae",
    "orbit" : "12298",
    "orbitC" : "[[-9886,8657,4272,-1504,7596,-6032,7471],[-4307,-2485,120,-3400,5250,670,7471]]",
    "length" : "[-1,1,0,0,0,0,1]",
    "name" : "shorter",
    "vertices" : [ {
      "x" : 2.4464195,
      "y" : -0.5031334,
      "z" : -1.3603967
    }, {
      "x" : 2.5464196,
      "y" : -0.10313343,
      "z" : -1.4603968
    }, {
      "x" : 0.48294398,
      "y" : 0.04792696,
      "z" : -0.560378
    }, {
      "x" : 0.38294396,
      "y" : -0.35207304,
      "z" : -0.46037802
    }, {
      "x" : 2.3130863,
      "y" : -0.23646677,
      "z" : -1.7603967
    }, {
      "x" : 2.2130861,
      "y" : -0.63646674,
      "z" : -1.6603967
    }, {
      "x" : 0.6162773,
      "y" : -0.2187397,
      "z" : -0.16037802
    }, {
      "x" : 0.7162773,
      "y" : 0.18126029,
      "z" : -0.26037803
    } ],
    "faces" : [ {
      "vertices" : [ 2, 3, 6, 7 ]
    }, {
      "vertices" : [ 0, 5, 4, 1 ]
    }, {
      "vertices" : [ 2, 4, 5, 3 ]
    }, {
      "vertices" : [ 0, 6, 3, 5 ]
    }, {
      "vertices" : [ 0, 1, 7, 6 ]
    }, {
      "vertices" : [ 1, 4, 2, 7 ]
    } ]
  }, {
    "id" : "da2fef6e-c62d-4f7f-9439-70f47a1f4c95",
    "orbit" : "12307",
    "orbitC" : "[[0,0,0,0,0,0,1],[-148,30,105,-110,45,25,101]]",
    "length" : "[-1,1,0,0,0,0,1]",
    "name" : "shorter",
    "vertices" : [ {
      "x" : 0.3934689,
      "y" : 0.95500916,
      "z" : 2.6696117
    }, {
      "x" : -0.006531099,
      "y" : 1.0550091,
      "z" : 2.7696116
    }, {
      "x" : -0.07212505,
      "y" : 0.47176647,
      "z" : 0.54579014
    }, {
      "x" : 0.32787496,
      "y" : 0.37176648,
      "z" : 0.44579014
    }, {
      "x" : 0.12680224,
      "y" : 1.3550092,
      "z" : 2.5362782
    }, {
      "x" : 0.52680224,
      "y" : 1.2550092,
      "z" : 2.4362783
    }, {
      "x" : 0.19454162,
      "y" : 0.07176648,
      "z" : 0.67912346
    }, {
      "x" : -0.20545839,
      "y" : 0.17176647,
      "z" : 0.7791235
    } ],
    "faces" : [ {
      "vertices" : [ 2, 3, 6, 7 ]
    }, {
      "vertices" : [ 0, 5, 4, 1 ]
    }, {
      "vertices" : [ 2, 4, 5, 3 ]
    }, {
      "vertices" : [ 0, 6, 3, 5 ]
    }, {
      "vertices" : [ 0, 1, 7, 6 ]
    }, {
      "vertices" : [ 1, 4, 2, 7 ]
    } ]
  }, {
    "id" : "07e48913-1420-4f30-9871-9ebcfe4d8cfa",
    "orbit" : "snubPentagon",
    "orbitC" : "[[-38,23,6,-4,20,-12,1],[23,-15,-4,2,-12,8,1]]",
    "length" : "[9,18,0,0,-3,-6,2]",
    "name" : " :9/2 +9*phi -3/2*xi^2 -3*phi*xi^2",
    "vertices" : [ {
      "x" : 0.4705936,
      "y" : 0.3456986,
      "z" : 2.8219845
    }, {
      "x" : 0.07059362,
      "y" : 0.4456986,
      "z" : 2.9219847
    }, {
      "x" : -0.04948053,
      "y" : 0.33567667,
      "z" : 0.6183862
    }, {
      "x" : 0.35051948,
      "y" : 0.23567668,
      "z" : 0.5183862
    }, {
      "x" : 0.20392695,
      "y" : 0.7456986,
      "z" : 2.6886513
    }, {
      "x" : 0.60392696,
      "y" : 0.6456986,
      "z" : 2.5886512
    }, {
      "x" : 0.21718614,
      "y" : -0.06432332,
      "z" : 0.75171953
    }, {
      "x" : -0.18281387,
      "y" : 0.035676684,
      "z" : 0.85171956
    } ],
    "faces" : [ {
      "vertices" : [ 2, 3, 6, 7 ]
    }, {
      "vertices" : [ 0, 5, 4, 1 ]
    }, {
      "vertices" : [ 2, 4, 5, 3 ]
    }, {
      "vertices" : [ 0, 6, 3, 5 ]
    }, {
      "vertices" : [ 0, 1, 7, 6 ]
    }, {
      "vertices" : [ 1, 4, 2, 7 ]
    } ]
  }, {
    "id" : "1fec433f-b8bc-4b7d-be3e-8bdd2247b76d",
    "orbit" : "12302",
    "orbitC" : "[[46,73,32,76,-38,-54,145],[-3,11,124,-68,34,-28,145]]",
    "length" : "[-1,1,0,0,0,0,1]",
    "name" : "shorter",
    "vertices" : [ {
      "x" : -0.12465496,
      "y" : 2.699093,
      "z" : -1.1917323
    }, {
      "x" : -0.524655,
      "y" : 2.5990932,
      "z" : -1.0917323
    }, {
      "x" : -0.35704133,
      "y" : 0.41819027,
      "z" : -0.39832202
    }, {
      "x" : 0.042958677,
      "y" : 0.51819026,
      "z" : -0.498322
    }, {
      "x" : -0.6579883,
      "y" : 2.3657598,
      "z" : -1.3917322
    }, {
      "x" : -0.2579883,
      "y" : 2.4657598,
      "z" : -1.4917322
    }, {
      "x" : 0.17629202,
      "y" : 0.7515236,
      "z" : -0.19832201
    }, {
      "x" : -0.22370799,
      "y" : 0.6515236,
      "z" : -0.09832202
    } ],
    "faces" : [ {
      "vertices" : [ 2, 3, 6, 7 ]
    }, {
      "vertices" : [ 0, 5, 4, 1 ]
    }, {
      "vertices" : [ 2, 4, 5, 3 ]
    }, {
      "vertices" : [ 0, 6, 3, 5 ]
    }, {
      "vertices" : [ 0, 1, 7, 6 ]
    }, {
      "vertices" : [ 1, 4, 2, 7 ]
    } ]
  }, {
    "id" : "eefc1d99-5c8b-4733-819d-b3cc81cfeb4c",
    "orbit" : "12305",
    "orbitC" : "[[-782,-1,72,-394,104,332,811],[2107,-1415,-3550,2080,1180,-600,811]]",
    "length" : "[-1,1,0,0,0,0,1]",
    "name" : "shorter",
    "vertices" : [ {
      "x" : 0.44257468,
      "y" : 1.4475607,
      "z" : 2.3903778
    }, {
      "x" : 0.042574685,
      "y" : 1.5475607,
      "z" : 2.490378
    }, {
      "x" : -0.061331846,
      "y" : 0.58360595,
      "z" : 0.47436917
    }, {
      "x" : 0.33866814,
      "y" : 0.48360592,
      "z" : 0.37436917
    }, {
      "x" : 0.17590801,
      "y" : 1.8475606,
      "z" : 2.2570446
    }, {
      "x" : 0.575908,
      "y" : 1.7475606,
      "z" : 2.1570444
    }, {
      "x" : 0.20533481,
      "y" : 0.18360592,
      "z" : 0.6077025
    }, {
      "x" : -0.19466518,
      "y" : 0.28360593,
      "z" : 0.7077025
    } ],
    "faces" : [ {
      "vertices" : [ 2, 3, 6, 7 ]
    }, {
      "vertices" : [ 0, 5, 4, 1 ]
    }, {
      "vertices" : [ 2, 4, 5, 3 ]
    }, {
      "vertices" : [ 0, 6, 3, 5 ]
    }, {
      "vertices" : [ 0, 1, 7, 6 ]
    }, {
      "vertices" : [ 1, 4, 2, 7 ]
    } ]
  }, {
    "id" : "99ee0a2d-97cb-46c5-8919-bc26ddd9f7bc",
    "orbit" : "12299",
    "orbitC" : "[[108,-2065,-1960,-360,670,1250,2761],[701,1143,2208,-496,-304,-732,2761]]",
    "length" : "[-1,1,0,0,0,0,1]",
    "name" : "shorter",
    "vertices" : [ {
      "x" : 1.0422769,
      "y" : 2.2362113,
      "z" : 1.4057993
    }, {
      "x" : 1.4422768,
      "y" : 2.1362114,
      "z" : 1.3057992
    }, {
      "x" : 0.5661445,
      "y" : 0.30683187,
      "z" : 0.4445172
    }, {
      "x" : 0.16614453,
      "y" : 0.40683186,
      "z" : 0.5445172
    }, {
      "x" : 1.5756102,
      "y" : 1.902878,
      "z" : 1.6057993
    }, {
      "x" : 1.1756102,
      "y" : 2.002878,
      "z" : 1.7057992
    }, {
      "x" : 0.032811202,
      "y" : 0.6401652,
      "z" : 0.24451719
    }, {
      "x" : 0.4328112,
      "y" : 0.5401652,
      "z" : 0.1445172
    } ],
    "faces" : [ {
      "vertices" : [ 2, 3, 6, 7 ]
    }, {
      "vertices" : [ 0, 5, 4, 1 ]
    }, {
      "vertices" : [ 2, 4, 5, 3 ]
    }, {
      "vertices" : [ 0, 6, 3, 5 ]
    }, {
      "vertices" : [ 0, 1, 7, 6 ]
    }, {
      "vertices" : [ 1, 4, 2, 7 ]
    } ]
  }, {
    "id" : "b57c59de-1c34-4928-9384-07d1cbee9192",
    "orbit" : "12304",
    "orbitC" : "[[-1528,2075,450,560,920,-1360,1409],[3509,-2553,-316,-268,-1648,1456,1409]]",
    "length" : "[-1,1,0,0,0,0,1]",
    "name" : "shorter",
    "vertices" : [ {
      "x" : 2.3125563,
      "y" : -0.07317191,
      "z" : -1.7659479
    }, {
      "x" : 2.2125564,
      "y" : 0.3268281,
      "z" : -1.6659479
    }, {
      "x" : 0.3468797,
      "y" : 0.3129731,
      "z" : -0.54655176
    }, {
      "x" : 0.4468797,
      "y" : -0.08702689,
      "z" : -0.6465517
    }, {
      "x" : 1.979223,
      "y" : 0.46016142,
      "z" : -1.9659479
    }, {
      "x" : 2.079223,
      "y" : 0.06016142,
      "z" : -2.065948
    }, {
      "x" : 0.68021303,
      "y" : -0.22036022,
      "z" : -0.34655175
    }, {
      "x" : 0.580213,
      "y" : 0.17963979,
      "z" : -0.24655175
    } ],
    "faces" : [ {
      "vertices" : [ 2, 3, 6, 7 ]
    }, {
      "vertices" : [ 0, 5, 4, 1 ]
    }, {
      "vertices" : [ 2, 4, 5, 3 ]
    }, {
      "vertices" : [ 0, 6, 3, 5 ]
    }, {
      "vertices" : [ 0, 1, 7, 6 ]
    }, {
      "vertices" : [ 1, 4, 2, 7 ]
    } ]
  }, {
    "id" : "3527f588-22db-4fd2-8f46-c689c7ad6000",
    "orbit" : "12294",
    "orbitC" : "[[468,-261,-116,92,-312,174,355],[-369,513,228,64,246,-342,355]]",
    "length" : "[-1,1,0,0,0,0,1]",
    "name" : "shorter",
    "vertices" : [ {
      "x" : 0.8717623,
      "y" : -2.8356035,
      "z" : -0.15649557
    }, {
      "x" : 0.7717623,
      "y" : -2.7356036,
      "z" : 0.24350442
    }, {
      "x" : 0.33586016,
      "y" : -0.4811212,
      "z" : 0.29340672
    }, {
      "x" : 0.43586016,
      "y" : -0.5811212,
      "z" : -0.10659329
    }, {
      "x" : 1.0717623,
      "y" : -2.5022702,
      "z" : 0.37683776
    }, {
      "x" : 1.1717623,
      "y" : -2.6022701,
      "z" : -0.023162244
    }, {
      "x" : 0.13586015,
      "y" : -0.81445456,
      "z" : -0.23992662
    }, {
      "x" : 0.03586015,
      "y" : -0.71445453,
      "z" : 0.16007338
    } ],
    "faces" : [ {
      "vertices" : [ 2, 3, 6, 7 ]
    }, {
      "vertices" : [ 0, 5, 4, 1 ]
    }, {
      "vertices" : [ 2, 4, 5, 3 ]
    }, {
      "vertices" : [ 0, 6, 3, 5 ]
    }, {
      "vertices" : [ 0, 1, 7, 6 ]
    }, {
      "vertices" : [ 1, 4, 2, 7 ]
    } ]
  }, {
    "id" : "08769456-8b31-4bdd-8140-62dda386f851",
    "orbit" : "12303",
    "orbitC" : "[[-8,5,0,0,0,0,1],[3,-1,14,-8,-14,8,1]]",
    "length" : "[-1,1,0,0,0,0,1]",
    "name" : "shorter",
    "vertices" : [ {
      "x" : 1.6119438,
      "y" : 2.2745526,
      "z" : -0.6856013
    }, {
      "x" : 1.5119439,
      "y" : 2.1745524,
      "z" : -1.0856013
    }, {
      "x" : 0.4895253,
      "y" : 0.31294885,
      "z" : -0.48333994
    }, {
      "x" : 0.5895253,
      "y" : 0.41294885,
      "z" : -0.08333992
    }, {
      "x" : 1.8119439,
      "y" : 1.9412192,
      "z" : -1.2189347
    }, {
      "x" : 1.9119439,
      "y" : 2.0412192,
      "z" : -0.8189346
    }, {
      "x" : 0.2895253,
      "y" : 0.6462822,
      "z" : 0.04999341
    }, {
      "x" : 0.18952529,
      "y" : 0.5462822,
      "z" : -0.35000658
    } ],
    "faces" : [ {
      "vertices" : [ 2, 3, 6, 7 ]
    }, {
      "vertices" : [ 0, 5, 4, 1 ]
    }, {
      "vertices" : [ 2, 4, 5, 3 ]
    }, {
      "vertices" : [ 0, 6, 3, 5 ]
    }, {
      "vertices" : [ 0, 1, 7, 6 ]
    }, {
      "vertices" : [ 1, 4, 2, 7 ]
    } ]
  }, {
    "id" : "8cb21cc8-428a-4db7-a153-e8bb02becdc2",
    "orbit" : "12301",
    "orbitC" : "[[-22,9,2,-4,12,-4,5],[221,-137,-36,22,-116,72,5]]",
    "length" : "[-1,1,0,0,0,0,1]",
    "name" : "shorter",
    "vertices" : [ {
      "x" : -1.1402997,
      "y" : 0.6283503,
      "z" : -2.6092856
    }, {
      "x" : -1.0402998,
      "y" : 1.0283504,
      "z" : -2.5092857
    }, {
      "x" : -0.37991375,
      "y" : 0.46865618,
      "z" : -0.38458928
    }, {
      "x" : -0.47991374,
      "y" : 0.068656184,
      "z" : -0.48458928
    }, {
      "x" : -1.3402997,
      "y" : 1.1616837,
      "z" : -2.2759523
    }, {
      "x" : -1.4402997,
      "y" : 0.76168364,
      "z" : -2.3759522
    }, {
      "x" : -0.17991373,
      "y" : -0.06467715,
      "z" : -0.7179226
    }, {
      "x" : -0.079913735,
      "y" : 0.33532286,
      "z" : -0.6179226
    } ],
    "faces" : [ {
      "vertices" : [ 2, 3, 6, 7 ]
    }, {
      "vertices" : [ 0, 5, 4, 1 ]
    }, {
      "vertices" : [ 2, 4, 5, 3 ]
    }, {
      "vertices" : [ 0, 6, 3, 5 ]
    }, {
      "vertices" : [ 0, 1, 7, 6 ]
    }, {
      "vertices" : [ 1, 4, 2, 7 ]
    } ]
  }, {
    "id" : "e304c428-2efd-4aeb-9d6d-5e6e31232808",
    "orbit" : "12293",
    "orbitC" : "[[-128,71,18,-16,68,-36,11],[-7,5,0,0,0,0,11]]",
    "length" : "[-1,1,0,0,0,0,1]",
    "name" : "shorter",
    "vertices" : [ {
      "x" : 0.96446055,
      "y" : 1.7107497,
      "z" : 2.0362542
    }, {
      "x" : 0.5644606,
      "y" : 1.8107498,
      "z" : 2.136254
    }, {
      "x" : 0.059476312,
      "y" : 0.6432666,
      "z" : 0.3902495
    }, {
      "x" : 0.45947632,
      "y" : 0.54326665,
      "z" : 0.2902495
    }, {
      "x" : 0.6977939,
      "y" : 2.1107497,
      "z" : 1.9029207
    }, {
      "x" : 1.0977939,
      "y" : 2.0107498,
      "z" : 1.8029208
    }, {
      "x" : 0.32614297,
      "y" : 0.24326664,
      "z" : 0.5235828
    }, {
      "x" : -0.07385702,
      "y" : 0.34326664,
      "z" : 0.62358284
    } ],
    "faces" : [ {
      "vertices" : [ 2, 3, 6, 7 ]
    }, {
      "vertices" : [ 0, 5, 4, 1 ]
    }, {
      "vertices" : [ 2, 4, 5, 3 ]
    }, {
      "vertices" : [ 0, 6, 3, 5 ]
    }, {
      "vertices" : [ 0, 1, 7, 6 ]
    }, {
      "vertices" : [ 1, 4, 2, 7 ]
    } ]
  }, {
    "id" : "359b9d7d-92eb-4137-b957-5012438f7c3d",
    "vertices" : [ {
      "x" : 0.0,
      "y" : 0.0,
      "z" : 0.0
    }, {
      "x" : -2.1014693,
      "y" : -2.5875013,
      "z" : 1.1689411
    }, {
      "x" : -1.880035,
      "y" : -5.283672,
      "z" : -1.1024884
    }, {
      "x" : 0.35828787,
      "y" : -4.362495,
      "z" : -3.6752503
    }, {
      "x" : 1.5202135,
      "y" : -1.0970064,
      "z" : -2.993875
    } ],
    "faces" : [ {
      "vertices" : [ 0, 1, 2, 3, 4 ]
    }, {
      "vertices" : [ 0, 4, 3, 2, 1 ]
    } ]
  }, {
    "id" : "9d5384d1-35d8-44bc-a42e-2d486fa1c54e",
    "vertices" : [ {
      "x" : 0.0,
      "y" : 0.0,
      "z" : 0.0
    }, {
      "x" : -2.4750512,
      "y" : -2.4848633,
      "z" : 0.42111307
    }, {
      "x" : 0.71457464,
      "y" : -3.3611827,
      "z" : -0.8182864
    } ],
    "faces" : [ {
      "vertices" : [ 0, 1, 2 ]
    }, {
      "vertices" : [ 0, 2, 1 ]
    } ]
  }, {
    "id" : "aa6b90d3-d36d-4b10-96a8-16c44e84055d",
    "vertices" : [ {
      "x" : 0.0,
      "y" : 0.0,
      "z" : 0.0
    }, {
      "x" : 3.1896257,
      "y" : -0.8763196,
      "z" : -1.2393996
    }, {
      "x" : 2.4750512,
      "y" : 2.4848633,
      "z" : -0.42111307
    } ],
    "faces" : [ {
      "vertices" : [ 0, 1, 2 ]
    }, {
      "vertices" : [ 0, 2, 1 ]
    } ]
  }, {
    "id" : "754c4bff-0d07-40ef-a411-c6000c6b2de9",
    "vertices" : [ {
      "x" : 0.0,
      "y" : 0.0,
      "z" : 0.0
    }, {
      "x" : 2.9293635,
      "y" : -0.45520648,
      "z" : -1.9207748
    }, {
      "x" : 2.7079294,
      "y" : 2.2409637,
      "z" : 0.35065478
    } ],
    "faces" : [ {
      "vertices" : [ 0, 1, 2 ]
    }, {
      "vertices" : [ 0, 2, 1 ]
    } ]
  }, {
    "id" : "bd5721bc-7760-4018-a858-fb81381cc0d1",
    "vertices" : [ {
      "x" : 0.0,
      "y" : 0.0,
      "z" : 0.0
    }, {
      "x" : 2.238323,
      "y" : 0.9211765,
      "z" : -2.5727618
    }, {
      "x" : 3.4002485,
      "y" : 4.186665,
      "z" : -1.8913866
    }, {
      "x" : 1.880035,
      "y" : 5.283672,
      "z" : 1.1024884
    }, {
      "x" : -0.22143409,
      "y" : 2.6961703,
      "z" : 2.2714295
    } ],
    "faces" : [ {
      "vertices" : [ 0, 1, 2, 3, 4 ]
    }, {
      "vertices" : [ 0, 4, 3, 2, 1 ]
    } ]
  }, {
    "id" : "903927f1-af8d-46a0-879e-7622503c611f",
    "vertices" : [ {
      "x" : 0.0,
      "y" : 0.0,
      "z" : 0.0
    }, {
      "x" : 1.8503165,
      "y" : -2.993875,
      "z" : -0.3013323
    }, {
      "x" : 2.2315593,
      "y" : -0.96270835,
      "z" : 2.5634148
    } ],
    "faces" : [ {
      "vertices" : [ 0, 1, 2 ]
    }, {
      "vertices" : [ 0, 2, 1 ]
    } ]
  }, {
    "id" : "4dd922e9-d137-4da4-830b-56e5d820aaa5",
    "vertices" : [ {
      "x" : 0.0,
      "y" : 0.0,
      "z" : 0.0
    }, {
      "x" : 2.8160439,
      "y" : -0.77368146,
      "z" : -1.9872276
    }, {
      "x" : 1.6084214,
      "y" : 2.5430434,
      "z" : -1.8503165
    } ],
    "faces" : [ {
      "vertices" : [ 0, 1, 2 ]
    }, {
      "vertices" : [ 0, 2, 1 ]
    } ]
  }, {
    "id" : "3cf00ce2-9692-49c6-b550-204b53d0fcb8",
    "vertices" : [ {
      "x" : 0.0,
      "y" : 0.0,
      "z" : 0.0
    }, {
      "x" : -1.2076224,
      "y" : 3.3167248,
      "z" : 0.13691114
    }, {
      "x" : -2.8160439,
      "y" : 0.77368146,
      "z" : 1.9872276
    } ],
    "faces" : [ {
      "vertices" : [ 0, 1, 2 ]
    }, {
      "vertices" : [ 0, 2, 1 ]
    } ]
  }, {
    "id" : "75b79ddb-6246-4181-bd19-0cc6e72fe4c0",
    "vertices" : [ {
      "x" : 0.0,
      "y" : 0.0,
      "z" : 0.0
    }, {
      "x" : 0.71457464,
      "y" : -3.3611827,
      "z" : -0.8182864
    }, {
      "x" : 2.8160439,
      "y" : -0.77368146,
      "z" : -1.9872276
    } ],
    "faces" : [ {
      "vertices" : [ 0, 1, 2 ]
    }, {
      "vertices" : [ 0, 2, 1 ]
    } ]
  }, {
    "id" : "60038388-935c-44d4-b153-13c5f8a05412",
    "vertices" : [ {
      "x" : 0.0,
      "y" : 0.0,
      "z" : 0.0
    }, {
      "x" : 2.1014693,
      "y" : 2.5875013,
      "z" : -1.1689411
    }, {
      "x" : -0.71457464,
      "y" : 3.3611827,
      "z" : 0.8182864
    } ],
    "faces" : [ {
      "vertices" : [ 0, 1, 2 ]
    }, {
      "vertices" : [ 0, 2, 1 ]
    } ]
  }, {
    "id" : "2e7ba1f3-67e6-4e10-b900-ad3a3fb39770",
    "vertices" : [ {
      "x" : 0.0,
      "y" : 0.0,
      "z" : 0.0
    }, {
      "x" : 2.2315593,
      "y" : -0.96270835,
      "z" : 2.5634148
    }, {
      "x" : 1.0239369,
      "y" : 2.3540163,
      "z" : 2.4265037
    } ],
    "faces" : [ {
      "vertices" : [ 0, 1, 2 ]
    }, {
      "vertices" : [ 0, 2, 1 ]
    } ]
  }, {
    "id" : "3312876b-655b-429b-b674-3b285a4bee51",
    "vertices" : [ {
      "x" : 0.0,
      "y" : 0.0,
      "z" : 0.0
    }, {
      "x" : 0.22143409,
      "y" : -2.6961703,
      "z" : -2.2714295
    }, {
      "x" : 2.459757,
      "y" : -1.7749938,
      "z" : -4.8441916
    }, {
      "x" : 3.6216826,
      "y" : 1.4904948,
      "z" : -4.162816
    }, {
      "x" : 2.1014693,
      "y" : 2.5875013,
      "z" : -1.1689411
    } ],
    "faces" : [ {
      "vertices" : [ 0, 1, 2, 3, 4 ]
    }, {
      "vertices" : [ 0, 4, 3, 2, 1 ]
    } ]
  }, {
    "id" : "075d31f5-5cbb-47ff-9b9b-88f81269b55f",
    "vertices" : [ {
      "x" : 0.0,
      "y" : 0.0,
      "z" : 0.0
    }, {
      "x" : 0.9068304,
      "y" : -3.4140031,
      "z" : 0.0
    }, {
      "x" : 3.3818815,
      "y" : -0.92914,
      "z" : -0.42111307
    } ],
    "faces" : [ {
      "vertices" : [ 0, 1, 2 ]
    }, {
      "vertices" : [ 0, 2, 1 ]
    } ]
  }, {
