{
  "polygons" : "true",
  "field" : "golden",
  "symmetry" : "icosahedral",
  "orientations" : [ [ 1.0, 0.0, 0.0, 0.0, 0.0, 1.0, 0.0, 0.0, 0.0, 0.0, 1.0, 0.0, 0.0, 0.0, 0.0, 1.0 ], [ 0.0, 0.0, 1.0, 0.0, 1.0, 0.0, 0.0, 0.0, 0.0, 1.0, 0.0, 0.0, 0.0, 0.0, 0.0, 1.0 ], [ 0.0, 1.0, 0.0, 0.0, 0.0, 0.0, 1.0, 0.0, 1.0, 0.0, 0.0, 0.0, 0.0, 0.0, 0.0, 1.0 ], [ 0.809017, 0.309017, 0.5, 0.0, 0.309017, 0.5, -0.809017, 0.0, -0.5, 0.809017, 0.309017, 0.0, 0.0, 0.0, 0.0, 1.0 ], [ -0.5, 0.809017, 0.309017, 0.0, 0.809017, 0.309017, 0.5, 0.0, 0.309017, 0.5, -0.809017, 0.0, 0.0, 0.0, 0.0, 1.0 ], [ 0.309017, 0.5, -0.809017, 0.0, -0.5, 0.809017, 0.309017, 0.0, 0.809017, 0.309017, 0.5, 0.0, 0.0, 0.0, 0.0, 1.0 ], [ 0.5, 0.809017, 0.309017, 0.0, 0.809017, -0.309017, -0.5, 0.0, -0.309017, 0.5, -0.809017, 0.0, 0.0, 0.0, 0.0, 1.0 ], [ -0.309017, 0.5, -0.809017, 0.0, 0.5, 0.809017, 0.309017, 0.0, 0.809017, -0.309017, -0.5, 0.0, 0.0, 0.0, 0.0, 1.0 ], [ 0.809017, -0.309017, -0.5, 0.0, -0.309017, 0.5, -0.809017, 0.0, 0.5, 0.809017, 0.309017, 0.0, 0.0, 0.0, 0.0, 1.0 ], [ 0.5, 0.809017, -0.309017, 0.0, 0.809017, -0.309017, 0.5, 0.0, 0.309017, -0.5, -0.809017, 0.0, 0.0, 0.0, 0.0, 1.0 ], [ 0.309017, -0.5, -0.809017, 0.0, 0.5, 0.809017, -0.309017, 0.0, 0.809017, -0.309017, 0.5, 0.0, 0.0, 0.0, 0.0, 1.0 ], [ 0.809017, -0.309017, 0.5, 0.0, 0.309017, -0.5, -0.809017, 0.0, 0.5, 0.809017, -0.309017, 0.0, 0.0, 0.0, 0.0, 1.0 ], [ 0.809017, 0.309017, -0.5, 0.0, 0.309017, 0.5, 0.809017, 0.0, 0.5, -0.809017, 0.309017, 0.0, 0.0, 0.0, 0.0, 1.0 ], [ 0.5, -0.809017, 0.309017, 0.0, 0.809017, 0.309017, -0.5, 0.0, 0.309017, 0.5, 0.809017, 0.0, 0.0, 0.0, 0.0, 1.0 ], [ 0.309017, 0.5, 0.809017, 0.0, 0.5, -0.809017, 0.309017, 0.0, 0.809017, 0.309017, -0.5, 0.0, 0.0, 0.0, 0.0, 1.0 ], [ 1.0, 0.0, 0.0, 0.0, 0.0, -1.0, 0.0, 0.0, 0.0, 0.0, -1.0, 0.0, 0.0, 0.0, 0.0, 1.0 ], [ 0.0, 0.0, 1.0, 0.0, -1.0, 0.0, 0.0, 0.0, 0.0, -1.0, 0.0, 0.0, 0.0, 0.0, 0.0, 1.0 ], [ 0.0, 1.0, 0.0, 0.0, 0.0, 0.0, -1.0, 0.0, -1.0, 0.0, 0.0, 0.0, 0.0, 0.0, 0.0, 1.0 ], [ 0.809017, 0.309017, 0.5, 0.0, -0.309017, -0.5, 0.809017, 0.0, 0.5, -0.809017, -0.309017, 0.0, 0.0, 0.0, 0.0, 1.0 ], [ -0.5, 0.809017, 0.309017, 0.0, -0.809017, -0.309017, -0.5, 0.0, -0.309017, -0.5, 0.809017, 0.0, 0.0, 0.0, 0.0, 1.0 ], [ 0.309017, 0.5, -0.809017, 0.0, 0.5, -0.809017, -0.309017, 0.0, -0.809017, -0.309017, -0.5, 0.0, 0.0, 0.0, 0.0, 1.0 ], [ 0.5, 0.809017, 0.309017, 0.0, -0.809017, 0.309017, 0.5, 0.0, 0.309017, -0.5, 0.809017, 0.0, 0.0, 0.0, 0.0, 1.0 ], [ -0.309017, 0.5, -0.809017, 0.0, -0.5, -0.809017, -0.309017, 0.0, -0.809017, 0.309017, 0.5, 0.0, 0.0, 0.0, 0.0, 1.0 ], [ 0.809017, -0.309017, -0.5, 0.0, 0.309017, -0.5, 0.809017, 0.0, -0.5, -0.809017, -0.309017, 0.0, 0.0, 0.0, 0.0, 1.0 ], [ 0.5, 0.809017, -0.309017, 0.0, -0.809017, 0.309017, -0.5, 0.0, -0.309017, 0.5, 0.809017, 0.0, 0.0, 0.0, 0.0, 1.0 ], [ 0.309017, -0.5, -0.809017, 0.0, -0.5, -0.809017, 0.309017, 0.0, -0.809017, 0.309017, -0.5, 0.0, 0.0, 0.0, 0.0, 1.0 ], [ 0.809017, -0.309017, 0.5, 0.0, -0.309017, 0.5, 0.809017, 0.0, -0.5, -0.809017, 0.309017, 0.0, 0.0, 0.0, 0.0, 1.0 ], [ 0.809017, 0.309017, -0.5, 0.0, -0.309017, -0.5, -0.809017, 0.0, -0.5, 0.809017, -0.309017, 0.0, 0.0, 0.0, 0.0, 1.0 ], [ 0.5, -0.809017, 0.309017, 0.0, -0.809017, -0.309017, 0.5, 0.0, -0.309017, -0.5, -0.809017, 0.0, 0.0, 0.0, 0.0, 1.0 ], [ 0.309017, 0.5, 0.809017, 0.0, -0.5, 0.809017, -0.309017, 0.0, -0.809017, -0.309017, 0.5, 0.0, 0.0, 0.0, 0.0, 1.0 ], [ -1.0, 0.0, 0.0, 0.0, 0.0, -1.0, 0.0, 0.0, 0.0, 0.0, 1.0, 0.0, 0.0, 0.0, 0.0, 1.0 ], [ 0.0, 0.0, -1.0, 0.0, -1.0, 0.0, 0.0, 0.0, 0.0, 1.0, 0.0, 0.0, 0.0, 0.0, 0.0, 1.0 ], [ 0.0, -1.0, 0.0, 0.0, 0.0, 0.0, -1.0, 0.0, 1.0, 0.0, 0.0, 0.0, 0.0, 0.0, 0.0, 1.0 ], [ -0.809017, -0.309017, -0.5, 0.0, -0.309017, -0.5, 0.809017, 0.0, -0.5, 0.809017, 0.309017, 0.0, 0.0, 0.0, 0.0, 1.0 ], [ 0.5, -0.809017, -0.309017, 0.0, -0.809017, -0.309017, -0.5, 0.0, 0.309017, 0.5, -0.809017, 0.0, 0.0, 0.0, 0.0, 1.0 ], [ -0.309017, -0.5, 0.809017, 0.0, 0.5, -0.809017, -0.309017, 0.0, 0.809017, 0.309017, 0.5, 0.0, 0.0, 0.0, 0.0, 1.0 ], [ -0.5, -0.809017, -0.309017, 0.0, -0.809017, 0.309017, 0.5, 0.0, -0.309017, 0.5, -0.809017, 0.0, 0.0, 0.0, 0.0, 1.0 ], [ 0.309017, -0.5, 0.809017, 0.0, -0.5, -0.809017, -0.309017, 0.0, 0.809017, -0.309017, -0.5, 0.0, 0.0, 0.0, 0.0, 1.0 ], [ -0.809017, 0.309017, 0.5, 0.0, 0.309017, -0.5, 0.809017, 0.0, 0.5, 0.809017, 0.309017, 0.0, 0.0, 0.0, 0.0, 1.0 ], [ -0.5, -0.809017, 0.309017, 0.0, -0.809017, 0.309017, -0.5, 0.0, 0.309017, -0.5, -0.809017, 0.0, 0.0, 0.0, 0.0, 1.0 ], [ -0.309017, 0.5, 0.809017, 0.0, -0.5, -0.809017, 0.309017, 0.0, 0.809017, -0.309017, 0.5, 0.0, 0.0, 0.0, 0.0, 1.0 ], [ -0.809017, 0.309017, -0.5, 0.0, -0.309017, 0.5, 0.809017, 0.0, 0.5, 0.809017, -0.309017, 0.0, 0.0, 0.0, 0.0, 1.0 ], [ -0.809017, -0.309017, 0.5, 0.0, -0.309017, -0.5, -0.809017, 0.0, 0.5, -0.809017, 0.309017, 0.0, 0.0, 0.0, 0.0, 1.0 ], [ -0.5, 0.809017, -0.309017, 0.0, -0.809017, -0.309017, 0.5, 0.0, 0.309017, 0.5, 0.809017, 0.0, 0.0, 0.0, 0.0, 1.0 ], [ -0.309017, -0.5, -0.809017, 0.0, -0.5, 0.809017, -0.309017, 0.0, 0.809017, 0.309017, -0.5, 0.0, 0.0, 0.0, 0.0, 1.0 ], [ -1.0, 0.0, 0.0, 0.0, 0.0, 1.0, 0.0, 0.0, 0.0, 0.0, -1.0, 0.0, 0.0, 0.0, 0.0, 1.0 ], [ 0.0, 0.0, -1.0, 0.0, 1.0, 0.0, 0.0, 0.0, 0.0, -1.0, 0.0, 0.0, 0.0, 0.0, 0.0, 1.0 ], [ 0.0, -1.0, 0.0, 0.0, 0.0, 0.0, 1.0, 0.0, -1.0, 0.0, 0.0, 0.0, 0.0, 0.0, 0.0, 1.0 ], [ -0.809017, -0.309017, -0.5, 0.0, 0.309017, 0.5, -0.809017, 0.0, 0.5, -0.809017, -0.309017, 0.0, 0.0, 0.0, 0.0, 1.0 ], [ 0.5, -0.809017, -0.309017, 0.0, 0.809017, 0.309017, 0.5, 0.0, -0.309017, -0.5, 0.809017, 0.0, 0.0, 0.0, 0.0, 1.0 ], [ -0.309017, -0.5, 0.809017, 0.0, -0.5, 0.809017, 0.309017, 0.0, -0.809017, -0.309017, -0.5, 0.0, 0.0, 0.0, 0.0, 1.0 ], [ -0.5, -0.809017, -0.309017, 0.0, 0.809017, -0.309017, -0.5, 0.0, 0.309017, -0.5, 0.809017, 0.0, 0.0, 0.0, 0.0, 1.0 ], [ 0.309017, -0.5, 0.809017, 0.0, 0.5, 0.809017, 0.309017, 0.0, -0.809017, 0.309017, 0.5, 0.0, 0.0, 0.0, 0.0, 1.0 ], [ -0.809017, 0.309017, 0.5, 0.0, -0.309017, 0.5, -0.809017, 0.0, -0.5, -0.809017, -0.309017, 0.0, 0.0, 0.0, 0.0, 1.0 ], [ -0.5, -0.809017, 0.309017, 0.0, 0.809017, -0.309017, 0.5, 0.0, -0.309017, 0.5, 0.809017, 0.0, 0.0, 0.0, 0.0, 1.0 ], [ -0.309017, 0.5, 0.809017, 0.0, 0.5, 0.809017, -0.309017, 0.0, -0.809017, 0.309017, -0.5, 0.0, 0.0, 0.0, 0.0, 1.0 ], [ -0.809017, 0.309017, -0.5, 0.0, 0.309017, -0.5, -0.809017, 0.0, -0.5, -0.809017, 0.309017, 0.0, 0.0, 0.0, 0.0, 1.0 ], [ -0.809017, -0.309017, 0.5, 0.0, 0.309017, 0.5, 0.809017, 0.0, -0.5, 0.809017, -0.309017, 0.0, 0.0, 0.0, 0.0, 1.0 ], [ -0.5, 0.809017, -0.309017, 0.0, 0.809017, 0.309017, -0.5, 0.0, -0.309017, -0.5, -0.809017, 0.0, 0.0, 0.0, 0.0, 1.0 ], [ -0.309017, -0.5, -0.809017, 0.0, 0.5, -0.809017, 0.309017, 0.0, -0.809017, -0.309017, 0.5, 0.0, 0.0, 0.0, 0.0, 1.0 ] ],
  "lights" : {
    "directionalLights" : [ {
      "direction" : [ 1.0, -1.0, -1.0 ],
      "color" : "#EBEBE4"
    }, {
      "direction" : [ -1.0, 0.0, 0.0 ],
      "color" : "#E4E4EB"
    }, {
      "direction" : [ 0.0, 0.0, -1.0 ],
      "color" : "#1E1E1E"
    } ],
    "backgroundColor" : "#AFC8DC",
    "ambientColor" : "#292929"
  },
  "camera" : {
    "width" : 85.65878,
    "position" : {
      "x" : 0.0,
      "y" : 0.0,
      "z" : 190.35284
    },
    "stereo" : false,
    "farClipDistance" : 380.70566,
    "lookAtPoint" : {
      "x" : 0.0,
      "y" : 0.0,
      "z" : 0.0
    },
    "lookDirection" : {
      "x" : 0.0,
      "y" : 0.0,
      "z" : -1.0
    },
    "upDirection" : {
      "x" : 0.0,
      "y" : 1.0,
      "z" : 0.0
    },
    "fieldOfView" : 0.4426289,
    "lookAtPointRV" : {
      "x" : 0.0,
      "y" : 0.0,
      "z" : 0.0,
      "zero" : true
    },
    "perspective" : false,
    "lookDirectionRV" : {
      "x" : 0.0,
      "y" : 0.0,
      "z" : -1.0,
      "zero" : false
    },
    "upDirectionRV" : {
      "x" : 0.0,
      "y" : 1.0,
      "z" : 0.0,
      "zero" : false
    },
    "viewDistance" : 190.35284,
    "nearClipDistance" : 0.47588208
  },
  "embedding" : [ 1.0, 0.0, 0.0, 0.0, 0.0, 1.0, 0.0, 0.0, 0.0, 0.0, 1.0, 0.0, 0.0, 0.0, 0.0, 1.0 ],
  "shapes" : [ {
    "id" : "3db8d2e8-b97c-4f51-97e2-ce83eb55e45e",
    "orbit" : "purple",
    "orbitC" : "[[2,-1,1],[0,0,1]]",
    "length" : "[2,0,3]",
    "name" : " :2/3",
    "vertices" : [ {
      "x" : 0.809017,
      "y" : 0.618034,
      "z" : -0.19098301
    }, {
      "x" : 0.809017,
      "y" : 0.0,
      "z" : -0.19098301
    }, {
      "x" : 0.309017,
      "y" : 0.11803399,
      "z" : 0.0
    }, {
      "x" : 3.7603843,
      "y" : 1.745356,
      "z" : 0.19098301
    }, {
      "x" : 0.809017,
      "y" : 0.618034,
      "z" : 0.19098301
    }, {
      "x" : 0.809017,
      "y" : 0.0,
      "z" : 0.19098301
    }, {
      "x" : 3.7603843,
      "y" : 1.127322,
      "z" : 0.19098301
    }, {
      "x" : 4.260384,
      "y" : 1.627322,
      "z" : 0.0
    }, {
      "x" : 3.7603843,
      "y" : 1.745356,
      "z" : -0.19098301
    }, {
      "x" : 4.5694013,
      "y" : 1.745356,
      "z" : 0.0
    }, {
      "x" : 3.7603843,
      "y" : 1.127322,
      "z" : -0.19098301
    } ],
    "faces" : [ {
      "vertices" : [ 3, 6, 7 ]
    }, {
      "vertices" : [ 3, 4, 5, 6 ]
    }, {
      "vertices" : [ 3, 7, 8 ]
    }, {
      "vertices" : [ 0, 1, 2 ]
    }, {
      "vertices" : [ 0, 8, 10, 1 ]
    }, {
      "vertices" : [ 1, 10, 6, 5 ]
    }, {
      "vertices" : [ 0, 2, 4 ]
    }, {
      "vertices" : [ 6, 10, 7 ]
    }, {
      "vertices" : [ 1, 5, 2 ]
    }, {
      "vertices" : [ 7, 10, 8 ]
    }, {
      "vertices" : [ 2, 5, 4 ]
    }, {
      "vertices" : [ 0, 4, 3, 8 ]
    } ]
  }, {
    "id" : "6f8ee8a3-09f2-419c-8847-7e5efbb05139",
    "orbit" : "blue",
    "orbitC" : "[[0,0,1],[0,0,1]]",
    "length" : "[1,0,1]",
    "name" : "b1",
    "vertices" : [ {
      "x" : 1.0,
      "y" : 0.309017,
      "z" : 0.19098301
    }, {
      "x" : 1.0,
      "y" : -0.309017,
      "z" : 0.19098301
    }, {
      "x" : 7.472136,
      "y" : -0.309017,
      "z" : 0.19098301
    }, {
      "x" : 7.472136,
      "y" : 0.309017,
      "z" : 0.19098301
    }, {
      "x" : 7.472136,
      "y" : -0.309017,
      "z" : -0.19098301
    }, {
      "x" : 7.472136,
      "y" : 0.309017,
      "z" : -0.19098301
    }, {
      "x" : 8.09017,
      "y" : 0.0,
      "z" : 0.0
    }, {
      "x" : 0.38196602,
      "y" : 0.0,
      "z" : 0.0
    }, {
      "x" : 1.0,
      "y" : 0.309017,
      "z" : -0.19098301
    }, {
      "x" : 1.0,
      "y" : -0.309017,
      "z" : -0.19098301
    }, {
      "x" : 8.472136,
      "y" : 0.0,
      "z" : 0.0
    } ],
    "faces" : [ {
      "vertices" : [ 1, 9, 4, 2 ]
    }, {
      "vertices" : [ 0, 3, 5, 8 ]
    }, {
      "vertices" : [ 1, 7, 9 ]
    }, {
      "vertices" : [ 0, 1, 2, 3 ]
    }, {
      "vertices" : [ 7, 8, 9 ]
    }, {
      "vertices" : [ 0, 7, 1 ]
    }, {
      "vertices" : [ 4, 9, 8, 5 ]
    }, {
      "vertices" : [ 2, 6, 3 ]
    }, {
      "vertices" : [ 2, 4, 6 ]
    }, {
      "vertices" : [ 3, 6, 5 ]
    }, {
      "vertices" : [ 4, 5, 6 ]
    }, {
      "vertices" : [ 0, 8, 7 ]
    } ]
  }, {
    "id" : "aa0acc7b-d16b-4f0a-ab33-3b778f052f47",
    "vertices" : [ {
      "x" : 0.0,
      "y" : 0.0,
      "z" : 0.0
    }, {
      "x" : 1.745356,
      "y" : 0.0,
      "z" : 4.5694013
    }, {
      "x" : -0.872678,
      "y" : -4.236068,
      "z" : -2.2847006
    }, {
      "x" : -3.490712,
      "y" : 0.0,
      "z" : -9.138803
    }, {
      "x" : -2.618034,
      "y" : 4.236068,
      "z" : -6.854102
    }, {
      "x" : -0.872678,
      "y" : 4.236068,
      "z" : -2.2847006
    } ],
    "faces" : [ {
      "vertices" : [ 0, 1, 2, 3, 4, 5 ]
    }, {
      "vertices" : [ 0, 5, 4, 3, 2, 1 ]
    } ]
  }, {
    "id" : "eaec9b20-e12d-48a8-8bd4-6f24d7e5e1ec",
    "name" : "ball",
    "vertices" : [ {
      "x" : -0.309017,
      "y" : -0.19098301,
      "z" : 0.0
    }, {
      "x" : -0.309017,
      "y" : 0.19098301,
      "z" : 0.0
    }, {
      "x" : -0.19098301,
      "y" : 0.0,
      "z" : -0.309017
    }, {
      "x" : -0.19098301,
      "y" : 0.0,
      "z" : 0.309017
    }, {
      "x" : 0.0,
      "y" : -0.309017,
      "z" : -0.19098301
    }, {
      "x" : 0.0,
      "y" : -0.309017,
      "z" : 0.19098301
    }, {
      "x" : 0.0,
      "y" : 0.309017,
      "z" : -0.19098301
    }, {
      "x" : 0.0,
      "y" : 0.309017,
      "z" : 0.19098301
    }, {
      "x" : 0.19098301,
      "y" : 0.0,
      "z" : -0.309017
    }, {
      "x" : 0.19098301,
      "y" : 0.0,
      "z" : 0.309017
    }, {
      "x" : 0.309017,
      "y" : -0.19098301,
      "z" : 0.0
    }, {
      "x" : 0.309017,
      "y" : 0.19098301,
      "z" : 0.0
    } ],
    "faces" : [ {
      "vertices" : [ 0, 1, 2 ]
    }, {
      "vertices" : [ 0, 3, 1 ]
    }, {
      "vertices" : [ 0, 2, 4 ]
    }, {
      "vertices" : [ 0, 5, 3 ]
    }, {
      "vertices" : [ 0, 4, 5 ]
    }, {
      "vertices" : [ 1, 6, 2 ]
    }, {
      "vertices" : [ 1, 3, 7 ]
    }, {
      "vertices" : [ 1, 7, 6 ]
    }, {
      "vertices" : [ 2, 8, 4 ]
    }, {
      "vertices" : [ 2, 6, 8 ]
    }, {
      "vertices" : [ 3, 5, 9 ]
    }, {
      "vertices" : [ 3, 9, 7 ]
    }, {
      "vertices" : [ 4, 10, 5 ]
    }, {
      "vertices" : [ 4, 8, 10 ]
    }, {
      "vertices" : [ 5, 10, 9 ]
    }, {
      "vertices" : [ 6, 7, 11 ]
    }, {
      "vertices" : [ 6, 11, 8 ]
    }, {
      "vertices" : [ 7, 9, 11 ]
    }, {
      "vertices" : [ 8, 11, 10 ]
    }, {
      "vertices" : [ 9, 10, 11 ]
    } ]
  }, {
    "id" : "abc99325-576b-44bd-a9be-8b52efb99aa1",
    "vertices" : [ {
      "x" : 0.0,
      "y" : 0.0,
      "z" : 0.0
    }, {
      "x" : 0.0,
      "y" : 0.0,
      "z" : 8.472136
    }, {
      "x" : 4.236068,
      "y" : -6.854102,
      "z" : 11.09017
    }, {
      "x" : 6.854102,
      "y" : -11.09017,
      "z" : 4.236068
    }, {
      "x" : 4.236068,
      "y" : -6.854102,
      "z" : -2.618034
    } ],
    "faces" : [ {
      "vertices" : [ 0, 1, 2, 3, 4 ]
    }, {
      "vertices" : [ 0, 4, 3, 2, 1 ]
    } ]
  }, {
    "id" : "be467245-3760-491f-818d-a97a9699f3c9",
    "vertices" : [ {
      "x" : 0.0,
      "y" : 0.0,
      "z" : 0.0
    }, {
      "x" : -2.618034,
      "y" : 4.236068,
      "z" : -6.854102
    }, {
      "x" : -6.854102,
      "y" : 11.09017,
      "z" : -4.236068
    }, {
      "x" : -6.854102,
      "y" : 11.09017,
      "z" : 4.236068
    }, {
      "x" : -2.618034,
      "y" : 4.236068,
      "z" : 6.854102
    } ],
    "faces" : [ {
      "vertices" : [ 0, 1, 2, 3, 4 ]
    }, {
      "vertices" : [ 0, 4, 3, 2, 1 ]
    } ]
  }, {
    "id" : "84f1ec6a-04a0-4ce2-abcd-2bed331ac23f",
    "vertices" : [ {
      "x" : 0.0,
      "y" : 0.0,
      "z" : 0.0
    }, {
      "x" : -0.872678,
      "y" : -4.236068,
      "z" : -2.2847006
    }, {
      "x" : -0.872678,
      "y" : 4.236068,
      "z" : -2.2847006
    }, {
      "x" : 1.745356,
      "y" : 8.472136,
      "z" : 4.5694013
    }, {
      "x" : 2.618034,
      "y" : 4.236068,
      "z" : 6.854102
    }, {
      "x" : 1.745356,
      "y" : 0.0,
      "z" : 4.5694013
    } ],
    "faces" : [ {
      "vertices" : [ 0, 1, 2, 3, 4, 5 ]
    }, {
      "vertices" : [ 0, 5, 4, 3, 2, 1 ]
    } ]
  }, {
    "id" : "9efe6deb-45e2-432d-8520-75acef51b5e9",
    "vertices" : [ {
      "x" : 0.0,
      "y" : 0.0,
      "z" : 0.0
    }, {
      "x" : -0.872678,
      "y" : 4.236068,
      "z" : -2.2847006
    }, {
      "x" : 1.745356,
      "y" : 0.0,
      "z" : 4.5694013
    }, {
      "x" : 1.745356,
      "y" : -8.472136,
      "z" : 4.5694013
    }, {
      "x" : 0.0,
      "y" : -8.472136,
      "z" : 0.0
    }, {
      "x" : -0.872678,
      "y" : -4.236068,
      "z" : -2.2847006
    } ],
    "faces" : [ {
      "vertices" : [ 0, 1, 2, 3, 4, 5 ]
    }, {
      "vertices" : [ 0, 5, 4, 3, 2, 1 ]
    } ]
  }, {
    "id" : "77d61c6d-ba95-4315-af62-4e7b1cc202a5",
    "vertices" : [ {
      "x" : 0.0,
      "y" : 0.0,
      "z" : 0.0
    }, {
      "x" : 2.618034,
      "y" : -4.236068,
      "z" : -6.854102
    }, {
      "x" : 0.0,
      "y" : 0.0,
      "z" : -13.708204
    }, {
      "x" : -4.236068,
      "y" : 6.854102,
      "z" : -11.09017
    }, {
      "x" : -4.236068,
      "y" : 6.854102,
      "z" : -2.618034
    } ],
    "faces" : [ {
      "vertices" : [ 0, 1, 2, 3, 4 ]
    }, {
      "vertices" : [ 0, 4, 3, 2, 1 ]
    } ]
  }, {
    "id" : "c28b660b-a8f2-4764-ac41-0724b4ce1002",
    "vertices" : [ {
      "x" : 0.0,
      "y" : 0.0,
      "z" : 0.0
    }, {
      "x" : -2.618034,
      "y" : -4.236068,
      "z" : -6.854102
    }, {
      "x" : -5.236068,
      "y" : 0.0,
      "z" : -13.708204
    }, {
      "x" : -5.236068,
      "y" : 8.472136,
      "z" : -13.708204
    }, {
      "x" : -2.618034,
      "y" : 12.708204,
      "z" : -6.854102
    }, {
      "x" : 0.0,
      "y" : 8.472136,
      "z" : 0.0
    } ],
    "faces" : [ {
      "vertices" : [ 0, 1, 2, 3, 4, 5 ]
    }, {
      "vertices" : [ 0, 5, 4, 3, 2, 1 ]
    } ]
  }, {
    "id" : "b83ca1df-8b55-4f91-99ac-a85ccce617be",
    "vertices" : [ {
      "x" : 0.0,
      "y" : 0.0,
      "z" : 0.0
    }, {
      "x" : 0.0,
      "y" : 8.472136,
      "z" : 0.0
    }, {
      "x" : 2.618034,
      "y" : 12.708204,
      "z" : 6.854102
    }, {
      "x" : 5.236068,
      "y" : 8.472136,
      "z" : 13.708204
    }, {
      "x" : 5.236068,
      "y" : 0.0,
      "z" : 13.708204
    }, {
      "x" : 2.618034,
      "y" : -4.236068,
      "z" : 6.854102
    } ],
    "faces" : [ {
      "vertices" : [ 0, 1, 2, 3, 4, 5 ]
    }, {
      "vertices" : [ 0, 5, 4, 3, 2, 1 ]
    } ]
  }, {
    "id" : "16744842-3021-4427-bb56-bc15ab85b50c",
    "vertices" : [ {
      "x" : 0.0,
      "y" : 0.0,
      "z" : 0.0
    }, {
      "x" : 2.618034,
      "y" : -4.236068,
      "z" : 6.854102
    }, {
      "x" : 2.618034,
      "y" : -12.708204,
      "z" : 6.854102
    }, {
      "x" : 0.0,
      "y" : -16.944271,
      "z" : 0.0
    }, {
      "x" : -2.618034,
      "y" : -12.708204,
      "z" : -6.854102
    }, {
      "x" : -2.618034,
      "y" : -4.236068,
      "z" : -6.854102
    } ],
    "faces" : [ {
      "vertices" : [ 0, 1, 2, 3, 4, 5 ]
    }, {
      "vertices" : [ 0, 5, 4, 3, 2, 1 ]
    } ]
  }, {
    "id" : "8c9d1f5f-be5c-413c-8b81-07f1838b9f79",
    "vertices" : [ {
      "x" : 0.0,
      "y" : 0.0,
      "z" : 0.0
    }, {
      "x" : -1.309017,
      "y" : 2.118034,
      "z" : -3.427051
    }, {
      "x" : -1.745356,
      "y" : 8.472136,
      "z" : -4.5694013
    }, {
      "x" : 0.0,
      "y" : 8.472136,
      "z" : 0.0
    }, {
      "x" : 0.872678,
      "y" : 4.236068,
      "z" : 2.2847006
    }, {
      "x" : 2.618034,
      "y" : 8.472136,
      "z" : 6.854102
    }, {
      "x" : 2.618034,
      "y" : 4.236068,
      "z" : 6.854102
    } ],
    "faces" : [ {
      "vertices" : [ 0, 1, 2, 3, 4, 5, 6 ]
    }, {
      "vertices" : [ 0, 6, 5, 4, 3, 2, 1 ]
    } ]
  }, {
    "id" : "7d902dbe-e9a1-464d-bc69-22b75e188033",
    "vertices" : [ {
      "x" : 0.0,
      "y" : 0.0,
      "z" : 0.0
    }, {
      "x" : 1.309017,
      "y" : 2.118034,
      "z" : 3.427051
    }, {
      "x" : 3.490712,
      "y" : 0.0,
      "z" : 9.138803
    }, {
      "x" : 2.618034,
      "y" : -4.236068,
      "z" : 6.854102
    }, {
      "x" : 0.872678,
      "y" : -4.236068,
      "z" : 2.2847006
    }, {
      "x" : 1.309017,
      "y" : -10.59017,
      "z" : 3.427051
    }, {
      "x" : 0.0,
      "y" : -8.472136,
      "z" : 0.0
    } ],
    "faces" : [ {
      "vertices" : [ 0, 1, 2, 3, 4, 5, 6 ]
    }, {
      "vertices" : [ 0, 6, 5, 4, 3, 2, 1 ]
    } ]
  }, {
    "id" : "f4a7fd11-6e4e-4f7f-af92-50559bb82d95",
    "vertices" : [ {
      "x" : 0.0,
      "y" : 0.0,
      "z" : 0.0
    }, {
      "x" : 0.0,
      "y" : -4.236068,
      "z" : 0.0
    }, {
      "x" : -1.745356,
      "y" : -8.472136,
      "z" : -4.5694013
    }, {
      "x" : -2.618034,
      "y" : -4.236068,
      "z" : -6.854102
    }, {
      "x" : -1.745356,
      "y" : 0.0,
      "z" : -4.5694013
    }, {
      "x" : -3.927051,
      "y" : 2.118034,
      "z" : -10.281153
    }, {
      "x" : -2.618034,
      "y" : 4.236068,
      "z" : -6.854102
    } ],
    "faces" : [ {
      "vertices" : [ 0, 1, 2, 3, 4, 5, 6 ]
    }, {
      "vertices" : [ 0, 6, 5, 4, 3, 2, 1 ]
    } ]
  } ],
  "instances" : [ {
    "shape" : "3db8d2e8-b97c-4f51-97e2-ce83eb55e45e",
    "color" : "#000000",
    "position" : {
      "x" : -4.5694013,
      "y" : 18.81695,
      "z" : 4.236068
    },
    "orientation" : 50
  }, {
    "shape" : "6f8ee8a3-09f2-419c-8847-7e5efbb05139",
    "color" : "#000000",
    "position" : {
      "x" : 6.854102,
      "y" : -17.944271,
      "z" : 8.472136
    },
    "orientation" : 23
  }, {
    "shape" : "3db8d2e8-b97c-4f51-97e2-ce83eb55e45e",
    "color" : "#000000",
    "position" : {
      "x" : -4.236068,
      "y" : -13.708204,
      "z" : -15.326238
    },
    "orientation" : 41
  }, {
    "shape" : "3db8d2e8-b97c-4f51-97e2-ce83eb55e45e",
    "color" : "#000000",
    "position" : {
      "x" : -7.3934464,
      "y" : 14.247549,
      "z" : -11.629515
    },
    "orientation" : 39
  }, {
    "shape" : "aa0acc7b-d16b-4f0a-ab33-3b778f052f47",
    "color" : "#FFFF33",
    "position" : {
      "x" : -7.3934464,
      "y" : -14.247549,
      "z" : 11.629515
    },
    "orientation" : 39
  }, {
    "shape" : "eaec9b20-e12d-48a8-8bd4-6f24d7e5e1ec",
    "color" : "#F2F2F2",
    "position" : {
      "x" : -13.708204,
      "y" : 15.326238,
      "z" : 4.236068
    }
  }, {
    "shape" : "eaec9b20-e12d-48a8-8bd4-6f24d7e5e1ec",
    "color" : "#F2F2F2",
    "position" : {
      "x" : 6.854102,
      "y" : 17.944271,
      "z" : 8.472136
    }
  }, {
    "shape" : "abc99325-576b-44bd-a9be-8b52efb99aa1",
    "color" : "#FFFF33",
    "position" : {
      "x" : 4.236068,
      "y" : 13.708204,
      "z" : -15.326238
    },
    "orientation" : 46
  }, {
    "shape" : "3db8d2e8-b97c-4f51-97e2-ce83eb55e45e",
    "color" : "#000000",
    "position" : {
      "x" : 11.629515,
      "y" : 7.3934464,
      "z" : -14.247549
    },
    "orientation" : 7
  }, {
    "shape" : "eaec9b20-e12d-48a8-8bd4-6f24d7e5e1ec",
    "color" : "#F2F2F2",
    "position" : {
      "x" : 4.236068,
      "y" : -4.5694013,
      "z" : -18.81695
    }
  }, {
    "shape" : "6f8ee8a3-09f2-419c-8847-7e5efbb05139",
    "color" : "#000000",
    "position" : {
      "x" : -8.472136,
      "y" : 6.854102,
      "z" : -17.944271
    },
    "orientation" : 9
  }, {
    "shape" : "eaec9b20-e12d-48a8-8bd4-6f24d7e5e1ec",
    "color" : "#F2F2F2",
    "position" : {
      "x" : -18.81695,
      "y" : 4.236068,
      "z" : -4.5694013
    }
  }, {
    "shape" : "aa0acc7b-d16b-4f0a-ab33-3b778f052f47",
    "color" : "#3300FF",
    "position" : {
      "x" : -4.236068,
      "y" : 4.5694013,
      "z" : -18.81695
    },
    "orientation" : 17
  }, {
    "shape" : "eaec9b20-e12d-48a8-8bd4-6f24d7e5e1ec",
    "color" : "#F2F2F2",
    "position" : {
      "x" : 14.247549,
      "y" : -11.629515,
      "z" : -7.3934464
    }
  }, {
    "shape" : "eaec9b20-e12d-48a8-8bd4-6f24d7e5e1ec",
    "color" : "#F2F2F2",
    "position" : {
      "x" : 0.0,
      "y" : -11.423503,
      "z" : 16.198915
    }
  }, {
    "shape" : "3db8d2e8-b97c-4f51-97e2-ce83eb55e45e",
    "color" : "#000000",
    "position" : {
      "x" : 18.81695,
      "y" : -4.236068,
      "z" : 4.5694013
    },
    "orientation" : 4
  }, {
    "shape" : "be467245-3760-491f-818d-a97a9699f3c9",
    "color" : "#FF0000",
    "position" : {
      "x" : 0.0,
      "y" : 20.562305,
      "z" : 4.236068
    },
    "orientation" : 1
  }, {
    "shape" : "eaec9b20-e12d-48a8-8bd4-6f24d7e5e1ec",
    "color" : "#F2F2F2",
    "position" : {
      "x" : 15.326238,
      "y" : -4.236068,
      "z" : 13.708204
    }
  }, {
    "shape" : "6f8ee8a3-09f2-419c-8847-7e5efbb05139",
    "color" : "#000000",
    "position" : {
      "x" : -6.854102,
      "y" : -17.944271,
      "z" : 8.472136
    },
    "orientation" : 56
  }, {
    "shape" : "eaec9b20-e12d-48a8-8bd4-6f24d7e5e1ec",
    "color" : "#F2F2F2",
    "position" : {
      "x" : -20.562305,
      "y" : 4.236068,
      "z" : 0.0
    }
  }, {
    "shape" : "eaec9b20-e12d-48a8-8bd4-6f24d7e5e1ec",
    "color" : "#F2F2F2",
    "position" : {
      "x" : -15.326238,
      "y" : 4.236068,
      "z" : -13.708204
    }
  }, {
    "shape" : "eaec9b20-e12d-48a8-8bd4-6f24d7e5e1ec",
    "color" : "#F2F2F2",
    "position" : {
      "x" : -11.629515,
      "y" : 7.3934464,
      "z" : 14.247549
    }
  }, {
    "shape" : "6f8ee8a3-09f2-419c-8847-7e5efbb05139",
    "color" : "#000000",
    "position" : {
      "x" : -15.326238,
      "y" : -4.236068,
      "z" : 13.708204
    },
    "orientation" : 22
  }, {
    "shape" : "3db8d2e8-b97c-4f51-97e2-ce83eb55e45e",
    "color" : "#000000",
    "position" : {
      "x" : -16.198915,
      "y" : 0.0,
      "z" : -11.423503
    },
    "orientation" : 32
  }, {
    "shape" : "3db8d2e8-b97c-4f51-97e2-ce83eb55e45e",
    "color" : "#000000",
    "position" : {
      "x" : -4.236068,
      "y" : -13.708204,
      "z" : 15.326238
    },
    "orientation" : 12
  }, {
    "shape" : "eaec9b20-e12d-48a8-8bd4-6f24d7e5e1ec",
    "color" : "#F2F2F2",
    "position" : {
      "x" : 4.236068,
      "y" : 13.708204,
      "z" : -15.326238
    }
  }, {
    "shape" : "3db8d2e8-b97c-4f51-97e2-ce83eb55e45e",
    "color" : "#000000",
    "position" : {
      "x" : 4.236068,
      "y" : 13.708204,
      "z" : 15.326238
    },
    "orientation" : 42
  }, {
    "shape" : "3db8d2e8-b97c-4f51-97e2-ce83eb55e45e",
    "color" : "#000000",
    "position" : {
      "x" : 16.198915,
      "y" : 0.0,
      "z" : 11.423503
    },
    "orientation" : 17
  }, {
    "shape" : "3db8d2e8-b97c-4f51-97e2-ce83eb55e45e",
    "color" : "#000000",
    "position" : {
      "x" : 15.326238,
      "y" : -4.236068,
      "z" : -13.708204
    },
    "orientation" : 13
  }, {
    "shape" : "6f8ee8a3-09f2-419c-8847-7e5efbb05139",
    "color" : "#000000",
    "position" : {
      "x" : 0.0,
      "y" : -20.562305,
      "z" : 4.236068
    },
    "orientation" : 47
  }, {
    "shape" : "3db8d2e8-b97c-4f51-97e2-ce83eb55e45e",
    "color" : "#000000",
    "position" : {
      "x" : 14.247549,
      "y" : -11.629515,
      "z" : 7.3934464
    },
    "orientation" : 38
  }, {
    "shape" : "abc99325-576b-44bd-a9be-8b52efb99aa1",
    "color" : "#FFCC66",
    "position" : {
      "x" : 13.708204,
      "y" : -15.326238,
      "z" : 4.236068
    },
    "orientation" : 15
  }, {
    "shape" : "84f1ec6a-04a0-4ce2-abcd-2bed331ac23f",
    "color" : "#CC00CC",
    "position" : {
      "x" : -11.629515,
      "y" : -7.3934464,
      "z" : 14.247549
    },
    "orientation" : 39
  }, {
    "shape" : "eaec9b20-e12d-48a8-8bd4-6f24d7e5e1ec",
    "color" : "#F2F2F2",
    "position" : {
      "x" : -4.5694013,
      "y" : 18.81695,
      "z" : 4.236068
    }
  }, {
    "shape" : "9efe6deb-45e2-432d-8520-75acef51b5e9",
    "color" : "#00FF00",
    "position" : {
      "x" : 11.423503,
      "y" : 16.198915,
      "z" : 0.0
    },
    "orientation" : 6
  }, {
    "shape" : "eaec9b20-e12d-48a8-8bd4-6f24d7e5e1ec",
    "color" : "#F2F2F2",
    "position" : {
      "x" : 7.3934464,
      "y" : -14.247549,
      "z" : 11.629515
    }
  }, {
    "shape" : "eaec9b20-e12d-48a8-8bd4-6f24d7e5e1ec",
    "color" : "#F2F2F2",
    "position" : {
      "x" : 4.236068,
      "y" : 4.5694013,
      "z" : -18.81695
    }
  }, {
    "shape" : "3db8d2e8-b97c-4f51-97e2-ce83eb55e45e",
    "color" : "#000000",
    "position" : {
      "x" : 6.854102,
      "y" : -17.944271,
      "z" : 8.472136
    },
    "orientation" : 50
  }, {
    "shape" : "eaec9b20-e12d-48a8-8bd4-6f24d7e5e1ec",
    "color" : "#F2F2F2",
    "position" : {
      "x" : -6.854102,
      "y" : 17.944271,
      "z" : 0.0
    }
  }, {
    "shape" : "3db8d2e8-b97c-4f51-97e2-ce83eb55e45e",
    "color" : "#000000",
    "position" : {
      "x" : 18.81695,
      "y" : -4.236068,
      "z" : -4.5694013
    },
    "orientation" : 58
  }, {
    "shape" : "eaec9b20-e12d-48a8-8bd4-6f24d7e5e1ec",
    "color" : "#F2F2F2",
    "position" : {
      "x" : 0.0,
      "y" : 11.423503,
      "z" : 16.198915
    }
  }, {
    "shape" : "84f1ec6a-04a0-4ce2-abcd-2bed331ac23f",
    "color" : "#FFFF33",
    "position" : {
      "x" : 7.3934464,
      "y" : 14.247549,
      "z" : -11.629515
    },
    "orientation" : 3
  }, {
    "shape" : "eaec9b20-e12d-48a8-8bd4-6f24d7e5e1ec",
    "color" : "#F2F2F2",
    "position" : {
      "x" : -11.423503,
      "y" : 16.198915,
      "z" : 0.0
    }
  }, {
    "shape" : "9efe6deb-45e2-432d-8520-75acef51b5e9",
    "color" : "#3300FF",
    "position" : {
      "x" : 11.629515,
      "y" : -7.3934464,
      "z" : 14.247549
    },
    "orientation" : 5
  }, {
    "shape" : "3db8d2e8-b97c-4f51-97e2-ce83eb55e45e",
    "color" : "#000000",
    "position" : {
      "x" : -14.247549,
      "y" : -11.629515,
      "z" : -7.3934464
    },
    "orientation" : 23
  }, {
    "shape" : "eaec9b20-e12d-48a8-8bd4-6f24d7e5e1ec",
    "color" : "#F2F2F2",
    "position" : {
      "x" : 11.09017,
      "y" : -11.09017,
      "z" : -11.09017
    }
  }, {
    "shape" : "abc99325-576b-44bd-a9be-8b52efb99aa1",
    "color" : "#3300FF",
    "position" : {
      "x" : -15.326238,
      "y" : -4.236068,
      "z" : -13.708204
    },
    "orientation" : 47
  }, {
    "shape" : "aa0acc7b-d16b-4f0a-ab33-3b778f052f47",
    "color" : "#FFFF33",
    "position" : {
      "x" : -7.3934464,
      "y" : 14.247549,
      "z" : -11.629515
    },
    "orientation" : 54
  }, {
    "shape" : "eaec9b20-e12d-48a8-8bd4-6f24d7e5e1ec",
    "color" : "#F2F2F2",
    "position" : {
      "x" : 4.5694013,
      "y" : 18.81695,
      "z" : 4.236068
    }
  }, {
    "shape" : "3db8d2e8-b97c-4f51-97e2-ce83eb55e45e",
    "color" : "#000000",
    "position" : {
      "x" : -15.326238,
      "y" : 4.236068,
      "z" : 13.708204
    },
    "orientation" : 9
  }, {
    "shape" : "eaec9b20-e12d-48a8-8bd4-6f24d7e5e1ec",
    "color" : "#F2F2F2",
    "position" : {
      "x" : -18.81695,
      "y" : -4.236068,
      "z" : -4.5694013
    }
  }, {
    "shape" : "eaec9b20-e12d-48a8-8bd4-6f24d7e5e1ec",
    "color" : "#F2F2F2",
    "position" : {
      "x" : 8.472136,
      "y" : -6.854102,
      "z" : -17.944271
    }
  }, {
    "shape" : "6f8ee8a3-09f2-419c-8847-7e5efbb05139",
    "color" : "#000000",
    "position" : {
      "x" : -4.236068,
      "y" : 13.708204,
      "z" : 15.326238
    },
    "orientation" : 39
  }, {
    "shape" : "be467245-3760-491f-818d-a97a9699f3c9",
    "color" : "#00FF00",
    "position" : {
      "x" : 20.562305,
      "y" : 4.236068,
      "z" : 0.0
    },
    "orientation" : 0
  }, {
    "shape" : "eaec9b20-e12d-48a8-8bd4-6f24d7e5e1ec",
    "color" : "#F2F2F2",
    "position" : {
      "x" : -14.247549,
      "y" : 11.629515,
      "z" : -7.3934464
    }
  }, {
    "shape" : "6f8ee8a3-09f2-419c-8847-7e5efbb05139",
    "color" : "#000000",
    "position" : {
      "x" : -6.854102,
      "y" : 17.944271,
      "z" : -8.472136
    },
    "orientation" : 41
  }, {
    "shape" : "3db8d2e8-b97c-4f51-97e2-ce83eb55e45e",
    "color" : "#000000",
    "position" : {
      "x" : -8.472136,
      "y" : 6.854102,
      "z" : -17.944271
    },
    "orientation" : 38
  }, {
    "shape" : "eaec9b20-e12d-48a8-8bd4-6f24d7e5e1ec",
    "color" : "#F2F2F2",
    "position" : {
      "x" : -16.198915,
      "y" : 0.0,
      "z" : 11.423503
    }
  }, {
    "shape" : "3db8d2e8-b97c-4f51-97e2-ce83eb55e45e",
    "color" : "#000000",
    "position" : {
      "x" : -18.81695,
      "y" : 4.236068,
      "z" : -4.5694013
    },
    "orientation" : 28
  }, {
    "shape" : "3db8d2e8-b97c-4f51-97e2-ce83eb55e45e",
    "color" : "#000000",
    "position" : {
      "x" : 7.3934464,
      "y" : 14.247549,
      "z" : 11.629515
    },
    "orientation" : 24
  }, {
    "shape" : "eaec9b20-e12d-48a8-8bd4-6f24d7e5e1ec",
    "color" : "#F2F2F2",
    "position" : {
      "x" : -13.708204,
      "y" : 15.326238,
      "z" : -4.236068
    }
  }, {
    "shape" : "3db8d2e8-b97c-4f51-97e2-ce83eb55e45e",
    "color" : "#000000",
    "position" : {
      "x" : 6.854102,
      "y" : 17.944271,
      "z" : -8.472136
    },
    "orientation" : 35
  }, {
    "shape" : "eaec9b20-e12d-48a8-8bd4-6f24d7e5e1ec",
    "color" : "#F2F2F2",
    "position" : {
      "x" : 4.236068,
      "y" : 4.5694013,
      "z" : 18.81695
    }
  }, {
    "shape" : "eaec9b20-e12d-48a8-8bd4-6f24d7e5e1ec",
    "color" : "#F2F2F2",
    "position" : {
      "x" : 11.629515,
      "y" : 7.3934464,
      "z" : -14.247549
    }
  }, {
    "shape" : "eaec9b20-e12d-48a8-8bd4-6f24d7e5e1ec",
    "color" : "#F2F2F2",
    "position" : {
      "x" : -14.247549,
      "y" : 11.629515,
      "z" : 7.3934464
    }
  }, {
    "shape" : "3db8d2e8-b97c-4f51-97e2-ce83eb55e45e",
    "color" : "#000000",
    "position" : {
      "x" : -4.5694013,
      "y" : 18.81695,
      "z" : -4.236068
    },
    "orientation" : 44
  }, {
    "shape" : "eaec9b20-e12d-48a8-8bd4-6f24d7e5e1ec",
    "color" : "#F2F2F2",
    "position" : {
      "x" : -4.236068,
      "y" : -13.708204,
      "z" : -15.326238
    }
  }, {
    "shape" : "eaec9b20-e12d-48a8-8bd4-6f24d7e5e1ec",
    "color" : "#F2F2F2",
    "position" : {
      "x" : -14.247549,
      "y" : -11.629515,
      "z" : -7.3934464
    }
  }, {
    "shape" : "eaec9b20-e12d-48a8-8bd4-6f24d7e5e1ec",
    "color" : "#F2F2F2",
    "position" : {
      "x" : -17.944271,
      "y" : -8.472136,
      "z" : 6.854102
    }
  }, {
    "shape" : "3db8d2e8-b97c-4f51-97e2-ce83eb55e45e",
    "color" : "#000000",
    "position" : {
      "x" : -20.562305,
      "y" : -4.236068,
      "z" : 0.0
    },
    "orientation" : 2
  }, {
    "shape" : "3db8d2e8-b97c-4f51-97e2-ce83eb55e45e",
    "color" : "#000000",
    "position" : {
      "x" : 7.3934464,
      "y" : -14.247549,
      "z" : -11.629515
    },
    "orientation" : 9
  }, {
    "shape" : "6f8ee8a3-09f2-419c-8847-7e5efbb05139",
    "color" : "#000000",
    "position" : {
      "x" : 13.708204,
      "y" : 15.326238,
      "z" : 4.236068
    },
    "orientation" : 38
  }, {
    "shape" : "3db8d2e8-b97c-4f51-97e2-ce83eb55e45e",
    "color" : "#000000",
    "position" : {
      "x" : 15.326238,
      "y" : -4.236068,
      "z" : 13.708204
    },
    "orientation" : 39
  }, {
    "shape" : "3db8d2e8-b97c-4f51-97e2-ce83eb55e45e",
    "color" : "#000000",
    "position" : {
      "x" : 13.708204,
      "y" : 15.326238,
      "z" : 4.236068
    },
    "orientation" : 59
  }, {
    "shape" : "aa0acc7b-d16b-4f0a-ab33-3b778f052f47",
    "color" : "#CC00CC",
    "position" : {
      "x" : -4.236068,
      "y" : 4.5694013,
      "z" : 18.81695
    },
    "orientation" : 7
  }, {
    "shape" : "eaec9b20-e12d-48a8-8bd4-6f24d7e5e1ec",
    "color" : "#F2F2F2",
    "position" : {
      "x" : 7.3934464,
      "y" : 14.247549,
      "z" : 11.629515
    }
  }, {
    "shape" : "eaec9b20-e12d-48a8-8bd4-6f24d7e5e1ec",
    "color" : "#F2F2F2",
    "position" : {
      "x" : 0.0,
      "y" : -6.854102,
      "z" : -17.944271
    }
  }, {
    "shape" : "3db8d2e8-b97c-4f51-97e2-ce83eb55e45e",
    "color" : "#000000",
    "position" : {
      "x" : -18.81695,
      "y" : -4.236068,
      "z" : -4.5694013
    },
    "orientation" : 49
  }, {
    "shape" : "3db8d2e8-b97c-4f51-97e2-ce83eb55e45e",
    "color" : "#000000",
    "position" : {
      "x" : -11.423503,
      "y" : -16.198915,
      "z" : 0.0
    },
    "orientation" : 15
  }, {
    "shape" : "eaec9b20-e12d-48a8-8bd4-6f24d7e5e1ec",
    "color" : "#F2F2F2",
    "position" : {
      "x" : 6.854102,
      "y" : -17.944271,
      "z" : 0.0
    }
  }, {
    "shape" : "eaec9b20-e12d-48a8-8bd4-6f24d7e5e1ec",
    "color" : "#F2F2F2",
    "position" : {
      "x" : -4.5694013,
      "y" : -18.81695,
      "z" : -4.236068
    }
  }, {
    "shape" : "3db8d2e8-b97c-4f51-97e2-ce83eb55e45e",
    "color" : "#000000",
    "position" : {
      "x" : 8.472136,
      "y" : -6.854102,
      "z" : -17.944271
    },
    "orientation" : 8
  }, {
    "shape" : "eaec9b20-e12d-48a8-8bd4-6f24d7e5e1ec",
    "color" : "#F2F2F2",
    "position" : {
      "x" : -15.326238,
      "y" : -4.236068,
      "z" : -13.708204
    }
  }, {
    "shape" : "eaec9b20-e12d-48a8-8bd4-6f24d7e5e1ec",
    "color" : "#F2F2F2",
    "position" : {
      "x" : 6.854102,
      "y" : 17.944271,
      "z" : -8.472136
    }
  }, {
    "shape" : "eaec9b20-e12d-48a8-8bd4-6f24d7e5e1ec",
    "color" : "#F2F2F2",
    "position" : {
      "x" : -18.81695,
      "y" : 4.236068,
      "z" : 4.5694013
    }
  }, {
    "shape" : "eaec9b20-e12d-48a8-8bd4-6f24d7e5e1ec",
    "color" : "#F2F2F2",
    "position" : {
      "x" : -7.3934464,
      "y" : -14.247549,
      "z" : 11.629515
    }
  }, {
    "shape" : "aa0acc7b-d16b-4f0a-ab33-3b778f052f47",
    "color" : "#FFFF33",
    "position" : {
      "x" : 7.3934464,
      "y" : -14.247549,
      "z" : 11.629515
    },
    "orientation" : 5
  }, {
    "shape" : "eaec9b20-e12d-48a8-8bd4-6f24d7e5e1ec",
    "color" : "#F2F2F2",
    "position" : {
      "x" : 6.854102,
      "y" : -17.944271,
      "z" : 8.472136
    }
  }, {
    "shape" : "eaec9b20-e12d-48a8-8bd4-6f24d7e5e1ec",
    "color" : "#F2F2F2",
    "position" : {
      "x" : 11.423503,
      "y" : 16.198915,
      "z" : 0.0
    }
  }, {
    "shape" : "3db8d2e8-b97c-4f51-97e2-ce83eb55e45e",
    "color" : "#000000",
    "position" : {
      "x" : 4.5694013,
      "y" : -18.81695,
      "z" : 4.236068
    },
    "orientation" : 20
  }, {
    "shape" : "eaec9b20-e12d-48a8-8bd4-6f24d7e5e1ec",
    "color" : "#F2F2F2",
    "position" : {
      "x" : -4.236068,
      "y" : 0.0,
      "z" : -20.562305
    }
  }, {
    "shape" : "6f8ee8a3-09f2-419c-8847-7e5efbb05139",
    "color" : "#000000",
    "position" : {
      "x" : 13.708204,
      "y" : 15.326238,
      "z" : -4.236068
    },
    "orientation" : 56
  }, {
    "shape" : "eaec9b20-e12d-48a8-8bd4-6f24d7e5e1ec",
    "color" : "#F2F2F2",
    "position" : {
      "x" : 15.326238,
      "y" : 4.236068,
      "z" : -13.708204
    }
  }, {
    "shape" : "eaec9b20-e12d-48a8-8bd4-6f24d7e5e1ec",
    "color" : "#F2F2F2",
    "position" : {
      "x" : -11.09017,
      "y" : 11.09017,
      "z" : 11.09017
    }
  }, {
    "shape" : "3db8d2e8-b97c-4f51-97e2-ce83eb55e45e",
    "color" : "#000000",
    "position" : {
      "x" : -16.198915,
      "y" : 0.0,
