{
  "field" : "polygon18",
  "symmetry" : "antiprism18",
  "orientations" : [ [ 1.0, 0.0, 0.0, 0.0, 0.0, 1.0, 0.0, 0.0, 0.0, 0.0, 1.0, 0.0, 0.0, 0.0, 0.0, 1.0 ], [ 0.9396926, -0.34202015, 0.0, 0.0, 0.34202015, 0.9396926, 0.0, 0.0, 0.0, 0.0, 1.0, 0.0, 0.0, 0.0, 0.0, 1.0 ], [ 0.76604444, -0.64278764, 0.0, 0.0, 0.64278764, 0.76604444, 0.0, 0.0, 0.0, 0.0, 1.0, 0.0, 0.0, 0.0, 0.0, 1.0 ], [ 0.5, -0.8660254, 0.0, 0.0, 0.8660254, 0.5, 0.0, 0.0, 0.0, 0.0, 1.0, 0.0, 0.0, 0.0, 0.0, 1.0 ], [ 0.17364818, -0.9848077, 0.0, 0.0, 0.9848077, 0.17364818, 0.0, 0.0, 0.0, 0.0, 1.0, 0.0, 0.0, 0.0, 0.0, 1.0 ], [ -0.17364818, -0.9848077, 0.0, 0.0, 0.9848077, -0.17364818, 0.0, 0.0, 0.0, 0.0, 1.0, 0.0, 0.0, 0.0, 0.0, 1.0 ], [ -0.5, -0.8660254, 0.0, 0.0, 0.8660254, -0.5, 0.0, 0.0, 0.0, 0.0, 1.0, 0.0, 0.0, 0.0, 0.0, 1.0 ], [ -0.76604444, -0.64278764, 0.0, 0.0, 0.64278764, -0.76604444, 0.0, 0.0, 0.0, 0.0, 1.0, 0.0, 0.0, 0.0, 0.0, 1.0 ], [ -0.9396926, -0.34202015, 0.0, 0.0, 0.34202015, -0.9396926, 0.0, 0.0, 0.0, 0.0, 1.0, 0.0, 0.0, 0.0, 0.0, 1.0 ], [ -1.0, 0.0, 0.0, 0.0, 0.0, -1.0, 0.0, 0.0, 0.0, 0.0, 1.0, 0.0, 0.0, 0.0, 0.0, 1.0 ], [ -0.9396926, 0.34202015, 0.0, 0.0, -0.34202015, -0.9396926, 0.0, 0.0, 0.0, 0.0, 1.0, 0.0, 0.0, 0.0, 0.0, 1.0 ], [ -0.76604444, 0.64278764, 0.0, 0.0, -0.64278764, -0.76604444, 0.0, 0.0, 0.0, 0.0, 1.0, 0.0, 0.0, 0.0, 0.0, 1.0 ], [ -0.5, 0.8660254, 0.0, 0.0, -0.8660254, -0.5, 0.0, 0.0, 0.0, 0.0, 1.0, 0.0, 0.0, 0.0, 0.0, 1.0 ], [ -0.17364818, 0.9848077, 0.0, 0.0, -0.9848077, -0.17364818, 0.0, 0.0, 0.0, 0.0, 1.0, 0.0, 0.0, 0.0, 0.0, 1.0 ], [ 0.17364818, 0.9848077, 0.0, 0.0, -0.9848077, 0.17364818, 0.0, 0.0, 0.0, 0.0, 1.0, 0.0, 0.0, 0.0, 0.0, 1.0 ], [ 0.5, 0.8660254, 0.0, 0.0, -0.8660254, 0.5, 0.0, 0.0, 0.0, 0.0, 1.0, 0.0, 0.0, 0.0, 0.0, 1.0 ], [ 0.76604444, 0.64278764, 0.0, 0.0, -0.64278764, 0.76604444, 0.0, 0.0, 0.0, 0.0, 1.0, 0.0, 0.0, 0.0, 0.0, 1.0 ], [ 0.9396926, 0.34202015, 0.0, 0.0, -0.34202015, 0.9396926, 0.0, 0.0, 0.0, 0.0, 1.0, 0.0, 0.0, 0.0, 0.0, 1.0 ], [ 1.0, 0.0, 0.0, 0.0, 0.0, -1.0, 0.0, 0.0, 0.0, 0.0, -1.0, 0.0, 0.0, 0.0, 0.0, 1.0 ], [ 0.9396926, 0.34202015, 0.0, 0.0, 0.34202015, -0.9396926, 0.0, 0.0, 0.0, 0.0, -1.0, 0.0, 0.0, 0.0, 0.0, 1.0 ], [ 0.76604444, 0.64278764, 0.0, 0.0, 0.64278764, -0.76604444, 0.0, 0.0, 0.0, 0.0, -1.0, 0.0, 0.0, 0.0, 0.0, 1.0 ], [ 0.5, 0.8660254, 0.0, 0.0, 0.8660254, -0.5, 0.0, 0.0, 0.0, 0.0, -1.0, 0.0, 0.0, 0.0, 0.0, 1.0 ], [ 0.17364818, 0.9848077, 0.0, 0.0, 0.9848077, -0.17364818, 0.0, 0.0, 0.0, 0.0, -1.0, 0.0, 0.0, 0.0, 0.0, 1.0 ], [ -0.17364818, 0.9848077, 0.0, 0.0, 0.9848077, 0.17364818, 0.0, 0.0, 0.0, 0.0, -1.0, 0.0, 0.0, 0.0, 0.0, 1.0 ], [ -0.5, 0.8660254, 0.0, 0.0, 0.8660254, 0.5, 0.0, 0.0, 0.0, 0.0, -1.0, 0.0, 0.0, 0.0, 0.0, 1.0 ], [ -0.76604444, 0.64278764, 0.0, 0.0, 0.64278764, 0.76604444, 0.0, 0.0, 0.0, 0.0, -1.0, 0.0, 0.0, 0.0, 0.0, 1.0 ], [ -0.9396926, 0.34202015, 0.0, 0.0, 0.34202015, 0.9396926, 0.0, 0.0, 0.0, 0.0, -1.0, 0.0, 0.0, 0.0, 0.0, 1.0 ], [ -1.0, 0.0, 0.0, 0.0, 0.0, 1.0, 0.0, 0.0, 0.0, 0.0, -1.0, 0.0, 0.0, 0.0, 0.0, 1.0 ], [ -0.9396926, -0.34202015, 0.0, 0.0, -0.34202015, 0.9396926, 0.0, 0.0, 0.0, 0.0, -1.0, 0.0, 0.0, 0.0, 0.0, 1.0 ], [ -0.76604444, -0.64278764, 0.0, 0.0, -0.64278764, 0.76604444, 0.0, 0.0, 0.0, 0.0, -1.0, 0.0, 0.0, 0.0, 0.0, 1.0 ], [ -0.5, -0.8660254, 0.0, 0.0, -0.8660254, 0.5, 0.0, 0.0, 0.0, 0.0, -1.0, 0.0, 0.0, 0.0, 0.0, 1.0 ], [ -0.17364818, -0.9848077, 0.0, 0.0, -0.9848077, 0.17364818, 0.0, 0.0, 0.0, 0.0, -1.0, 0.0, 0.0, 0.0, 0.0, 1.0 ], [ 0.17364818, -0.9848077, 0.0, 0.0, -0.9848077, -0.17364818, 0.0, 0.0, 0.0, 0.0, -1.0, 0.0, 0.0, 0.0, 0.0, 1.0 ], [ 0.5, -0.8660254, 0.0, 0.0, -0.8660254, -0.5, 0.0, 0.0, 0.0, 0.0, -1.0, 0.0, 0.0, 0.0, 0.0, 1.0 ], [ 0.76604444, -0.64278764, 0.0, 0.0, -0.64278764, -0.76604444, 0.0, 0.0, 0.0, 0.0, -1.0, 0.0, 0.0, 0.0, 0.0, 1.0 ], [ 0.9396926, -0.34202015, 0.0, 0.0, -0.34202015, -0.9396926, 0.0, 0.0, 0.0, 0.0, -1.0, 0.0, 0.0, 0.0, 0.0, 1.0 ] ],
  "lights" : {
    "directionalLights" : [ {
      "direction" : {
        "x" : 1.0,
        "y" : -1.0,
        "z" : -1.0
      },
      "color" : "#EBEBE4"
    }, {
      "direction" : {
        "x" : -1.0,
        "y" : 0.0,
        "z" : 0.0
      },
      "color" : "#E4E4EB"
    }, {
      "direction" : {
        "x" : 0.0,
        "y" : 0.0,
        "z" : -1.0
      },
      "color" : "#1E1E1E"
    } ],
    "backgroundColor" : "#AFC8DC",
    "ambientColor" : "#292929"
  },
  "camera" : {
    "position" : {
      "x" : -54.11807,
      "y" : -15.747573,
      "z" : 230.40044
    },
    "width" : 106.73742,
    "nearClipDistance" : 0.5929856,
    "perspective" : false,
    "farClipDistance" : 474.3883,
    "viewDistance" : 237.19424,
    "fieldOfView" : 0.44262892,
    "lookAtPoint" : {
      "x" : 0.0,
      "y" : 0.0,
      "z" : 0.0
    },
    "upDirection" : {
      "x" : 0.9022543,
      "y" : -0.38935286,
      "z" : 0.18531594
    },
    "lookDirection" : {
      "x" : 0.22815928,
      "y" : 0.06639104,
      "z" : -0.97135764
    },
    "stereo" : false
  },
  "embedding" : [ 1.0, 0.0, 0.0, 0.0, 0.0, 1.0, 0.0, 0.0, 0.0, 0.0, 1.0, 0.0, 0.0, 0.0, 0.0, 1.0 ],
  "shapes" : [ {
    "id" : "5b96d531-0231-4485-9764-b6782aeeaabf",
    "vertices" : [ {
      "x" : 7.007564,
      "y" : -0.1,
      "z" : -0.26666668
    }, {
      "x" : 6.907564,
      "y" : -0.2,
      "z" : 0.13333334
    }, {
      "x" : 0.6333333,
      "y" : 0.1,
      "z" : 0.26666668
    }, {
      "x" : 0.73333335,
      "y" : 0.2,
      "z" : -0.13333334
    }, {
      "x" : 6.6742306,
      "y" : 0.1,
      "z" : 0.26666668
    }, {
      "x" : 6.7742305,
      "y" : 0.2,
      "z" : -0.13333334
    }, {
      "x" : 0.96666664,
      "y" : -0.1,
      "z" : -0.26666668
    }, {
      "x" : 0.8666667,
      "y" : -0.2,
      "z" : 0.13333334
    } ],
    "faces" : [ {
      "vertices" : [ 2, 3, 6 ]
    }, {
      "vertices" : [ 2, 6, 7 ]
    }, {
      "vertices" : [ 0, 5, 4 ]
    }, {
      "vertices" : [ 0, 4, 1 ]
    }, {
      "vertices" : [ 2, 4, 5 ]
    }, {
      "vertices" : [ 2, 5, 3 ]
    }, {
      "vertices" : [ 0, 6, 3 ]
    }, {
      "vertices" : [ 0, 3, 5 ]
    }, {
      "vertices" : [ 0, 1, 7 ]
    }, {
      "vertices" : [ 0, 7, 6 ]
    }, {
      "vertices" : [ 1, 4, 2 ]
    }, {
      "vertices" : [ 1, 2, 7 ]
    } ]
  }, {
    "id" : "0bde2eb6-3763-47be-9a7a-44aabc6ae8b7",
    "vertices" : [ {
      "x" : 0.5155456,
      "y" : 0.0,
      "z" : 0.0
    }, {
      "x" : -0.5155456,
      "y" : 0.0,
      "z" : 0.0
    }, {
      "x" : 0.0,
      "y" : 0.5155456,
      "z" : 0.0
    }, {
      "x" : 0.0,
      "y" : -0.5155456,
      "z" : 0.0
    }, {
      "x" : 0.0,
      "y" : 0.0,
      "z" : 0.5155456
    }, {
      "x" : 0.0,
      "y" : 0.0,
      "z" : -0.5155456
    } ],
    "faces" : [ {
      "vertices" : [ 0, 2, 4 ]
    }, {
      "vertices" : [ 0, 5, 2 ]
    }, {
      "vertices" : [ 0, 4, 3 ]
    }, {
      "vertices" : [ 1, 4, 2 ]
    }, {
      "vertices" : [ 0, 3, 5 ]
    }, {
      "vertices" : [ 1, 2, 5 ]
    }, {
      "vertices" : [ 1, 3, 4 ]
    }, {
      "vertices" : [ 1, 5, 3 ]
    } ]
  } ],
  "instances" : [ {
    "shape" : "5b96d531-0231-4485-9764-b6782aeeaabf",
    "color" : "#007695",
    "position" : {
      "x" : -11.000544,
      "y" : -19.053501,
      "z" : 0.0
    },
    "orientation" : 7
  }, {
    "shape" : "5b96d531-0231-4485-9764-b6782aeeaabf",
    "color" : "#007695",
    "position" : {
      "x" : -20.67426,
      "y" : 7.524815,
      "z" : 0.0
    },
    "orientation" : 3
  }, {
    "shape" : "5b96d531-0231-4485-9764-b6782aeeaabf",
    "color" : "#007695",
    "position" : {
      "x" : 20.67426,
      "y" : 7.524815,
      "z" : 0.0
    },
    "orientation" : 14
  }, {
    "shape" : "0bde2eb6-3763-47be-9a7a-44aabc6ae8b7",
    "color" : "#FFFFFF",
    "position" : {
      "x" : -3.8204486,
      "y" : 21.666842,
      "z" : 0.0
    }
  }, {
    "shape" : "0bde2eb6-3763-47be-9a7a-44aabc6ae8b7",
    "color" : "#FFFFFF",
    "position" : {
      "x" : -11.000544,
      "y" : 19.053501,
      "z" : 0.0
    }
  }, {
    "shape" : "0bde2eb6-3763-47be-9a7a-44aabc6ae8b7",
    "color" : "#FFFFFF",
    "position" : {
      "x" : 3.8204486,
      "y" : 21.666842,
      "z" : 0.0
    }
  }, {
    "shape" : "5b96d531-0231-4485-9764-b6782aeeaabf",
    "color" : "#007695",
    "position" : {
      "x" : 3.8204486,
      "y" : -21.666842,
      "z" : 0.0
    },
    "orientation" : 9
  }, {
    "shape" : "0bde2eb6-3763-47be-9a7a-44aabc6ae8b7",
    "color" : "#FFFFFF",
    "position" : {
      "x" : -16.853811,
      "y" : 14.142026,
      "z" : 0.0
    }
  }, {
    "shape" : "5b96d531-0231-4485-9764-b6782aeeaabf",
    "color" : "#007695",
    "position" : {
      "x" : -16.853811,
      "y" : -14.142026,
      "z" : 0.0
    },
    "orientation" : 6
  }, {
    "shape" : "5b96d531-0231-4485-9764-b6782aeeaabf",
    "color" : "#007695",
    "position" : {
      "x" : -11.000544,
      "y" : 19.053501,
      "z" : 0.0
    },
    "orientation" : 1
  }, {
    "shape" : "5b96d531-0231-4485-9764-b6782aeeaabf",
    "color" : "#007695",
    "position" : {
      "x" : 11.000544,
      "y" : 19.053501,
      "z" : 0.0
    },
    "orientation" : 16
  }, {
    "shape" : "0bde2eb6-3763-47be-9a7a-44aabc6ae8b7",
    "color" : "#FFFFFF",
    "position" : {
      "x" : 16.853811,
      "y" : -14.142026,
      "z" : 0.0
    }
  }, {
    "shape" : "0bde2eb6-3763-47be-9a7a-44aabc6ae8b7",
    "color" : "#FFFFFF",
    "position" : {
      "x" : -20.67426,
      "y" : -7.524815,
      "z" : 0.0
    }
  }, {
    "shape" : "0bde2eb6-3763-47be-9a7a-44aabc6ae8b7",
    "color" : "#FFFFFF",
    "position" : {
      "x" : 11.000544,
      "y" : -19.053501,
      "z" : 0.0
    }
  }, {
    "shape" : "5b96d531-0231-4485-9764-b6782aeeaabf",
    "color" : "#007695",
    "position" : {
      "x" : 20.67426,
      "y" : -7.524815,
      "z" : 0.0
    },
    "orientation" : 12
  }, {
    "shape" : "5b96d531-0231-4485-9764-b6782aeeaabf",
    "color" : "#007695",
    "position" : {
      "x" : -16.853811,
      "y" : 14.142026,
      "z" : 0.0
    },
    "orientation" : 2
  }, {
    "shape" : "5b96d531-0231-4485-9764-b6782aeeaabf",
    "color" : "#007695",
    "position" : {
      "x" : 22.001087,
      "y" : 0.0,
      "z" : 0.0
    },
    "orientation" : 13
  }, {
    "shape" : "0bde2eb6-3763-47be-9a7a-44aabc6ae8b7",
    "color" : "#FFFFFF",
    "position" : {
      "x" : -20.67426,
      "y" : 7.524815,
      "z" : 0.0
    }
  }, {
    "shape" : "5b96d531-0231-4485-9764-b6782aeeaabf",
    "color" : "#007695",
    "position" : {
      "x" : -3.8204486,
      "y" : 21.666842,
      "z" : 0.0
    },
    "orientation" : 0
  }, {
    "shape" : "0bde2eb6-3763-47be-9a7a-44aabc6ae8b7",
    "color" : "#FFFFFF",
    "position" : {
      "x" : -11.000544,
      "y" : -19.053501,
      "z" : 0.0
    }
  }, {
    "shape" : "5b96d531-0231-4485-9764-b6782aeeaabf",
    "color" : "#007695",
    "position" : {
      "x" : 11.000544,
      "y" : -19.053501,
      "z" : 0.0
    },
    "orientation" : 10
  }, {
    "shape" : "0bde2eb6-3763-47be-9a7a-44aabc6ae8b7",
    "color" : "#FFFFFF",
    "position" : {
      "x" : -3.8204486,
      "y" : -21.666842,
      "z" : 0.0
    }
  }, {
    "shape" : "5b96d531-0231-4485-9764-b6782aeeaabf",
    "color" : "#007695",
    "position" : {
      "x" : 16.853811,
      "y" : 14.142026,
      "z" : 0.0
    },
    "orientation" : 15
  }, {
    "shape" : "5b96d531-0231-4485-9764-b6782aeeaabf",
    "color" : "#007695",
    "position" : {
      "x" : -22.001087,
      "y" : 0.0,
      "z" : 0.0
    },
    "orientation" : 4
  }, {
    "shape" : "0bde2eb6-3763-47be-9a7a-44aabc6ae8b7",
    "color" : "#FFFFFF",
    "position" : {
      "x" : -22.001087,
      "y" : 0.0,
      "z" : 0.0
    }
  }, {
    "shape" : "0bde2eb6-3763-47be-9a7a-44aabc6ae8b7",
    "color" : "#FFFFFF",
    "position" : {
      "x" : 20.67426,
      "y" : 7.524815,
      "z" : 0.0
    }
  }, {
    "shape" : "0bde2eb6-3763-47be-9a7a-44aabc6ae8b7",
    "color" : "#FFFFFF",
    "position" : {
      "x" : 3.8204486,
      "y" : -21.666842,
      "z" : 0.0
    }
  }, {
    "shape" : "5b96d531-0231-4485-9764-b6782aeeaabf",
    "color" : "#007695",
    "position" : {
      "x" : -3.8204486,
      "y" : -21.666842,
      "z" : 0.0
    },
    "orientation" : 8
  }, {
    "shape" : "5b96d531-0231-4485-9764-b6782aeeaabf",
    "color" : "#007695",
    "position" : {
      "x" : 16.853811,
      "y" : -14.142026,
      "z" : 0.0
    },
    "orientation" : 11
  }, {
    "shape" : "0bde2eb6-3763-47be-9a7a-44aabc6ae8b7",
    "color" : "#FFFFFF",
    "position" : {
      "x" : 22.001087,
      "y" : 0.0,
      "z" : 0.0
    }
  }, {
    "shape" : "5b96d531-0231-4485-9764-b6782aeeaabf",
    "color" : "#007695",
    "position" : {
      "x" : -20.67426,
      "y" : -7.524815,
      "z" : 0.0
    },
    "orientation" : 5
  }, {
    "shape" : "0bde2eb6-3763-47be-9a7a-44aabc6ae8b7",
    "color" : "#FFFFFF",
    "position" : {
      "x" : -16.853811,
      "y" : -14.142026,
      "z" : 0.0
    }
  }, {
    "shape" : "0bde2eb6-3763-47be-9a7a-44aabc6ae8b7",
    "color" : "#FFFFFF",
    "position" : {
      "x" : 11.000544,
      "y" : 19.053501,
      "z" : 0.0
    }
  }, {
    "shape" : "0bde2eb6-3763-47be-9a7a-44aabc6ae8b7",
    "color" : "#FFFFFF",
    "position" : {
      "x" : 16.853811,
      "y" : 14.142026,
      "z" : 0.0
    }
  }, {
    "shape" : "5b96d531-0231-4485-9764-b6782aeeaabf",
    "color" : "#007695",
    "position" : {
      "x" : 3.8204486,
      "y" : 21.666842,
      "z" : 0.0
    },
    "orientation" : 17
  }, {
    "shape" : "0bde2eb6-3763-47be-9a7a-44aabc6ae8b7",
    "color" : "#FFFFFF",
    "position" : {
      "x" : 20.67426,
      "y" : -7.524815,
      "z" : 0.0
    }
  } ],
  "scenes" : [ ],
  "snapshots" : [ ]
}