{
  "polygons" : "true",
  "field" : "golden",
  "symmetry" : "icosahedral",
  "orientations" : [ [ 1.0, 0.0, 0.0, 0.0, 0.0, 1.0, 0.0, 0.0, 0.0, 0.0, 1.0, 0.0, 0.0, 0.0, 0.0, 1.0 ], [ 0.0, 0.0, 1.0, 0.0, 1.0, 0.0, 0.0, 0.0, 0.0, 1.0, 0.0, 0.0, 0.0, 0.0, 0.0, 1.0 ], [ 0.0, 1.0, 0.0, 0.0, 0.0, 0.0, 1.0, 0.0, 1.0, 0.0, 0.0, 0.0, 0.0, 0.0, 0.0, 1.0 ], [ 0.809017, 0.309017, 0.5, 0.0, 0.309017, 0.5, -0.809017, 0.0, -0.5, 0.809017, 0.309017, 0.0, 0.0, 0.0, 0.0, 1.0 ], [ -0.5, 0.809017, 0.309017, 0.0, 0.809017, 0.309017, 0.5, 0.0, 0.309017, 0.5, -0.809017, 0.0, 0.0, 0.0, 0.0, 1.0 ], [ 0.309017, 0.5, -0.809017, 0.0, -0.5, 0.809017, 0.309017, 0.0, 0.809017, 0.309017, 0.5, 0.0, 0.0, 0.0, 0.0, 1.0 ], [ 0.5, 0.809017, 0.309017, 0.0, 0.809017, -0.309017, -0.5, 0.0, -0.309017, 0.5, -0.809017, 0.0, 0.0, 0.0, 0.0, 1.0 ], [ -0.309017, 0.5, -0.809017, 0.0, 0.5, 0.809017, 0.309017, 0.0, 0.809017, -0.309017, -0.5, 0.0, 0.0, 0.0, 0.0, 1.0 ], [ 0.809017, -0.309017, -0.5, 0.0, -0.309017, 0.5, -0.809017, 0.0, 0.5, 0.809017, 0.309017, 0.0, 0.0, 0.0, 0.0, 1.0 ], [ 0.5, 0.809017, -0.309017, 0.0, 0.809017, -0.309017, 0.5, 0.0, 0.309017, -0.5, -0.809017, 0.0, 0.0, 0.0, 0.0, 1.0 ], [ 0.309017, -0.5, -0.809017, 0.0, 0.5, 0.809017, -0.309017, 0.0, 0.809017, -0.309017, 0.5, 0.0, 0.0, 0.0, 0.0, 1.0 ], [ 0.809017, -0.309017, 0.5, 0.0, 0.309017, -0.5, -0.809017, 0.0, 0.5, 0.809017, -0.309017, 0.0, 0.0, 0.0, 0.0, 1.0 ], [ 0.809017, 0.309017, -0.5, 0.0, 0.309017, 0.5, 0.809017, 0.0, 0.5, -0.809017, 0.309017, 0.0, 0.0, 0.0, 0.0, 1.0 ], [ 0.5, -0.809017, 0.309017, 0.0, 0.809017, 0.309017, -0.5, 0.0, 0.309017, 0.5, 0.809017, 0.0, 0.0, 0.0, 0.0, 1.0 ], [ 0.309017, 0.5, 0.809017, 0.0, 0.5, -0.809017, 0.309017, 0.0, 0.809017, 0.309017, -0.5, 0.0, 0.0, 0.0, 0.0, 1.0 ], [ 1.0, 0.0, 0.0, 0.0, 0.0, -1.0, 0.0, 0.0, 0.0, 0.0, -1.0, 0.0, 0.0, 0.0, 0.0, 1.0 ], [ 0.0, 0.0, 1.0, 0.0, -1.0, 0.0, 0.0, 0.0, 0.0, -1.0, 0.0, 0.0, 0.0, 0.0, 0.0, 1.0 ], [ 0.0, 1.0, 0.0, 0.0, 0.0, 0.0, -1.0, 0.0, -1.0, 0.0, 0.0, 0.0, 0.0, 0.0, 0.0, 1.0 ], [ 0.809017, 0.309017, 0.5, 0.0, -0.309017, -0.5, 0.809017, 0.0, 0.5, -0.809017, -0.309017, 0.0, 0.0, 0.0, 0.0, 1.0 ], [ -0.5, 0.809017, 0.309017, 0.0, -0.809017, -0.309017, -0.5, 0.0, -0.309017, -0.5, 0.809017, 0.0, 0.0, 0.0, 0.0, 1.0 ], [ 0.309017, 0.5, -0.809017, 0.0, 0.5, -0.809017, -0.309017, 0.0, -0.809017, -0.309017, -0.5, 0.0, 0.0, 0.0, 0.0, 1.0 ], [ 0.5, 0.809017, 0.309017, 0.0, -0.809017, 0.309017, 0.5, 0.0, 0.309017, -0.5, 0.809017, 0.0, 0.0, 0.0, 0.0, 1.0 ], [ -0.309017, 0.5, -0.809017, 0.0, -0.5, -0.809017, -0.309017, 0.0, -0.809017, 0.309017, 0.5, 0.0, 0.0, 0.0, 0.0, 1.0 ], [ 0.809017, -0.309017, -0.5, 0.0, 0.309017, -0.5, 0.809017, 0.0, -0.5, -0.809017, -0.309017, 0.0, 0.0, 0.0, 0.0, 1.0 ], [ 0.5, 0.809017, -0.309017, 0.0, -0.809017, 0.309017, -0.5, 0.0, -0.309017, 0.5, 0.809017, 0.0, 0.0, 0.0, 0.0, 1.0 ], [ 0.309017, -0.5, -0.809017, 0.0, -0.5, -0.809017, 0.309017, 0.0, -0.809017, 0.309017, -0.5, 0.0, 0.0, 0.0, 0.0, 1.0 ], [ 0.809017, -0.309017, 0.5, 0.0, -0.309017, 0.5, 0.809017, 0.0, -0.5, -0.809017, 0.309017, 0.0, 0.0, 0.0, 0.0, 1.0 ], [ 0.809017, 0.309017, -0.5, 0.0, -0.309017, -0.5, -0.809017, 0.0, -0.5, 0.809017, -0.309017, 0.0, 0.0, 0.0, 0.0, 1.0 ], [ 0.5, -0.809017, 0.309017, 0.0, -0.809017, -0.309017, 0.5, 0.0, -0.309017, -0.5, -0.809017, 0.0, 0.0, 0.0, 0.0, 1.0 ], [ 0.309017, 0.5, 0.809017, 0.0, -0.5, 0.809017, -0.309017, 0.0, -0.809017, -0.309017, 0.5, 0.0, 0.0, 0.0, 0.0, 1.0 ], [ -1.0, 0.0, 0.0, 0.0, 0.0, -1.0, 0.0, 0.0, 0.0, 0.0, 1.0, 0.0, 0.0, 0.0, 0.0, 1.0 ], [ 0.0, 0.0, -1.0, 0.0, -1.0, 0.0, 0.0, 0.0, 0.0, 1.0, 0.0, 0.0, 0.0, 0.0, 0.0, 1.0 ], [ 0.0, -1.0, 0.0, 0.0, 0.0, 0.0, -1.0, 0.0, 1.0, 0.0, 0.0, 0.0, 0.0, 0.0, 0.0, 1.0 ], [ -0.809017, -0.309017, -0.5, 0.0, -0.309017, -0.5, 0.809017, 0.0, -0.5, 0.809017, 0.309017, 0.0, 0.0, 0.0, 0.0, 1.0 ], [ 0.5, -0.809017, -0.309017, 0.0, -0.809017, -0.309017, -0.5, 0.0, 0.309017, 0.5, -0.809017, 0.0, 0.0, 0.0, 0.0, 1.0 ], [ -0.309017, -0.5, 0.809017, 0.0, 0.5, -0.809017, -0.309017, 0.0, 0.809017, 0.309017, 0.5, 0.0, 0.0, 0.0, 0.0, 1.0 ], [ -0.5, -0.809017, -0.309017, 0.0, -0.809017, 0.309017, 0.5, 0.0, -0.309017, 0.5, -0.809017, 0.0, 0.0, 0.0, 0.0, 1.0 ], [ 0.309017, -0.5, 0.809017, 0.0, -0.5, -0.809017, -0.309017, 0.0, 0.809017, -0.309017, -0.5, 0.0, 0.0, 0.0, 0.0, 1.0 ], [ -0.809017, 0.309017, 0.5, 0.0, 0.309017, -0.5, 0.809017, 0.0, 0.5, 0.809017, 0.309017, 0.0, 0.0, 0.0, 0.0, 1.0 ], [ -0.5, -0.809017, 0.309017, 0.0, -0.809017, 0.309017, -0.5, 0.0, 0.309017, -0.5, -0.809017, 0.0, 0.0, 0.0, 0.0, 1.0 ], [ -0.309017, 0.5, 0.809017, 0.0, -0.5, -0.809017, 0.309017, 0.0, 0.809017, -0.309017, 0.5, 0.0, 0.0, 0.0, 0.0, 1.0 ], [ -0.809017, 0.309017, -0.5, 0.0, -0.309017, 0.5, 0.809017, 0.0, 0.5, 0.809017, -0.309017, 0.0, 0.0, 0.0, 0.0, 1.0 ], [ -0.809017, -0.309017, 0.5, 0.0, -0.309017, -0.5, -0.809017, 0.0, 0.5, -0.809017, 0.309017, 0.0, 0.0, 0.0, 0.0, 1.0 ], [ -0.5, 0.809017, -0.309017, 0.0, -0.809017, -0.309017, 0.5, 0.0, 0.309017, 0.5, 0.809017, 0.0, 0.0, 0.0, 0.0, 1.0 ], [ -0.309017, -0.5, -0.809017, 0.0, -0.5, 0.809017, -0.309017, 0.0, 0.809017, 0.309017, -0.5, 0.0, 0.0, 0.0, 0.0, 1.0 ], [ -1.0, 0.0, 0.0, 0.0, 0.0, 1.0, 0.0, 0.0, 0.0, 0.0, -1.0, 0.0, 0.0, 0.0, 0.0, 1.0 ], [ 0.0, 0.0, -1.0, 0.0, 1.0, 0.0, 0.0, 0.0, 0.0, -1.0, 0.0, 0.0, 0.0, 0.0, 0.0, 1.0 ], [ 0.0, -1.0, 0.0, 0.0, 0.0, 0.0, 1.0, 0.0, -1.0, 0.0, 0.0, 0.0, 0.0, 0.0, 0.0, 1.0 ], [ -0.809017, -0.309017, -0.5, 0.0, 0.309017, 0.5, -0.809017, 0.0, 0.5, -0.809017, -0.309017, 0.0, 0.0, 0.0, 0.0, 1.0 ], [ 0.5, -0.809017, -0.309017, 0.0, 0.809017, 0.309017, 0.5, 0.0, -0.309017, -0.5, 0.809017, 0.0, 0.0, 0.0, 0.0, 1.0 ], [ -0.309017, -0.5, 0.809017, 0.0, -0.5, 0.809017, 0.309017, 0.0, -0.809017, -0.309017, -0.5, 0.0, 0.0, 0.0, 0.0, 1.0 ], [ -0.5, -0.809017, -0.309017, 0.0, 0.809017, -0.309017, -0.5, 0.0, 0.309017, -0.5, 0.809017, 0.0, 0.0, 0.0, 0.0, 1.0 ], [ 0.309017, -0.5, 0.809017, 0.0, 0.5, 0.809017, 0.309017, 0.0, -0.809017, 0.309017, 0.5, 0.0, 0.0, 0.0, 0.0, 1.0 ], [ -0.809017, 0.309017, 0.5, 0.0, -0.309017, 0.5, -0.809017, 0.0, -0.5, -0.809017, -0.309017, 0.0, 0.0, 0.0, 0.0, 1.0 ], [ -0.5, -0.809017, 0.309017, 0.0, 0.809017, -0.309017, 0.5, 0.0, -0.309017, 0.5, 0.809017, 0.0, 0.0, 0.0, 0.0, 1.0 ], [ -0.309017, 0.5, 0.809017, 0.0, 0.5, 0.809017, -0.309017, 0.0, -0.809017, 0.309017, -0.5, 0.0, 0.0, 0.0, 0.0, 1.0 ], [ -0.809017, 0.309017, -0.5, 0.0, 0.309017, -0.5, -0.809017, 0.0, -0.5, -0.809017, 0.309017, 0.0, 0.0, 0.0, 0.0, 1.0 ], [ -0.809017, -0.309017, 0.5, 0.0, 0.309017, 0.5, 0.809017, 0.0, -0.5, 0.809017, -0.309017, 0.0, 0.0, 0.0, 0.0, 1.0 ], [ -0.5, 0.809017, -0.309017, 0.0, 0.809017, 0.309017, -0.5, 0.0, -0.309017, -0.5, -0.809017, 0.0, 0.0, 0.0, 0.0, 1.0 ], [ -0.309017, -0.5, -0.809017, 0.0, 0.5, -0.809017, 0.309017, 0.0, -0.809017, -0.309017, 0.5, 0.0, 0.0, 0.0, 0.0, 1.0 ] ],
  "lights" : {
    "directionalLights" : [ {
      "direction" : [ 1.0, -1.0, -1.0 ],
      "color" : "#EBEBE4"
    }, {
      "direction" : [ -1.0, 0.0, 0.0 ],
      "color" : "#E4E4EB"
    }, {
      "direction" : [ 0.0, 0.0, -1.0 ],
      "color" : "#1E1E1E"
    } ],
    "ambientColor" : "#292929",
    "backgroundColor" : "#AFC8DC"
  },
  "camera" : {
    "width" : 90.95561,
    "position" : {
      "x" : 0.0,
      "y" : 0.0,
      "z" : -202.12361
    },
    "lookAtPointRV" : {
      "x" : 0.0,
      "y" : 0.0,
      "z" : 0.0,
      "zero" : true
    },
    "perspective" : false,
    "upDirectionRV" : {
      "x" : -0.8506508,
      "y" : -0.5257311,
      "z" : 0.0,
      "zero" : false
    },
    "viewDistance" : 202.12361,
    "lookDirectionRV" : {
      "x" : 0.0,
      "y" : 0.0,
      "z" : 1.0,
      "zero" : false
    },
    "fieldOfView" : 0.44262883,
    "nearClipDistance" : 0.505309,
    "upDirection" : {
      "x" : -0.8506508,
      "y" : -0.5257311,
      "z" : 0.0
    },
    "lookAtPoint" : {
      "x" : 0.0,
      "y" : 0.0,
      "z" : 0.0
    },
    "farClipDistance" : 404.2471,
    "lookDirection" : {
      "x" : 0.0,
      "y" : 0.0,
      "z" : 1.0
    },
    "stereo" : false
  },
  "embedding" : [ 1.0, 0.0, 0.0, 0.0, 0.0, 1.0, 0.0, 0.0, 0.0, 0.0, 1.0, 0.0, 0.0, 0.0, 0.0, 1.0 ],
  "shapes" : [ {
    "id" : "75bd073a-5a22-45b7-9ba3-059e604c8905",
    "orbit" : "blue",
    "orbitC" : "[[0,0,1],[0,0,1]]",
    "length" : "[1,0,1]",
    "name" : "b1",
    "vertices" : [ {
      "x" : 7.472136,
      "y" : 0.309017,
      "z" : 0.19098301
    }, {
      "x" : 7.472136,
      "y" : 0.309017,
      "z" : -0.19098301
    }, {
      "x" : 1.0,
      "y" : 0.309017,
      "z" : -0.19098301
    }, {
      "x" : 1.0,
      "y" : 0.309017,
      "z" : 0.19098301
    }, {
      "x" : 7.472136,
      "y" : -0.309017,
      "z" : 0.19098301
    }, {
      "x" : 1.0,
      "y" : -0.309017,
      "z" : 0.19098301
    }, {
      "x" : 1.0,
      "y" : -0.309017,
      "z" : -0.19098301
    }, {
      "x" : 7.472136,
      "y" : -0.309017,
      "z" : -0.19098301
    }, {
      "x" : 8.472136,
      "y" : 0.0,
      "z" : 0.0
    } ],
    "faces" : [ {
      "vertices" : [ 1, 7, 6, 2 ]
    }, {
      "vertices" : [ 0, 1, 2, 3 ]
    }, {
      "vertices" : [ 4, 5, 6, 7 ]
    }, {
      "vertices" : [ 0, 3, 5, 4 ]
    } ]
  }, {
    "id" : "1de7a685-c107-43e9-9465-5aefe6f3d5b6",
    "name" : "ball",
    "vertices" : [ {
      "x" : 0.309017,
      "y" : -0.809017,
      "z" : 0.618034
    }, {
      "x" : 0.809017,
      "y" : -0.618034,
      "z" : 0.309017
    }, {
      "x" : 0.618034,
      "y" : -0.309017,
      "z" : 0.809017
    }, {
      "x" : 1.0,
      "y" : 0.309017,
      "z" : 0.19098301
    }, {
      "x" : 0.809017,
      "y" : 0.618034,
      "z" : 0.309017
    }, {
      "x" : 0.618034,
      "y" : 0.309017,
      "z" : 0.809017
    }, {
      "x" : 0.809017,
      "y" : 0.0,
      "z" : 0.690983
    }, {
      "x" : 0.19098301,
      "y" : -1.0,
      "z" : 0.309017
    }, {
      "x" : -0.19098301,
      "y" : -1.0,
      "z" : 0.309017
    }, {
      "x" : -0.19098301,
      "y" : -1.0,
      "z" : -0.309017
    }, {
      "x" : 0.19098301,
      "y" : -1.0,
      "z" : -0.309017
    }, {
      "x" : 1.0,
      "y" : -0.309017,
      "z" : -0.19098301
    }, {
      "x" : 0.809017,
      "y" : -0.618034,
      "z" : -0.309017
    }, {
      "x" : 0.618034,
      "y" : -0.309017,
      "z" : -0.809017
    }, {
      "x" : 0.809017,
      "y" : 0.0,
      "z" : -0.690983
    }, {
      "x" : 0.0,
      "y" : 0.690983,
      "z" : -0.809017
    }, {
      "x" : 0.309017,
      "y" : 0.809017,
      "z" : -0.618034
    }, {
      "x" : 0.618034,
      "y" : 0.309017,
      "z" : -0.809017
    }, {
      "x" : 0.309017,
      "y" : 0.19098301,
      "z" : -1.0
    }, {
      "x" : 1.0,
      "y" : 0.309017,
      "z" : -0.19098301
    }, {
      "x" : -0.309017,
      "y" : -0.809017,
      "z" : 0.618034
    }, {
      "x" : 0.0,
      "y" : -0.690983,
      "z" : 0.809017
    }, {
      "x" : 0.809017,
      "y" : 0.618034,
      "z" : -0.309017
    }, {
      "x" : 0.690983,
      "y" : 0.809017,
      "z" : 0.0
    }, {
      "x" : -0.690983,
      "y" : 0.809017,
      "z" : 0.0
    }, {
      "x" : -0.809017,
      "y" : 0.618034,
      "z" : 0.309017
    }, {
      "x" : -0.309017,
      "y" : 0.809017,
      "z" : 0.618034
    }, {
      "x" : -0.19098301,
      "y" : 1.0,
      "z" : 0.309017
    }, {
      "x" : 0.309017,
      "y" : -0.19098301,
      "z" : -1.0
    }, {
      "x" : 0.19098301,
      "y" : 1.0,
      "z" : 0.309017
    }, {
      "x" : 0.309017,
      "y" : 0.809017,
      "z" : 0.618034
    }, {
      "x" : -0.809017,
      "y" : -0.618034,
      "z" : 0.309017
    }, {
      "x" : -0.690983,
      "y" : -0.809017,
      "z" : 0.0
    }, {
      "x" : 0.0,
      "y" : 0.690983,
      "z" : 0.809017
    }, {
      "x" : 0.309017,
      "y" : -0.809017,
      "z" : -0.618034
    }, {
      "x" : 0.0,
      "y" : -0.690983,
      "z" : -0.809017
    }, {
      "x" : -1.0,
      "y" : 0.309017,
      "z" : 0.19098301
    }, {
      "x" : -0.809017,
      "y" : 0.0,
      "z" : 0.690983
    }, {
      "x" : -0.618034,
      "y" : 0.309017,
      "z" : 0.809017
    }, {
      "x" : 1.0,
      "y" : -0.309017,
      "z" : 0.19098301
    }, {
      "x" : -0.309017,
      "y" : -0.809017,
      "z" : -0.618034
    }, {
      "x" : -1.0,
      "y" : 0.309017,
      "z" : -0.19098301
    }, {
      "x" : -1.0,
      "y" : -0.309017,
      "z" : -0.19098301
    }, {
      "x" : -1.0,
      "y" : -0.309017,
      "z" : 0.19098301
    }, {
      "x" : 0.19098301,
      "y" : 1.0,
      "z" : -0.309017
    }, {
      "x" : -0.809017,
      "y" : 0.618034,
      "z" : -0.309017
    }, {
      "x" : -0.19098301,
      "y" : 1.0,
      "z" : -0.309017
    }, {
      "x" : -0.309017,
      "y" : 0.809017,
      "z" : -0.618034
    }, {
      "x" : -0.618034,
      "y" : -0.309017,
      "z" : 0.809017
    }, {
      "x" : 0.309017,
      "y" : 0.19098301,
      "z" : 1.0
    }, {
      "x" : -0.309017,
      "y" : 0.19098301,
      "z" : -1.0
    }, {
      "x" : -0.309017,
      "y" : 0.19098301,
      "z" : 1.0
    }, {
      "x" : -0.309017,
      "y" : -0.19098301,
      "z" : 1.0
    }, {
      "x" : 0.309017,
      "y" : -0.19098301,
      "z" : 1.0
    }, {
      "x" : 0.690983,
      "y" : -0.809017,
      "z" : 0.0
    }, {
      "x" : -0.809017,
      "y" : 0.0,
      "z" : -0.690983
    }, {
      "x" : -0.618034,
      "y" : -0.309017,
      "z" : -0.809017
    }, {
      "x" : -0.309017,
      "y" : -0.19098301,
      "z" : -1.0
    }, {
      "x" : -0.618034,
      "y" : 0.309017,
      "z" : -0.809017
    }, {
      "x" : -0.809017,
      "y" : -0.618034,
      "z" : -0.309017
    } ],
    "faces" : [ {
      "vertices" : [ 9, 40, 35, 34, 10 ]
    }, {
      "vertices" : [ 0, 1, 2 ]
    }, {
      "vertices" : [ 33, 51, 49 ]
    }, {
      "vertices" : [ 25, 36, 37, 38 ]
    }, {
      "vertices" : [ 41, 55, 42 ]
    }, {
      "vertices" : [ 9, 32, 59, 40 ]
    }, {
      "vertices" : [ 20, 21, 52, 48 ]
    }, {
      "vertices" : [ 26, 33, 30, 29, 27 ]
    }, {
      "vertices" : [ 3, 4, 5, 6 ]
    }, {
      "vertices" : [ 27, 29, 44, 46 ]
    }, {
      "vertices" : [ 50, 57, 56, 55, 58 ]
    }, {
      "vertices" : [ 26, 38, 51, 33 ]
    }, {
      "vertices" : [ 45, 47, 58 ]
    }, {
      "vertices" : [ 18, 28, 57, 50 ]
    }, {
      "vertices" : [ 40, 59, 56 ]
    }, {
      "vertices" : [ 31, 48, 37, 43 ]
    }, {
      "vertices" : [ 7, 8, 9, 10 ]
    }, {
      "vertices" : [ 36, 41, 42, 43 ]
    }, {
      "vertices" : [ 24, 46, 47, 45 ]
    }, {
      "vertices" : [ 4, 30, 5 ]
    }, {
      "vertices" : [ 15, 47, 46, 44, 16 ]
    }, {
      "vertices" : [ 15, 50, 58, 47 ]
    }, {
      "vertices" : [ 24, 45, 41, 36, 25 ]
    }, {
      "vertices" : [ 11, 14, 19 ]
    }, {
      "vertices" : [ 3, 6, 39 ]
    }, {
      "vertices" : [ 1, 39, 6, 2 ]
    }, {
      "vertices" : [ 8, 32, 9 ]
    }, {
      "vertices" : [ 11, 12, 13, 14 ]
    }, {
      "vertices" : [ 16, 22, 17 ]
    }, {
      "vertices" : [ 0, 21, 20, 8, 7 ]
    }, {
      "vertices" : [ 12, 34, 13 ]
    }, {
      "vertices" : [ 35, 40, 56, 57 ]
    }, {
      "vertices" : [ 0, 7, 54, 1 ]
    }, {
      "vertices" : [ 15, 16, 17, 18 ]
    }, {
      "vertices" : [ 3, 19, 22, 23, 4 ]
    }, {
      "vertices" : [ 7, 10, 54 ]
    }, {
      "vertices" : [ 41, 45, 58, 55 ]
    }, {
      "vertices" : [ 3, 39, 11, 19 ]
    }, {
      "vertices" : [ 14, 17, 22, 19 ]
    }, {
      "vertices" : [ 0, 2, 53, 21 ]
    }, {
      "vertices" : [ 49, 51, 52, 53 ]
    }, {
      "vertices" : [ 31, 43, 42, 59, 32 ]
    }, {
      "vertices" : [ 15, 18, 50 ]
    }, {
      "vertices" : [ 42, 55, 56, 59 ]
    }, {
      "vertices" : [ 4, 23, 29, 30 ]
    }, {
      "vertices" : [ 25, 38, 26 ]
    }, {
      "vertices" : [ 13, 28, 18, 17, 14 ]
    }, {
      "vertices" : [ 8, 20, 31, 32 ]
    }, {
      "vertices" : [ 23, 44, 29 ]
    }, {
      "vertices" : [ 24, 27, 46 ]
    }, {
      "vertices" : [ 37, 48, 52, 51, 38 ]
    }, {
      "vertices" : [ 20, 48, 31 ]
    }, {
      "vertices" : [ 24, 25, 26, 27 ]
    }, {
      "vertices" : [ 16, 44, 23, 22 ]
    }, {
      "vertices" : [ 13, 34, 35, 28 ]
    }, {
      "vertices" : [ 10, 34, 12, 54 ]
    }, {
      "vertices" : [ 2, 6, 5, 49, 53 ]
    }, {
      "vertices" : [ 36, 43, 37 ]
    }, {
      "vertices" : [ 5, 30, 33, 49 ]
    }, {
      "vertices" : [ 1, 54, 12, 11, 39 ]
    }, {
      "vertices" : [ 28, 35, 57 ]
    }, {
      "vertices" : [ 21, 53, 52 ]
    } ]
  }, {
    "id" : "6d2cdf16-d088-483c-9a4f-12e8778f7ce7",
    "vertices" : [ {
      "x" : 0.0,
      "y" : 0.0,
      "z" : 0.0
    }, {
      "x" : -2.618034,
      "y" : 4.236068,
      "z" : 6.854102
    }, {
      "x" : 5.4068885,
      "y" : 4.959675,
      "z" : 4.236068
    } ],
    "faces" : [ {
      "vertices" : [ 0, 1, 2 ]
    }, {
      "vertices" : [ 0, 2, 1 ]
    } ]
  }, {
    "id" : "50737cdd-3a9e-4a72-a621-b0fe3a54ed34",
    "vertices" : [ {
      "x" : 0.0,
      "y" : 0.0,
      "z" : 0.0
    }, {
      "x" : 2.618034,
      "y" : -4.236068,
      "z" : -6.854102
    }, {
      "x" : 0.0,
      "y" : 0.0,
      "z" : -13.708204
    }, {
      "x" : -4.236068,
      "y" : 6.854102,
      "z" : -11.09017
    }, {
      "x" : -4.236068,
      "y" : 6.854102,
      "z" : -2.618034
    } ],
    "faces" : [ {
      "vertices" : [ 0, 1, 2, 3, 4 ]
    }, {
      "vertices" : [ 0, 4, 3, 2, 1 ]
    } ]
  }, {
    "id" : "d67572c3-a48c-488d-9305-597d6b3a286e",
    "vertices" : [ {
      "x" : 0.0,
      "y" : 0.0,
      "z" : 0.0
    }, {
      "x" : 0.0,
      "y" : 8.472136,
      "z" : 0.0
    }, {
      "x" : 2.618034,
      "y" : 4.236068,
      "z" : 6.854102
    } ],
    "faces" : [ {
      "vertices" : [ 0, 1, 2 ]
    }, {
      "vertices" : [ 0, 2, 1 ]
    } ]
  }, {
    "id" : "8e63edac-0893-4e79-b596-9a91f8f764d6",
    "vertices" : [ {
      "x" : 0.0,
      "y" : 0.0,
      "z" : 0.0
    }, {
      "x" : 0.0,
      "y" : 0.0,
      "z" : 8.472136
    }, {
      "x" : 4.236068,
      "y" : -6.854102,
      "z" : 11.09017
    }, {
      "x" : 6.854102,
      "y" : -11.09017,
      "z" : 4.236068
    }, {
      "x" : 4.236068,
      "y" : -6.854102,
      "z" : -2.618034
    } ],
    "faces" : [ {
      "vertices" : [ 0, 1, 2, 3, 4 ]
    }, {
      "vertices" : [ 0, 4, 3, 2, 1 ]
    } ]
  }, {
    "id" : "1df35ea1-5189-41d7-95d0-d6e2dfd814c5",
    "orbit" : "4",
    "orbitC" : "[[1,0,2],[0,0,1]]",
    "length" : "[1,0,1]",
    "name" : "short",
    "vertices" : [ {
      "x" : 4.3632493,
      "y" : 0.5448013,
      "z" : -6.372922
    }, {
      "x" : 4.463249,
      "y" : 0.14480127,
      "z" : -6.4729223
    }, {
      "x" : 0.5964254,
      "y" : -0.097587675,
      "z" : -0.4811798
    }, {
      "x" : 0.49642542,
      "y" : 0.30241233,
      "z" : -0.3811798
    }, {
      "x" : 4.7632494,
      "y" : 0.2781346,
      "z" : -6.2395887
    }, {
      "x" : 4.6632495,
      "y" : 0.6781346,
      "z" : -6.139589
    }, {
      "x" : 0.19642544,
      "y" : 0.16907899,
      "z" : -0.61451316
    }, {
      "x" : 0.29642543,
      "y" : -0.230921,
      "z" : -0.7145131
    } ],
    "faces" : [ {
      "vertices" : [ 2, 3, 6, 7 ]
    }, {
      "vertices" : [ 0, 5, 4, 1 ]
    }, {
      "vertices" : [ 2, 4, 5, 3 ]
    }, {
      "vertices" : [ 0, 6, 3, 5 ]
    }, {
      "vertices" : [ 0, 1, 7, 6 ]
    }, {
      "vertices" : [ 1, 4, 2, 7 ]
    } ]
  }, {
    "id" : "532c526b-ca34-46ba-b996-cba5429a15e4",
    "vertices" : [ {
      "x" : 0.0,
      "y" : 0.0,
      "z" : 0.0
    }, {
      "x" : 4.959675,
      "y" : 0.4472136,
      "z" : -6.854102
    }, {
      "x" : 0.7236068,
      "y" : 7.301316,
      "z" : -4.236068
    } ],
    "faces" : [ {
      "vertices" : [ 0, 1, 2 ]
    }, {
      "vertices" : [ 0, 2, 1 ]
    } ]
  }, {
    "id" : "64429e29-9d6e-404b-b79b-7f02d7bb4aa9",
    "vertices" : [ {
      "x" : 0.0,
      "y" : 0.0,
      "z" : 0.0
    }, {
      "x" : 0.0,
      "y" : -8.472136,
      "z" : 0.0
    }, {
      "x" : 0.0,
      "y" : -8.472136,
      "z" : -8.472136
    }, {
      "x" : 0.0,
      "y" : 0.0,
      "z" : -8.472136
    } ],
    "faces" : [ {
      "vertices" : [ 0, 1, 2, 3 ]
    }, {
      "vertices" : [ 0, 3, 2, 1 ]
    } ]
  }, {
    "id" : "64dd8470-4aaf-4eb3-9182-c34f3e6c0b52",
    "orbit" : "1",
    "orbitC" : "[[-8,5,1],[-11,7,1]]",
    "length" : "[1,1,2]",
    "name" : " :1/2 +1/2*phi",
    "vertices" : [ {
      "x" : 5.0443144,
      "y" : 4.365937,
      "z" : -4.033109
    }, {
      "x" : 5.1443143,
      "y" : 4.465937,
      "z" : -3.6331093
    }, {
      "x" : 0.36257407,
      "y" : 0.5937375,
      "z" : -0.20295861
    }, {
      "x" : 0.26257408,
      "y" : 0.49373746,
      "z" : -0.6029586
    }, {
      "x" : 4.910981,
      "y" : 4.7659373,
      "z" : -3.7664428
    }, {
      "x" : 4.810981,
      "y" : 4.6659374,
      "z" : -4.166443
    }, {
      "x" : 0.49590743,
      "y" : 0.19373746,
      "z" : -0.46962526
    }, {
      "x" : 0.5959074,
      "y" : 0.29373747,
      "z" : -0.06962527
    } ],
    "faces" : [ {
      "vertices" : [ 2, 3, 6, 7 ]
    }, {
      "vertices" : [ 0, 5, 4, 1 ]
    }, {
      "vertices" : [ 2, 4, 5, 3 ]
    }, {
      "vertices" : [ 0, 6, 3, 5 ]
    }, {
      "vertices" : [ 0, 1, 7, 6 ]
    }, {
      "vertices" : [ 1, 4, 2, 7 ]
    } ]
  }, {
    "id" : "48dd4920-a7be-4e7e-9c1c-341d673025bb",
    "vertices" : [ {
      "x" : 0.0,
      "y" : 0.0,
      "z" : 0.0
    }, {
      "x" : 2.618034,
      "y" : -4.236068,
      "z" : 6.854102
    }, {
      "x" : 0.0,
      "y" : -8.472136,
      "z" : 0.0
    } ],
    "faces" : [ {
      "vertices" : [ 0, 1, 2 ]
    }, {
      "vertices" : [ 0, 2, 1 ]
    } ]
  }, {
    "id" : "861f8130-cd0e-4798-a363-8f39017592ac",
    "vertices" : [ {
      "x" : 0.0,
      "y" : 0.0,
      "z" : 0.0
    }, {
      "x" : -2.618034,
      "y" : -4.236068,
      "z" : -6.854102
    }, {
      "x" : -2.618034,
      "y" : 4.236068,
      "z" : -6.854102
    } ],
    "faces" : [ {
      "vertices" : [ 0, 1, 2 ]
    }, {
      "vertices" : [ 0, 2, 1 ]
    } ]
  }, {
    "id" : "16affde9-cf64-4eaf-bfab-e8024da731c5",
    "vertices" : [ {
      "x" : 0.0,
      "y" : 0.0,
      "z" : 0.0
    }, {
      "x" : -4.959675,
      "y" : -0.4472136,
      "z" : -6.854102
    }, {
      "x" : -12.984597,
      "y" : -1.1708204,
      "z" : -4.236068
    }, {
      "x" : -12.984597,
      "y" : -1.1708204,
      "z" : 4.236068
    }, {
      "x" : -4.959675,
      "y" : -0.4472136,
      "z" : 6.854102
    } ],
    "faces" : [ {
      "vertices" : [ 0, 1, 2, 3, 4 ]
    }, {
      "vertices" : [ 0, 4, 3, 2, 1 ]
    } ]
  }, {
    "id" : "5c6814c9-25ba-4a1b-aab1-1ed4f696f568",
    "vertices" : [ {
      "x" : 0.0,
      "y" : 0.0,
      "z" : 0.0
    }, {
      "x" : 0.0,
      "y" : 0.0,
      "z" : -8.472136
    }, {
      "x" : 0.0,
      "y" : 8.472136,
      "z" : -8.472136
    }, {
      "x" : 0.0,
      "y" : 8.472136,
      "z" : 0.0
    } ],
    "faces" : [ {
      "vertices" : [ 0, 1, 2, 3 ]
    }, {
      "vertices" : [ 0, 3, 2, 1 ]
    } ]
  }, {
    "id" : "a8017faa-b6a0-48ff-9880-b914d7ccdd61",
    "vertices" : [ {
      "x" : 0.0,
      "y" : 0.0,
      "z" : 0.0
    }, {
      "x" : -2.618034,
      "y" : 4.236068,
      "z" : -6.854102
    }, {
      "x" : -6.854102,
      "y" : 11.09017,
      "z" : -4.236068
    }, {
      "x" : -6.854102,
      "y" : 11.09017,
      "z" : 4.236068
    }, {
      "x" : -2.618034,
      "y" : 4.236068,
      "z" : 6.854102
    } ],
    "faces" : [ {
      "vertices" : [ 0, 1, 2, 3, 4 ]
    }, {
      "vertices" : [ 0, 4, 3, 2, 1 ]
    } ]
  }, {
    "id" : "d1c25a13-32b8-49bc-8467-a57f32421da1",
    "vertices" : [ {
      "x" : 0.0,
      "y" : 0.0,
      "z" : 0.0
    }, {
      "x" : -0.7236068,
      "y" : -7.301316,
      "z" : 4.236068
    }, {
      "x" : 4.236068,
      "y" : -6.854102,
      "z" : -2.618034
    } ],
    "faces" : [ {
      "vertices" : [ 0, 1, 2 ]
    }, {
      "vertices" : [ 0, 2, 1 ]
    } ]
  }, {
    "id" : "e32a8762-c2b8-4b99-be01-856b5aaf1aeb",
    "vertices" : [ {
      "x" : 0.0,
      "y" : 0.0,
      "z" : 0.0
    }, {
      "x" : 4.959675,
      "y" : 0.4472136,
      "z" : 6.854102
    }, {
      "x" : 9.195743,
      "y" : -6.4068885,
      "z" : 4.236068
    }, {
      "x" : 4.236068,
      "y" : -6.854102,
      "z" : -2.618034
    } ],
    "faces" : [ {
      "vertices" : [ 0, 1, 2, 3 ]
    }, {
      "vertices" : [ 0, 3, 2, 1 ]
    } ]
  }, {
    "id" : "ba16d752-a182-4fa7-87a4-e819a1e6be07",
    "vertices" : [ {
      "x" : 0.0,
      "y" : 0.0,
      "z" : 0.0
    }, {
      "x" : -8.024922,
      "y" : -0.7236068,
      "z" : 2.618034
    }, {
      "x" : -8.024922,
      "y" : -0.7236068,
      "z" : 11.09017
    }, {
      "x" : 0.0,
      "y" : 0.0,
      "z" : 13.708204
    }, {
      "x" : 4.959675,
      "y" : 0.4472136,
      "z" : 6.854102
    } ],
    "faces" : [ {
      "vertices" : [ 0, 1, 2, 3, 4 ]
    }, {
      "vertices" : [ 0, 4, 3, 2, 1 ]
    } ]
  }, {
    "id" : "19bfaef9-c4cc-4905-86a7-25f7d4767930",
    "vertices" : [ {
      "x" : 0.0,
      "y" : 0.0,
      "z" : 0.0
    }, {
      "x" : -5.4068885,
      "y" : -4.959675,
      "z" : -4.236068
    }, {
      "x" : -8.024922,
      "y" : -0.7236068,
      "z" : 2.618034
    } ],
    "faces" : [ {
      "vertices" : [ 0, 1, 2 ]
    }, {
      "vertices" : [ 0, 2, 1 ]
    } ]
  }, {
    "id" : "89b40ddf-b67f-4c44-9e13-e8c8183c7417",
    "vertices" : [ {
      "x" : 0.0,
      "y" : 0.0,
      "z" : 0.0
    }, {
      "x" : 0.0,
      "y" : 8.472136,
      "z" : 0.0
    }, {
      "x" : 0.0,
      "y" : 8.472136,
      "z" : 8.472136
    }, {
      "x" : 0.0,
      "y" : 0.0,
      "z" : 8.472136
    } ],
    "faces" : [ {
      "vertices" : [ 0, 1, 2, 3 ]
    }, {
      "vertices" : [ 0, 3, 2, 1 ]
    } ]
  }, {
    "id" : "2a510554-5c99-4ef2-9269-86e5400a4ff0",
    "vertices" : [ {
      "x" : 0.0,
      "y" : 0.0,
      "z" : 0.0
    }, {
      "x" : 4.236068,
      "y" : -6.854102,
      "z" : 2.618034
    }, {
      "x" : 6.854102,
      "y" : -11.09017,
      "z" : -4.236068
    }, {
      "x" : 4.236068,
      "y" : -6.854102,
      "z" : -11.09017
    }, {
      "x" : 0.0,
      "y" : 0.0,
      "z" : -8.472136
    } ],
    "faces" : [ {
      "vertices" : [ 0, 1, 2, 3, 4 ]
    }, {
      "vertices" : [ 0, 4, 3, 2, 1 ]
    } ]
  }, {
    "id" : "84df4f78-7e96-4136-8b45-5e70a45ec19d",
    "vertices" : [ {
      "x" : 0.0,
      "y" : 0.0,
      "z" : 0.0
    }, {
      "x" : -4.236068,
      "y" : 6.854102,
      "z" : -2.618034
    }, {
      "x" : -6.854102,
      "y" : 11.09017,
      "z" : 4.236068
    }, {
      "x" : -4.236068,
      "y" : 6.854102,
      "z" : 11.09017
    }, {
      "x" : 0.0,
      "y" : 0.0,
      "z" : 8.472136
    } ],
    "faces" : [ {
      "vertices" : [ 0, 1, 2, 3, 4 ]
    }, {
      "vertices" : [ 0, 4, 3, 2, 1 ]
    } ]
  } ],
  "instances" : [ {
    "shape" : "75bd073a-5a22-45b7-9ba3-059e604c8905",
    "color" : "#008EC2",
    "position" : {
      "x" : 3.0652475,
      "y" : -4.959675,
      "z" : -4.236068
    },
    "orientation" : 54
  }, {
    "shape" : "1de7a685-c107-43e9-9465-5aefe6f3d5b6",
    "color" : "#F2F2F2",
    "position" : {
      "x" : 4.959675,
      "y" : 5.6832814,
      "z" : -6.854102
    }
  }, {
    "shape" : "75bd073a-5a22-45b7-9ba3-059e604c8905",
    "color" : "#008EC2",
    "position" : {
      "x" : 3.0652475,
      "y" : -4.959675,
      "z" : -4.236068
    },
    "orientation" : 8
  }, {
    "shape" : "6d2cdf16-d088-483c-9a4f-12e8778f7ce7",
    "color" : "#FF0000",
    "position" : {
      "x" : -9.91935,
      "y" : -6.130495,
      "z" : 13.708204
    },
    "orientation" : 6
  }, {
    "shape" : "75bd073a-5a22-45b7-9ba3-059e604c8905",
    "color" : "#008EC2",
    "position" : {
      "x" : -7.301316,
      "y" : -1.8944272,
      "z" : 6.854102
    },
    "orientation" : 24
  }, {
    "shape" : "75bd073a-5a22-45b7-9ba3-059e604c8905",
    "color" : "#008EC2",
    "position" : {
      "x" : -3.0652475,
      "y" : -8.748529,
      "z" : -4.236068
    },
    "orientation" : 54
  }, {
    "shape" : "75bd073a-5a22-45b7-9ba3-059e604c8905",
    "color" : "#008EC2",
    "position" : {
      "x" : -1.1708204,
      "y" : 10.366563,
      "z" : 6.854102
    },
    "orientation" : 6
  }, {
    "shape" : "75bd073a-5a22-45b7-9ba3-059e604c8905",
    "color" : "#008EC2",
    "position" : {
      "x" : -16.77345,
      "y" : 4.959675,
      "z" : 4.236068
    },
    "orientation" : 26
  }, {
    "shape" : "50737cdd-3a9e-4a72-a621-b0fe3a54ed34",
    "color" : "#800080",
    "position" : {
      "x" : 16.77345,
      "y" : -4.959675,
      "z" : -4.236068
    },
    "orientation" : 16
  }, {
    "shape" : "d67572c3-a48c-488d-9305-597d6b3a286e",
    "color" : "#800080",
    "position" : {
      "x" : -3.7888544,
      "y" : 6.130495,
      "z" : 0.0
    },
    "orientation" : 38
  }, {
    "shape" : "75bd073a-5a22-45b7-9ba3-059e604c8905",
    "color" : "#008EC2",
    "position" : {
      "x" : 3.0652475,
      "y" : 17.220665,
      "z" : -4.236068
    },
    "orientation" : 25
  }, {
    "shape" : "8e63edac-0893-4e79-b596-9a91f8f764d6",
    "color" : "#800080",
    "position" : {
      "x" : 14.155417,
      "y" : -0.7236068,
      "z" : 11.09017
    },
    "orientation" : 31
  }, {
    "shape" : "1de7a685-c107-43e9-9465-5aefe6f3d5b6",
    "color" : "#F2F2F2",
    "position" : {
      "x" : 2.3416407,
      "y" : -12.26099,
      "z" : 0.0
    }
  }, {
    "shape" : "75bd073a-5a22-45b7-9ba3-059e604c8905",
    "color" : "#008EC2",
    "position" : {
      "x" : 16.77345,
      "y" : -4.959675,
      "z" : -4.236068
    },
    "orientation" : 2
  }, {
    "shape" : "75bd073a-5a22-45b7-9ba3-059e604c8905",
    "color" : "#008EC2",
    "position" : {
      "x" : -7.301316,
      "y" : -1.8944272,
      "z" : -6.854102
    },
    "orientation" : 7
  }, {
    "shape" : "1de7a685-c107-43e9-9465-5aefe6f3d5b6",
    "color" : "#F2F2F2",
    "position" : {
      "x" : -3.0652475,
      "y" : -17.220665,
      "z" : 4.236068
    }
  }, {
    "shape" : "75bd073a-5a22-45b7-9ba3-059e604c8905",
    "color" : "#008EC2",
    "position" : {
      "x" : 5.6832814,
      "y" : -0.7236068,
      "z" : -11.09017
    },
    "orientation" : 6
  }, {
    "shape" : "1df35ea1-5189-41d7-95d0-d6e2dfd814c5",
    "color" : "#B8860B",
    "position" : {
      "x" : 2.3416407,
      "y" : -12.26099,
      "z" : 0.0
    },
    "orientation" : 6
  }, {
    "shape" : "1de7a685-c107-43e9-9465-5aefe6f3d5b6",
    "color" : "#F2F2F2",
    "position" : {
      "x" : 5.6832814,
      "y" : -0.7236068,
      "z" : 11.09017
    }
  }, {
    "shape" : "532c526b-ca34-46ba-b996-cba5429a15e4",
    "color" : "#0000FF",
    "position" : {
      "x" : 2.3416407,
      "y" : 9.91935,
      "z" : 0.0
    },
    "orientation" : 3
  }, {
    "shape" : "64429e29-9d6e-404b-b79b-7f02d7bb4aa9",
    "color" : "#FF69B4",
    "position" : {
      "x" : -3.0652475,
      "y" : -8.748529,
      "z" : -4.236068
    },
    "orientation" : 45
  }, {
    "shape" : "64dd8470-4aaf-4eb3-9182-c34f3e6c0b52",
    "color" : "#B0E0E6",
    "position" : {
      "x" : -16.77345,
      "y" : 4.959675,
      "z" : 4.236068
    },
    "orientation" : 9
  }, {
    "shape" : "75bd073a-5a22-45b7-9ba3-059e604c8905",
    "color" : "#008EC2",
    "position" : {
      "x" : 14.155417,
      "y" : -0.7236068,
      "z" : -11.09017
    },
    "orientation" : 54
  }, {
    "shape" : "48dd4920-a7be-4e7e-9c1c-341d673025bb",
    "color" : "#800080",
    "position" : {
      "x" : 5.6832814,
      "y" : -0.7236068,
      "z" : -11.09017
    },
    "orientation" : 19
  }, {
    "shape" : "75bd073a-5a22-45b7-9ba3-059e604c8905",
    "color" : "#008EC2",
    "position" : {
      "x" : -16.77345,
      "y" : 4.959675,
      "z" : 4.236068
    },
    "orientation" : 37
  }, {
    "shape" : "75bd073a-5a22-45b7-9ba3-059e604c8905",
    "color" : "#008EC2",
    "position" : {
      "x" : -1.1708204,
      "y" : 10.366563,
      "z" : -6.854102
    },
    "orientation" : 40
  }, {
    "shape" : "861f8130-cd0e-4798-a363-8f39017592ac",
    "color" : "#FF69B4",
    "position" : {
      "x" : -9.91935,
      "y" : 2.3416407,
      "z" : 0.0
    },
    "orientation" : 16
  }, {
    "shape" : "1de7a685-c107-43e9-9465-5aefe6f3d5b6",
    "color" : "#F2F2F2",
    "position" : {
      "x" : -1.1708204,
      "y" : 10.366563,
      "z" : 6.854102
    }
  }, {
    "shape" : "75bd073a-5a22-45b7-9ba3-059e604c8905",
    "color" : "#008EC2",
    "position" : {
      "x" : -1.1708204,
      "y" : 10.366563,
      "z" : -6.854102
    },
    "orientation" : 16
  }, {
    "shape" : "1de7a685-c107-43e9-9465-5aefe6f3d5b6",
    "color" : "#F2F2F2",
    "position" : {
      "x" : 5.6832814,
      "y" : -0.7236068,
      "z" : -11.09017
    }
  }, {
    "shape" : "75bd073a-5a22-45b7-9ba3-059e604c8905",
    "color" : "#008EC2",
    "position" : {
      "x" : -9.91935,
      "y" : -6.130495,
      "z" : -13.708204
    },
    "orientation" : 10
  }, {
    "shape" : "75bd073a-5a22-45b7-9ba3-059e604c8905",
    "color" : "#008EC2",
    "position" : {
      "x" : 3.0652475,
      "y" : -4.959675,
      "z" : 4.236068
    },
    "orientation" : 47
  }, {
    "shape" : "1df35ea1-5189-41d7-95d0-d6e2dfd814c5",
    "color" : "#B8860B",
    "position" : {
      "x" : -1.8944272,
      "y" : -5.4068885,
      "z" : -11.09017
    },
    "orientation" : 9
  }, {
    "shape" : "1df35ea1-5189-41d7-95d0-d6e2dfd814c5",
    "color" : "#B8860B",
    "position" : {
      "x" : 4.959675,
      "y" : 5.6832814,
      "z" : -6.854102
    },
    "orientation" : 0
  }, {
    "shape" : "75bd073a-5a22-45b7-9ba3-059e604c8905",
    "color" : "#008EC2",
    "position" : {
      "x" : 3.0652475,
      "y" : -4.959675,
      "z" : 4.236068
    },
    "orientation" : 51
  }, {
    "shape" : "16affde9-cf64-4eaf-bfab-e8024da731c5",
    "color" : "#FF0000",
    "position" : {
      "x" : -1.1708204,
      "y" : 1.8944272,
      "z" : -6.854102
    },
    "orientation" : 12
  }, {
    "shape" : "1df35ea1-5189-41d7-95d0-d6e2dfd814c5",
    "color" : "#B8860B",
    "position" : {
      "x" : -1.1708204,
      "y" : 1.8944272,
      "z" : -6.854102
    },
    "orientation" : 42
  }, {
    "shape" : "1de7a685-c107-43e9-9465-5aefe6f3d5b6",
    "color" : "#F2F2F2",
    "position" : {
      "x" : -3.7888544,
      "y" : 6.130495,
      "z" : 0.0
    }
  }, {
    "shape" : "1de7a685-c107-43e9-9465-5aefe6f3d5b6",
    "color" : "#F2F2F2",
    "position" : {
      "x" : 2.3416407,
      "y" : 9.91935,
      "z" : 0.0
    }
  }, {
    "shape" : "75bd073a-5a22-45b7-9ba3-059e604c8905",
    "color" : "#008EC2",
    "position" : {
      "x" : 9.91935,
      "y" : -7.5777087,
      "z" : 0.0
    },
    "orientation" : 23
  }, {
    "shape" : "75bd073a-5a22-45b7-9ba3-059e604c8905",
    "color" : "#008EC2",
    "position" : {
      "x" : 14.155417,
      "y" : -0.7236068,
      "z" : 11.09017
    },
    "orientation" : 25
  }, {
    "shape" : "75bd073a-5a22-45b7-9ba3-059e604c8905",
    "color" : "#008EC2",
    "position" : {
      "x" : 16.77345,
      "y" : -4.959675,
      "z" : -4.236068
    },
    "orientation" : 55
  }, {
    "shape" : "5c6814c9-25ba-4a1b-aab1-1ed4f696f568",
    "color" : "#FF69B4",
    "position" : {
      "x" : -9.91935,
      "y" : 2.3416407,
      "z" : 0.0
    },
    "orientation" : 36
  }, {
    "shape" : "64dd8470-4aaf-4eb3-9182-c34f3e6c0b52",
    "color" : "#B0E0E6",
    "position" : {
      "x" : -8.748529,
      "y" : 5.6832814,
      "z" : -6.854102
    },
    "orientation" : 30
  }, {
    "shape" : "a8017faa-b6a0-48ff-9880-b914d7ccdd61",
    "color" : "#800080",
    "position" : {
      "x" : 9.91935,
      "y" : 6.130495,
      "z" : -13.708204
    },
    "orientation" : 47
  }, {
    "shape" : "d1c25a13-32b8-49bc-8467-a57f32421da1",
    "color" : "#FF0000",
    "position" : {
      "x" : 3.0652475,
      "y" : -4.959675,
      "z" : -4.236068
    },
    "orientation" : 6
  }, {
    "shape" : "e32a8762-c2b8-4b99-be01-856b5aaf1aeb",
    "color" : "#0000FF",
    "position" : {
      "x" : 9.195743,
      "y" : -1.1708204,
      "z" : 4.236068
    },
    "orientation" : 3
  }, {
    "shape" : "532c526b-ca34-46ba-b996-cba5429a15e4",
    "color" : "#0000FF",
    "position" : {
      "x" : 4.959675,
      "y" : 5.6832814,
      "z" : 6.854102
    },
    "orientation" : 6
  }, {
    "shape" : "1de7a685-c107-43e9-9465-5aefe6f3d5b6",
    "color" : "#F2F2F2",
    "position" : {
      "x" : -16.77345,
      "y" : 4.959675,
      "z" : 4.236068
    }
  }, {
    "shape" : "d67572c3-a48c-488d-9305-597d6b3a286e",
    "color" : "#800080",
    "position" : {
      "x" : 5.6832814,
      "y" : 12.984597,
      "z" : -11.09017
    },
    "orientation" : 54
  }, {
    "shape" : "75bd073a-5a22-45b7-9ba3-059e604c8905",
    "color" : "#008EC2",
    "position" : {
      "x" : -1.1708204,
      "y" : 1.8944272,
      "z" : -6.854102
    },
    "orientation" : 7
  }, {
    "shape" : "64dd8470-4aaf-4eb3-9182-c34f3e6c0b52",
    "color" : "#B0E0E6",
    "position" : {
      "x" : -14.155417,
      "y" : 0.7236068,
      "z" : 11.09017
    },
    "orientation" : 0
  }, {
    "shape" : "75bd073a-5a22-45b7-9ba3-059e604c8905",
    "color" : "#008EC2",
    "position" : {
      "x" : -7.301316,
      "y" : -1.8944272,
      "z" : 6.854102
    },
    "orientation" : 40
  }, {
    "shape" : "1de7a685-c107-43e9-9465-5aefe6f3d5b6",
    "color" : "#F2F2F2",
    "position" : {
      "x" : -5.6832814,
      "y" : -12.984597,
      "z" : 11.09017
    }
  }, {
    "shape" : "861f8130-cd0e-4798-a363-8f39017592ac",
    "color" : "#FF69B4",
    "position" : {
      "x" : -9.91935,
      "y" : -6.130495,
      "z" : -13.708204
    },
    "orientation" : 39
  }, {
    "shape" : "ba16d752-a182-4fa7-87a4-e819a1e6be07",
    "color" : "#FF0000",
    "position" : {
      "x" : 2.3416407,
      "y" : -12.26099,
      "z" : 0.0
    },
    "orientation" : 9
  }, {
    "shape" : "75bd073a-5a22-45b7-9ba3-059e604c8905",
    "color" : "#008EC2",
    "position" : {
      "x" : -5.6832814,
      "y" : -12.984597,
      "z" : -11.09017
    },
    "orientation" : 10
  }, {
    "shape" : "1de7a685-c107-43e9-9465-5aefe6f3d5b6",
    "color" : "#F2F2F2",
    "position" : {
      "x" : 4.959675,
      "y" : 5.6832814,
      "z" : 6.854102
    }
  }, {
