{
  "field" : "golden",
  "symmetry" : "icosahedral",
  "orientations" : [ [ 1.0, 0.0, 0.0, 0.0, 0.0, 1.0, 0.0, 0.0, 0.0, 0.0, 1.0, 0.0, 0.0, 0.0, 0.0, 1.0 ], [ 0.0, 0.0, 1.0, 0.0, 1.0, 0.0, 0.0, 0.0, 0.0, 1.0, 0.0, 0.0, 0.0, 0.0, 0.0, 1.0 ], [ 0.0, 1.0, 0.0, 0.0, 0.0, 0.0, 1.0, 0.0, 1.0, 0.0, 0.0, 0.0, 0.0, 0.0, 0.0, 1.0 ], [ 0.809017, 0.309017, 0.5, 0.0, 0.309017, 0.5, -0.809017, 0.0, -0.5, 0.809017, 0.309017, 0.0, 0.0, 0.0, 0.0, 1.0 ], [ -0.5, 0.809017, 0.309017, 0.0, 0.809017, 0.309017, 0.5, 0.0, 0.309017, 0.5, -0.809017, 0.0, 0.0, 0.0, 0.0, 1.0 ], [ 0.309017, 0.5, -0.809017, 0.0, -0.5, 0.809017, 0.309017, 0.0, 0.809017, 0.309017, 0.5, 0.0, 0.0, 0.0, 0.0, 1.0 ], [ 0.5, 0.809017, 0.309017, 0.0, 0.809017, -0.309017, -0.5, 0.0, -0.309017, 0.5, -0.809017, 0.0, 0.0, 0.0, 0.0, 1.0 ], [ -0.309017, 0.5, -0.809017, 0.0, 0.5, 0.809017, 0.309017, 0.0, 0.809017, -0.309017, -0.5, 0.0, 0.0, 0.0, 0.0, 1.0 ], [ 0.809017, -0.309017, -0.5, 0.0, -0.309017, 0.5, -0.809017, 0.0, 0.5, 0.809017, 0.309017, 0.0, 0.0, 0.0, 0.0, 1.0 ], [ 0.5, 0.809017, -0.309017, 0.0, 0.809017, -0.309017, 0.5, 0.0, 0.309017, -0.5, -0.809017, 0.0, 0.0, 0.0, 0.0, 1.0 ], [ 0.309017, -0.5, -0.809017, 0.0, 0.5, 0.809017, -0.309017, 0.0, 0.809017, -0.309017, 0.5, 0.0, 0.0, 0.0, 0.0, 1.0 ], [ 0.809017, -0.309017, 0.5, 0.0, 0.309017, -0.5, -0.809017, 0.0, 0.5, 0.809017, -0.309017, 0.0, 0.0, 0.0, 0.0, 1.0 ], [ 0.809017, 0.309017, -0.5, 0.0, 0.309017, 0.5, 0.809017, 0.0, 0.5, -0.809017, 0.309017, 0.0, 0.0, 0.0, 0.0, 1.0 ], [ 0.5, -0.809017, 0.309017, 0.0, 0.809017, 0.309017, -0.5, 0.0, 0.309017, 0.5, 0.809017, 0.0, 0.0, 0.0, 0.0, 1.0 ], [ 0.309017, 0.5, 0.809017, 0.0, 0.5, -0.809017, 0.309017, 0.0, 0.809017, 0.309017, -0.5, 0.0, 0.0, 0.0, 0.0, 1.0 ], [ 1.0, 0.0, 0.0, 0.0, 0.0, -1.0, 0.0, 0.0, 0.0, 0.0, -1.0, 0.0, 0.0, 0.0, 0.0, 1.0 ], [ 0.0, 0.0, 1.0, 0.0, -1.0, 0.0, 0.0, 0.0, 0.0, -1.0, 0.0, 0.0, 0.0, 0.0, 0.0, 1.0 ], [ 0.0, 1.0, 0.0, 0.0, 0.0, 0.0, -1.0, 0.0, -1.0, 0.0, 0.0, 0.0, 0.0, 0.0, 0.0, 1.0 ], [ 0.809017, 0.309017, 0.5, 0.0, -0.309017, -0.5, 0.809017, 0.0, 0.5, -0.809017, -0.309017, 0.0, 0.0, 0.0, 0.0, 1.0 ], [ -0.5, 0.809017, 0.309017, 0.0, -0.809017, -0.309017, -0.5, 0.0, -0.309017, -0.5, 0.809017, 0.0, 0.0, 0.0, 0.0, 1.0 ], [ 0.309017, 0.5, -0.809017, 0.0, 0.5, -0.809017, -0.309017, 0.0, -0.809017, -0.309017, -0.5, 0.0, 0.0, 0.0, 0.0, 1.0 ], [ 0.5, 0.809017, 0.309017, 0.0, -0.809017, 0.309017, 0.5, 0.0, 0.309017, -0.5, 0.809017, 0.0, 0.0, 0.0, 0.0, 1.0 ], [ -0.309017, 0.5, -0.809017, 0.0, -0.5, -0.809017, -0.309017, 0.0, -0.809017, 0.309017, 0.5, 0.0, 0.0, 0.0, 0.0, 1.0 ], [ 0.809017, -0.309017, -0.5, 0.0, 0.309017, -0.5, 0.809017, 0.0, -0.5, -0.809017, -0.309017, 0.0, 0.0, 0.0, 0.0, 1.0 ], [ 0.5, 0.809017, -0.309017, 0.0, -0.809017, 0.309017, -0.5, 0.0, -0.309017, 0.5, 0.809017, 0.0, 0.0, 0.0, 0.0, 1.0 ], [ 0.309017, -0.5, -0.809017, 0.0, -0.5, -0.809017, 0.309017, 0.0, -0.809017, 0.309017, -0.5, 0.0, 0.0, 0.0, 0.0, 1.0 ], [ 0.809017, -0.309017, 0.5, 0.0, -0.309017, 0.5, 0.809017, 0.0, -0.5, -0.809017, 0.309017, 0.0, 0.0, 0.0, 0.0, 1.0 ], [ 0.809017, 0.309017, -0.5, 0.0, -0.309017, -0.5, -0.809017, 0.0, -0.5, 0.809017, -0.309017, 0.0, 0.0, 0.0, 0.0, 1.0 ], [ 0.5, -0.809017, 0.309017, 0.0, -0.809017, -0.309017, 0.5, 0.0, -0.309017, -0.5, -0.809017, 0.0, 0.0, 0.0, 0.0, 1.0 ], [ 0.309017, 0.5, 0.809017, 0.0, -0.5, 0.809017, -0.309017, 0.0, -0.809017, -0.309017, 0.5, 0.0, 0.0, 0.0, 0.0, 1.0 ], [ -1.0, 0.0, 0.0, 0.0, 0.0, -1.0, 0.0, 0.0, 0.0, 0.0, 1.0, 0.0, 0.0, 0.0, 0.0, 1.0 ], [ 0.0, 0.0, -1.0, 0.0, -1.0, 0.0, 0.0, 0.0, 0.0, 1.0, 0.0, 0.0, 0.0, 0.0, 0.0, 1.0 ], [ 0.0, -1.0, 0.0, 0.0, 0.0, 0.0, -1.0, 0.0, 1.0, 0.0, 0.0, 0.0, 0.0, 0.0, 0.0, 1.0 ], [ -0.809017, -0.309017, -0.5, 0.0, -0.309017, -0.5, 0.809017, 0.0, -0.5, 0.809017, 0.309017, 0.0, 0.0, 0.0, 0.0, 1.0 ], [ 0.5, -0.809017, -0.309017, 0.0, -0.809017, -0.309017, -0.5, 0.0, 0.309017, 0.5, -0.809017, 0.0, 0.0, 0.0, 0.0, 1.0 ], [ -0.309017, -0.5, 0.809017, 0.0, 0.5, -0.809017, -0.309017, 0.0, 0.809017, 0.309017, 0.5, 0.0, 0.0, 0.0, 0.0, 1.0 ], [ -0.5, -0.809017, -0.309017, 0.0, -0.809017, 0.309017, 0.5, 0.0, -0.309017, 0.5, -0.809017, 0.0, 0.0, 0.0, 0.0, 1.0 ], [ 0.309017, -0.5, 0.809017, 0.0, -0.5, -0.809017, -0.309017, 0.0, 0.809017, -0.309017, -0.5, 0.0, 0.0, 0.0, 0.0, 1.0 ], [ -0.809017, 0.309017, 0.5, 0.0, 0.309017, -0.5, 0.809017, 0.0, 0.5, 0.809017, 0.309017, 0.0, 0.0, 0.0, 0.0, 1.0 ], [ -0.5, -0.809017, 0.309017, 0.0, -0.809017, 0.309017, -0.5, 0.0, 0.309017, -0.5, -0.809017, 0.0, 0.0, 0.0, 0.0, 1.0 ], [ -0.309017, 0.5, 0.809017, 0.0, -0.5, -0.809017, 0.309017, 0.0, 0.809017, -0.309017, 0.5, 0.0, 0.0, 0.0, 0.0, 1.0 ], [ -0.809017, 0.309017, -0.5, 0.0, -0.309017, 0.5, 0.809017, 0.0, 0.5, 0.809017, -0.309017, 0.0, 0.0, 0.0, 0.0, 1.0 ], [ -0.809017, -0.309017, 0.5, 0.0, -0.309017, -0.5, -0.809017, 0.0, 0.5, -0.809017, 0.309017, 0.0, 0.0, 0.0, 0.0, 1.0 ], [ -0.5, 0.809017, -0.309017, 0.0, -0.809017, -0.309017, 0.5, 0.0, 0.309017, 0.5, 0.809017, 0.0, 0.0, 0.0, 0.0, 1.0 ], [ -0.309017, -0.5, -0.809017, 0.0, -0.5, 0.809017, -0.309017, 0.0, 0.809017, 0.309017, -0.5, 0.0, 0.0, 0.0, 0.0, 1.0 ], [ -1.0, 0.0, 0.0, 0.0, 0.0, 1.0, 0.0, 0.0, 0.0, 0.0, -1.0, 0.0, 0.0, 0.0, 0.0, 1.0 ], [ 0.0, 0.0, -1.0, 0.0, 1.0, 0.0, 0.0, 0.0, 0.0, -1.0, 0.0, 0.0, 0.0, 0.0, 0.0, 1.0 ], [ 0.0, -1.0, 0.0, 0.0, 0.0, 0.0, 1.0, 0.0, -1.0, 0.0, 0.0, 0.0, 0.0, 0.0, 0.0, 1.0 ], [ -0.809017, -0.309017, -0.5, 0.0, 0.309017, 0.5, -0.809017, 0.0, 0.5, -0.809017, -0.309017, 0.0, 0.0, 0.0, 0.0, 1.0 ], [ 0.5, -0.809017, -0.309017, 0.0, 0.809017, 0.309017, 0.5, 0.0, -0.309017, -0.5, 0.809017, 0.0, 0.0, 0.0, 0.0, 1.0 ], [ -0.309017, -0.5, 0.809017, 0.0, -0.5, 0.809017, 0.309017, 0.0, -0.809017, -0.309017, -0.5, 0.0, 0.0, 0.0, 0.0, 1.0 ], [ -0.5, -0.809017, -0.309017, 0.0, 0.809017, -0.309017, -0.5, 0.0, 0.309017, -0.5, 0.809017, 0.0, 0.0, 0.0, 0.0, 1.0 ], [ 0.309017, -0.5, 0.809017, 0.0, 0.5, 0.809017, 0.309017, 0.0, -0.809017, 0.309017, 0.5, 0.0, 0.0, 0.0, 0.0, 1.0 ], [ -0.809017, 0.309017, 0.5, 0.0, -0.309017, 0.5, -0.809017, 0.0, -0.5, -0.809017, -0.309017, 0.0, 0.0, 0.0, 0.0, 1.0 ], [ -0.5, -0.809017, 0.309017, 0.0, 0.809017, -0.309017, 0.5, 0.0, -0.309017, 0.5, 0.809017, 0.0, 0.0, 0.0, 0.0, 1.0 ], [ -0.309017, 0.5, 0.809017, 0.0, 0.5, 0.809017, -0.309017, 0.0, -0.809017, 0.309017, -0.5, 0.0, 0.0, 0.0, 0.0, 1.0 ], [ -0.809017, 0.309017, -0.5, 0.0, 0.309017, -0.5, -0.809017, 0.0, -0.5, -0.809017, 0.309017, 0.0, 0.0, 0.0, 0.0, 1.0 ], [ -0.809017, -0.309017, 0.5, 0.0, 0.309017, 0.5, 0.809017, 0.0, -0.5, 0.809017, -0.309017, 0.0, 0.0, 0.0, 0.0, 1.0 ], [ -0.5, 0.809017, -0.309017, 0.0, 0.809017, 0.309017, -0.5, 0.0, -0.309017, -0.5, -0.809017, 0.0, 0.0, 0.0, 0.0, 1.0 ], [ -0.309017, -0.5, -0.809017, 0.0, 0.5, -0.809017, 0.309017, 0.0, -0.809017, -0.309017, 0.5, 0.0, 0.0, 0.0, 0.0, 1.0 ] ],
  "lights" : {
    "directionalLights" : [ {
      "direction" : {
        "x" : 1.0,
        "y" : -1.0,
        "z" : -1.0
      },
      "color" : "#EBEBE4"
    }, {
      "direction" : {
        "x" : -1.0,
        "y" : 0.0,
        "z" : 0.0
      },
      "color" : "#E4E4EB"
    }, {
      "direction" : {
        "x" : 0.0,
        "y" : 0.0,
        "z" : -1.0
      },
      "color" : "#1E1E1E"
    } ],
    "backgroundColor" : "#CCCCFF",
    "ambientColor" : "#292929"
  },
  "camera" : {
    "position" : {
      "x" : 0.0,
      "y" : 0.0,
      "z" : 179.26756
    },
    "width" : 80.670364,
    "lookAtPoint" : {
      "x" : 0.0,
      "y" : 0.0,
      "z" : 0.0
    },
    "viewDistance" : 179.26756,
    "perspective" : false,
    "fieldOfView" : 0.44262868,
    "farClipDistance" : 358.53494,
    "nearClipDistance" : 0.44816887,
    "stereo" : false,
    "upDirection" : {
      "x" : 0.0,
      "y" : 1.0,
      "z" : 0.0
    },
    "lookDirection" : {
      "x" : 0.0,
      "y" : 0.0,
      "z" : -1.0
    }
  },
  "embedding" : [ 1.0, 0.0, 0.0, 0.0, 0.0, 1.0, 0.0, 0.0, 0.0, 0.0, 1.0, 0.0, 0.0, 0.0, 0.0, 1.0 ],
  "shapes" : [ {
    "id" : "e06f78a9-c634-44eb-868f-f4f599c728ee",
    "vertices" : [ {
      "x" : 1.0,
      "y" : 0.309017,
      "z" : 0.19098301
    }, {
      "x" : 1.0,
      "y" : -0.309017,
      "z" : 0.19098301
    }, {
      "x" : 5.854102,
      "y" : -0.309017,
      "z" : 0.19098301
    }, {
      "x" : 5.854102,
      "y" : 0.309017,
      "z" : 0.19098301
    }, {
      "x" : 5.854102,
      "y" : -0.309017,
      "z" : -0.19098301
    }, {
      "x" : 5.854102,
      "y" : 0.309017,
      "z" : -0.19098301
    }, {
      "x" : 6.472136,
      "y" : 0.0,
      "z" : 0.0
    }, {
      "x" : 0.38196602,
      "y" : 0.0,
      "z" : 0.0
    }, {
      "x" : 1.0,
      "y" : 0.309017,
      "z" : -0.19098301
    }, {
      "x" : 1.0,
      "y" : -0.309017,
      "z" : -0.19098301
    }, {
      "x" : 6.854102,
      "y" : 0.0,
      "z" : 0.0
    } ],
    "faces" : [ {
      "vertices" : [ 1, 9, 4 ]
    }, {
      "vertices" : [ 1, 4, 2 ]
    }, {
      "vertices" : [ 0, 3, 5 ]
    }, {
      "vertices" : [ 0, 5, 8 ]
    }, {
      "vertices" : [ 1, 7, 9 ]
    }, {
      "vertices" : [ 0, 1, 2 ]
    }, {
      "vertices" : [ 0, 2, 3 ]
    }, {
      "vertices" : [ 7, 8, 9 ]
    }, {
      "vertices" : [ 0, 7, 1 ]
    }, {
      "vertices" : [ 4, 9, 8 ]
    }, {
      "vertices" : [ 4, 8, 5 ]
    }, {
      "vertices" : [ 2, 6, 3 ]
    }, {
      "vertices" : [ 2, 4, 6 ]
    }, {
      "vertices" : [ 3, 6, 5 ]
    }, {
      "vertices" : [ 4, 5, 6 ]
    }, {
      "vertices" : [ 0, 8, 7 ]
    } ]
  }, {
    "id" : "e8f13013-a74a-4e2a-9d4e-058bcfc0ae07",
    "vertices" : [ {
      "x" : 0.809017,
      "y" : 0.618034,
      "z" : -0.19098301
    }, {
      "x" : 0.809017,
      "y" : 0.0,
      "z" : -0.19098301
    }, {
      "x" : 0.309017,
      "y" : 0.11803399,
      "z" : 0.0
    }, {
      "x" : 2.8877063,
      "y" : 1.4120227,
      "z" : 0.19098301
    }, {
      "x" : 0.809017,
      "y" : 0.618034,
      "z" : 0.19098301
    }, {
      "x" : 0.809017,
      "y" : 0.0,
      "z" : 0.19098301
    }, {
      "x" : 2.8877063,
      "y" : 0.79398865,
      "z" : 0.19098301
    }, {
      "x" : 3.3877063,
      "y" : 1.2939887,
      "z" : 0.0
    }, {
      "x" : 2.8877063,
      "y" : 1.4120227,
      "z" : -0.19098301
    }, {
      "x" : 3.6967232,
      "y" : 1.4120227,
      "z" : 0.0
    }, {
      "x" : 2.8877063,
      "y" : 0.79398865,
      "z" : -0.19098301
    } ],
    "faces" : [ {
      "vertices" : [ 3, 6, 7 ]
    }, {
      "vertices" : [ 3, 4, 5 ]
    }, {
      "vertices" : [ 3, 5, 6 ]
    }, {
      "vertices" : [ 3, 7, 8 ]
    }, {
      "vertices" : [ 0, 1, 2 ]
    }, {
      "vertices" : [ 0, 8, 10 ]
    }, {
      "vertices" : [ 0, 10, 1 ]
    }, {
      "vertices" : [ 1, 10, 6 ]
    }, {
      "vertices" : [ 1, 6, 5 ]
    }, {
      "vertices" : [ 0, 2, 4 ]
    }, {
      "vertices" : [ 6, 10, 7 ]
    }, {
      "vertices" : [ 1, 5, 2 ]
    }, {
      "vertices" : [ 7, 10, 8 ]
    }, {
      "vertices" : [ 2, 5, 4 ]
    }, {
      "vertices" : [ 0, 4, 3 ]
    }, {
      "vertices" : [ 0, 3, 8 ]
    } ]
  }, {
    "id" : "b1a50ef0-47a8-4b8e-9dbb-c36e19e003e0",
    "vertices" : [ {
      "x" : -3.427051,
      "y" : -5.545085,
      "z" : -2.118034
    }, {
      "x" : -6.854102,
      "y" : -11.09017,
      "z" : -4.236068
    }, {
      "x" : 0.0,
      "y" : -11.09017,
      "z" : -4.236068
    }, {
      "x" : 0.0,
      "y" : -7.3934464,
      "z" : -2.8240454
    } ],
    "faces" : [ {
      "vertices" : [ 0, 1, 2 ]
    }, {
      "vertices" : [ 0, 2, 3 ]
    }, {
      "vertices" : [ 0, 3, 2 ]
    }, {
      "vertices" : [ 0, 2, 1 ]
    } ]
  }, {
    "id" : "cebde19e-372e-41ca-91df-9cbfd6f250cb",
    "vertices" : [ {
      "x" : 3.427051,
      "y" : -5.545085,
      "z" : -2.118034
    }, {
      "x" : 6.854102,
      "y" : -3.6967232,
      "z" : -1.4120227
    }, {
      "x" : 10.281153,
      "y" : -5.545085,
      "z" : -2.118034
    }, {
      "x" : 6.854102,
      "y" : -11.09017,
      "z" : -4.236068
    } ],
    "faces" : [ {
      "vertices" : [ 0, 1, 2 ]
    }, {
      "vertices" : [ 0, 2, 3 ]
    }, {
      "vertices" : [ 0, 3, 2 ]
    }, {
      "vertices" : [ 0, 2, 1 ]
    } ]
  }, {
    "id" : "05bc1215-f612-4870-b7ec-cac9c323091b",
    "vertices" : [ {
      "x" : 0.309017,
      "y" : -0.309017,
      "z" : -0.309017
    }, {
      "x" : 0.5,
      "y" : 0.0,
      "z" : -0.19098301
    }, {
      "x" : 0.5,
      "y" : 0.0,
      "z" : 0.19098301
    }, {
      "x" : 0.309017,
      "y" : -0.309017,
      "z" : 0.309017
    }, {
      "x" : 0.19098301,
      "y" : -0.5,
      "z" : 0.0
    }, {
      "x" : 0.0,
      "y" : 0.19098301,
      "z" : 0.5
    }, {
      "x" : 0.0,
      "y" : -0.19098301,
      "z" : 0.5
    }, {
      "x" : 0.309017,
      "y" : 0.309017,
      "z" : 0.309017
    }, {
      "x" : -0.309017,
      "y" : -0.309017,
      "z" : 0.309017
    }, {
      "x" : -0.309017,
      "y" : 0.309017,
      "z" : 0.309017
    }, {
      "x" : -0.5,
      "y" : 0.0,
      "z" : 0.19098301
    }, {
      "x" : 0.0,
      "y" : -0.19098301,
      "z" : -0.5
    }, {
      "x" : 0.0,
      "y" : 0.19098301,
      "z" : -0.5
    }, {
      "x" : 0.309017,
      "y" : 0.309017,
      "z" : -0.309017
    }, {
      "x" : -0.309017,
      "y" : -0.309017,
      "z" : -0.309017
    }, {
      "x" : -0.19098301,
      "y" : -0.5,
      "z" : 0.0
    }, {
      "x" : -0.5,
      "y" : 0.0,
      "z" : -0.19098301
    }, {
      "x" : 0.19098301,
      "y" : 0.5,
      "z" : 0.0
    }, {
      "x" : -0.309017,
      "y" : 0.309017,
      "z" : -0.309017
    }, {
      "x" : 0.0,
      "y" : 0.0,
      "z" : 0.0
    }, {
      "x" : -0.19098301,
      "y" : 0.5,
      "z" : 0.0
    } ],
    "faces" : [ {
      "vertices" : [ 12, 18, 20 ]
    }, {
      "vertices" : [ 12, 20, 17 ]
    }, {
      "vertices" : [ 12, 17, 13 ]
    }, {
      "vertices" : [ 3, 6, 8 ]
    }, {
      "vertices" : [ 3, 8, 15 ]
    }, {
      "vertices" : [ 3, 15, 4 ]
    }, {
      "vertices" : [ 0, 11, 12 ]
    }, {
      "vertices" : [ 0, 12, 13 ]
    }, {
      "vertices" : [ 0, 13, 1 ]
    }, {
      "vertices" : [ 5, 9, 10 ]
    }, {
      "vertices" : [ 5, 10, 8 ]
    }, {
      "vertices" : [ 5, 8, 6 ]
    }, {
      "vertices" : [ 2, 7, 5 ]
    }, {
      "vertices" : [ 2, 5, 6 ]
    }, {
      "vertices" : [ 2, 6, 3 ]
    }, {
      "vertices" : [ 11, 14, 16 ]
    }, {
      "vertices" : [ 11, 16, 18 ]
    }, {
      "vertices" : [ 11, 18, 12 ]
    }, {
      "vertices" : [ 1, 13, 17 ]
    }, {
      "vertices" : [ 1, 17, 7 ]
    }, {
      "vertices" : [ 1, 7, 2 ]
    }, {
      "vertices" : [ 9, 20, 18 ]
    }, {
      "vertices" : [ 9, 18, 16 ]
    }, {
      "vertices" : [ 9, 16, 10 ]
    }, {
      "vertices" : [ 0, 1, 2 ]
    }, {
      "vertices" : [ 0, 2, 3 ]
    }, {
      "vertices" : [ 0, 3, 4 ]
    }, {
      "vertices" : [ 5, 7, 17 ]
    }, {
      "vertices" : [ 5, 17, 20 ]
    }, {
      "vertices" : [ 5, 20, 9 ]
    }, {
      "vertices" : [ 0, 4, 15 ]
    }, {
      "vertices" : [ 0, 15, 14 ]
    }, {
      "vertices" : [ 0, 14, 11 ]
    }, {
      "vertices" : [ 8, 10, 16 ]
    }, {
      "vertices" : [ 8, 16, 14 ]
    }, {
      "vertices" : [ 8, 14, 15 ]
    } ]
  }, {
    "id" : "e137c06b-dc05-4dad-a920-c7e1469b0639",
    "vertices" : [ {
      "x" : -6.854102,
      "y" : 0.0,
      "z" : 0.0
    }, {
      "x" : -6.854102,
      "y" : -3.6967232,
      "z" : -1.4120227
    }, {
      "x" : -3.427051,
      "y" : -5.545085,
      "z" : -2.118034
    }, {
      "x" : 0.0,
      "y" : 0.0,
      "z" : 0.0
    } ],
    "faces" : [ {
      "vertices" : [ 0, 1, 2 ]
    }, {
      "vertices" : [ 0, 2, 3 ]
    }, {
      "vertices" : [ 0, 3, 2 ]
    }, {
      "vertices" : [ 0, 2, 1 ]
    } ]
  }, {
    "id" : "c3e1d8ef-f4b3-4070-8795-763e78eb2804",
    "vertices" : [ {
      "x" : 0.0,
      "y" : 0.0,
      "z" : 0.0
    }, {
      "x" : -3.427051,
      "y" : -5.545085,
      "z" : -2.118034
    }, {
      "x" : 0.0,
      "y" : -7.3934464,
      "z" : -2.8240454
    }, {
      "x" : 3.427051,
      "y" : -5.545085,
      "z" : -2.118034
    } ],
    "faces" : [ {
      "vertices" : [ 0, 1, 2 ]
    }, {
      "vertices" : [ 0, 2, 3 ]
    }, {
      "vertices" : [ 0, 3, 2 ]
    }, {
      "vertices" : [ 0, 2, 1 ]
    } ]
  }, {
    "id" : "f4697a89-7fc3-4652-86c5-f12a7e4b3f0c",
    "vertices" : [ {
      "x" : 10.281153,
      "y" : -5.545085,
      "z" : -2.118034
    }, {
      "x" : 6.854102,
      "y" : -11.09017,
      "z" : -4.236068
    }, {
      "x" : 13.708204,
      "y" : -11.09017,
      "z" : -4.236068
    }, {
      "x" : 13.708204,
      "y" : -7.3934464,
      "z" : -2.8240454
    } ],
    "faces" : [ {
      "vertices" : [ 0, 1, 2 ]
    }, {
      "vertices" : [ 0, 2, 3 ]
    }, {
      "vertices" : [ 0, 3, 2 ]
    }, {
      "vertices" : [ 0, 2, 1 ]
    } ]
  }, {
    "id" : "d86cc5ae-90f8-4573-8329-1d19ec7c3961",
    "vertices" : [ {
      "x" : 0.0,
      "y" : -7.3934464,
      "z" : -2.8240454
    }, {
      "x" : 0.0,
      "y" : -11.09017,
      "z" : -4.236068
    }, {
      "x" : 6.854102,
      "y" : -11.09017,
      "z" : -4.236068
    }, {
      "x" : 3.427051,
      "y" : -5.545085,
      "z" : -2.118034
    } ],
    "faces" : [ {
      "vertices" : [ 0, 1, 2 ]
    }, {
      "vertices" : [ 0, 2, 3 ]
    }, {
      "vertices" : [ 0, 3, 2 ]
    }, {
      "vertices" : [ 0, 2, 1 ]
    } ]
  }, {
    "id" : "849d4bb0-a4cd-49ac-aa0c-3a40695967df",
    "vertices" : [ {
      "x" : -6.854102,
      "y" : -11.09017,
      "z" : -4.236068
    }, {
      "x" : -3.427051,
      "y" : -16.635256,
      "z" : -6.354102
    }, {
      "x" : 0.0,
      "y" : -14.786893,
      "z" : -5.648091
    }, {
      "x" : 0.0,
      "y" : -11.09017,
      "z" : -4.236068
    } ],
    "faces" : [ {
      "vertices" : [ 0, 1, 2 ]
    }, {
      "vertices" : [ 0, 2, 3 ]
    }, {
      "vertices" : [ 0, 3, 2 ]
    }, {
      "vertices" : [ 0, 2, 1 ]
    } ]
  }, {
    "id" : "3a5d6cce-af2d-4c48-8fb0-0efc3a404d0a",
    "vertices" : [ {
      "x" : 0.0,
      "y" : -11.09017,
      "z" : -4.236068
    }, {
      "x" : 0.0,
      "y" : -14.786893,
      "z" : -5.648091
    }, {
      "x" : 3.427051,
      "y" : -16.635256,
      "z" : -6.354102
    }, {
      "x" : 6.854102,
      "y" : -11.09017,
      "z" : -4.236068
    } ],
    "faces" : [ {
      "vertices" : [ 0, 1, 2 ]
    }, {
      "vertices" : [ 0, 2, 3 ]
    }, {
      "vertices" : [ 0, 3, 2 ]
    }, {
      "vertices" : [ 0, 2, 1 ]
    } ]
  } ],
  "instances" : [ {
    "shape" : "e06f78a9-c634-44eb-868f-f4f599c728ee",
    "color" : "#007695",
    "position" : {
      "x" : 0.0,
      "y" : 0.0,
      "z" : 0.0
    },
    "orientation" : 36
  }, {
    "shape" : "e06f78a9-c634-44eb-868f-f4f599c728ee",
    "color" : "#007695",
    "position" : {
      "x" : 20.562305,
      "y" : -11.09017,
      "z" : -4.236068
    },
    "orientation" : 45
  }, {
    "shape" : "e8f13013-a74a-4e2a-9d4e-058bcfc0ae07",
    "color" : "#6C00C6",
    "position" : {
      "x" : -3.427051,
      "y" : 5.545085,
      "z" : 2.118034
    },
    "orientation" : 12
  }, {
    "shape" : "e06f78a9-c634-44eb-868f-f4f599c728ee",
    "color" : "#000000",
    "position" : {
      "x" : 6.854102,
      "y" : -11.09017,
      "z" : -4.236068
    },
    "orientation" : 0
  }, {
    "shape" : "b1a50ef0-47a8-4b8e-9dbb-c36e19e003e0",
    "color" : "#0000FF",
    "position" : {
      "x" : 0.0,
      "y" : 0.0,
      "z" : 0.0
    }
  }, {
    "shape" : "cebde19e-372e-41ca-91df-9cbfd6f250cb",
    "color" : "#0000FF",
    "position" : {
      "x" : 0.0,
      "y" : 0.0,
      "z" : 0.0
    }
  }, {
    "shape" : "05bc1215-f612-4870-b7ec-cac9c323091b",
    "color" : "#FFFFFF",
    "position" : {
      "x" : 0.0,
      "y" : 0.0,
      "z" : 0.0
    }
  }, {
    "shape" : "05bc1215-f612-4870-b7ec-cac9c323091b",
    "color" : "#FFFFFF",
    "position" : {
      "x" : 0.0,
      "y" : -7.3934464,
      "z" : -2.8240454
    }
  }, {
    "shape" : "e06f78a9-c634-44eb-868f-f4f599c728ee",
    "color" : "#007695",
    "position" : {
      "x" : 6.854102,
      "y" : -11.09017,
      "z" : -4.236068
    },
    "orientation" : 9
  }, {
    "shape" : "05bc1215-f612-4870-b7ec-cac9c323091b",
    "color" : "#FFFFFF",
    "position" : {
      "x" : -10.281153,
      "y" : 5.545085,
      "z" : 2.118034
    }
  }, {
    "shape" : "e8f13013-a74a-4e2a-9d4e-058bcfc0ae07",
    "color" : "#6C00C6",
    "position" : {
      "x" : 0.0,
      "y" : -7.3934464,
      "z" : -2.8240454
    },
    "orientation" : 12
  }, {
    "shape" : "e137c06b-dc05-4dad-a920-c7e1469b0639",
    "color" : "#0000FF",
    "position" : {
      "x" : 0.0,
      "y" : 0.0,
      "z" : 0.0
    }
  }, {
    "shape" : "e8f13013-a74a-4e2a-9d4e-058bcfc0ae07",
    "color" : "#6C00C6",
    "position" : {
      "x" : -10.281153,
      "y" : 5.545085,
      "z" : 2.118034
    },
    "orientation" : 27
  }, {
    "shape" : "e8f13013-a74a-4e2a-9d4e-058bcfc0ae07",
    "color" : "#6C00C6",
    "position" : {
      "x" : -3.427051,
      "y" : 5.545085,
      "z" : 2.118034
    },
    "orientation" : 33
  }, {
    "shape" : "05bc1215-f612-4870-b7ec-cac9c323091b",
    "color" : "#FFFFFF",
    "position" : {
      "x" : 17.135256,
      "y" : -5.545085,
      "z" : -2.118034
    }
  }, {
    "shape" : "05bc1215-f612-4870-b7ec-cac9c323091b",
    "color" : "#FFFFFF",
    "position" : {
      "x" : 3.427051,
      "y" : -5.545085,
      "z" : -2.118034
    }
  }, {
    "shape" : "c3e1d8ef-f4b3-4070-8795-763e78eb2804",
    "color" : "#0000FF",
    "position" : {
      "x" : 0.0,
      "y" : 0.0,
      "z" : 0.0
    }
  }, {
    "shape" : "e8f13013-a74a-4e2a-9d4e-058bcfc0ae07",
    "color" : "#6C00C6",
    "position" : {
      "x" : 6.854102,
      "y" : -3.6967232,
      "z" : -1.4120227
    },
    "orientation" : 1
  }, {
    "shape" : "e8f13013-a74a-4e2a-9d4e-058bcfc0ae07",
    "color" : "#6C00C6",
    "position" : {
      "x" : 3.427051,
      "y" : 5.545085,
      "z" : 2.118034
    },
    "orientation" : 27
  }, {
    "shape" : "e8f13013-a74a-4e2a-9d4e-058bcfc0ae07",
    "color" : "#6C00C6",
    "position" : {
      "x" : 3.427051,
      "y" : 16.635256,
      "z" : 6.354102
    },
    "orientation" : 33
  }, {
    "shape" : "e06f78a9-c634-44eb-868f-f4f599c728ee",
    "color" : "#007695",
    "position" : {
      "x" : 6.854102,
      "y" : 0.0,
      "z" : 0.0
    },
    "orientation" : 45
  }, {
    "shape" : "e06f78a9-c634-44eb-868f-f4f599c728ee",
    "color" : "#007695",
    "position" : {
      "x" : -10.281153,
      "y" : 5.545085,
      "z" : 2.118034
    },
    "orientation" : 9
  }, {
    "shape" : "e8f13013-a74a-4e2a-9d4e-058bcfc0ae07",
    "color" : "#6C00C6",
    "position" : {
      "x" : 13.708204,
      "y" : -7.3934464,
      "z" : -2.8240454
    },
    "orientation" : 12
  }, {
    "shape" : "05bc1215-f612-4870-b7ec-cac9c323091b",
    "color" : "#FFFFFF",
    "position" : {
      "x" : -3.427051,
      "y" : 5.545085,
      "z" : 2.118034
    }
  }, {
    "shape" : "e06f78a9-c634-44eb-868f-f4f599c728ee",
    "color" : "#007695",
    "position" : {
      "x" : -13.708204,
      "y" : 0.0,
      "z" : 0.0
    },
    "orientation" : 24
  }, {
    "shape" : "e06f78a9-c634-44eb-868f-f4f599c728ee",
    "color" : "#007695",
    "position" : {
      "x" : -6.854102,
      "y" : 11.09017,
      "z" : 4.236068
    },
    "orientation" : 0
  }, {
    "shape" : "e06f78a9-c634-44eb-868f-f4f599c728ee",
    "color" : "#007695",
    "position" : {
      "x" : -13.708204,
      "y" : -11.09017,
      "z" : -4.236068
    },
    "orientation" : 45
  }, {
    "shape" : "05bc1215-f612-4870-b7ec-cac9c323091b",
    "color" : "#FFFFFF",
    "position" : {
      "x" : 6.854102,
      "y" : 0.0,
      "z" : 0.0
    }
  }, {
    "shape" : "05bc1215-f612-4870-b7ec-cac9c323091b",
    "color" : "#FFFFFF",
    "position" : {
      "x" : -13.708204,
      "y" : -7.3934464,
      "z" : -2.8240454
    }
  }, {
    "shape" : "e8f13013-a74a-4e2a-9d4e-058bcfc0ae07",
    "color" : "#6C00C6",
    "position" : {
      "x" : 3.427051,
      "y" : -16.635256,
      "z" : -6.354102
    },
    "orientation" : 48
  }, {
    "shape" : "e8f13013-a74a-4e2a-9d4e-058bcfc0ae07",
    "color" : "#6C00C6",
    "position" : {
      "x" : -13.708204,
      "y" : -7.3934464,
      "z" : -2.8240454
    },
    "orientation" : 16
  }, {
    "shape" : "05bc1215-f612-4870-b7ec-cac9c323091b",
    "color" : "#FFFFFF",
    "position" : {
      "x" : 0.0,
      "y" : 22.18034,
      "z" : 8.472136
    }
  }, {
    "shape" : "e8f13013-a74a-4e2a-9d4e-058bcfc0ae07",
    "color" : "#6C00C6",
    "position" : {
      "x" : 0.0,
      "y" : -11.09017,
      "z" : -4.236068
    },
    "orientation" : 16
  }, {
    "shape" : "05bc1215-f612-4870-b7ec-cac9c323091b",
    "color" : "#FFFFFF",
    "position" : {
      "x" : 3.427051,
      "y" : 16.635256,
      "z" : 6.354102
    }
  }, {
    "shape" : "e06f78a9-c634-44eb-868f-f4f599c728ee",
    "color" : "#000000",
    "position" : {
      "x" : 0.0,
      "y" : 0.0,
      "z" : 0.0
    },
    "orientation" : 24
  }, {
    "shape" : "05bc1215-f612-4870-b7ec-cac9c323091b",
    "color" : "#FFFFFF",
    "position" : {
      "x" : -6.854102,
      "y" : 0.0,
      "z" : 0.0
    }
  }, {
    "shape" : "e06f78a9-c634-44eb-868f-f4f599c728ee",
    "color" : "#007695",
    "position" : {
      "x" : -3.427051,
      "y" : 5.545085,
      "z" : 2.118034
    },
    "orientation" : 24
  }, {
    "shape" : "05bc1215-f612-4870-b7ec-cac9c323091b",
    "color" : "#FFFFFF",
    "position" : {
      "x" : 6.854102,
      "y" : 3.6967232,
      "z" : 1.4120227
    }
  }, {
    "shape" : "e06f78a9-c634-44eb-868f-f4f599c728ee",
    "color" : "#007695",
    "position" : {
      "x" : 17.135256,
      "y" : -5.545085,
      "z" : -2.118034
    },
    "orientation" : 51
  }, {
    "shape" : "e06f78a9-c634-44eb-868f-f4f599c728ee",
    "color" : "#007695",
    "position" : {
      "x" : 0.0,
      "y" : 0.0,
      "z" : 0.0
    },
    "orientation" : 9
  }, {
    "shape" : "f4697a89-7fc3-4652-86c5-f12a7e4b3f0c",
    "color" : "#0000FF",
    "position" : {
      "x" : 0.0,
      "y" : 0.0,
      "z" : 0.0
    }
  }, {
    "shape" : "e8f13013-a74a-4e2a-9d4e-058bcfc0ae07",
    "color" : "#6C00C6",
    "position" : {
      "x" : 0.0,
      "y" : 11.09017,
      "z" : 4.236068
    },
    "orientation" : 16
  }, {
    "shape" : "e06f78a9-c634-44eb-868f-f4f599c728ee",
    "color" : "#007695",
    "position" : {
      "x" : 20.562305,
      "y" : -11.09017,
      "z" : -4.236068
    },
    "orientation" : 51
  }, {
    "shape" : "05bc1215-f612-4870-b7ec-cac9c323091b",
    "color" : "#FFFFFF",
    "position" : {
      "x" : 20.562305,
      "y" : -11.09017,
      "z" : -4.236068
    }
  }, {
    "shape" : "05bc1215-f612-4870-b7ec-cac9c323091b",
    "color" : "#FFFFFF",
    "position" : {
      "x" : -13.708204,
      "y" : 0.0,
      "z" : 0.0
    }
  }, {
    "shape" : "05bc1215-f612-4870-b7ec-cac9c323091b",
    "color" : "#FFFFFF",
    "position" : {
      "x" : 6.854102,
      "y" : -3.6967232,
      "z" : -1.4120227
    }
  }, {
    "shape" : "05bc1215-f612-4870-b7ec-cac9c323091b",
    "color" : "#FFFFFF",
    "position" : {
      "x" : 0.0,
      "y" : 14.786893,
      "z" : 5.648091
    }
  }, {
    "shape" : "e8f13013-a74a-4e2a-9d4e-058bcfc0ae07",
    "color" : "#6C00C6",
    "position" : {
      "x" : -17.135256,
      "y" : -5.545085,
      "z" : -2.118034
    },
    "orientation" : 27
  }, {
    "shape" : "05bc1215-f612-4870-b7ec-cac9c323091b",
    "color" : "#FFFFFF",
    "position" : {
      "x" : 0.0,
      "y" : 7.3934464,
      "z" : 2.8240454
    }
  }, {
    "shape" : "e8f13013-a74a-4e2a-9d4e-058bcfc0ae07",
    "color" : "#6C00C6",
    "position" : {
      "x" : 0.0,
      "y" : -14.786893,
      "z" : -5.648091
    },
    "orientation" : 33
  }, {
    "shape" : "e06f78a9-c634-44eb-868f-f4f599c728ee",
    "color" : "#007695",
    "position" : {
      "x" : -6.854102,
      "y" : -11.09017,
      "z" : -4.236068
    },
    "orientation" : 24
  }, {
    "shape" : "05bc1215-f612-4870-b7ec-cac9c323091b",
    "color" : "#FFFFFF",
    "position" : {
      "x" : -6.854102,
      "y" : -3.6967232,
      "z" : -1.4120227
    }
  }, {
    "shape" : "e06f78a9-c634-44eb-868f-f4f599c728ee",
    "color" : "#007695",
    "position" : {
      "x" : -6.854102,
      "y" : -11.09017,
      "z" : -4.236068
    },
    "orientation" : 45
  }, {
    "shape" : "e06f78a9-c634-44eb-868f-f4f599c728ee",
    "color" : "#007695",
    "position" : {
      "x" : -13.708204,
      "y" : 0.0,
      "z" : 0.0
    },
    "orientation" : 0
  }, {
    "shape" : "e8f13013-a74a-4e2a-9d4e-058bcfc0ae07",
    "color" : "#6C00C6",
    "position" : {
      "x" : -3.427051,
      "y" : -5.545085,
      "z" : -2.118034
    },
    "orientation" : 27
  }, {
    "shape" : "05bc1215-f612-4870-b7ec-cac9c323091b",
    "color" : "#FFFFFF",
    "position" : {
      "x" : -17.135256,
      "y" : -5.545085,
      "z" : -2.118034
    }
  }, {
    "shape" : "e8f13013-a74a-4e2a-9d4e-058bcfc0ae07",
    "color" : "#000000",
    "position" : {
      "x" : 10.281153,
      "y" : -5.545085,
      "z" : -2.118034
    },
    "orientation" : 27
  }, {
    "shape" : "05bc1215-f612-4870-b7ec-cac9c323091b",
    "color" : "#FFFFFF",
    "position" : {
      "x" : -6.854102,
      "y" : 3.6967232,
      "z" : 1.4120227
    }
  }, {
    "shape" : "e06f78a9-c634-44eb-868f-f4f599c728ee",
    "color" : "#007695",
    "position" : {
      "x" : 10.281153,
      "y" : 5.545085,
      "z" : 2.118034
    },
    "orientation" : 24
  }, {
    "shape" : "05bc1215-f612-4870-b7ec-cac9c323091b",
    "color" : "#FFFFFF",
    "position" : {
      "x" : 13.708204,
      "y" : -7.3934464,
      "z" : -2.8240454
    }
  }, {
    "shape" : "05bc1215-f612-4870-b7ec-cac9c323091b",
    "color" : "#FFFFFF",
    "position" : {
      "x" : -6.854102,
      "y" : 11.09017,
      "z" : 4.236068
    }
  }, {
    "shape" : "e06f78a9-c634-44eb-868f-f4f599c728ee",
    "color" : "#000000",
    "position" : {
      "x" : -3.427051,
      "y" : -5.545085,
      "z" : -2.118034
    },
    "orientation" : 36
  }, {
    "shape" : "e06f78a9-c634-44eb-868f-f4f599c728ee",
    "color" : "#007695",
    "position" : {
      "x" : 6.854102,
      "y" : 11.09017,
      "z" : 4.236068
    },
    "orientation" : 36
  }, {
    "shape" : "e06f78a9-c634-44eb-868f-f4f599c728ee",
    "color" : "#000000",
    "position" : {
      "x" : -6.854102,
      "y" : 0.0,
      "z" : 0.0
    },
    "orientation" : 0
  }, {
    "shape" : "e06f78a9-c634-44eb-868f-f4f599c728ee",
    "color" : "#007695",
    "position" : {
      "x" : -17.135256,
      "y" : -5.545085,
      "z" : -2.118034
    },
    "orientation" : 36
  }, {
    "shape" : "d86cc5ae-90f8-4573-8329-1d19ec7c3961",
    "color" : "#0000FF",
    "position" : {
      "x" : 0.0,
      "y" : 0.0,
      "z" : 0.0
    }
  }, {
    "shape" : "e06f78a9-c634-44eb-868f-f4f599c728ee",
    "color" : "#007695",
    "position" : {
      "x" : 0.0,
      "y" : -11.09017,
      "z" : -4.236068
    },
    "orientation" : 0
  }, {
    "shape" : "e06f78a9-c634-44eb-868f-f4f599c728ee",
    "color" : "#007695",
    "position" : {
      "x" : -13.708204,
      "y" : 0.0,
      "z" : 0.0
    },
    "orientation" : 36
  }, {
    "shape" : "e06f78a9-c634-44eb-868f-f4f599c728ee",
    "color" : "#007695",
    "position" : {
      "x" : -6.854102,
      "y" : 11.09017,
      "z" : 4.236068
    },
    "orientation" : 9
  }, {
    "shape" : "e8f13013-a74a-4e2a-9d4e-058bcfc0ae07",
    "color" : "#000000",
    "position" : {
      "x" : 10.281153,
      "y" : -5.545085,
      "z" : -2.118034
    },
    "orientation" : 48
  }, {
    "shape" : "e8f13013-a74a-4e2a-9d4e-058bcfc0ae07",
    "color" : "#6C00C6",
    "position" : {
      "x" : -13.708204,
      "y" : -7.3934464,
      "z" : -2.8240454
    },
    "orientation" : 12
  }, {
    "shape" : "e06f78a9-c634-44eb-868f-f4f599c728ee",
    "color" : "#007695",
    "position" : {
      "x" : 0.0,
      "y" : 11.09017,
      "z" : 4.236068
    },
    "orientation" : 0
  }, {
    "shape" : "e8f13013-a74a-4e2a-9d4e-058bcfc0ae07",
    "color" : "#000000",
    "position" : {
      "x" : -6.854102,
      "y" : 0.0,
      "z" : 0.0
    },
    "orientation" : 16
  }, {
    "shape" : "e06f78a9-c634-44eb-868f-f4f599c728ee",
    "color" : "#007695",
    "position" : {
      "x" : 3.427051,
      "y" : -5.545085,
      "z" : -2.118034
    },
    "orientation" : 24
  }, {
    "shape" : "e06f78a9-c634-44eb-868f-f4f599c728ee",
    "color" : "#007695",
    "position" : {
      "x" : -3.427051,
      "y" : 16.635256,
      "z" : 6.354102
    },
    "orientation" : 9
  }, {
    "shape" : "05bc1215-f612-4870-b7ec-cac9c323091b",
    "color" : "#FFFFFF",
    "position" : {
      "x" : 0.0,
      "y" : -11.09017,
      "z" : -4.236068
    }
  }, {
    "shape" : "05bc1215-f612-4870-b7ec-cac9c323091b",
    "color" : "#FFFFFF",
    "position" : {
      "x" : -3.427051,
      "y" : 16.635256,
      "z" : 6.354102
    }
  }, {
    "shape" : "e8f13013-a74a-4e2a-9d4e-058bcfc0ae07",
    "color" : "#6C00C6",
    "position" : {
      "x" : 10.281153,
      "y" : 5.545085,
      "z" : 2.118034
    },
    "orientation" : 33
  }, {
    "shape" : "05bc1215-f612-4870-b7ec-cac9c323091b",
    "color" : "#FFFFFF",
    "position" : {
      "x" : 10.281153,
      "y" : 5.545085,
      "z" : 2.118034
    }
  }, {
    "shape" : "e06f78a9-c634-44eb-868f-f4f599c728ee",
    "color" : "#007695",
    "position" : {
      "x" : -13.708204,
      "y" : 0.0,
      "z" : 0.0
    },
    "orientation" : 9
  }, {
    "shape" : "05bc1215-f612-4870-b7ec-cac9c323091b",
    "color" : "#FFFFFF",
    "position" : {
      "x" : 10.281153,
      "y" : -5.545085,
      "z" : -2.118034
    }
  }, {
    "shape" : "05bc1215-f612-4870-b7ec-cac9c323091b",
    "color" : "#FFFFFF",
    "position" : {
      "x" : 0.0,
      "y" : -14.786893,
      "z" : -5.648091
    }
  }, {
    "shape" : "05bc1215-f612-4870-b7ec-cac9c323091b",
    "color" : "#FFFFFF",
    "position" : {
      "x" : 13.708204,
      "y" : -11.09017,
      "z" : -4.236068
    }
  }, {
    "shape" : "e06f78a9-c634-44eb-868f-f4f599c728ee",
    "color" : "#007695",
    "position" : {
      "x" : 0.0,
      "y" : -11.09017,
      "z" : -4.236068
    },
    "orientation" : 45
  }, {
    "shape" : "05bc1215-f612-4870-b7ec-cac9c323091b",
    "color" : "#FFFFFF",
    "position" : {
      "x" : -20.562305,
      "y" : -11.09017,
      "z" : -4.236068
    }
  }, {
    "shape" : "05bc1215-f612-4870-b7ec-cac9c323091b",
    "color" : "#FFFFFF",
    "position" : {
      "x" : 6.854102,
      "y" : 11.09017,
      "z" : 4.236068
    }
  }, {
    "shape" : "e8f13013-a74a-4e2a-9d4e-058bcfc0ae07",
    "color" : "#6C00C6",
    "position" : {
      "x" : 0.0,
      "y" : 11.09017,
      "z" : 4.236068
    },
    "orientation" : 1
  }, {
    "shape" : "05bc1215-f612-4870-b7ec-cac9c323091b",
    "color" : "#FFFFFF",
    "position" : {
      "x" : 13.708204,
      "y" : 0.0,
      "z" : 0.0
    }
  }, {
    "shape" : "e06f78a9-c634-44eb-868f-f4f599c728ee",
    "color" : "#007695",
    "position" : {
      "x" : 3.427051,
      "y" : 16.635256,
      "z" : 6.354102
    },
    "orientation" : 24
  }, {
    "shape" : "05bc1215-f612-4870-b7ec-cac9c323091b",
    "color" : "#FFFFFF",
    "position" : {
      "x" : -3.427051,
      "y" : -5.545085,
      "z" : -2.118034
    }
  }, {
    "shape" : "05bc1215-f612-4870-b7ec-cac9c323091b",
    "color" : "#FFFFFF",
    "position" : {
      "x" : 3.427051,
      "y" : -16.635256,
      "z" : -6.354102
    }
  }, {
    "shape" : "05bc1215-f612-4870-b7ec-cac9c323091b",
    "color" : "#FFFFFF",
    "position" : {
      "x" : -10.281153,
      "y" : -5.545085,
      "z" : -2.118034
    }
  }, {
    "shape" : "e06f78a9-c634-44eb-868f-f4f599c728ee",
    "color" : "#007695",
    "position" : {
      "x" : 3.427051,
      "y" : 16.635256,
      "z" : 6.354102
    },
    "orientation" : 51
  }, {
    "shape" : "e8f13013-a74a-4e2a-9d4e-058bcfc0ae07",
    "color" : "#000000",
    "position" : {
      "x" : 3.427051,
      "y" : -5.545085,
      "z" : -2.118034
    },
    "orientation" : 12
  }, {
    "shape" : "e8f13013-a74a-4e2a-9d4e-058bcfc0ae07",
    "color" : "#6C00C6",
    "position" : {
      "x" : 0.0,
      "y" : -11.09017,
      "z" : -4.236068
    },
    "orientation" : 1
  }, {
    "shape" : "e06f78a9-c634-44eb-868f-f4f599c728ee",
    "color" : "#007695",
    "position" : {
      "x" : 10.281153,
      "y" : 5.545085,
      "z" : 2.118034
    },
    "orientation" : 51
  }, {
    "shape" : "05bc1215-f612-4870-b7ec-cac9c323091b",
    "color" : "#FFFFFF",
    "position" : {
      "x" : 0.0,
      "y" : 11.09017,
      "z" : 4.236068
    }
  }, {
    "shape" : "e06f78a9-c634-44eb-868f-f4f599c728ee",
    "color" : "#007695",
    "position" : {
      "x" : 6.854102,
      "y" : 0.0,
      "z" : 0.0
    },
    "orientation" : 0
  }, {
    "shape" : "05bc1215-f612-4870-b7ec-cac9c323091b",
    "color" : "#FFFFFF",
    "position" : {
      "x" : -3.427051,
      "y" : -16.635256,
      "z" : -6.354102
    }
  }, {
    "shape" : "e06f78a9-c634-44eb-868f-f4f599c728ee",
    "color" : "#007695",
    "position" : {
      "x" : 13.708204,
      "y" : 0.0,
      "z" : 0.0
    },
    "orientation" : 36
  }, {
    "shape" : "e8f13013-a74a-4e2a-9d4e-058bcfc0ae07",
    "color" : "#000000",
    "position" : {
      "x" : -3.427051,
      "y" : -5.545085,
      "z" : -2.118034
    },
    "orientation" : 48
  }, {
    "shape" : "e06f78a9-c634-44eb-868f-f4f599c728ee",
    "color" : "#007695",
    "position" : {
      "x" : -10.281153,
      "y" : -5.545085,
      "z" : -2.118034
    },
    "orientation" : 24
  }, {
    "shape" : "e8f13013-a74a-4e2a-9d4e-058bcfc0ae07",
    "color" : "#6C00C6",
    "position" : {
      "x" : 6.854102,
      "y" : 0.0,
      "z" : 0.0
    },
    "orientation" : 1
  }, {
    "shape" : "e8f13013-a74a-4e2a-9d4e-058bcfc0ae07",
    "color" : "#6C00C6",
    "position" : {
      "x" : -3.427051,
      "y" : 16.635256,
      "z" : 6.354102
    },
    "orientation" : 27
  }, {
    "shape" : "e06f78a9-c634-44eb-868f-f4f599c728ee",
    "color" : "#007695",
    "position" : {
      "x" : -6.854102,
      "y" : 11.09017,
      "z" : 4.236068
    },
    "orientation" : 24
  }, {
    "shape" : "849d4bb0-a4cd-49ac-aa0c-3a40695967df",
    "color" : "#0000FF",
    "position" : {
      "x" : 0.0,
      "y" : 0.0,
