{
  "field" : "golden",
  "symmetry" : "icosahedral",
  "orientations" : [ [ 1.0, 0.0, 0.0, 0.0, 0.0, 1.0, 0.0, 0.0, 0.0, 0.0, 1.0, 0.0, 0.0, 0.0, 0.0, 1.0 ], [ 0.0, 0.0, 1.0, 0.0, 1.0, 0.0, 0.0, 0.0, 0.0, 1.0, 0.0, 0.0, 0.0, 0.0, 0.0, 1.0 ], [ 0.0, 1.0, 0.0, 0.0, 0.0, 0.0, 1.0, 0.0, 1.0, 0.0, 0.0, 0.0, 0.0, 0.0, 0.0, 1.0 ], [ 0.809017, 0.309017, 0.5, 0.0, 0.309017, 0.5, -0.809017, 0.0, -0.5, 0.809017, 0.309017, 0.0, 0.0, 0.0, 0.0, 1.0 ], [ -0.5, 0.809017, 0.309017, 0.0, 0.809017, 0.309017, 0.5, 0.0, 0.309017, 0.5, -0.809017, 0.0, 0.0, 0.0, 0.0, 1.0 ], [ 0.309017, 0.5, -0.809017, 0.0, -0.5, 0.809017, 0.309017, 0.0, 0.809017, 0.309017, 0.5, 0.0, 0.0, 0.0, 0.0, 1.0 ], [ 0.5, 0.809017, 0.309017, 0.0, 0.809017, -0.309017, -0.5, 0.0, -0.309017, 0.5, -0.809017, 0.0, 0.0, 0.0, 0.0, 1.0 ], [ -0.309017, 0.5, -0.809017, 0.0, 0.5, 0.809017, 0.309017, 0.0, 0.809017, -0.309017, -0.5, 0.0, 0.0, 0.0, 0.0, 1.0 ], [ 0.809017, -0.309017, -0.5, 0.0, -0.309017, 0.5, -0.809017, 0.0, 0.5, 0.809017, 0.309017, 0.0, 0.0, 0.0, 0.0, 1.0 ], [ 0.5, 0.809017, -0.309017, 0.0, 0.809017, -0.309017, 0.5, 0.0, 0.309017, -0.5, -0.809017, 0.0, 0.0, 0.0, 0.0, 1.0 ], [ 0.309017, -0.5, -0.809017, 0.0, 0.5, 0.809017, -0.309017, 0.0, 0.809017, -0.309017, 0.5, 0.0, 0.0, 0.0, 0.0, 1.0 ], [ 0.809017, -0.309017, 0.5, 0.0, 0.309017, -0.5, -0.809017, 0.0, 0.5, 0.809017, -0.309017, 0.0, 0.0, 0.0, 0.0, 1.0 ], [ 0.809017, 0.309017, -0.5, 0.0, 0.309017, 0.5, 0.809017, 0.0, 0.5, -0.809017, 0.309017, 0.0, 0.0, 0.0, 0.0, 1.0 ], [ 0.5, -0.809017, 0.309017, 0.0, 0.809017, 0.309017, -0.5, 0.0, 0.309017, 0.5, 0.809017, 0.0, 0.0, 0.0, 0.0, 1.0 ], [ 0.309017, 0.5, 0.809017, 0.0, 0.5, -0.809017, 0.309017, 0.0, 0.809017, 0.309017, -0.5, 0.0, 0.0, 0.0, 0.0, 1.0 ], [ 1.0, 0.0, 0.0, 0.0, 0.0, -1.0, 0.0, 0.0, 0.0, 0.0, -1.0, 0.0, 0.0, 0.0, 0.0, 1.0 ], [ 0.0, 0.0, 1.0, 0.0, -1.0, 0.0, 0.0, 0.0, 0.0, -1.0, 0.0, 0.0, 0.0, 0.0, 0.0, 1.0 ], [ 0.0, 1.0, 0.0, 0.0, 0.0, 0.0, -1.0, 0.0, -1.0, 0.0, 0.0, 0.0, 0.0, 0.0, 0.0, 1.0 ], [ 0.809017, 0.309017, 0.5, 0.0, -0.309017, -0.5, 0.809017, 0.0, 0.5, -0.809017, -0.309017, 0.0, 0.0, 0.0, 0.0, 1.0 ], [ -0.5, 0.809017, 0.309017, 0.0, -0.809017, -0.309017, -0.5, 0.0, -0.309017, -0.5, 0.809017, 0.0, 0.0, 0.0, 0.0, 1.0 ], [ 0.309017, 0.5, -0.809017, 0.0, 0.5, -0.809017, -0.309017, 0.0, -0.809017, -0.309017, -0.5, 0.0, 0.0, 0.0, 0.0, 1.0 ], [ 0.5, 0.809017, 0.309017, 0.0, -0.809017, 0.309017, 0.5, 0.0, 0.309017, -0.5, 0.809017, 0.0, 0.0, 0.0, 0.0, 1.0 ], [ -0.309017, 0.5, -0.809017, 0.0, -0.5, -0.809017, -0.309017, 0.0, -0.809017, 0.309017, 0.5, 0.0, 0.0, 0.0, 0.0, 1.0 ], [ 0.809017, -0.309017, -0.5, 0.0, 0.309017, -0.5, 0.809017, 0.0, -0.5, -0.809017, -0.309017, 0.0, 0.0, 0.0, 0.0, 1.0 ], [ 0.5, 0.809017, -0.309017, 0.0, -0.809017, 0.309017, -0.5, 0.0, -0.309017, 0.5, 0.809017, 0.0, 0.0, 0.0, 0.0, 1.0 ], [ 0.309017, -0.5, -0.809017, 0.0, -0.5, -0.809017, 0.309017, 0.0, -0.809017, 0.309017, -0.5, 0.0, 0.0, 0.0, 0.0, 1.0 ], [ 0.809017, -0.309017, 0.5, 0.0, -0.309017, 0.5, 0.809017, 0.0, -0.5, -0.809017, 0.309017, 0.0, 0.0, 0.0, 0.0, 1.0 ], [ 0.809017, 0.309017, -0.5, 0.0, -0.309017, -0.5, -0.809017, 0.0, -0.5, 0.809017, -0.309017, 0.0, 0.0, 0.0, 0.0, 1.0 ], [ 0.5, -0.809017, 0.309017, 0.0, -0.809017, -0.309017, 0.5, 0.0, -0.309017, -0.5, -0.809017, 0.0, 0.0, 0.0, 0.0, 1.0 ], [ 0.309017, 0.5, 0.809017, 0.0, -0.5, 0.809017, -0.309017, 0.0, -0.809017, -0.309017, 0.5, 0.0, 0.0, 0.0, 0.0, 1.0 ], [ -1.0, 0.0, 0.0, 0.0, 0.0, -1.0, 0.0, 0.0, 0.0, 0.0, 1.0, 0.0, 0.0, 0.0, 0.0, 1.0 ], [ 0.0, 0.0, -1.0, 0.0, -1.0, 0.0, 0.0, 0.0, 0.0, 1.0, 0.0, 0.0, 0.0, 0.0, 0.0, 1.0 ], [ 0.0, -1.0, 0.0, 0.0, 0.0, 0.0, -1.0, 0.0, 1.0, 0.0, 0.0, 0.0, 0.0, 0.0, 0.0, 1.0 ], [ -0.809017, -0.309017, -0.5, 0.0, -0.309017, -0.5, 0.809017, 0.0, -0.5, 0.809017, 0.309017, 0.0, 0.0, 0.0, 0.0, 1.0 ], [ 0.5, -0.809017, -0.309017, 0.0, -0.809017, -0.309017, -0.5, 0.0, 0.309017, 0.5, -0.809017, 0.0, 0.0, 0.0, 0.0, 1.0 ], [ -0.309017, -0.5, 0.809017, 0.0, 0.5, -0.809017, -0.309017, 0.0, 0.809017, 0.309017, 0.5, 0.0, 0.0, 0.0, 0.0, 1.0 ], [ -0.5, -0.809017, -0.309017, 0.0, -0.809017, 0.309017, 0.5, 0.0, -0.309017, 0.5, -0.809017, 0.0, 0.0, 0.0, 0.0, 1.0 ], [ 0.309017, -0.5, 0.809017, 0.0, -0.5, -0.809017, -0.309017, 0.0, 0.809017, -0.309017, -0.5, 0.0, 0.0, 0.0, 0.0, 1.0 ], [ -0.809017, 0.309017, 0.5, 0.0, 0.309017, -0.5, 0.809017, 0.0, 0.5, 0.809017, 0.309017, 0.0, 0.0, 0.0, 0.0, 1.0 ], [ -0.5, -0.809017, 0.309017, 0.0, -0.809017, 0.309017, -0.5, 0.0, 0.309017, -0.5, -0.809017, 0.0, 0.0, 0.0, 0.0, 1.0 ], [ -0.309017, 0.5, 0.809017, 0.0, -0.5, -0.809017, 0.309017, 0.0, 0.809017, -0.309017, 0.5, 0.0, 0.0, 0.0, 0.0, 1.0 ], [ -0.809017, 0.309017, -0.5, 0.0, -0.309017, 0.5, 0.809017, 0.0, 0.5, 0.809017, -0.309017, 0.0, 0.0, 0.0, 0.0, 1.0 ], [ -0.809017, -0.309017, 0.5, 0.0, -0.309017, -0.5, -0.809017, 0.0, 0.5, -0.809017, 0.309017, 0.0, 0.0, 0.0, 0.0, 1.0 ], [ -0.5, 0.809017, -0.309017, 0.0, -0.809017, -0.309017, 0.5, 0.0, 0.309017, 0.5, 0.809017, 0.0, 0.0, 0.0, 0.0, 1.0 ], [ -0.309017, -0.5, -0.809017, 0.0, -0.5, 0.809017, -0.309017, 0.0, 0.809017, 0.309017, -0.5, 0.0, 0.0, 0.0, 0.0, 1.0 ], [ -1.0, 0.0, 0.0, 0.0, 0.0, 1.0, 0.0, 0.0, 0.0, 0.0, -1.0, 0.0, 0.0, 0.0, 0.0, 1.0 ], [ 0.0, 0.0, -1.0, 0.0, 1.0, 0.0, 0.0, 0.0, 0.0, -1.0, 0.0, 0.0, 0.0, 0.0, 0.0, 1.0 ], [ 0.0, -1.0, 0.0, 0.0, 0.0, 0.0, 1.0, 0.0, -1.0, 0.0, 0.0, 0.0, 0.0, 0.0, 0.0, 1.0 ], [ -0.809017, -0.309017, -0.5, 0.0, 0.309017, 0.5, -0.809017, 0.0, 0.5, -0.809017, -0.309017, 0.0, 0.0, 0.0, 0.0, 1.0 ], [ 0.5, -0.809017, -0.309017, 0.0, 0.809017, 0.309017, 0.5, 0.0, -0.309017, -0.5, 0.809017, 0.0, 0.0, 0.0, 0.0, 1.0 ], [ -0.309017, -0.5, 0.809017, 0.0, -0.5, 0.809017, 0.309017, 0.0, -0.809017, -0.309017, -0.5, 0.0, 0.0, 0.0, 0.0, 1.0 ], [ -0.5, -0.809017, -0.309017, 0.0, 0.809017, -0.309017, -0.5, 0.0, 0.309017, -0.5, 0.809017, 0.0, 0.0, 0.0, 0.0, 1.0 ], [ 0.309017, -0.5, 0.809017, 0.0, 0.5, 0.809017, 0.309017, 0.0, -0.809017, 0.309017, 0.5, 0.0, 0.0, 0.0, 0.0, 1.0 ], [ -0.809017, 0.309017, 0.5, 0.0, -0.309017, 0.5, -0.809017, 0.0, -0.5, -0.809017, -0.309017, 0.0, 0.0, 0.0, 0.0, 1.0 ], [ -0.5, -0.809017, 0.309017, 0.0, 0.809017, -0.309017, 0.5, 0.0, -0.309017, 0.5, 0.809017, 0.0, 0.0, 0.0, 0.0, 1.0 ], [ -0.309017, 0.5, 0.809017, 0.0, 0.5, 0.809017, -0.309017, 0.0, -0.809017, 0.309017, -0.5, 0.0, 0.0, 0.0, 0.0, 1.0 ], [ -0.809017, 0.309017, -0.5, 0.0, 0.309017, -0.5, -0.809017, 0.0, -0.5, -0.809017, 0.309017, 0.0, 0.0, 0.0, 0.0, 1.0 ], [ -0.809017, -0.309017, 0.5, 0.0, 0.309017, 0.5, 0.809017, 0.0, -0.5, 0.809017, -0.309017, 0.0, 0.0, 0.0, 0.0, 1.0 ], [ -0.5, 0.809017, -0.309017, 0.0, 0.809017, 0.309017, -0.5, 0.0, -0.309017, -0.5, -0.809017, 0.0, 0.0, 0.0, 0.0, 1.0 ], [ -0.309017, -0.5, -0.809017, 0.0, 0.5, -0.809017, 0.309017, 0.0, -0.809017, -0.309017, 0.5, 0.0, 0.0, 0.0, 0.0, 1.0 ] ],
  "lights" : {
    "directionalLights" : [ {
      "direction" : {
        "x" : 1.0,
        "y" : -1.0,
        "z" : -1.0
      },
      "color" : "#EBEBE4"
    }, {
      "direction" : {
        "x" : -1.0,
        "y" : 0.0,
        "z" : 0.0
      },
      "color" : "#E4E4EB"
    }, {
      "direction" : {
        "x" : 0.0,
        "y" : 0.0,
        "z" : -1.0
      },
      "color" : "#1E1E1E"
    } ],
    "backgroundColor" : "#AFC8DC",
    "ambientColor" : "#292929"
  },
  "camera" : {
    "position" : {
      "x" : -142.53296,
      "y" : -142.53296,
      "z" : 142.53296
    },
    "width" : 111.09344,
    "farClipDistance" : 493.7481,
    "nearClipDistance" : 0.61718583,
    "lookAtPoint" : {
      "x" : 0.0,
      "y" : 0.0,
      "z" : 0.0
    },
    "fieldOfView" : 0.44262883,
    "viewDistance" : 246.87433,
    "perspective" : false,
    "lookDirection" : {
      "x" : 0.57735026,
      "y" : 0.57735026,
      "z" : -0.57735026
    },
    "stereo" : false,
    "upDirection" : {
      "x" : -0.5720614,
      "y" : -0.218508,
      "z" : -0.7905694
    }
  },
  "embedding" : [ 1.0, 0.0, 0.0, 0.0, 0.0, 1.0, 0.0, 0.0, 0.0, 0.0, 1.0, 0.0, 0.0, 0.0, 0.0, 1.0 ],
  "shapes" : [ {
    "id" : "55f8f948-d82b-426c-a2c6-07f6015919e9",
    "vertices" : [ {
      "x" : -20.666494,
      "y" : 20.399828,
      "z" : -9.983247
    }, {
      "x" : -20.566494,
      "y" : 20.299828,
      "z" : -10.383247
    }, {
      "x" : -0.2777778,
      "y" : 0.54444444,
      "z" : -0.4888889
    }, {
      "x" : -0.37777779,
      "y" : 0.64444447,
      "z" : -0.08888889
    }, {
      "x" : -20.33316,
      "y" : 20.599827,
      "z" : -10.516581
    }, {
      "x" : -20.43316,
      "y" : 20.699827,
      "z" : -10.11658
    }, {
      "x" : -0.6111111,
      "y" : 0.34444445,
      "z" : 0.044444446
    }, {
      "x" : -0.51111114,
      "y" : 0.24444444,
      "z" : -0.35555556
    } ],
    "faces" : [ {
      "vertices" : [ 2, 3, 6 ]
    }, {
      "vertices" : [ 2, 6, 7 ]
    }, {
      "vertices" : [ 0, 5, 4 ]
    }, {
      "vertices" : [ 0, 4, 1 ]
    }, {
      "vertices" : [ 2, 4, 5 ]
    }, {
      "vertices" : [ 2, 5, 3 ]
    }, {
      "vertices" : [ 0, 6, 3 ]
    }, {
      "vertices" : [ 0, 3, 5 ]
    }, {
      "vertices" : [ 0, 1, 7 ]
    }, {
      "vertices" : [ 0, 7, 6 ]
    }, {
      "vertices" : [ 1, 4, 2 ]
    }, {
      "vertices" : [ 1, 2, 7 ]
    } ]
  }, {
    "id" : "f666a53f-7c18-4387-81c2-861c3ac15c2a",
    "vertices" : [ {
      "x" : 0.309017,
      "y" : -0.309017,
      "z" : -0.309017
    }, {
      "x" : 0.5,
      "y" : 0.0,
      "z" : -0.19098301
    }, {
      "x" : 0.5,
      "y" : 0.0,
      "z" : 0.19098301
    }, {
      "x" : 0.309017,
      "y" : -0.309017,
      "z" : 0.309017
    }, {
      "x" : 0.19098301,
      "y" : -0.5,
      "z" : 0.0
    }, {
      "x" : 0.0,
      "y" : 0.19098301,
      "z" : 0.5
    }, {
      "x" : 0.0,
      "y" : -0.19098301,
      "z" : 0.5
    }, {
      "x" : 0.309017,
      "y" : 0.309017,
      "z" : 0.309017
    }, {
      "x" : -0.309017,
      "y" : -0.309017,
      "z" : 0.309017
    }, {
      "x" : -0.309017,
      "y" : 0.309017,
      "z" : 0.309017
    }, {
      "x" : -0.5,
      "y" : 0.0,
      "z" : 0.19098301
    }, {
      "x" : 0.0,
      "y" : -0.19098301,
      "z" : -0.5
    }, {
      "x" : 0.0,
      "y" : 0.19098301,
      "z" : -0.5
    }, {
      "x" : 0.309017,
      "y" : 0.309017,
      "z" : -0.309017
    }, {
      "x" : -0.309017,
      "y" : -0.309017,
      "z" : -0.309017
    }, {
      "x" : -0.19098301,
      "y" : -0.5,
      "z" : 0.0
    }, {
      "x" : -0.5,
      "y" : 0.0,
      "z" : -0.19098301
    }, {
      "x" : 0.19098301,
      "y" : 0.5,
      "z" : 0.0
    }, {
      "x" : -0.309017,
      "y" : 0.309017,
      "z" : -0.309017
    }, {
      "x" : 0.0,
      "y" : 0.0,
      "z" : 0.0
    }, {
      "x" : -0.19098301,
      "y" : 0.5,
      "z" : 0.0
    } ],
    "faces" : [ {
      "vertices" : [ 12, 18, 20 ]
    }, {
      "vertices" : [ 12, 20, 17 ]
    }, {
      "vertices" : [ 12, 17, 13 ]
    }, {
      "vertices" : [ 3, 6, 8 ]
    }, {
      "vertices" : [ 3, 8, 15 ]
    }, {
      "vertices" : [ 3, 15, 4 ]
    }, {
      "vertices" : [ 0, 11, 12 ]
    }, {
      "vertices" : [ 0, 12, 13 ]
    }, {
      "vertices" : [ 0, 13, 1 ]
    }, {
      "vertices" : [ 5, 9, 10 ]
    }, {
      "vertices" : [ 5, 10, 8 ]
    }, {
      "vertices" : [ 5, 8, 6 ]
    }, {
      "vertices" : [ 2, 7, 5 ]
    }, {
      "vertices" : [ 2, 5, 6 ]
    }, {
      "vertices" : [ 2, 6, 3 ]
    }, {
      "vertices" : [ 11, 14, 16 ]
    }, {
      "vertices" : [ 11, 16, 18 ]
    }, {
      "vertices" : [ 11, 18, 12 ]
    }, {
      "vertices" : [ 1, 13, 17 ]
    }, {
      "vertices" : [ 1, 17, 7 ]
    }, {
      "vertices" : [ 1, 7, 2 ]
    }, {
      "vertices" : [ 9, 20, 18 ]
    }, {
      "vertices" : [ 9, 18, 16 ]
    }, {
      "vertices" : [ 9, 16, 10 ]
    }, {
      "vertices" : [ 0, 1, 2 ]
    }, {
      "vertices" : [ 0, 2, 3 ]
    }, {
      "vertices" : [ 0, 3, 4 ]
    }, {
      "vertices" : [ 5, 7, 17 ]
    }, {
      "vertices" : [ 5, 17, 20 ]
    }, {
      "vertices" : [ 5, 20, 9 ]
    }, {
      "vertices" : [ 0, 4, 15 ]
    }, {
      "vertices" : [ 0, 15, 14 ]
    }, {
      "vertices" : [ 0, 14, 11 ]
    }, {
      "vertices" : [ 8, 10, 16 ]
    }, {
      "vertices" : [ 8, 16, 14 ]
    }, {
      "vertices" : [ 8, 14, 15 ]
    } ]
  }, {
    "id" : "cf5e0193-bd00-488a-a2ea-5bce1a44928f",
    "vertices" : [ {
      "x" : 1.0,
      "y" : 0.309017,
      "z" : 0.19098301
    }, {
      "x" : 1.0,
      "y" : -0.309017,
      "z" : 0.19098301
    }, {
      "x" : 30.416409,
      "y" : -0.309017,
      "z" : 0.19098301
    }, {
      "x" : 30.416409,
      "y" : 0.309017,
      "z" : 0.19098301
    }, {
      "x" : 30.416409,
      "y" : -0.309017,
      "z" : -0.19098301
    }, {
      "x" : 30.416409,
      "y" : 0.309017,
      "z" : -0.19098301
    }, {
      "x" : 31.034441,
      "y" : 0.0,
      "z" : 0.0
    }, {
      "x" : 0.38196602,
      "y" : 0.0,
      "z" : 0.0
    }, {
      "x" : 1.0,
      "y" : 0.309017,
      "z" : -0.19098301
    }, {
      "x" : 1.0,
      "y" : -0.309017,
      "z" : -0.19098301
    }, {
      "x" : 31.416409,
      "y" : 0.0,
      "z" : 0.0
    } ],
    "faces" : [ {
      "vertices" : [ 1, 9, 4 ]
    }, {
      "vertices" : [ 1, 4, 2 ]
    }, {
      "vertices" : [ 0, 3, 5 ]
    }, {
      "vertices" : [ 0, 5, 8 ]
    }, {
      "vertices" : [ 1, 7, 9 ]
    }, {
      "vertices" : [ 0, 1, 2 ]
    }, {
      "vertices" : [ 0, 2, 3 ]
    }, {
      "vertices" : [ 7, 8, 9 ]
    }, {
      "vertices" : [ 0, 7, 1 ]
    }, {
      "vertices" : [ 4, 9, 8 ]
    }, {
      "vertices" : [ 4, 8, 5 ]
    }, {
      "vertices" : [ 2, 6, 3 ]
    }, {
      "vertices" : [ 2, 4, 6 ]
    }, {
      "vertices" : [ 3, 6, 5 ]
    }, {
      "vertices" : [ 4, 5, 6 ]
    }, {
      "vertices" : [ 0, 8, 7 ]
    } ]
  } ],
  "instances" : [ {
    "shape" : "55f8f948-d82b-426c-a2c6-07f6015919e9",
    "color" : "#FFFFFF",
    "position" : {
      "x" : 15.708204,
      "y" : -15.708204,
      "z" : -15.708204
    },
    "orientation" : 47
  }, {
    "shape" : "f666a53f-7c18-4387-81c2-861c3ac15c2a",
    "color" : "#FFFFFF",
    "position" : {
      "x" : 26.18034,
      "y" : 5.236068,
      "z" : 5.236068
    }
  }, {
    "shape" : "55f8f948-d82b-426c-a2c6-07f6015919e9",
    "color" : "#FFFFFF",
    "position" : {
      "x" : 5.236068,
      "y" : 26.18034,
      "z" : 5.236068
    },
    "orientation" : 1
  }, {
    "shape" : "55f8f948-d82b-426c-a2c6-07f6015919e9",
    "color" : "#FFFFFF",
    "position" : {
      "x" : -5.236068,
      "y" : 5.236068,
      "z" : 26.18034
    },
    "orientation" : 30
  }, {
    "shape" : "55f8f948-d82b-426c-a2c6-07f6015919e9",
    "color" : "#FFFFFF",
    "position" : {
      "x" : -26.18034,
      "y" : -5.236068,
      "z" : -5.236068
    },
    "orientation" : 31
  }, {
    "shape" : "cf5e0193-bd00-488a-a2ea-5bce1a44928f",
    "color" : "#FFFFFF",
    "position" : {
      "x" : 15.708204,
      "y" : -15.708204,
      "z" : -15.708204
    },
    "orientation" : 1
  }, {
    "shape" : "55f8f948-d82b-426c-a2c6-07f6015919e9",
    "color" : "#FFFFFF",
    "position" : {
      "x" : -15.708204,
      "y" : 15.708204,
      "z" : -15.708204
    },
    "orientation" : 30
  }, {
    "shape" : "cf5e0193-bd00-488a-a2ea-5bce1a44928f",
    "color" : "#FFFFFF",
    "position" : {
      "x" : 15.708204,
      "y" : 15.708204,
      "z" : 15.708204
    },
    "orientation" : 47
  }, {
    "shape" : "55f8f948-d82b-426c-a2c6-07f6015919e9",
    "color" : "#FFFFFF",
    "position" : {
      "x" : -5.236068,
      "y" : -26.18034,
      "z" : -5.236068
    },
    "orientation" : 17
  }, {
    "shape" : "55f8f948-d82b-426c-a2c6-07f6015919e9",
    "color" : "#FFFFFF",
    "position" : {
      "x" : -5.236068,
      "y" : 26.18034,
      "z" : -5.236068
    },
    "orientation" : 15
  }, {
    "shape" : "f666a53f-7c18-4387-81c2-861c3ac15c2a",
    "color" : "#FFFFFF",
    "position" : {
      "x" : -15.708204,
      "y" : -15.708204,
      "z" : 15.708204
    }
  }, {
    "shape" : "f666a53f-7c18-4387-81c2-861c3ac15c2a",
    "color" : "#FFFFFF",
    "position" : {
      "x" : -5.236068,
      "y" : -5.236068,
      "z" : -26.18034
    }
  }, {
    "shape" : "f666a53f-7c18-4387-81c2-861c3ac15c2a",
    "color" : "#FFFFFF",
    "position" : {
      "x" : 5.236068,
      "y" : -26.18034,
      "z" : -5.236068
    }
  }, {
    "shape" : "55f8f948-d82b-426c-a2c6-07f6015919e9",
    "color" : "#FFFFFF",
    "position" : {
      "x" : 5.236068,
      "y" : -26.18034,
      "z" : -5.236068
    },
    "orientation" : 16
  }, {
    "shape" : "55f8f948-d82b-426c-a2c6-07f6015919e9",
    "color" : "#FFFFFF",
    "position" : {
      "x" : -26.18034,
      "y" : 5.236068,
      "z" : -5.236068
    },
    "orientation" : 45
  }, {
    "shape" : "f666a53f-7c18-4387-81c2-861c3ac15c2a",
    "color" : "#FFFFFF",
    "position" : {
      "x" : -26.18034,
      "y" : 5.236068,
      "z" : -5.236068
    }
  }, {
    "shape" : "f666a53f-7c18-4387-81c2-861c3ac15c2a",
    "color" : "#FFFFFF",
    "position" : {
      "x" : -5.236068,
      "y" : 26.18034,
      "z" : 5.236068
    }
  }, {
    "shape" : "f666a53f-7c18-4387-81c2-861c3ac15c2a",
    "color" : "#FFFFFF",
    "position" : {
      "x" : -5.236068,
      "y" : -26.18034,
      "z" : -5.236068
    }
  }, {
    "shape" : "55f8f948-d82b-426c-a2c6-07f6015919e9",
    "color" : "#FFFFFF",
    "position" : {
      "x" : 15.708204,
      "y" : -15.708204,
      "z" : -15.708204
    },
    "orientation" : 0
  }, {
    "shape" : "55f8f948-d82b-426c-a2c6-07f6015919e9",
    "color" : "#FFFFFF",
    "position" : {
      "x" : 5.236068,
      "y" : 5.236068,
      "z" : 26.18034
    },
    "orientation" : 16
  }, {
    "shape" : "55f8f948-d82b-426c-a2c6-07f6015919e9",
    "color" : "#FFFFFF",
    "position" : {
      "x" : -5.236068,
      "y" : -26.18034,
      "z" : 5.236068
    },
    "orientation" : 31
  }, {
    "shape" : "f666a53f-7c18-4387-81c2-861c3ac15c2a",
    "color" : "#FFFFFF",
    "position" : {
      "x" : -5.236068,
      "y" : 5.236068,
      "z" : -26.18034
    }
  }, {
    "shape" : "55f8f948-d82b-426c-a2c6-07f6015919e9",
    "color" : "#FFFFFF",
    "position" : {
      "x" : -26.18034,
      "y" : 5.236068,
      "z" : -5.236068
    },
    "orientation" : 2
  }, {
    "shape" : "55f8f948-d82b-426c-a2c6-07f6015919e9",
    "color" : "#FFFFFF",
    "position" : {
      "x" : -5.236068,
      "y" : 5.236068,
      "z" : -26.18034
    },
    "orientation" : 31
  }, {
    "shape" : "f666a53f-7c18-4387-81c2-861c3ac15c2a",
    "color" : "#FFFFFF",
    "position" : {
      "x" : -15.708204,
      "y" : 15.708204,
      "z" : 15.708204
    }
  }, {
    "shape" : "55f8f948-d82b-426c-a2c6-07f6015919e9",
    "color" : "#FFFFFF",
    "position" : {
      "x" : -15.708204,
      "y" : 15.708204,
      "z" : -15.708204
    },
    "orientation" : 17
  }, {
    "shape" : "cf5e0193-bd00-488a-a2ea-5bce1a44928f",
    "color" : "#FFFFFF",
    "position" : {
      "x" : -15.708204,
      "y" : 15.708204,
      "z" : 15.708204
    },
    "orientation" : 16
  }, {
    "shape" : "cf5e0193-bd00-488a-a2ea-5bce1a44928f",
    "color" : "#FFFFFF",
    "position" : {
      "x" : 15.708204,
      "y" : 15.708204,
      "z" : -15.708204
    },
    "orientation" : 45
  }, {
    "shape" : "cf5e0193-bd00-488a-a2ea-5bce1a44928f",
    "color" : "#FFFFFF",
    "position" : {
      "x" : -15.708204,
      "y" : 15.708204,
      "z" : 15.708204
    },
    "orientation" : 0
  }, {
    "shape" : "f666a53f-7c18-4387-81c2-861c3ac15c2a",
    "color" : "#FFFFFF",
    "position" : {
      "x" : 5.236068,
      "y" : -5.236068,
      "z" : -26.18034
    }
  }, {
    "shape" : "f666a53f-7c18-4387-81c2-861c3ac15c2a",
    "color" : "#FFFFFF",
    "position" : {
      "x" : 15.708204,
      "y" : -15.708204,
      "z" : 15.708204
    }
  }, {
    "shape" : "55f8f948-d82b-426c-a2c6-07f6015919e9",
    "color" : "#FFFFFF",
    "position" : {
      "x" : -26.18034,
      "y" : -5.236068,
      "z" : 5.236068
    },
    "orientation" : 30
  }, {
    "shape" : "55f8f948-d82b-426c-a2c6-07f6015919e9",
    "color" : "#FFFFFF",
    "position" : {
      "x" : 5.236068,
      "y" : 26.18034,
      "z" : 5.236068
    },
    "orientation" : 30
  }, {
    "shape" : "f666a53f-7c18-4387-81c2-861c3ac15c2a",
    "color" : "#FFFFFF",
    "position" : {
      "x" : 5.236068,
      "y" : 26.18034,
      "z" : -5.236068
    }
  }, {
    "shape" : "55f8f948-d82b-426c-a2c6-07f6015919e9",
    "color" : "#FFFFFF",
    "position" : {
      "x" : -5.236068,
      "y" : 5.236068,
      "z" : -26.18034
    },
    "orientation" : 47
  }, {
    "shape" : "55f8f948-d82b-426c-a2c6-07f6015919e9",
    "color" : "#FFFFFF",
    "position" : {
      "x" : 5.236068,
      "y" : -26.18034,
      "z" : -5.236068
    },
    "orientation" : 45
  }, {
    "shape" : "f666a53f-7c18-4387-81c2-861c3ac15c2a",
    "color" : "#FFFFFF",
    "position" : {
      "x" : -15.708204,
      "y" : -15.708204,
      "z" : -15.708204
    }
  }, {
    "shape" : "55f8f948-d82b-426c-a2c6-07f6015919e9",
    "color" : "#FFFFFF",
    "position" : {
      "x" : 26.18034,
      "y" : -5.236068,
      "z" : -5.236068
    },
    "orientation" : 15
  }, {
    "shape" : "55f8f948-d82b-426c-a2c6-07f6015919e9",
    "color" : "#FFFFFF",
    "position" : {
      "x" : 5.236068,
      "y" : -5.236068,
      "z" : -26.18034
    },
    "orientation" : 17
  }, {
    "shape" : "55f8f948-d82b-426c-a2c6-07f6015919e9",
    "color" : "#FFFFFF",
    "position" : {
      "x" : -15.708204,
      "y" : 15.708204,
      "z" : -15.708204
    },
    "orientation" : 1
  }, {
    "shape" : "55f8f948-d82b-426c-a2c6-07f6015919e9",
    "color" : "#FFFFFF",
    "position" : {
      "x" : -5.236068,
      "y" : -5.236068,
      "z" : 26.18034
    },
    "orientation" : 32
  }, {
    "shape" : "55f8f948-d82b-426c-a2c6-07f6015919e9",
    "color" : "#FFFFFF",
    "position" : {
      "x" : -15.708204,
      "y" : -15.708204,
      "z" : 15.708204
    },
    "orientation" : 45
  }, {
    "shape" : "f666a53f-7c18-4387-81c2-861c3ac15c2a",
    "color" : "#FFFFFF",
    "position" : {
      "x" : -5.236068,
      "y" : -26.18034,
      "z" : 5.236068
    }
  }, {
    "shape" : "f666a53f-7c18-4387-81c2-861c3ac15c2a",
    "color" : "#FFFFFF",
    "position" : {
      "x" : 5.236068,
      "y" : 5.236068,
      "z" : 26.18034
    }
  }, {
    "shape" : "55f8f948-d82b-426c-a2c6-07f6015919e9",
    "color" : "#FFFFFF",
    "position" : {
      "x" : -5.236068,
      "y" : 26.18034,
      "z" : 5.236068
    },
    "orientation" : 2
  }, {
    "shape" : "cf5e0193-bd00-488a-a2ea-5bce1a44928f",
    "color" : "#FFFFFF",
    "position" : {
      "x" : -15.708204,
      "y" : 15.708204,
      "z" : -15.708204
    },
    "orientation" : 16
  }, {
    "shape" : "55f8f948-d82b-426c-a2c6-07f6015919e9",
    "color" : "#FFFFFF",
    "position" : {
      "x" : 15.708204,
      "y" : 15.708204,
      "z" : 15.708204
    },
    "orientation" : 32
  }, {
    "shape" : "55f8f948-d82b-426c-a2c6-07f6015919e9",
    "color" : "#FFFFFF",
    "position" : {
      "x" : 26.18034,
      "y" : -5.236068,
      "z" : -5.236068
    },
    "orientation" : 32
  }, {
    "shape" : "cf5e0193-bd00-488a-a2ea-5bce1a44928f",
    "color" : "#FFFFFF",
    "position" : {
      "x" : 15.708204,
      "y" : 15.708204,
      "z" : 15.708204
    },
    "orientation" : 16
  }, {
    "shape" : "55f8f948-d82b-426c-a2c6-07f6015919e9",
    "color" : "#FFFFFF",
    "position" : {
      "x" : 15.708204,
      "y" : -15.708204,
      "z" : -15.708204
    },
    "orientation" : 31
  }, {
    "shape" : "55f8f948-d82b-426c-a2c6-07f6015919e9",
    "color" : "#FFFFFF",
    "position" : {
      "x" : 5.236068,
      "y" : -5.236068,
      "z" : 26.18034
    },
    "orientation" : 0
  }, {
    "shape" : "f666a53f-7c18-4387-81c2-861c3ac15c2a",
    "color" : "#FFFFFF",
    "position" : {
      "x" : 15.708204,
      "y" : 15.708204,
      "z" : 15.708204
    }
  }, {
    "shape" : "55f8f948-d82b-426c-a2c6-07f6015919e9",
    "color" : "#FFFFFF",
    "position" : {
      "x" : -26.18034,
      "y" : 5.236068,
      "z" : 5.236068
    },
    "orientation" : 46
  }, {
    "shape" : "f666a53f-7c18-4387-81c2-861c3ac15c2a",
    "color" : "#FFFFFF",
    "position" : {
      "x" : 15.708204,
      "y" : 15.708204,
      "z" : -15.708204
    }
  }, {
    "shape" : "55f8f948-d82b-426c-a2c6-07f6015919e9",
    "color" : "#FFFFFF",
    "position" : {
      "x" : 26.18034,
      "y" : -5.236068,
      "z" : 5.236068
    },
    "orientation" : 16
  }, {
    "shape" : "55f8f948-d82b-426c-a2c6-07f6015919e9",
    "color" : "#FFFFFF",
    "position" : {
      "x" : -15.708204,
      "y" : -15.708204,
      "z" : 15.708204
    },
    "orientation" : 2
  }, {
    "shape" : "f666a53f-7c18-4387-81c2-861c3ac15c2a",
    "color" : "#FFFFFF",
    "position" : {
      "x" : -26.18034,
      "y" : 5.236068,
      "z" : 5.236068
    }
  }, {
    "shape" : "f666a53f-7c18-4387-81c2-861c3ac15c2a",
    "color" : "#FFFFFF",
    "position" : {
      "x" : -5.236068,
      "y" : 26.18034,
      "z" : -5.236068
    }
  }, {
    "shape" : "55f8f948-d82b-426c-a2c6-07f6015919e9",
    "color" : "#FFFFFF",
    "position" : {
      "x" : 5.236068,
      "y" : 26.18034,
      "z" : -5.236068
    },
    "orientation" : 47
  }, {
    "shape" : "55f8f948-d82b-426c-a2c6-07f6015919e9",
    "color" : "#FFFFFF",
    "position" : {
      "x" : -5.236068,
      "y" : -26.18034,
      "z" : 5.236068
    },
    "orientation" : 0
  }, {
    "shape" : "55f8f948-d82b-426c-a2c6-07f6015919e9",
    "color" : "#FFFFFF",
    "position" : {
      "x" : -5.236068,
      "y" : -5.236068,
      "z" : -26.18034
    },
    "orientation" : 45
  }, {
    "shape" : "f666a53f-7c18-4387-81c2-861c3ac15c2a",
    "color" : "#FFFFFF",
    "position" : {
      "x" : -5.236068,
      "y" : 5.236068,
      "z" : 26.18034
    }
  }, {
    "shape" : "55f8f948-d82b-426c-a2c6-07f6015919e9",
    "color" : "#FFFFFF",
    "position" : {
      "x" : 15.708204,
      "y" : 15.708204,
      "z" : 15.708204
    },
    "orientation" : 46
  }, {
    "shape" : "55f8f948-d82b-426c-a2c6-07f6015919e9",
    "color" : "#FFFFFF",
    "position" : {
      "x" : 26.18034,
      "y" : 5.236068,
      "z" : 5.236068
    },
    "orientation" : 47
  }, {
    "shape" : "55f8f948-d82b-426c-a2c6-07f6015919e9",
    "color" : "#FFFFFF",
    "position" : {
      "x" : 5.236068,
      "y" : -5.236068,
      "z" : -26.18034
    },
    "orientation" : 1
  }, {
    "shape" : "cf5e0193-bd00-488a-a2ea-5bce1a44928f",
    "color" : "#FFFFFF",
    "position" : {
      "x" : -15.708204,
      "y" : -15.708204,
      "z" : -15.708204
    },
    "orientation" : 0
  }, {
    "shape" : "f666a53f-7c18-4387-81c2-861c3ac15c2a",
    "color" : "#FFFFFF",
    "position" : {
      "x" : -26.18034,
      "y" : -5.236068,
      "z" : 5.236068
    }
  }, {
    "shape" : "55f8f948-d82b-426c-a2c6-07f6015919e9",
    "color" : "#FFFFFF",
    "position" : {
      "x" : 5.236068,
      "y" : -26.18034,
      "z" : 5.236068
    },
    "orientation" : 32
  }, {
    "shape" : "f666a53f-7c18-4387-81c2-861c3ac15c2a",
    "color" : "#FFFFFF",
    "position" : {
      "x" : 5.236068,
      "y" : 26.18034,
      "z" : 5.236068
    }
  }, {
    "shape" : "cf5e0193-bd00-488a-a2ea-5bce1a44928f",
    "color" : "#FFFFFF",
    "position" : {
      "x" : -15.708204,
      "y" : -15.708204,
      "z" : 15.708204
    },
    "orientation" : 0
  }, {
    "shape" : "f666a53f-7c18-4387-81c2-861c3ac15c2a",
    "color" : "#FFFFFF",
    "position" : {
      "x" : 26.18034,
      "y" : 5.236068,
      "z" : -5.236068
    }
  }, {
    "shape" : "f666a53f-7c18-4387-81c2-861c3ac15c2a",
    "color" : "#FFFFFF",
    "position" : {
      "x" : -15.708204,
      "y" : 15.708204,
      "z" : -15.708204
    }
  }, {
    "shape" : "55f8f948-d82b-426c-a2c6-07f6015919e9",
    "color" : "#FFFFFF",
    "position" : {
      "x" : 26.18034,
      "y" : 5.236068,
      "z" : 5.236068
    },
    "orientation" : 0
  }, {
    "shape" : "f666a53f-7c18-4387-81c2-861c3ac15c2a",
    "color" : "#FFFFFF",
    "position" : {
      "x" : 15.708204,
      "y" : -15.708204,
      "z" : -15.708204
    }
  }, {
    "shape" : "55f8f948-d82b-426c-a2c6-07f6015919e9",
    "color" : "#FFFFFF",
    "position" : {
      "x" : 15.708204,
      "y" : 15.708204,
      "z" : 15.708204
    },
    "orientation" : 15
  }, {
    "shape" : "f666a53f-7c18-4387-81c2-861c3ac15c2a",
    "color" : "#FFFFFF",
    "position" : {
      "x" : 5.236068,
      "y" : -5.236068,
      "z" : 26.18034
    }
  }, {
    "shape" : "55f8f948-d82b-426c-a2c6-07f6015919e9",
    "color" : "#FFFFFF",
    "position" : {
      "x" : 26.18034,
      "y" : 5.236068,
      "z" : -5.236068
    },
    "orientation" : 1
  }, {
    "shape" : "f666a53f-7c18-4387-81c2-861c3ac15c2a",
    "color" : "#FFFFFF",
    "position" : {
      "x" : 26.18034,
      "y" : -5.236068,
      "z" : -5.236068
    }
  }, {
    "shape" : "55f8f948-d82b-426c-a2c6-07f6015919e9",
    "color" : "#FFFFFF",
    "position" : {
      "x" : -26.18034,
      "y" : -5.236068,
      "z" : 5.236068
    },
    "orientation" : 17
  }, {
    "shape" : "55f8f948-d82b-426c-a2c6-07f6015919e9",
    "color" : "#FFFFFF",
    "position" : {
      "x" : 5.236068,
      "y" : 5.236068,
      "z" : 26.18034
    },
    "orientation" : 2
  }, {
    "shape" : "55f8f948-d82b-426c-a2c6-07f6015919e9",
    "color" : "#FFFFFF",
    "position" : {
      "x" : -15.708204,
      "y" : -15.708204,
      "z" : 15.708204
    },
    "orientation" : 16
  }, {
    "shape" : "cf5e0193-bd00-488a-a2ea-5bce1a44928f",
    "color" : "#FFFFFF",
    "position" : {
      "x" : -15.708204,
      "y" : 15.708204,
      "z" : -15.708204
    },
    "orientation" : 2
  }, {
    "shape" : "f666a53f-7c18-4387-81c2-861c3ac15c2a",
    "color" : "#FFFFFF",
    "position" : {
      "x" : 5.236068,
      "y" : 5.236068,
      "z" : -26.18034
    }
  }, {
    "shape" : "55f8f948-d82b-426c-a2c6-07f6015919e9",
    "color" : "#FFFFFF",
    "position" : {
      "x" : -5.236068,
      "y" : -5.236068,
      "z" : 26.18034
    },
    "orientation" : 46
  }, {
    "shape" : "55f8f948-d82b-426c-a2c6-07f6015919e9",
    "color" : "#FFFFFF",
    "position" : {
      "x" : -5.236068,
      "y" : 26.18034,
      "z" : -5.236068
    },
    "orientation" : 46
  }, {
    "shape" : "f666a53f-7c18-4387-81c2-861c3ac15c2a",
    "color" : "#FFFFFF",
    "position" : {
      "x" : 5.236068,
      "y" : -26.18034,
      "z" : 5.236068
    }
  }, {
    "shape" : "55f8f948-d82b-426c-a2c6-07f6015919e9",
    "color" : "#FFFFFF",
    "position" : {
      "x" : 5.236068,
      "y" : 5.236068,
      "z" : -26.18034
    },
    "orientation" : 15
  }, {
    "shape" : "cf5e0193-bd00-488a-a2ea-5bce1a44928f",
    "color" : "#FFFFFF",
    "position" : {
      "x" : -15.708204,
      "y" : -15.708204,
      "z" : 15.708204
    },
    "orientation" : 47
  }, {
    "shape" : "f666a53f-7c18-4387-81c2-861c3ac15c2a",
    "color" : "#FFFFFF",
    "position" : {
      "x" : -26.18034,
      "y" : -5.236068,
      "z" : -5.236068
    }
  }, {
    "shape" : "f666a53f-7c18-4387-81c2-861c3ac15c2a",
    "color" : "#FFFFFF",
    "position" : {
      "x" : 26.18034,
      "y" : -5.236068,
      "z" : 5.236068
    }
  }, {
    "shape" : "cf5e0193-bd00-488a-a2ea-5bce1a44928f",
    "color" : "#FFFFFF",
    "position" : {
      "x" : 15.708204,
      "y" : -15.708204,
      "z" : 15.708204
    },
    "orientation" : 47
  }, {
    "shape" : "f666a53f-7c18-4387-81c2-861c3ac15c2a",
    "color" : "#FFFFFF",
    "position" : {
      "x" : -5.236068,
      "y" : -5.236068,
      "z" : 26.18034
    }
  } ]
}