{
  "polygons" : "true",
  "field" : "golden",
  "symmetry" : "icosahedral",
  "orientations" : [ [ 1.0, 0.0, 0.0, 0.0, 0.0, 1.0, 0.0, 0.0, 0.0, 0.0, 1.0, 0.0, 0.0, 0.0, 0.0, 1.0 ], [ 0.0, 0.0, 1.0, 0.0, 1.0, 0.0, 0.0, 0.0, 0.0, 1.0, 0.0, 0.0, 0.0, 0.0, 0.0, 1.0 ], [ 0.0, 1.0, 0.0, 0.0, 0.0, 0.0, 1.0, 0.0, 1.0, 0.0, 0.0, 0.0, 0.0, 0.0, 0.0, 1.0 ], [ 0.809017, 0.309017, 0.5, 0.0, 0.309017, 0.5, -0.809017, 0.0, -0.5, 0.809017, 0.309017, 0.0, 0.0, 0.0, 0.0, 1.0 ], [ -0.5, 0.809017, 0.309017, 0.0, 0.809017, 0.309017, 0.5, 0.0, 0.309017, 0.5, -0.809017, 0.0, 0.0, 0.0, 0.0, 1.0 ], [ 0.309017, 0.5, -0.809017, 0.0, -0.5, 0.809017, 0.309017, 0.0, 0.809017, 0.309017, 0.5, 0.0, 0.0, 0.0, 0.0, 1.0 ], [ 0.5, 0.809017, 0.309017, 0.0, 0.809017, -0.309017, -0.5, 0.0, -0.309017, 0.5, -0.809017, 0.0, 0.0, 0.0, 0.0, 1.0 ], [ -0.309017, 0.5, -0.809017, 0.0, 0.5, 0.809017, 0.309017, 0.0, 0.809017, -0.309017, -0.5, 0.0, 0.0, 0.0, 0.0, 1.0 ], [ 0.809017, -0.309017, -0.5, 0.0, -0.309017, 0.5, -0.809017, 0.0, 0.5, 0.809017, 0.309017, 0.0, 0.0, 0.0, 0.0, 1.0 ], [ 0.5, 0.809017, -0.309017, 0.0, 0.809017, -0.309017, 0.5, 0.0, 0.309017, -0.5, -0.809017, 0.0, 0.0, 0.0, 0.0, 1.0 ], [ 0.309017, -0.5, -0.809017, 0.0, 0.5, 0.809017, -0.309017, 0.0, 0.809017, -0.309017, 0.5, 0.0, 0.0, 0.0, 0.0, 1.0 ], [ 0.809017, -0.309017, 0.5, 0.0, 0.309017, -0.5, -0.809017, 0.0, 0.5, 0.809017, -0.309017, 0.0, 0.0, 0.0, 0.0, 1.0 ], [ 0.809017, 0.309017, -0.5, 0.0, 0.309017, 0.5, 0.809017, 0.0, 0.5, -0.809017, 0.309017, 0.0, 0.0, 0.0, 0.0, 1.0 ], [ 0.5, -0.809017, 0.309017, 0.0, 0.809017, 0.309017, -0.5, 0.0, 0.309017, 0.5, 0.809017, 0.0, 0.0, 0.0, 0.0, 1.0 ], [ 0.309017, 0.5, 0.809017, 0.0, 0.5, -0.809017, 0.309017, 0.0, 0.809017, 0.309017, -0.5, 0.0, 0.0, 0.0, 0.0, 1.0 ], [ 1.0, 0.0, 0.0, 0.0, 0.0, -1.0, 0.0, 0.0, 0.0, 0.0, -1.0, 0.0, 0.0, 0.0, 0.0, 1.0 ], [ 0.0, 0.0, 1.0, 0.0, -1.0, 0.0, 0.0, 0.0, 0.0, -1.0, 0.0, 0.0, 0.0, 0.0, 0.0, 1.0 ], [ 0.0, 1.0, 0.0, 0.0, 0.0, 0.0, -1.0, 0.0, -1.0, 0.0, 0.0, 0.0, 0.0, 0.0, 0.0, 1.0 ], [ 0.809017, 0.309017, 0.5, 0.0, -0.309017, -0.5, 0.809017, 0.0, 0.5, -0.809017, -0.309017, 0.0, 0.0, 0.0, 0.0, 1.0 ], [ -0.5, 0.809017, 0.309017, 0.0, -0.809017, -0.309017, -0.5, 0.0, -0.309017, -0.5, 0.809017, 0.0, 0.0, 0.0, 0.0, 1.0 ], [ 0.309017, 0.5, -0.809017, 0.0, 0.5, -0.809017, -0.309017, 0.0, -0.809017, -0.309017, -0.5, 0.0, 0.0, 0.0, 0.0, 1.0 ], [ 0.5, 0.809017, 0.309017, 0.0, -0.809017, 0.309017, 0.5, 0.0, 0.309017, -0.5, 0.809017, 0.0, 0.0, 0.0, 0.0, 1.0 ], [ -0.309017, 0.5, -0.809017, 0.0, -0.5, -0.809017, -0.309017, 0.0, -0.809017, 0.309017, 0.5, 0.0, 0.0, 0.0, 0.0, 1.0 ], [ 0.809017, -0.309017, -0.5, 0.0, 0.309017, -0.5, 0.809017, 0.0, -0.5, -0.809017, -0.309017, 0.0, 0.0, 0.0, 0.0, 1.0 ], [ 0.5, 0.809017, -0.309017, 0.0, -0.809017, 0.309017, -0.5, 0.0, -0.309017, 0.5, 0.809017, 0.0, 0.0, 0.0, 0.0, 1.0 ], [ 0.309017, -0.5, -0.809017, 0.0, -0.5, -0.809017, 0.309017, 0.0, -0.809017, 0.309017, -0.5, 0.0, 0.0, 0.0, 0.0, 1.0 ], [ 0.809017, -0.309017, 0.5, 0.0, -0.309017, 0.5, 0.809017, 0.0, -0.5, -0.809017, 0.309017, 0.0, 0.0, 0.0, 0.0, 1.0 ], [ 0.809017, 0.309017, -0.5, 0.0, -0.309017, -0.5, -0.809017, 0.0, -0.5, 0.809017, -0.309017, 0.0, 0.0, 0.0, 0.0, 1.0 ], [ 0.5, -0.809017, 0.309017, 0.0, -0.809017, -0.309017, 0.5, 0.0, -0.309017, -0.5, -0.809017, 0.0, 0.0, 0.0, 0.0, 1.0 ], [ 0.309017, 0.5, 0.809017, 0.0, -0.5, 0.809017, -0.309017, 0.0, -0.809017, -0.309017, 0.5, 0.0, 0.0, 0.0, 0.0, 1.0 ], [ -1.0, 0.0, 0.0, 0.0, 0.0, -1.0, 0.0, 0.0, 0.0, 0.0, 1.0, 0.0, 0.0, 0.0, 0.0, 1.0 ], [ 0.0, 0.0, -1.0, 0.0, -1.0, 0.0, 0.0, 0.0, 0.0, 1.0, 0.0, 0.0, 0.0, 0.0, 0.0, 1.0 ], [ 0.0, -1.0, 0.0, 0.0, 0.0, 0.0, -1.0, 0.0, 1.0, 0.0, 0.0, 0.0, 0.0, 0.0, 0.0, 1.0 ], [ -0.809017, -0.309017, -0.5, 0.0, -0.309017, -0.5, 0.809017, 0.0, -0.5, 0.809017, 0.309017, 0.0, 0.0, 0.0, 0.0, 1.0 ], [ 0.5, -0.809017, -0.309017, 0.0, -0.809017, -0.309017, -0.5, 0.0, 0.309017, 0.5, -0.809017, 0.0, 0.0, 0.0, 0.0, 1.0 ], [ -0.309017, -0.5, 0.809017, 0.0, 0.5, -0.809017, -0.309017, 0.0, 0.809017, 0.309017, 0.5, 0.0, 0.0, 0.0, 0.0, 1.0 ], [ -0.5, -0.809017, -0.309017, 0.0, -0.809017, 0.309017, 0.5, 0.0, -0.309017, 0.5, -0.809017, 0.0, 0.0, 0.0, 0.0, 1.0 ], [ 0.309017, -0.5, 0.809017, 0.0, -0.5, -0.809017, -0.309017, 0.0, 0.809017, -0.309017, -0.5, 0.0, 0.0, 0.0, 0.0, 1.0 ], [ -0.809017, 0.309017, 0.5, 0.0, 0.309017, -0.5, 0.809017, 0.0, 0.5, 0.809017, 0.309017, 0.0, 0.0, 0.0, 0.0, 1.0 ], [ -0.5, -0.809017, 0.309017, 0.0, -0.809017, 0.309017, -0.5, 0.0, 0.309017, -0.5, -0.809017, 0.0, 0.0, 0.0, 0.0, 1.0 ], [ -0.309017, 0.5, 0.809017, 0.0, -0.5, -0.809017, 0.309017, 0.0, 0.809017, -0.309017, 0.5, 0.0, 0.0, 0.0, 0.0, 1.0 ], [ -0.809017, 0.309017, -0.5, 0.0, -0.309017, 0.5, 0.809017, 0.0, 0.5, 0.809017, -0.309017, 0.0, 0.0, 0.0, 0.0, 1.0 ], [ -0.809017, -0.309017, 0.5, 0.0, -0.309017, -0.5, -0.809017, 0.0, 0.5, -0.809017, 0.309017, 0.0, 0.0, 0.0, 0.0, 1.0 ], [ -0.5, 0.809017, -0.309017, 0.0, -0.809017, -0.309017, 0.5, 0.0, 0.309017, 0.5, 0.809017, 0.0, 0.0, 0.0, 0.0, 1.0 ], [ -0.309017, -0.5, -0.809017, 0.0, -0.5, 0.809017, -0.309017, 0.0, 0.809017, 0.309017, -0.5, 0.0, 0.0, 0.0, 0.0, 1.0 ], [ -1.0, 0.0, 0.0, 0.0, 0.0, 1.0, 0.0, 0.0, 0.0, 0.0, -1.0, 0.0, 0.0, 0.0, 0.0, 1.0 ], [ 0.0, 0.0, -1.0, 0.0, 1.0, 0.0, 0.0, 0.0, 0.0, -1.0, 0.0, 0.0, 0.0, 0.0, 0.0, 1.0 ], [ 0.0, -1.0, 0.0, 0.0, 0.0, 0.0, 1.0, 0.0, -1.0, 0.0, 0.0, 0.0, 0.0, 0.0, 0.0, 1.0 ], [ -0.809017, -0.309017, -0.5, 0.0, 0.309017, 0.5, -0.809017, 0.0, 0.5, -0.809017, -0.309017, 0.0, 0.0, 0.0, 0.0, 1.0 ], [ 0.5, -0.809017, -0.309017, 0.0, 0.809017, 0.309017, 0.5, 0.0, -0.309017, -0.5, 0.809017, 0.0, 0.0, 0.0, 0.0, 1.0 ], [ -0.309017, -0.5, 0.809017, 0.0, -0.5, 0.809017, 0.309017, 0.0, -0.809017, -0.309017, -0.5, 0.0, 0.0, 0.0, 0.0, 1.0 ], [ -0.5, -0.809017, -0.309017, 0.0, 0.809017, -0.309017, -0.5, 0.0, 0.309017, -0.5, 0.809017, 0.0, 0.0, 0.0, 0.0, 1.0 ], [ 0.309017, -0.5, 0.809017, 0.0, 0.5, 0.809017, 0.309017, 0.0, -0.809017, 0.309017, 0.5, 0.0, 0.0, 0.0, 0.0, 1.0 ], [ -0.809017, 0.309017, 0.5, 0.0, -0.309017, 0.5, -0.809017, 0.0, -0.5, -0.809017, -0.309017, 0.0, 0.0, 0.0, 0.0, 1.0 ], [ -0.5, -0.809017, 0.309017, 0.0, 0.809017, -0.309017, 0.5, 0.0, -0.309017, 0.5, 0.809017, 0.0, 0.0, 0.0, 0.0, 1.0 ], [ -0.309017, 0.5, 0.809017, 0.0, 0.5, 0.809017, -0.309017, 0.0, -0.809017, 0.309017, -0.5, 0.0, 0.0, 0.0, 0.0, 1.0 ], [ -0.809017, 0.309017, -0.5, 0.0, 0.309017, -0.5, -0.809017, 0.0, -0.5, -0.809017, 0.309017, 0.0, 0.0, 0.0, 0.0, 1.0 ], [ -0.809017, -0.309017, 0.5, 0.0, 0.309017, 0.5, 0.809017, 0.0, -0.5, 0.809017, -0.309017, 0.0, 0.0, 0.0, 0.0, 1.0 ], [ -0.5, 0.809017, -0.309017, 0.0, 0.809017, 0.309017, -0.5, 0.0, -0.309017, -0.5, -0.809017, 0.0, 0.0, 0.0, 0.0, 1.0 ], [ -0.309017, -0.5, -0.809017, 0.0, 0.5, -0.809017, 0.309017, 0.0, -0.809017, -0.309017, 0.5, 0.0, 0.0, 0.0, 0.0, 1.0 ] ],
  "lights" : {
    "backgroundColor" : "#8CC2E7",
    "ambientColor" : "#292929",
    "directionalLights" : [ {
      "direction" : [ 1.0, -1.0, -1.0 ],
      "color" : "#EBEBE4"
    }, {
      "direction" : [ -1.0, 0.0, 0.0 ],
      "color" : "#E4E4EB"
    }, {
      "direction" : [ 0.0, 0.0, -1.0 ],
      "color" : "#1E1E1E"
    } ]
  },
  "camera" : {
    "position" : {
      "x" : -16.35894,
      "y" : -122.39571,
      "z" : -84.69225
    },
    "width" : 67.381584,
    "lookAtPoint" : {
      "x" : 0.0,
      "y" : 0.0,
      "z" : 0.0
    },
    "lookDirection" : {
      "x" : 0.10925127,
      "y" : 0.81740546,
      "z" : 0.5656073
    },
    "upDirection" : {
      "x" : -0.86740714,
      "y" : 0.3562923,
      "z" : -0.34736204
    },
    "farClipDistance" : 299.47363,
    "stereo" : false,
    "nearClipDistance" : 0.13864528,
    "perspective" : true,
    "fieldOfView" : 0.4426289,
    "upDirectionRV" : {
      "x" : -0.86740714,
      "y" : 0.3562923,
      "z" : -0.34736204,
      "zero" : false
    },
    "lookDirectionRV" : {
      "x" : 0.10925127,
      "y" : 0.81740546,
      "z" : 0.5656073,
      "zero" : false
    },
    "lookAtPointRV" : {
      "x" : 0.0,
      "y" : 0.0,
      "z" : 0.0,
      "zero" : true
    },
    "viewDistance" : 149.73685
  },
  "embedding" : [ 1.0, 0.0, 0.0, 0.0, 0.0, 1.0, 0.0, 0.0, 0.0, 0.0, 1.0, 0.0, 0.0, 0.0, 0.0, 1.0 ],
  "shapes" : [ {
    "id" : "ea12a79f-f600-469b-be6b-d9c41864913d",
    "orbit" : "blue",
    "orbitC" : "[[0,0,1],[0,0,1]]",
    "length" : "[-1,1,1]",
    "name" : "b0",
    "vertices" : [ {
      "x" : 4.236068,
      "y" : 0.309017,
      "z" : 0.19098301
    }, {
      "x" : 4.236068,
      "y" : 0.309017,
      "z" : -0.19098301
    }, {
      "x" : 1.0,
      "y" : 0.309017,
      "z" : -0.19098301
    }, {
      "x" : 1.0,
      "y" : 0.309017,
      "z" : 0.19098301
    }, {
      "x" : 4.236068,
      "y" : -0.309017,
      "z" : 0.19098301
    }, {
      "x" : 1.0,
      "y" : -0.309017,
      "z" : 0.19098301
    }, {
      "x" : 1.0,
      "y" : -0.309017,
      "z" : -0.19098301
    }, {
      "x" : 4.236068,
      "y" : -0.309017,
      "z" : -0.19098301
    }, {
      "x" : 5.236068,
      "y" : 0.0,
      "z" : 0.0
    } ],
    "faces" : [ {
      "vertices" : [ 1, 7, 6, 2 ]
    }, {
      "vertices" : [ 0, 1, 2, 3 ]
    }, {
      "vertices" : [ 4, 5, 6, 7 ]
    }, {
      "vertices" : [ 0, 3, 5, 4 ]
    } ]
  }, {
    "id" : "60efe5b8-2588-445e-9c42-b962eb13eaee",
    "orbit" : "blue",
    "orbitC" : "[[0,0,1],[0,0,1]]",
    "length" : "[1,0,1]",
    "name" : "b1",
    "vertices" : [ {
      "x" : 7.472136,
      "y" : 0.309017,
      "z" : 0.19098301
    }, {
      "x" : 7.472136,
      "y" : 0.309017,
      "z" : -0.19098301
    }, {
      "x" : 1.0,
      "y" : 0.309017,
      "z" : -0.19098301
    }, {
      "x" : 1.0,
      "y" : 0.309017,
      "z" : 0.19098301
    }, {
      "x" : 7.472136,
      "y" : -0.309017,
      "z" : 0.19098301
    }, {
      "x" : 1.0,
      "y" : -0.309017,
      "z" : 0.19098301
    }, {
      "x" : 1.0,
      "y" : -0.309017,
      "z" : -0.19098301
    }, {
      "x" : 7.472136,
      "y" : -0.309017,
      "z" : -0.19098301
    }, {
      "x" : 8.472136,
      "y" : 0.0,
      "z" : 0.0
    } ],
    "faces" : [ {
      "vertices" : [ 1, 7, 6, 2 ]
    }, {
      "vertices" : [ 0, 1, 2, 3 ]
    }, {
      "vertices" : [ 4, 5, 6, 7 ]
    }, {
      "vertices" : [ 0, 3, 5, 4 ]
    } ]
  }, {
    "id" : "7dfd9ce8-8fc8-43c4-8ecd-25af8981fdd4",
    "name" : "ball",
    "vertices" : [ {
      "x" : 0.309017,
      "y" : -0.809017,
      "z" : 0.618034
    }, {
      "x" : 0.809017,
      "y" : -0.618034,
      "z" : 0.309017
    }, {
      "x" : 0.618034,
      "y" : -0.309017,
      "z" : 0.809017
    }, {
      "x" : 1.0,
      "y" : 0.309017,
      "z" : 0.19098301
    }, {
      "x" : 0.809017,
      "y" : 0.618034,
      "z" : 0.309017
    }, {
      "x" : 0.618034,
      "y" : 0.309017,
      "z" : 0.809017
    }, {
      "x" : 0.809017,
      "y" : 0.0,
      "z" : 0.690983
    }, {
      "x" : 0.19098301,
      "y" : -1.0,
      "z" : 0.309017
    }, {
      "x" : -0.19098301,
      "y" : -1.0,
      "z" : 0.309017
    }, {
      "x" : -0.19098301,
      "y" : -1.0,
      "z" : -0.309017
    }, {
      "x" : 0.19098301,
      "y" : -1.0,
      "z" : -0.309017
    }, {
      "x" : 1.0,
      "y" : -0.309017,
      "z" : -0.19098301
    }, {
      "x" : 0.809017,
      "y" : -0.618034,
      "z" : -0.309017
    }, {
      "x" : 0.618034,
      "y" : -0.309017,
      "z" : -0.809017
    }, {
      "x" : 0.809017,
      "y" : 0.0,
      "z" : -0.690983
    }, {
      "x" : 0.0,
      "y" : 0.690983,
      "z" : -0.809017
    }, {
      "x" : 0.309017,
      "y" : 0.809017,
      "z" : -0.618034
    }, {
      "x" : 0.618034,
      "y" : 0.309017,
      "z" : -0.809017
    }, {
      "x" : 0.309017,
      "y" : 0.19098301,
      "z" : -1.0
    }, {
      "x" : 1.0,
      "y" : 0.309017,
      "z" : -0.19098301
    }, {
      "x" : -0.309017,
      "y" : -0.809017,
      "z" : 0.618034
    }, {
      "x" : 0.0,
      "y" : -0.690983,
      "z" : 0.809017
    }, {
      "x" : 0.809017,
      "y" : 0.618034,
      "z" : -0.309017
    }, {
      "x" : 0.690983,
      "y" : 0.809017,
      "z" : 0.0
    }, {
      "x" : -0.690983,
      "y" : 0.809017,
      "z" : 0.0
    }, {
      "x" : -0.809017,
      "y" : 0.618034,
      "z" : 0.309017
    }, {
      "x" : -0.309017,
      "y" : 0.809017,
      "z" : 0.618034
    }, {
      "x" : -0.19098301,
      "y" : 1.0,
      "z" : 0.309017
    }, {
      "x" : 0.309017,
      "y" : -0.19098301,
      "z" : -1.0
    }, {
      "x" : 0.19098301,
      "y" : 1.0,
      "z" : 0.309017
    }, {
      "x" : 0.309017,
      "y" : 0.809017,
      "z" : 0.618034
    }, {
      "x" : -0.809017,
      "y" : -0.618034,
      "z" : 0.309017
    }, {
      "x" : -0.690983,
      "y" : -0.809017,
      "z" : 0.0
    }, {
      "x" : 0.0,
      "y" : 0.690983,
      "z" : 0.809017
    }, {
      "x" : 0.309017,
      "y" : -0.809017,
      "z" : -0.618034
    }, {
      "x" : 0.0,
      "y" : -0.690983,
      "z" : -0.809017
    }, {
      "x" : -1.0,
      "y" : 0.309017,
      "z" : 0.19098301
    }, {
      "x" : -0.809017,
      "y" : 0.0,
      "z" : 0.690983
    }, {
      "x" : -0.618034,
      "y" : 0.309017,
      "z" : 0.809017
    }, {
      "x" : 1.0,
      "y" : -0.309017,
      "z" : 0.19098301
    }, {
      "x" : -0.309017,
      "y" : -0.809017,
      "z" : -0.618034
    }, {
      "x" : -1.0,
      "y" : 0.309017,
      "z" : -0.19098301
    }, {
      "x" : -1.0,
      "y" : -0.309017,
      "z" : -0.19098301
    }, {
      "x" : -1.0,
      "y" : -0.309017,
      "z" : 0.19098301
    }, {
      "x" : 0.19098301,
      "y" : 1.0,
      "z" : -0.309017
    }, {
      "x" : -0.809017,
      "y" : 0.618034,
      "z" : -0.309017
    }, {
      "x" : -0.19098301,
      "y" : 1.0,
      "z" : -0.309017
    }, {
      "x" : -0.309017,
      "y" : 0.809017,
      "z" : -0.618034
    }, {
      "x" : -0.618034,
      "y" : -0.309017,
      "z" : 0.809017
    }, {
      "x" : 0.309017,
      "y" : 0.19098301,
      "z" : 1.0
    }, {
      "x" : -0.309017,
      "y" : 0.19098301,
      "z" : -1.0
    }, {
      "x" : -0.309017,
      "y" : 0.19098301,
      "z" : 1.0
    }, {
      "x" : -0.309017,
      "y" : -0.19098301,
      "z" : 1.0
    }, {
      "x" : 0.309017,
      "y" : -0.19098301,
      "z" : 1.0
    }, {
      "x" : 0.690983,
      "y" : -0.809017,
      "z" : 0.0
    }, {
      "x" : -0.809017,
      "y" : 0.0,
      "z" : -0.690983
    }, {
      "x" : -0.618034,
      "y" : -0.309017,
      "z" : -0.809017
    }, {
      "x" : -0.309017,
      "y" : -0.19098301,
      "z" : -1.0
    }, {
      "x" : -0.618034,
      "y" : 0.309017,
      "z" : -0.809017
    }, {
      "x" : -0.809017,
      "y" : -0.618034,
      "z" : -0.309017
    } ],
    "faces" : [ {
      "vertices" : [ 9, 40, 35, 34, 10 ]
    }, {
      "vertices" : [ 0, 1, 2 ]
    }, {
      "vertices" : [ 33, 51, 49 ]
    }, {
      "vertices" : [ 25, 36, 37, 38 ]
    }, {
      "vertices" : [ 41, 55, 42 ]
    }, {
      "vertices" : [ 9, 32, 59, 40 ]
    }, {
      "vertices" : [ 20, 21, 52, 48 ]
    }, {
      "vertices" : [ 26, 33, 30, 29, 27 ]
    }, {
      "vertices" : [ 3, 4, 5, 6 ]
    }, {
      "vertices" : [ 27, 29, 44, 46 ]
    }, {
      "vertices" : [ 50, 57, 56, 55, 58 ]
    }, {
      "vertices" : [ 26, 38, 51, 33 ]
    }, {
      "vertices" : [ 45, 47, 58 ]
    }, {
      "vertices" : [ 18, 28, 57, 50 ]
    }, {
      "vertices" : [ 40, 59, 56 ]
    }, {
      "vertices" : [ 31, 48, 37, 43 ]
    }, {
      "vertices" : [ 7, 8, 9, 10 ]
    }, {
      "vertices" : [ 36, 41, 42, 43 ]
    }, {
      "vertices" : [ 24, 46, 47, 45 ]
    }, {
      "vertices" : [ 4, 30, 5 ]
    }, {
      "vertices" : [ 15, 47, 46, 44, 16 ]
    }, {
      "vertices" : [ 15, 50, 58, 47 ]
    }, {
      "vertices" : [ 24, 45, 41, 36, 25 ]
    }, {
      "vertices" : [ 11, 14, 19 ]
    }, {
      "vertices" : [ 3, 6, 39 ]
    }, {
      "vertices" : [ 1, 39, 6, 2 ]
    }, {
      "vertices" : [ 8, 32, 9 ]
    }, {
      "vertices" : [ 11, 12, 13, 14 ]
    }, {
      "vertices" : [ 16, 22, 17 ]
    }, {
      "vertices" : [ 0, 21, 20, 8, 7 ]
    }, {
      "vertices" : [ 12, 34, 13 ]
    }, {
      "vertices" : [ 35, 40, 56, 57 ]
    }, {
      "vertices" : [ 0, 7, 54, 1 ]
    }, {
      "vertices" : [ 15, 16, 17, 18 ]
    }, {
      "vertices" : [ 3, 19, 22, 23, 4 ]
    }, {
      "vertices" : [ 7, 10, 54 ]
    }, {
      "vertices" : [ 41, 45, 58, 55 ]
    }, {
      "vertices" : [ 3, 39, 11, 19 ]
    }, {
      "vertices" : [ 14, 17, 22, 19 ]
    }, {
      "vertices" : [ 0, 2, 53, 21 ]
    }, {
      "vertices" : [ 49, 51, 52, 53 ]
    }, {
      "vertices" : [ 31, 43, 42, 59, 32 ]
    }, {
      "vertices" : [ 15, 18, 50 ]
    }, {
      "vertices" : [ 42, 55, 56, 59 ]
    }, {
      "vertices" : [ 4, 23, 29, 30 ]
    }, {
      "vertices" : [ 25, 38, 26 ]
    }, {
      "vertices" : [ 13, 28, 18, 17, 14 ]
    }, {
      "vertices" : [ 8, 20, 31, 32 ]
    }, {
      "vertices" : [ 23, 44, 29 ]
    }, {
      "vertices" : [ 24, 27, 46 ]
    }, {
      "vertices" : [ 37, 48, 52, 51, 38 ]
    }, {
      "vertices" : [ 20, 48, 31 ]
    }, {
      "vertices" : [ 24, 25, 26, 27 ]
    }, {
      "vertices" : [ 16, 44, 23, 22 ]
    }, {
      "vertices" : [ 13, 34, 35, 28 ]
    }, {
      "vertices" : [ 10, 34, 12, 54 ]
    }, {
      "vertices" : [ 2, 6, 5, 49, 53 ]
    }, {
      "vertices" : [ 36, 43, 37 ]
    }, {
      "vertices" : [ 5, 30, 33, 49 ]
    }, {
      "vertices" : [ 1, 54, 12, 11, 39 ]
    }, {
      "vertices" : [ 28, 35, 57 ]
    }, {
      "vertices" : [ 21, 53, 52 ]
    } ]
  }, {
    "id" : "325f7b5e-c1ce-4d1a-8926-10e99947c7d5",
    "orbit" : "blue",
    "orbitC" : "[[0,0,1],[0,0,1]]",
    "length" : "[2,-1,1]",
    "name" : " :2 -phi",
    "vertices" : [ {
      "x" : 2.236068,
      "y" : 0.309017,
      "z" : 0.19098301
    }, {
      "x" : 2.236068,
      "y" : 0.309017,
      "z" : -0.19098301
    }, {
      "x" : 1.0,
      "y" : 0.309017,
      "z" : -0.19098301
    }, {
      "x" : 1.0,
      "y" : 0.309017,
      "z" : 0.19098301
    }, {
      "x" : 2.236068,
      "y" : -0.309017,
      "z" : 0.19098301
    }, {
      "x" : 1.0,
      "y" : -0.309017,
      "z" : 0.19098301
    }, {
      "x" : 1.0,
      "y" : -0.309017,
      "z" : -0.19098301
    }, {
      "x" : 2.236068,
      "y" : -0.309017,
      "z" : -0.19098301
    }, {
      "x" : 3.236068,
      "y" : 0.0,
      "z" : 0.0
    } ],
    "faces" : [ {
      "vertices" : [ 1, 7, 6, 2 ]
    }, {
      "vertices" : [ 0, 1, 2, 3 ]
    }, {
      "vertices" : [ 4, 5, 6, 7 ]
    }, {
      "vertices" : [ 0, 3, 5, 4 ]
    } ]
  } ],
  "instances" : [ {
    "shape" : "ea12a79f-f600-469b-be6b-d9c41864913d",
    "color" : "#008EC2",
    "position" : {
      "x" : 5.236068,
      "y" : -3.236068,
      "z" : 5.236068
    },
    "orientation" : 23
  }, {
    "shape" : "60efe5b8-2588-445e-9c42-b962eb13eaee",
    "color" : "#008EC2",
    "position" : {
      "x" : 8.472136,
      "y" : 5.236068,
      "z" : -8.472136
    },
    "orientation" : 56
  }, {
    "shape" : "ea12a79f-f600-469b-be6b-d9c41864913d",
    "color" : "#008EC2",
    "position" : {
      "x" : 9.472136,
      "y" : -1.618034,
      "z" : 2.618034
    },
    "orientation" : 52
  }, {
    "shape" : "7dfd9ce8-8fc8-43c4-8ecd-25af8981fdd4",
    "color" : "#F2F2F2",
    "position" : {
      "x" : 9.472136,
      "y" : -1.618034,
      "z" : 2.618034
    }
  }, {
    "shape" : "7dfd9ce8-8fc8-43c4-8ecd-25af8981fdd4",
    "color" : "#F2F2F2",
    "position" : {
      "x" : 11.09017,
      "y" : 1.0,
      "z" : -1.618034
    }
  }, {
    "shape" : "ea12a79f-f600-469b-be6b-d9c41864913d",
    "color" : "#008EC2",
    "position" : {
      "x" : -4.236068,
      "y" : -1.618034,
      "z" : 2.618034
    },
    "orientation" : 8
  }, {
    "shape" : "7dfd9ce8-8fc8-43c4-8ecd-25af8981fdd4",
    "color" : "#F2F2F2",
    "position" : {
      "x" : -4.236068,
      "y" : 1.618034,
      "z" : -2.618034
    }
  }, {
    "shape" : "60efe5b8-2588-445e-9c42-b962eb13eaee",
    "color" : "#008EC2",
    "position" : {
      "x" : 11.09017,
      "y" : 1.0,
      "z" : -1.618034
    },
    "orientation" : 55
  }, {
    "shape" : "7dfd9ce8-8fc8-43c4-8ecd-25af8981fdd4",
    "color" : "#F2F2F2",
    "position" : {
      "x" : 5.236068,
      "y" : -3.236068,
      "z" : 5.236068
    }
  }, {
    "shape" : "325f7b5e-c1ce-4d1a-8926-10e99947c7d5",
    "color" : "#008EC2",
    "position" : {
      "x" : -4.236068,
      "y" : -1.618034,
      "z" : 2.618034
    },
    "orientation" : 8
  }, {
    "shape" : "ea12a79f-f600-469b-be6b-d9c41864913d",
    "color" : "#008EC2",
    "position" : {
      "x" : 0.0,
      "y" : -3.236068,
      "z" : 5.236068
    },
    "orientation" : 0
  }, {
    "shape" : "7dfd9ce8-8fc8-43c4-8ecd-25af8981fdd4",
    "color" : "#F2F2F2",
    "position" : {
      "x" : -4.236068,
      "y" : -1.618034,
      "z" : 2.618034
    }
  }, {
    "shape" : "325f7b5e-c1ce-4d1a-8926-10e99947c7d5",
    "color" : "#008EC2",
    "position" : {
      "x" : -5.236068,
      "y" : 0.0,
      "z" : 0.0
    },
    "orientation" : 37
  }, {
    "shape" : "325f7b5e-c1ce-4d1a-8926-10e99947c7d5",
    "color" : "#008EC2",
    "position" : {
      "x" : -4.236068,
      "y" : 1.618034,
      "z" : -2.618034
    },
    "orientation" : 40
  }, {
    "shape" : "7dfd9ce8-8fc8-43c4-8ecd-25af8981fdd4",
    "color" : "#F2F2F2",
    "position" : {
      "x" : -5.236068,
      "y" : 0.0,
      "z" : 0.0
    }
  }, {
    "shape" : "7dfd9ce8-8fc8-43c4-8ecd-25af8981fdd4",
    "color" : "#F2F2F2",
    "position" : {
      "x" : 0.0,
      "y" : -3.236068,
      "z" : 5.236068
    }
  }, {
    "shape" : "7dfd9ce8-8fc8-43c4-8ecd-25af8981fdd4",
    "color" : "#F2F2F2",
    "position" : {
      "x" : 8.472136,
      "y" : 5.236068,
      "z" : -8.472136
    }
  }, {
    "shape" : "7dfd9ce8-8fc8-43c4-8ecd-25af8981fdd4",
    "color" : "#F2F2F2",
    "position" : {
      "x" : 1.618034,
      "y" : 7.854102,
      "z" : -12.708204
    }
  } ],
  "scenes" : [ {
    "title" : "Skeleton",
    "content" : "",
    "view" : {
      "position" : {
        "x" : -11.643809,
        "y" : -87.117645,
        "z" : -60.28144
      },
      "width" : 47.960217,
      "lookAtPoint" : {
        "x" : 0.0,
        "y" : 0.0,
        "z" : 0.0
      },
      "lookDirection" : {
        "x" : 0.10925127,
        "y" : 0.81740546,
        "z" : 0.5656073
      },
      "upDirection" : {
        "x" : -0.86740714,
        "y" : 0.3562923,
        "z" : -0.34736204
      },
      "farClipDistance" : 213.15645,
      "stereo" : false,
      "nearClipDistance" : 0.0986836,
      "perspective" : true,
      "fieldOfView" : 0.4426289,
      "upDirectionRV" : {
        "x" : -0.86740714,
        "y" : 0.3562923,
        "z" : -0.34736204,
        "zero" : false
      },
      "lookDirectionRV" : {
        "x" : 0.10925127,
        "y" : 0.81740546,
        "z" : 0.5656073,
        "zero" : false
      },
      "lookAtPointRV" : {
        "x" : 0.0,
        "y" : 0.0,
        "z" : 0.0,
        "zero" : true
      },
      "viewDistance" : 106.578255
    },
    "snapshot" : 1
  }, {
    "title" : "Showing Decagon",
    "content" : "",
    "view" : {
      "position" : {
        "x" : -11.643809,
        "y" : -87.117645,
        "z" : -60.28144
      },
      "width" : 47.960217,
      "lookAtPoint" : {
        "x" : 0.0,
        "y" : 0.0,
        "z" : 0.0
      },
      "lookDirection" : {
        "x" : 0.10925127,
        "y" : 0.81740546,
        "z" : 0.5656073
      },
      "upDirection" : {
        "x" : -0.86740714,
        "y" : 0.3562923,
        "z" : -0.34736204
      },
      "farClipDistance" : 213.15645,
      "stereo" : false,
      "nearClipDistance" : 0.0986836,
      "perspective" : true,
      "fieldOfView" : 0.4426289,
      "upDirectionRV" : {
        "x" : -0.86740714,
        "y" : 0.3562923,
        "z" : -0.34736204,
        "zero" : false
      },
      "lookDirectionRV" : {
        "x" : 0.10925127,
        "y" : 0.81740546,
        "z" : 0.5656073,
        "zero" : false
      },
      "lookAtPointRV" : {
        "x" : 0.0,
        "y" : 0.0,
        "z" : 0.0,
        "zero" : true
      },
      "viewDistance" : 106.578255
    },
    "snapshot" : 0
  } ],
  "snapshots" : [ [ {
    "shape" : "ea12a79f-f600-469b-be6b-d9c41864913d",
    "color" : "#008EC2",
    "position" : {
      "x" : 0.0,
      "y" : -3.236068,
      "z" : 5.236068
    },
    "orientation" : 0
  }, {
    "shape" : "7dfd9ce8-8fc8-43c4-8ecd-25af8981fdd4",
    "color" : "#F2F2F2",
    "position" : {
      "x" : 9.472136,
      "y" : -1.618034,
      "z" : 2.618034
    },
    "orientation" : 0
  }, {
    "shape" : "7dfd9ce8-8fc8-43c4-8ecd-25af8981fdd4",
    "color" : "#F2F2F2",
    "position" : {
      "x" : 5.236068,
      "y" : -3.236068,
      "z" : 5.236068
    },
    "orientation" : 0
  }, {
    "shape" : "7dfd9ce8-8fc8-43c4-8ecd-25af8981fdd4",
    "color" : "#0000FF",
    "position" : {
      "x" : 5.236068,
      "y" : 0.0,
      "z" : 0.0
    },
    "orientation" : 0
  }, {
    "shape" : "325f7b5e-c1ce-4d1a-8926-10e99947c7d5",
    "color" : "#008EC2",
    "position" : {
      "x" : 1.618034,
      "y" : -2.618034,
      "z" : 4.236068
    },
    "orientation" : 23
  }, {
    "shape" : "60efe5b8-2588-445e-9c42-b962eb13eaee",
    "color" : "#008EC2",
    "position" : {
      "x" : 8.472136,
      "y" : 5.236068,
      "z" : -8.472136
    },
    "orientation" : 56
  }, {
    "shape" : "325f7b5e-c1ce-4d1a-8926-10e99947c7d5",
    "color" : "#008EC2",
    "position" : {
      "x" : 4.236068,
      "y" : 1.618034,
      "z" : -2.618034
    },
    "orientation" : 56
  }, {
    "shape" : "7dfd9ce8-8fc8-43c4-8ecd-25af8981fdd4",
    "color" : "#F2F2F2",
    "position" : {
      "x" : 1.618034,
      "y" : 7.854102,
      "z" : -12.708204
    },
    "orientation" : 0
  }, {
    "shape" : "7dfd9ce8-8fc8-43c4-8ecd-25af8981fdd4",
    "color" : "#0000FF",
    "position" : {
      "x" : -4.236068,
      "y" : 1.618034,
      "z" : -2.618034
    },
    "orientation" : 0
  }, {
    "shape" : "325f7b5e-c1ce-4d1a-8926-10e99947c7d5",
    "color" : "#008EC2",
    "position" : {
      "x" : 4.236068,
      "y" : -1.618034,
      "z" : 2.618034
    },
    "orientation" : 52
  }, {
    "shape" : "7dfd9ce8-8fc8-43c4-8ecd-25af8981fdd4",
    "color" : "#0000FF",
    "position" : {
      "x" : 1.618034,
      "y" : 2.618034,
      "z" : -4.236068
    },
    "orientation" : 0
  }, {
    "shape" : "ea12a79f-f600-469b-be6b-d9c41864913d",
    "color" : "#008EC2",
    "position" : {
      "x" : -4.236068,
      "y" : -1.618034,
      "z" : 2.618034
    },
    "orientation" : 8
  }, {
    "shape" : "ea12a79f-f600-469b-be6b-d9c41864913d",
    "color" : "#008EC2",
    "position" : {
      "x" : 5.236068,
      "y" : -3.236068,
      "z" : 5.236068
    },
    "orientation" : 23
  }, {
    "shape" : "ea12a79f-f600-469b-be6b-d9c41864913d",
    "color" : "#008EC2",
    "position" : {
      "x" : 9.472136,
      "y" : -1.618034,
      "z" : 2.618034
    },
    "orientation" : 52
  }, {
    "shape" : "325f7b5e-c1ce-4d1a-8926-10e99947c7d5",
    "color" : "#008EC2",
    "position" : {
      "x" : 1.618034,
      "y" : 2.618034,
      "z" : -4.236068
    },
    "orientation" : 45
  }, {
    "shape" : "7dfd9ce8-8fc8-43c4-8ecd-25af8981fdd4",
    "color" : "#0000FF",
    "position" : {
      "x" : 4.236068,
      "y" : -1.618034,
      "z" : 2.618034
    },
    "orientation" : 0
  }, {
    "shape" : "7dfd9ce8-8fc8-43c4-8ecd-25af8981fdd4",
    "color" : "#0000FF",
    "position" : {
      "x" : -1.618034,
      "y" : 2.618034,
      "z" : -4.236068
    },
    "orientation" : 0
  }, {
    "shape" : "7dfd9ce8-8fc8-43c4-8ecd-25af8981fdd4",
    "color" : "#F2F2F2",
    "position" : {
      "x" : 8.472136,
      "y" : 5.236068,
      "z" : -8.472136
    },
    "orientation" : 0
  }, {
    "shape" : "7dfd9ce8-8fc8-43c4-8ecd-25af8981fdd4",
    "color" : "#F2F2F2",
    "position" : {
      "x" : 11.09017,
      "y" : 1.0,
      "z" : -1.618034
    },
    "orientation" : 0
  }, {
    "shape" : "7dfd9ce8-8fc8-43c4-8ecd-25af8981fdd4",
    "color" : "#0000FF",
    "position" : {
      "x" : 1.618034,
      "y" : -2.618034,
      "z" : 4.236068
    },
    "orientation" : 0
  }, {
    "shape" : "7dfd9ce8-8fc8-43c4-8ecd-25af8981fdd4",
    "color" : "#0000FF",
    "position" : {
      "x" : -4.236068,
      "y" : -1.618034,
      "z" : 2.618034
    },
    "orientation" : 0
  }, {
    "shape" : "7dfd9ce8-8fc8-43c4-8ecd-25af8981fdd4",
    "color" : "#F2F2F2",
    "position" : {
      "x" : 0.0,
      "y" : -3.236068,
      "z" : 5.236068
    },
    "orientation" : 0
  }, {
    "shape" : "325f7b5e-c1ce-4d1a-8926-10e99947c7d5",
    "color" : "#008EC2",
    "position" : {
      "x" : 5.236068,
      "y" : 0.0,
      "z" : 0.0
    },
    "orientation" : 55
  }, {
    "shape" : "60efe5b8-2588-445e-9c42-b962eb13eaee",
    "color" : "#008EC2",
    "position" : {
      "x" : 11.09017,
      "y" : 1.0,
      "z" : -1.618034
    },
    "orientation" : 55
  }, {
    "shape" : "325f7b5e-c1ce-4d1a-8926-10e99947c7d5",
    "color" : "#008EC2",
    "position" : {
      "x" : -5.236068,
      "y" : 0.0,
      "z" : 0.0
    },
    "orientation" : 37
  }, {
    "shape" : "325f7b5e-c1ce-4d1a-8926-10e99947c7d5",
    "color" : "#008EC2",
    "position" : {
      "x" : -1.618034,
      "y" : 2.618034,
      "z" : -4.236068
    },
    "orientation" : 41
  }, {
    "shape" : "7dfd9ce8-8fc8-43c4-8ecd-25af8981fdd4",
    "color" : "#0000FF",
    "position" : {
      "x" : 4.236068,
      "y" : 1.618034,
      "z" : -2.618034
    },
    "orientation" : 0
  }, {
    "shape" : "325f7b5e-c1ce-4d1a-8926-10e99947c7d5",
    "color" : "#008EC2",
    "position" : {
      "x" : -4.236068,
      "y" : -1.618034,
      "z" : 2.618034
    },
    "orientation" : 8
  }, {
    "shape" : "325f7b5e-c1ce-4d1a-8926-10e99947c7d5",
    "color" : "#008EC2",
    "position" : {
      "x" : -4.236068,
      "y" : 1.618034,
      "z" : -2.618034
    },
    "orientation" : 40
  }, {
    "shape" : "325f7b5e-c1ce-4d1a-8926-10e99947c7d5",
    "color" : "#008EC2",
    "position" : {
      "x" : -1.618034,
      "y" : -2.618034,
      "z" : 4.236068
    },
    "orientation" : 0
  }, {
    "shape" : "7dfd9ce8-8fc8-43c4-8ecd-25af8981fdd4",
    "color" : "#0000FF",
    "position" : {
      "x" : -1.618034,
      "y" : -2.618034,
      "z" : 4.236068
    },
    "orientation" : 0
  }, {
    "shape" : "7dfd9ce8-8fc8-43c4-8ecd-25af8981fdd4",
    "color" : "#0000FF",
    "position" : {
      "x" : -5.236068,
      "y" : 0.0,
      "z" : 0.0
    },
    "orientation" : 0
  } ], [ {
    "shape" : "7dfd9ce8-8fc8-43c4-8ecd-25af8981fdd4",
    "color" : "#F2F2F2",
    "position" : {
      "x" : 9.472136,
      "y" : -1.618034,
      "z" : 2.618034
    },
    "orientation" : 0
  }, {
    "shape" : "7dfd9ce8-8fc8-43c4-8ecd-25af8981fdd4",
    "color" : "#F2F2F2",
    "position" : {
      "x" : 5.236068,
      "y" : -3.236068,
      "z" : 5.236068
    },
    "orientation" : 0
  }, {
    "shape" : "7dfd9ce8-8fc8-43c4-8ecd-25af8981fdd4",
    "color" : "#F2F2F2",
    "position" : {
      "x" : 8.472136,
      "y" : 5.236068,
      "z" : -8.472136
    },
    "orientation" : 0
  }, {
    "shape" : "325f7b5e-c1ce-4d1a-8926-10e99947c7d5",
    "color" : "#008EC2",
    "position" : {
      "x" : -4.236068,
      "y" : 1.618034,
      "z" : -2.618034
    },
    "orientation" : 40
  }, {
    "shape" : "60efe5b8-2588-445e-9c42-b962eb13eaee",
    "color" : "#008EC2",
    "position" : {
      "x" : 11.09017,
      "y" : 1.0,
      "z" : -1.618034
    },
    "orientation" : 55
  }, {
    "shape" : "325f7b5e-c1ce-4d1a-8926-10e99947c7d5",
    "color" : "#008EC2",
    "position" : {
      "x" : -5.236068,
      "y" : 0.0,
      "z" : 0.0
    },
    "orientation" : 37
  }, {
    "shape" : "7dfd9ce8-8fc8-43c4-8ecd-25af8981fdd4",
    "color" : "#F2F2F2",
    "position" : {
      "x" : 0.0,
      "y" : -3.236068,
      "z" : 5.236068
    },
    "orientation" : 0
  }, {
    "shape" : "7dfd9ce8-8fc8-43c4-8ecd-25af8981fdd4",
    "color" : "#F2F2F2",
    "position" : {
      "x" : 11.09017,
      "y" : 1.0,
      "z" : -1.618034
    },
    "orientation" : 0
  }, {
    "shape" : "7dfd9ce8-8fc8-43c4-8ecd-25af8981fdd4",
    "color" : "#F2F2F2",
    "position" : {
      "x" : -4.236068,
      "y" : 1.618034,
      "z" : -2.618034
    },
    "orientation" : 0
  }, {
    "shape" : "ea12a79f-f600-469b-be6b-d9c41864913d",
    "color" : "#008EC2",
    "position" : {
      "x" : 5.236068,
      "y" : -3.236068,
      "z" : 5.236068
    },
    "orientation" : 23
  }, {
    "shape" : "ea12a79f-f600-469b-be6b-d9c41864913d",
    "color" : "#008EC2",
    "position" : {
      "x" : 9.472136,
      "y" : -1.618034,
      "z" : 2.618034
    },
    "orientation" : 52
  }, {
    "shape" : "60efe5b8-2588-445e-9c42-b962eb13eaee",
    "color" : "#008EC2",
    "position" : {
      "x" : 8.472136,
      "y" : 5.236068,
      "z" : -8.472136
    },
    "orientation" : 56
  }, {
    "shape" : "7dfd9ce8-8fc8-43c4-8ecd-25af8981fdd4",
    "color" : "#F2F2F2",
    "position" : {
      "x" : -5.236068,
      "y" : 0.0,
      "z" : 0.0
    },
    "orientation" : 0
  }, {
    "shape" : "325f7b5e-c1ce-4d1a-8926-10e99947c7d5",
    "color" : "#008EC2",
    "position" : {
      "x" : -4.236068,
      "y" : -1.618034,
      "z" : 2.618034
    },
    "orientation" : 8
  }, {
    "shape" : "ea12a79f-f600-469b-be6b-d9c41864913d",
    "color" : "#008EC2",
    "position" : {
      "x" : -4.236068,
      "y" : -1.618034,
      "z" : 2.618034
    },
    "orientation" : 8
  }, {
    "shape" : "7dfd9ce8-8fc8-43c4-8ecd-25af8981fdd4",
    "color" : "#F2F2F2",
    "position" : {
      "x" : -4.236068,
      "y" : -1.618034,
      "z" : 2.618034
    },
    "orientation" : 0
  }, {
    "shape" : "7dfd9ce8-8fc8-43c4-8ecd-25af8981fdd4",
    "color" : "#F2F2F2",
    "position" : {
      "x" : 1.618034,
      "y" : 7.854102,
      "z" : -12.708204
    },
    "orientation" : 0
  }, {
    "shape" : "ea12a79f-f600-469b-be6b-d9c41864913d",
    "color" : "#008EC2",
    "position" : {
      "x" : 0.0,
      "y" : -3.236068,
      "z" : 5.236068
    },
    "orientation" : 0
  } ], [ {
    "shape" : "7dfd9ce8-8fc8-43c4-8ecd-25af8981fdd4",
    "color" : "#F2F2F2",
    "position" : {
      "x" : 11.09017,
      "y" : 1.0,
      "z" : -1.618034
    },
    "orientation" : 0
  }, {
    "shape" : "ea12a79f-f600-469b-be6b-d9c41864913d",
    "color" : "#008EC2",
    "position" : {
      "x" : 0.0,
      "y" : -3.236068,
      "z" : 5.236068
    },
    "orientation" : 0
  }, {
    "shape" : "7dfd9ce8-8fc8-43c4-8ecd-25af8981fdd4",
    "color" : "#F2F2F2",
    "position" : {
      "x" : -5.236068,
      "y" : 0.0,
      "z" : 0.0
    },
    "orientation" : 0
  }, {
    "shape" : "325f7b5e-c1ce-4d1a-8926-10e99947c7d5",
    "color" : "#008EC2",
    "position" : {
      "x" : -4.236068,
      "y" : -1.618034,
      "z" : 2.618034
    },
    "orientation" : 8
  }, {
    "shape" : "60efe5b8-2588-445e-9c42-b962eb13eaee",
    "color" : "#008EC2",
    "position" : {
      "x" : 8.472136,
      "y" : 5.236068,
      "z" : -8.472136
    },
    "orientation" : 56
  }, {
    "shape" : "7dfd9ce8-8fc8-43c4-8ecd-25af8981fdd4",
    "color" : "#F2F2F2",
    "position" : {
      "x" : -4.236068,
      "y" : -1.618034,
      "z" : 2.618034
    },
    "orientation" : 0
  }, {
    "shape" : "325f7b5e-c1ce-4d1a-8926-10e99947c7d5",
    "color" : "#008EC2",
    "position" : {
      "x" : -5.236068,
      "y" : 0.0,
      "z" : 0.0
    },
    "orientation" : 37
  }, {
    "shape" : "ea12a79f-f600-469b-be6b-d9c41864913d",
    "color" : "#008EC2",
    "position" : {
      "x" : 9.472136,
      "y" : -1.618034,
      "z" : 2.618034
    },
    "orientation" : 52
  }, {
    "shape" : "7dfd9ce8-8fc8-43c4-8ecd-25af8981fdd4",
    "color" : "#F2F2F2",
    "position" : {
      "x" : -4.236068,
      "y" : 1.618034,
      "z" : -2.618034
    },
    "orientation" : 0
  }, {
    "shape" : "60efe5b8-2588-445e-9c42-b962eb13eaee",
    "color" : "#008EC2",
    "position" : {
      "x" : 11.09017,
      "y" : 1.0,
      "z" : -1.618034
    },
    "orientation" : 55
  }, {
    "shape" : "7dfd9ce8-8fc8-43c4-8ecd-25af8981fdd4",
    "color" : "#F2F2F2",
    "position" : {
      "x" : 0.0,
      "y" : -3.236068,
      "z" : 5.236068
    },
    "orientation" : 0
  }, {
    "shape" : "7dfd9ce8-8fc8-43c4-8ecd-25af8981fdd4",
    "color" : "#F2F2F2",
    "position" : {
      "x" : 5.236068,
      "y" : -3.236068,
      "z" : 5.236068
    },
    "orientation" : 0
  }, {
    "shape" : "7dfd9ce8-8fc8-43c4-8ecd-25af8981fdd4",
    "color" : "#F2F2F2",
    "position" : {
      "x" : 1.618034,
      "y" : 7.854102,
      "z" : -12.708204
    },
    "orientation" : 0
  }, {
    "shape" : "7dfd9ce8-8fc8-43c4-8ecd-25af8981fdd4",
    "color" : "#F2F2F2",
    "position" : {
      "x" : 9.472136,
      "y" : -1.618034,
      "z" : 2.618034
    },
    "orientation" : 0
  }, {
    "shape" : "ea12a79f-f600-469b-be6b-d9c41864913d",
    "color" : "#008EC2",
    "position" : {
      "x" : 5.236068,
      "y" : -3.236068,
      "z" : 5.236068
    },
    "orientation" : 23
  }, {
    "shape" : "ea12a79f-f600-469b-be6b-d9c41864913d",
    "color" : "#008EC2",
    "position" : {
      "x" : -4.236068,
      "y" : -1.618034,
      "z" : 2.618034
    },
    "orientation" : 8
  }, {
    "shape" : "325f7b5e-c1ce-4d1a-8926-10e99947c7d5",
    "color" : "#008EC2",
    "position" : {
      "x" : -4.236068,
      "y" : 1.618034,
      "z" : -2.618034
    },
    "orientation" : 40
  }, {
    "shape" : "7dfd9ce8-8fc8-43c4-8ecd-25af8981fdd4",
    "color" : "#F2F2F2",
    "position" : {
      "x" : 8.472136,
      "y" : 5.236068,
      "z" : -8.472136
    },
    "orientation" : 0
  } ] ]
}