{
  "field" : "golden",
  "symmetry" : "icosahedral",
  "orientations" : [ [ 1.0, 0.0, 0.0, 0.0, 0.0, 1.0, 0.0, 0.0, 0.0, 0.0, 1.0, 0.0, 0.0, 0.0, 0.0, 1.0 ], [ 0.0, 0.0, 1.0, 0.0, 1.0, 0.0, 0.0, 0.0, 0.0, 1.0, 0.0, 0.0, 0.0, 0.0, 0.0, 1.0 ], [ 0.0, 1.0, 0.0, 0.0, 0.0, 0.0, 1.0, 0.0, 1.0, 0.0, 0.0, 0.0, 0.0, 0.0, 0.0, 1.0 ], [ 0.809017, 0.309017, 0.5, 0.0, 0.309017, 0.5, -0.809017, 0.0, -0.5, 0.809017, 0.309017, 0.0, 0.0, 0.0, 0.0, 1.0 ], [ -0.5, 0.809017, 0.309017, 0.0, 0.809017, 0.309017, 0.5, 0.0, 0.309017, 0.5, -0.809017, 0.0, 0.0, 0.0, 0.0, 1.0 ], [ 0.309017, 0.5, -0.809017, 0.0, -0.5, 0.809017, 0.309017, 0.0, 0.809017, 0.309017, 0.5, 0.0, 0.0, 0.0, 0.0, 1.0 ], [ 0.5, 0.809017, 0.309017, 0.0, 0.809017, -0.309017, -0.5, 0.0, -0.309017, 0.5, -0.809017, 0.0, 0.0, 0.0, 0.0, 1.0 ], [ -0.309017, 0.5, -0.809017, 0.0, 0.5, 0.809017, 0.309017, 0.0, 0.809017, -0.309017, -0.5, 0.0, 0.0, 0.0, 0.0, 1.0 ], [ 0.809017, -0.309017, -0.5, 0.0, -0.309017, 0.5, -0.809017, 0.0, 0.5, 0.809017, 0.309017, 0.0, 0.0, 0.0, 0.0, 1.0 ], [ 0.5, 0.809017, -0.309017, 0.0, 0.809017, -0.309017, 0.5, 0.0, 0.309017, -0.5, -0.809017, 0.0, 0.0, 0.0, 0.0, 1.0 ], [ 0.309017, -0.5, -0.809017, 0.0, 0.5, 0.809017, -0.309017, 0.0, 0.809017, -0.309017, 0.5, 0.0, 0.0, 0.0, 0.0, 1.0 ], [ 0.809017, -0.309017, 0.5, 0.0, 0.309017, -0.5, -0.809017, 0.0, 0.5, 0.809017, -0.309017, 0.0, 0.0, 0.0, 0.0, 1.0 ], [ 0.809017, 0.309017, -0.5, 0.0, 0.309017, 0.5, 0.809017, 0.0, 0.5, -0.809017, 0.309017, 0.0, 0.0, 0.0, 0.0, 1.0 ], [ 0.5, -0.809017, 0.309017, 0.0, 0.809017, 0.309017, -0.5, 0.0, 0.309017, 0.5, 0.809017, 0.0, 0.0, 0.0, 0.0, 1.0 ], [ 0.309017, 0.5, 0.809017, 0.0, 0.5, -0.809017, 0.309017, 0.0, 0.809017, 0.309017, -0.5, 0.0, 0.0, 0.0, 0.0, 1.0 ], [ 1.0, 0.0, 0.0, 0.0, 0.0, -1.0, 0.0, 0.0, 0.0, 0.0, -1.0, 0.0, 0.0, 0.0, 0.0, 1.0 ], [ 0.0, 0.0, 1.0, 0.0, -1.0, 0.0, 0.0, 0.0, 0.0, -1.0, 0.0, 0.0, 0.0, 0.0, 0.0, 1.0 ], [ 0.0, 1.0, 0.0, 0.0, 0.0, 0.0, -1.0, 0.0, -1.0, 0.0, 0.0, 0.0, 0.0, 0.0, 0.0, 1.0 ], [ 0.809017, 0.309017, 0.5, 0.0, -0.309017, -0.5, 0.809017, 0.0, 0.5, -0.809017, -0.309017, 0.0, 0.0, 0.0, 0.0, 1.0 ], [ -0.5, 0.809017, 0.309017, 0.0, -0.809017, -0.309017, -0.5, 0.0, -0.309017, -0.5, 0.809017, 0.0, 0.0, 0.0, 0.0, 1.0 ], [ 0.309017, 0.5, -0.809017, 0.0, 0.5, -0.809017, -0.309017, 0.0, -0.809017, -0.309017, -0.5, 0.0, 0.0, 0.0, 0.0, 1.0 ], [ 0.5, 0.809017, 0.309017, 0.0, -0.809017, 0.309017, 0.5, 0.0, 0.309017, -0.5, 0.809017, 0.0, 0.0, 0.0, 0.0, 1.0 ], [ -0.309017, 0.5, -0.809017, 0.0, -0.5, -0.809017, -0.309017, 0.0, -0.809017, 0.309017, 0.5, 0.0, 0.0, 0.0, 0.0, 1.0 ], [ 0.809017, -0.309017, -0.5, 0.0, 0.309017, -0.5, 0.809017, 0.0, -0.5, -0.809017, -0.309017, 0.0, 0.0, 0.0, 0.0, 1.0 ], [ 0.5, 0.809017, -0.309017, 0.0, -0.809017, 0.309017, -0.5, 0.0, -0.309017, 0.5, 0.809017, 0.0, 0.0, 0.0, 0.0, 1.0 ], [ 0.309017, -0.5, -0.809017, 0.0, -0.5, -0.809017, 0.309017, 0.0, -0.809017, 0.309017, -0.5, 0.0, 0.0, 0.0, 0.0, 1.0 ], [ 0.809017, -0.309017, 0.5, 0.0, -0.309017, 0.5, 0.809017, 0.0, -0.5, -0.809017, 0.309017, 0.0, 0.0, 0.0, 0.0, 1.0 ], [ 0.809017, 0.309017, -0.5, 0.0, -0.309017, -0.5, -0.809017, 0.0, -0.5, 0.809017, -0.309017, 0.0, 0.0, 0.0, 0.0, 1.0 ], [ 0.5, -0.809017, 0.309017, 0.0, -0.809017, -0.309017, 0.5, 0.0, -0.309017, -0.5, -0.809017, 0.0, 0.0, 0.0, 0.0, 1.0 ], [ 0.309017, 0.5, 0.809017, 0.0, -0.5, 0.809017, -0.309017, 0.0, -0.809017, -0.309017, 0.5, 0.0, 0.0, 0.0, 0.0, 1.0 ], [ -1.0, 0.0, 0.0, 0.0, 0.0, -1.0, 0.0, 0.0, 0.0, 0.0, 1.0, 0.0, 0.0, 0.0, 0.0, 1.0 ], [ 0.0, 0.0, -1.0, 0.0, -1.0, 0.0, 0.0, 0.0, 0.0, 1.0, 0.0, 0.0, 0.0, 0.0, 0.0, 1.0 ], [ 0.0, -1.0, 0.0, 0.0, 0.0, 0.0, -1.0, 0.0, 1.0, 0.0, 0.0, 0.0, 0.0, 0.0, 0.0, 1.0 ], [ -0.809017, -0.309017, -0.5, 0.0, -0.309017, -0.5, 0.809017, 0.0, -0.5, 0.809017, 0.309017, 0.0, 0.0, 0.0, 0.0, 1.0 ], [ 0.5, -0.809017, -0.309017, 0.0, -0.809017, -0.309017, -0.5, 0.0, 0.309017, 0.5, -0.809017, 0.0, 0.0, 0.0, 0.0, 1.0 ], [ -0.309017, -0.5, 0.809017, 0.0, 0.5, -0.809017, -0.309017, 0.0, 0.809017, 0.309017, 0.5, 0.0, 0.0, 0.0, 0.0, 1.0 ], [ -0.5, -0.809017, -0.309017, 0.0, -0.809017, 0.309017, 0.5, 0.0, -0.309017, 0.5, -0.809017, 0.0, 0.0, 0.0, 0.0, 1.0 ], [ 0.309017, -0.5, 0.809017, 0.0, -0.5, -0.809017, -0.309017, 0.0, 0.809017, -0.309017, -0.5, 0.0, 0.0, 0.0, 0.0, 1.0 ], [ -0.809017, 0.309017, 0.5, 0.0, 0.309017, -0.5, 0.809017, 0.0, 0.5, 0.809017, 0.309017, 0.0, 0.0, 0.0, 0.0, 1.0 ], [ -0.5, -0.809017, 0.309017, 0.0, -0.809017, 0.309017, -0.5, 0.0, 0.309017, -0.5, -0.809017, 0.0, 0.0, 0.0, 0.0, 1.0 ], [ -0.309017, 0.5, 0.809017, 0.0, -0.5, -0.809017, 0.309017, 0.0, 0.809017, -0.309017, 0.5, 0.0, 0.0, 0.0, 0.0, 1.0 ], [ -0.809017, 0.309017, -0.5, 0.0, -0.309017, 0.5, 0.809017, 0.0, 0.5, 0.809017, -0.309017, 0.0, 0.0, 0.0, 0.0, 1.0 ], [ -0.809017, -0.309017, 0.5, 0.0, -0.309017, -0.5, -0.809017, 0.0, 0.5, -0.809017, 0.309017, 0.0, 0.0, 0.0, 0.0, 1.0 ], [ -0.5, 0.809017, -0.309017, 0.0, -0.809017, -0.309017, 0.5, 0.0, 0.309017, 0.5, 0.809017, 0.0, 0.0, 0.0, 0.0, 1.0 ], [ -0.309017, -0.5, -0.809017, 0.0, -0.5, 0.809017, -0.309017, 0.0, 0.809017, 0.309017, -0.5, 0.0, 0.0, 0.0, 0.0, 1.0 ], [ -1.0, 0.0, 0.0, 0.0, 0.0, 1.0, 0.0, 0.0, 0.0, 0.0, -1.0, 0.0, 0.0, 0.0, 0.0, 1.0 ], [ 0.0, 0.0, -1.0, 0.0, 1.0, 0.0, 0.0, 0.0, 0.0, -1.0, 0.0, 0.0, 0.0, 0.0, 0.0, 1.0 ], [ 0.0, -1.0, 0.0, 0.0, 0.0, 0.0, 1.0, 0.0, -1.0, 0.0, 0.0, 0.0, 0.0, 0.0, 0.0, 1.0 ], [ -0.809017, -0.309017, -0.5, 0.0, 0.309017, 0.5, -0.809017, 0.0, 0.5, -0.809017, -0.309017, 0.0, 0.0, 0.0, 0.0, 1.0 ], [ 0.5, -0.809017, -0.309017, 0.0, 0.809017, 0.309017, 0.5, 0.0, -0.309017, -0.5, 0.809017, 0.0, 0.0, 0.0, 0.0, 1.0 ], [ -0.309017, -0.5, 0.809017, 0.0, -0.5, 0.809017, 0.309017, 0.0, -0.809017, -0.309017, -0.5, 0.0, 0.0, 0.0, 0.0, 1.0 ], [ -0.5, -0.809017, -0.309017, 0.0, 0.809017, -0.309017, -0.5, 0.0, 0.309017, -0.5, 0.809017, 0.0, 0.0, 0.0, 0.0, 1.0 ], [ 0.309017, -0.5, 0.809017, 0.0, 0.5, 0.809017, 0.309017, 0.0, -0.809017, 0.309017, 0.5, 0.0, 0.0, 0.0, 0.0, 1.0 ], [ -0.809017, 0.309017, 0.5, 0.0, -0.309017, 0.5, -0.809017, 0.0, -0.5, -0.809017, -0.309017, 0.0, 0.0, 0.0, 0.0, 1.0 ], [ -0.5, -0.809017, 0.309017, 0.0, 0.809017, -0.309017, 0.5, 0.0, -0.309017, 0.5, 0.809017, 0.0, 0.0, 0.0, 0.0, 1.0 ], [ -0.309017, 0.5, 0.809017, 0.0, 0.5, 0.809017, -0.309017, 0.0, -0.809017, 0.309017, -0.5, 0.0, 0.0, 0.0, 0.0, 1.0 ], [ -0.809017, 0.309017, -0.5, 0.0, 0.309017, -0.5, -0.809017, 0.0, -0.5, -0.809017, 0.309017, 0.0, 0.0, 0.0, 0.0, 1.0 ], [ -0.809017, -0.309017, 0.5, 0.0, 0.309017, 0.5, 0.809017, 0.0, -0.5, 0.809017, -0.309017, 0.0, 0.0, 0.0, 0.0, 1.0 ], [ -0.5, 0.809017, -0.309017, 0.0, 0.809017, 0.309017, -0.5, 0.0, -0.309017, -0.5, -0.809017, 0.0, 0.0, 0.0, 0.0, 1.0 ], [ -0.309017, -0.5, -0.809017, 0.0, 0.5, -0.809017, 0.309017, 0.0, -0.809017, -0.309017, 0.5, 0.0, 0.0, 0.0, 0.0, 1.0 ] ],
  "lights" : {
    "directionalLights" : [ {
      "direction" : {
        "x" : 1.0,
        "y" : -1.0,
        "z" : -1.0
      },
      "color" : "#EBEBE4"
    }, {
      "direction" : {
        "x" : -1.0,
        "y" : 0.0,
        "z" : 0.0
      },
      "color" : "#E4E4EB"
    }, {
      "direction" : {
        "x" : 0.0,
        "y" : 0.0,
        "z" : -1.0
      },
      "color" : "#1E1E1E"
    } ],
    "backgroundColor" : "#AFC8DC",
    "ambientColor" : "#292929"
  },
  "camera" : {
    "position" : {
      "x" : 212.84196,
      "y" : 176.77391,
      "z" : -220.5919
    },
    "width" : 159.23354,
    "viewDistance" : 353.8522,
    "farClipDistance" : 707.7041,
    "lookAtPoint" : {
      "x" : 0.0,
      "y" : 0.0,
      "z" : 0.0
    },
    "fieldOfView" : 0.442629,
    "perspective" : false,
    "nearClipDistance" : 0.8846306,
    "lookDirection" : {
      "x" : -0.6014996,
      "y" : -0.4995699,
      "z" : 0.6234012
    },
    "upDirection" : {
      "x" : -0.31332132,
      "y" : -0.57030076,
      "z" : -0.75933385
    },
    "stereo" : false
  },
  "embedding" : [ 1.0, 0.0, 0.0, 0.0, 0.0, 1.0, 0.0, 0.0, 0.0, 0.0, 1.0, 0.0, 0.0, 0.0, 0.0, 1.0 ],
  "shapes" : [ {
    "id" : "54adaddf-18a2-45b7-b531-e1e4c5da6e48",
    "vertices" : [ {
      "x" : 0.309017,
      "y" : -0.809017,
      "z" : 0.618034
    }, {
      "x" : 0.809017,
      "y" : -0.618034,
      "z" : 0.309017
    }, {
      "x" : 0.618034,
      "y" : -0.309017,
      "z" : 0.809017
    }, {
      "x" : 1.0,
      "y" : 0.309017,
      "z" : 0.19098301
    }, {
      "x" : 0.809017,
      "y" : 0.618034,
      "z" : 0.309017
    }, {
      "x" : 0.618034,
      "y" : 0.309017,
      "z" : 0.809017
    }, {
      "x" : 0.809017,
      "y" : 0.0,
      "z" : 0.690983
    }, {
      "x" : 0.19098301,
      "y" : -1.0,
      "z" : 0.309017
    }, {
      "x" : -0.19098301,
      "y" : -1.0,
      "z" : 0.309017
    }, {
      "x" : -0.19098301,
      "y" : -1.0,
      "z" : -0.309017
    }, {
      "x" : 0.19098301,
      "y" : -1.0,
      "z" : -0.309017
    }, {
      "x" : 1.0,
      "y" : -0.309017,
      "z" : -0.19098301
    }, {
      "x" : 0.809017,
      "y" : -0.618034,
      "z" : -0.309017
    }, {
      "x" : 0.618034,
      "y" : -0.309017,
      "z" : -0.809017
    }, {
      "x" : 0.809017,
      "y" : 0.0,
      "z" : -0.690983
    }, {
      "x" : 0.0,
      "y" : 0.690983,
      "z" : -0.809017
    }, {
      "x" : 0.309017,
      "y" : 0.809017,
      "z" : -0.618034
    }, {
      "x" : 0.618034,
      "y" : 0.309017,
      "z" : -0.809017
    }, {
      "x" : 0.309017,
      "y" : 0.19098301,
      "z" : -1.0
    }, {
      "x" : 1.0,
      "y" : 0.309017,
      "z" : -0.19098301
    }, {
      "x" : -0.309017,
      "y" : -0.809017,
      "z" : 0.618034
    }, {
      "x" : 0.0,
      "y" : -0.690983,
      "z" : 0.809017
    }, {
      "x" : 0.809017,
      "y" : 0.618034,
      "z" : -0.309017
    }, {
      "x" : 0.690983,
      "y" : 0.809017,
      "z" : 0.0
    }, {
      "x" : -0.690983,
      "y" : 0.809017,
      "z" : 0.0
    }, {
      "x" : -0.809017,
      "y" : 0.618034,
      "z" : 0.309017
    }, {
      "x" : -0.309017,
      "y" : 0.809017,
      "z" : 0.618034
    }, {
      "x" : -0.19098301,
      "y" : 1.0,
      "z" : 0.309017
    }, {
      "x" : 0.309017,
      "y" : -0.19098301,
      "z" : -1.0
    }, {
      "x" : 0.19098301,
      "y" : 1.0,
      "z" : 0.309017
    }, {
      "x" : 0.309017,
      "y" : 0.809017,
      "z" : 0.618034
    }, {
      "x" : -0.809017,
      "y" : -0.618034,
      "z" : 0.309017
    }, {
      "x" : -0.690983,
      "y" : -0.809017,
      "z" : 0.0
    }, {
      "x" : 0.0,
      "y" : 0.690983,
      "z" : 0.809017
    }, {
      "x" : 0.309017,
      "y" : -0.809017,
      "z" : -0.618034
    }, {
      "x" : 0.0,
      "y" : -0.690983,
      "z" : -0.809017
    }, {
      "x" : -1.0,
      "y" : 0.309017,
      "z" : 0.19098301
    }, {
      "x" : -0.809017,
      "y" : 0.0,
      "z" : 0.690983
    }, {
      "x" : -0.618034,
      "y" : 0.309017,
      "z" : 0.809017
    }, {
      "x" : 1.0,
      "y" : -0.309017,
      "z" : 0.19098301
    }, {
      "x" : -0.309017,
      "y" : -0.809017,
      "z" : -0.618034
    }, {
      "x" : -1.0,
      "y" : 0.309017,
      "z" : -0.19098301
    }, {
      "x" : -1.0,
      "y" : -0.309017,
      "z" : -0.19098301
    }, {
      "x" : -1.0,
      "y" : -0.309017,
      "z" : 0.19098301
    }, {
      "x" : 0.19098301,
      "y" : 1.0,
      "z" : -0.309017
    }, {
      "x" : -0.809017,
      "y" : 0.618034,
      "z" : -0.309017
    }, {
      "x" : -0.19098301,
      "y" : 1.0,
      "z" : -0.309017
    }, {
      "x" : -0.309017,
      "y" : 0.809017,
      "z" : -0.618034
    }, {
      "x" : -0.618034,
      "y" : -0.309017,
      "z" : 0.809017
    }, {
      "x" : 0.309017,
      "y" : 0.19098301,
      "z" : 1.0
    }, {
      "x" : -0.309017,
      "y" : 0.19098301,
      "z" : -1.0
    }, {
      "x" : -0.309017,
      "y" : 0.19098301,
      "z" : 1.0
    }, {
      "x" : -0.309017,
      "y" : -0.19098301,
      "z" : 1.0
    }, {
      "x" : 0.309017,
      "y" : -0.19098301,
      "z" : 1.0
    }, {
      "x" : 0.690983,
      "y" : -0.809017,
      "z" : 0.0
    }, {
      "x" : -0.809017,
      "y" : 0.0,
      "z" : -0.690983
    }, {
      "x" : -0.618034,
      "y" : -0.309017,
      "z" : -0.809017
    }, {
      "x" : -0.309017,
      "y" : -0.19098301,
      "z" : -1.0
    }, {
      "x" : -0.618034,
      "y" : 0.309017,
      "z" : -0.809017
    }, {
      "x" : -0.809017,
      "y" : -0.618034,
      "z" : -0.309017
    } ],
    "faces" : [ {
      "vertices" : [ 9, 40, 35 ]
    }, {
      "vertices" : [ 9, 35, 34 ]
    }, {
      "vertices" : [ 9, 34, 10 ]
    }, {
      "vertices" : [ 0, 1, 2 ]
    }, {
      "vertices" : [ 33, 51, 49 ]
    }, {
      "vertices" : [ 25, 36, 37 ]
    }, {
      "vertices" : [ 25, 37, 38 ]
    }, {
      "vertices" : [ 41, 55, 42 ]
    }, {
      "vertices" : [ 9, 32, 59 ]
    }, {
      "vertices" : [ 9, 59, 40 ]
    }, {
      "vertices" : [ 20, 21, 52 ]
    }, {
      "vertices" : [ 20, 52, 48 ]
    }, {
      "vertices" : [ 26, 33, 30 ]
    }, {
      "vertices" : [ 26, 30, 29 ]
    }, {
      "vertices" : [ 26, 29, 27 ]
    }, {
      "vertices" : [ 3, 4, 5 ]
    }, {
      "vertices" : [ 3, 5, 6 ]
    }, {
      "vertices" : [ 27, 29, 44 ]
    }, {
      "vertices" : [ 27, 44, 46 ]
    }, {
      "vertices" : [ 50, 57, 56 ]
    }, {
      "vertices" : [ 50, 56, 55 ]
    }, {
      "vertices" : [ 50, 55, 58 ]
    }, {
      "vertices" : [ 26, 38, 51 ]
    }, {
      "vertices" : [ 26, 51, 33 ]
    }, {
      "vertices" : [ 45, 47, 58 ]
    }, {
      "vertices" : [ 18, 28, 57 ]
    }, {
      "vertices" : [ 18, 57, 50 ]
    }, {
      "vertices" : [ 40, 59, 56 ]
    }, {
      "vertices" : [ 31, 48, 37 ]
    }, {
      "vertices" : [ 31, 37, 43 ]
    }, {
      "vertices" : [ 7, 8, 9 ]
    }, {
      "vertices" : [ 7, 9, 10 ]
    }, {
      "vertices" : [ 36, 41, 42 ]
    }, {
      "vertices" : [ 36, 42, 43 ]
    }, {
      "vertices" : [ 24, 46, 47 ]
    }, {
      "vertices" : [ 24, 47, 45 ]
    }, {
      "vertices" : [ 4, 30, 5 ]
    }, {
      "vertices" : [ 15, 47, 46 ]
    }, {
      "vertices" : [ 15, 46, 44 ]
    }, {
      "vertices" : [ 15, 44, 16 ]
    }, {
      "vertices" : [ 15, 50, 58 ]
    }, {
      "vertices" : [ 15, 58, 47 ]
    }, {
      "vertices" : [ 24, 45, 41 ]
    }, {
      "vertices" : [ 24, 41, 36 ]
    }, {
      "vertices" : [ 24, 36, 25 ]
    }, {
      "vertices" : [ 11, 14, 19 ]
    }, {
      "vertices" : [ 3, 6, 39 ]
    }, {
      "vertices" : [ 1, 39, 6 ]
    }, {
      "vertices" : [ 1, 6, 2 ]
    }, {
      "vertices" : [ 8, 32, 9 ]
    }, {
      "vertices" : [ 11, 12, 13 ]
    }, {
      "vertices" : [ 11, 13, 14 ]
    }, {
      "vertices" : [ 16, 22, 17 ]
    }, {
      "vertices" : [ 0, 21, 20 ]
    }, {
      "vertices" : [ 0, 20, 8 ]
    }, {
      "vertices" : [ 0, 8, 7 ]
    }, {
      "vertices" : [ 12, 34, 13 ]
    }, {
      "vertices" : [ 35, 40, 56 ]
    }, {
      "vertices" : [ 35, 56, 57 ]
    }, {
      "vertices" : [ 0, 7, 54 ]
    }, {
      "vertices" : [ 0, 54, 1 ]
    }, {
      "vertices" : [ 15, 16, 17 ]
    }, {
      "vertices" : [ 15, 17, 18 ]
    }, {
      "vertices" : [ 3, 19, 22 ]
    }, {
      "vertices" : [ 3, 22, 23 ]
    }, {
      "vertices" : [ 3, 23, 4 ]
    }, {
      "vertices" : [ 7, 10, 54 ]
    }, {
      "vertices" : [ 41, 45, 58 ]
    }, {
      "vertices" : [ 41, 58, 55 ]
    }, {
      "vertices" : [ 3, 39, 11 ]
    }, {
      "vertices" : [ 3, 11, 19 ]
    }, {
      "vertices" : [ 14, 17, 22 ]
    }, {
      "vertices" : [ 14, 22, 19 ]
    }, {
      "vertices" : [ 0, 2, 53 ]
    }, {
      "vertices" : [ 0, 53, 21 ]
    }, {
      "vertices" : [ 49, 51, 52 ]
    }, {
      "vertices" : [ 49, 52, 53 ]
    }, {
      "vertices" : [ 31, 43, 42 ]
    }, {
      "vertices" : [ 31, 42, 59 ]
    }, {
      "vertices" : [ 31, 59, 32 ]
    }, {
      "vertices" : [ 15, 18, 50 ]
    }, {
      "vertices" : [ 42, 55, 56 ]
    }, {
      "vertices" : [ 42, 56, 59 ]
    }, {
      "vertices" : [ 4, 23, 29 ]
    }, {
      "vertices" : [ 4, 29, 30 ]
    }, {
      "vertices" : [ 25, 38, 26 ]
    }, {
      "vertices" : [ 13, 28, 18 ]
    }, {
      "vertices" : [ 13, 18, 17 ]
    }, {
      "vertices" : [ 13, 17, 14 ]
    }, {
      "vertices" : [ 8, 20, 31 ]
    }, {
      "vertices" : [ 8, 31, 32 ]
    }, {
      "vertices" : [ 23, 44, 29 ]
    }, {
      "vertices" : [ 24, 27, 46 ]
    }, {
      "vertices" : [ 37, 48, 52 ]
    }, {
      "vertices" : [ 37, 52, 51 ]
    }, {
      "vertices" : [ 37, 51, 38 ]
    }, {
      "vertices" : [ 20, 48, 31 ]
    }, {
      "vertices" : [ 24, 25, 26 ]
    }, {
      "vertices" : [ 24, 26, 27 ]
    }, {
      "vertices" : [ 16, 44, 23 ]
    }, {
      "vertices" : [ 16, 23, 22 ]
    }, {
      "vertices" : [ 13, 34, 35 ]
    }, {
      "vertices" : [ 13, 35, 28 ]
    }, {
      "vertices" : [ 10, 34, 12 ]
    }, {
      "vertices" : [ 10, 12, 54 ]
    }, {
      "vertices" : [ 2, 6, 5 ]
    }, {
      "vertices" : [ 2, 5, 49 ]
    }, {
      "vertices" : [ 2, 49, 53 ]
    }, {
      "vertices" : [ 36, 43, 37 ]
    }, {
      "vertices" : [ 5, 30, 33 ]
    }, {
      "vertices" : [ 5, 33, 49 ]
    }, {
      "vertices" : [ 1, 54, 12 ]
    }, {
      "vertices" : [ 1, 12, 11 ]
    }, {
      "vertices" : [ 1, 11, 39 ]
    }, {
      "vertices" : [ 28, 35, 57 ]
    }, {
      "vertices" : [ 21, 53, 52 ]
    } ]
  }, {
    "id" : "91e570b9-2355-476a-8354-fc3a891e07ef",
    "vertices" : [ {
      "x" : 0.13333334,
      "y" : -24.911646,
      "z" : 16.36332
    }, {
      "x" : -0.26666668,
      "y" : -25.011646,
      "z" : 16.46332
    }, {
      "x" : -0.13333334,
      "y" : -0.50476193,
      "z" : 0.5809524
    }, {
      "x" : 0.26666668,
      "y" : -0.4047619,
      "z" : 0.48095238
    }, {
      "x" : -0.13333334,
      "y" : -24.778313,
      "z" : 16.763319
    }, {
      "x" : 0.26666668,
      "y" : -24.678312,
      "z" : 16.663319
    }, {
      "x" : 0.13333334,
      "y" : -0.63809526,
      "z" : 0.18095239
    }, {
      "x" : -0.26666668,
      "y" : -0.7380952,
      "z" : 0.2809524
    } ],
    "faces" : [ {
      "vertices" : [ 2, 3, 6 ]
    }, {
      "vertices" : [ 2, 6, 7 ]
    }, {
      "vertices" : [ 0, 5, 4 ]
    }, {
      "vertices" : [ 0, 4, 1 ]
    }, {
      "vertices" : [ 2, 4, 5 ]
    }, {
      "vertices" : [ 2, 5, 3 ]
    }, {
      "vertices" : [ 0, 6, 3 ]
    }, {
      "vertices" : [ 0, 3, 5 ]
    }, {
      "vertices" : [ 0, 1, 7 ]
    }, {
      "vertices" : [ 0, 7, 6 ]
    }, {
      "vertices" : [ 1, 4, 2 ]
    }, {
      "vertices" : [ 1, 2, 7 ]
    } ]
  }, {
    "id" : "33872c64-3e6e-48c2-a588-bb20bd4f5ba7",
    "vertices" : [ {
      "x" : -16.395554,
      "y" : 7.9644437,
      "z" : 0.13333334
    }, {
      "x" : -16.495554,
      "y" : 8.064444,
      "z" : -0.26666668
    }, {
      "x" : -0.548718,
      "y" : 0.50769234,
      "z" : -0.13333334
    }, {
      "x" : -0.44871795,
      "y" : 0.4076923,
      "z" : 0.26666668
    }, {
      "x" : -16.26222,
      "y" : 8.364444,
      "z" : -0.13333334
    }, {
      "x" : -16.16222,
      "y" : 8.264443,
      "z" : 0.26666668
    }, {
      "x" : -0.6820513,
      "y" : 0.10769231,
      "z" : 0.13333334
    }, {
      "x" : -0.78205127,
      "y" : 0.20769231,
      "z" : -0.26666668
    } ],
    "faces" : [ {
      "vertices" : [ 2, 3, 6 ]
    }, {
      "vertices" : [ 2, 6, 7 ]
    }, {
      "vertices" : [ 0, 5, 4 ]
    }, {
      "vertices" : [ 0, 4, 1 ]
    }, {
      "vertices" : [ 2, 4, 5 ]
    }, {
      "vertices" : [ 2, 5, 3 ]
    }, {
      "vertices" : [ 0, 6, 3 ]
    }, {
      "vertices" : [ 0, 3, 5 ]
    }, {
      "vertices" : [ 0, 1, 7 ]
    }, {
      "vertices" : [ 0, 7, 6 ]
    }, {
      "vertices" : [ 1, 4, 2 ]
    }, {
      "vertices" : [ 1, 2, 7 ]
    } ]
  }, {
    "id" : "e9bd7a87-59eb-4bff-a102-63f36f39e6b1",
    "vertices" : [ {
      "x" : -25.416409,
      "y" : -16.944271,
      "z" : 0.0
    }, {
      "x" : 0.0,
      "y" : -25.416409,
      "z" : 16.944271
    }, {
      "x" : 16.944271,
      "y" : -25.416409,
      "z" : -8.472136
    }, {
      "x" : -8.472136,
      "y" : -16.944271,
      "z" : -25.416409
    } ],
    "faces" : [ {
      "vertices" : [ 0, 1, 2 ]
    }, {
      "vertices" : [ 0, 2, 3 ]
    }, {
      "vertices" : [ 0, 3, 2 ]
    }, {
      "vertices" : [ 0, 2, 1 ]
    } ]
  }, {
    "id" : "c622923e-7886-44c1-af88-873ab44f7a10",
    "vertices" : [ {
      "x" : -16.944271,
      "y" : 25.416409,
      "z" : 8.472136
    }, {
      "x" : -16.944271,
      "y" : 0.0,
      "z" : 25.416409
    }, {
      "x" : 8.472136,
      "y" : 16.944271,
      "z" : 25.416409
    } ],
    "faces" : [ {
      "vertices" : [ 0, 1, 2 ]
    }, {
      "vertices" : [ 0, 2, 1 ]
    } ]
  }, {
    "id" : "a5c8cbe8-74bf-4c77-9543-b4da3a0a1f23",
    "vertices" : [ {
      "x" : 16.944271,
      "y" : -25.416409,
      "z" : -8.472136
    }, {
      "x" : -8.472136,
      "y" : -16.944271,
      "z" : -25.416409
    }, {
      "x" : 16.944271,
      "y" : 0.0,
      "z" : -25.416409
    } ],
    "faces" : [ {
      "vertices" : [ 0, 1, 2 ]
    }, {
      "vertices" : [ 0, 2, 1 ]
    } ]
  }, {
    "id" : "7a3e8782-3d36-42a5-8ae8-c59d0834dc7f",
    "vertices" : [ {
      "x" : 8.472136,
      "y" : 16.944271,
      "z" : 25.416409
    }, {
      "x" : -16.944271,
      "y" : 0.0,
      "z" : 25.416409
    }, {
      "x" : 0.0,
      "y" : -25.416409,
      "z" : 16.944271
    }, {
      "x" : 25.416409,
      "y" : -8.472136,
      "z" : 16.944271
    } ],
    "faces" : [ {
      "vertices" : [ 0, 1, 2 ]
    }, {
      "vertices" : [ 0, 2, 3 ]
    }, {
      "vertices" : [ 0, 3, 2 ]
    }, {
      "vertices" : [ 0, 2, 1 ]
    } ]
  }, {
    "id" : "ca81fef7-9b1a-49f5-b01b-f25186b97019",
    "vertices" : [ {
      "x" : 8.431557,
      "y" : 16.396446,
      "z" : 24.961336
    }, {
      "x" : 8.031556,
      "y" : 16.496447,
      "z" : 25.061335
    }, {
      "x" : 0.04057971,
      "y" : 0.5478261,
      "z" : 0.45507246
    }, {
      "x" : 0.4405797,
      "y" : 0.4478261,
      "z" : 0.35507247
    }, {
      "x" : 8.164889,
      "y" : 16.796446,
      "z" : 24.828003
    }, {
      "x" : 8.56489,
      "y" : 16.696445,
      "z" : 24.728003
    }, {
      "x" : 0.3072464,
      "y" : 0.14782609,
      "z" : 0.5884058
    }, {
      "x" : -0.09275363,
      "y" : 0.24782608,
      "z" : 0.6884058
    } ],
    "faces" : [ {
      "vertices" : [ 2, 3, 6 ]
    }, {
      "vertices" : [ 2, 6, 7 ]
    }, {
      "vertices" : [ 0, 5, 4 ]
    }, {
      "vertices" : [ 0, 4, 1 ]
    }, {
      "vertices" : [ 2, 4, 5 ]
    }, {
      "vertices" : [ 2, 5, 3 ]
    }, {
      "vertices" : [ 0, 6, 3 ]
    }, {
      "vertices" : [ 0, 3, 5 ]
    }, {
      "vertices" : [ 0, 1, 7 ]
    }, {
      "vertices" : [ 0, 7, 6 ]
    }, {
      "vertices" : [ 1, 4, 2 ]
    }, {
      "vertices" : [ 1, 2, 7 ]
    } ]
  }, {
    "id" : "1a113e4b-b884-41e8-87cf-d365740608f5",
    "vertices" : [ {
      "x" : -24.916409,
      "y" : -0.26666668,
      "z" : 8.149914
    }, {
      "x" : -24.816408,
      "y" : 0.13333334,
      "z" : 8.049913
    }, {
      "x" : -0.5,
      "y" : 0.26666668,
      "z" : 0.32222223
    }, {
      "x" : -0.6,
      "y" : -0.13333334,
      "z" : 0.42222223
    }, {
      "x" : -24.583075,
      "y" : 0.26666668,
      "z" : 8.349914
    }, {
      "x" : -24.683075,
      "y" : -0.13333334,
      "z" : 8.449914
    }, {
      "x" : -0.8333333,
      "y" : -0.26666668,
      "z" : 0.12222222
    }, {
      "x" : -0.73333335,
      "y" : 0.13333334,
      "z" : 0.022222223
    } ],
    "faces" : [ {
      "vertices" : [ 2, 3, 6 ]
    }, {
      "vertices" : [ 2, 6, 7 ]
    }, {
      "vertices" : [ 0, 5, 4 ]
    }, {
      "vertices" : [ 0, 4, 1 ]
    }, {
      "vertices" : [ 2, 4, 5 ]
    }, {
      "vertices" : [ 2, 5, 3 ]
    }, {
      "vertices" : [ 0, 6, 3 ]
    }, {
      "vertices" : [ 0, 3, 5 ]
    }, {
      "vertices" : [ 0, 1, 7 ]
    }, {
      "vertices" : [ 0, 7, 6 ]
    }, {
      "vertices" : [ 1, 4, 2 ]
    }, {
      "vertices" : [ 1, 2, 7 ]
    } ]
  }, {
    "id" : "0eb4ad24-4d01-494a-be1e-7b0bbf238bc9",
    "vertices" : [ {
      "x" : -25.416409,
      "y" : -16.944271,
      "z" : 0.0
    }, {
      "x" : 0.0,
      "y" : -25.416409,
      "z" : 16.944271
    }, {
      "x" : -16.944271,
      "y" : 0.0,
      "z" : 25.416409
    } ],
    "faces" : [ {
      "vertices" : [ 0, 1, 2 ]
    }, {
      "vertices" : [ 0, 2, 1 ]
    } ]
  }, {
    "id" : "3d355b7b-341f-4fa2-be5a-ff47f6d3dc62",
    "vertices" : [ {
      "x" : 25.416409,
      "y" : 16.944271,
      "z" : 0.0
    }, {
      "x" : 8.472136,
      "y" : 16.944271,
      "z" : 25.416409
    }, {
      "x" : 25.416409,
      "y" : -8.472136,
      "z" : 16.944271
    } ],
    "faces" : [ {
      "vertices" : [ 0, 1, 2 ]
    }, {
      "vertices" : [ 0, 2, 1 ]
    } ]
  }, {
    "id" : "b615dbe1-ac6f-4320-8bd2-8ef59e535ed5",
    "vertices" : [ {
      "x" : -25.416409,
      "y" : -16.944271,
      "z" : 0.0
    }, {
      "x" : -25.416409,
      "y" : 8.472136,
      "z" : -16.944271
    }, {
      "x" : -8.472136,
      "y" : -16.944271,
      "z" : -25.416409
    } ],
    "faces" : [ {
      "vertices" : [ 0, 1, 2 ]
    }, {
      "vertices" : [ 0, 2, 1 ]
    } ]
  }, {
    "id" : "22624308-7781-49d6-9755-74dc42d6f58d",
    "vertices" : [ {
      "x" : -8.472136,
      "y" : -16.944271,
      "z" : -25.416409
    }, {
      "x" : -25.416409,
      "y" : 8.472136,
      "z" : -16.944271
    }, {
      "x" : 0.0,
      "y" : 25.416409,
      "z" : -16.944271
    }, {
      "x" : 16.944271,
      "y" : 0.0,
      "z" : -25.416409
    } ],
    "faces" : [ {
      "vertices" : [ 0, 1, 2 ]
    }, {
      "vertices" : [ 0, 2, 3 ]
    }, {
      "vertices" : [ 0, 3, 2 ]
    }, {
      "vertices" : [ 0, 2, 1 ]
    } ]
  }, {
    "id" : "c30427ab-36a8-455d-b370-7794555909d0",
    "vertices" : [ {
      "x" : -16.944271,
      "y" : 25.416409,
      "z" : 8.472136
    }, {
      "x" : -25.416409,
      "y" : 8.472136,
      "z" : -16.944271
    }, {
      "x" : -25.416409,
      "y" : -16.944271,
      "z" : 0.0
    }, {
      "x" : -16.944271,
      "y" : 0.0,
      "z" : 25.416409
    } ],
    "faces" : [ {
      "vertices" : [ 0, 1, 2 ]
    }, {
      "vertices" : [ 0, 2, 3 ]
    }, {
      "vertices" : [ 0, 3, 2 ]
    }, {
      "vertices" : [ 0, 2, 1 ]
    } ]
  }, {
    "id" : "dc6b11c5-ff32-4cdb-9f36-0aede0eb7702",
    "vertices" : [ {
      "x" : 25.416409,
      "y" : -8.472136,
      "z" : 16.944271
    }, {
      "x" : 16.944271,
      "y" : -25.416409,
      "z" : -8.472136
    }, {
      "x" : 16.944271,
      "y" : 0.0,
      "z" : -25.416409
    }, {
      "x" : 25.416409,
      "y" : 16.944271,
      "z" : 0.0
    } ],
    "faces" : [ {
      "vertices" : [ 0, 1, 2 ]
    }, {
      "vertices" : [ 0, 2, 3 ]
    }, {
      "vertices" : [ 0, 3, 2 ]
    }, {
      "vertices" : [ 0, 2, 1 ]
    } ]
  }, {
    "id" : "4b90c4c3-099c-4c9e-8e73-9fc3cf28b815",
    "vertices" : [ {
      "x" : -16.944271,
      "y" : 25.416409,
      "z" : 8.472136
    }, {
      "x" : 0.0,
      "y" : 25.416409,
      "z" : -16.944271
    }, {
      "x" : -25.416409,
      "y" : 8.472136,
      "z" : -16.944271
    } ],
    "faces" : [ {
      "vertices" : [ 0, 1, 2 ]
    }, {
      "vertices" : [ 0, 2, 1 ]
    } ]
  }, {
    "id" : "e4f9eeec-ea9f-4836-a1cd-a230270ba95b",
    "vertices" : [ {
      "x" : 16.944271,
      "y" : -25.416409,
      "z" : -8.472136
    }, {
      "x" : 25.416409,
      "y" : -8.472136,
      "z" : 16.944271
    }, {
      "x" : 0.0,
      "y" : -25.416409,
      "z" : 16.944271
    } ],
    "faces" : [ {
      "vertices" : [ 0, 1, 2 ]
    }, {
      "vertices" : [ 0, 2, 1 ]
    } ]
  }, {
    "id" : "27f00908-84a9-455d-a12e-2da1297215e1",
    "vertices" : [ {
      "x" : -16.944271,
      "y" : 25.416409,
      "z" : 8.472136
    }, {
      "x" : 8.472136,
      "y" : 16.944271,
      "z" : 25.416409
    }, {
      "x" : 25.416409,
      "y" : 16.944271,
      "z" : 0.0
    }, {
      "x" : 0.0,
      "y" : 25.416409,
      "z" : -16.944271
    } ],
    "faces" : [ {
      "vertices" : [ 0, 1, 2 ]
    }, {
      "vertices" : [ 0, 2, 3 ]
    }, {
      "vertices" : [ 0, 3, 2 ]
    }, {
      "vertices" : [ 0, 2, 1 ]
    } ]
  }, {
    "id" : "b3a5a3b7-eaf9-41cf-a9ce-2f7cd3c92277",
    "vertices" : [ {
      "x" : 16.944271,
      "y" : 0.0,
      "z" : -25.416409
    }, {
      "x" : 0.0,
      "y" : 25.416409,
      "z" : -16.944271
    }, {
      "x" : 25.416409,
      "y" : 16.944271,
      "z" : 0.0
    } ],
    "faces" : [ {
      "vertices" : [ 0, 1, 2 ]
    }, {
      "vertices" : [ 0, 2, 1 ]
    } ]
  } ],
  "instances" : [ {
    "shape" : "54adaddf-18a2-45b7-b531-e1e4c5da6e48",
    "color" : "#000000",
    "position" : {
      "x" : -25.416409,
      "y" : -16.944271,
      "z" : 0.0
    }
  }, {
    "shape" : "91e570b9-2355-476a-8354-fc3a891e07ef",
    "color" : "#000000",
    "position" : {
      "x" : -8.472136,
      "y" : -16.944271,
      "z" : -25.416409
    },
    "orientation" : 46
  }, {
    "shape" : "91e570b9-2355-476a-8354-fc3a891e07ef",
    "color" : "#000000",
    "position" : {
      "x" : 25.416409,
      "y" : 16.944271,
      "z" : 0.0
    },
    "orientation" : 0
  }, {
    "shape" : "54adaddf-18a2-45b7-b531-e1e4c5da6e48",
    "color" : "#000000",
    "position" : {
      "x" : 0.0,
      "y" : -16.944271,
      "z" : -8.472136
    }
  }, {
    "shape" : "54adaddf-18a2-45b7-b531-e1e4c5da6e48",
    "color" : "#000000",
    "position" : {
      "x" : 16.944271,
      "y" : -8.472136,
      "z" : 0.0
    }
  }, {
    "shape" : "33872c64-3e6e-48c2-a588-bb20bd4f5ba7",
    "color" : "#000000",
    "position" : {
      "x" : 16.944271,
      "y" : -25.416409,
      "z" : -8.472136
    },
    "orientation" : 0
  }, {
    "shape" : "e9bd7a87-59eb-4bff-a102-63f36f39e6b1",
    "color" : "#FF0000",
    "position" : {
      "x" : 0.0,
      "y" : 0.0,
      "z" : 0.0
    }
  }, {
    "shape" : "91e570b9-2355-476a-8354-fc3a891e07ef",
    "color" : "#000000",
    "position" : {
      "x" : -25.416409,
      "y" : 8.472136,
      "z" : -16.944271
    },
    "orientation" : 47
  }, {
    "shape" : "c622923e-7886-44c1-af88-873ab44f7a10",
    "color" : "#FFFFFF",
    "position" : {
      "x" : 0.0,
      "y" : 0.0,
      "z" : 0.0
    }
  }, {
    "shape" : "33872c64-3e6e-48c2-a588-bb20bd4f5ba7",
    "color" : "#000000",
    "position" : {
      "x" : -16.944271,
      "y" : 8.472136,
      "z" : 0.0
    },
    "orientation" : 31
  }, {
    "shape" : "a5c8cbe8-74bf-4c77-9543-b4da3a0a1f23",
    "color" : "#FFFFFF",
    "position" : {
      "x" : 0.0,
      "y" : 0.0,
      "z" : 0.0
    }
  }, {
    "shape" : "33872c64-3e6e-48c2-a588-bb20bd4f5ba7",
    "color" : "#000000",
    "position" : {
      "x" : -16.944271,
      "y" : 25.416409,
      "z" : 8.472136
    },
    "orientation" : 30
  }, {
    "shape" : "7a3e8782-3d36-42a5-8ae8-c59d0834dc7f",
    "color" : "#0000FF",
    "position" : {
      "x" : 0.0,
      "y" : 0.0,
      "z" : 0.0
    }
  }, {
    "shape" : "ca81fef7-9b1a-49f5-b01b-f25186b97019",
    "color" : "#000000",
    "position" : {
      "x" : -25.416409,
      "y" : 8.472136,
      "z" : -16.944271
    },
    "orientation" : 0
  }, {
    "shape" : "ca81fef7-9b1a-49f5-b01b-f25186b97019",
    "color" : "#000000",
    "position" : {
      "x" : 0.0,
      "y" : -25.416409,
      "z" : 16.944271
    },
    "orientation" : 46
  }, {
    "shape" : "54adaddf-18a2-45b7-b531-e1e4c5da6e48",
    "color" : "#000000",
    "position" : {
      "x" : -8.472136,
      "y" : -16.944271,
      "z" : -25.416409
    }
  }, {
    "shape" : "54adaddf-18a2-45b7-b531-e1e4c5da6e48",
    "color" : "#000000",
    "position" : {
      "x" : -16.944271,
      "y" : 25.416409,
      "z" : 8.472136
    }
  }, {
    "shape" : "33872c64-3e6e-48c2-a588-bb20bd4f5ba7",
    "color" : "#000000",
    "position" : {
      "x" : 25.416409,
      "y" : -8.472136,
      "z" : 16.944271
    },
    "orientation" : 0
  }, {
    "shape" : "ca81fef7-9b1a-49f5-b01b-f25186b97019",
    "color" : "#000000",
    "position" : {
      "x" : 16.944271,
      "y" : 0.0,
      "z" : -25.416409
    },
    "orientation" : 0
  }, {
    "shape" : "91e570b9-2355-476a-8354-fc3a891e07ef",
    "color" : "#000000",
    "position" : {
      "x" : 8.472136,
      "y" : 16.944271,
      "z" : 25.416409
    },
    "orientation" : 1
  }, {
    "shape" : "33872c64-3e6e-48c2-a588-bb20bd4f5ba7",
    "color" : "#000000",
    "position" : {
      "x" : -25.416409,
      "y" : 8.472136,
      "z" : -16.944271
    },
    "orientation" : 30
  }, {
    "shape" : "54adaddf-18a2-45b7-b531-e1e4c5da6e48",
    "color" : "#000000",
    "position" : {
      "x" : 25.416409,
      "y" : -8.472136,
      "z" : 16.944271
    }
  }, {
    "shape" : "ca81fef7-9b1a-49f5-b01b-f25186b97019",
    "color" : "#000000",
    "position" : {
      "x" : -16.944271,
      "y" : 0.0,
      "z" : 25.416409
    },
    "orientation" : 17
  }, {
    "shape" : "54adaddf-18a2-45b7-b531-e1e4c5da6e48",
    "color" : "#000000",
    "position" : {
      "x" : 16.944271,
      "y" : 0.0,
      "z" : -25.416409
    }
  }, {
    "shape" : "54adaddf-18a2-45b7-b531-e1e4c5da6e48",
    "color" : "#000000",
    "position" : {
      "x" : 8.472136,
      "y" : 16.944271,
      "z" : 25.416409
    }
  }, {
    "shape" : "33872c64-3e6e-48c2-a588-bb20bd4f5ba7",
    "color" : "#000000",
    "position" : {
      "x" : 8.472136,
      "y" : 16.944271,
      "z" : 25.416409
    },
    "orientation" : 46
  }, {
    "shape" : "54adaddf-18a2-45b7-b531-e1e4c5da6e48",
    "color" : "#000000",
    "position" : {
      "x" : 0.0,
      "y" : -25.416409,
      "z" : 16.944271
    }
  }, {
    "shape" : "1a113e4b-b884-41e8-87cf-d365740608f5",
    "color" : "#000000",
    "position" : {
      "x" : 0.0,
      "y" : -25.416409,
      "z" : 16.944271
    },
    "orientation" : 16
  }, {
    "shape" : "0eb4ad24-4d01-494a-be1e-7b0bbf238bc9",
    "color" : "#F7CF7F",
    "position" : {
      "x" : 0.0,
      "y" : 0.0,
      "z" : 0.0
    }
  }, {
    "shape" : "3d355b7b-341f-4fa2-be5a-ff47f6d3dc62",
    "color" : "#FFFFFF",
    "position" : {
      "x" : 0.0,
      "y" : 0.0,
      "z" : 0.0
    }
  }, {
    "shape" : "54adaddf-18a2-45b7-b531-e1e4c5da6e48",
    "color" : "#000000",
    "position" : {
      "x" : -16.944271,
      "y" : 0.0,
      "z" : 25.416409
    }
  }, {
    "shape" : "91e570b9-2355-476a-8354-fc3a891e07ef",
    "color" : "#000000",
    "position" : {
      "x" : 16.944271,
      "y" : -25.416409,
      "z" : -8.472136
    },
    "orientation" : 15
  }, {
    "shape" : "ca81fef7-9b1a-49f5-b01b-f25186b97019",
    "color" : "#000000",
    "position" : {
      "x" : 8.472136,
      "y" : 16.944271,
      "z" : 25.416409
    },
    "orientation" : 46
  }, {
    "shape" : "1a113e4b-b884-41e8-87cf-d365740608f5",
    "color" : "#000000",
    "position" : {
      "x" : 0.0,
      "y" : -16.944271,
      "z" : -8.472136
    },
    "orientation" : 17
  }, {
    "shape" : "54adaddf-18a2-45b7-b531-e1e4c5da6e48",
    "color" : "#000000",
    "position" : {
      "x" : 25.416409,
      "y" : 16.944271,
      "z" : 0.0
    }
  }, {
    "shape" : "33872c64-3e6e-48c2-a588-bb20bd4f5ba7",
    "color" : "#000000",
    "position" : {
      "x" : -8.472136,
      "y" : -16.944271,
      "z" : -25.416409
    },
    "orientation" : 31
  }, {
    "shape" : "54adaddf-18a2-45b7-b531-e1e4c5da6e48",
    "color" : "#000000",
    "position" : {
      "x" : -25.416409,
      "y" : 8.472136,
      "z" : -16.944271
    }
  }, {
    "shape" : "91e570b9-2355-476a-8354-fc3a891e07ef",
    "color" : "#000000",
    "position" : {
      "x" : 25.416409,
      "y" : -8.472136,
      "z" : 16.944271
    },
    "orientation" : 17
  }, {
    "shape" : "54adaddf-18a2-45b7-b531-e1e4c5da6e48",
    "color" : "#000000",
    "position" : {
      "x" : 16.944271,
      "y" : -25.416409,
      "z" : -8.472136
    }
  }, {
    "shape" : "ca81fef7-9b1a-49f5-b01b-f25186b97019",
    "color" : "#000000",
    "position" : {
      "x" : 8.472136,
      "y" : 0.0,
      "z" : 16.944271
    },
    "orientation" : 46
  }, {
    "shape" : "33872c64-3e6e-48c2-a588-bb20bd4f5ba7",
    "color" : "#000000",
    "position" : {
      "x" : 0.0,
      "y" : -16.944271,
      "z" : -8.472136
    },
    "orientation" : 32
  }, {
    "shape" : "b615dbe1-ac6f-4320-8bd2-8ef59e535ed5",
    "color" : "#FFFFFF",
    "position" : {
      "x" : 0.0,
      "y" : 0.0,
      "z" : 0.0
    }
  }, {
    "shape" : "54adaddf-18a2-45b7-b531-e1e4c5da6e48",
    "color" : "#000000",
    "position" : {
      "x" : -16.944271,
      "y" : 8.472136,
      "z" : 0.0
    }
  }, {
    "shape" : "1a113e4b-b884-41e8-87cf-d365740608f5",
    "color" : "#000000",
    "position" : {
      "x" : -16.944271,
      "y" : 8.472136,
      "z" : 0.0
    },
    "orientation" : 46
  }, {
    "shape" : "91e570b9-2355-476a-8354-fc3a891e07ef",
    "color" : "#000000",
    "position" : {
      "x" : -16.944271,
      "y" : 25.416409,
      "z" : 8.472136
    },
    "orientation" : 0
  }, {
    "shape" : "91e570b9-2355-476a-8354-fc3a891e07ef",
    "color" : "#000000",
    "position" : {
      "x" : 0.0,
      "y" : 25.416409,
      "z" : -16.944271
    },
    "orientation" : 46
  }, {
    "shape" : "1a113e4b-b884-41e8-87cf-d365740608f5",
    "color" : "#000000",
    "position" : {
      "x" : 8.472136,
      "y" : 0.0,
      "z" : 16.944271
    },
    "orientation" : 0
  }, {
    "shape" : "1a113e4b-b884-41e8-87cf-d365740608f5",
    "color" : "#000000",
    "position" : {
      "x" : 16.944271,
      "y" : -8.472136,
      "z" : 0.0
    },
    "orientation" : 2
  }, {
    "shape" : "ca81fef7-9b1a-49f5-b01b-f25186b97019",
    "color" : "#000000",
    "position" : {
      "x" : 25.416409,
      "y" : 16.944271,
      "z" : 0.0
    },
    "orientation" : 46
  }, {
    "shape" : "22624308-7781-49d6-9755-74dc42d6f58d",
    "color" : "#0000FF",
    "position" : {
      "x" : 0.0,
      "y" : 0.0,
      "z" : 0.0
    }
  }, {
    "shape" : "ca81fef7-9b1a-49f5-b01b-f25186b97019",
    "color" : "#000000",
    "position" : {
      "x" : 0.0,
      "y" : 16.944271,
      "z" : 8.472136
    },
    "orientation" : 17
  }, {
    "shape" : "c30427ab-36a8-455d-b370-7794555909d0",
    "color" : "#FFFF00",
    "position" : {
      "x" : 0.0,
