{
  "polygons" : "true",
  "field" : "golden",
  "symmetry" : "icosahedral",
  "orientations" : [ [ 1.0, 0.0, 0.0, 0.0, 0.0, 1.0, 0.0, 0.0, 0.0, 0.0, 1.0, 0.0, 0.0, 0.0, 0.0, 1.0 ], [ 0.0, 0.0, 1.0, 0.0, 1.0, 0.0, 0.0, 0.0, 0.0, 1.0, 0.0, 0.0, 0.0, 0.0, 0.0, 1.0 ], [ 0.0, 1.0, 0.0, 0.0, 0.0, 0.0, 1.0, 0.0, 1.0, 0.0, 0.0, 0.0, 0.0, 0.0, 0.0, 1.0 ], [ 0.809017, 0.309017, 0.5, 0.0, 0.309017, 0.5, -0.809017, 0.0, -0.5, 0.809017, 0.309017, 0.0, 0.0, 0.0, 0.0, 1.0 ], [ -0.5, 0.809017, 0.309017, 0.0, 0.809017, 0.309017, 0.5, 0.0, 0.309017, 0.5, -0.809017, 0.0, 0.0, 0.0, 0.0, 1.0 ], [ 0.309017, 0.5, -0.809017, 0.0, -0.5, 0.809017, 0.309017, 0.0, 0.809017, 0.309017, 0.5, 0.0, 0.0, 0.0, 0.0, 1.0 ], [ 0.5, 0.809017, 0.309017, 0.0, 0.809017, -0.309017, -0.5, 0.0, -0.309017, 0.5, -0.809017, 0.0, 0.0, 0.0, 0.0, 1.0 ], [ -0.309017, 0.5, -0.809017, 0.0, 0.5, 0.809017, 0.309017, 0.0, 0.809017, -0.309017, -0.5, 0.0, 0.0, 0.0, 0.0, 1.0 ], [ 0.809017, -0.309017, -0.5, 0.0, -0.309017, 0.5, -0.809017, 0.0, 0.5, 0.809017, 0.309017, 0.0, 0.0, 0.0, 0.0, 1.0 ], [ 0.5, 0.809017, -0.309017, 0.0, 0.809017, -0.309017, 0.5, 0.0, 0.309017, -0.5, -0.809017, 0.0, 0.0, 0.0, 0.0, 1.0 ], [ 0.309017, -0.5, -0.809017, 0.0, 0.5, 0.809017, -0.309017, 0.0, 0.809017, -0.309017, 0.5, 0.0, 0.0, 0.0, 0.0, 1.0 ], [ 0.809017, -0.309017, 0.5, 0.0, 0.309017, -0.5, -0.809017, 0.0, 0.5, 0.809017, -0.309017, 0.0, 0.0, 0.0, 0.0, 1.0 ], [ 0.809017, 0.309017, -0.5, 0.0, 0.309017, 0.5, 0.809017, 0.0, 0.5, -0.809017, 0.309017, 0.0, 0.0, 0.0, 0.0, 1.0 ], [ 0.5, -0.809017, 0.309017, 0.0, 0.809017, 0.309017, -0.5, 0.0, 0.309017, 0.5, 0.809017, 0.0, 0.0, 0.0, 0.0, 1.0 ], [ 0.309017, 0.5, 0.809017, 0.0, 0.5, -0.809017, 0.309017, 0.0, 0.809017, 0.309017, -0.5, 0.0, 0.0, 0.0, 0.0, 1.0 ], [ 1.0, 0.0, 0.0, 0.0, 0.0, -1.0, 0.0, 0.0, 0.0, 0.0, -1.0, 0.0, 0.0, 0.0, 0.0, 1.0 ], [ 0.0, 0.0, 1.0, 0.0, -1.0, 0.0, 0.0, 0.0, 0.0, -1.0, 0.0, 0.0, 0.0, 0.0, 0.0, 1.0 ], [ 0.0, 1.0, 0.0, 0.0, 0.0, 0.0, -1.0, 0.0, -1.0, 0.0, 0.0, 0.0, 0.0, 0.0, 0.0, 1.0 ], [ 0.809017, 0.309017, 0.5, 0.0, -0.309017, -0.5, 0.809017, 0.0, 0.5, -0.809017, -0.309017, 0.0, 0.0, 0.0, 0.0, 1.0 ], [ -0.5, 0.809017, 0.309017, 0.0, -0.809017, -0.309017, -0.5, 0.0, -0.309017, -0.5, 0.809017, 0.0, 0.0, 0.0, 0.0, 1.0 ], [ 0.309017, 0.5, -0.809017, 0.0, 0.5, -0.809017, -0.309017, 0.0, -0.809017, -0.309017, -0.5, 0.0, 0.0, 0.0, 0.0, 1.0 ], [ 0.5, 0.809017, 0.309017, 0.0, -0.809017, 0.309017, 0.5, 0.0, 0.309017, -0.5, 0.809017, 0.0, 0.0, 0.0, 0.0, 1.0 ], [ -0.309017, 0.5, -0.809017, 0.0, -0.5, -0.809017, -0.309017, 0.0, -0.809017, 0.309017, 0.5, 0.0, 0.0, 0.0, 0.0, 1.0 ], [ 0.809017, -0.309017, -0.5, 0.0, 0.309017, -0.5, 0.809017, 0.0, -0.5, -0.809017, -0.309017, 0.0, 0.0, 0.0, 0.0, 1.0 ], [ 0.5, 0.809017, -0.309017, 0.0, -0.809017, 0.309017, -0.5, 0.0, -0.309017, 0.5, 0.809017, 0.0, 0.0, 0.0, 0.0, 1.0 ], [ 0.309017, -0.5, -0.809017, 0.0, -0.5, -0.809017, 0.309017, 0.0, -0.809017, 0.309017, -0.5, 0.0, 0.0, 0.0, 0.0, 1.0 ], [ 0.809017, -0.309017, 0.5, 0.0, -0.309017, 0.5, 0.809017, 0.0, -0.5, -0.809017, 0.309017, 0.0, 0.0, 0.0, 0.0, 1.0 ], [ 0.809017, 0.309017, -0.5, 0.0, -0.309017, -0.5, -0.809017, 0.0, -0.5, 0.809017, -0.309017, 0.0, 0.0, 0.0, 0.0, 1.0 ], [ 0.5, -0.809017, 0.309017, 0.0, -0.809017, -0.309017, 0.5, 0.0, -0.309017, -0.5, -0.809017, 0.0, 0.0, 0.0, 0.0, 1.0 ], [ 0.309017, 0.5, 0.809017, 0.0, -0.5, 0.809017, -0.309017, 0.0, -0.809017, -0.309017, 0.5, 0.0, 0.0, 0.0, 0.0, 1.0 ], [ -1.0, 0.0, 0.0, 0.0, 0.0, -1.0, 0.0, 0.0, 0.0, 0.0, 1.0, 0.0, 0.0, 0.0, 0.0, 1.0 ], [ 0.0, 0.0, -1.0, 0.0, -1.0, 0.0, 0.0, 0.0, 0.0, 1.0, 0.0, 0.0, 0.0, 0.0, 0.0, 1.0 ], [ 0.0, -1.0, 0.0, 0.0, 0.0, 0.0, -1.0, 0.0, 1.0, 0.0, 0.0, 0.0, 0.0, 0.0, 0.0, 1.0 ], [ -0.809017, -0.309017, -0.5, 0.0, -0.309017, -0.5, 0.809017, 0.0, -0.5, 0.809017, 0.309017, 0.0, 0.0, 0.0, 0.0, 1.0 ], [ 0.5, -0.809017, -0.309017, 0.0, -0.809017, -0.309017, -0.5, 0.0, 0.309017, 0.5, -0.809017, 0.0, 0.0, 0.0, 0.0, 1.0 ], [ -0.309017, -0.5, 0.809017, 0.0, 0.5, -0.809017, -0.309017, 0.0, 0.809017, 0.309017, 0.5, 0.0, 0.0, 0.0, 0.0, 1.0 ], [ -0.5, -0.809017, -0.309017, 0.0, -0.809017, 0.309017, 0.5, 0.0, -0.309017, 0.5, -0.809017, 0.0, 0.0, 0.0, 0.0, 1.0 ], [ 0.309017, -0.5, 0.809017, 0.0, -0.5, -0.809017, -0.309017, 0.0, 0.809017, -0.309017, -0.5, 0.0, 0.0, 0.0, 0.0, 1.0 ], [ -0.809017, 0.309017, 0.5, 0.0, 0.309017, -0.5, 0.809017, 0.0, 0.5, 0.809017, 0.309017, 0.0, 0.0, 0.0, 0.0, 1.0 ], [ -0.5, -0.809017, 0.309017, 0.0, -0.809017, 0.309017, -0.5, 0.0, 0.309017, -0.5, -0.809017, 0.0, 0.0, 0.0, 0.0, 1.0 ], [ -0.309017, 0.5, 0.809017, 0.0, -0.5, -0.809017, 0.309017, 0.0, 0.809017, -0.309017, 0.5, 0.0, 0.0, 0.0, 0.0, 1.0 ], [ -0.809017, 0.309017, -0.5, 0.0, -0.309017, 0.5, 0.809017, 0.0, 0.5, 0.809017, -0.309017, 0.0, 0.0, 0.0, 0.0, 1.0 ], [ -0.809017, -0.309017, 0.5, 0.0, -0.309017, -0.5, -0.809017, 0.0, 0.5, -0.809017, 0.309017, 0.0, 0.0, 0.0, 0.0, 1.0 ], [ -0.5, 0.809017, -0.309017, 0.0, -0.809017, -0.309017, 0.5, 0.0, 0.309017, 0.5, 0.809017, 0.0, 0.0, 0.0, 0.0, 1.0 ], [ -0.309017, -0.5, -0.809017, 0.0, -0.5, 0.809017, -0.309017, 0.0, 0.809017, 0.309017, -0.5, 0.0, 0.0, 0.0, 0.0, 1.0 ], [ -1.0, 0.0, 0.0, 0.0, 0.0, 1.0, 0.0, 0.0, 0.0, 0.0, -1.0, 0.0, 0.0, 0.0, 0.0, 1.0 ], [ 0.0, 0.0, -1.0, 0.0, 1.0, 0.0, 0.0, 0.0, 0.0, -1.0, 0.0, 0.0, 0.0, 0.0, 0.0, 1.0 ], [ 0.0, -1.0, 0.0, 0.0, 0.0, 0.0, 1.0, 0.0, -1.0, 0.0, 0.0, 0.0, 0.0, 0.0, 0.0, 1.0 ], [ -0.809017, -0.309017, -0.5, 0.0, 0.309017, 0.5, -0.809017, 0.0, 0.5, -0.809017, -0.309017, 0.0, 0.0, 0.0, 0.0, 1.0 ], [ 0.5, -0.809017, -0.309017, 0.0, 0.809017, 0.309017, 0.5, 0.0, -0.309017, -0.5, 0.809017, 0.0, 0.0, 0.0, 0.0, 1.0 ], [ -0.309017, -0.5, 0.809017, 0.0, -0.5, 0.809017, 0.309017, 0.0, -0.809017, -0.309017, -0.5, 0.0, 0.0, 0.0, 0.0, 1.0 ], [ -0.5, -0.809017, -0.309017, 0.0, 0.809017, -0.309017, -0.5, 0.0, 0.309017, -0.5, 0.809017, 0.0, 0.0, 0.0, 0.0, 1.0 ], [ 0.309017, -0.5, 0.809017, 0.0, 0.5, 0.809017, 0.309017, 0.0, -0.809017, 0.309017, 0.5, 0.0, 0.0, 0.0, 0.0, 1.0 ], [ -0.809017, 0.309017, 0.5, 0.0, -0.309017, 0.5, -0.809017, 0.0, -0.5, -0.809017, -0.309017, 0.0, 0.0, 0.0, 0.0, 1.0 ], [ -0.5, -0.809017, 0.309017, 0.0, 0.809017, -0.309017, 0.5, 0.0, -0.309017, 0.5, 0.809017, 0.0, 0.0, 0.0, 0.0, 1.0 ], [ -0.309017, 0.5, 0.809017, 0.0, 0.5, 0.809017, -0.309017, 0.0, -0.809017, 0.309017, -0.5, 0.0, 0.0, 0.0, 0.0, 1.0 ], [ -0.809017, 0.309017, -0.5, 0.0, 0.309017, -0.5, -0.809017, 0.0, -0.5, -0.809017, 0.309017, 0.0, 0.0, 0.0, 0.0, 1.0 ], [ -0.809017, -0.309017, 0.5, 0.0, 0.309017, 0.5, 0.809017, 0.0, -0.5, 0.809017, -0.309017, 0.0, 0.0, 0.0, 0.0, 1.0 ], [ -0.5, 0.809017, -0.309017, 0.0, 0.809017, 0.309017, -0.5, 0.0, -0.309017, -0.5, -0.809017, 0.0, 0.0, 0.0, 0.0, 1.0 ], [ -0.309017, -0.5, -0.809017, 0.0, 0.5, -0.809017, 0.309017, 0.0, -0.809017, -0.309017, 0.5, 0.0, 0.0, 0.0, 0.0, 1.0 ] ],
  "lights" : {
    "ambientColor" : "#292929",
    "backgroundColor" : "#AFC8DC",
    "directionalLights" : [ {
      "direction" : [ 1.0, -1.0, -1.0 ],
      "color" : "#EBEBE4"
    }, {
      "direction" : [ -1.0, 0.0, 0.0 ],
      "color" : "#E4E4EB"
    }, {
      "direction" : [ 0.0, 0.0, -1.0 ],
      "color" : "#1E1E1E"
    } ]
  },
  "camera" : {
    "position" : {
      "x" : 0.0,
      "y" : -431.43887,
      "z" : -266.6439
    },
    "width" : 228.23416,
    "perspective" : false,
    "upDirectionRV" : {
      "x" : 0.0,
      "y" : 0.5257311,
      "z" : -0.8506508,
      "zero" : false
    },
    "fieldOfView" : 0.44262904,
    "viewDistance" : 507.18683,
    "lookAtPointRV" : {
      "x" : 0.0,
      "y" : 0.0,
      "z" : 0.0,
      "zero" : true
    },
    "lookDirectionRV" : {
      "x" : 0.0,
      "y" : 0.8506508,
      "z" : 0.5257311,
      "zero" : false
    },
    "nearClipDistance" : 1.2679667,
    "upDirection" : {
      "x" : 0.0,
      "y" : 0.5257311,
      "z" : -0.8506508
    },
    "lookAtPoint" : {
      "x" : 0.0,
      "y" : 0.0,
      "z" : 0.0
    },
    "lookDirection" : {
      "x" : 0.0,
      "y" : 0.8506508,
      "z" : 0.5257311
    },
    "farClipDistance" : 1014.3729,
    "stereo" : false
  },
  "embedding" : [ 1.0, 0.0, 0.0, 0.0, 0.0, 1.0, 0.0, 0.0, 0.0, 0.0, 1.0, 0.0, 0.0, 0.0, 0.0, 1.0 ],
  "shapes" : [ {
    "id" : "94ee27f2-99ea-499b-97be-953b7d98c4ed",
    "orbit" : "blue",
    "orbitC" : "[[0,0,1],[0,0,1]]",
    "length" : "[2,-1,1]",
    "name" : " :2 -phi",
    "vertices" : [ {
      "x" : 2.236068,
      "y" : 0.309017,
      "z" : 0.19098301
    }, {
      "x" : 2.236068,
      "y" : 0.309017,
      "z" : -0.19098301
    }, {
      "x" : 1.0,
      "y" : 0.309017,
      "z" : -0.19098301
    }, {
      "x" : 1.0,
      "y" : 0.309017,
      "z" : 0.19098301
    }, {
      "x" : 2.236068,
      "y" : -0.309017,
      "z" : 0.19098301
    }, {
      "x" : 1.0,
      "y" : -0.309017,
      "z" : 0.19098301
    }, {
      "x" : 1.0,
      "y" : -0.309017,
      "z" : -0.19098301
    }, {
      "x" : 2.236068,
      "y" : -0.309017,
      "z" : -0.19098301
    }, {
      "x" : 3.236068,
      "y" : 0.0,
      "z" : 0.0
    } ],
    "faces" : [ {
      "vertices" : [ 1, 7, 6, 2 ]
    }, {
      "vertices" : [ 0, 1, 2, 3 ]
    }, {
      "vertices" : [ 4, 5, 6, 7 ]
    }, {
      "vertices" : [ 0, 3, 5, 4 ]
    } ]
  }, {
    "id" : "7a035f17-4b07-47f2-ae81-0eadefd360c1",
    "orbit" : "blue",
    "orbitC" : "[[0,0,1],[0,0,1]]",
    "length" : "[1,0,1]",
    "name" : "b1",
    "vertices" : [ {
      "x" : 7.472136,
      "y" : 0.309017,
      "z" : 0.19098301
    }, {
      "x" : 7.472136,
      "y" : 0.309017,
      "z" : -0.19098301
    }, {
      "x" : 1.0,
      "y" : 0.309017,
      "z" : -0.19098301
    }, {
      "x" : 1.0,
      "y" : 0.309017,
      "z" : 0.19098301
    }, {
      "x" : 7.472136,
      "y" : -0.309017,
      "z" : 0.19098301
    }, {
      "x" : 1.0,
      "y" : -0.309017,
      "z" : 0.19098301
    }, {
      "x" : 1.0,
      "y" : -0.309017,
      "z" : -0.19098301
    }, {
      "x" : 7.472136,
      "y" : -0.309017,
      "z" : -0.19098301
    }, {
      "x" : 8.472136,
      "y" : 0.0,
      "z" : 0.0
    } ],
    "faces" : [ {
      "vertices" : [ 1, 7, 6, 2 ]
    }, {
      "vertices" : [ 0, 1, 2, 3 ]
    }, {
      "vertices" : [ 4, 5, 6, 7 ]
    }, {
      "vertices" : [ 0, 3, 5, 4 ]
    } ]
  }, {
    "id" : "3fa391f6-1b63-48e5-9adf-67b03a59f277",
    "name" : "ball",
    "vertices" : [ {
      "x" : 0.309017,
      "y" : -0.809017,
      "z" : 0.618034
    }, {
      "x" : 0.809017,
      "y" : -0.618034,
      "z" : 0.309017
    }, {
      "x" : 0.618034,
      "y" : -0.309017,
      "z" : 0.809017
    }, {
      "x" : 1.0,
      "y" : 0.309017,
      "z" : 0.19098301
    }, {
      "x" : 0.809017,
      "y" : 0.618034,
      "z" : 0.309017
    }, {
      "x" : 0.618034,
      "y" : 0.309017,
      "z" : 0.809017
    }, {
      "x" : 0.809017,
      "y" : 0.0,
      "z" : 0.690983
    }, {
      "x" : 0.19098301,
      "y" : -1.0,
      "z" : 0.309017
    }, {
      "x" : -0.19098301,
      "y" : -1.0,
      "z" : 0.309017
    }, {
      "x" : -0.19098301,
      "y" : -1.0,
      "z" : -0.309017
    }, {
      "x" : 0.19098301,
      "y" : -1.0,
      "z" : -0.309017
    }, {
      "x" : 1.0,
      "y" : -0.309017,
      "z" : -0.19098301
    }, {
      "x" : 0.809017,
      "y" : -0.618034,
      "z" : -0.309017
    }, {
      "x" : 0.618034,
      "y" : -0.309017,
      "z" : -0.809017
    }, {
      "x" : 0.809017,
      "y" : 0.0,
      "z" : -0.690983
    }, {
      "x" : 0.0,
      "y" : 0.690983,
      "z" : -0.809017
    }, {
      "x" : 0.309017,
      "y" : 0.809017,
      "z" : -0.618034
    }, {
      "x" : 0.618034,
      "y" : 0.309017,
      "z" : -0.809017
    }, {
      "x" : 0.309017,
      "y" : 0.19098301,
      "z" : -1.0
    }, {
      "x" : 1.0,
      "y" : 0.309017,
      "z" : -0.19098301
    }, {
      "x" : -0.309017,
      "y" : -0.809017,
      "z" : 0.618034
    }, {
      "x" : 0.0,
      "y" : -0.690983,
      "z" : 0.809017
    }, {
      "x" : 0.809017,
      "y" : 0.618034,
      "z" : -0.309017
    }, {
      "x" : 0.690983,
      "y" : 0.809017,
      "z" : 0.0
    }, {
      "x" : -0.690983,
      "y" : 0.809017,
      "z" : 0.0
    }, {
      "x" : -0.809017,
      "y" : 0.618034,
      "z" : 0.309017
    }, {
      "x" : -0.309017,
      "y" : 0.809017,
      "z" : 0.618034
    }, {
      "x" : -0.19098301,
      "y" : 1.0,
      "z" : 0.309017
    }, {
      "x" : 0.309017,
      "y" : -0.19098301,
      "z" : -1.0
    }, {
      "x" : 0.19098301,
      "y" : 1.0,
      "z" : 0.309017
    }, {
      "x" : 0.309017,
      "y" : 0.809017,
      "z" : 0.618034
    }, {
      "x" : -0.809017,
      "y" : -0.618034,
      "z" : 0.309017
    }, {
      "x" : -0.690983,
      "y" : -0.809017,
      "z" : 0.0
    }, {
      "x" : 0.0,
      "y" : 0.690983,
      "z" : 0.809017
    }, {
      "x" : 0.309017,
      "y" : -0.809017,
      "z" : -0.618034
    }, {
      "x" : 0.0,
      "y" : -0.690983,
      "z" : -0.809017
    }, {
      "x" : -1.0,
      "y" : 0.309017,
      "z" : 0.19098301
    }, {
      "x" : -0.809017,
      "y" : 0.0,
      "z" : 0.690983
    }, {
      "x" : -0.618034,
      "y" : 0.309017,
      "z" : 0.809017
    }, {
      "x" : 1.0,
      "y" : -0.309017,
      "z" : 0.19098301
    }, {
      "x" : -0.309017,
      "y" : -0.809017,
      "z" : -0.618034
    }, {
      "x" : -1.0,
      "y" : 0.309017,
      "z" : -0.19098301
    }, {
      "x" : -1.0,
      "y" : -0.309017,
      "z" : -0.19098301
    }, {
      "x" : -1.0,
      "y" : -0.309017,
      "z" : 0.19098301
    }, {
      "x" : 0.19098301,
      "y" : 1.0,
      "z" : -0.309017
    }, {
      "x" : -0.809017,
      "y" : 0.618034,
      "z" : -0.309017
    }, {
      "x" : -0.19098301,
      "y" : 1.0,
      "z" : -0.309017
    }, {
      "x" : -0.309017,
      "y" : 0.809017,
      "z" : -0.618034
    }, {
      "x" : -0.618034,
      "y" : -0.309017,
      "z" : 0.809017
    }, {
      "x" : 0.309017,
      "y" : 0.19098301,
      "z" : 1.0
    }, {
      "x" : -0.309017,
      "y" : 0.19098301,
      "z" : -1.0
    }, {
      "x" : -0.309017,
      "y" : 0.19098301,
      "z" : 1.0
    }, {
      "x" : -0.309017,
      "y" : -0.19098301,
      "z" : 1.0
    }, {
      "x" : 0.309017,
      "y" : -0.19098301,
      "z" : 1.0
    }, {
      "x" : 0.690983,
      "y" : -0.809017,
      "z" : 0.0
    }, {
      "x" : -0.809017,
      "y" : 0.0,
      "z" : -0.690983
    }, {
      "x" : -0.618034,
      "y" : -0.309017,
      "z" : -0.809017
    }, {
      "x" : -0.309017,
      "y" : -0.19098301,
      "z" : -1.0
    }, {
      "x" : -0.618034,
      "y" : 0.309017,
      "z" : -0.809017
    }, {
      "x" : -0.809017,
      "y" : -0.618034,
      "z" : -0.309017
    } ],
    "faces" : [ {
      "vertices" : [ 9, 40, 35, 34, 10 ]
    }, {
      "vertices" : [ 0, 1, 2 ]
    }, {
      "vertices" : [ 33, 51, 49 ]
    }, {
      "vertices" : [ 25, 36, 37, 38 ]
    }, {
      "vertices" : [ 41, 55, 42 ]
    }, {
      "vertices" : [ 9, 32, 59, 40 ]
    }, {
      "vertices" : [ 20, 21, 52, 48 ]
    }, {
      "vertices" : [ 26, 33, 30, 29, 27 ]
    }, {
      "vertices" : [ 3, 4, 5, 6 ]
    }, {
      "vertices" : [ 27, 29, 44, 46 ]
    }, {
      "vertices" : [ 50, 57, 56, 55, 58 ]
    }, {
      "vertices" : [ 26, 38, 51, 33 ]
    }, {
      "vertices" : [ 45, 47, 58 ]
    }, {
      "vertices" : [ 18, 28, 57, 50 ]
    }, {
      "vertices" : [ 40, 59, 56 ]
    }, {
      "vertices" : [ 31, 48, 37, 43 ]
    }, {
      "vertices" : [ 7, 8, 9, 10 ]
    }, {
      "vertices" : [ 36, 41, 42, 43 ]
    }, {
      "vertices" : [ 24, 46, 47, 45 ]
    }, {
      "vertices" : [ 4, 30, 5 ]
    }, {
      "vertices" : [ 15, 47, 46, 44, 16 ]
    }, {
      "vertices" : [ 15, 50, 58, 47 ]
    }, {
      "vertices" : [ 24, 45, 41, 36, 25 ]
    }, {
      "vertices" : [ 11, 14, 19 ]
    }, {
      "vertices" : [ 3, 6, 39 ]
    }, {
      "vertices" : [ 1, 39, 6, 2 ]
    }, {
      "vertices" : [ 8, 32, 9 ]
    }, {
      "vertices" : [ 11, 12, 13, 14 ]
    }, {
      "vertices" : [ 16, 22, 17 ]
    }, {
      "vertices" : [ 0, 21, 20, 8, 7 ]
    }, {
      "vertices" : [ 12, 34, 13 ]
    }, {
      "vertices" : [ 35, 40, 56, 57 ]
    }, {
      "vertices" : [ 0, 7, 54, 1 ]
    }, {
      "vertices" : [ 15, 16, 17, 18 ]
    }, {
      "vertices" : [ 3, 19, 22, 23, 4 ]
    }, {
      "vertices" : [ 7, 10, 54 ]
    }, {
      "vertices" : [ 41, 45, 58, 55 ]
    }, {
      "vertices" : [ 3, 39, 11, 19 ]
    }, {
      "vertices" : [ 14, 17, 22, 19 ]
    }, {
      "vertices" : [ 0, 2, 53, 21 ]
    }, {
      "vertices" : [ 49, 51, 52, 53 ]
    }, {
      "vertices" : [ 31, 43, 42, 59, 32 ]
    }, {
      "vertices" : [ 15, 18, 50 ]
    }, {
      "vertices" : [ 42, 55, 56, 59 ]
    }, {
      "vertices" : [ 4, 23, 29, 30 ]
    }, {
      "vertices" : [ 25, 38, 26 ]
    }, {
      "vertices" : [ 13, 28, 18, 17, 14 ]
    }, {
      "vertices" : [ 8, 20, 31, 32 ]
    }, {
      "vertices" : [ 23, 44, 29 ]
    }, {
      "vertices" : [ 24, 27, 46 ]
    }, {
      "vertices" : [ 37, 48, 52, 51, 38 ]
    }, {
      "vertices" : [ 20, 48, 31 ]
    }, {
      "vertices" : [ 24, 25, 26, 27 ]
    }, {
      "vertices" : [ 16, 44, 23, 22 ]
    }, {
      "vertices" : [ 13, 34, 35, 28 ]
    }, {
      "vertices" : [ 10, 34, 12, 54 ]
    }, {
      "vertices" : [ 2, 6, 5, 49, 53 ]
    }, {
      "vertices" : [ 36, 43, 37 ]
    }, {
      "vertices" : [ 5, 30, 33, 49 ]
    }, {
      "vertices" : [ 1, 54, 12, 11, 39 ]
    }, {
      "vertices" : [ 28, 35, 57 ]
    }, {
      "vertices" : [ 21, 53, 52 ]
    } ]
  }, {
    "id" : "8189bdc4-d715-41ba-8666-17de8f58c643",
    "orbit" : "blue",
    "orbitC" : "[[0,0,1],[0,0,1]]",
    "length" : "[1,1,1]",
    "name" : "b3",
    "vertices" : [ {
      "x" : 21.18034,
      "y" : 0.309017,
      "z" : 0.19098301
    }, {
      "x" : 21.18034,
      "y" : 0.309017,
      "z" : -0.19098301
    }, {
      "x" : 1.0,
      "y" : 0.309017,
      "z" : -0.19098301
    }, {
      "x" : 1.0,
      "y" : 0.309017,
      "z" : 0.19098301
    }, {
      "x" : 21.18034,
      "y" : -0.309017,
      "z" : 0.19098301
    }, {
      "x" : 1.0,
      "y" : -0.309017,
      "z" : 0.19098301
    }, {
      "x" : 1.0,
      "y" : -0.309017,
      "z" : -0.19098301
    }, {
      "x" : 21.18034,
      "y" : -0.309017,
      "z" : -0.19098301
    }, {
      "x" : 22.18034,
      "y" : 0.0,
      "z" : 0.0
    } ],
    "faces" : [ {
      "vertices" : [ 1, 7, 6, 2 ]
    }, {
      "vertices" : [ 0, 1, 2, 3 ]
    }, {
      "vertices" : [ 4, 5, 6, 7 ]
    }, {
      "vertices" : [ 0, 3, 5, 4 ]
    } ]
  }, {
    "id" : "95c549ef-dc74-4dcb-b607-5360aac9854f",
    "orbit" : "blue",
    "orbitC" : "[[0,0,1],[0,0,1]]",
    "length" : "[2,1,1]",
    "name" : " :2 +phi",
    "vertices" : [ {
      "x" : 29.652475,
      "y" : 0.309017,
      "z" : 0.19098301
    }, {
      "x" : 29.652475,
      "y" : 0.309017,
      "z" : -0.19098301
    }, {
      "x" : 1.0,
      "y" : 0.309017,
      "z" : -0.19098301
    }, {
      "x" : 1.0,
      "y" : 0.309017,
      "z" : 0.19098301
    }, {
      "x" : 29.652475,
      "y" : -0.309017,
      "z" : 0.19098301
    }, {
      "x" : 1.0,
      "y" : -0.309017,
      "z" : 0.19098301
    }, {
      "x" : 1.0,
      "y" : -0.309017,
      "z" : -0.19098301
    }, {
      "x" : 29.652475,
      "y" : -0.309017,
      "z" : -0.19098301
    }, {
      "x" : 30.652475,
      "y" : 0.0,
      "z" : 0.0
    } ],
    "faces" : [ {
      "vertices" : [ 1, 7, 6, 2 ]
    }, {
      "vertices" : [ 0, 1, 2, 3 ]
    }, {
      "vertices" : [ 4, 5, 6, 7 ]
    }, {
      "vertices" : [ 0, 3, 5, 4 ]
    } ]
  }, {
    "id" : "7a9b16d4-f308-4f42-9c99-17a540550ade",
    "orbit" : "blue",
    "orbitC" : "[[0,0,1],[0,0,1]]",
    "length" : "[3,4,1]",
    "name" : " :3 +4*phi",
    "vertices" : [ {
      "x" : 79.24922,
      "y" : 0.309017,
      "z" : 0.19098301
    }, {
      "x" : 79.24922,
      "y" : 0.309017,
      "z" : -0.19098301
    }, {
      "x" : 1.0,
      "y" : 0.309017,
      "z" : -0.19098301
    }, {
      "x" : 1.0,
      "y" : 0.309017,
      "z" : 0.19098301
    }, {
      "x" : 79.24922,
      "y" : -0.309017,
      "z" : 0.19098301
    }, {
      "x" : 1.0,
      "y" : -0.309017,
      "z" : 0.19098301
    }, {
      "x" : 1.0,
      "y" : -0.309017,
      "z" : -0.19098301
    }, {
      "x" : 79.24922,
      "y" : -0.309017,
      "z" : -0.19098301
    }, {
      "x" : 80.24922,
      "y" : 0.0,
      "z" : 0.0
    } ],
    "faces" : [ {
      "vertices" : [ 1, 7, 6, 2 ]
    }, {
      "vertices" : [ 0, 1, 2, 3 ]
    }, {
      "vertices" : [ 4, 5, 6, 7 ]
    }, {
      "vertices" : [ 0, 3, 5, 4 ]
    } ]
  } ],
  "instances" : [ {
    "shape" : "94ee27f2-99ea-499b-97be-953b7d98c4ed",
    "color" : "#008EC2",
    "position" : {
      "x" : -5.854102,
      "y" : -4.236068,
      "z" : 6.854102
    },
    "orientation" : 0
  }, {
    "shape" : "7a035f17-4b07-47f2-ae81-0eadefd360c1",
    "color" : "#008EC2",
    "position" : {
      "x" : 9.472136,
      "y" : -6.854102,
      "z" : 11.09017
    },
    "orientation" : 23
  }, {
    "shape" : "3fa391f6-1b63-48e5-9adf-67b03a59f277",
    "color" : "#F2F2F2",
    "position" : {
      "x" : 12.708204,
      "y" : 23.798374,
      "z" : -38.506577
    }
  }, {
    "shape" : "3fa391f6-1b63-48e5-9adf-67b03a59f277",
    "color" : "#F2F2F2",
    "position" : {
      "x" : -14.326238,
      "y" : -4.236068,
      "z" : 6.854102
    }
  }, {
    "shape" : "3fa391f6-1b63-48e5-9adf-67b03a59f277",
    "color" : "#F2F2F2",
    "position" : {
      "x" : 9.472136,
      "y" : -6.854102,
      "z" : 11.09017
    }
  }, {
    "shape" : "8189bdc4-d715-41ba-8666-17de8f58c643",
    "color" : "#008EC2",
    "position" : {
      "x" : -21.18034,
      "y" : -15.326238,
      "z" : 24.798374
    },
    "orientation" : 0
  }, {
    "shape" : "3fa391f6-1b63-48e5-9adf-67b03a59f277",
    "color" : "#F2F2F2",
    "position" : {
      "x" : 12.708204,
      "y" : 6.854102,
      "z" : -11.09017
    }
  }, {
    "shape" : "94ee27f2-99ea-499b-97be-953b7d98c4ed",
    "color" : "#008EC2",
    "position" : {
      "x" : -5.854102,
      "y" : 26.416409,
      "z" : -42.742645
    },
    "orientation" : 0
  }, {
    "shape" : "95c549ef-dc74-4dcb-b607-5360aac9854f",
    "color" : "#008EC2",
    "position" : {
      "x" : 9.472136,
      "y" : -15.326238,
      "z" : 24.798374
    },
    "orientation" : 23
  }, {
    "shape" : "95c549ef-dc74-4dcb-b607-5360aac9854f",
    "color" : "#008EC2",
    "position" : {
      "x" : -21.18034,
      "y" : -15.326238,
      "z" : 24.798374
    },
    "orientation" : 41
  }, {
    "shape" : "7a035f17-4b07-47f2-ae81-0eadefd360c1",
    "color" : "#008EC2",
    "position" : {
      "x" : 22.18034,
      "y" : 30.652475,
      "z" : -49.59675
    },
    "orientation" : 37
  }, {
    "shape" : "7a035f17-4b07-47f2-ae81-0eadefd360c1",
    "color" : "#008EC2",
    "position" : {
      "x" : -8.472136,
      "y" : 8.472136,
      "z" : -13.708204
    },
    "orientation" : 0
  }, {
    "shape" : "7a035f17-4b07-47f2-ae81-0eadefd360c1",
    "color" : "#008EC2",
    "position" : {
      "x" : -14.326238,
      "y" : -12.708204,
      "z" : 20.562305
    },
    "orientation" : 52
  }, {
    "shape" : "7a035f17-4b07-47f2-ae81-0eadefd360c1",
    "color" : "#008EC2",
    "position" : {
      "x" : -21.18034,
      "y" : -15.326238,
      "z" : 24.798374
    },
    "orientation" : 23
  }, {
    "shape" : "7a035f17-4b07-47f2-ae81-0eadefd360c1",
    "color" : "#008EC2",
    "position" : {
      "x" : 31.652475,
      "y" : -1.618034,
      "z" : 2.618034
    },
    "orientation" : 37
  }, {
    "shape" : "7a035f17-4b07-47f2-ae81-0eadefd360c1",
    "color" : "#008EC2",
    "position" : {
      "x" : 1.0,
      "y" : -15.326238,
      "z" : 24.798374
    },
    "orientation" : 52
  }, {
    "shape" : "7a9b16d4-f308-4f42-9c99-17a540550ade",
    "color" : "#008EC2",
    "position" : {
      "x" : 55.45085,
      "y" : -9.472136,
      "z" : 15.326238
    },
    "orientation" : 55
  }, {
    "shape" : "3fa391f6-1b63-48e5-9adf-67b03a59f277",
    "color" : "#F2F2F2",
    "position" : {
      "x" : 22.18034,
      "y" : -13.708204,
      "z" : 22.18034
    }
  }, {
    "shape" : "95c549ef-dc74-4dcb-b607-5360aac9854f",
    "color" : "#008EC2",
    "position" : {
      "x" : -21.18034,
      "y" : 15.326238,
      "z" : -24.798374
    },
    "orientation" : 0
  }, {
    "shape" : "3fa391f6-1b63-48e5-9adf-67b03a59f277",
    "color" : "#F2F2F2",
    "position" : {
      "x" : -14.326238,
      "y" : -12.708204,
      "z" : 20.562305
    }
  }, {
    "shape" : "3fa391f6-1b63-48e5-9adf-67b03a59f277",
    "color" : "#F2F2F2",
    "position" : {
      "x" : 31.652475,
      "y" : -20.562305,
      "z" : 33.27051
    }
  }, {
    "shape" : "3fa391f6-1b63-48e5-9adf-67b03a59f277",
    "color" : "#F2F2F2",
    "position" : {
      "x" : -2.618034,
      "y" : 26.416409,
      "z" : -42.742645
    }
  }, {
    "shape" : "7a035f17-4b07-47f2-ae81-0eadefd360c1",
    "color" : "#008EC2",
    "position" : {
      "x" : 0.0,
      "y" : 22.18034,
      "z" : -35.888542
    },
    "orientation" : 55
  }, {
    "shape" : "3fa391f6-1b63-48e5-9adf-67b03a59f277",
    "color" : "#F2F2F2",
    "position" : {
      "x" : -5.854102,
      "y" : -12.708204,
      "z" : 20.562305
    }
  }, {
    "shape" : "7a035f17-4b07-47f2-ae81-0eadefd360c1",
    "color" : "#008EC2",
    "position" : {
      "x" : 41.12461,
      "y" : -13.708204,
      "z" : 22.18034
    },
    "orientation" : 0
  }, {
    "shape" : "7a9b16d4-f308-4f42-9c99-17a540550ade",
    "color" : "#008EC2",
    "position" : {
      "x" : 34.27051,
      "y" : -24.798374,
      "z" : 40.12461
    },
    "orientation" : 45
  }, {
    "shape" : "7a035f17-4b07-47f2-ae81-0eadefd360c1",
    "color" : "#008EC2",
    "position" : {
      "x" : 6.854102,
      "y" : 11.09017,
      "z" : -17.944271
    },
    "orientation" : 37
  }, {
    "shape" : "3fa391f6-1b63-48e5-9adf-67b03a59f277",
    "color" : "#F2F2F2",
    "position" : {
      "x" : 22.18034,
      "y" : 30.652475,
      "z" : -49.59675
    }
  }, {
    "shape" : "7a035f17-4b07-47f2-ae81-0eadefd360c1",
    "color" : "#008EC2",
    "position" : {
      "x" : 18.562305,
      "y" : 19.562305,
      "z" : -31.652475
    },
    "orientation" : 37
  }, {
    "shape" : "7a035f17-4b07-47f2-ae81-0eadefd360c1",
    "color" : "#008EC2",
    "position" : {
      "x" : 46.978714,
      "y" : -9.472136,
      "z" : 15.326238
    },
    "orientation" : 0
  }, {
    "shape" : "7a035f17-4b07-47f2-ae81-0eadefd360c1",
    "color" : "#008EC2",
    "position" : {
      "x" : -14.326238,
      "y" : 12.708204,
      "z" : -20.562305
    },
    "orientation" : 0
  }, {
    "shape" : "7a035f17-4b07-47f2-ae81-0eadefd360c1",
    "color" : "#008EC2",
    "position" : {
      "x" : 55.45085,
      "y" : -17.944271,
      "z" : 29.034441
    },
    "orientation" : 55
  }, {
    "shape" : "7a035f17-4b07-47f2-ae81-0eadefd360c1",
    "color" : "#008EC2",
    "position" : {
      "x" : 6.854102,
      "y" : 11.09017,
      "z" : -17.944271
    },
    "orientation" : 0
  }, {
    "shape" : "3fa391f6-1b63-48e5-9adf-67b03a59f277",
    "color" : "#F2F2F2",
    "position" : {
      "x" : 0.0,
      "y" : 30.652475,
      "z" : -49.59675
    }
  }, {
    "shape" : "94ee27f2-99ea-499b-97be-953b7d98c4ed",
    "color" : "#008EC2",
    "position" : {
      "x" : -11.708204,
      "y" : 0.0,
      "z" : 0.0
    },
    "orientation" : 0
  }, {
    "shape" : "3fa391f6-1b63-48e5-9adf-67b03a59f277",
    "color" : "#F2F2F2",
    "position" : {
      "x" : 56.45085,
      "y" : -24.798374,
      "z" : 40.12461
    }
  }, {
    "shape" : "95c549ef-dc74-4dcb-b607-5360aac9854f",
    "color" : "#008EC2",
    "position" : {
      "x" : 34.27051,
      "y" : -24.798374,
      "z" : 40.12461
    },
    "orientation" : 0
  }, {
    "shape" : "8189bdc4-d715-41ba-8666-17de8f58c643",
    "color" : "#008EC2",
    "position" : {
      "x" : 0.0,
      "y" : 0.0,
      "z" : 0.0
    },
    "orientation" : 52
  }, {
    "shape" : "3fa391f6-1b63-48e5-9adf-67b03a59f277",
    "color" : "#F2F2F2",
    "position" : {
      "x" : 6.854102,
      "y" : 2.618034,
      "z" : -4.236068
    }
  }, {
    "shape" : "7a035f17-4b07-47f2-ae81-0eadefd360c1",
    "color" : "#008EC2",
    "position" : {
      "x" : 15.326238,
      "y" : 28.034441,
      "z" : -45.36068
    },
    "orientation" : 8
  }, {
    "shape" : "3fa391f6-1b63-48e5-9adf-67b03a59f277",
    "color" : "#F2F2F2",
    "position" : {
      "x" : 16.326239,
      "y" : -9.472136,
      "z" : 15.326238
    }
  }, {
    "shape" : "7a035f17-4b07-47f2-ae81-0eadefd360c1",
    "color" : "#008EC2",
    "position" : {
      "x" : 16.326239,
      "y" : -12.708204,
      "z" : 20.562305
    },
    "orientation" : 52
  }, {
    "shape" : "7a035f17-4b07-47f2-ae81-0eadefd360c1",
    "color" : "#008EC2",
    "position" : {
      "x" : 22.18034,
      "y" : 0.0,
      "z" : 0.0
    },
    "orientation" : 52
  }, {
    "shape" : "3fa391f6-1b63-48e5-9adf-67b03a59f277",
    "color" : "#F2F2F2",
    "position" : {
      "x" : 31.652475,
      "y" : -1.618034,
      "z" : 2.618034
    }
  }, {
    "shape" : "7a035f17-4b07-47f2-ae81-0eadefd360c1",
    "color" : "#008EC2",
    "position" : {
      "x" : 43.742645,
      "y" : -9.472136,
      "z" : 15.326238
    },
    "orientation" : 40
  }, {
    "shape" : "3fa391f6-1b63-48e5-9adf-67b03a59f277",
    "color" : "#F2F2F2",
    "position" : {
      "x" : 59.068882,
      "y" : -20.562305,
      "z" : 33.27051
    }
  }, {
    "shape" : "3fa391f6-1b63-48e5-9adf-67b03a59f277",
    "color" : "#F2F2F2",
    "position" : {
      "x" : 16.326239,
      "y" : -4.236068,
      "z" : 6.854102
    }
  }, {
    "shape" : "3fa391f6-1b63-48e5-9adf-67b03a59f277",
    "color" : "#F2F2F2",
    "position" : {
      "x" : -8.472136,
      "y" : 0.0,
      "z" : 0.0
    }
  }, {
    "shape" : "94ee27f2-99ea-499b-97be-953b7d98c4ed",
    "color" : "#008EC2",
    "position" : {
      "x" : 0.0,
      "y" : 8.472136,
      "z" : -13.708204
    },
    "orientation" : 52
  }, {
    "shape" : "3fa391f6-1b63-48e5-9adf-67b03a59f277",
    "color" : "#F2F2F2",
    "position" : {
      "x" : 34.27051,
      "y" : -5.854102,
      "z" : 9.472136
    }
  }, {
    "shape" : "3fa391f6-1b63-48e5-9adf-67b03a59f277",
    "color" : "#F2F2F2",
    "position" : {
      "x" : 3.618034,
      "y" : 19.562305,
      "z" : -31.652475
    }
  }, {
    "shape" : "3fa391f6-1b63-48e5-9adf-67b03a59f277",
    "color" : "#F2F2F2",
    "position" : {
      "x" : 1.0,
      "y" : 15.326238,
      "z" : -24.798374
    }
  }, {
    "shape" : "95c549ef-dc74-4dcb-b607-5360aac9854f",
    "color" : "#008EC2",
    "position" : {
      "x" : 30.652475,
      "y" : 30.652475,
      "z" : -49.59675
    },
    "orientation" : 40
  }, {
    "shape" : "7a035f17-4b07-47f2-ae81-0eadefd360c1",
    "color" : "#008EC2",
    "position" : {
      "x" : 6.854102,
      "y" : 19.562305,
      "z" : -31.652475
    },
    "orientation" : 0
  }, {
    "shape" : "7a035f17-4b07-47f2-ae81-0eadefd360c1",
    "color" : "#008EC2",
    "position" : {
      "x" : -5.854102,
      "y" : 4.236068,
      "z" : -6.854102
    },
    "orientation" : 55
  }, {
    "shape" : "94ee27f2-99ea-499b-97be-953b7d98c4ed",
    "color" : "#008EC2",
    "position" : {
      "x" : 18.944271,
      "y" : -13.708204,
      "z" : 22.18034
    },
    "orientation" : 56
  }, {
    "shape" : "3fa391f6-1b63-48e5-9adf-67b03a59f277",
    "color" : "#F2F2F2",
    "position" : {
      "x" : 62.30495,
      "y" : -20.562305,
      "z" : 33.27051
    }
  }, {
    "shape" : "3fa391f6-1b63-48e5-9adf-67b03a59f277",
    "color" : "#F2F2F2",
    "position" : {
      "x" : 22.18034,
      "y" : 0.0,
      "z" : 0.0
    }
  }, {
    "shape" : "8189bdc4-d715-41ba-8666-17de8f58c643",
    "color" : "#008EC2",
    "position" : {
      "x" : 0.0,
      "y" : 30.652475,
      "z" : -49.59675
    },
    "orientation" : 0
  }, {
    "shape" : "7a035f17-4b07-47f2-ae81-0eadefd360c1",
    "color" : "#008EC2",
    "position" : {
      "x" : 56.45085,
      "y" : -24.798374,
      "z" : 40.12461
    },
    "orientation" : 56
  }, {
    "shape" : "3fa391f6-1b63-48e5-9adf-67b03a59f277",
    "color" : "#F2F2F2",
    "position" : {
      "x" : 0.0,
      "y" : 22.18034,
      "z" : -35.888542
    }
  }, {
    "shape" : "7a035f17-4b07-47f2-ae81-0eadefd360c1",
    "color" : "#008EC2",
    "position" : {
      "x" : 6.854102,
      "y" : 2.618034,
      "z" : -4.236068
    },
    "orientation" : 0
  }, {
    "shape" : "3fa391f6-1b63-48e5-9adf-67b03a59f277",
    "color" : "#F2F2F2",
    "position" : {
      "x" : -5.854102,
      "y" : 26.416409,
      "z" : -42.742645
    }
  }, {
    "shape" : "7a035f17-4b07-47f2-ae81-0eadefd360c1",
    "color" : "#008EC2",
    "position" : {
      "x" : 6.854102,
      "y" : 19.562305,
      "z" : -31.652475
    },
    "orientation" : 52
  }, {
    "shape" : "95c549ef-dc74-4dcb-b607-5360aac9854f",
    "color" : "#008EC2",
    "position" : {
      "x" : 55.45085,
      "y" : -9.472136,
      "z" : 15.326238
    },
    "orientation" : 56
  }, {
    "shape" : "3fa391f6-1b63-48e5-9adf-67b03a59f277",
    "color" : "#F2F2F2",
    "position" : {
      "x" : 9.472136,
      "y" : -15.326238,
      "z" : 24.798374
    }
  }, {
    "shape" : "7a035f17-4b07-47f2-ae81-0eadefd360c1",
    "color" : "#008EC2",
    "position" : {
      "x" : 31.652475,
      "y" : -10.09017,
      "z" : 16.326239
    },
    "orientation" : 52
  }, {
    "shape" : "94ee27f2-99ea-499b-97be-953b7d98c4ed",
    "color" : "#008EC2",
    "position" : {
      "x" : 43.742645,
      "y" : -9.472136,
      "z" : 15.326238
    },
    "orientation" : 0
  }, {
    "shape" : "94ee27f2-99ea-499b-97be-953b7d98c4ed",
    "color" : "#008EC2",
    "position" : {
      "x" : 21.18034,
      "y" : 6.854102,
      "z" : -11.09017
    },
    "orientation" : 37
  }, {
    "shape" : "3fa391f6-1b63-48e5-9adf-67b03a59f277",
    "color" : "#F2F2F2",
    "position" : {
      "x" : 18.562305,
      "y" : 19.562305,
      "z" : -31.652475
    }
  }, {
    "shape" : "8189bdc4-d715-41ba-8666-17de8f58c643",
    "color" : "#008EC2",
    "position" : {
      "x" : 6.854102,
      "y" : -11.09017,
      "z" : 17.944271
    },
    "orientation" : 55
  }, {
    "shape" : "8189bdc4-d715-41ba-8666-17de8f58c643",
    "color" : "#008EC2",
    "position" : {
      "x" : 34.27051,
      "y" : -24.798374,
      "z" : 40.12461
    },
    "orientation" : 52
  }, {
    "shape" : "7a035f17-4b07-47f2-ae81-0eadefd360c1",
    "color" : "#008EC2",
    "position" : {
      "x" : 0.0,
      "y" : 30.652475,
      "z" : -49.59675
    },
    "orientation" : 8
  }, {
    "shape" : "3fa391f6-1b63-48e5-9adf-67b03a59f277",
    "color" : "#F2F2F2",
    "position" : {
      "x" : -11.708204,
      "y" : 30.652475,
      "z" : -49.59675
    }
  }, {
    "shape" : "7a035f17-4b07-47f2-ae81-0eadefd360c1",
    "color" : "#008EC2",
    "position" : {
      "x" : 16.326239,
      "y" : -17.944271,
      "z" : 29.034441
    },
    "orientation" : 0
  }, {
    "shape" : "3fa391f6-1b63-48e5-9adf-67b03a59f277",
    "color" : "#F2F2F2",
    "position" : {
      "x" : 0.0,
      "y" : 0.0,
      "z" : 0.0
    }
  }, {
    "shape" : "3fa391f6-1b63-48e5-9adf-67b03a59f277",
    "color" : "#F2F2F2",
    "position" : {
      "x" : 6.854102,
      "y" : 11.09017,
      "z" : -17.944271
    }
  }, {
    "shape" : "7a035f17-4b07-47f2-ae81-0eadefd360c1",
    "color" : "#008EC2",
    "position" : {
      "x" : 12.708204,
      "y" : 6.854102,
      "z" : -11.09017
    },
    "orientation" : 0
  }, {
    "shape" : "94ee27f2-99ea-499b-97be-953b7d98c4ed",
    "color" : "#008EC2",
    "position" : {
      "x" : 15.326238,
      "y" : -11.09017,
      "z" : 17.944271
    },
    "orientation" : 52
  }, {
    "shape" : "7a035f17-4b07-47f2-ae81-0eadefd360c1",
    "color" : "#008EC2",
    "position" : {
      "x" : 31.652475,
      "y" : -15.326238,
      "z" : 24.798374
    },
    "orientation" : 56
  }, {
    "shape" : "8189bdc4-d715-41ba-8666-17de8f58c643",
    "color" : "#008EC2",
    "position" : {
      "x" : 0.0,
      "y" : 30.652475,
      "z" : -49.59675
    },
    "orientation" : 37
  }, {
    "shape" : "7a035f17-4b07-47f2-ae81-0eadefd360c1",
    "color" : "#008EC2",
    "position" : {
      "x" : 12.708204,
      "y" : 15.326238,
      "z" : -24.798374
    },
    "orientation" : 37
  }, {
    "shape" : "3fa391f6-1b63-48e5-9adf-67b03a59f277",
    "color" : "#F2F2F2",
    "position" : {
      "x" : -21.18034,
      "y" : 15.326238,
      "z" : -24.798374
    }
  }, {
    "shape" : "7a035f17-4b07-47f2-ae81-0eadefd360c1",
    "color" : "#008EC2",
    "position" : {
      "x" : 34.27051,
      "y" : -11.09017,
      "z" : 17.944271
    },
    "orientation" : 40
  }, {
    "shape" : "94ee27f2-99ea-499b-97be-953b7d98c4ed",
    "color" : "#008EC2",
    "position" : {
      "x" : -11.708204,
      "y" : 30.652475,
      "z" : -49.59675
    },
    "orientation" : 0
  }, {
    "shape" : "3fa391f6-1b63-48e5-9adf-67b03a59f277",
    "color" : "#F2F2F2",
    "position" : {
      "x" : 41.12461,
      "y" : -8.472136,
      "z" : 13.708204
    }
  }, {
    "shape" : "3fa391f6-1b63-48e5-9adf-67b03a59f277",
    "color" : "#F2F2F2",
    "position" : {
      "x" : 24.798374,
      "y" : 4.236068,
      "z" : -6.854102
    }
  }, {
    "shape" : "7a035f17-4b07-47f2-ae81-0eadefd360c1",
    "color" : "#008EC2",
    "position" : {
      "x" : 1.0,
      "y" : 15.326238,
      "z" : -24.798374
    },
    "orientation" : 52
  }, {
    "shape" : "7a035f17-4b07-47f2-ae81-0eadefd360c1",
    "color" : "#008EC2",
    "position" : {
      "x" : 1.0,
      "y" : -15.326238,
      "z" : 24.798374
    },
    "orientation" : 56
  }, {
    "shape" : "3fa391f6-1b63-48e5-9adf-67b03a59f277",
    "color" : "#F2F2F2",
    "position" : {
      "x" : 18.562305,
      "y" : 11.09017,
      "z" : -17.944271
    }
  }, {
    "shape" : "8189bdc4-d715-41ba-8666-17de8f58c643",
    "color" : "#008EC2",
    "position" : {
      "x" : 0.0,
      "y" : 0.0,
      "z" : 0.0
    },
    "orientation" : 0
  }, {
    "shape" : "94ee27f2-99ea-499b-97be-953b7d98c4ed",
    "color" : "#008EC2",
    "position" : {
      "x" : 15.326238,
      "y" : 19.562305,
      "z" : -31.652475
    },
    "orientation" : 0
  }, {
    "shape" : "3fa391f6-1b63-48e5-9adf-67b03a59f277",
    "color" : "#F2F2F2",
    "position" : {
