{
  "polygons" : "true",
  "field" : "golden",
  "symmetry" : "icosahedral",
  "orientations" : [ [ 1.0, 0.0, 0.0, 0.0, 0.0, 1.0, 0.0, 0.0, 0.0, 0.0, 1.0, 0.0, 0.0, 0.0, 0.0, 1.0 ], [ 0.0, 0.0, 1.0, 0.0, 1.0, 0.0, 0.0, 0.0, 0.0, 1.0, 0.0, 0.0, 0.0, 0.0, 0.0, 1.0 ], [ 0.0, 1.0, 0.0, 0.0, 0.0, 0.0, 1.0, 0.0, 1.0, 0.0, 0.0, 0.0, 0.0, 0.0, 0.0, 1.0 ], [ 0.809017, 0.309017, 0.5, 0.0, 0.309017, 0.5, -0.809017, 0.0, -0.5, 0.809017, 0.309017, 0.0, 0.0, 0.0, 0.0, 1.0 ], [ -0.5, 0.809017, 0.309017, 0.0, 0.809017, 0.309017, 0.5, 0.0, 0.309017, 0.5, -0.809017, 0.0, 0.0, 0.0, 0.0, 1.0 ], [ 0.309017, 0.5, -0.809017, 0.0, -0.5, 0.809017, 0.309017, 0.0, 0.809017, 0.309017, 0.5, 0.0, 0.0, 0.0, 0.0, 1.0 ], [ 0.5, 0.809017, 0.309017, 0.0, 0.809017, -0.309017, -0.5, 0.0, -0.309017, 0.5, -0.809017, 0.0, 0.0, 0.0, 0.0, 1.0 ], [ -0.309017, 0.5, -0.809017, 0.0, 0.5, 0.809017, 0.309017, 0.0, 0.809017, -0.309017, -0.5, 0.0, 0.0, 0.0, 0.0, 1.0 ], [ 0.809017, -0.309017, -0.5, 0.0, -0.309017, 0.5, -0.809017, 0.0, 0.5, 0.809017, 0.309017, 0.0, 0.0, 0.0, 0.0, 1.0 ], [ 0.5, 0.809017, -0.309017, 0.0, 0.809017, -0.309017, 0.5, 0.0, 0.309017, -0.5, -0.809017, 0.0, 0.0, 0.0, 0.0, 1.0 ], [ 0.309017, -0.5, -0.809017, 0.0, 0.5, 0.809017, -0.309017, 0.0, 0.809017, -0.309017, 0.5, 0.0, 0.0, 0.0, 0.0, 1.0 ], [ 0.809017, -0.309017, 0.5, 0.0, 0.309017, -0.5, -0.809017, 0.0, 0.5, 0.809017, -0.309017, 0.0, 0.0, 0.0, 0.0, 1.0 ], [ 0.809017, 0.309017, -0.5, 0.0, 0.309017, 0.5, 0.809017, 0.0, 0.5, -0.809017, 0.309017, 0.0, 0.0, 0.0, 0.0, 1.0 ], [ 0.5, -0.809017, 0.309017, 0.0, 0.809017, 0.309017, -0.5, 0.0, 0.309017, 0.5, 0.809017, 0.0, 0.0, 0.0, 0.0, 1.0 ], [ 0.309017, 0.5, 0.809017, 0.0, 0.5, -0.809017, 0.309017, 0.0, 0.809017, 0.309017, -0.5, 0.0, 0.0, 0.0, 0.0, 1.0 ], [ 1.0, 0.0, 0.0, 0.0, 0.0, -1.0, 0.0, 0.0, 0.0, 0.0, -1.0, 0.0, 0.0, 0.0, 0.0, 1.0 ], [ 0.0, 0.0, 1.0, 0.0, -1.0, 0.0, 0.0, 0.0, 0.0, -1.0, 0.0, 0.0, 0.0, 0.0, 0.0, 1.0 ], [ 0.0, 1.0, 0.0, 0.0, 0.0, 0.0, -1.0, 0.0, -1.0, 0.0, 0.0, 0.0, 0.0, 0.0, 0.0, 1.0 ], [ 0.809017, 0.309017, 0.5, 0.0, -0.309017, -0.5, 0.809017, 0.0, 0.5, -0.809017, -0.309017, 0.0, 0.0, 0.0, 0.0, 1.0 ], [ -0.5, 0.809017, 0.309017, 0.0, -0.809017, -0.309017, -0.5, 0.0, -0.309017, -0.5, 0.809017, 0.0, 0.0, 0.0, 0.0, 1.0 ], [ 0.309017, 0.5, -0.809017, 0.0, 0.5, -0.809017, -0.309017, 0.0, -0.809017, -0.309017, -0.5, 0.0, 0.0, 0.0, 0.0, 1.0 ], [ 0.5, 0.809017, 0.309017, 0.0, -0.809017, 0.309017, 0.5, 0.0, 0.309017, -0.5, 0.809017, 0.0, 0.0, 0.0, 0.0, 1.0 ], [ -0.309017, 0.5, -0.809017, 0.0, -0.5, -0.809017, -0.309017, 0.0, -0.809017, 0.309017, 0.5, 0.0, 0.0, 0.0, 0.0, 1.0 ], [ 0.809017, -0.309017, -0.5, 0.0, 0.309017, -0.5, 0.809017, 0.0, -0.5, -0.809017, -0.309017, 0.0, 0.0, 0.0, 0.0, 1.0 ], [ 0.5, 0.809017, -0.309017, 0.0, -0.809017, 0.309017, -0.5, 0.0, -0.309017, 0.5, 0.809017, 0.0, 0.0, 0.0, 0.0, 1.0 ], [ 0.309017, -0.5, -0.809017, 0.0, -0.5, -0.809017, 0.309017, 0.0, -0.809017, 0.309017, -0.5, 0.0, 0.0, 0.0, 0.0, 1.0 ], [ 0.809017, -0.309017, 0.5, 0.0, -0.309017, 0.5, 0.809017, 0.0, -0.5, -0.809017, 0.309017, 0.0, 0.0, 0.0, 0.0, 1.0 ], [ 0.809017, 0.309017, -0.5, 0.0, -0.309017, -0.5, -0.809017, 0.0, -0.5, 0.809017, -0.309017, 0.0, 0.0, 0.0, 0.0, 1.0 ], [ 0.5, -0.809017, 0.309017, 0.0, -0.809017, -0.309017, 0.5, 0.0, -0.309017, -0.5, -0.809017, 0.0, 0.0, 0.0, 0.0, 1.0 ], [ 0.309017, 0.5, 0.809017, 0.0, -0.5, 0.809017, -0.309017, 0.0, -0.809017, -0.309017, 0.5, 0.0, 0.0, 0.0, 0.0, 1.0 ], [ -1.0, 0.0, 0.0, 0.0, 0.0, -1.0, 0.0, 0.0, 0.0, 0.0, 1.0, 0.0, 0.0, 0.0, 0.0, 1.0 ], [ 0.0, 0.0, -1.0, 0.0, -1.0, 0.0, 0.0, 0.0, 0.0, 1.0, 0.0, 0.0, 0.0, 0.0, 0.0, 1.0 ], [ 0.0, -1.0, 0.0, 0.0, 0.0, 0.0, -1.0, 0.0, 1.0, 0.0, 0.0, 0.0, 0.0, 0.0, 0.0, 1.0 ], [ -0.809017, -0.309017, -0.5, 0.0, -0.309017, -0.5, 0.809017, 0.0, -0.5, 0.809017, 0.309017, 0.0, 0.0, 0.0, 0.0, 1.0 ], [ 0.5, -0.809017, -0.309017, 0.0, -0.809017, -0.309017, -0.5, 0.0, 0.309017, 0.5, -0.809017, 0.0, 0.0, 0.0, 0.0, 1.0 ], [ -0.309017, -0.5, 0.809017, 0.0, 0.5, -0.809017, -0.309017, 0.0, 0.809017, 0.309017, 0.5, 0.0, 0.0, 0.0, 0.0, 1.0 ], [ -0.5, -0.809017, -0.309017, 0.0, -0.809017, 0.309017, 0.5, 0.0, -0.309017, 0.5, -0.809017, 0.0, 0.0, 0.0, 0.0, 1.0 ], [ 0.309017, -0.5, 0.809017, 0.0, -0.5, -0.809017, -0.309017, 0.0, 0.809017, -0.309017, -0.5, 0.0, 0.0, 0.0, 0.0, 1.0 ], [ -0.809017, 0.309017, 0.5, 0.0, 0.309017, -0.5, 0.809017, 0.0, 0.5, 0.809017, 0.309017, 0.0, 0.0, 0.0, 0.0, 1.0 ], [ -0.5, -0.809017, 0.309017, 0.0, -0.809017, 0.309017, -0.5, 0.0, 0.309017, -0.5, -0.809017, 0.0, 0.0, 0.0, 0.0, 1.0 ], [ -0.309017, 0.5, 0.809017, 0.0, -0.5, -0.809017, 0.309017, 0.0, 0.809017, -0.309017, 0.5, 0.0, 0.0, 0.0, 0.0, 1.0 ], [ -0.809017, 0.309017, -0.5, 0.0, -0.309017, 0.5, 0.809017, 0.0, 0.5, 0.809017, -0.309017, 0.0, 0.0, 0.0, 0.0, 1.0 ], [ -0.809017, -0.309017, 0.5, 0.0, -0.309017, -0.5, -0.809017, 0.0, 0.5, -0.809017, 0.309017, 0.0, 0.0, 0.0, 0.0, 1.0 ], [ -0.5, 0.809017, -0.309017, 0.0, -0.809017, -0.309017, 0.5, 0.0, 0.309017, 0.5, 0.809017, 0.0, 0.0, 0.0, 0.0, 1.0 ], [ -0.309017, -0.5, -0.809017, 0.0, -0.5, 0.809017, -0.309017, 0.0, 0.809017, 0.309017, -0.5, 0.0, 0.0, 0.0, 0.0, 1.0 ], [ -1.0, 0.0, 0.0, 0.0, 0.0, 1.0, 0.0, 0.0, 0.0, 0.0, -1.0, 0.0, 0.0, 0.0, 0.0, 1.0 ], [ 0.0, 0.0, -1.0, 0.0, 1.0, 0.0, 0.0, 0.0, 0.0, -1.0, 0.0, 0.0, 0.0, 0.0, 0.0, 1.0 ], [ 0.0, -1.0, 0.0, 0.0, 0.0, 0.0, 1.0, 0.0, -1.0, 0.0, 0.0, 0.0, 0.0, 0.0, 0.0, 1.0 ], [ -0.809017, -0.309017, -0.5, 0.0, 0.309017, 0.5, -0.809017, 0.0, 0.5, -0.809017, -0.309017, 0.0, 0.0, 0.0, 0.0, 1.0 ], [ 0.5, -0.809017, -0.309017, 0.0, 0.809017, 0.309017, 0.5, 0.0, -0.309017, -0.5, 0.809017, 0.0, 0.0, 0.0, 0.0, 1.0 ], [ -0.309017, -0.5, 0.809017, 0.0, -0.5, 0.809017, 0.309017, 0.0, -0.809017, -0.309017, -0.5, 0.0, 0.0, 0.0, 0.0, 1.0 ], [ -0.5, -0.809017, -0.309017, 0.0, 0.809017, -0.309017, -0.5, 0.0, 0.309017, -0.5, 0.809017, 0.0, 0.0, 0.0, 0.0, 1.0 ], [ 0.309017, -0.5, 0.809017, 0.0, 0.5, 0.809017, 0.309017, 0.0, -0.809017, 0.309017, 0.5, 0.0, 0.0, 0.0, 0.0, 1.0 ], [ -0.809017, 0.309017, 0.5, 0.0, -0.309017, 0.5, -0.809017, 0.0, -0.5, -0.809017, -0.309017, 0.0, 0.0, 0.0, 0.0, 1.0 ], [ -0.5, -0.809017, 0.309017, 0.0, 0.809017, -0.309017, 0.5, 0.0, -0.309017, 0.5, 0.809017, 0.0, 0.0, 0.0, 0.0, 1.0 ], [ -0.309017, 0.5, 0.809017, 0.0, 0.5, 0.809017, -0.309017, 0.0, -0.809017, 0.309017, -0.5, 0.0, 0.0, 0.0, 0.0, 1.0 ], [ -0.809017, 0.309017, -0.5, 0.0, 0.309017, -0.5, -0.809017, 0.0, -0.5, -0.809017, 0.309017, 0.0, 0.0, 0.0, 0.0, 1.0 ], [ -0.809017, -0.309017, 0.5, 0.0, 0.309017, 0.5, 0.809017, 0.0, -0.5, 0.809017, -0.309017, 0.0, 0.0, 0.0, 0.0, 1.0 ], [ -0.5, 0.809017, -0.309017, 0.0, 0.809017, 0.309017, -0.5, 0.0, -0.309017, -0.5, -0.809017, 0.0, 0.0, 0.0, 0.0, 1.0 ], [ -0.309017, -0.5, -0.809017, 0.0, 0.5, -0.809017, 0.309017, 0.0, -0.809017, -0.309017, 0.5, 0.0, 0.0, 0.0, 0.0, 1.0 ] ],
  "lights" : {
    "directionalLights" : [ {
      "direction" : [ 1.0, -1.0, -1.0 ],
      "color" : "#EBEBE4"
    }, {
      "direction" : [ -1.0, 0.0, 0.0 ],
      "color" : "#E4E4EB"
    }, {
      "direction" : [ 0.0, 0.0, -1.0 ],
      "color" : "#1E1E1E"
    } ],
    "backgroundColor" : "#AFC8DC",
    "ambientColor" : "#292929"
  },
  "camera" : {
    "nearClipDistance" : 2.310387,
    "position" : {
      "x" : -786.133,
      "y" : 485.8569,
      "z" : 0.0
    },
    "width" : 415.86975,
    "perspective" : false,
    "lookDirection" : {
      "x" : 0.8506508,
      "y" : -0.5257311,
      "z" : 0.0
    },
    "upDirection" : {
      "x" : 0.4253254,
      "y" : 0.688191,
      "z" : 0.58778524
    },
    "lookAtPoint" : {
      "x" : 0.0,
      "y" : 0.0,
      "z" : 0.0
    },
    "farClipDistance" : 1848.3076,
    "stereo" : false,
    "fieldOfView" : 0.44262898,
    "lookAtPointRV" : {
      "x" : 0.0,
      "y" : 0.0,
      "z" : 0.0,
      "zero" : true
    },
    "upDirectionRV" : {
      "x" : 0.4253254,
      "y" : 0.688191,
      "z" : 0.58778524,
      "zero" : false
    },
    "lookDirectionRV" : {
      "x" : 0.8506508,
      "y" : -0.5257311,
      "z" : 0.0,
      "zero" : false
    },
    "viewDistance" : 924.1548
  },
  "embedding" : [ 1.0, 0.0, 0.0, 0.0, 0.0, 1.0, 0.0, 0.0, 0.0, 0.0, 1.0, 0.0, 0.0, 0.0, 0.0, 1.0 ],
  "shapes" : [ {
    "id" : "a920577b-0a8d-49f2-a103-2e1eb7bc35a5",
    "orbit" : "blue",
    "orbitC" : "[[0,0,1],[0,0,1]]",
    "length" : "[1,0,1]",
    "name" : "b1",
    "vertices" : [ {
      "x" : 7.472136,
      "y" : 0.309017,
      "z" : 0.19098301
    }, {
      "x" : 7.472136,
      "y" : 0.309017,
      "z" : -0.19098301
    }, {
      "x" : 1.0,
      "y" : 0.309017,
      "z" : -0.19098301
    }, {
      "x" : 1.0,
      "y" : 0.309017,
      "z" : 0.19098301
    }, {
      "x" : 7.472136,
      "y" : -0.309017,
      "z" : 0.19098301
    }, {
      "x" : 1.0,
      "y" : -0.309017,
      "z" : 0.19098301
    }, {
      "x" : 1.0,
      "y" : -0.309017,
      "z" : -0.19098301
    }, {
      "x" : 7.472136,
      "y" : -0.309017,
      "z" : -0.19098301
    }, {
      "x" : 8.472136,
      "y" : 0.0,
      "z" : 0.0
    } ],
    "faces" : [ {
      "vertices" : [ 1, 7, 6, 2 ]
    }, {
      "vertices" : [ 0, 1, 2, 3 ]
    }, {
      "vertices" : [ 4, 5, 6, 7 ]
    }, {
      "vertices" : [ 0, 3, 5, 4 ]
    } ]
  }, {
    "id" : "cb947db0-cff6-4971-98c7-90aa4fff095d",
    "name" : "ball",
    "vertices" : [ {
      "x" : 0.309017,
      "y" : -0.809017,
      "z" : 0.618034
    }, {
      "x" : 0.809017,
      "y" : -0.618034,
      "z" : 0.309017
    }, {
      "x" : 0.618034,
      "y" : -0.309017,
      "z" : 0.809017
    }, {
      "x" : 1.0,
      "y" : 0.309017,
      "z" : 0.19098301
    }, {
      "x" : 0.809017,
      "y" : 0.618034,
      "z" : 0.309017
    }, {
      "x" : 0.618034,
      "y" : 0.309017,
      "z" : 0.809017
    }, {
      "x" : 0.809017,
      "y" : 0.0,
      "z" : 0.690983
    }, {
      "x" : 0.19098301,
      "y" : -1.0,
      "z" : 0.309017
    }, {
      "x" : -0.19098301,
      "y" : -1.0,
      "z" : 0.309017
    }, {
      "x" : -0.19098301,
      "y" : -1.0,
      "z" : -0.309017
    }, {
      "x" : 0.19098301,
      "y" : -1.0,
      "z" : -0.309017
    }, {
      "x" : 1.0,
      "y" : -0.309017,
      "z" : -0.19098301
    }, {
      "x" : 0.809017,
      "y" : -0.618034,
      "z" : -0.309017
    }, {
      "x" : 0.618034,
      "y" : -0.309017,
      "z" : -0.809017
    }, {
      "x" : 0.809017,
      "y" : 0.0,
      "z" : -0.690983
    }, {
      "x" : 0.0,
      "y" : 0.690983,
      "z" : -0.809017
    }, {
      "x" : 0.309017,
      "y" : 0.809017,
      "z" : -0.618034
    }, {
      "x" : 0.618034,
      "y" : 0.309017,
      "z" : -0.809017
    }, {
      "x" : 0.309017,
      "y" : 0.19098301,
      "z" : -1.0
    }, {
      "x" : 1.0,
      "y" : 0.309017,
      "z" : -0.19098301
    }, {
      "x" : -0.309017,
      "y" : -0.809017,
      "z" : 0.618034
    }, {
      "x" : 0.0,
      "y" : -0.690983,
      "z" : 0.809017
    }, {
      "x" : 0.809017,
      "y" : 0.618034,
      "z" : -0.309017
    }, {
      "x" : 0.690983,
      "y" : 0.809017,
      "z" : 0.0
    }, {
      "x" : -0.690983,
      "y" : 0.809017,
      "z" : 0.0
    }, {
      "x" : -0.809017,
      "y" : 0.618034,
      "z" : 0.309017
    }, {
      "x" : -0.309017,
      "y" : 0.809017,
      "z" : 0.618034
    }, {
      "x" : -0.19098301,
      "y" : 1.0,
      "z" : 0.309017
    }, {
      "x" : 0.309017,
      "y" : -0.19098301,
      "z" : -1.0
    }, {
      "x" : 0.19098301,
      "y" : 1.0,
      "z" : 0.309017
    }, {
      "x" : 0.309017,
      "y" : 0.809017,
      "z" : 0.618034
    }, {
      "x" : -0.809017,
      "y" : -0.618034,
      "z" : 0.309017
    }, {
      "x" : -0.690983,
      "y" : -0.809017,
      "z" : 0.0
    }, {
      "x" : 0.0,
      "y" : 0.690983,
      "z" : 0.809017
    }, {
      "x" : 0.309017,
      "y" : -0.809017,
      "z" : -0.618034
    }, {
      "x" : 0.0,
      "y" : -0.690983,
      "z" : -0.809017
    }, {
      "x" : -1.0,
      "y" : 0.309017,
      "z" : 0.19098301
    }, {
      "x" : -0.809017,
      "y" : 0.0,
      "z" : 0.690983
    }, {
      "x" : -0.618034,
      "y" : 0.309017,
      "z" : 0.809017
    }, {
      "x" : 1.0,
      "y" : -0.309017,
      "z" : 0.19098301
    }, {
      "x" : -0.309017,
      "y" : -0.809017,
      "z" : -0.618034
    }, {
      "x" : -1.0,
      "y" : 0.309017,
      "z" : -0.19098301
    }, {
      "x" : -1.0,
      "y" : -0.309017,
      "z" : -0.19098301
    }, {
      "x" : -1.0,
      "y" : -0.309017,
      "z" : 0.19098301
    }, {
      "x" : 0.19098301,
      "y" : 1.0,
      "z" : -0.309017
    }, {
      "x" : -0.809017,
      "y" : 0.618034,
      "z" : -0.309017
    }, {
      "x" : -0.19098301,
      "y" : 1.0,
      "z" : -0.309017
    }, {
      "x" : -0.309017,
      "y" : 0.809017,
      "z" : -0.618034
    }, {
      "x" : -0.618034,
      "y" : -0.309017,
      "z" : 0.809017
    }, {
      "x" : 0.309017,
      "y" : 0.19098301,
      "z" : 1.0
    }, {
      "x" : -0.309017,
      "y" : 0.19098301,
      "z" : -1.0
    }, {
      "x" : -0.309017,
      "y" : 0.19098301,
      "z" : 1.0
    }, {
      "x" : -0.309017,
      "y" : -0.19098301,
      "z" : 1.0
    }, {
      "x" : 0.309017,
      "y" : -0.19098301,
      "z" : 1.0
    }, {
      "x" : 0.690983,
      "y" : -0.809017,
      "z" : 0.0
    }, {
      "x" : -0.809017,
      "y" : 0.0,
      "z" : -0.690983
    }, {
      "x" : -0.618034,
      "y" : -0.309017,
      "z" : -0.809017
    }, {
      "x" : -0.309017,
      "y" : -0.19098301,
      "z" : -1.0
    }, {
      "x" : -0.618034,
      "y" : 0.309017,
      "z" : -0.809017
    }, {
      "x" : -0.809017,
      "y" : -0.618034,
      "z" : -0.309017
    } ],
    "faces" : [ {
      "vertices" : [ 9, 40, 35, 34, 10 ]
    }, {
      "vertices" : [ 0, 1, 2 ]
    }, {
      "vertices" : [ 33, 51, 49 ]
    }, {
      "vertices" : [ 25, 36, 37, 38 ]
    }, {
      "vertices" : [ 41, 55, 42 ]
    }, {
      "vertices" : [ 9, 32, 59, 40 ]
    }, {
      "vertices" : [ 20, 21, 52, 48 ]
    }, {
      "vertices" : [ 26, 33, 30, 29, 27 ]
    }, {
      "vertices" : [ 3, 4, 5, 6 ]
    }, {
      "vertices" : [ 27, 29, 44, 46 ]
    }, {
      "vertices" : [ 50, 57, 56, 55, 58 ]
    }, {
      "vertices" : [ 26, 38, 51, 33 ]
    }, {
      "vertices" : [ 45, 47, 58 ]
    }, {
      "vertices" : [ 18, 28, 57, 50 ]
    }, {
      "vertices" : [ 40, 59, 56 ]
    }, {
      "vertices" : [ 31, 48, 37, 43 ]
    }, {
      "vertices" : [ 7, 8, 9, 10 ]
    }, {
      "vertices" : [ 36, 41, 42, 43 ]
    }, {
      "vertices" : [ 24, 46, 47, 45 ]
    }, {
      "vertices" : [ 4, 30, 5 ]
    }, {
      "vertices" : [ 15, 47, 46, 44, 16 ]
    }, {
      "vertices" : [ 15, 50, 58, 47 ]
    }, {
      "vertices" : [ 24, 45, 41, 36, 25 ]
    }, {
      "vertices" : [ 11, 14, 19 ]
    }, {
      "vertices" : [ 3, 6, 39 ]
    }, {
      "vertices" : [ 1, 39, 6, 2 ]
    }, {
      "vertices" : [ 8, 32, 9 ]
    }, {
      "vertices" : [ 11, 12, 13, 14 ]
    }, {
      "vertices" : [ 16, 22, 17 ]
    }, {
      "vertices" : [ 0, 21, 20, 8, 7 ]
    }, {
      "vertices" : [ 12, 34, 13 ]
    }, {
      "vertices" : [ 35, 40, 56, 57 ]
    }, {
      "vertices" : [ 0, 7, 54, 1 ]
    }, {
      "vertices" : [ 15, 16, 17, 18 ]
    }, {
      "vertices" : [ 3, 19, 22, 23, 4 ]
    }, {
      "vertices" : [ 7, 10, 54 ]
    }, {
      "vertices" : [ 41, 45, 58, 55 ]
    }, {
      "vertices" : [ 3, 39, 11, 19 ]
    }, {
      "vertices" : [ 14, 17, 22, 19 ]
    }, {
      "vertices" : [ 0, 2, 53, 21 ]
    }, {
      "vertices" : [ 49, 51, 52, 53 ]
    }, {
      "vertices" : [ 31, 43, 42, 59, 32 ]
    }, {
      "vertices" : [ 15, 18, 50 ]
    }, {
      "vertices" : [ 42, 55, 56, 59 ]
    }, {
      "vertices" : [ 4, 23, 29, 30 ]
    }, {
      "vertices" : [ 25, 38, 26 ]
    }, {
      "vertices" : [ 13, 28, 18, 17, 14 ]
    }, {
      "vertices" : [ 8, 20, 31, 32 ]
    }, {
      "vertices" : [ 23, 44, 29 ]
    }, {
      "vertices" : [ 24, 27, 46 ]
    }, {
      "vertices" : [ 37, 48, 52, 51, 38 ]
    }, {
      "vertices" : [ 20, 48, 31 ]
    }, {
      "vertices" : [ 24, 25, 26, 27 ]
    }, {
      "vertices" : [ 16, 44, 23, 22 ]
    }, {
      "vertices" : [ 13, 34, 35, 28 ]
    }, {
      "vertices" : [ 10, 34, 12, 54 ]
    }, {
      "vertices" : [ 2, 6, 5, 49, 53 ]
    }, {
      "vertices" : [ 36, 43, 37 ]
    }, {
      "vertices" : [ 5, 30, 33, 49 ]
    }, {
      "vertices" : [ 1, 54, 12, 11, 39 ]
    }, {
      "vertices" : [ 28, 35, 57 ]
    }, {
      "vertices" : [ 21, 53, 52 ]
    } ]
  }, {
    "id" : "6cde3d2b-5e2e-47e2-9778-8aceb7a50489",
    "vertices" : [ {
      "x" : 0.0,
      "y" : 0.0,
      "z" : 0.0
    }, {
      "x" : 54.832817,
      "y" : -88.72136,
      "z" : 33.888542
    }, {
      "x" : 20.944271,
      "y" : -33.888542,
      "z" : -54.832817
    } ],
    "faces" : [ {
      "vertices" : [ 0, 1, 2 ]
    }, {
      "vertices" : [ 0, 2, 1 ]
    } ]
  }, {
    "id" : "220a1a34-14a7-4d27-a875-49a131dfb58c",
    "vertices" : [ {
      "x" : 0.0,
      "y" : 0.0,
      "z" : 0.0
    }, {
      "x" : 0.0,
      "y" : 0.0,
      "z" : 109.665634
    }, {
      "x" : 33.888542,
      "y" : -54.832817,
      "z" : 88.72136
    } ],
    "faces" : [ {
      "vertices" : [ 0, 1, 2 ]
    }, {
      "vertices" : [ 0, 2, 1 ]
    } ]
  }, {
    "id" : "e454059c-28e7-4ed0-af43-2f719a2defd5",
    "vertices" : [ {
      "x" : 0.0,
      "y" : 0.0,
      "z" : 0.0
    }, {
      "x" : -33.888542,
      "y" : 54.832817,
      "z" : 88.72136
    }, {
      "x" : 20.944271,
      "y" : -33.888542,
      "z" : 54.832817
    } ],
    "faces" : [ {
      "vertices" : [ 0, 1, 2 ]
    }, {
      "vertices" : [ 0, 2, 1 ]
    } ]
  }, {
    "id" : "1ec45f66-2047-4ee5-bf75-d980efddb689",
    "vertices" : [ {
      "x" : 0.0,
      "y" : 0.0,
      "z" : 0.0
    }, {
      "x" : 0.0,
      "y" : 0.0,
      "z" : 67.777084
    }, {
      "x" : 54.832817,
      "y" : -88.72136,
      "z" : 33.888542
    } ],
    "faces" : [ {
      "vertices" : [ 0, 1, 2 ]
    }, {
      "vertices" : [ 0, 2, 1 ]
    } ]
  }, {
    "id" : "2da65768-d91e-4c68-8975-a925d2744ea7",
    "vertices" : [ {
      "x" : 0.0,
      "y" : 0.0,
      "z" : 0.0
    }, {
      "x" : 20.944271,
      "y" : -33.888542,
      "z" : 54.832817
    }, {
      "x" : 54.832817,
      "y" : -88.72136,
      "z" : -33.888542
    } ],
    "faces" : [ {
      "vertices" : [ 0, 1, 2 ]
    }, {
      "vertices" : [ 0, 2, 1 ]
    } ]
  }, {
    "id" : "65515489-0490-45c0-be98-f0bdc024eff3",
    "vertices" : [ {
      "x" : 0.0,
      "y" : 0.0,
      "z" : 0.0
    }, {
      "x" : 33.888542,
      "y" : -54.832817,
      "z" : 20.944271
    }, {
      "x" : 33.888542,
      "y" : -54.832817,
      "z" : -88.72136
    } ],
    "faces" : [ {
      "vertices" : [ 0, 1, 2 ]
    }, {
      "vertices" : [ 0, 2, 1 ]
    } ]
  }, {
    "id" : "f4a44002-b15f-4fe5-ba9c-0618f8e3994c",
    "vertices" : [ {
      "x" : 0.0,
      "y" : 0.0,
      "z" : 0.0
    }, {
      "x" : 0.0,
      "y" : 0.0,
      "z" : 109.665634
    }, {
      "x" : 33.888542,
      "y" : -54.832817,
      "z" : 20.944271
    } ],
    "faces" : [ {
      "vertices" : [ 0, 1, 2 ]
    }, {
      "vertices" : [ 0, 2, 1 ]
    } ]
  }, {
    "id" : "e14c91ed-7b0a-40c3-8f08-5ff4b715ca06",
    "vertices" : [ {
      "x" : 0.0,
      "y" : 0.0,
      "z" : 0.0
    }, {
      "x" : 33.888542,
      "y" : -54.832817,
      "z" : 88.72136
    }, {
      "x" : 33.888542,
      "y" : -54.832817,
      "z" : -20.944271
    } ],
    "faces" : [ {
      "vertices" : [ 0, 1, 2 ]
    }, {
      "vertices" : [ 0, 2, 1 ]
    } ]
  }, {
    "id" : "47dfc435-e5ec-4ad2-92cc-59882950b7bc",
    "vertices" : [ {
      "x" : 0.0,
      "y" : 0.0,
      "z" : 0.0
    }, {
      "x" : -54.832817,
      "y" : 88.72136,
      "z" : 33.888542
    }, {
      "x" : 0.0,
      "y" : 0.0,
      "z" : 67.777084
    } ],
    "faces" : [ {
      "vertices" : [ 0, 1, 2 ]
    }, {
      "vertices" : [ 0, 2, 1 ]
    } ]
  }, {
    "id" : "6e19f776-17fb-4d97-a2c5-d80ca2c4a129",
    "vertices" : [ {
      "x" : 0.0,
      "y" : 0.0,
      "z" : 0.0
    }, {
      "x" : -54.832817,
      "y" : 88.72136,
      "z" : -33.888542
    }, {
      "x" : -20.944271,
      "y" : 33.888542,
      "z" : 54.832817
    } ],
    "faces" : [ {
      "vertices" : [ 0, 1, 2 ]
    }, {
      "vertices" : [ 0, 2, 1 ]
    } ]
  } ],
  "instances" : [ {
    "shape" : "a920577b-0a8d-49f2-a103-2e1eb7bc35a5",
    "color" : "#000000",
    "position" : {
      "x" : -1.618034,
      "y" : -2.618034,
      "z" : -17.944271
    },
    "orientation" : 39
  }, {
    "shape" : "a920577b-0a8d-49f2-a103-2e1eb7bc35a5",
    "color" : "#000000",
    "position" : {
      "x" : -46.978714,
      "y" : -76.01315,
      "z" : 54.45085
    },
    "orientation" : 10
  }, {
    "shape" : "a920577b-0a8d-49f2-a103-2e1eb7bc35a5",
    "color" : "#000000",
    "position" : {
      "x" : -51.214783,
      "y" : -82.867256,
      "z" : 74.01315
    },
    "orientation" : 39
  }, {
    "shape" : "a920577b-0a8d-49f2-a103-2e1eb7bc35a5",
    "color" : "#000000",
    "position" : {
      "x" : 61.686916,
      "y" : 99.81153,
      "z" : 4.236068
    },
    "orientation" : 47
  }, {
    "shape" : "cb947db0-cff6-4971-98c7-90aa4fff095d",
    "color" : "#000000",
    "position" : {
      "x" : 18.562305,
      "y" : 30.034441,
      "z" : 108.665634
    }
  }, {
    "shape" : "a920577b-0a8d-49f2-a103-2e1eb7bc35a5",
    "color" : "#000000",
    "position" : {
      "x" : -5.854102,
      "y" : -9.472136,
      "z" : -42.742645
    },
    "orientation" : 39
  }, {
    "shape" : "cb947db0-cff6-4971-98c7-90aa4fff095d",
    "color" : "#000000",
    "position" : {
      "x" : 60.686916,
      "y" : 98.1935,
      "z" : -62.922985
    }
  }, {
    "shape" : "a920577b-0a8d-49f2-a103-2e1eb7bc35a5",
    "color" : "#000000",
    "position" : {
      "x" : -27.034441,
      "y" : -43.742645,
      "z" : -103.429565
    },
    "orientation" : 47
  }, {
    "shape" : "a920577b-0a8d-49f2-a103-2e1eb7bc35a5",
    "color" : "#000000",
    "position" : {
      "x" : 32.27051,
      "y" : 52.214783,
      "z" : 70.777084
    },
    "orientation" : 6
  }, {
    "shape" : "a920577b-0a8d-49f2-a103-2e1eb7bc35a5",
    "color" : "#000000",
    "position" : {
      "x" : 34.27051,
      "y" : 55.45085,
      "z" : -4.236068
    },
    "orientation" : 47
  }, {
    "shape" : "cb947db0-cff6-4971-98c7-90aa4fff095d",
    "color" : "#000000",
    "position" : {
      "x" : -46.978714,
      "y" : -76.01315,
      "z" : -40.742645
    }
  }, {
    "shape" : "a920577b-0a8d-49f2-a103-2e1eb7bc35a5",
    "color" : "#000000",
    "position" : {
      "x" : 35.506577,
      "y" : 57.45085,
      "z" : 98.1935
    },
    "orientation" : 36
  }, {
    "shape" : "a920577b-0a8d-49f2-a103-2e1eb7bc35a5",
    "color" : "#000000",
    "position" : {
      "x" : 14.326238,
      "y" : 23.18034,
      "z" : 92.33939
    },
    "orientation" : 10
  }, {
    "shape" : "cb947db0-cff6-4971-98c7-90aa4fff095d",
    "color" : "#000000",
    "position" : {
      "x" : -2.618034,
      "y" : -4.236068,
      "z" : 61.686916
    }
  }, {
    "shape" : "cb947db0-cff6-4971-98c7-90aa4fff095d",
    "color" : "#000000",
    "position" : {
      "x" : 23.798374,
      "y" : 38.506577,
      "z" : -103.429565
    }
  }, {
    "shape" : "a920577b-0a8d-49f2-a103-2e1eb7bc35a5",
    "color" : "#000000",
    "position" : {
      "x" : -47.978714,
      "y" : -77.63119,
      "z" : 38.12461
    },
    "orientation" : 39
  }, {
    "shape" : "cb947db0-cff6-4971-98c7-90aa4fff095d",
    "color" : "#000000",
    "position" : {
      "x" : -65.92299,
      "y" : -106.665634,
      "z" : 49.214783
    }
  }, {
    "shape" : "a920577b-0a8d-49f2-a103-2e1eb7bc35a5",
    "color" : "#000000",
    "position" : {
      "x" : -57.45085,
      "y" : -92.95743,
      "z" : -27.034441
    },
    "orientation" : 36
  }, {
    "shape" : "a920577b-0a8d-49f2-a103-2e1eb7bc35a5",
    "color" : "#000000",
    "position" : {
      "x" : -5.854102,
      "y" : -9.472136,
      "z" : -42.742645
    },
    "orientation" : 22
  }, {
    "shape" : "cb947db0-cff6-4971-98c7-90aa4fff095d",
    "color" : "#000000",
    "position" : {
      "x" : 8.472136,
      "y" : 13.708204,
      "z" : 77.01315
    }
  }, {
    "shape" : "a920577b-0a8d-49f2-a103-2e1eb7bc35a5",
    "color" : "#000000",
    "position" : {
      "x" : -37.506577,
      "y" : -60.686916,
      "z" : 65.54102
    },
    "orientation" : 39
  }, {
    "shape" : "a920577b-0a8d-49f2-a103-2e1eb7bc35a5",
    "color" : "#000000",
    "position" : {
      "x" : -47.978714,
      "y" : -77.63119,
      "z" : 29.652475
    },
    "orientation" : 2
  }, {
    "shape" : "cb947db0-cff6-4971-98c7-90aa4fff095d",
    "color" : "#000000",
    "position" : {
      "x" : -2.618034,
      "y" : -4.236068,
      "z" : 47.978714
    }
  }, {
    "shape" : "cb947db0-cff6-4971-98c7-90aa4fff095d",
    "color" : "#000000",
    "position" : {
      "x" : -11.09017,
      "y" : -17.944271,
      "z" : -1.618034
    }
  }, {
    "shape" : "cb947db0-cff6-4971-98c7-90aa4fff095d",
    "color" : "#000000",
    "position" : {
      "x" : -38.506577,
      "y" : -62.30495,
      "z" : -18.562305
    }
  }, {
    "shape" : "a920577b-0a8d-49f2-a103-2e1eb7bc35a5",
    "color" : "#000000",
    "position" : {
      "x" : 29.034441,
      "y" : 46.978714,
      "z" : 26.416409
    },
    "orientation" : 36
  }, {
    "shape" : "a920577b-0a8d-49f2-a103-2e1eb7bc35a5",
    "color" : "#000000",
    "position" : {
      "x" : -15.326238,
      "y" : -24.798374,
      "z" : 108.665634
    },
    "orientation" : 9
  }, {
    "shape" : "a920577b-0a8d-49f2-a103-2e1eb7bc35a5",
    "color" : "#000000",
    "position" : {
      "x" : 47.59675,
      "y" : 77.01315,
      "z" : -97.1935
    },
    "orientation" : 22
  }, {
    "shape" : "cb947db0-cff6-4971-98c7-90aa4fff095d",
    "color" : "#000000",
    "position" : {
      "x" : -14.326238,
      "y" : -23.18034,
      "z" : -119.7558
    }
  }, {
    "shape" : "a920577b-0a8d-49f2-a103-2e1eb7bc35a5",
    "color" : "#000000",
    "position" : {
      "x" : 47.978714,
      "y" : 77.63119,
      "z" : 4.236068
    },
    "orientation" : 47
  }, {
    "shape" : "cb947db0-cff6-4971-98c7-90aa4fff095d",
    "color" : "#000000",
    "position" : {
      "x" : 18.562305,
      "y" : 30.034441,
      "z" : 53.832817
    }
  }, {
    "shape" : "a920577b-0a8d-49f2-a103-2e1eb7bc35a5",
    "color" : "#000000",
    "position" : {
      "x" : 39.12461,
      "y" : 63.30495,
      "z" : -75.01315
    },
    "orientation" : 52
  }, {
    "shape" : "cb947db0-cff6-4971-98c7-90aa4fff095d",
    "color" : "#000000",
    "position" : {
      "x" : 11.09017,
      "y" : 17.944271,
      "z" : 1.618034
    }
  }, {
    "shape" : "cb947db0-cff6-4971-98c7-90aa4fff095d",
    "color" : "#000000",
    "position" : {
      "x" : -56.45085,
      "y" : -91.33939,
      "z" : 60.30495
    }
  }, {
    "shape" : "a920577b-0a8d-49f2-a103-2e1eb7bc35a5",
    "color" : "#000000",
    "position" : {
      "x" : 47.978714,
      "y" : 77.63119,
      "z" : -21.18034
    },
    "orientation" : 6
  }, {
    "shape" : "cb947db0-cff6-4971-98c7-90aa4fff095d",
    "color" : "#000000",
    "position" : {
      "x" : 2.618034,
      "y" : 4.236068,
      "z" : -116.51973
    }
  }, {
    "shape" : "a920577b-0a8d-49f2-a103-2e1eb7bc35a5",
    "color" : "#000000",
    "position" : {
      "x" : -30.034441,
      "y" : -48.59675,
      "z" : -10.09017
    },
    "orientation" : 36
  }, {
    "shape" : "cb947db0-cff6-4971-98c7-90aa4fff095d",
    "color" : "#000000",
    "position" : {
      "x" : 6.854102,
      "y" : 11.09017,
      "z" : -86.48529
    }
  }, {
    "shape" : "cb947db0-cff6-4971-98c7-90aa4fff095d",
    "color" : "#000000",
    "position" : {
      "x" : -28.034441,
      "y" : -45.36068,
      "z" : -45.978714
    }
  }, {
    "shape" : "a920577b-0a8d-49f2-a103-2e1eb7bc35a5",
    "color" : "#000000",
    "position" : {
      "x" : -34.27051,
      "y" : -55.45085,
      "z" : 29.652475
    },
    "orientation" : 39
  }, {
    "shape" : "a920577b-0a8d-49f2-a103-2e1eb7bc35a5",
    "color" : "#000000",
    "position" : {
      "x" : 46.978714,
      "y" : 76.01315,
      "z" : 54.45085
    },
    "orientation" : 52
  }, {
    "shape" : "cb947db0-cff6-4971-98c7-90aa4fff095d",
    "color" : "#000000",
    "position" : {
      "x" : -30.034441,
      "y" : -48.59675,
      "z" : 23.798374
    }
  }, {
    "shape" : "cb947db0-cff6-4971-98c7-90aa4fff095d",
    "color" : "#000000",
    "position" : {
      "x" : -34.27051,
      "y" : -55.45085,
      "z" : -12.708204
    }
  }, {
    "shape" : "cb947db0-cff6-4971-98c7-90aa4fff095d",
    "color" : "#000000",
    "position" : {
      "x" : -8.472136,
      "y" : -13.708204,
      "z" : 22.18034
    }
  }, {
    "shape" : "a920577b-0a8d-49f2-a103-2e1eb7bc35a5",
    "color" : "#000000",
    "position" : {
      "x" : 33.27051,
      "y" : 53.832817,
      "z" : 32.27051
    },
    "orientation" : 39
  }, {
    "shape" : "cb947db0-cff6-4971-98c7-90aa4fff095d",
    "color" : "#000000",
    "position" : {
      "x" : 0.0,
      "y" : 0.0,
      "z" : 82.24922
    }
  }, {
    "shape" : "a920577b-0a8d-49f2-a103-2e1eb7bc35a5",
    "color" : "#000000",
    "position" : {
      "x" : -42.742645,
      "y" : -69.15905,
      "z" : 43.36068
    },
    "orientation" : 2
  }, {
    "shape" : "cb947db0-cff6-4971-98c7-90aa4fff095d",
    "color" : "#000000",
    "position" : {
      "x" : 31.27051,
      "y" : 50.59675,
      "z" : 109.28367
    }
  }, {
    "shape" : "a920577b-0a8d-49f2-a103-2e1eb7bc35a5",
    "color" : "#000000",
    "position" : {
      "x" : -41.12461,
      "y" : -66.54102,
      "z" : 25.416409
    },
    "orientation" : 40
  }, {
    "shape" : "a920577b-0a8d-49f2-a103-2e1eb7bc35a5",
    "color" : "#000000",
    "position" : {
      "x" : 19.562305,
      "y" : 31.652475,
      "z" : 37.506577
    },
    "orientation" : 52
  }, {
    "shape" : "a920577b-0a8d-49f2-a103-2e1eb7bc35a5",
    "color" : "#000000",
    "position" : {
      "x" : -6.854102,
      "y" : -11.09017,
      "z" : 4.236068
    },
    "orientation" : 2
  }, {
    "shape" : "a920577b-0a8d-49f2-a103-2e1eb7bc35a5",
    "color" : "#000000",
    "position" : {
      "x" : -55.45085,
      "y" : -89.72136,
      "z" : 76.63119
    },
    "orientation" : 10
  }, {
    "shape" : "a920577b-0a8d-49f2-a103-2e1eb7bc35a5",
    "color" : "#000000",
    "position" : {
      "x" : -16.944271,
      "y" : -27.416409,
      "z" : 44.36068
    },
    "orientation" : 40
  }, {
    "shape" : "cb947db0-cff6-4971-98c7-90aa4fff095d",
    "color" : "#000000",
    "position" : {
      "x" : 5.854102,
      "y" : 9.472136,
      "z" : 15.326238
    }
  }, {
    "shape" : "a920577b-0a8d-49f2-a103-2e1eb7bc35a5",
    "color" : "#000000",
    "position" : {
      "x" : -36.506577,
      "y" : -59.068882,
      "z" : -68.15905
    },
    "orientation" : 22
  }, {
    "shape" : "a920577b-0a8d-49f2-a103-2e1eb7bc35a5",
    "color" : "#000000",
    "position" : {
      "x" : -10.09017,
      "y" : -16.326239,
      "z" : -94.95743
    },
    "orientation" : 39
  }, {
    "shape" : "cb947db0-cff6-4971-98c7-90aa4fff095d",
    "color" : "#000000",
    "position" : {
      "x" : 23.798374,
      "y" : 38.506577,
      "z" : -57.068882
    }
  }, {
    "shape" : "cb947db0-cff6-4971-98c7-90aa4fff095d",
    "color" : "#000000",
    "position" : {
      "x" : -18.562305,
      "y" : -30.034441,
      "z" : -108.665634
    }
  }, {
    "shape" : "cb947db0-cff6-4971-98c7-90aa4fff095d",
    "color" : "#000000",
    "position" : {
      "x" : 54.832817,
      "y" : 88.72136,
      "z" : -16.944271
    }
  }, {
    "shape" : "a920577b-0a8d-49f2-a103-2e1eb7bc35a5",
    "color" : "#000000",
    "position" : {
      "x" : 23.798374,
      "y" : 38.506577,
      "z" : -84.48529
    },
    "orientation" : 6
  }, {
    "shape" : "a920577b-0a8d-49f2-a103-2e1eb7bc35a5",
    "color" : "#000000",
    "position" : {
      "x" : 63.30495,
      "y" : 102.429565,
      "z" : -56.068882
    },
    "orientation" : 22
  }, {
    "shape" : "cb947db0-cff6-4971-98c7-90aa4fff095d",
    "color" : "#000000",
    "position" : {
      "x" : 47.978714,
      "y" : 77.63119,
      "z" : -29.652475
    }
  }, {
    "shape" : "cb947db0-cff6-4971-98c7-90aa4fff095d",
    "color" : "#000000",
    "position" : {
      "x" : -1.618034,
      "y" : -2.618034,
      "z" : -100.1935
    }
  }, {
    "shape" : "cb947db0-cff6-4971-98c7-90aa4fff095d",
    "color" : "#000000",
    "position" : {
      "x" : 43.742645,
      "y" : 70.777084,
      "z" : 18.562305
    }
  }, {
    "shape" : "a920577b-0a8d-49f2-a103-2e1eb7bc35a5",
    "color" : "#000000",
    "position" : {
      "x" : 30.652475,
      "y" : 49.59675,
      "z" : -52.832817
    },
    "orientation" : 22
  }, {
    "shape" : "cb947db0-cff6-4971-98c7-90aa4fff095d",
    "color" : "#000000",
    "position" : {
      "x" : 45.978714,
      "y" : 74.39512,
      "z" : -79.24922
    }
  }, {
    "shape" : "cb947db0-cff6-4971-98c7-90aa4fff095d",
    "color" : "#000000",
    "position" : {
      "x" : -35.888542,
      "y" : -58.068882,
      "z" : 39.12461
    }
  }, {
    "shape" : "cb947db0-cff6-4971-98c7-90aa4fff095d",
    "color" : "#000000",
    "position" : {
      "x" : -55.45085,
      "y" : -89.72136,
      "z" : 76.63119
    }
  }, {
    "shape" : "cb947db0-cff6-4971-98c7-90aa4fff095d",
    "color" : "#000000",
    "position" : {
      "x" : 30.652475,
      "y" : 49.59675,
      "z" : 52.832817
    }
  }, {
    "shape" : "cb947db0-cff6-4971-98c7-90aa4fff095d",
    "color" : "#000000",
    "position" : {
      "x" : -28.034441,
      "y" : -45.36068,
      "z" : 59.686916
    }
  }, {
    "shape" : "a920577b-0a8d-49f2-a103-2e1eb7bc35a5",
    "color" : "#000000",
    "position" : {
      "x" : -36.506577,
      "y" : -59.068882,
      "z" : 95.57546
    },
    "orientation" : 9
  }, {
    "shape" : "cb947db0-cff6-4971-98c7-90aa4fff095d",
    "color" : "#000000",
    "position" : {
      "x" : 1.618034,
      "y" : 2.618034,
      "z" : 9.472136
    }
  }, {
    "shape" : "a920577b-0a8d-49f2-a103-2e1eb7bc35a5",
    "color" : "#000000",
    "position" : {
      "x" : -5.854102,
      "y" : -9.472136,
      "z" : -97.57546
    },
    "orientation" : 22
  }, {
    "shape" : "cb947db0-cff6-4971-98c7-90aa4fff095d",
    "color" : "#000000",
    "position" : {
      "x" : -24.798374,
      "y" : -40.12461,
      "z" : 23.798374
    }
  }, {
    "shape" : "a920577b-0a8d-49f2-a103-2e1eb7bc35a5",
    "color" : "#000000",
    "position" : {
      "x" : 34.27051,
      "y" : 55.45085,
      "z" : 12.708204
    },
    "orientation" : 36
  }, {
    "shape" : "cb947db0-cff6-4971-98c7-90aa4fff095d",
    "color" : "#000000",
    "position" : {
      "x" : -22.18034,
      "y" : -35.888542,
      "z" : -30.652475
    }
  }, {
    "shape" : "a920577b-0a8d-49f2-a103-2e1eb7bc35a5",
    "color" : "#000000",
    "position" : {
      "x" : 34.27051,
      "y" : 55.45085,
      "z" : -21.18034
    },
    "orientation" : 47
  }, {
    "shape" : "a920577b-0a8d-49f2-a103-2e1eb7bc35a5",
    "color" : "#000000",
    "position" : {
      "x" : 0.0,
      "y" : 0.0,
      "z" : -27.416409
    },
    "orientation" : 52
  }, {
    "shape" : "a920577b-0a8d-49f2-a103-2e1eb7bc35a5",
    "color" : "#000000",
    "position" : {
      "x" : -2.618034,
      "y" : -4.236068,
      "z" : 116.51973
    },
    "orientation" : 9
  }, {
    "shape" : "cb947db0-cff6-4971-98c7-90aa4fff095d",
    "color" : "#000000",
    "position" : {
      "x" : 1.618034,
      "y" : 2.618034,
      "z" : 91.72136
    }
  }, {
    "shape" : "a920577b-0a8d-49f2-a103-2e1eb7bc35a5",
    "color" : "#000000",
    "position" : {
      "x" : 29.034441,
      "y" : 46.978714,
      "z" : -43.36068
    },
    "orientation" : 6
  }, {
    "shape" : "cb947db0-cff6-4971-98c7-90aa4fff095d",
    "color" : "#000000",
    "position" : {
      "x" : 61.686916,
      "y" : 99.81153,
      "z" : 4.236068
    }
  }, {
    "shape" : "cb947db0-cff6-4971-98c7-90aa4fff095d",
    "color" : "#000000",
    "position" : {
      "x" : -57.45085,
      "y" : -92.95743,
      "z" : -27.034441
    }
  }, {
    "shape" : "cb947db0-cff6-4971-98c7-90aa4fff095d",
    "color" : "#000000",
    "position" : {
      "x" : -57.45085,
      "y" : -92.95743,
      "z" : 6.854102
    }
  }, {
    "shape" : "a920577b-0a8d-49f2-a103-2e1eb7bc35a5",
    "color" : "#000000",
    "position" : {
      "x" : -39.12461,
      "y" : -63.30495,
      "z" : -75.01315
    },
    "orientation" : 40
  }, {
    "shape" : "a920577b-0a8d-49f2-a103-2e1eb7bc35a5",
    "color" : "#000000",
    "position" : {
      "x" : 34.27051,
      "y" : 55.45085,
      "z" : 21.18034
    },
    "orientation" : 47
  }, {
    "shape" : "a920577b-0a8d-49f2-a103-2e1eb7bc35a5",
    "color" : "#000000",
    "position" : {
      "x" : -57.45085,
      "y" : -92.95743,
      "z" : -10.09017
    },
    "orientation" : 36
  }, {
    "shape" : "a920577b-0a8d-49f2-a103-2e1eb7bc35a5",
    "color" : "#000000",
    "position" : {
      "x" : 28.034441,
      "y" : 45.36068,
      "z" : -59.686916
    },
    "orientation" : 22
  }, {
    "shape" : "a920577b-0a8d-49f2-a103-2e1eb7bc35a5",
    "color" : "#000000",
    "position" : {
      "x" : -8.472136,
      "y" : -13.708204,
      "z" : 22.18034
    },
    "orientation" : 40
  }, {
    "shape" : "a920577b-0a8d-49f2-a103-2e1eb7bc35a5",
    "color" : "#000000",
    "position" : {
      "x" : 18.562305,
      "y" : 30.034441,
      "z" : 89.72136
    },
    "orientation" : 6
  }, {
    "shape" : "cb947db0-cff6-4971-98c7-90aa4fff095d",
    "color" : "#000000",
    "position" : {
      "x" : 24.798374,
      "y" : 40.12461,
      "z" : 23.798374
    }
  }, {
    "shape" : "cb947db0-cff6-4971-98c7-90aa4fff095d",
    "color" : "#000000",
    "position" : {
      "x" : 35.888542,
      "y" : 58.068882,
      "z" : 39.12461
    }
  }, {
    "shape" : "a920577b-0a8d-49f2-a103-2e1eb7bc35a5",
    "color" : "#000000",
    "position" : {
      "x" : -16.944271,
      "y" : -27.416409,
      "z" : -71.777084
    },
    "orientation" : 52
  }, {
    "shape" : "cb947db0-cff6-4971-98c7-90aa4fff095d",
    "color" : "#000000",
    "position" : {
      "x" : -1.618034,
      "y" : -2.618034,
      "z" : -91.72136
    }
  }, {
    "shape" : "a920577b-0a8d-49f2-a103-2e1eb7bc35a5",
