{
  "polygons" : "true",
  "field" : "golden",
  "symmetry" : "icosahedral",
  "orientations" : [ [ 1.0, 0.0, 0.0, 0.0, 0.0, 1.0, 0.0, 0.0, 0.0, 0.0, 1.0, 0.0, 0.0, 0.0, 0.0, 1.0 ], [ 0.0, 0.0, 1.0, 0.0, 1.0, 0.0, 0.0, 0.0, 0.0, 1.0, 0.0, 0.0, 0.0, 0.0, 0.0, 1.0 ], [ 0.0, 1.0, 0.0, 0.0, 0.0, 0.0, 1.0, 0.0, 1.0, 0.0, 0.0, 0.0, 0.0, 0.0, 0.0, 1.0 ], [ 0.809017, 0.309017, 0.5, 0.0, 0.309017, 0.5, -0.809017, 0.0, -0.5, 0.809017, 0.309017, 0.0, 0.0, 0.0, 0.0, 1.0 ], [ -0.5, 0.809017, 0.309017, 0.0, 0.809017, 0.309017, 0.5, 0.0, 0.309017, 0.5, -0.809017, 0.0, 0.0, 0.0, 0.0, 1.0 ], [ 0.309017, 0.5, -0.809017, 0.0, -0.5, 0.809017, 0.309017, 0.0, 0.809017, 0.309017, 0.5, 0.0, 0.0, 0.0, 0.0, 1.0 ], [ 0.5, 0.809017, 0.309017, 0.0, 0.809017, -0.309017, -0.5, 0.0, -0.309017, 0.5, -0.809017, 0.0, 0.0, 0.0, 0.0, 1.0 ], [ -0.309017, 0.5, -0.809017, 0.0, 0.5, 0.809017, 0.309017, 0.0, 0.809017, -0.309017, -0.5, 0.0, 0.0, 0.0, 0.0, 1.0 ], [ 0.809017, -0.309017, -0.5, 0.0, -0.309017, 0.5, -0.809017, 0.0, 0.5, 0.809017, 0.309017, 0.0, 0.0, 0.0, 0.0, 1.0 ], [ 0.5, 0.809017, -0.309017, 0.0, 0.809017, -0.309017, 0.5, 0.0, 0.309017, -0.5, -0.809017, 0.0, 0.0, 0.0, 0.0, 1.0 ], [ 0.309017, -0.5, -0.809017, 0.0, 0.5, 0.809017, -0.309017, 0.0, 0.809017, -0.309017, 0.5, 0.0, 0.0, 0.0, 0.0, 1.0 ], [ 0.809017, -0.309017, 0.5, 0.0, 0.309017, -0.5, -0.809017, 0.0, 0.5, 0.809017, -0.309017, 0.0, 0.0, 0.0, 0.0, 1.0 ], [ 0.809017, 0.309017, -0.5, 0.0, 0.309017, 0.5, 0.809017, 0.0, 0.5, -0.809017, 0.309017, 0.0, 0.0, 0.0, 0.0, 1.0 ], [ 0.5, -0.809017, 0.309017, 0.0, 0.809017, 0.309017, -0.5, 0.0, 0.309017, 0.5, 0.809017, 0.0, 0.0, 0.0, 0.0, 1.0 ], [ 0.309017, 0.5, 0.809017, 0.0, 0.5, -0.809017, 0.309017, 0.0, 0.809017, 0.309017, -0.5, 0.0, 0.0, 0.0, 0.0, 1.0 ], [ 1.0, 0.0, 0.0, 0.0, 0.0, -1.0, 0.0, 0.0, 0.0, 0.0, -1.0, 0.0, 0.0, 0.0, 0.0, 1.0 ], [ 0.0, 0.0, 1.0, 0.0, -1.0, 0.0, 0.0, 0.0, 0.0, -1.0, 0.0, 0.0, 0.0, 0.0, 0.0, 1.0 ], [ 0.0, 1.0, 0.0, 0.0, 0.0, 0.0, -1.0, 0.0, -1.0, 0.0, 0.0, 0.0, 0.0, 0.0, 0.0, 1.0 ], [ 0.809017, 0.309017, 0.5, 0.0, -0.309017, -0.5, 0.809017, 0.0, 0.5, -0.809017, -0.309017, 0.0, 0.0, 0.0, 0.0, 1.0 ], [ -0.5, 0.809017, 0.309017, 0.0, -0.809017, -0.309017, -0.5, 0.0, -0.309017, -0.5, 0.809017, 0.0, 0.0, 0.0, 0.0, 1.0 ], [ 0.309017, 0.5, -0.809017, 0.0, 0.5, -0.809017, -0.309017, 0.0, -0.809017, -0.309017, -0.5, 0.0, 0.0, 0.0, 0.0, 1.0 ], [ 0.5, 0.809017, 0.309017, 0.0, -0.809017, 0.309017, 0.5, 0.0, 0.309017, -0.5, 0.809017, 0.0, 0.0, 0.0, 0.0, 1.0 ], [ -0.309017, 0.5, -0.809017, 0.0, -0.5, -0.809017, -0.309017, 0.0, -0.809017, 0.309017, 0.5, 0.0, 0.0, 0.0, 0.0, 1.0 ], [ 0.809017, -0.309017, -0.5, 0.0, 0.309017, -0.5, 0.809017, 0.0, -0.5, -0.809017, -0.309017, 0.0, 0.0, 0.0, 0.0, 1.0 ], [ 0.5, 0.809017, -0.309017, 0.0, -0.809017, 0.309017, -0.5, 0.0, -0.309017, 0.5, 0.809017, 0.0, 0.0, 0.0, 0.0, 1.0 ], [ 0.309017, -0.5, -0.809017, 0.0, -0.5, -0.809017, 0.309017, 0.0, -0.809017, 0.309017, -0.5, 0.0, 0.0, 0.0, 0.0, 1.0 ], [ 0.809017, -0.309017, 0.5, 0.0, -0.309017, 0.5, 0.809017, 0.0, -0.5, -0.809017, 0.309017, 0.0, 0.0, 0.0, 0.0, 1.0 ], [ 0.809017, 0.309017, -0.5, 0.0, -0.309017, -0.5, -0.809017, 0.0, -0.5, 0.809017, -0.309017, 0.0, 0.0, 0.0, 0.0, 1.0 ], [ 0.5, -0.809017, 0.309017, 0.0, -0.809017, -0.309017, 0.5, 0.0, -0.309017, -0.5, -0.809017, 0.0, 0.0, 0.0, 0.0, 1.0 ], [ 0.309017, 0.5, 0.809017, 0.0, -0.5, 0.809017, -0.309017, 0.0, -0.809017, -0.309017, 0.5, 0.0, 0.0, 0.0, 0.0, 1.0 ], [ -1.0, 0.0, 0.0, 0.0, 0.0, -1.0, 0.0, 0.0, 0.0, 0.0, 1.0, 0.0, 0.0, 0.0, 0.0, 1.0 ], [ 0.0, 0.0, -1.0, 0.0, -1.0, 0.0, 0.0, 0.0, 0.0, 1.0, 0.0, 0.0, 0.0, 0.0, 0.0, 1.0 ], [ 0.0, -1.0, 0.0, 0.0, 0.0, 0.0, -1.0, 0.0, 1.0, 0.0, 0.0, 0.0, 0.0, 0.0, 0.0, 1.0 ], [ -0.809017, -0.309017, -0.5, 0.0, -0.309017, -0.5, 0.809017, 0.0, -0.5, 0.809017, 0.309017, 0.0, 0.0, 0.0, 0.0, 1.0 ], [ 0.5, -0.809017, -0.309017, 0.0, -0.809017, -0.309017, -0.5, 0.0, 0.309017, 0.5, -0.809017, 0.0, 0.0, 0.0, 0.0, 1.0 ], [ -0.309017, -0.5, 0.809017, 0.0, 0.5, -0.809017, -0.309017, 0.0, 0.809017, 0.309017, 0.5, 0.0, 0.0, 0.0, 0.0, 1.0 ], [ -0.5, -0.809017, -0.309017, 0.0, -0.809017, 0.309017, 0.5, 0.0, -0.309017, 0.5, -0.809017, 0.0, 0.0, 0.0, 0.0, 1.0 ], [ 0.309017, -0.5, 0.809017, 0.0, -0.5, -0.809017, -0.309017, 0.0, 0.809017, -0.309017, -0.5, 0.0, 0.0, 0.0, 0.0, 1.0 ], [ -0.809017, 0.309017, 0.5, 0.0, 0.309017, -0.5, 0.809017, 0.0, 0.5, 0.809017, 0.309017, 0.0, 0.0, 0.0, 0.0, 1.0 ], [ -0.5, -0.809017, 0.309017, 0.0, -0.809017, 0.309017, -0.5, 0.0, 0.309017, -0.5, -0.809017, 0.0, 0.0, 0.0, 0.0, 1.0 ], [ -0.309017, 0.5, 0.809017, 0.0, -0.5, -0.809017, 0.309017, 0.0, 0.809017, -0.309017, 0.5, 0.0, 0.0, 0.0, 0.0, 1.0 ], [ -0.809017, 0.309017, -0.5, 0.0, -0.309017, 0.5, 0.809017, 0.0, 0.5, 0.809017, -0.309017, 0.0, 0.0, 0.0, 0.0, 1.0 ], [ -0.809017, -0.309017, 0.5, 0.0, -0.309017, -0.5, -0.809017, 0.0, 0.5, -0.809017, 0.309017, 0.0, 0.0, 0.0, 0.0, 1.0 ], [ -0.5, 0.809017, -0.309017, 0.0, -0.809017, -0.309017, 0.5, 0.0, 0.309017, 0.5, 0.809017, 0.0, 0.0, 0.0, 0.0, 1.0 ], [ -0.309017, -0.5, -0.809017, 0.0, -0.5, 0.809017, -0.309017, 0.0, 0.809017, 0.309017, -0.5, 0.0, 0.0, 0.0, 0.0, 1.0 ], [ -1.0, 0.0, 0.0, 0.0, 0.0, 1.0, 0.0, 0.0, 0.0, 0.0, -1.0, 0.0, 0.0, 0.0, 0.0, 1.0 ], [ 0.0, 0.0, -1.0, 0.0, 1.0, 0.0, 0.0, 0.0, 0.0, -1.0, 0.0, 0.0, 0.0, 0.0, 0.0, 1.0 ], [ 0.0, -1.0, 0.0, 0.0, 0.0, 0.0, 1.0, 0.0, -1.0, 0.0, 0.0, 0.0, 0.0, 0.0, 0.0, 1.0 ], [ -0.809017, -0.309017, -0.5, 0.0, 0.309017, 0.5, -0.809017, 0.0, 0.5, -0.809017, -0.309017, 0.0, 0.0, 0.0, 0.0, 1.0 ], [ 0.5, -0.809017, -0.309017, 0.0, 0.809017, 0.309017, 0.5, 0.0, -0.309017, -0.5, 0.809017, 0.0, 0.0, 0.0, 0.0, 1.0 ], [ -0.309017, -0.5, 0.809017, 0.0, -0.5, 0.809017, 0.309017, 0.0, -0.809017, -0.309017, -0.5, 0.0, 0.0, 0.0, 0.0, 1.0 ], [ -0.5, -0.809017, -0.309017, 0.0, 0.809017, -0.309017, -0.5, 0.0, 0.309017, -0.5, 0.809017, 0.0, 0.0, 0.0, 0.0, 1.0 ], [ 0.309017, -0.5, 0.809017, 0.0, 0.5, 0.809017, 0.309017, 0.0, -0.809017, 0.309017, 0.5, 0.0, 0.0, 0.0, 0.0, 1.0 ], [ -0.809017, 0.309017, 0.5, 0.0, -0.309017, 0.5, -0.809017, 0.0, -0.5, -0.809017, -0.309017, 0.0, 0.0, 0.0, 0.0, 1.0 ], [ -0.5, -0.809017, 0.309017, 0.0, 0.809017, -0.309017, 0.5, 0.0, -0.309017, 0.5, 0.809017, 0.0, 0.0, 0.0, 0.0, 1.0 ], [ -0.309017, 0.5, 0.809017, 0.0, 0.5, 0.809017, -0.309017, 0.0, -0.809017, 0.309017, -0.5, 0.0, 0.0, 0.0, 0.0, 1.0 ], [ -0.809017, 0.309017, -0.5, 0.0, 0.309017, -0.5, -0.809017, 0.0, -0.5, -0.809017, 0.309017, 0.0, 0.0, 0.0, 0.0, 1.0 ], [ -0.809017, -0.309017, 0.5, 0.0, 0.309017, 0.5, 0.809017, 0.0, -0.5, 0.809017, -0.309017, 0.0, 0.0, 0.0, 0.0, 1.0 ], [ -0.5, 0.809017, -0.309017, 0.0, 0.809017, 0.309017, -0.5, 0.0, -0.309017, -0.5, -0.809017, 0.0, 0.0, 0.0, 0.0, 1.0 ], [ -0.309017, -0.5, -0.809017, 0.0, 0.5, -0.809017, 0.309017, 0.0, -0.809017, -0.309017, 0.5, 0.0, 0.0, 0.0, 0.0, 1.0 ] ],
  "lights" : {
    "directionalLights" : [ {
      "direction" : [ 1.0, -1.0, -1.0 ],
      "color" : "#EBEBE4"
    }, {
      "direction" : [ -1.0, 0.0, 0.0 ],
      "color" : "#E4E4EB"
    }, {
      "direction" : [ 0.0, 0.0, -1.0 ],
      "color" : "#1E1E1E"
    } ],
    "backgroundColor" : "#AFC8DC",
    "ambientColor" : "#292929"
  },
  "camera" : {
    "nearClipDistance" : 0.62965345,
    "position" : {
      "x" : -132.41142,
      "y" : 0.0,
      "z" : 214.24619
    },
    "width" : 113.33758,
    "fieldOfView" : 0.4426285,
    "viewDistance" : 251.86151,
    "lookAtPoint" : {
      "x" : 0.0,
      "y" : 0.0,
      "z" : 0.0
    },
    "farClipDistance" : 503.72256,
    "perspective" : true,
    "lookDirection" : {
      "x" : 0.5257311,
      "y" : 0.0,
      "z" : -0.8506508
    },
    "upDirection" : {
      "x" : 0.0,
      "y" : 1.0,
      "z" : 0.0
    },
    "stereo" : false
  },
  "embedding" : [ 1.0, 0.0, 0.0, 0.0, 0.0, 1.0, 0.0, 0.0, 0.0, 0.0, 1.0, 0.0, 0.0, 0.0, 0.0, 1.0 ],
  "shapes" : [ {
    "id" : "ef1fb085-6879-4420-a8fe-7f1982705433",
    "vertices" : [ {
      "x" : 0.0,
      "y" : 0.0,
      "z" : 0.0
    }, {
      "x" : -3.236068,
      "y" : 5.236068,
      "z" : -8.472136
    }, {
      "x" : 0.0,
      "y" : 27.416409,
      "z" : 0.0
    } ],
    "faces" : [ {
      "vertices" : [ 0, 1, 2 ]
    }, {
      "vertices" : [ 0, 2, 1 ]
    } ]
  }, {
    "id" : "6e1835d7-654e-4035-ad86-da4637b3e73d",
    "name" : "ball",
    "vertices" : [ {
      "x" : -0.73606795,
      "y" : 0.690983,
      "z" : 0.0
    }, {
      "x" : -0.42705098,
      "y" : 0.5,
      "z" : 0.0
    }, {
      "x" : -0.5,
      "y" : 0.38196602,
      "z" : 0.19098301
    }, {
      "x" : -0.809017,
      "y" : 0.572949,
      "z" : 0.19098301
    }, {
      "x" : 0.73606795,
      "y" : -0.690983,
      "z" : 0.0
    }, {
      "x" : 0.7254249,
      "y" : -0.7532889,
      "z" : 0.0
    }, {
      "x" : 0.8196601,
      "y" : -0.6008131,
      "z" : -0.24671109
    }, {
      "x" : 0.809017,
      "y" : -0.572949,
      "z" : -0.19098301
    }, {
      "x" : 0.572949,
      "y" : -0.19098301,
      "z" : -0.809017
    }, {
      "x" : 0.38196602,
      "y" : -0.19098301,
      "z" : -0.5
    }, {
      "x" : 0.5,
      "y" : 0.0,
      "z" : -0.42705098
    }, {
      "x" : 0.690983,
      "y" : 0.0,
      "z" : -0.73606795
    }, {
      "x" : 0.9655582,
      "y" : 0.19098301,
      "z" : -0.11803399
    }, {
      "x" : 0.618034,
      "y" : 0.19098301,
      "z" : -0.11803399
    }, {
      "x" : 0.618034,
      "y" : -0.19098301,
      "z" : -0.11803399
    }, {
      "x" : 0.9655582,
      "y" : -0.19098301,
      "z" : -0.11803399
    }, {
      "x" : -0.809017,
      "y" : 0.618034,
      "z" : -0.309017
    }, {
      "x" : -0.7586105,
      "y" : 0.6094235,
      "z" : -0.36803398
    }, {
      "x" : -0.6094235,
      "y" : 0.36803398,
      "z" : -0.7586105
    }, {
      "x" : -0.618034,
      "y" : 0.309017,
      "z" : -0.809017
    }, {
      "x" : -0.19098301,
      "y" : 0.809017,
      "z" : -0.572949
    }, {
      "x" : -0.24671109,
      "y" : 0.8196601,
      "z" : -0.6008131
    }, {
      "x" : -0.15247585,
      "y" : 0.97213596,
      "z" : -0.35410196
    }, {
      "x" : -0.11803399,
      "y" : 0.927051,
      "z" : -0.38196602
    }, {
      "x" : -0.11803399,
      "y" : -0.9655582,
      "z" : 0.19098301
    }, {
      "x" : 0.11803399,
      "y" : -0.9655582,
      "z" : 0.19098301
    }, {
      "x" : 0.13525492,
      "y" : -1.0,
      "z" : 0.21884705
    }, {
      "x" : -0.13525492,
      "y" : -1.0,
      "z" : 0.21884705
    }, {
      "x" : -0.690983,
      "y" : -0.572949,
      "z" : 0.38196602
    }, {
      "x" : -0.5,
      "y" : -0.38196602,
      "z" : 0.19098301
    }, {
      "x" : -0.38196602,
      "y" : -0.19098301,
      "z" : 0.5
    }, {
      "x" : -0.572949,
      "y" : -0.38196602,
      "z" : 0.690983
    }, {
      "x" : 0.9655582,
      "y" : 0.19098301,
      "z" : 0.11803399
    }, {
      "x" : 1.0,
      "y" : 0.21884705,
      "z" : -0.13525492
    }, {
      "x" : 1.0,
      "y" : 0.21884705,
      "z" : 0.13525492
    }, {
      "x" : -1.0,
      "y" : -0.309017,
      "z" : 0.19098301
    }, {
      "x" : -0.98606795,
      "y" : -0.24138954,
      "z" : 0.22745751
    }, {
      "x" : -0.98606795,
      "y" : 0.24138954,
      "z" : 0.22745751
    }, {
      "x" : -1.0,
      "y" : 0.309017,
      "z" : 0.19098301
    }, {
      "x" : -0.29837388,
      "y" : 0.29179606,
      "z" : 0.8991869
    }, {
      "x" : -0.48935688,
      "y" : 0.36474508,
      "z" : 0.78115296
    }, {
      "x" : -0.52786404,
      "y" : 0.36474508,
      "z" : 0.809017
    }, {
      "x" : -0.309017,
      "y" : 0.28115296,
      "z" : 0.9442719
    }, {
      "x" : -0.38196602,
      "y" : 0.690983,
      "z" : 0.572949
    }, {
      "x" : -0.19098301,
      "y" : 0.5,
      "z" : 0.38196602
    }, {
      "x" : -0.38196602,
      "y" : 0.19098301,
      "z" : 0.5
    }, {
      "x" : -0.572949,
      "y" : 0.38196602,
      "z" : 0.690983
    }, {
      "x" : -0.19098301,
      "y" : 0.5,
      "z" : -0.38196602
    }, {
      "x" : 0.0,
      "y" : 0.42705098,
      "z" : -0.5
    }, {
      "x" : 0.0,
      "y" : 0.73606795,
      "z" : -0.690983
    }, {
      "x" : -0.809017,
      "y" : 0.090169944,
      "z" : 0.6352549
    }, {
      "x" : -0.78115296,
      "y" : 0.10739087,
      "z" : 0.6008131
    }, {
      "x" : -0.8991869,
      "y" : 0.29837388,
      "z" : 0.29179606
    }, {
      "x" : -0.9442719,
      "y" : 0.309017,
      "z" : 0.28115296
    }, {
      "x" : 0.0,
      "y" : 0.54508495,
      "z" : 0.809017
    }, {
      "x" : 0.0,
      "y" : 0.42705098,
      "z" : 0.5
    }, {
      "x" : 0.19098301,
      "y" : 0.11803399,
      "z" : 0.618034
    }, {
      "x" : 0.19098301,
      "y" : 0.23606798,
      "z" : 0.927051
    }, {
      "x" : 0.19098301,
      "y" : -0.809017,
      "z" : 0.572949
    }, {
      "x" : 0.19098301,
      "y" : -0.5,
      "z" : 0.38196602
    }, {
      "x" : 0.11803399,
      "y" : -0.618034,
      "z" : 0.19098301
    }, {
      "x" : 0.11803399,
      "y" : -0.927051,
      "z" : 0.38196602
    }, {
      "x" : 0.6737621,
      "y" : 0.309017,
      "z" : 0.71884704
    }, {
      "x" : 0.66311896,
      "y" : 0.29837388,
      "z" : 0.6737621
    }, {
      "x" : 0.78115296,
      "y" : 0.48935688,
      "z" : 0.36474508
    }, {
      "x" : 0.809017,
      "y" : 0.52786404,
      "z" : 0.36474508
    }, {
      "x" : 0.6737621,
      "y" : -0.66311896,
      "z" : -0.29837388
    }, {
      "x" : 0.5,
      "y" : -0.38196602,
      "z" : -0.19098301
    }, {
      "x" : 0.19098301,
      "y" : -0.5,
      "z" : -0.38196602
    }, {
      "x" : 0.36474508,
      "y" : -0.78115296,
      "z" : -0.48935688
    }, {
      "x" : -0.19098301,
      "y" : 0.809017,
      "z" : 0.572949
    }, {
      "x" : -0.24671109,
      "y" : 0.8196601,
      "z" : 0.6008131
    }, {
      "x" : 0.0,
      "y" : 0.7254249,
      "z" : 0.7532889
    }, {
      "x" : 0.0,
      "y" : 0.73606795,
      "z" : 0.690983
    }, {
      "x" : 0.13525492,
      "y" : 1.0,
      "z" : 0.21884705
    }, {
      "x" : -0.13525492,
      "y" : 1.0,
      "z" : 0.21884705
    }, {
      "x" : -0.19098301,
      "y" : 1.0,
      "z" : 0.309017
    }, {
      "x" : 0.19098301,
      "y" : 1.0,
      "z" : 0.309017
    }, {
      "x" : 0.0,
      "y" : 0.690983,
      "z" : -0.809017
    }, {
      "x" : 0.090169944,
      "y" : 0.6352549,
      "z" : -0.809017
    }, {
      "x" : 0.309017,
      "y" : 0.28115296,
      "z" : -0.9442719
    }, {
      "x" : 0.309017,
      "y" : 0.19098301,
      "z" : -1.0
    }, {
      "x" : 1.0,
      "y" : 0.309017,
      "z" : 0.19098301
    }, {
      "x" : 0.9442719,
      "y" : 0.309017,
      "z" : 0.28115296
    }, {
      "x" : 0.809017,
      "y" : 0.090169944,
      "z" : 0.6352549
    }, {
      "x" : 0.809017,
      "y" : 0.0,
      "z" : 0.690983
    }, {
      "x" : -0.9655582,
      "y" : 0.19098301,
      "z" : -0.11803399
    }, {
      "x" : -0.9655582,
      "y" : 0.19098301,
      "z" : 0.11803399
    }, {
      "x" : -1.0,
      "y" : 0.21884705,
      "z" : 0.13525492
    }, {
      "x" : -1.0,
      "y" : 0.21884705,
      "z" : -0.13525492
    }, {
      "x" : -0.9655582,
      "y" : -0.19098301,
      "z" : 0.11803399
    }, {
      "x" : -1.0,
      "y" : -0.21884705,
      "z" : 0.13525492
    }, {
      "x" : 0.21884705,
      "y" : 0.13525492,
      "z" : -1.0
    }, {
      "x" : -0.21884705,
      "y" : 0.13525492,
      "z" : -1.0
    }, {
      "x" : -0.309017,
      "y" : 0.19098301,
      "z" : -1.0
    }, {
      "x" : 0.48935688,
      "y" : -0.36474508,
      "z" : -0.78115296
    }, {
      "x" : 0.29837388,
      "y" : -0.29179606,
      "z" : -0.8991869
    }, {
      "x" : 0.309017,
      "y" : -0.28115296,
      "z" : -0.9442719
    }, {
      "x" : 0.52786404,
      "y" : -0.36474508,
      "z" : -0.809017
    }, {
      "x" : 0.48935688,
      "y" : 0.36474508,
      "z" : 0.78115296
    }, {
      "x" : 0.29837388,
      "y" : 0.29179606,
      "z" : 0.8991869
    }, {
      "x" : 0.309017,
      "y" : 0.28115296,
      "z" : 0.9442719
    }, {
      "x" : 0.52786404,
      "y" : 0.36474508,
      "z" : 0.809017
    }, {
      "x" : -0.618034,
      "y" : 0.19098301,
      "z" : 0.11803399
    }, {
      "x" : -0.78115296,
      "y" : 0.48935688,
      "z" : 0.36474508
    }, {
      "x" : -0.6008131,
      "y" : 0.78115296,
      "z" : 0.10739087
    }, {
      "x" : -0.6737621,
      "y" : 0.66311896,
      "z" : 0.29837388
    }, {
      "x" : 0.809017,
      "y" : -0.618034,
      "z" : -0.309017
    }, {
      "x" : 0.71884704,
      "y" : -0.6737621,
      "z" : -0.309017
    }, {
      "x" : 0.36474508,
      "y" : -0.809017,
      "z" : -0.52786404
    }, {
      "x" : 0.309017,
      "y" : -0.809017,
      "z" : -0.618034
    }, {
      "x" : 0.38196602,
      "y" : 0.11803399,
      "z" : 0.927051
    }, {
      "x" : 0.38196602,
      "y" : 0.19098301,
      "z" : 0.5
    }, {
      "x" : 0.572949,
      "y" : 0.19098301,
      "z" : 0.809017
    }, {
      "x" : 0.0,
      "y" : -0.690983,
      "z" : 0.809017
    }, {
      "x" : 0.0,
      "y" : -0.618034,
      "z" : 0.83688104
    }, {
      "x" : -0.24138954,
      "y" : -0.22745751,
      "z" : 0.98606795
    }, {
      "x" : -0.309017,
      "y" : -0.19098301,
      "z" : 1.0
    }, {
      "x" : 0.19098301,
      "y" : 0.11803399,
      "z" : -0.9655582
    }, {
      "x" : 0.19098301,
      "y" : 0.11803399,
      "z" : -0.618034
    }, {
      "x" : -0.19098301,
      "y" : 0.11803399,
      "z" : -0.618034
    }, {
      "x" : -0.19098301,
      "y" : 0.11803399,
      "z" : -0.9655582
    }, {
      "x" : 0.572949,
      "y" : -0.19098301,
      "z" : 0.809017
    }, {
      "x" : 0.38196602,
      "y" : -0.19098301,
      "z" : 0.5
    }, {
      "x" : 0.19098301,
      "y" : -0.11803399,
      "z" : 0.618034
    }, {
      "x" : 0.38196602,
      "y" : -0.11803399,
      "z" : 0.927051
    }, {
      "x" : -0.927051,
      "y" : 0.19098301,
      "z" : 0.23606798
    }, {
      "x" : -0.809017,
      "y" : 0.0,
      "z" : 0.54508495
    }, {
      "x" : -0.83688104,
      "y" : 0.0,
      "z" : 0.618034
    }, {
      "x" : -1.0,
      "y" : -0.309017,
      "z" : -0.19098301
    }, {
      "x" : -0.98606795,
      "y" : -0.24138954,
      "z" : -0.22745751
    }, {
      "x" : -0.83688104,
      "y" : 0.0,
      "z" : -0.618034
    }, {
      "x" : -0.809017,
      "y" : 0.0,
      "z" : -0.690983
    }, {
      "x" : -0.71884704,
      "y" : 0.6737621,
      "z" : -0.309017
    }, {
      "x" : -0.36474508,
      "y" : 0.809017,
      "z" : -0.52786404
    }, {
      "x" : -0.309017,
      "y" : 0.809017,
      "z" : -0.618034
    }, {
      "x" : 0.809017,
      "y" : 0.572949,
      "z" : -0.19098301
    }, {
      "x" : 0.8196601,
      "y" : 0.6008131,
      "z" : -0.24671109
    }, {
      "x" : 0.7254249,
      "y" : 0.7532889,
      "z" : 0.0
    }, {
      "x" : 0.73606795,
      "y" : 0.690983,
      "z" : 0.0
    }, {
      "x" : 0.572949,
      "y" : -0.38196602,
      "z" : 0.690983
    }, {
      "x" : 0.5,
      "y" : -0.38196602,
      "z" : 0.19098301
    }, {
      "x" : 0.690983,
      "y" : -0.572949,
      "z" : 0.38196602
    }, {
      "x" : -0.78115296,
      "y" : 0.48935688,
      "z" : -0.36474508
    }, {
      "x" : -0.8991869,
      "y" : 0.29837388,
      "z" : -0.29179606
    }, {
      "x" : -0.9442719,
      "y" : 0.309017,
      "z" : -0.28115296
    }, {
      "x" : -0.809017,
      "y" : 0.52786404,
      "z" : -0.36474508
    }, {
      "x" : -0.36803398,
      "y" : 0.7586105,
      "z" : 0.6094235
    }, {
      "x" : -0.6094235,
      "y" : 0.36803398,
      "z" : 0.7586105
    }, {
      "x" : 0.927051,
      "y" : -0.38196602,
      "z" : -0.11803399
    }, {
      "x" : 0.97213596,
      "y" : -0.35410196,
      "z" : -0.15247585
    }, {
      "x" : 0.97213596,
      "y" : -0.35410196,
      "z" : 0.15247585
    }, {
      "x" : 0.927051,
      "y" : -0.38196602,
      "z" : 0.11803399
    }, {
      "x" : -0.11803399,
      "y" : -0.927051,
      "z" : -0.38196602
    }, {
      "x" : -0.15247585,
      "y" : -0.97213596,
      "z" : -0.35410196
    }, {
      "x" : -0.24671109,
      "y" : -0.8196601,
      "z" : -0.6008131
    }, {
      "x" : -0.19098301,
      "y" : -0.809017,
      "z" : -0.572949
    }, {
      "x" : -0.7586105,
      "y" : -0.6094235,
      "z" : -0.36803398
    }, {
      "x" : -0.690983,
      "y" : -0.572949,
      "z" : -0.38196602
    }, {
      "x" : -0.38196602,
      "y" : -0.690983,
      "z" : -0.572949
    }, {
      "x" : -0.36803398,
      "y" : -0.7586105,
      "z" : -0.6094235
    }, {
      "x" : 0.19098301,
      "y" : -0.11803399,
      "z" : 0.9655582
    }, {
      "x" : -0.19098301,
      "y" : -0.11803399,
      "z" : 0.618034
    }, {
      "x" : -0.19098301,
      "y" : -0.11803399,
      "z" : 0.9655582
    }, {
      "x" : -0.66311896,
      "y" : -0.29837388,
      "z" : 0.6737621
    }, {
      "x" : -0.78115296,
      "y" : -0.48935688,
      "z" : 0.36474508
    }, {
      "x" : -0.11803399,
      "y" : 0.9655582,
      "z" : 0.19098301
    }, {
      "x" : -0.11803399,
      "y" : 0.618034,
      "z" : 0.19098301
    }, {
      "x" : -0.11803399,
      "y" : 0.618034,
      "z" : -0.19098301
    }, {
      "x" : -0.11803399,
      "y" : 0.9655582,
      "z" : -0.19098301
    }, {
      "x" : 0.5,
      "y" : 0.38196602,
      "z" : -0.19098301
    }, {
      "x" : 0.927051,
      "y" : 0.38196602,
      "z" : -0.11803399
    }, {
      "x" : 0.090169944,
      "y" : -0.6352549,
      "z" : 0.809017
    }, {
      "x" : 0.10739087,
      "y" : -0.6008131,
      "z" : 0.78115296
    }, {
      "x" : 0.29837388,
      "y" : -0.29179606,
      "z" : 0.8991869
    }, {
      "x" : 0.309017,
      "y" : -0.28115296,
      "z" : 0.9442719
    }, {
      "x" : 0.24138954,
      "y" : 0.22745751,
      "z" : -0.98606795
    }, {
      "x" : 0.19098301,
      "y" : 0.23606798,
      "z" : -0.927051
    }, {
      "x" : 0.0,
      "y" : 0.54508495,
      "z" : -0.809017
    }, {
      "x" : 0.0,
      "y" : 0.618034,
      "z" : -0.83688104
    }, {
      "x" : 0.48935688,
      "y" : 0.36474508,
      "z" : -0.78115296
    }, {
      "x" : 0.38196602,
      "y" : 0.19098301,
      "z" : -0.5
    }, {
      "x" : 0.19098301,
      "y" : 0.5,
      "z" : -0.38196602
    }, {
      "x" : 0.29837388,
      "y" : 0.6737621,
      "z" : -0.66311896
    }, {
      "x" : -0.309017,
      "y" : -0.19098301,
      "z" : -1.0
    }, {
      "x" : -0.21884705,
      "y" : -0.13525492,
      "z" : -1.0
    }, {
      "x" : 0.21884705,
      "y" : -0.13525492,
      "z" : -1.0
    }, {
      "x" : 0.309017,
      "y" : -0.19098301,
      "z" : -1.0
    }, {
      "x" : -0.309017,
      "y" : 0.809017,
      "z" : 0.618034
    }, {
      "x" : -0.618034,
      "y" : 0.309017,
      "z" : 0.809017
    }, {
      "x" : -0.29179606,
      "y" : 0.8991869,
      "z" : 0.29837388
    }, {
      "x" : -0.36474508,
      "y" : 0.78115296,
      "z" : 0.48935688
    }, {
      "x" : -0.36474508,
      "y" : 0.809017,
      "z" : 0.52786404
    }, {
      "x" : -0.28115296,
      "y" : 0.9442719,
      "z" : 0.309017
    }, {
      "x" : 0.35410196,
      "y" : 0.15247585,
      "z" : -0.97213596
    }, {
      "x" : 0.618034,
      "y" : 0.309017,
      "z" : -0.809017
    }, {
      "x" : 0.6008131,
      "y" : 0.24671109,
      "z" : -0.8196601
    }, {
      "x" : 0.19098301,
      "y" : -0.11803399,
      "z" : -0.618034
    }, {
      "x" : -0.66311896,
      "y" : -0.29837388,
      "z" : -0.6737621
    }, {
      "x" : -0.78115296,
      "y" : -0.10739087,
      "z" : -0.6008131
    }, {
      "x" : -0.809017,
      "y" : -0.090169944,
      "z" : -0.6352549
    }, {
      "x" : -0.6737621,
      "y" : -0.309017,
      "z" : -0.71884704
    }, {
      "x" : -0.618034,
      "y" : -0.309017,
      "z" : 0.809017
    }, {
      "x" : -0.6094235,
      "y" : -0.36803398,
      "z" : 0.7586105
    }, {
      "x" : -0.36803398,
      "y" : -0.7586105,
      "z" : 0.6094235
    }, {
      "x" : -0.309017,
      "y" : -0.809017,
      "z" : 0.618034
    }, {
      "x" : -0.19098301,
      "y" : -0.809017,
      "z" : 0.572949
    }, {
      "x" : -0.24671109,
      "y" : -0.8196601,
      "z" : 0.6008131
    }, {
      "x" : -0.15247585,
      "y" : -0.97213596,
      "z" : 0.35410196
    }, {
      "x" : -0.11803399,
      "y" : -0.927051,
      "z" : 0.38196602
    }, {
      "x" : -0.7586105,
      "y" : -0.6094235,
      "z" : 0.36803398
    }, {
      "x" : -0.809017,
      "y" : -0.618034,
      "z" : 0.309017
    }, {
      "x" : 0.809017,
      "y" : 0.0,
      "z" : -0.54508495
    }, {
      "x" : 0.927051,
      "y" : -0.19098301,
      "z" : -0.23606798
    }, {
      "x" : 0.78115296,
      "y" : -0.48935688,
      "z" : 0.36474508
    }, {
      "x" : 0.66311896,
      "y" : -0.29837388,
      "z" : 0.6737621
    }, {
      "x" : 0.29837388,
      "y" : 0.29179606,
      "z" : -0.8991869
    }, {
      "x" : -0.309017,
      "y" : 0.19098301,
      "z" : 1.0
    }, {
      "x" : -0.572949,
      "y" : 0.38196602,
      "z" : -0.690983
    }, {
      "x" : -0.38196602,
      "y" : 0.19098301,
      "z" : -0.5
    }, {
      "x" : -0.38196602,
      "y" : 0.690983,
      "z" : -0.572949
    }, {
      "x" : -0.28115296,
      "y" : 0.9442719,
      "z" : -0.309017
    }, {
      "x" : -0.19098301,
      "y" : 1.0,
      "z" : -0.309017
    }, {
      "x" : 0.66311896,
      "y" : -0.29837388,
      "z" : -0.6737621
    }, {
      "x" : 0.78115296,
      "y" : -0.48935688,
      "z" : -0.36474508
    }, {
      "x" : -0.23606798,
      "y" : -0.927051,
      "z" : 0.19098301
    }, {
      "x" : -0.11803399,
      "y" : -0.618034,
      "z" : 0.19098301
    }, {
      "x" : -0.11803399,
      "y" : -0.618034,
      "z" : -0.19098301
    }, {
      "x" : -0.23606798,
      "y" : -0.927051,
      "z" : -0.19098301
    }, {
      "x" : 0.0,
      "y" : -0.42705098,
      "z" : 0.5
    }, {
      "x" : 0.29837388,
      "y" : -0.6737621,
      "z" : 0.66311896
    }, {
      "x" : 0.19098301,
      "y" : 0.809017,
      "z" : 0.572949
    }, {
      "x" : 0.19098301,
      "y" : 0.5,
      "z" : 0.38196602
    }, {
      "x" : 0.0,
      "y" : -0.54508495,
      "z" : -0.809017
    }, {
      "x" : 0.0,
      "y" : -0.42705098,
      "z" : -0.5
    }, {
      "x" : 0.19098301,
      "y" : -0.23606798,
      "z" : -0.927051
    }, {
      "x" : -0.28115296,
      "y" : -0.9442719,
      "z" : 0.309017
    }, {
      "x" : -0.29179606,
      "y" : -0.8991869,
      "z" : 0.29837388
    }, {
      "x" : -0.6008131,
      "y" : -0.78115296,
      "z" : 0.10739087
    }, {
      "x" : -0.6352549,
      "y" : -0.809017,
      "z" : 0.090169944
    }, {
      "x" : -0.24138954,
      "y" : 0.22745751,
      "z" : -0.98606795
    }, {
      "x" : -0.572949,
      "y" : 0.19098301,
      "z" : -0.809017
    }, {
      "x" : -0.5,
      "y" : 0.0,
      "z" : -0.42705098
    }, {
      "x" : -0.690983,
      "y" : 0.0,
      "z" : -0.73606795
    }, {
      "x" : 0.10739087,
      "y" : -0.6008131,
      "z" : -0.78115296
    }, {
      "x" : 0.090169944,
      "y" : -0.6352549,
      "z" : -0.809017
    }, {
      "x" : -0.809017,
      "y" : 0.0,
      "z" : -0.54508495
    }, {
      "x" : -0.927051,
      "y" : 0.19098301,
      "z" : -0.23606798
    }, {
      "x" : -0.98606795,
      "y" : 0.24138954,
      "z" : -0.22745751
    }, {
      "x" : 0.6008131,
      "y" : 0.78115296,
      "z" : -0.10739087
    }, {
      "x" : 0.42705098,
      "y" : 0.5,
      "z" : 0.0
    }, {
      "x" : 0.11803399,
      "y" : 0.618034,
      "z" : -0.19098301
    }, {
      "x" : 0.29179606,
      "y" : 0.8991869,
      "z" : -0.29837388
    }, {
      "x" : 0.19098301,
      "y" : 1.0,
      "z" : -0.309017
    }, {
      "x" : 0.22745751,
      "y" : 0.98606795,
      "z" : -0.24138954
    }, {
      "x" : 0.618034,
      "y" : 0.83688104,
      "z" : 0.0
    }, {
      "x" : 0.690983,
      "y" : 0.809017,
      "z" : 0.0
    }, {
      "x" : -0.7532889,
      "y" : 0.0,
      "z" : -0.7254249
    }, {
      "x" : -0.6008131,
      "y" : 0.24671109,
      "z" : -0.8196601
    }, {
      "x" : -0.809017,
      "y" : 0.52786404,
      "z" : 0.36474508
    }, {
      "x" : -0.29837388,
      "y" : 0.6737621,
      "z" : 0.66311896
    }, {
      "x" : -0.309017,
      "y" : 0.71884704,
      "z" : 0.6737621
    }, {
      "x" : -0.21884705,
      "y" : -0.13525492,
      "z" : 1.0
    }, {
      "x" : -0.21884705,
      "y" : 0.13525492,
      "z" : 1.0
    }, {
      "x" : -0.927051,
      "y" : 0.38196602,
      "z" : 0.11803399
    }, {
      "x" : -0.97213596,
      "y" : 0.35410196,
      "z" : 0.15247585
    }, {
      "x" : -0.8196601,
      "y" : 0.6008131,
      "z" : 0.24671109
    }, {
      "x" : 0.78115296,
      "y" : 0.10739087,
      "z" : 0.6008131
    }, {
      "x" : -0.29837388,
      "y" : -0.29179606,
      "z" : -0.8991869
    }, {
      "x" : -0.48935688,
      "y" : -0.36474508,
      "z" : -0.78115296
    }, {
      "x" : -0.52786404,
      "y" : -0.36474508,
      "z" : -0.809017
    }, {
      "x" : -0.309017,
      "y" : -0.28115296,
      "z" : -0.9442719
    }, {
      "x" : -0.29179606,
      "y" : 0.8991869,
      "z" : -0.29837388
    }, {
      "x" : -0.6008131,
      "y" : 0.78115296,
      "z" : -0.10739087
    }, {
      "x" : -0.19098301,
      "y" : -0.11803399,
      "z" : -0.618034
    }, {
      "x" : -0.38196602,
      "y" : -0.19098301,
      "z" : -0.5
    }, {
      "x" : 0.38196602,
      "y" : -0.11803399,
      "z" : -0.927051
    }, {
      "x" : 0.35410196,
      "y" : -0.15247585,
      "z" : -0.97213596
    }, {
      "x" : 0.38196602,
      "y" : 0.11803399,
      "z" : -0.927051
    }, {
      "x" : -0.7532889,
      "y" : 0.0,
      "z" : 0.7254249
    }, {
      "x" : -0.809017,
      "y" : 0.0,
      "z" : 0.690983
    }, {
      "x" : -0.6008131,
      "y" : -0.24671109,
      "z" : 0.8196601
    }, {
      "x" : 0.11803399,
      "y" : 0.927051,
      "z" : 0.38196602
    }, {
      "x" : 0.11803399,
      "y" : 0.618034,
      "z" : 0.19098301
    }, {
      "x" : -0.927051,
      "y" : -0.19098301,
      "z" : -0.23606798
    }, {
      "x" : -0.809017,
      "y" : 0.572949,
      "z" : -0.19098301
    }, {
      "x" : -0.8196601,
      "y" : 0.6008131,
      "z" : -0.24671109
    }, {
      "x" : -0.97213596,
      "y" : 0.35410196,
      "z" : -0.15247585
    }, {
      "x" : -0.927051,
      "y" : 0.38196602,
      "z" : -0.11803399
    }, {
      "x" : -0.6737621,
      "y" : 0.66311896,
      "z" : -0.29837388
    }, {
      "x" : -0.5,
      "y" : 0.38196602,
      "z" : -0.19098301
    }, {
      "x" : -0.36474508,
      "y" : 0.78115296,
      "z" : -0.48935688
    }, {
      "x" : 0.8196601,
      "y" : 0.6008131,
      "z" : 0.24671109
    }, {
      "x" : 0.809017,
      "y" : 0.572949,
      "z" : 0.19098301
    }, {
      "x" : 0.618034,
      "y" : -0.19098301,
      "z" : 0.11803399
    }, {
      "x" : 0.8991869,
      "y" : -0.29837388,
      "z" : 0.29179606
    }, {
      "x" : -0.54508495,
      "y" : -0.809017,
      "z" : 0.0
    }, {
      "x" : -0.42705098,
      "y" : -0.5,
      "z" : 0.0
    }, {
      "x" : 1.0,
      "y" : -0.309017,
      "z" : 0.19098301
    }, {
      "x" : 0.809017,
      "y" : -0.618034,
      "z" : 0.309017
    }, {
      "x" : 0.8196601,
      "y" : -0.6008131,
      "z" : 0.24671109
    }, {
      "x" : 0.52786404,
      "y" : 0.36474508,
      "z" : -0.809017
    }, {
      "x" : -0.36803398,
      "y" : 0.7586105,
      "z" : -0.6094235
    }, {
      "x" : 0.690983,
      "y" : -0.572949,
      "z" : -0.38196602
    }, {
      "x" : 0.572949,
      "y" : -0.38196602,
      "z" : -0.690983
    }, {
      "x" : -0.29837388,
      "y" : -0.6737621,
      "z" : -0.66311896
    }, {
      "x" : -0.309017,
      "y" : -0.71884704,
      "z" : -0.6737621
    }, {
      "x" : 0.7586105,
      "y" : -0.6094235,
      "z" : -0.36803398
    }, {
      "x" : 0.6094235,
      "y" : -0.36803398,
      "z" : -0.7586105
    }, {
      "x" : 0.618034,
      "y" : -0.309017,
      "z" : -0.809017
    }, {
      "x" : -0.19098301,
      "y" : -1.0,
      "z" : -0.309017
    }, {
      "x" : -0.309017,
      "y" : -0.809017,
      "z" : -0.618034
    }, {
      "x" : 0.690983,
      "y" : -0.809017,
      "z" : 0.0
    }, {
      "x" : -0.690983,
      "y" : 0.572949,
      "z" : -0.38196602
    }, {
      "x" : -0.35410196,
      "y" : -0.15247585,
      "z" : 0.97213596
    }, {
      "x" : -0.35410196,
      "y" : 0.15247585,
      "z" : 0.97213596
    }, {
      "x" : 0.11803399,
      "y" : -0.618034,
      "z" : -0.19098301
    }, {
      "x" : 0.11803399,
      "y" : -0.927051,
      "z" : -0.38196602
    }, {
      "x" : 0.10739087,
      "y" : 0.6008131,
      "z" : -0.78115296
    }, {
      "x" : -0.19098301,
      "y" : 0.23606798,
      "z" : -0.927051
    }, {
      "x" : -0.38196602,
      "y" : -0.11803399,
      "z" : 0.927051
    }, {
      "x" : -0.572949,
      "y" : -0.19098301,
      "z" : 0.809017
    }, {
      "x" : -0.309017,
      "y" : -0.71884704,
      "z" : 0.6737621
    }, {
      "x" : -0.52786404,
      "y" : -0.36474508,
      "z" : 0.809017
    }, {
      "x" : 0.21884705,
      "y" : 0.13525492,
      "z" : 1.0
    }, {
      "x" : 0.309017,
      "y" : 0.19098301,
      "z" : 1.0
    }, {
      "x" : -0.618034,
      "y" : -0.83688104,
      "z" : 0.0
    }, {
      "x" : -0.22745751,
      "y" : -0.98606795,
      "z" : 0.24138954
    }, {
      "x" : -0.090169944,
      "y" : -0.6352549,
      "z" : 0.809017
    }, {
      "x" : 0.6352549,
      "y" : 0.809017,
      "z" : -0.090169944
    }, {
      "x" : 0.28115296,
      "y" : 0.9442719,
      "z" : -0.309017
    }, {
      "x" : 0.97213596,
      "y" : 0.35410196,
      "z" : 0.15247585
    }, {
      "x" : 1.0,
      "y" : 0.309017,
      "z" : -0.19098301
    }, {
      "x" : 0.97213596,
      "y" : 0.35410196,
      "z" : -0.15247585
    }, {
      "x" : -0.809017,
      "y" : -0.572949,
      "z" : -0.19098301
    }, {
      "x" : -0.8196601,
      "y" : -0.6008131,
      "z" : -0.24671109
    }, {
      "x" : -0.7254249,
      "y" : -0.7532889,
      "z" : 0.0
    }, {
      "x" : -0.73606795,
      "y" : -0.690983,
      "z" : 0.0
    }, {
      "x" : 0.78115296,
      "y" : 0.10739087,
      "z" : -0.6008131
    }, {
      "x" : 0.8991869,
      "y" : 0.29837388,
      "z" : -0.29179606
    }, {
      "x" : 0.309017,
      "y" : 0.809017,
      "z" : -0.618034
    }, {
      "x" : 0.36474508,
      "y" : 0.809017,
      "z" : -0.52786404
    }, {
      "x" : 0.71884704,
      "y" : 0.6737621,
      "z" : -0.309017
    }, {
      "x" : 0.809017,
      "y" : 0.618034,
      "z" : -0.309017
    }, {
      "x" : 0.690983,
      "y" : 0.0,
      "z" : 0.73606795
    }, {
      "x" : 0.7532889,
      "y" : 0.0,
      "z" : 0.7254249
    }, {
      "x" : 0.6008131,
      "y" : 0.24671109,
      "z" : 0.8196601
    }, {
      "x" : -0.71884704,
      "y" : -0.6737621,
      "z" : -0.309017
    }, {
      "x" : -0.6352549,
      "y" : -0.809017,
      "z" : -0.090169944
    }, {
      "x" : -0.690983,
      "y" : -0.809017,
      "z" : 0.0
    }, {
      "x" : -0.809017,
      "y" : -0.618034,
      "z" : -0.309017
    }, {
      "x" : -0.78115296,
      "y" : 0.10739087,
      "z" : -0.6008131
    }, {
      "x" : -0.809017,
      "y" : 0.090169944,
      "z" : -0.6352549
    }, {
      "x" : 0.15247585,
      "y" : -0.97213596,
      "z" : 0.35410196
    }, {
      "x" : 0.29837388,
      "y" : -0.6737621,
      "z" : -0.66311896
    }, {
      "x" : 0.19098301,
      "y" : -0.809017,
      "z" : -0.572949
    }, {
      "x" : -1.0,
      "y" : 0.309017,
      "z" : -0.19098301
    }, {
      "x" : 0.0,
      "y" : -0.73606795,
      "z" : -0.690983
    }, {
      "x" : -0.19098301,
      "y" : -0.5,
      "z" : -0.38196602
    }, {
      "x" : -0.9655582,
      "y" : -0.19098301,
      "z" : -0.11803399
    }, {
      "x" : -1.0,
      "y" : -0.21884705,
      "z" : -0.13525492
    }, {
      "x" : -0.6737621,
      "y" : -0.309017,
      "z" : 0.71884704
    }, {
      "x" : -0.809017,
      "y" : -0.52786404,
      "z" : 0.36474508
    }, {
      "x" : 0.0,
      "y" : -0.73606795,
      "z" : 0.690983
    }, {
      "x" : 0.0,
      "y" : -0.7254249,
      "z" : 0.7532889
    }, {
      "x" : -0.22745751,
      "y" : -0.98606795,
      "z" : -0.24138954
    }, {
      "x" : 0.24138954,
      "y" : 0.22745751,
      "z" : 0.98606795
    }, {
      "x" : -0.24138954,
      "y" : 0.22745751,
      "z" : 0.98606795
    }, {
      "x" : 1.0,
      "y" : -0.309017,
      "z" : -0.19098301
    }, {
      "x" : -0.19098301,
      "y" : 0.11803399,
      "z" : 0.618034
    }, {
      "x" : 0.6008131,
      "y" : -0.78115296,
      "z" : 0.10739087
    }, {
      "x" : 0.42705098,
      "y" : -0.5,
      "z" : 0.0
    }, {
      "x" : 0.29179606,
      "y" : -0.8991869,
      "z" : 0.29837388
    }, {
      "x" : 0.15247585,
      "y" : 0.97213596,
      "z" : 0.35410196
    }, {
      "x" : -0.15247585,
      "y" : 0.97213596,
      "z" : 0.35410196
    }, {
      "x" : -0.6094235,
      "y" : -0.36803398,
      "z" : -0.7586105
    }, {
      "x" : -0.572949,
      "y" : -0.38196602,
      "z" : -0.690983
    }, {
      "x" : 0.572949,
      "y" : 0.19098301,
      "z" : -0.809017
    }, {
      "x" : -0.19098301,
      "y" : -1.0,
      "z" : 0.309017
    }, {
      "x" : 1.0,
      "y" : -0.21884705,
      "z" : -0.13525492
    }, {
      "x" : 0.7532889,
      "y" : 0.0,
      "z" : -0.7254249
    }, {
      "x" : 0.6008131,
      "y" : -0.24671109,
      "z" : -0.8196601
    }, {
      "x" : 0.0,
      "y" : -0.54508495,
      "z" : 0.809017
    }, {
      "x" : -0.19098301,
      "y" : -0.23606798,
      "z" : 0.927051
    }, {
      "x" : 0.6008131,
      "y" : -0.78115296,
      "z" : -0.10739087
    }, {
      "x" : 0.6352549,
      "y" : -0.809017,
      "z" : -0.090169944
    }, {
      "x" : -0.97213596,
      "y" : -0.35410196,
      "z" : -0.15247585
    }, {
      "x" : -0.618034,
      "y" : 0.19098301,
      "z" : -0.11803399
    }, {
