{
  "field" : "polygon60",
  "symmetry" : "antiprism60",
  "orientations" : [ [ 1.0, 0.0, 0.0, 0.0, 0.0, 1.0, 0.0, 0.0, 0.0, 0.0, 1.0, 0.0, 0.0, 0.0, 0.0, 1.0 ], [ 0.9945219, -0.104528464, 0.0, 0.0, 0.104528464, 0.9945219, 0.0, 0.0, 0.0, 0.0, 1.0, 0.0, 0.0, 0.0, 0.0, 1.0 ], [ 0.9781476, -0.20791169, 0.0, 0.0, 0.20791169, 0.9781476, 0.0, 0.0, 0.0, 0.0, 1.0, 0.0, 0.0, 0.0, 0.0, 1.0 ], [ 0.95105654, -0.309017, 0.0, 0.0, 0.309017, 0.95105654, 0.0, 0.0, 0.0, 0.0, 1.0, 0.0, 0.0, 0.0, 0.0, 1.0 ], [ 0.9135454, -0.40673664, 0.0, 0.0, 0.40673664, 0.9135454, 0.0, 0.0, 0.0, 0.0, 1.0, 0.0, 0.0, 0.0, 0.0, 1.0 ], [ 0.8660254, -0.5, 0.0, 0.0, 0.5, 0.8660254, 0.0, 0.0, 0.0, 0.0, 1.0, 0.0, 0.0, 0.0, 0.0, 1.0 ], [ 0.809017, -0.58778524, 0.0, 0.0, 0.58778524, 0.809017, 0.0, 0.0, 0.0, 0.0, 1.0, 0.0, 0.0, 0.0, 0.0, 1.0 ], [ 0.7431448, -0.6691306, 0.0, 0.0, 0.6691306, 0.7431448, 0.0, 0.0, 0.0, 0.0, 1.0, 0.0, 0.0, 0.0, 0.0, 1.0 ], [ 0.6691306, -0.7431448, 0.0, 0.0, 0.7431448, 0.6691306, 0.0, 0.0, 0.0, 0.0, 1.0, 0.0, 0.0, 0.0, 0.0, 1.0 ], [ 0.58778524, -0.809017, 0.0, 0.0, 0.809017, 0.58778524, 0.0, 0.0, 0.0, 0.0, 1.0, 0.0, 0.0, 0.0, 0.0, 1.0 ], [ 0.5, -0.8660254, 0.0, 0.0, 0.8660254, 0.5, 0.0, 0.0, 0.0, 0.0, 1.0, 0.0, 0.0, 0.0, 0.0, 1.0 ], [ 0.40673664, -0.9135454, 0.0, 0.0, 0.9135454, 0.40673664, 0.0, 0.0, 0.0, 0.0, 1.0, 0.0, 0.0, 0.0, 0.0, 1.0 ], [ 0.309017, -0.95105654, 0.0, 0.0, 0.95105654, 0.309017, 0.0, 0.0, 0.0, 0.0, 1.0, 0.0, 0.0, 0.0, 0.0, 1.0 ], [ 0.20791169, -0.9781476, 0.0, 0.0, 0.9781476, 0.20791169, 0.0, 0.0, 0.0, 0.0, 1.0, 0.0, 0.0, 0.0, 0.0, 1.0 ], [ 0.104528464, -0.9945219, 0.0, 0.0, 0.9945219, 0.104528464, 0.0, 0.0, 0.0, 0.0, 1.0, 0.0, 0.0, 0.0, 0.0, 1.0 ], [ 0.0, -1.0, 0.0, 0.0, 1.0, 0.0, 0.0, 0.0, 0.0, 0.0, 1.0, 0.0, 0.0, 0.0, 0.0, 1.0 ], [ -0.104528464, -0.9945219, 0.0, 0.0, 0.9945219, -0.104528464, 0.0, 0.0, 0.0, 0.0, 1.0, 0.0, 0.0, 0.0, 0.0, 1.0 ], [ -0.20791169, -0.9781476, 0.0, 0.0, 0.9781476, -0.20791169, 0.0, 0.0, 0.0, 0.0, 1.0, 0.0, 0.0, 0.0, 0.0, 1.0 ], [ -0.309017, -0.95105654, 0.0, 0.0, 0.95105654, -0.309017, 0.0, 0.0, 0.0, 0.0, 1.0, 0.0, 0.0, 0.0, 0.0, 1.0 ], [ -0.40673664, -0.9135454, 0.0, 0.0, 0.9135454, -0.40673664, 0.0, 0.0, 0.0, 0.0, 1.0, 0.0, 0.0, 0.0, 0.0, 1.0 ], [ -0.5, -0.8660254, 0.0, 0.0, 0.8660254, -0.5, 0.0, 0.0, 0.0, 0.0, 1.0, 0.0, 0.0, 0.0, 0.0, 1.0 ], [ -0.58778524, -0.809017, 0.0, 0.0, 0.809017, -0.58778524, 0.0, 0.0, 0.0, 0.0, 1.0, 0.0, 0.0, 0.0, 0.0, 1.0 ], [ -0.6691306, -0.7431448, 0.0, 0.0, 0.7431448, -0.6691306, 0.0, 0.0, 0.0, 0.0, 1.0, 0.0, 0.0, 0.0, 0.0, 1.0 ], [ -0.7431448, -0.6691306, 0.0, 0.0, 0.6691306, -0.7431448, 0.0, 0.0, 0.0, 0.0, 1.0, 0.0, 0.0, 0.0, 0.0, 1.0 ], [ -0.809017, -0.58778524, 0.0, 0.0, 0.58778524, -0.809017, 0.0, 0.0, 0.0, 0.0, 1.0, 0.0, 0.0, 0.0, 0.0, 1.0 ], [ -0.8660254, -0.5, 0.0, 0.0, 0.5, -0.8660254, 0.0, 0.0, 0.0, 0.0, 1.0, 0.0, 0.0, 0.0, 0.0, 1.0 ], [ -0.9135454, -0.40673664, 0.0, 0.0, 0.40673664, -0.9135454, 0.0, 0.0, 0.0, 0.0, 1.0, 0.0, 0.0, 0.0, 0.0, 1.0 ], [ -0.95105654, -0.309017, 0.0, 0.0, 0.309017, -0.95105654, 0.0, 0.0, 0.0, 0.0, 1.0, 0.0, 0.0, 0.0, 0.0, 1.0 ], [ -0.9781476, -0.20791169, 0.0, 0.0, 0.20791169, -0.9781476, 0.0, 0.0, 0.0, 0.0, 1.0, 0.0, 0.0, 0.0, 0.0, 1.0 ], [ -0.9945219, -0.104528464, 0.0, 0.0, 0.104528464, -0.9945219, 0.0, 0.0, 0.0, 0.0, 1.0, 0.0, 0.0, 0.0, 0.0, 1.0 ], [ -1.0, 0.0, 0.0, 0.0, 0.0, -1.0, 0.0, 0.0, 0.0, 0.0, 1.0, 0.0, 0.0, 0.0, 0.0, 1.0 ], [ -0.9945219, 0.104528464, 0.0, 0.0, -0.104528464, -0.9945219, 0.0, 0.0, 0.0, 0.0, 1.0, 0.0, 0.0, 0.0, 0.0, 1.0 ], [ -0.9781476, 0.20791169, 0.0, 0.0, -0.20791169, -0.9781476, 0.0, 0.0, 0.0, 0.0, 1.0, 0.0, 0.0, 0.0, 0.0, 1.0 ], [ -0.95105654, 0.309017, 0.0, 0.0, -0.309017, -0.95105654, 0.0, 0.0, 0.0, 0.0, 1.0, 0.0, 0.0, 0.0, 0.0, 1.0 ], [ -0.9135454, 0.40673664, 0.0, 0.0, -0.40673664, -0.9135454, 0.0, 0.0, 0.0, 0.0, 1.0, 0.0, 0.0, 0.0, 0.0, 1.0 ], [ -0.8660254, 0.5, 0.0, 0.0, -0.5, -0.8660254, 0.0, 0.0, 0.0, 0.0, 1.0, 0.0, 0.0, 0.0, 0.0, 1.0 ], [ -0.809017, 0.58778524, 0.0, 0.0, -0.58778524, -0.809017, 0.0, 0.0, 0.0, 0.0, 1.0, 0.0, 0.0, 0.0, 0.0, 1.0 ], [ -0.7431448, 0.6691306, 0.0, 0.0, -0.6691306, -0.7431448, 0.0, 0.0, 0.0, 0.0, 1.0, 0.0, 0.0, 0.0, 0.0, 1.0 ], [ -0.6691306, 0.7431448, 0.0, 0.0, -0.7431448, -0.6691306, 0.0, 0.0, 0.0, 0.0, 1.0, 0.0, 0.0, 0.0, 0.0, 1.0 ], [ -0.58778524, 0.809017, 0.0, 0.0, -0.809017, -0.58778524, 0.0, 0.0, 0.0, 0.0, 1.0, 0.0, 0.0, 0.0, 0.0, 1.0 ], [ -0.5, 0.8660254, 0.0, 0.0, -0.8660254, -0.5, 0.0, 0.0, 0.0, 0.0, 1.0, 0.0, 0.0, 0.0, 0.0, 1.0 ], [ -0.40673664, 0.9135454, 0.0, 0.0, -0.9135454, -0.40673664, 0.0, 0.0, 0.0, 0.0, 1.0, 0.0, 0.0, 0.0, 0.0, 1.0 ], [ -0.309017, 0.95105654, 0.0, 0.0, -0.95105654, -0.309017, 0.0, 0.0, 0.0, 0.0, 1.0, 0.0, 0.0, 0.0, 0.0, 1.0 ], [ -0.20791169, 0.9781476, 0.0, 0.0, -0.9781476, -0.20791169, 0.0, 0.0, 0.0, 0.0, 1.0, 0.0, 0.0, 0.0, 0.0, 1.0 ], [ -0.104528464, 0.9945219, 0.0, 0.0, -0.9945219, -0.104528464, 0.0, 0.0, 0.0, 0.0, 1.0, 0.0, 0.0, 0.0, 0.0, 1.0 ], [ 0.0, 1.0, 0.0, 0.0, -1.0, 0.0, 0.0, 0.0, 0.0, 0.0, 1.0, 0.0, 0.0, 0.0, 0.0, 1.0 ], [ 0.104528464, 0.9945219, 0.0, 0.0, -0.9945219, 0.104528464, 0.0, 0.0, 0.0, 0.0, 1.0, 0.0, 0.0, 0.0, 0.0, 1.0 ], [ 0.20791169, 0.9781476, 0.0, 0.0, -0.9781476, 0.20791169, 0.0, 0.0, 0.0, 0.0, 1.0, 0.0, 0.0, 0.0, 0.0, 1.0 ], [ 0.309017, 0.95105654, 0.0, 0.0, -0.95105654, 0.309017, 0.0, 0.0, 0.0, 0.0, 1.0, 0.0, 0.0, 0.0, 0.0, 1.0 ], [ 0.40673664, 0.9135454, 0.0, 0.0, -0.9135454, 0.40673664, 0.0, 0.0, 0.0, 0.0, 1.0, 0.0, 0.0, 0.0, 0.0, 1.0 ], [ 0.5, 0.8660254, 0.0, 0.0, -0.8660254, 0.5, 0.0, 0.0, 0.0, 0.0, 1.0, 0.0, 0.0, 0.0, 0.0, 1.0 ], [ 0.58778524, 0.809017, 0.0, 0.0, -0.809017, 0.58778524, 0.0, 0.0, 0.0, 0.0, 1.0, 0.0, 0.0, 0.0, 0.0, 1.0 ], [ 0.6691306, 0.7431448, 0.0, 0.0, -0.7431448, 0.6691306, 0.0, 0.0, 0.0, 0.0, 1.0, 0.0, 0.0, 0.0, 0.0, 1.0 ], [ 0.7431448, 0.6691306, 0.0, 0.0, -0.6691306, 0.7431448, 0.0, 0.0, 0.0, 0.0, 1.0, 0.0, 0.0, 0.0, 0.0, 1.0 ], [ 0.809017, 0.58778524, 0.0, 0.0, -0.58778524, 0.809017, 0.0, 0.0, 0.0, 0.0, 1.0, 0.0, 0.0, 0.0, 0.0, 1.0 ], [ 0.8660254, 0.5, 0.0, 0.0, -0.5, 0.8660254, 0.0, 0.0, 0.0, 0.0, 1.0, 0.0, 0.0, 0.0, 0.0, 1.0 ], [ 0.9135454, 0.40673664, 0.0, 0.0, -0.40673664, 0.9135454, 0.0, 0.0, 0.0, 0.0, 1.0, 0.0, 0.0, 0.0, 0.0, 1.0 ], [ 0.95105654, 0.309017, 0.0, 0.0, -0.309017, 0.95105654, 0.0, 0.0, 0.0, 0.0, 1.0, 0.0, 0.0, 0.0, 0.0, 1.0 ], [ 0.9781476, 0.20791169, 0.0, 0.0, -0.20791169, 0.9781476, 0.0, 0.0, 0.0, 0.0, 1.0, 0.0, 0.0, 0.0, 0.0, 1.0 ], [ 0.9945219, 0.104528464, 0.0, 0.0, -0.104528464, 0.9945219, 0.0, 0.0, 0.0, 0.0, 1.0, 0.0, 0.0, 0.0, 0.0, 1.0 ], [ 1.0, 0.0, 0.0, 0.0, 0.0, -1.0, 0.0, 0.0, 0.0, 0.0, -1.0, 0.0, 0.0, 0.0, 0.0, 1.0 ], [ 0.9945219, 0.104528464, 0.0, 0.0, 0.104528464, -0.9945219, 0.0, 0.0, 0.0, 0.0, -1.0, 0.0, 0.0, 0.0, 0.0, 1.0 ], [ 0.9781476, 0.20791169, 0.0, 0.0, 0.20791169, -0.9781476, 0.0, 0.0, 0.0, 0.0, -1.0, 0.0, 0.0, 0.0, 0.0, 1.0 ], [ 0.95105654, 0.309017, 0.0, 0.0, 0.309017, -0.95105654, 0.0, 0.0, 0.0, 0.0, -1.0, 0.0, 0.0, 0.0, 0.0, 1.0 ], [ 0.9135454, 0.40673664, 0.0, 0.0, 0.40673664, -0.9135454, 0.0, 0.0, 0.0, 0.0, -1.0, 0.0, 0.0, 0.0, 0.0, 1.0 ], [ 0.8660254, 0.5, 0.0, 0.0, 0.5, -0.8660254, 0.0, 0.0, 0.0, 0.0, -1.0, 0.0, 0.0, 0.0, 0.0, 1.0 ], [ 0.809017, 0.58778524, 0.0, 0.0, 0.58778524, -0.809017, 0.0, 0.0, 0.0, 0.0, -1.0, 0.0, 0.0, 0.0, 0.0, 1.0 ], [ 0.7431448, 0.6691306, 0.0, 0.0, 0.6691306, -0.7431448, 0.0, 0.0, 0.0, 0.0, -1.0, 0.0, 0.0, 0.0, 0.0, 1.0 ], [ 0.6691306, 0.7431448, 0.0, 0.0, 0.7431448, -0.6691306, 0.0, 0.0, 0.0, 0.0, -1.0, 0.0, 0.0, 0.0, 0.0, 1.0 ], [ 0.58778524, 0.809017, 0.0, 0.0, 0.809017, -0.58778524, 0.0, 0.0, 0.0, 0.0, -1.0, 0.0, 0.0, 0.0, 0.0, 1.0 ], [ 0.5, 0.8660254, 0.0, 0.0, 0.8660254, -0.5, 0.0, 0.0, 0.0, 0.0, -1.0, 0.0, 0.0, 0.0, 0.0, 1.0 ], [ 0.40673664, 0.9135454, 0.0, 0.0, 0.9135454, -0.40673664, 0.0, 0.0, 0.0, 0.0, -1.0, 0.0, 0.0, 0.0, 0.0, 1.0 ], [ 0.309017, 0.95105654, 0.0, 0.0, 0.95105654, -0.309017, 0.0, 0.0, 0.0, 0.0, -1.0, 0.0, 0.0, 0.0, 0.0, 1.0 ], [ 0.20791169, 0.9781476, 0.0, 0.0, 0.9781476, -0.20791169, 0.0, 0.0, 0.0, 0.0, -1.0, 0.0, 0.0, 0.0, 0.0, 1.0 ], [ 0.104528464, 0.9945219, 0.0, 0.0, 0.9945219, -0.104528464, 0.0, 0.0, 0.0, 0.0, -1.0, 0.0, 0.0, 0.0, 0.0, 1.0 ], [ 0.0, 1.0, 0.0, 0.0, 1.0, 0.0, 0.0, 0.0, 0.0, 0.0, -1.0, 0.0, 0.0, 0.0, 0.0, 1.0 ], [ -0.104528464, 0.9945219, 0.0, 0.0, 0.9945219, 0.104528464, 0.0, 0.0, 0.0, 0.0, -1.0, 0.0, 0.0, 0.0, 0.0, 1.0 ], [ -0.20791169, 0.9781476, 0.0, 0.0, 0.9781476, 0.20791169, 0.0, 0.0, 0.0, 0.0, -1.0, 0.0, 0.0, 0.0, 0.0, 1.0 ], [ -0.309017, 0.95105654, 0.0, 0.0, 0.95105654, 0.309017, 0.0, 0.0, 0.0, 0.0, -1.0, 0.0, 0.0, 0.0, 0.0, 1.0 ], [ -0.40673664, 0.9135454, 0.0, 0.0, 0.9135454, 0.40673664, 0.0, 0.0, 0.0, 0.0, -1.0, 0.0, 0.0, 0.0, 0.0, 1.0 ], [ -0.5, 0.8660254, 0.0, 0.0, 0.8660254, 0.5, 0.0, 0.0, 0.0, 0.0, -1.0, 0.0, 0.0, 0.0, 0.0, 1.0 ], [ -0.58778524, 0.809017, 0.0, 0.0, 0.809017, 0.58778524, 0.0, 0.0, 0.0, 0.0, -1.0, 0.0, 0.0, 0.0, 0.0, 1.0 ], [ -0.6691306, 0.7431448, 0.0, 0.0, 0.7431448, 0.6691306, 0.0, 0.0, 0.0, 0.0, -1.0, 0.0, 0.0, 0.0, 0.0, 1.0 ], [ -0.7431448, 0.6691306, 0.0, 0.0, 0.6691306, 0.7431448, 0.0, 0.0, 0.0, 0.0, -1.0, 0.0, 0.0, 0.0, 0.0, 1.0 ], [ -0.809017, 0.58778524, 0.0, 0.0, 0.58778524, 0.809017, 0.0, 0.0, 0.0, 0.0, -1.0, 0.0, 0.0, 0.0, 0.0, 1.0 ], [ -0.8660254, 0.5, 0.0, 0.0, 0.5, 0.8660254, 0.0, 0.0, 0.0, 0.0, -1.0, 0.0, 0.0, 0.0, 0.0, 1.0 ], [ -0.9135454, 0.40673664, 0.0, 0.0, 0.40673664, 0.9135454, 0.0, 0.0, 0.0, 0.0, -1.0, 0.0, 0.0, 0.0, 0.0, 1.0 ], [ -0.95105654, 0.309017, 0.0, 0.0, 0.309017, 0.95105654, 0.0, 0.0, 0.0, 0.0, -1.0, 0.0, 0.0, 0.0, 0.0, 1.0 ], [ -0.9781476, 0.20791169, 0.0, 0.0, 0.20791169, 0.9781476, 0.0, 0.0, 0.0, 0.0, -1.0, 0.0, 0.0, 0.0, 0.0, 1.0 ], [ -0.9945219, 0.104528464, 0.0, 0.0, 0.104528464, 0.9945219, 0.0, 0.0, 0.0, 0.0, -1.0, 0.0, 0.0, 0.0, 0.0, 1.0 ], [ -1.0, 0.0, 0.0, 0.0, 0.0, 1.0, 0.0, 0.0, 0.0, 0.0, -1.0, 0.0, 0.0, 0.0, 0.0, 1.0 ], [ -0.9945219, -0.104528464, 0.0, 0.0, -0.104528464, 0.9945219, 0.0, 0.0, 0.0, 0.0, -1.0, 0.0, 0.0, 0.0, 0.0, 1.0 ], [ -0.9781476, -0.20791169, 0.0, 0.0, -0.20791169, 0.9781476, 0.0, 0.0, 0.0, 0.0, -1.0, 0.0, 0.0, 0.0, 0.0, 1.0 ], [ -0.95105654, -0.309017, 0.0, 0.0, -0.309017, 0.95105654, 0.0, 0.0, 0.0, 0.0, -1.0, 0.0, 0.0, 0.0, 0.0, 1.0 ], [ -0.9135454, -0.40673664, 0.0, 0.0, -0.40673664, 0.9135454, 0.0, 0.0, 0.0, 0.0, -1.0, 0.0, 0.0, 0.0, 0.0, 1.0 ], [ -0.8660254, -0.5, 0.0, 0.0, -0.5, 0.8660254, 0.0, 0.0, 0.0, 0.0, -1.0, 0.0, 0.0, 0.0, 0.0, 1.0 ], [ -0.809017, -0.58778524, 0.0, 0.0, -0.58778524, 0.809017, 0.0, 0.0, 0.0, 0.0, -1.0, 0.0, 0.0, 0.0, 0.0, 1.0 ], [ -0.7431448, -0.6691306, 0.0, 0.0, -0.6691306, 0.7431448, 0.0, 0.0, 0.0, 0.0, -1.0, 0.0, 0.0, 0.0, 0.0, 1.0 ], [ -0.6691306, -0.7431448, 0.0, 0.0, -0.7431448, 0.6691306, 0.0, 0.0, 0.0, 0.0, -1.0, 0.0, 0.0, 0.0, 0.0, 1.0 ], [ -0.58778524, -0.809017, 0.0, 0.0, -0.809017, 0.58778524, 0.0, 0.0, 0.0, 0.0, -1.0, 0.0, 0.0, 0.0, 0.0, 1.0 ], [ -0.5, -0.8660254, 0.0, 0.0, -0.8660254, 0.5, 0.0, 0.0, 0.0, 0.0, -1.0, 0.0, 0.0, 0.0, 0.0, 1.0 ], [ -0.40673664, -0.9135454, 0.0, 0.0, -0.9135454, 0.40673664, 0.0, 0.0, 0.0, 0.0, -1.0, 0.0, 0.0, 0.0, 0.0, 1.0 ], [ -0.309017, -0.95105654, 0.0, 0.0, -0.95105654, 0.309017, 0.0, 0.0, 0.0, 0.0, -1.0, 0.0, 0.0, 0.0, 0.0, 1.0 ], [ -0.20791169, -0.9781476, 0.0, 0.0, -0.9781476, 0.20791169, 0.0, 0.0, 0.0, 0.0, -1.0, 0.0, 0.0, 0.0, 0.0, 1.0 ], [ -0.104528464, -0.9945219, 0.0, 0.0, -0.9945219, 0.104528464, 0.0, 0.0, 0.0, 0.0, -1.0, 0.0, 0.0, 0.0, 0.0, 1.0 ], [ 0.0, -1.0, 0.0, 0.0, -1.0, 0.0, 0.0, 0.0, 0.0, 0.0, -1.0, 0.0, 0.0, 0.0, 0.0, 1.0 ], [ 0.104528464, -0.9945219, 0.0, 0.0, -0.9945219, -0.104528464, 0.0, 0.0, 0.0, 0.0, -1.0, 0.0, 0.0, 0.0, 0.0, 1.0 ], [ 0.20791169, -0.9781476, 0.0, 0.0, -0.9781476, -0.20791169, 0.0, 0.0, 0.0, 0.0, -1.0, 0.0, 0.0, 0.0, 0.0, 1.0 ], [ 0.309017, -0.95105654, 0.0, 0.0, -0.95105654, -0.309017, 0.0, 0.0, 0.0, 0.0, -1.0, 0.0, 0.0, 0.0, 0.0, 1.0 ], [ 0.40673664, -0.9135454, 0.0, 0.0, -0.9135454, -0.40673664, 0.0, 0.0, 0.0, 0.0, -1.0, 0.0, 0.0, 0.0, 0.0, 1.0 ], [ 0.5, -0.8660254, 0.0, 0.0, -0.8660254, -0.5, 0.0, 0.0, 0.0, 0.0, -1.0, 0.0, 0.0, 0.0, 0.0, 1.0 ], [ 0.58778524, -0.809017, 0.0, 0.0, -0.809017, -0.58778524, 0.0, 0.0, 0.0, 0.0, -1.0, 0.0, 0.0, 0.0, 0.0, 1.0 ], [ 0.6691306, -0.7431448, 0.0, 0.0, -0.7431448, -0.6691306, 0.0, 0.0, 0.0, 0.0, -1.0, 0.0, 0.0, 0.0, 0.0, 1.0 ], [ 0.7431448, -0.6691306, 0.0, 0.0, -0.6691306, -0.7431448, 0.0, 0.0, 0.0, 0.0, -1.0, 0.0, 0.0, 0.0, 0.0, 1.0 ], [ 0.809017, -0.58778524, 0.0, 0.0, -0.58778524, -0.809017, 0.0, 0.0, 0.0, 0.0, -1.0, 0.0, 0.0, 0.0, 0.0, 1.0 ], [ 0.8660254, -0.5, 0.0, 0.0, -0.5, -0.8660254, 0.0, 0.0, 0.0, 0.0, -1.0, 0.0, 0.0, 0.0, 0.0, 1.0 ], [ 0.9135454, -0.40673664, 0.0, 0.0, -0.40673664, -0.9135454, 0.0, 0.0, 0.0, 0.0, -1.0, 0.0, 0.0, 0.0, 0.0, 1.0 ], [ 0.95105654, -0.309017, 0.0, 0.0, -0.309017, -0.95105654, 0.0, 0.0, 0.0, 0.0, -1.0, 0.0, 0.0, 0.0, 0.0, 1.0 ], [ 0.9781476, -0.20791169, 0.0, 0.0, -0.20791169, -0.9781476, 0.0, 0.0, 0.0, 0.0, -1.0, 0.0, 0.0, 0.0, 0.0, 1.0 ], [ 0.9945219, -0.104528464, 0.0, 0.0, -0.104528464, -0.9945219, 0.0, 0.0, 0.0, 0.0, -1.0, 0.0, 0.0, 0.0, 0.0, 1.0 ] ],
  "lights" : {
    "directionalLights" : [ {
      "direction" : {
        "x" : 1.0,
        "y" : -1.0,
        "z" : -1.0
      },
      "color" : "#EBEBE4"
    }, {
      "direction" : {
        "x" : -1.0,
        "y" : 0.0,
        "z" : 0.0
      },
      "color" : "#E4E4EB"
    }, {
      "direction" : {
        "x" : 0.0,
        "y" : 0.0,
        "z" : -1.0
      },
      "color" : "#1E1E1E"
    } ],
    "ambientColor" : "#292929",
    "backgroundColor" : "#AFC8DC"
  },
  "camera" : {
    "position" : {
      "x" : -1365.7349,
      "y" : 721.44916,
      "z" : -481.51456
    },
    "width" : 728.05176,
    "fieldOfView" : 0.44262904,
    "lookAtPoint" : {
      "x" : 0.0,
      "y" : 0.0,
      "z" : 0.0
    },
    "viewDistance" : 1617.8922,
    "perspective" : true,
    "farClipDistance" : 3235.7842,
    "nearClipDistance" : 4.044731,
    "stereo" : false,
    "upDirection" : {
      "x" : 0.46339953,
      "y" : 0.8860523,
      "z" : 0.013208257
    },
    "lookDirection" : {
      "x" : 0.8441445,
      "y" : -0.44591916,
      "z" : 0.29761845
    }
  },
  "embedding" : [ 1.0, 0.0, 0.0, 0.0, 0.0, 1.0, 0.0, 0.0, 0.0, 0.0, 1.0, 0.0, 0.0, 0.0, 0.0, 1.0 ],
  "shapes" : [ {
    "id" : "c2b41077-80ff-4694-b17f-8c9442d57613",
    "vertices" : [ {
      "x" : -14.489629,
      "y" : 6.1284733,
      "z" : -55.425858
    }, {
      "x" : -14.389628,
      "y" : 6.5284734,
      "z" : -55.32586
    }, {
      "x" : -0.2753271,
      "y" : 0.3435186,
      "z" : -0.49739632
    }, {
      "x" : -0.37532708,
      "y" : -0.0564814,
      "z" : -0.5973963
    }, {
      "x" : -14.689629,
      "y" : 6.6618066,
      "z" : -55.092525
    }, {
      "x" : -14.789629,
      "y" : 6.2618065,
      "z" : -55.192524
    }, {
      "x" : -0.075327076,
      "y" : -0.18981473,
      "z" : -0.83072966
    }, {
      "x" : 0.024672925,
      "y" : 0.21018527,
      "z" : -0.73072964
    } ],
    "faces" : [ {
      "vertices" : [ 2, 3, 6 ]
    }, {
      "vertices" : [ 2, 6, 7 ]
    }, {
      "vertices" : [ 0, 5, 4 ]
    }, {
      "vertices" : [ 0, 4, 1 ]
    }, {
      "vertices" : [ 2, 4, 5 ]
    }, {
      "vertices" : [ 2, 5, 3 ]
    }, {
      "vertices" : [ 0, 6, 3 ]
    }, {
      "vertices" : [ 0, 3, 5 ]
    }, {
      "vertices" : [ 0, 1, 7 ]
    }, {
      "vertices" : [ 0, 7, 6 ]
    }, {
      "vertices" : [ 1, 4, 2 ]
    }, {
      "vertices" : [ 1, 2, 7 ]
    } ]
  }, {
    "id" : "fd6eeb5e-911e-4fa7-b97e-0f47ea2f3361",
    "vertices" : [ {
      "x" : 1.0,
      "y" : 0.0,
      "z" : 0.052335955
    }, {
      "x" : 0.9986295,
      "y" : 0.052335955,
      "z" : -0.052335955
    }, {
      "x" : 0.9945219,
      "y" : 0.104528464,
      "z" : 0.052335955
    }, {
      "x" : 0.98768836,
      "y" : 0.15643446,
      "z" : -0.052335955
    }, {
      "x" : 0.9781476,
      "y" : 0.20791169,
      "z" : 0.052335955
    }, {
      "x" : 0.9659258,
      "y" : 0.25881904,
      "z" : -0.052335955
    }, {
      "x" : 0.95105654,
      "y" : 0.309017,
      "z" : 0.052335955
    }, {
      "x" : 0.9335804,
      "y" : 0.35836795,
      "z" : -0.052335955
    }, {
      "x" : 0.9135454,
      "y" : 0.40673664,
      "z" : 0.052335955
    }, {
      "x" : 0.8910065,
      "y" : 0.4539905,
      "z" : -0.052335955
    }, {
      "x" : 0.8660254,
      "y" : 0.5,
      "z" : 0.052335955
    }, {
      "x" : 0.83867055,
      "y" : 0.54463905,
      "z" : -0.052335955
    }, {
      "x" : 0.809017,
      "y" : 0.58778524,
      "z" : 0.052335955
    }, {
      "x" : 0.777146,
      "y" : 0.6293204,
      "z" : -0.052335955
    }, {
      "x" : 0.7431448,
      "y" : 0.6691306,
      "z" : 0.052335955
    }, {
      "x" : 0.70710677,
      "y" : 0.70710677,
      "z" : -0.052335955
    }, {
      "x" : 0.6691306,
      "y" : 0.7431448,
      "z" : 0.052335955
    }, {
      "x" : 0.6293204,
      "y" : 0.777146,
      "z" : -0.052335955
    }, {
      "x" : 0.58778524,
      "y" : 0.809017,
      "z" : 0.052335955
    }, {
      "x" : 0.54463905,
      "y" : 0.83867055,
      "z" : -0.052335955
    }, {
      "x" : 0.5,
      "y" : 0.8660254,
      "z" : 0.052335955
    }, {
      "x" : 0.4539905,
      "y" : 0.8910065,
      "z" : -0.052335955
    }, {
      "x" : 0.40673664,
      "y" : 0.9135454,
      "z" : 0.052335955
    }, {
      "x" : 0.35836795,
      "y" : 0.9335804,
      "z" : -0.052335955
    }, {
      "x" : 0.309017,
      "y" : 0.95105654,
      "z" : 0.052335955
    }, {
      "x" : 0.25881904,
      "y" : 0.9659258,
      "z" : -0.052335955
    }, {
      "x" : 0.20791169,
      "y" : 0.9781476,
      "z" : 0.052335955
    }, {
      "x" : 0.15643446,
      "y" : 0.98768836,
      "z" : -0.052335955
    }, {
      "x" : 0.104528464,
      "y" : 0.9945219,
      "z" : 0.052335955
    }, {
      "x" : 0.052335955,
      "y" : 0.9986295,
      "z" : -0.052335955
    }, {
      "x" : 0.0,
      "y" : 1.0,
      "z" : 0.052335955
    }, {
      "x" : -0.052335955,
      "y" : 0.9986295,
      "z" : -0.052335955
    }, {
      "x" : -0.104528464,
      "y" : 0.9945219,
      "z" : 0.052335955
    }, {
      "x" : -0.15643446,
      "y" : 0.98768836,
      "z" : -0.052335955
    }, {
      "x" : -0.20791169,
      "y" : 0.9781476,
      "z" : 0.052335955
    }, {
      "x" : -0.25881904,
      "y" : 0.9659258,
      "z" : -0.052335955
    }, {
      "x" : -0.309017,
      "y" : 0.95105654,
      "z" : 0.052335955
    }, {
      "x" : -0.35836795,
      "y" : 0.9335804,
      "z" : -0.052335955
    }, {
      "x" : -0.40673664,
      "y" : 0.9135454,
      "z" : 0.052335955
    }, {
      "x" : -0.4539905,
      "y" : 0.8910065,
      "z" : -0.052335955
    }, {
      "x" : -0.5,
      "y" : 0.8660254,
      "z" : 0.052335955
    }, {
      "x" : -0.54463905,
      "y" : 0.83867055,
      "z" : -0.052335955
    }, {
      "x" : -0.58778524,
      "y" : 0.809017,
      "z" : 0.052335955
    }, {
      "x" : -0.6293204,
      "y" : 0.777146,
      "z" : -0.052335955
    }, {
      "x" : -0.6691306,
      "y" : 0.7431448,
      "z" : 0.052335955
    }, {
      "x" : -0.70710677,
      "y" : 0.70710677,
      "z" : -0.052335955
    }, {
      "x" : -0.7431448,
      "y" : 0.6691306,
      "z" : 0.052335955
    }, {
      "x" : -0.777146,
      "y" : 0.6293204,
      "z" : -0.052335955
    }, {
      "x" : -0.809017,
      "y" : 0.58778524,
      "z" : 0.052335955
    }, {
      "x" : -0.83867055,
      "y" : 0.54463905,
      "z" : -0.052335955
    }, {
      "x" : -0.8660254,
      "y" : 0.5,
      "z" : 0.052335955
    }, {
      "x" : -0.8910065,
      "y" : 0.4539905,
      "z" : -0.052335955
    }, {
      "x" : -0.9135454,
      "y" : 0.40673664,
      "z" : 0.052335955
    }, {
      "x" : -0.9335804,
      "y" : 0.35836795,
      "z" : -0.052335955
    }, {
      "x" : -0.95105654,
      "y" : 0.309017,
      "z" : 0.052335955
    }, {
      "x" : -0.9659258,
      "y" : 0.25881904,
      "z" : -0.052335955
    }, {
      "x" : -0.9781476,
      "y" : 0.20791169,
      "z" : 0.052335955
    }, {
      "x" : -0.98768836,
      "y" : 0.15643446,
      "z" : -0.052335955
    }, {
      "x" : -0.9945219,
      "y" : 0.104528464,
      "z" : 0.052335955
    }, {
      "x" : -0.9986295,
      "y" : 0.052335955,
      "z" : -0.052335955
    }, {
      "x" : -1.0,
      "y" : 0.0,
      "z" : 0.052335955
    }, {
      "x" : -0.9986295,
      "y" : -0.052335955,
      "z" : -0.052335955
    }, {
      "x" : -0.9945219,
      "y" : -0.104528464,
      "z" : 0.052335955
    }, {
      "x" : -0.98768836,
      "y" : -0.15643446,
      "z" : -0.052335955
    }, {
      "x" : -0.9781476,
      "y" : -0.20791169,
      "z" : 0.052335955
    }, {
      "x" : -0.9659258,
      "y" : -0.25881904,
      "z" : -0.052335955
    }, {
      "x" : -0.95105654,
      "y" : -0.309017,
      "z" : 0.052335955
    }, {
      "x" : -0.9335804,
      "y" : -0.35836795,
      "z" : -0.052335955
    }, {
      "x" : -0.9135454,
      "y" : -0.40673664,
      "z" : 0.052335955
    }, {
      "x" : -0.8910065,
      "y" : -0.4539905,
      "z" : -0.052335955
    }, {
      "x" : -0.8660254,
      "y" : -0.5,
      "z" : 0.052335955
    }, {
      "x" : -0.83867055,
      "y" : -0.54463905,
      "z" : -0.052335955
    }, {
      "x" : -0.809017,
      "y" : -0.58778524,
      "z" : 0.052335955
    }, {
      "x" : -0.777146,
      "y" : -0.6293204,
      "z" : -0.052335955
    }, {
      "x" : -0.7431448,
      "y" : -0.6691306,
      "z" : 0.052335955
    }, {
      "x" : -0.70710677,
      "y" : -0.70710677,
      "z" : -0.052335955
    }, {
      "x" : -0.6691306,
      "y" : -0.7431448,
      "z" : 0.052335955
    }, {
      "x" : -0.6293204,
      "y" : -0.777146,
      "z" : -0.052335955
    }, {
      "x" : -0.58778524,
      "y" : -0.809017,
      "z" : 0.052335955
    }, {
      "x" : -0.54463905,
      "y" : -0.83867055,
      "z" : -0.052335955
    }, {
      "x" : -0.5,
      "y" : -0.8660254,
      "z" : 0.052335955
    }, {
      "x" : -0.4539905,
      "y" : -0.8910065,
      "z" : -0.052335955
    }, {
      "x" : -0.40673664,
      "y" : -0.9135454,
      "z" : 0.052335955
    }, {
      "x" : -0.35836795,
      "y" : -0.9335804,
      "z" : -0.052335955
    }, {
      "x" : -0.309017,
      "y" : -0.95105654,
      "z" : 0.052335955
    }, {
      "x" : -0.25881904,
      "y" : -0.9659258,
      "z" : -0.052335955
    }, {
      "x" : -0.20791169,
      "y" : -0.9781476,
      "z" : 0.052335955
    }, {
      "x" : -0.15643446,
      "y" : -0.98768836,
      "z" : -0.052335955
    }, {
      "x" : -0.104528464,
      "y" : -0.9945219,
      "z" : 0.052335955
    }, {
      "x" : -0.052335955,
      "y" : -0.9986295,
      "z" : -0.052335955
    }, {
      "x" : 0.0,
      "y" : -1.0,
      "z" : 0.052335955
    }, {
      "x" : 0.052335955,
      "y" : -0.9986295,
      "z" : -0.052335955
    }, {
      "x" : 0.104528464,
      "y" : -0.9945219,
      "z" : 0.052335955
    }, {
      "x" : 0.15643446,
      "y" : -0.98768836,
      "z" : -0.052335955
    }, {
      "x" : 0.20791169,
      "y" : -0.9781476,
      "z" : 0.052335955
    }, {
      "x" : 0.25881904,
      "y" : -0.9659258,
      "z" : -0.052335955
    }, {
      "x" : 0.309017,
      "y" : -0.95105654,
      "z" : 0.052335955
    }, {
      "x" : 0.35836795,
      "y" : -0.9335804,
      "z" : -0.052335955
    }, {
      "x" : 0.40673664,
      "y" : -0.9135454,
      "z" : 0.052335955
    }, {
      "x" : 0.4539905,
      "y" : -0.8910065,
      "z" : -0.052335955
    }, {
      "x" : 0.5,
      "y" : -0.8660254,
      "z" : 0.052335955
    }, {
      "x" : 0.54463905,
      "y" : -0.83867055,
      "z" : -0.052335955
    }, {
      "x" : 0.58778524,
      "y" : -0.809017,
      "z" : 0.052335955
    }, {
      "x" : 0.6293204,
      "y" : -0.777146,
      "z" : -0.052335955
    }, {
      "x" : 0.6691306,
      "y" : -0.7431448,
      "z" : 0.052335955
    }, {
      "x" : 0.70710677,
      "y" : -0.70710677,
      "z" : -0.052335955
    }, {
      "x" : 0.7431448,
      "y" : -0.6691306,
      "z" : 0.052335955
    }, {
      "x" : 0.777146,
      "y" : -0.6293204,
      "z" : -0.052335955
    }, {
      "x" : 0.809017,
      "y" : -0.58778524,
      "z" : 0.052335955
    }, {
      "x" : 0.83867055,
      "y" : -0.54463905,
      "z" : -0.052335955
    }, {
      "x" : 0.8660254,
      "y" : -0.5,
      "z" : 0.052335955
    }, {
      "x" : 0.8910065,
      "y" : -0.4539905,
      "z" : -0.052335955
    }, {
      "x" : 0.9135454,
      "y" : -0.40673664,
      "z" : 0.052335955
    }, {
      "x" : 0.9335804,
      "y" : -0.35836795,
      "z" : -0.052335955
    }, {
      "x" : 0.95105654,
      "y" : -0.309017,
      "z" : 0.052335955
    }, {
      "x" : 0.9659258,
      "y" : -0.25881904,
      "z" : -0.052335955
    }, {
      "x" : 0.9781476,
      "y" : -0.20791169,
      "z" : 0.052335955
    }, {
      "x" : 0.98768836,
      "y" : -0.15643446,
      "z" : -0.052335955
    }, {
      "x" : 0.9945219,
      "y" : -0.104528464,
      "z" : 0.052335955
    }, {
      "x" : 0.9986295,
      "y" : -0.052335955,
      "z" : -0.052335955
    } ],
    "faces" : [ {
      "vertices" : [ 85, 87, 86 ]
    }, {
      "vertices" : [ 0, 1, 2 ]
    }, {
      "vertices" : [ 86, 87, 88 ]
    }, {
      "vertices" : [ 1, 3, 2 ]
    }, {
      "vertices" : [ 87, 89, 88 ]
    }, {
      "vertices" : [ 2, 3, 4 ]
    }, {
      "vertices" : [ 88, 89, 90 ]
    }, {
      "vertices" : [ 3, 5, 4 ]
    }, {
      "vertices" : [ 89, 91, 90 ]
    }, {
      "vertices" : [ 4, 5, 6 ]
    }, {
      "vertices" : [ 1, 119, 117 ]
    }, {
      "vertices" : [ 1, 117, 115 ]
    }, {
      "vertices" : [ 1, 115, 113 ]
    }, {
      "vertices" : [ 1, 113, 111 ]
    }, {
      "vertices" : [ 1, 111, 109 ]
    }, {
      "vertices" : [ 1, 109, 107 ]
    }, {
      "vertices" : [ 1, 107, 105 ]
    }, {
      "vertices" : [ 1, 105, 103 ]
    }, {
      "vertices" : [ 1, 103, 101 ]
    }, {
      "vertices" : [ 1, 101, 99 ]
    }, {
      "vertices" : [ 1, 99, 97 ]
    }, {
      "vertices" : [ 1, 97, 95 ]
    }, {
      "vertices" : [ 1, 95, 93 ]
    }, {
      "vertices" : [ 1, 93, 91 ]
    }, {
      "vertices" : [ 1, 91, 89 ]
    }, {
      "vertices" : [ 1, 89, 87 ]
    }, {
      "vertices" : [ 1, 87, 85 ]
    }, {
      "vertices" : [ 1, 85, 83 ]
    }, {
      "vertices" : [ 1, 83, 81 ]
    }, {
      "vertices" : [ 1, 81, 79 ]
    }, {
      "vertices" : [ 1, 79, 77 ]
    }, {
      "vertices" : [ 1, 77, 75 ]
    }, {
      "vertices" : [ 1, 75, 73 ]
    }, {
      "vertices" : [ 1, 73, 71 ]
    }, {
      "vertices" : [ 1, 71, 69 ]
    }, {
      "vertices" : [ 1, 69, 67 ]
    }, {
      "vertices" : [ 1, 67, 65 ]
    }, {
      "vertices" : [ 1, 65, 63 ]
    }, {
      "vertices" : [ 1, 63, 61 ]
    }, {
      "vertices" : [ 1, 61, 59 ]
    }, {
      "vertices" : [ 1, 59, 57 ]
    }, {
      "vertices" : [ 1, 57, 55 ]
    }, {
      "vertices" : [ 1, 55, 53 ]
    }, {
      "vertices" : [ 1, 53, 51 ]
    }, {
      "vertices" : [ 1, 51, 49 ]
    }, {
      "vertices" : [ 1, 49, 47 ]
    }, {
      "vertices" : [ 1, 47, 45 ]
    }, {
      "vertices" : [ 1, 45, 43 ]
    }, {
      "vertices" : [ 1, 43, 41 ]
    }, {
      "vertices" : [ 1, 41, 39 ]
    }, {
      "vertices" : [ 1, 39, 37 ]
    }, {
      "vertices" : [ 1, 37, 35 ]
    }, {
      "vertices" : [ 1, 35, 33 ]
    }, {
      "vertices" : [ 1, 33, 31 ]
    }, {
      "vertices" : [ 1, 31, 29 ]
    }, {
      "vertices" : [ 1, 29, 27 ]
    }, {
      "vertices" : [ 1, 27, 25 ]
    }, {
      "vertices" : [ 1, 25, 23 ]
    }, {
      "vertices" : [ 1, 23, 21 ]
    }, {
      "vertices" : [ 1, 21, 19 ]
    }, {
      "vertices" : [ 1, 19, 17 ]
    }, {
      "vertices" : [ 1, 17, 15 ]
    }, {
      "vertices" : [ 1, 15, 13 ]
    }, {
      "vertices" : [ 1, 13, 11 ]
    }, {
      "vertices" : [ 1, 11, 9 ]
    }, {
      "vertices" : [ 1, 9, 7 ]
    }, {
      "vertices" : [ 1, 7, 5 ]
    }, {
      "vertices" : [ 1, 5, 3 ]
    }, {
      "vertices" : [ 90, 91, 92 ]
    }, {
      "vertices" : [ 5, 7, 6 ]
    }, {
      "vertices" : [ 91, 93, 92 ]
    }, {
      "vertices" : [ 6, 7, 8 ]
    }, {
      "vertices" : [ 92, 93, 94 ]
    }, {
      "vertices" : [ 7, 9, 8 ]
    }, {
      "vertices" : [ 93, 95, 94 ]
    }, {
      "vertices" : [ 8, 9, 10 ]
    }, {
      "vertices" : [ 94, 95, 96 ]
    }, {
      "vertices" : [ 9, 11, 10 ]
    }, {
      "vertices" : [ 95, 97, 96 ]
    }, {
      "vertices" : [ 10, 11, 12 ]
    }, {
      "vertices" : [ 96, 97, 98 ]
    }, {
      "vertices" : [ 11, 13, 12 ]
    }, {
      "vertices" : [ 97, 99, 98 ]
    }, {
      "vertices" : [ 12, 13, 14 ]
    }, {
      "vertices" : [ 98, 99, 100 ]
    }, {
      "vertices" : [ 13, 15, 14 ]
    }, {
      "vertices" : [ 99, 101, 100 ]
    }, {
      "vertices" : [ 14, 15, 16 ]
    }, {
      "vertices" : [ 100, 101, 102 ]
    }, {
      "vertices" : [ 15, 17, 16 ]
    }, {
      "vertices" : [ 101, 103, 102 ]
    }, {
      "vertices" : [ 16, 17, 18 ]
    }, {
      "vertices" : [ 102, 103, 104 ]
    }, {
      "vertices" : [ 17, 19, 18 ]
    }, {
      "vertices" : [ 103, 105, 104 ]
    }, {
      "vertices" : [ 18, 19, 20 ]
    }, {
      "vertices" : [ 104, 105, 106 ]
    }, {
      "vertices" : [ 19, 21, 20 ]
    }, {
      "vertices" : [ 105, 107, 106 ]
    }, {
      "vertices" : [ 20, 21, 22 ]
    }, {
      "vertices" : [ 106, 107, 108 ]
    }, {
      "vertices" : [ 21, 23, 22 ]
    }, {
      "vertices" : [ 107, 109, 108 ]
    }, {
      "vertices" : [ 22, 23, 24 ]
    }, {
      "vertices" : [ 108, 109, 110 ]
    }, {
      "vertices" : [ 23, 25, 24 ]
    }, {
      "vertices" : [ 109, 111, 110 ]
    }, {
      "vertices" : [ 24, 25, 26 ]
    }, {
      "vertices" : [ 110, 111, 112 ]
    }, {
      "vertices" : [ 25, 27, 26 ]
    }, {
      "vertices" : [ 111, 113, 112 ]
    }, {
      "vertices" : [ 26, 27, 28 ]
    }, {
      "vertices" : [ 112, 113, 114 ]
    }, {
      "vertices" : [ 27, 29, 28 ]
    }, {
      "vertices" : [ 113, 115, 114 ]
    }, {
      "vertices" : [ 28, 29, 30 ]
    }, {
      "vertices" : [ 114, 115, 116 ]
    }, {
      "vertices" : [ 29, 31, 30 ]
    }, {
      "vertices" : [ 115, 117, 116 ]
    }, {
      "vertices" : [ 30, 31, 32 ]
    }, {
      "vertices" : [ 116, 117, 118 ]
    }, {
      "vertices" : [ 31, 33, 32 ]
    }, {
      "vertices" : [ 117, 119, 118 ]
    }, {
      "vertices" : [ 32, 33, 34 ]
    }, {
      "vertices" : [ 33, 35, 34 ]
    }, {
      "vertices" : [ 34, 35, 36 ]
    }, {
      "vertices" : [ 35, 37, 36 ]
    }, {
      "vertices" : [ 36, 37, 38 ]
    }, {
      "vertices" : [ 37, 39, 38 ]
    }, {
      "vertices" : [ 38, 39, 40 ]
    }, {
      "vertices" : [ 39, 41, 40 ]
    }, {
      "vertices" : [ 0, 119, 1 ]
    }, {
      "vertices" : [ 40, 41, 42 ]
    }, {
      "vertices" : [ 41, 43, 42 ]
    }, {
      "vertices" : [ 42, 43, 44 ]
    }, {
      "vertices" : [ 43, 45, 44 ]
    }, {
      "vertices" : [ 44, 45, 46 ]
    }, {
      "vertices" : [ 45, 47, 46 ]
    }, {
      "vertices" : [ 46, 47, 48 ]
    }, {
      "vertices" : [ 47, 49, 48 ]
    }, {
      "vertices" : [ 48, 49, 50 ]
    }, {
      "vertices" : [ 49, 51, 50 ]
    }, {
      "vertices" : [ 50, 51, 52 ]
    }, {
      "vertices" : [ 51, 53, 52 ]
    }, {
      "vertices" : [ 52, 53, 54 ]
    }, {
      "vertices" : [ 53, 55, 54 ]
    }, {
      "vertices" : [ 54, 55, 56 ]
    }, {
      "vertices" : [ 55, 57, 56 ]
    }, {
      "vertices" : [ 56, 57, 58 ]
    }, {
      "vertices" : [ 57, 59, 58 ]
    }, {
      "vertices" : [ 58, 59, 60 ]
    }, {
      "vertices" : [ 59, 61, 60 ]
    }, {
      "vertices" : [ 60, 61, 62 ]
    }, {
      "vertices" : [ 61, 63, 62 ]
    }, {
      "vertices" : [ 62, 63, 64 ]
    }, {
      "vertices" : [ 63, 65, 64 ]
    }, {
      "vertices" : [ 64, 65, 66 ]
    }, {
      "vertices" : [ 65, 67, 66 ]
    }, {
      "vertices" : [ 66, 67, 68 ]
    }, {
      "vertices" : [ 67, 69, 68 ]
    }, {
      "vertices" : [ 68, 69, 70 ]
    }, {
      "vertices" : [ 69, 71, 70 ]
    }, {
      "vertices" : [ 0, 2, 4 ]
    }, {
      "vertices" : [ 0, 4, 6 ]
    }, {
      "vertices" : [ 0, 6, 8 ]
    }, {
      "vertices" : [ 0, 8, 10 ]
    }, {
      "vertices" : [ 0, 10, 12 ]
    }, {
      "vertices" : [ 0, 12, 14 ]
    }, {
      "vertices" : [ 0, 14, 16 ]
    }, {
      "vertices" : [ 0, 16, 18 ]
    }, {
      "vertices" : [ 0, 18, 20 ]
    }, {
      "vertices" : [ 0, 20, 22 ]
    }, {
      "vertices" : [ 0, 22, 24 ]
    }, {
      "vertices" : [ 0, 24, 26 ]
    }, {
      "vertices" : [ 0, 26, 28 ]
    }, {
      "vertices" : [ 0, 28, 30 ]
    }, {
      "vertices" : [ 0, 30, 32 ]
    }, {
      "vertices" : [ 0, 32, 34 ]
    }, {
      "vertices" : [ 0, 34, 36 ]
    }, {
      "vertices" : [ 0, 36, 38 ]
    }, {
      "vertices" : [ 0, 38, 40 ]
    }, {
      "vertices" : [ 0, 40, 42 ]
    }, {
      "vertices" : [ 0, 42, 44 ]
    }, {
      "vertices" : [ 0, 44, 46 ]
    }, {
      "vertices" : [ 0, 46, 48 ]
    }, {
      "vertices" : [ 0, 48, 50 ]
    }, {
      "vertices" : [ 0, 50, 52 ]
    }, {
      "vertices" : [ 0, 52, 54 ]
    }, {
      "vertices" : [ 0, 54, 56 ]
    }, {
      "vertices" : [ 0, 56, 58 ]
    }, {
      "vertices" : [ 0, 58, 60 ]
    }, {
      "vertices" : [ 0, 60, 62 ]
    }, {
      "vertices" : [ 0, 62, 64 ]
    }, {
      "vertices" : [ 0, 64, 66 ]
    }, {
      "vertices" : [ 0, 66, 68 ]
    }, {
      "vertices" : [ 0, 68, 70 ]
    }, {
      "vertices" : [ 0, 70, 72 ]
    }, {
      "vertices" : [ 0, 72, 74 ]
    }, {
      "vertices" : [ 0, 74, 76 ]
    }, {
      "vertices" : [ 0, 76, 78 ]
    }, {
      "vertices" : [ 0, 78, 80 ]
    }, {
      "vertices" : [ 0, 80, 82 ]
    }, {
      "vertices" : [ 0, 82, 84 ]
    }, {
      "vertices" : [ 0, 84, 86 ]
    }, {
      "vertices" : [ 0, 86, 88 ]
    }, {
      "vertices" : [ 0, 88, 90 ]
    }, {
      "vertices" : [ 0, 90, 92 ]
    }, {
      "vertices" : [ 0, 92, 94 ]
    }, {
      "vertices" : [ 0, 94, 96 ]
    }, {
      "vertices" : [ 0, 96, 98 ]
    }, {
      "vertices" : [ 0, 98, 100 ]
    }, {
      "vertices" : [ 0, 100, 102 ]
    }, {
      "vertices" : [ 0, 102, 104 ]
    }, {
      "vertices" : [ 0, 104, 106 ]
    }, {
      "vertices" : [ 0, 106, 108 ]
    }, {
      "vertices" : [ 0, 108, 110 ]
    }, {
      "vertices" : [ 0, 110, 112 ]
    }, {
      "vertices" : [ 0, 112, 114 ]
    }, {
      "vertices" : [ 0, 114, 116 ]
    }, {
      "vertices" : [ 0, 116, 118 ]
    }, {
      "vertices" : [ 70, 71, 72 ]
    }, {
      "vertices" : [ 71, 73, 72 ]
    }, {
      "vertices" : [ 72, 73, 74 ]
    }, {
      "vertices" : [ 73, 75, 74 ]
    }, {
      "vertices" : [ 74, 75, 76 ]
    }, {
      "vertices" : [ 75, 77, 76 ]
    }, {
      "vertices" : [ 76, 77, 78 ]
    }, {
      "vertices" : [ 77, 79, 78 ]
    }, {
      "vertices" : [ 78, 79, 80 ]
    }, {
      "vertices" : [ 0, 118, 119 ]
    }, {
      "vertices" : [ 79, 81, 80 ]
    }, {
      "vertices" : [ 80, 81, 82 ]
    }, {
      "vertices" : [ 81, 83, 82 ]
    }, {
      "vertices" : [ 82, 83, 84 ]
    }, {
      "vertices" : [ 83, 85, 84 ]
    }, {
      "vertices" : [ 84, 85, 86 ]
    } ]
  }, {
    "id" : "86ba1933-3950-4ad5-a5be-361719f50b59",
    "vertices" : [ {
      "x" : -4.9893737,
      "y" : 8.210909,
      "z" : -21.411963
    }, {
      "x" : -4.5893736,
      "y" : 8.310908,
      "z" : -21.511963
    }, {
      "x" : -0.0037739228,
      "y" : 0.43747672,
      "z" : -0.53600436
    }, {
      "x" : -0.40377393,
      "y" : 0.33747673,
      "z" : -0.4360044
    }, {
      "x" : -4.7227073,
      "y" : 8.6109085,
      "z" : -21.27863
    }, {
      "x" : -5.122707,
      "y" : 8.510909,
      "z" : -21.178629
    }, {
      "x" : -0.27044058,
      "y" : 0.037476733,
      "z" : -0.66933775
    }, {
      "x" : 0.12955941,
      "y" : 0.13747673,
      "z" : -0.7693377
    } ],
    "faces" : [ {
      "vertices" : [ 2, 3, 6 ]
    }, {
      "vertices" : [ 2, 6, 7 ]
    }, {
      "vertices" : [ 0, 5, 4 ]
    }, {
      "vertices" : [ 0, 4, 1 ]
    }, {
      "vertices" : [ 2, 4, 5 ]
    }, {
      "vertices" : [ 2, 5, 3 ]
    }, {
      "vertices" : [ 0, 6, 3 ]
    }, {
      "vertices" : [ 0, 3, 5 ]
    }, {
      "vertices" : [ 0, 1, 7 ]
    }, {
      "vertices" : [ 0, 7, 6 ]
    }, {
      "vertices" : [ 1, 4, 2 ]
    }, {
      "vertices" : [ 1, 2, 7 ]
    } ]
  }, {
    "id" : "05d4bbb4-703e-4737-b03c-32679b094b26",
    "vertices" : [ {
      "x" : 18.468328,
      "y" : -0.1,
      "z" : -0.26666668
    }, {
      "x" : 18.368328,
      "y" : -0.2,
      "z" : 0.13333334
    }, {
      "x" : 0.6333333,
      "y" : 0.1,
      "z" : 0.26666668
    }, {
      "x" : 0.73333335,
      "y" : 0.2,
      "z" : -0.13333334
    }, {
      "x" : 18.134995,
      "y" : 0.1,
      "z" : 0.26666668
    }, {
      "x" : 18.234995,
      "y" : 0.2,
      "z" : -0.13333334
    }, {
      "x" : 0.96666664,
      "y" : -0.1,
      "z" : -0.26666668
    }, {
      "x" : 0.8666667,
      "y" : -0.2,
      "z" : 0.13333334
    } ],
    "faces" : [ {
      "vertices" : [ 2, 3, 6 ]
    }, {
      "vertices" : [ 2, 6, 7 ]
    }, {
      "vertices" : [ 0, 5, 4 ]
    }, {
      "vertices" : [ 0, 4, 1 ]
    }, {
      "vertices" : [ 2, 4, 5 ]
    }, {
      "vertices" : [ 2, 5, 3 ]
    }, {
      "vertices" : [ 0, 6, 3 ]
    }, {
      "vertices" : [ 0, 3, 5 ]
    }, {
      "vertices" : [ 0, 1, 7 ]
    }, {
      "vertices" : [ 0, 7, 6 ]
    }, {
      "vertices" : [ 1, 4, 2 ]
    }, {
      "vertices" : [ 1, 2, 7 ]
    } ]
  }, {
    "id" : "8840f5e6-4072-4681-af07-d075f07af42a",
    "vertices" : [ {
      "x" : 3.5192018,
      "y" : -0.1,
      "z" : -0.26666668
    }, {
      "x" : 3.4192019,
      "y" : -0.2,
      "z" : 0.13333334
    }, {
      "x" : 0.6333333,
      "y" : 0.1,
      "z" : 0.26666668
    }, {
      "x" : 0.73333335,
      "y" : 0.2,
      "z" : -0.13333334
    }, {
      "x" : 3.1858685,
      "y" : 0.1,
      "z" : 0.26666668
    }, {
      "x" : 3.2858684,
      "y" : 0.2,
      "z" : -0.13333334
    }, {
      "x" : 0.96666664,
      "y" : -0.1,
      "z" : -0.26666668
    }, {
      "x" : 0.8666667,
      "y" : -0.2,
      "z" : 0.13333334
    } ],
    "faces" : [ {
      "vertices" : [ 2, 3, 6 ]
    }, {
      "vertices" : [ 2, 6, 7 ]
    }, {
      "vertices" : [ 0, 5, 4 ]
    }, {
      "vertices" : [ 0, 4, 1 ]
    }, {
      "vertices" : [ 2, 4, 5 ]
    }, {
      "vertices" : [ 2, 5, 3 ]
    }, {
      "vertices" : [ 0, 6, 3 ]
    }, {
      "vertices" : [ 0, 3, 5 ]
    }, {
      "vertices" : [ 0, 1, 7 ]
