{
  "field" : "golden",
  "symmetry" : "icosahedral",
  "orientations" : [ [ 1.0, 0.0, 0.0, 0.0, 0.0, 1.0, 0.0, 0.0, 0.0, 0.0, 1.0, 0.0, 0.0, 0.0, 0.0, 1.0 ], [ 0.0, 0.0, 1.0, 0.0, 1.0, 0.0, 0.0, 0.0, 0.0, 1.0, 0.0, 0.0, 0.0, 0.0, 0.0, 1.0 ], [ 0.0, 1.0, 0.0, 0.0, 0.0, 0.0, 1.0, 0.0, 1.0, 0.0, 0.0, 0.0, 0.0, 0.0, 0.0, 1.0 ], [ 0.809017, 0.309017, 0.5, 0.0, 0.309017, 0.5, -0.809017, 0.0, -0.5, 0.809017, 0.309017, 0.0, 0.0, 0.0, 0.0, 1.0 ], [ -0.5, 0.809017, 0.309017, 0.0, 0.809017, 0.309017, 0.5, 0.0, 0.309017, 0.5, -0.809017, 0.0, 0.0, 0.0, 0.0, 1.0 ], [ 0.309017, 0.5, -0.809017, 0.0, -0.5, 0.809017, 0.309017, 0.0, 0.809017, 0.309017, 0.5, 0.0, 0.0, 0.0, 0.0, 1.0 ], [ 0.5, 0.809017, 0.309017, 0.0, 0.809017, -0.309017, -0.5, 0.0, -0.309017, 0.5, -0.809017, 0.0, 0.0, 0.0, 0.0, 1.0 ], [ -0.309017, 0.5, -0.809017, 0.0, 0.5, 0.809017, 0.309017, 0.0, 0.809017, -0.309017, -0.5, 0.0, 0.0, 0.0, 0.0, 1.0 ], [ 0.809017, -0.309017, -0.5, 0.0, -0.309017, 0.5, -0.809017, 0.0, 0.5, 0.809017, 0.309017, 0.0, 0.0, 0.0, 0.0, 1.0 ], [ 0.5, 0.809017, -0.309017, 0.0, 0.809017, -0.309017, 0.5, 0.0, 0.309017, -0.5, -0.809017, 0.0, 0.0, 0.0, 0.0, 1.0 ], [ 0.309017, -0.5, -0.809017, 0.0, 0.5, 0.809017, -0.309017, 0.0, 0.809017, -0.309017, 0.5, 0.0, 0.0, 0.0, 0.0, 1.0 ], [ 0.809017, -0.309017, 0.5, 0.0, 0.309017, -0.5, -0.809017, 0.0, 0.5, 0.809017, -0.309017, 0.0, 0.0, 0.0, 0.0, 1.0 ], [ 0.809017, 0.309017, -0.5, 0.0, 0.309017, 0.5, 0.809017, 0.0, 0.5, -0.809017, 0.309017, 0.0, 0.0, 0.0, 0.0, 1.0 ], [ 0.5, -0.809017, 0.309017, 0.0, 0.809017, 0.309017, -0.5, 0.0, 0.309017, 0.5, 0.809017, 0.0, 0.0, 0.0, 0.0, 1.0 ], [ 0.309017, 0.5, 0.809017, 0.0, 0.5, -0.809017, 0.309017, 0.0, 0.809017, 0.309017, -0.5, 0.0, 0.0, 0.0, 0.0, 1.0 ], [ 1.0, 0.0, 0.0, 0.0, 0.0, -1.0, 0.0, 0.0, 0.0, 0.0, -1.0, 0.0, 0.0, 0.0, 0.0, 1.0 ], [ 0.0, 0.0, 1.0, 0.0, -1.0, 0.0, 0.0, 0.0, 0.0, -1.0, 0.0, 0.0, 0.0, 0.0, 0.0, 1.0 ], [ 0.0, 1.0, 0.0, 0.0, 0.0, 0.0, -1.0, 0.0, -1.0, 0.0, 0.0, 0.0, 0.0, 0.0, 0.0, 1.0 ], [ 0.809017, 0.309017, 0.5, 0.0, -0.309017, -0.5, 0.809017, 0.0, 0.5, -0.809017, -0.309017, 0.0, 0.0, 0.0, 0.0, 1.0 ], [ -0.5, 0.809017, 0.309017, 0.0, -0.809017, -0.309017, -0.5, 0.0, -0.309017, -0.5, 0.809017, 0.0, 0.0, 0.0, 0.0, 1.0 ], [ 0.309017, 0.5, -0.809017, 0.0, 0.5, -0.809017, -0.309017, 0.0, -0.809017, -0.309017, -0.5, 0.0, 0.0, 0.0, 0.0, 1.0 ], [ 0.5, 0.809017, 0.309017, 0.0, -0.809017, 0.309017, 0.5, 0.0, 0.309017, -0.5, 0.809017, 0.0, 0.0, 0.0, 0.0, 1.0 ], [ -0.309017, 0.5, -0.809017, 0.0, -0.5, -0.809017, -0.309017, 0.0, -0.809017, 0.309017, 0.5, 0.0, 0.0, 0.0, 0.0, 1.0 ], [ 0.809017, -0.309017, -0.5, 0.0, 0.309017, -0.5, 0.809017, 0.0, -0.5, -0.809017, -0.309017, 0.0, 0.0, 0.0, 0.0, 1.0 ], [ 0.5, 0.809017, -0.309017, 0.0, -0.809017, 0.309017, -0.5, 0.0, -0.309017, 0.5, 0.809017, 0.0, 0.0, 0.0, 0.0, 1.0 ], [ 0.309017, -0.5, -0.809017, 0.0, -0.5, -0.809017, 0.309017, 0.0, -0.809017, 0.309017, -0.5, 0.0, 0.0, 0.0, 0.0, 1.0 ], [ 0.809017, -0.309017, 0.5, 0.0, -0.309017, 0.5, 0.809017, 0.0, -0.5, -0.809017, 0.309017, 0.0, 0.0, 0.0, 0.0, 1.0 ], [ 0.809017, 0.309017, -0.5, 0.0, -0.309017, -0.5, -0.809017, 0.0, -0.5, 0.809017, -0.309017, 0.0, 0.0, 0.0, 0.0, 1.0 ], [ 0.5, -0.809017, 0.309017, 0.0, -0.809017, -0.309017, 0.5, 0.0, -0.309017, -0.5, -0.809017, 0.0, 0.0, 0.0, 0.0, 1.0 ], [ 0.309017, 0.5, 0.809017, 0.0, -0.5, 0.809017, -0.309017, 0.0, -0.809017, -0.309017, 0.5, 0.0, 0.0, 0.0, 0.0, 1.0 ], [ -1.0, 0.0, 0.0, 0.0, 0.0, -1.0, 0.0, 0.0, 0.0, 0.0, 1.0, 0.0, 0.0, 0.0, 0.0, 1.0 ], [ 0.0, 0.0, -1.0, 0.0, -1.0, 0.0, 0.0, 0.0, 0.0, 1.0, 0.0, 0.0, 0.0, 0.0, 0.0, 1.0 ], [ 0.0, -1.0, 0.0, 0.0, 0.0, 0.0, -1.0, 0.0, 1.0, 0.0, 0.0, 0.0, 0.0, 0.0, 0.0, 1.0 ], [ -0.809017, -0.309017, -0.5, 0.0, -0.309017, -0.5, 0.809017, 0.0, -0.5, 0.809017, 0.309017, 0.0, 0.0, 0.0, 0.0, 1.0 ], [ 0.5, -0.809017, -0.309017, 0.0, -0.809017, -0.309017, -0.5, 0.0, 0.309017, 0.5, -0.809017, 0.0, 0.0, 0.0, 0.0, 1.0 ], [ -0.309017, -0.5, 0.809017, 0.0, 0.5, -0.809017, -0.309017, 0.0, 0.809017, 0.309017, 0.5, 0.0, 0.0, 0.0, 0.0, 1.0 ], [ -0.5, -0.809017, -0.309017, 0.0, -0.809017, 0.309017, 0.5, 0.0, -0.309017, 0.5, -0.809017, 0.0, 0.0, 0.0, 0.0, 1.0 ], [ 0.309017, -0.5, 0.809017, 0.0, -0.5, -0.809017, -0.309017, 0.0, 0.809017, -0.309017, -0.5, 0.0, 0.0, 0.0, 0.0, 1.0 ], [ -0.809017, 0.309017, 0.5, 0.0, 0.309017, -0.5, 0.809017, 0.0, 0.5, 0.809017, 0.309017, 0.0, 0.0, 0.0, 0.0, 1.0 ], [ -0.5, -0.809017, 0.309017, 0.0, -0.809017, 0.309017, -0.5, 0.0, 0.309017, -0.5, -0.809017, 0.0, 0.0, 0.0, 0.0, 1.0 ], [ -0.309017, 0.5, 0.809017, 0.0, -0.5, -0.809017, 0.309017, 0.0, 0.809017, -0.309017, 0.5, 0.0, 0.0, 0.0, 0.0, 1.0 ], [ -0.809017, 0.309017, -0.5, 0.0, -0.309017, 0.5, 0.809017, 0.0, 0.5, 0.809017, -0.309017, 0.0, 0.0, 0.0, 0.0, 1.0 ], [ -0.809017, -0.309017, 0.5, 0.0, -0.309017, -0.5, -0.809017, 0.0, 0.5, -0.809017, 0.309017, 0.0, 0.0, 0.0, 0.0, 1.0 ], [ -0.5, 0.809017, -0.309017, 0.0, -0.809017, -0.309017, 0.5, 0.0, 0.309017, 0.5, 0.809017, 0.0, 0.0, 0.0, 0.0, 1.0 ], [ -0.309017, -0.5, -0.809017, 0.0, -0.5, 0.809017, -0.309017, 0.0, 0.809017, 0.309017, -0.5, 0.0, 0.0, 0.0, 0.0, 1.0 ], [ -1.0, 0.0, 0.0, 0.0, 0.0, 1.0, 0.0, 0.0, 0.0, 0.0, -1.0, 0.0, 0.0, 0.0, 0.0, 1.0 ], [ 0.0, 0.0, -1.0, 0.0, 1.0, 0.0, 0.0, 0.0, 0.0, -1.0, 0.0, 0.0, 0.0, 0.0, 0.0, 1.0 ], [ 0.0, -1.0, 0.0, 0.0, 0.0, 0.0, 1.0, 0.0, -1.0, 0.0, 0.0, 0.0, 0.0, 0.0, 0.0, 1.0 ], [ -0.809017, -0.309017, -0.5, 0.0, 0.309017, 0.5, -0.809017, 0.0, 0.5, -0.809017, -0.309017, 0.0, 0.0, 0.0, 0.0, 1.0 ], [ 0.5, -0.809017, -0.309017, 0.0, 0.809017, 0.309017, 0.5, 0.0, -0.309017, -0.5, 0.809017, 0.0, 0.0, 0.0, 0.0, 1.0 ], [ -0.309017, -0.5, 0.809017, 0.0, -0.5, 0.809017, 0.309017, 0.0, -0.809017, -0.309017, -0.5, 0.0, 0.0, 0.0, 0.0, 1.0 ], [ -0.5, -0.809017, -0.309017, 0.0, 0.809017, -0.309017, -0.5, 0.0, 0.309017, -0.5, 0.809017, 0.0, 0.0, 0.0, 0.0, 1.0 ], [ 0.309017, -0.5, 0.809017, 0.0, 0.5, 0.809017, 0.309017, 0.0, -0.809017, 0.309017, 0.5, 0.0, 0.0, 0.0, 0.0, 1.0 ], [ -0.809017, 0.309017, 0.5, 0.0, -0.309017, 0.5, -0.809017, 0.0, -0.5, -0.809017, -0.309017, 0.0, 0.0, 0.0, 0.0, 1.0 ], [ -0.5, -0.809017, 0.309017, 0.0, 0.809017, -0.309017, 0.5, 0.0, -0.309017, 0.5, 0.809017, 0.0, 0.0, 0.0, 0.0, 1.0 ], [ -0.309017, 0.5, 0.809017, 0.0, 0.5, 0.809017, -0.309017, 0.0, -0.809017, 0.309017, -0.5, 0.0, 0.0, 0.0, 0.0, 1.0 ], [ -0.809017, 0.309017, -0.5, 0.0, 0.309017, -0.5, -0.809017, 0.0, -0.5, -0.809017, 0.309017, 0.0, 0.0, 0.0, 0.0, 1.0 ], [ -0.809017, -0.309017, 0.5, 0.0, 0.309017, 0.5, 0.809017, 0.0, -0.5, 0.809017, -0.309017, 0.0, 0.0, 0.0, 0.0, 1.0 ], [ -0.5, 0.809017, -0.309017, 0.0, 0.809017, 0.309017, -0.5, 0.0, -0.309017, -0.5, -0.809017, 0.0, 0.0, 0.0, 0.0, 1.0 ], [ -0.309017, -0.5, -0.809017, 0.0, 0.5, -0.809017, 0.309017, 0.0, -0.809017, -0.309017, 0.5, 0.0, 0.0, 0.0, 0.0, 1.0 ] ],
  "lights" : {
    "directionalLights" : [ {
      "direction" : {
        "x" : 1.0,
        "y" : -1.0,
        "z" : -1.0
      },
      "color" : "#EBEBE4"
    }, {
      "direction" : {
        "x" : -1.0,
        "y" : 0.0,
        "z" : 0.0
      },
      "color" : "#E4E4EB"
    }, {
      "direction" : {
        "x" : 0.0,
        "y" : 0.0,
        "z" : -1.0
      },
      "color" : "#1E1E1E"
    } ],
    "backgroundColor" : "#AFC8DC",
    "ambientColor" : "#292929"
  },
  "camera" : {
    "position" : {
      "x" : 0.0,
      "y" : 155.84773,
      "z" : 0.0
    },
    "width" : 70.13141,
    "viewDistance" : 155.84773,
    "perspective" : false,
    "lookAtPoint" : {
      "x" : 0.0,
      "y" : 0.0,
      "z" : 0.0
    },
    "fieldOfView" : 0.44262844,
    "nearClipDistance" : 0.38961926,
    "farClipDistance" : 311.6952,
    "lookDirection" : {
      "x" : 0.0,
      "y" : -1.0,
      "z" : 0.0
    },
    "upDirection" : {
      "x" : 0.5257311,
      "y" : 0.0,
      "z" : 0.8506508
    },
    "stereo" : false
  },
  "embedding" : [ 1.0, 0.0, 0.0, 0.0, 0.0, 1.0, 0.0, 0.0, 0.0, 0.0, 1.0, 0.0, 0.0, 0.0, 0.0, 1.0 ],
  "shapes" : [ {
    "id" : "44ee4b56-ee88-482d-80d1-aa0db1fe3b3f",
    "vertices" : [ {
      "x" : 0.0,
      "y" : -11.09017,
      "z" : 6.854102
    }, {
      "x" : 6.854102,
      "y" : 0.0,
      "z" : -11.09017
    }, {
      "x" : 0.0,
      "y" : 0.0,
      "z" : 0.0
    } ],
    "faces" : [ {
      "vertices" : [ 0, 1, 2 ]
    }, {
      "vertices" : [ 0, 2, 1 ]
    } ]
  }, {
    "id" : "4b6c43fd-8a66-466a-821d-a6e93d115a74",
    "vertices" : [ {
      "x" : -0.309017,
      "y" : -0.19098301,
      "z" : 0.0
    }, {
      "x" : -0.309017,
      "y" : 0.19098301,
      "z" : 0.0
    }, {
      "x" : -0.19098301,
      "y" : 0.0,
      "z" : -0.309017
    }, {
      "x" : -0.19098301,
      "y" : 0.0,
      "z" : 0.309017
    }, {
      "x" : 0.0,
      "y" : -0.309017,
      "z" : -0.19098301
    }, {
      "x" : 0.0,
      "y" : -0.309017,
      "z" : 0.19098301
    }, {
      "x" : 0.0,
      "y" : 0.309017,
      "z" : -0.19098301
    }, {
      "x" : 0.0,
      "y" : 0.309017,
      "z" : 0.19098301
    }, {
      "x" : 0.19098301,
      "y" : 0.0,
      "z" : -0.309017
    }, {
      "x" : 0.19098301,
      "y" : 0.0,
      "z" : 0.309017
    }, {
      "x" : 0.309017,
      "y" : -0.19098301,
      "z" : 0.0
    }, {
      "x" : 0.309017,
      "y" : 0.19098301,
      "z" : 0.0
    } ],
    "faces" : [ {
      "vertices" : [ 0, 1, 2 ]
    }, {
      "vertices" : [ 0, 3, 1 ]
    }, {
      "vertices" : [ 0, 2, 4 ]
    }, {
      "vertices" : [ 0, 5, 3 ]
    }, {
      "vertices" : [ 0, 4, 5 ]
    }, {
      "vertices" : [ 1, 6, 2 ]
    }, {
      "vertices" : [ 1, 3, 7 ]
    }, {
      "vertices" : [ 1, 7, 6 ]
    }, {
      "vertices" : [ 2, 8, 4 ]
    }, {
      "vertices" : [ 2, 6, 8 ]
    }, {
      "vertices" : [ 3, 5, 9 ]
    }, {
      "vertices" : [ 3, 9, 7 ]
    }, {
      "vertices" : [ 4, 10, 5 ]
    }, {
      "vertices" : [ 4, 8, 10 ]
    }, {
      "vertices" : [ 5, 10, 9 ]
    }, {
      "vertices" : [ 6, 7, 11 ]
    }, {
      "vertices" : [ 6, 11, 8 ]
    }, {
      "vertices" : [ 7, 9, 11 ]
    }, {
      "vertices" : [ 8, 11, 10 ]
    }, {
      "vertices" : [ 9, 10, 11 ]
    } ]
  }, {
    "id" : "7dfa51a6-3053-4bce-b9b7-9c077dc8e76c",
    "vertices" : [ {
      "x" : 0.9045085,
      "y" : 0.3454915,
      "z" : 0.25
    }, {
      "x" : 10.376644,
      "y" : 6.1995935,
      "z" : 0.25
    }, {
      "x" : 10.185661,
      "y" : 6.5086102,
      "z" : 0.25
    }, {
      "x" : 0.7135255,
      "y" : 0.6545085,
      "z" : 0.25
    }, {
      "x" : 0.809017,
      "y" : 0.5,
      "z" : -0.309017
    }, {
      "x" : 0.9635255,
      "y" : 0.25,
      "z" : -0.095491506
    }, {
      "x" : 0.309017,
      "y" : 0.19098301,
      "z" : 0.0
    }, {
      "x" : 10.781153,
      "y" : 6.663119,
      "z" : 0.0
    }, {
      "x" : 10.126644,
      "y" : 6.604102,
      "z" : -0.095491506
    }, {
      "x" : 10.281153,
      "y" : 6.354102,
      "z" : -0.309017
    }, {
      "x" : 11.09017,
      "y" : 6.854102,
      "z" : 0.0
    }, {
      "x" : 0.6545085,
      "y" : 0.75,
      "z" : -0.095491506
    }, {
      "x" : 10.435661,
      "y" : 6.104102,
      "z" : -0.095491506
    } ],
    "faces" : [ {
      "vertices" : [ 4, 11, 8 ]
    }, {
      "vertices" : [ 4, 8, 9 ]
    }, {
      "vertices" : [ 0, 1, 2 ]
    }, {
      "vertices" : [ 0, 2, 3 ]
    }, {
      "vertices" : [ 0, 3, 6 ]
    }, {
      "vertices" : [ 1, 7, 2 ]
    }, {
      "vertices" : [ 0, 6, 5 ]
    }, {
      "vertices" : [ 4, 5, 6 ]
    }, {
      "vertices" : [ 2, 7, 8 ]
    }, {
      "vertices" : [ 0, 5, 12 ]
    }, {
      "vertices" : [ 0, 12, 1 ]
    }, {
      "vertices" : [ 1, 12, 7 ]
    }, {
      "vertices" : [ 3, 11, 6 ]
    }, {
      "vertices" : [ 4, 6, 11 ]
    }, {
      "vertices" : [ 7, 9, 8 ]
    }, {
      "vertices" : [ 2, 8, 11 ]
    }, {
      "vertices" : [ 2, 11, 3 ]
    }, {
      "vertices" : [ 7, 12, 9 ]
    }, {
      "vertices" : [ 4, 9, 12 ]
    }, {
      "vertices" : [ 4, 12, 5 ]
    } ]
  }, {
    "id" : "e8a8e13b-fe8f-43c0-a8a2-9e4ce89b2d8f",
    "vertices" : [ {
      "x" : 1.0,
      "y" : 0.309017,
      "z" : 0.19098301
    }, {
      "x" : 1.0,
      "y" : -0.309017,
      "z" : 0.19098301
    }, {
      "x" : 21.18034,
      "y" : -0.309017,
      "z" : 0.19098301
    }, {
      "x" : 21.18034,
      "y" : 0.309017,
      "z" : 0.19098301
    }, {
      "x" : 21.18034,
      "y" : -0.309017,
      "z" : -0.19098301
    }, {
      "x" : 21.18034,
      "y" : 0.309017,
      "z" : -0.19098301
    }, {
      "x" : 21.798374,
      "y" : 0.0,
      "z" : 0.0
    }, {
      "x" : 0.38196602,
      "y" : 0.0,
      "z" : 0.0
    }, {
      "x" : 1.0,
      "y" : 0.309017,
      "z" : -0.19098301
    }, {
      "x" : 1.0,
      "y" : -0.309017,
      "z" : -0.19098301
    }, {
      "x" : 22.18034,
      "y" : 0.0,
      "z" : 0.0
    } ],
    "faces" : [ {
      "vertices" : [ 1, 9, 4 ]
    }, {
      "vertices" : [ 1, 4, 2 ]
    }, {
      "vertices" : [ 0, 3, 5 ]
    }, {
      "vertices" : [ 0, 5, 8 ]
    }, {
      "vertices" : [ 1, 7, 9 ]
    }, {
      "vertices" : [ 0, 1, 2 ]
    }, {
      "vertices" : [ 0, 2, 3 ]
    }, {
      "vertices" : [ 7, 8, 9 ]
    }, {
      "vertices" : [ 0, 7, 1 ]
    }, {
      "vertices" : [ 4, 9, 8 ]
    }, {
      "vertices" : [ 4, 8, 5 ]
    }, {
      "vertices" : [ 2, 6, 3 ]
    }, {
      "vertices" : [ 2, 4, 6 ]
    }, {
      "vertices" : [ 3, 6, 5 ]
    }, {
      "vertices" : [ 4, 5, 6 ]
    }, {
      "vertices" : [ 0, 8, 7 ]
    } ]
  }, {
    "id" : "c28f4346-0ad8-426e-8ae1-22e95f5244fa",
    "vertices" : [ {
      "x" : 1.0,
      "y" : 0.309017,
      "z" : 0.19098301
    }, {
      "x" : 1.0,
      "y" : -0.309017,
      "z" : 0.19098301
    }, {
      "x" : 12.708204,
      "y" : -0.309017,
      "z" : 0.19098301
    }, {
      "x" : 12.708204,
      "y" : 0.309017,
      "z" : 0.19098301
    }, {
      "x" : 12.708204,
      "y" : -0.309017,
      "z" : -0.19098301
    }, {
      "x" : 12.708204,
      "y" : 0.309017,
      "z" : -0.19098301
    }, {
      "x" : 13.326238,
      "y" : 0.0,
      "z" : 0.0
    }, {
      "x" : 0.38196602,
      "y" : 0.0,
      "z" : 0.0
    }, {
      "x" : 1.0,
      "y" : 0.309017,
      "z" : -0.19098301
    }, {
      "x" : 1.0,
      "y" : -0.309017,
      "z" : -0.19098301
    }, {
      "x" : 13.708204,
      "y" : 0.0,
      "z" : 0.0
    } ],
    "faces" : [ {
      "vertices" : [ 1, 9, 4 ]
    }, {
      "vertices" : [ 1, 4, 2 ]
    }, {
      "vertices" : [ 0, 3, 5 ]
    }, {
      "vertices" : [ 0, 5, 8 ]
    }, {
      "vertices" : [ 1, 7, 9 ]
    }, {
      "vertices" : [ 0, 1, 2 ]
    }, {
      "vertices" : [ 0, 2, 3 ]
    }, {
      "vertices" : [ 7, 8, 9 ]
    }, {
      "vertices" : [ 0, 7, 1 ]
    }, {
      "vertices" : [ 4, 9, 8 ]
    }, {
      "vertices" : [ 4, 8, 5 ]
    }, {
      "vertices" : [ 2, 6, 3 ]
    }, {
      "vertices" : [ 2, 4, 6 ]
    }, {
      "vertices" : [ 3, 6, 5 ]
    }, {
      "vertices" : [ 4, 5, 6 ]
    }, {
      "vertices" : [ 0, 8, 7 ]
    } ]
  }, {
    "id" : "5f55df7d-2b55-4f0c-856a-59632fcc7f87",
    "vertices" : [ {
      "x" : -11.09017,
      "y" : 6.854102,
      "z" : 0.0
    }, {
      "x" : -4.236068,
      "y" : -4.236068,
      "z" : -4.236068
    }, {
      "x" : 0.0,
      "y" : -11.09017,
      "z" : 6.854102
    } ],
    "faces" : [ {
      "vertices" : [ 0, 1, 2 ]
    }, {
      "vertices" : [ 0, 2, 1 ]
    } ]
  }, {
    "id" : "e393242b-32db-4f17-af15-bc563190d0e6",
    "vertices" : [ {
      "x" : -4.236068,
      "y" : -4.236068,
      "z" : -4.236068
    }, {
      "x" : -11.09017,
      "y" : 6.854102,
      "z" : 0.0
    }, {
      "x" : 6.854102,
      "y" : 0.0,
      "z" : -11.09017
    } ],
    "faces" : [ {
      "vertices" : [ 0, 1, 2 ]
    }, {
      "vertices" : [ 0, 2, 1 ]
    } ]
  }, {
    "id" : "fb084079-0f04-439b-95d4-7840e6daeb76",
    "vertices" : [ {
      "x" : 0.0,
      "y" : 0.0,
      "z" : 0.0
    }, {
      "x" : -11.09017,
      "y" : 6.854102,
      "z" : 0.0
    }, {
      "x" : 0.0,
      "y" : -11.09017,
      "z" : 6.854102
    } ],
    "faces" : [ {
      "vertices" : [ 0, 1, 2 ]
    }, {
      "vertices" : [ 0, 2, 1 ]
    } ]
  }, {
    "id" : "24136744-fa6a-44cc-9c63-8fd0e80c36bc",
    "vertices" : [ {
      "x" : -11.09017,
      "y" : 6.854102,
      "z" : 0.0
    }, {
      "x" : 6.854102,
      "y" : 0.0,
      "z" : -11.09017
    }, {
      "x" : 0.0,
      "y" : 0.0,
      "z" : 0.0
    } ],
    "faces" : [ {
      "vertices" : [ 0, 1, 2 ]
    }, {
      "vertices" : [ 0, 2, 1 ]
    } ]
  }, {
    "id" : "b6f3027b-859d-449a-8313-e3e890445400",
    "vertices" : [ {
      "x" : 6.854102,
      "y" : 0.0,
      "z" : -11.09017
    }, {
      "x" : 0.0,
      "y" : -11.09017,
      "z" : 6.854102
    }, {
      "x" : -4.236068,
      "y" : -4.236068,
      "z" : -4.236068
    } ],
    "faces" : [ {
      "vertices" : [ 0, 1, 2 ]
    }, {
      "vertices" : [ 0, 2, 1 ]
    } ]
  } ],
  "instances" : [ {
    "shape" : "44ee4b56-ee88-482d-80d1-aa0db1fe3b3f",
    "color" : "#FFFF00",
    "position" : {
      "x" : 0.0,
      "y" : 0.0,
      "z" : 0.0
    }
  }, {
    "shape" : "4b6c43fd-8a66-466a-821d-a6e93d115a74",
    "color" : "#FFFFFF",
    "position" : {
      "x" : -11.09017,
      "y" : -4.236068,
      "z" : 6.854102
    }
  }, {
    "shape" : "7dfa51a6-3053-4bce-b9b7-9c077dc8e76c",
    "color" : "#AF0000",
    "position" : {
      "x" : 6.854102,
      "y" : -11.09017,
      "z" : -4.236068
    },
    "orientation" : 46
  }, {
    "shape" : "e8a8e13b-fe8f-43c0-a8a2-9e4ce89b2d8f",
    "color" : "#007695",
    "position" : {
      "x" : 6.854102,
      "y" : 0.0,
      "z" : -11.09017
    },
    "orientation" : 38
  }, {
    "shape" : "4b6c43fd-8a66-466a-821d-a6e93d115a74",
    "color" : "#FFFFFF",
    "position" : {
      "x" : -11.09017,
      "y" : 6.854102,
      "z" : 0.0
    }
  }, {
    "shape" : "c28f4346-0ad8-426e-8ae1-22e95f5244fa",
    "color" : "#007695",
    "position" : {
      "x" : -11.09017,
      "y" : 6.854102,
      "z" : 0.0
    },
    "orientation" : 24
  }, {
    "shape" : "4b6c43fd-8a66-466a-821d-a6e93d115a74",
    "color" : "#FFFFFF",
    "position" : {
      "x" : 0.0,
      "y" : -11.09017,
      "z" : 6.854102
    }
  }, {
    "shape" : "4b6c43fd-8a66-466a-821d-a6e93d115a74",
    "color" : "#FFFFFF",
    "position" : {
      "x" : -4.236068,
      "y" : 6.854102,
      "z" : -11.09017
    }
  }, {
    "shape" : "7dfa51a6-3053-4bce-b9b7-9c077dc8e76c",
    "color" : "#AF0000",
    "position" : {
      "x" : -4.236068,
      "y" : 6.854102,
      "z" : -11.09017
    },
    "orientation" : 15
  }, {
    "shape" : "5f55df7d-2b55-4f0c-856a-59632fcc7f87",
    "color" : "#0000FF",
    "position" : {
      "x" : 0.0,
      "y" : 0.0,
      "z" : 0.0
    }
  }, {
    "shape" : "e393242b-32db-4f17-af15-bc563190d0e6",
    "color" : "#0000FF",
    "position" : {
      "x" : 0.0,
      "y" : 0.0,
      "z" : 0.0
    }
  }, {
    "shape" : "4b6c43fd-8a66-466a-821d-a6e93d115a74",
    "color" : "#FFFFFF",
    "position" : {
      "x" : 0.0,
      "y" : 0.0,
      "z" : 0.0
    }
  }, {
    "shape" : "fb084079-0f04-439b-95d4-7840e6daeb76",
    "color" : "#FFFF00",
    "position" : {
      "x" : 0.0,
      "y" : 0.0,
      "z" : 0.0
    }
  }, {
    "shape" : "7dfa51a6-3053-4bce-b9b7-9c077dc8e76c",
    "color" : "#AF0000",
    "position" : {
      "x" : -11.09017,
      "y" : -4.236068,
      "z" : 6.854102
    },
    "orientation" : 46
  }, {
    "shape" : "c28f4346-0ad8-426e-8ae1-22e95f5244fa",
    "color" : "#007695",
    "position" : {
      "x" : -4.236068,
      "y" : -4.236068,
      "z" : -4.236068
    },
    "orientation" : 37
  }, {
    "shape" : "4b6c43fd-8a66-466a-821d-a6e93d115a74",
    "color" : "#FFFFFF",
    "position" : {
      "x" : 6.854102,
      "y" : -11.09017,
      "z" : -4.236068
    }
  }, {
    "shape" : "c28f4346-0ad8-426e-8ae1-22e95f5244fa",
    "color" : "#007695",
    "position" : {
      "x" : -4.236068,
      "y" : -4.236068,
      "z" : -4.236068
    },
    "orientation" : 23
  }, {
    "shape" : "7dfa51a6-3053-4bce-b9b7-9c077dc8e76c",
    "color" : "#AF0000",
    "position" : {
      "x" : -4.236068,
      "y" : -4.236068,
      "z" : -4.236068
    },
    "orientation" : 15
  }, {
    "shape" : "7dfa51a6-3053-4bce-b9b7-9c077dc8e76c",
    "color" : "#AF0000",
    "position" : {
      "x" : 0.0,
      "y" : -11.09017,
      "z" : 6.854102
    },
    "orientation" : 46
  }, {
    "shape" : "24136744-fa6a-44cc-9c63-8fd0e80c36bc",
    "color" : "#FFFF00",
    "position" : {
      "x" : 0.0,
      "y" : 0.0,
      "z" : 0.0
    }
  }, {
    "shape" : "4b6c43fd-8a66-466a-821d-a6e93d115a74",
    "color" : "#FFFFFF",
    "position" : {
      "x" : -4.236068,
      "y" : -4.236068,
      "z" : -4.236068
    }
  }, {
    "shape" : "7dfa51a6-3053-4bce-b9b7-9c077dc8e76c",
    "color" : "#AF0000",
    "position" : {
      "x" : 6.854102,
      "y" : -11.09017,
      "z" : -4.236068
    },
    "orientation" : 32
  }, {
    "shape" : "7dfa51a6-3053-4bce-b9b7-9c077dc8e76c",
    "color" : "#AF0000",
    "position" : {
      "x" : -11.09017,
      "y" : 6.854102,
      "z" : 0.0
    },
    "orientation" : 15
  }, {
    "shape" : "4b6c43fd-8a66-466a-821d-a6e93d115a74",
    "color" : "#FFFFFF",
    "position" : {
      "x" : 6.854102,
      "y" : 0.0,
      "z" : -11.09017
    }
  }, {
    "shape" : "7dfa51a6-3053-4bce-b9b7-9c077dc8e76c",
    "color" : "#AF0000",
    "position" : {
      "x" : -4.236068,
      "y" : 6.854102,
      "z" : -11.09017
    },
    "orientation" : 32
  }, {
    "shape" : "b6f3027b-859d-449a-8313-e3e890445400",
    "color" : "#0000FF",
    "position" : {
      "x" : 0.0,
      "y" : 0.0,
      "z" : 0.0
    }
  }, {
    "shape" : "7dfa51a6-3053-4bce-b9b7-9c077dc8e76c",
    "color" : "#AF0000",
    "position" : {
      "x" : -4.236068,
      "y" : -4.236068,
      "z" : -4.236068
    },
    "orientation" : 46
  }, {
    "shape" : "e8a8e13b-fe8f-43c0-a8a2-9e4ce89b2d8f",
    "color" : "#007695",
    "position" : {
      "x" : -11.09017,
      "y" : 6.854102,
      "z" : 0.0
    },
    "orientation" : 21
  }, {
    "shape" : "e8a8e13b-fe8f-43c0-a8a2-9e4ce89b2d8f",
    "color" : "#007695",
    "position" : {
      "x" : 0.0,
      "y" : -11.09017,
      "z" : 6.854102
    },
    "orientation" : 52
  }, {
    "shape" : "7dfa51a6-3053-4bce-b9b7-9c077dc8e76c",
    "color" : "#AF0000",
    "position" : {
      "x" : 6.854102,
      "y" : 0.0,
      "z" : -11.09017
    },
    "orientation" : 32
  }, {
    "shape" : "7dfa51a6-3053-4bce-b9b7-9c077dc8e76c",
    "color" : "#AF0000",
    "position" : {
      "x" : -11.09017,
      "y" : -4.236068,
      "z" : 6.854102
    },
    "orientation" : 15
  }, {
    "shape" : "7dfa51a6-3053-4bce-b9b7-9c077dc8e76c",
    "color" : "#AF0000",
    "position" : {
      "x" : -11.09017,
      "y" : -4.236068,
      "z" : 6.854102
    },
    "orientation" : 17
  } ]
}