{
  "polygons" : "true",
  "field" : "golden",
  "symmetry" : "icosahedral",
  "orientations" : [ [ 1.0, 0.0, 0.0, 0.0, 0.0, 1.0, 0.0, 0.0, 0.0, 0.0, 1.0, 0.0, 0.0, 0.0, 0.0, 1.0 ], [ 0.0, 0.0, 1.0, 0.0, 1.0, 0.0, 0.0, 0.0, 0.0, 1.0, 0.0, 0.0, 0.0, 0.0, 0.0, 1.0 ], [ 0.0, 1.0, 0.0, 0.0, 0.0, 0.0, 1.0, 0.0, 1.0, 0.0, 0.0, 0.0, 0.0, 0.0, 0.0, 1.0 ], [ 0.809017, 0.309017, 0.5, 0.0, 0.309017, 0.5, -0.809017, 0.0, -0.5, 0.809017, 0.309017, 0.0, 0.0, 0.0, 0.0, 1.0 ], [ -0.5, 0.809017, 0.309017, 0.0, 0.809017, 0.309017, 0.5, 0.0, 0.309017, 0.5, -0.809017, 0.0, 0.0, 0.0, 0.0, 1.0 ], [ 0.309017, 0.5, -0.809017, 0.0, -0.5, 0.809017, 0.309017, 0.0, 0.809017, 0.309017, 0.5, 0.0, 0.0, 0.0, 0.0, 1.0 ], [ 0.5, 0.809017, 0.309017, 0.0, 0.809017, -0.309017, -0.5, 0.0, -0.309017, 0.5, -0.809017, 0.0, 0.0, 0.0, 0.0, 1.0 ], [ -0.309017, 0.5, -0.809017, 0.0, 0.5, 0.809017, 0.309017, 0.0, 0.809017, -0.309017, -0.5, 0.0, 0.0, 0.0, 0.0, 1.0 ], [ 0.809017, -0.309017, -0.5, 0.0, -0.309017, 0.5, -0.809017, 0.0, 0.5, 0.809017, 0.309017, 0.0, 0.0, 0.0, 0.0, 1.0 ], [ 0.5, 0.809017, -0.309017, 0.0, 0.809017, -0.309017, 0.5, 0.0, 0.309017, -0.5, -0.809017, 0.0, 0.0, 0.0, 0.0, 1.0 ], [ 0.309017, -0.5, -0.809017, 0.0, 0.5, 0.809017, -0.309017, 0.0, 0.809017, -0.309017, 0.5, 0.0, 0.0, 0.0, 0.0, 1.0 ], [ 0.809017, -0.309017, 0.5, 0.0, 0.309017, -0.5, -0.809017, 0.0, 0.5, 0.809017, -0.309017, 0.0, 0.0, 0.0, 0.0, 1.0 ], [ 0.809017, 0.309017, -0.5, 0.0, 0.309017, 0.5, 0.809017, 0.0, 0.5, -0.809017, 0.309017, 0.0, 0.0, 0.0, 0.0, 1.0 ], [ 0.5, -0.809017, 0.309017, 0.0, 0.809017, 0.309017, -0.5, 0.0, 0.309017, 0.5, 0.809017, 0.0, 0.0, 0.0, 0.0, 1.0 ], [ 0.309017, 0.5, 0.809017, 0.0, 0.5, -0.809017, 0.309017, 0.0, 0.809017, 0.309017, -0.5, 0.0, 0.0, 0.0, 0.0, 1.0 ], [ 1.0, 0.0, 0.0, 0.0, 0.0, -1.0, 0.0, 0.0, 0.0, 0.0, -1.0, 0.0, 0.0, 0.0, 0.0, 1.0 ], [ 0.0, 0.0, 1.0, 0.0, -1.0, 0.0, 0.0, 0.0, 0.0, -1.0, 0.0, 0.0, 0.0, 0.0, 0.0, 1.0 ], [ 0.0, 1.0, 0.0, 0.0, 0.0, 0.0, -1.0, 0.0, -1.0, 0.0, 0.0, 0.0, 0.0, 0.0, 0.0, 1.0 ], [ 0.809017, 0.309017, 0.5, 0.0, -0.309017, -0.5, 0.809017, 0.0, 0.5, -0.809017, -0.309017, 0.0, 0.0, 0.0, 0.0, 1.0 ], [ -0.5, 0.809017, 0.309017, 0.0, -0.809017, -0.309017, -0.5, 0.0, -0.309017, -0.5, 0.809017, 0.0, 0.0, 0.0, 0.0, 1.0 ], [ 0.309017, 0.5, -0.809017, 0.0, 0.5, -0.809017, -0.309017, 0.0, -0.809017, -0.309017, -0.5, 0.0, 0.0, 0.0, 0.0, 1.0 ], [ 0.5, 0.809017, 0.309017, 0.0, -0.809017, 0.309017, 0.5, 0.0, 0.309017, -0.5, 0.809017, 0.0, 0.0, 0.0, 0.0, 1.0 ], [ -0.309017, 0.5, -0.809017, 0.0, -0.5, -0.809017, -0.309017, 0.0, -0.809017, 0.309017, 0.5, 0.0, 0.0, 0.0, 0.0, 1.0 ], [ 0.809017, -0.309017, -0.5, 0.0, 0.309017, -0.5, 0.809017, 0.0, -0.5, -0.809017, -0.309017, 0.0, 0.0, 0.0, 0.0, 1.0 ], [ 0.5, 0.809017, -0.309017, 0.0, -0.809017, 0.309017, -0.5, 0.0, -0.309017, 0.5, 0.809017, 0.0, 0.0, 0.0, 0.0, 1.0 ], [ 0.309017, -0.5, -0.809017, 0.0, -0.5, -0.809017, 0.309017, 0.0, -0.809017, 0.309017, -0.5, 0.0, 0.0, 0.0, 0.0, 1.0 ], [ 0.809017, -0.309017, 0.5, 0.0, -0.309017, 0.5, 0.809017, 0.0, -0.5, -0.809017, 0.309017, 0.0, 0.0, 0.0, 0.0, 1.0 ], [ 0.809017, 0.309017, -0.5, 0.0, -0.309017, -0.5, -0.809017, 0.0, -0.5, 0.809017, -0.309017, 0.0, 0.0, 0.0, 0.0, 1.0 ], [ 0.5, -0.809017, 0.309017, 0.0, -0.809017, -0.309017, 0.5, 0.0, -0.309017, -0.5, -0.809017, 0.0, 0.0, 0.0, 0.0, 1.0 ], [ 0.309017, 0.5, 0.809017, 0.0, -0.5, 0.809017, -0.309017, 0.0, -0.809017, -0.309017, 0.5, 0.0, 0.0, 0.0, 0.0, 1.0 ], [ -1.0, 0.0, 0.0, 0.0, 0.0, -1.0, 0.0, 0.0, 0.0, 0.0, 1.0, 0.0, 0.0, 0.0, 0.0, 1.0 ], [ 0.0, 0.0, -1.0, 0.0, -1.0, 0.0, 0.0, 0.0, 0.0, 1.0, 0.0, 0.0, 0.0, 0.0, 0.0, 1.0 ], [ 0.0, -1.0, 0.0, 0.0, 0.0, 0.0, -1.0, 0.0, 1.0, 0.0, 0.0, 0.0, 0.0, 0.0, 0.0, 1.0 ], [ -0.809017, -0.309017, -0.5, 0.0, -0.309017, -0.5, 0.809017, 0.0, -0.5, 0.809017, 0.309017, 0.0, 0.0, 0.0, 0.0, 1.0 ], [ 0.5, -0.809017, -0.309017, 0.0, -0.809017, -0.309017, -0.5, 0.0, 0.309017, 0.5, -0.809017, 0.0, 0.0, 0.0, 0.0, 1.0 ], [ -0.309017, -0.5, 0.809017, 0.0, 0.5, -0.809017, -0.309017, 0.0, 0.809017, 0.309017, 0.5, 0.0, 0.0, 0.0, 0.0, 1.0 ], [ -0.5, -0.809017, -0.309017, 0.0, -0.809017, 0.309017, 0.5, 0.0, -0.309017, 0.5, -0.809017, 0.0, 0.0, 0.0, 0.0, 1.0 ], [ 0.309017, -0.5, 0.809017, 0.0, -0.5, -0.809017, -0.309017, 0.0, 0.809017, -0.309017, -0.5, 0.0, 0.0, 0.0, 0.0, 1.0 ], [ -0.809017, 0.309017, 0.5, 0.0, 0.309017, -0.5, 0.809017, 0.0, 0.5, 0.809017, 0.309017, 0.0, 0.0, 0.0, 0.0, 1.0 ], [ -0.5, -0.809017, 0.309017, 0.0, -0.809017, 0.309017, -0.5, 0.0, 0.309017, -0.5, -0.809017, 0.0, 0.0, 0.0, 0.0, 1.0 ], [ -0.309017, 0.5, 0.809017, 0.0, -0.5, -0.809017, 0.309017, 0.0, 0.809017, -0.309017, 0.5, 0.0, 0.0, 0.0, 0.0, 1.0 ], [ -0.809017, 0.309017, -0.5, 0.0, -0.309017, 0.5, 0.809017, 0.0, 0.5, 0.809017, -0.309017, 0.0, 0.0, 0.0, 0.0, 1.0 ], [ -0.809017, -0.309017, 0.5, 0.0, -0.309017, -0.5, -0.809017, 0.0, 0.5, -0.809017, 0.309017, 0.0, 0.0, 0.0, 0.0, 1.0 ], [ -0.5, 0.809017, -0.309017, 0.0, -0.809017, -0.309017, 0.5, 0.0, 0.309017, 0.5, 0.809017, 0.0, 0.0, 0.0, 0.0, 1.0 ], [ -0.309017, -0.5, -0.809017, 0.0, -0.5, 0.809017, -0.309017, 0.0, 0.809017, 0.309017, -0.5, 0.0, 0.0, 0.0, 0.0, 1.0 ], [ -1.0, 0.0, 0.0, 0.0, 0.0, 1.0, 0.0, 0.0, 0.0, 0.0, -1.0, 0.0, 0.0, 0.0, 0.0, 1.0 ], [ 0.0, 0.0, -1.0, 0.0, 1.0, 0.0, 0.0, 0.0, 0.0, -1.0, 0.0, 0.0, 0.0, 0.0, 0.0, 1.0 ], [ 0.0, -1.0, 0.0, 0.0, 0.0, 0.0, 1.0, 0.0, -1.0, 0.0, 0.0, 0.0, 0.0, 0.0, 0.0, 1.0 ], [ -0.809017, -0.309017, -0.5, 0.0, 0.309017, 0.5, -0.809017, 0.0, 0.5, -0.809017, -0.309017, 0.0, 0.0, 0.0, 0.0, 1.0 ], [ 0.5, -0.809017, -0.309017, 0.0, 0.809017, 0.309017, 0.5, 0.0, -0.309017, -0.5, 0.809017, 0.0, 0.0, 0.0, 0.0, 1.0 ], [ -0.309017, -0.5, 0.809017, 0.0, -0.5, 0.809017, 0.309017, 0.0, -0.809017, -0.309017, -0.5, 0.0, 0.0, 0.0, 0.0, 1.0 ], [ -0.5, -0.809017, -0.309017, 0.0, 0.809017, -0.309017, -0.5, 0.0, 0.309017, -0.5, 0.809017, 0.0, 0.0, 0.0, 0.0, 1.0 ], [ 0.309017, -0.5, 0.809017, 0.0, 0.5, 0.809017, 0.309017, 0.0, -0.809017, 0.309017, 0.5, 0.0, 0.0, 0.0, 0.0, 1.0 ], [ -0.809017, 0.309017, 0.5, 0.0, -0.309017, 0.5, -0.809017, 0.0, -0.5, -0.809017, -0.309017, 0.0, 0.0, 0.0, 0.0, 1.0 ], [ -0.5, -0.809017, 0.309017, 0.0, 0.809017, -0.309017, 0.5, 0.0, -0.309017, 0.5, 0.809017, 0.0, 0.0, 0.0, 0.0, 1.0 ], [ -0.309017, 0.5, 0.809017, 0.0, 0.5, 0.809017, -0.309017, 0.0, -0.809017, 0.309017, -0.5, 0.0, 0.0, 0.0, 0.0, 1.0 ], [ -0.809017, 0.309017, -0.5, 0.0, 0.309017, -0.5, -0.809017, 0.0, -0.5, -0.809017, 0.309017, 0.0, 0.0, 0.0, 0.0, 1.0 ], [ -0.809017, -0.309017, 0.5, 0.0, 0.309017, 0.5, 0.809017, 0.0, -0.5, 0.809017, -0.309017, 0.0, 0.0, 0.0, 0.0, 1.0 ], [ -0.5, 0.809017, -0.309017, 0.0, 0.809017, 0.309017, -0.5, 0.0, -0.309017, -0.5, -0.809017, 0.0, 0.0, 0.0, 0.0, 1.0 ], [ -0.309017, -0.5, -0.809017, 0.0, 0.5, -0.809017, 0.309017, 0.0, -0.809017, -0.309017, 0.5, 0.0, 0.0, 0.0, 0.0, 1.0 ] ],
  "lights" : {
    "directionalLights" : [ {
      "direction" : [ 1.0, -1.0, -1.0 ],
      "color" : "#EBEBE4"
    }, {
      "direction" : [ -1.0, 0.0, 0.0 ],
      "color" : "#E4E4EB"
    }, {
      "direction" : [ 0.0, 0.0, -1.0 ],
      "color" : "#1E1E1E"
    } ],
    "backgroundColor" : "#AFC8DC",
    "ambientColor" : "#292929"
  },
  "camera" : {
    "width" : 228.23412,
    "position" : {
      "x" : -264.1819,
      "y" : 159.15886,
      "z" : 402.63626
    },
    "nearClipDistance" : 1.2679673,
    "farClipDistance" : 1014.3734,
    "lookAtPoint" : {
      "x" : 0.0,
      "y" : 0.0,
      "z" : 0.0
    },
    "lookDirection" : {
      "x" : 0.5208769,
      "y" : -0.31380716,
      "z" : -0.7938618
    },
    "upDirection" : {
      "x" : 0.1877802,
      "y" : 0.94932085,
      "z" : -0.25205097
    },
    "stereo" : false,
    "fieldOfView" : 0.44262895,
    "perspective" : true,
    "viewDistance" : 507.18683,
    "lookAtPointRV" : {
      "x" : 0.0,
      "y" : 0.0,
      "z" : 0.0,
      "zero" : true
    },
    "lookDirectionRV" : {
      "x" : 0.5208769,
      "y" : -0.31380716,
      "z" : -0.7938618,
      "zero" : false
    },
    "upDirectionRV" : {
      "x" : 0.1877802,
      "y" : 0.94932085,
      "z" : -0.25205097,
      "zero" : false
    }
  },
  "embedding" : [ 1.0, 0.0, 0.0, 0.0, 0.0, 1.0, 0.0, 0.0, 0.0, 0.0, 1.0, 0.0, 0.0, 0.0, 0.0, 1.0 ],
  "shapes" : [ {
    "id" : "f708d13c-8c18-4628-b5fd-7c8772ac69fa",
    "vertices" : [ {
      "x" : 0.0,
      "y" : 0.0,
      "z" : 0.0
    }, {
      "x" : 0.0,
      "y" : 0.0,
      "z" : -8.472136
    }, {
      "x" : 0.0,
      "y" : 25.416409,
      "z" : -8.472136
    }, {
      "x" : 0.0,
      "y" : 25.416409,
      "z" : 0.0
    } ],
    "faces" : [ {
      "vertices" : [ 0, 1, 2, 3 ]
    }, {
      "vertices" : [ 0, 3, 2, 1 ]
    } ]
  }, {
    "id" : "0c0eb360-fbef-4db4-8035-3ef389c15f34",
    "orbit" : "blue",
    "orbitC" : "[[0,0,1],[0,0,1]]",
    "length" : "[1,0,1]",
    "name" : "b1",
    "vertices" : [ {
      "x" : 7.472136,
      "y" : 0.309017,
      "z" : 0.19098301
    }, {
      "x" : 7.472136,
      "y" : 0.309017,
      "z" : -0.19098301
    }, {
      "x" : 1.0,
      "y" : 0.309017,
      "z" : -0.19098301
    }, {
      "x" : 1.0,
      "y" : 0.309017,
      "z" : 0.19098301
    }, {
      "x" : 7.472136,
      "y" : -0.309017,
      "z" : 0.19098301
    }, {
      "x" : 1.0,
      "y" : -0.309017,
      "z" : 0.19098301
    }, {
      "x" : 1.0,
      "y" : -0.309017,
      "z" : -0.19098301
    }, {
      "x" : 7.472136,
      "y" : -0.309017,
      "z" : -0.19098301
    }, {
      "x" : 8.472136,
      "y" : 0.0,
      "z" : 0.0
    } ],
    "faces" : [ {
      "vertices" : [ 1, 7, 6, 2 ]
    }, {
      "vertices" : [ 0, 1, 2, 3 ]
    }, {
      "vertices" : [ 4, 5, 6, 7 ]
    }, {
      "vertices" : [ 0, 3, 5, 4 ]
    } ]
  }, {
    "id" : "75d07029-645b-4032-9c8a-db0eafdd4529",
    "vertices" : [ {
      "x" : 0.0,
      "y" : 0.0,
      "z" : 0.0
    }, {
      "x" : 0.0,
      "y" : 8.472136,
      "z" : 0.0
    }, {
      "x" : 0.0,
      "y" : 8.472136,
      "z" : 8.472136
    }, {
      "x" : 0.0,
      "y" : 0.0,
      "z" : 8.472136
    } ],
    "faces" : [ {
      "vertices" : [ 0, 1, 2, 3 ]
    }, {
      "vertices" : [ 0, 3, 2, 1 ]
    } ]
  }, {
    "id" : "7abbc819-d10d-4f7d-b83e-95774f960b9f",
    "vertices" : [ {
      "x" : 0.0,
      "y" : 0.0,
      "z" : 0.0
    }, {
      "x" : 0.0,
      "y" : -25.416409,
      "z" : 0.0
    }, {
      "x" : 0.0,
      "y" : -25.416409,
      "z" : -8.472136
    }, {
      "x" : 0.0,
      "y" : 0.0,
      "z" : -8.472136
    } ],
    "faces" : [ {
      "vertices" : [ 0, 1, 2, 3 ]
    }, {
      "vertices" : [ 0, 3, 2, 1 ]
    } ]
  }, {
    "id" : "04fa1077-7531-4037-bd26-1a4b5fbde809",
    "name" : "ball",
    "vertices" : [ {
      "x" : 0.309017,
      "y" : -0.809017,
      "z" : 0.618034
    }, {
      "x" : 0.809017,
      "y" : -0.618034,
      "z" : 0.309017
    }, {
      "x" : 0.618034,
      "y" : -0.309017,
      "z" : 0.809017
    }, {
      "x" : 1.0,
      "y" : 0.309017,
      "z" : 0.19098301
    }, {
      "x" : 0.809017,
      "y" : 0.618034,
      "z" : 0.309017
    }, {
      "x" : 0.618034,
      "y" : 0.309017,
      "z" : 0.809017
    }, {
      "x" : 0.809017,
      "y" : 0.0,
      "z" : 0.690983
    }, {
      "x" : 0.19098301,
      "y" : -1.0,
      "z" : 0.309017
    }, {
      "x" : -0.19098301,
      "y" : -1.0,
      "z" : 0.309017
    }, {
      "x" : -0.19098301,
      "y" : -1.0,
      "z" : -0.309017
    }, {
      "x" : 0.19098301,
      "y" : -1.0,
      "z" : -0.309017
    }, {
      "x" : 1.0,
      "y" : -0.309017,
      "z" : -0.19098301
    }, {
      "x" : 0.809017,
      "y" : -0.618034,
      "z" : -0.309017
    }, {
      "x" : 0.618034,
      "y" : -0.309017,
      "z" : -0.809017
    }, {
      "x" : 0.809017,
      "y" : 0.0,
      "z" : -0.690983
    }, {
      "x" : 0.0,
      "y" : 0.690983,
      "z" : -0.809017
    }, {
      "x" : 0.309017,
      "y" : 0.809017,
      "z" : -0.618034
    }, {
      "x" : 0.618034,
      "y" : 0.309017,
      "z" : -0.809017
    }, {
      "x" : 0.309017,
      "y" : 0.19098301,
      "z" : -1.0
    }, {
      "x" : 1.0,
      "y" : 0.309017,
      "z" : -0.19098301
    }, {
      "x" : -0.309017,
      "y" : -0.809017,
      "z" : 0.618034
    }, {
      "x" : 0.0,
      "y" : -0.690983,
      "z" : 0.809017
    }, {
      "x" : 0.809017,
      "y" : 0.618034,
      "z" : -0.309017
    }, {
      "x" : 0.690983,
      "y" : 0.809017,
      "z" : 0.0
    }, {
      "x" : -0.690983,
      "y" : 0.809017,
      "z" : 0.0
    }, {
      "x" : -0.809017,
      "y" : 0.618034,
      "z" : 0.309017
    }, {
      "x" : -0.309017,
      "y" : 0.809017,
      "z" : 0.618034
    }, {
      "x" : -0.19098301,
      "y" : 1.0,
      "z" : 0.309017
    }, {
      "x" : 0.309017,
      "y" : -0.19098301,
      "z" : -1.0
    }, {
      "x" : 0.19098301,
      "y" : 1.0,
      "z" : 0.309017
    }, {
      "x" : 0.309017,
      "y" : 0.809017,
      "z" : 0.618034
    }, {
      "x" : -0.809017,
      "y" : -0.618034,
      "z" : 0.309017
    }, {
      "x" : -0.690983,
      "y" : -0.809017,
      "z" : 0.0
    }, {
      "x" : 0.0,
      "y" : 0.690983,
      "z" : 0.809017
    }, {
      "x" : 0.309017,
      "y" : -0.809017,
      "z" : -0.618034
    }, {
      "x" : 0.0,
      "y" : -0.690983,
      "z" : -0.809017
    }, {
      "x" : -1.0,
      "y" : 0.309017,
      "z" : 0.19098301
    }, {
      "x" : -0.809017,
      "y" : 0.0,
      "z" : 0.690983
    }, {
      "x" : -0.618034,
      "y" : 0.309017,
      "z" : 0.809017
    }, {
      "x" : 1.0,
      "y" : -0.309017,
      "z" : 0.19098301
    }, {
      "x" : -0.309017,
      "y" : -0.809017,
      "z" : -0.618034
    }, {
      "x" : -1.0,
      "y" : 0.309017,
      "z" : -0.19098301
    }, {
      "x" : -1.0,
      "y" : -0.309017,
      "z" : -0.19098301
    }, {
      "x" : -1.0,
      "y" : -0.309017,
      "z" : 0.19098301
    }, {
      "x" : 0.19098301,
      "y" : 1.0,
      "z" : -0.309017
    }, {
      "x" : -0.809017,
      "y" : 0.618034,
      "z" : -0.309017
    }, {
      "x" : -0.19098301,
      "y" : 1.0,
      "z" : -0.309017
    }, {
      "x" : -0.309017,
      "y" : 0.809017,
      "z" : -0.618034
    }, {
      "x" : -0.618034,
      "y" : -0.309017,
      "z" : 0.809017
    }, {
      "x" : 0.309017,
      "y" : 0.19098301,
      "z" : 1.0
    }, {
      "x" : -0.309017,
      "y" : 0.19098301,
      "z" : -1.0
    }, {
      "x" : -0.309017,
      "y" : 0.19098301,
      "z" : 1.0
    }, {
      "x" : -0.309017,
      "y" : -0.19098301,
      "z" : 1.0
    }, {
      "x" : 0.309017,
      "y" : -0.19098301,
      "z" : 1.0
    }, {
      "x" : 0.690983,
      "y" : -0.809017,
      "z" : 0.0
    }, {
      "x" : -0.809017,
      "y" : 0.0,
      "z" : -0.690983
    }, {
      "x" : -0.618034,
      "y" : -0.309017,
      "z" : -0.809017
    }, {
      "x" : -0.309017,
      "y" : -0.19098301,
      "z" : -1.0
    }, {
      "x" : -0.618034,
      "y" : 0.309017,
      "z" : -0.809017
    }, {
      "x" : -0.809017,
      "y" : -0.618034,
      "z" : -0.309017
    } ],
    "faces" : [ {
      "vertices" : [ 9, 40, 35, 34, 10 ]
    }, {
      "vertices" : [ 0, 1, 2 ]
    }, {
      "vertices" : [ 33, 51, 49 ]
    }, {
      "vertices" : [ 25, 36, 37, 38 ]
    }, {
      "vertices" : [ 41, 55, 42 ]
    }, {
      "vertices" : [ 9, 32, 59, 40 ]
    }, {
      "vertices" : [ 20, 21, 52, 48 ]
    }, {
      "vertices" : [ 26, 33, 30, 29, 27 ]
    }, {
      "vertices" : [ 3, 4, 5, 6 ]
    }, {
      "vertices" : [ 27, 29, 44, 46 ]
    }, {
      "vertices" : [ 50, 57, 56, 55, 58 ]
    }, {
      "vertices" : [ 26, 38, 51, 33 ]
    }, {
      "vertices" : [ 45, 47, 58 ]
    }, {
      "vertices" : [ 18, 28, 57, 50 ]
    }, {
      "vertices" : [ 40, 59, 56 ]
    }, {
      "vertices" : [ 31, 48, 37, 43 ]
    }, {
      "vertices" : [ 7, 8, 9, 10 ]
    }, {
      "vertices" : [ 36, 41, 42, 43 ]
    }, {
      "vertices" : [ 24, 46, 47, 45 ]
    }, {
      "vertices" : [ 4, 30, 5 ]
    }, {
      "vertices" : [ 15, 47, 46, 44, 16 ]
    }, {
      "vertices" : [ 15, 50, 58, 47 ]
    }, {
      "vertices" : [ 24, 45, 41, 36, 25 ]
    }, {
      "vertices" : [ 11, 14, 19 ]
    }, {
      "vertices" : [ 3, 6, 39 ]
    }, {
      "vertices" : [ 1, 39, 6, 2 ]
    }, {
      "vertices" : [ 8, 32, 9 ]
    }, {
      "vertices" : [ 11, 12, 13, 14 ]
    }, {
      "vertices" : [ 16, 22, 17 ]
    }, {
      "vertices" : [ 0, 21, 20, 8, 7 ]
    }, {
      "vertices" : [ 12, 34, 13 ]
    }, {
      "vertices" : [ 35, 40, 56, 57 ]
    }, {
      "vertices" : [ 0, 7, 54, 1 ]
    }, {
      "vertices" : [ 15, 16, 17, 18 ]
    }, {
      "vertices" : [ 3, 19, 22, 23, 4 ]
    }, {
      "vertices" : [ 7, 10, 54 ]
    }, {
      "vertices" : [ 41, 45, 58, 55 ]
    }, {
      "vertices" : [ 3, 39, 11, 19 ]
    }, {
      "vertices" : [ 14, 17, 22, 19 ]
    }, {
      "vertices" : [ 0, 2, 53, 21 ]
    }, {
      "vertices" : [ 49, 51, 52, 53 ]
    }, {
      "vertices" : [ 31, 43, 42, 59, 32 ]
    }, {
      "vertices" : [ 15, 18, 50 ]
    }, {
      "vertices" : [ 42, 55, 56, 59 ]
    }, {
      "vertices" : [ 4, 23, 29, 30 ]
    }, {
      "vertices" : [ 25, 38, 26 ]
    }, {
      "vertices" : [ 13, 28, 18, 17, 14 ]
    }, {
      "vertices" : [ 8, 20, 31, 32 ]
    }, {
      "vertices" : [ 23, 44, 29 ]
    }, {
      "vertices" : [ 24, 27, 46 ]
    }, {
      "vertices" : [ 37, 48, 52, 51, 38 ]
    }, {
      "vertices" : [ 20, 48, 31 ]
    }, {
      "vertices" : [ 24, 25, 26, 27 ]
    }, {
      "vertices" : [ 16, 44, 23, 22 ]
    }, {
      "vertices" : [ 13, 34, 35, 28 ]
    }, {
      "vertices" : [ 10, 34, 12, 54 ]
    }, {
      "vertices" : [ 2, 6, 5, 49, 53 ]
    }, {
      "vertices" : [ 36, 43, 37 ]
    }, {
      "vertices" : [ 5, 30, 33, 49 ]
    }, {
      "vertices" : [ 1, 54, 12, 11, 39 ]
    }, {
      "vertices" : [ 28, 35, 57 ]
    }, {
      "vertices" : [ 21, 53, 52 ]
    } ]
  }, {
    "id" : "be84e3d3-998b-4a0e-a72b-cbca3503715b",
    "vertices" : [ {
      "x" : 0.0,
      "y" : 0.0,
      "z" : 0.0
    }, {
      "x" : 0.0,
      "y" : 0.0,
      "z" : 8.472136
    }, {
      "x" : 0.0,
      "y" : -25.416409,
      "z" : 8.472136
    }, {
      "x" : 0.0,
      "y" : -25.416409,
      "z" : 0.0
    } ],
    "faces" : [ {
      "vertices" : [ 0, 1, 2, 3 ]
    }, {
      "vertices" : [ 0, 3, 2, 1 ]
    } ]
  }, {
    "id" : "e7a3dce7-ac63-4bcc-8c15-ce6584054f00",
    "vertices" : [ {
      "x" : 0.0,
      "y" : 0.0,
      "z" : 0.0
    }, {
      "x" : 0.0,
      "y" : 0.0,
      "z" : -8.472136
    }, {
      "x" : 0.0,
      "y" : 8.472136,
      "z" : -8.472136
    }, {
      "x" : 0.0,
      "y" : 8.472136,
      "z" : 0.0
    } ],
    "faces" : [ {
      "vertices" : [ 0, 1, 2, 3 ]
    }, {
      "vertices" : [ 0, 3, 2, 1 ]
    } ]
  }, {
    "id" : "9e6d84ea-c4dc-4cd2-aba6-eacdb9d78206",
    "vertices" : [ {
      "x" : 0.0,
      "y" : 0.0,
      "z" : 0.0
    }, {
      "x" : 0.0,
      "y" : -8.472136,
      "z" : 0.0
    }, {
      "x" : 0.0,
      "y" : -8.472136,
      "z" : -25.416409
    }, {
      "x" : 0.0,
      "y" : 0.0,
      "z" : -25.416409
    } ],
    "faces" : [ {
      "vertices" : [ 0, 1, 2, 3 ]
    }, {
      "vertices" : [ 0, 3, 2, 1 ]
    } ]
  }, {
    "id" : "2e46e342-dcd9-44b6-bc92-5896c4f8d5a7",
    "vertices" : [ {
      "x" : 0.0,
      "y" : 0.0,
      "z" : 0.0
    }, {
      "x" : 0.0,
      "y" : -8.472136,
      "z" : 0.0
    }, {
      "x" : 0.0,
      "y" : -8.472136,
      "z" : -8.472136
    }, {
      "x" : 0.0,
      "y" : 0.0,
      "z" : -8.472136
    } ],
    "faces" : [ {
      "vertices" : [ 0, 1, 2, 3 ]
    }, {
      "vertices" : [ 0, 3, 2, 1 ]
    } ]
  }, {
    "id" : "64ab26f7-d57d-4379-af96-8916c5945b1e",
    "vertices" : [ {
      "x" : 0.0,
      "y" : 0.0,
      "z" : 0.0
    }, {
      "x" : 0.0,
      "y" : 25.416409,
      "z" : 0.0
    }, {
      "x" : 0.0,
      "y" : 25.416409,
      "z" : 8.472136
    }, {
      "x" : 0.0,
      "y" : 0.0,
      "z" : 8.472136
    } ],
    "faces" : [ {
      "vertices" : [ 0, 1, 2, 3 ]
    }, {
      "vertices" : [ 0, 3, 2, 1 ]
    } ]
  }, {
    "id" : "f3d269b6-8f6f-4de2-b997-1e7efdd7e710",
    "vertices" : [ {
      "x" : 0.0,
      "y" : 0.0,
      "z" : 0.0
    }, {
      "x" : 0.0,
      "y" : 8.472136,
      "z" : 0.0
    }, {
      "x" : 0.0,
      "y" : 8.472136,
      "z" : 25.416409
    }, {
      "x" : 0.0,
      "y" : 0.0,
      "z" : 25.416409
    } ],
    "faces" : [ {
      "vertices" : [ 0, 1, 2, 3 ]
    }, {
      "vertices" : [ 0, 3, 2, 1 ]
    } ]
  }, {
    "id" : "b2bf63ec-3a63-4cab-913d-5b60493da16a",
    "vertices" : [ {
      "x" : 0.0,
      "y" : 0.0,
      "z" : 0.0
    }, {
      "x" : 0.0,
      "y" : 0.0,
      "z" : -25.416409
    }, {
      "x" : 0.0,
      "y" : 8.472136,
      "z" : -25.416409
    }, {
      "x" : 0.0,
      "y" : 8.472136,
      "z" : 0.0
    } ],
    "faces" : [ {
      "vertices" : [ 0, 1, 2, 3 ]
    }, {
      "vertices" : [ 0, 3, 2, 1 ]
    } ]
  }, {
    "id" : "787ad9e3-96e2-414b-9b8f-9b86febecb1d",
    "vertices" : [ {
      "x" : 0.0,
      "y" : 0.0,
      "z" : 0.0
    }, {
      "x" : 0.0,
      "y" : 0.0,
      "z" : 8.472136
    }, {
      "x" : 0.0,
      "y" : -8.472136,
      "z" : 8.472136
    }, {
      "x" : 0.0,
      "y" : -8.472136,
      "z" : 0.0
    } ],
    "faces" : [ {
      "vertices" : [ 0, 1, 2, 3 ]
    }, {
      "vertices" : [ 0, 3, 2, 1 ]
    } ]
  }, {
    "id" : "40db2dad-8446-4055-bfa1-74d9e880bce7",
    "orbit" : "blue",
    "orbitC" : "[[0,0,1],[0,0,1]]",
    "length" : "[3,0,1]",
    "name" : " :3",
    "vertices" : [ {
      "x" : 24.416409,
      "y" : 0.309017,
      "z" : 0.19098301
    }, {
      "x" : 24.416409,
      "y" : 0.309017,
      "z" : -0.19098301
    }, {
      "x" : 1.0,
      "y" : 0.309017,
      "z" : -0.19098301
    }, {
      "x" : 1.0,
      "y" : 0.309017,
      "z" : 0.19098301
    }, {
      "x" : 24.416409,
      "y" : -0.309017,
      "z" : 0.19098301
    }, {
      "x" : 1.0,
      "y" : -0.309017,
      "z" : 0.19098301
    }, {
      "x" : 1.0,
      "y" : -0.309017,
      "z" : -0.19098301
    }, {
      "x" : 24.416409,
      "y" : -0.309017,
      "z" : -0.19098301
    }, {
      "x" : 25.416409,
      "y" : 0.0,
      "z" : 0.0
    } ],
    "faces" : [ {
      "vertices" : [ 1, 7, 6, 2 ]
    }, {
      "vertices" : [ 0, 1, 2, 3 ]
    }, {
      "vertices" : [ 4, 5, 6, 7 ]
    }, {
      "vertices" : [ 0, 3, 5, 4 ]
    } ]
  } ],
  "instances" : [ {
    "shape" : "f708d13c-8c18-4628-b5fd-7c8772ac69fa",
    "color" : "#FFFFFF",
    "position" : {
      "x" : -25.416409,
      "y" : 8.472136,
      "z" : -16.944271
    },
    "orientation" : 2
  }, {
    "shape" : "0c0eb360-fbef-4db4-8035-3ef389c15f34",
    "color" : "#008EC2",
    "position" : {
      "x" : -8.472136,
      "y" : -25.416409,
      "z" : 8.472136
    },
    "orientation" : 1
  }, {
    "shape" : "75d07029-645b-4032-9c8a-db0eafdd4529",
    "color" : "#FFFFFF",
    "position" : {
      "x" : 8.472136,
      "y" : -8.472136,
      "z" : -8.472136
    },
    "orientation" : 1
  }, {
    "shape" : "0c0eb360-fbef-4db4-8035-3ef389c15f34",
    "color" : "#008EC2",
    "position" : {
      "x" : -25.416409,
      "y" : -25.416409,
      "z" : 0.0
    },
    "orientation" : 47
  }, {
    "shape" : "7abbc819-d10d-4f7d-b83e-95774f960b9f",
    "color" : "#FFFFFF",
    "position" : {
      "x" : -16.944271,
      "y" : -8.472136,
      "z" : -25.416409
    },
    "orientation" : 16
  }, {
    "shape" : "0c0eb360-fbef-4db4-8035-3ef389c15f34",
    "color" : "#008EC2",
    "position" : {
      "x" : 16.944271,
      "y" : 0.0,
      "z" : 8.472136
    },
    "orientation" : 1
  }, {
    "shape" : "04fa1077-7531-4037-bd26-1a4b5fbde809",
    "color" : "#F2F2F2",
    "position" : {
      "x" : -8.472136,
      "y" : 0.0,
      "z" : 0.0
    }
  }, {
    "shape" : "04fa1077-7531-4037-bd26-1a4b5fbde809",
    "color" : "#F2F2F2",
    "position" : {
      "x" : -16.944271,
      "y" : -25.416409,
      "z" : -16.944271
    }
  }, {
    "shape" : "0c0eb360-fbef-4db4-8035-3ef389c15f34",
    "color" : "#008EC2",
    "position" : {
      "x" : -25.416409,
      "y" : 25.416409,
      "z" : 8.472136
    },
    "orientation" : 2
  }, {
    "shape" : "04fa1077-7531-4037-bd26-1a4b5fbde809",
    "color" : "#F2F2F2",
    "position" : {
      "x" : -25.416409,
      "y" : 25.416409,
      "z" : -25.416409
    }
  }, {
    "shape" : "be84e3d3-998b-4a0e-a72b-cbca3503715b",
    "color" : "#FFFFFF",
    "position" : {
      "x" : -25.416409,
      "y" : 16.944271,
      "z" : 16.944271
    },
    "orientation" : 47
  }, {
    "shape" : "0c0eb360-fbef-4db4-8035-3ef389c15f34",
    "color" : "#008EC2",
    "position" : {
      "x" : -16.944271,
      "y" : 25.416409,
      "z" : 25.416409
    },
    "orientation" : 45
  }, {
    "shape" : "0c0eb360-fbef-4db4-8035-3ef389c15f34",
    "color" : "#008EC2",
    "position" : {
      "x" : -16.944271,
      "y" : 8.472136,
      "z" : -16.944271
    },
    "orientation" : 0
  }, {
    "shape" : "0c0eb360-fbef-4db4-8035-3ef389c15f34",
    "color" : "#008EC2",
    "position" : {
      "x" : 16.944271,
      "y" : 0.0,
      "z" : 8.472136
    },
    "orientation" : 2
  }, {
    "shape" : "0c0eb360-fbef-4db4-8035-3ef389c15f34",
    "color" : "#008EC2",
    "position" : {
      "x" : -25.416409,
      "y" : 0.0,
      "z" : 25.416409
    },
    "orientation" : 0
  }, {
    "shape" : "04fa1077-7531-4037-bd26-1a4b5fbde809",
    "color" : "#F2F2F2",
    "position" : {
      "x" : -8.472136,
      "y" : 25.416409,
      "z" : 16.944271
    }
  }, {
    "shape" : "0c0eb360-fbef-4db4-8035-3ef389c15f34",
    "color" : "#008EC2",
    "position" : {
      "x" : 16.944271,
      "y" : -25.416409,
      "z" : -25.416409
    },
    "orientation" : 0
  }, {
    "shape" : "f708d13c-8c18-4628-b5fd-7c8772ac69fa",
    "color" : "#FFFFFF",
    "position" : {
      "x" : 25.416409,
      "y" : -16.944271,
      "z" : 8.472136
    },
    "orientation" : 16
  }, {
    "shape" : "e7a3dce7-ac63-4bcc-8c15-ce6584054f00",
    "color" : "#000000",
    "position" : {
      "x" : 0.0,
      "y" : 0.0,
      "z" : 25.416409
    },
    "orientation" : 16
  }, {
    "shape" : "04fa1077-7531-4037-bd26-1a4b5fbde809",
    "color" : "#F2F2F2",
    "position" : {
      "x" : 8.472136,
      "y" : -16.944271,
      "z" : -16.944271
    }
  }, {
    "shape" : "0c0eb360-fbef-4db4-8035-3ef389c15f34",
    "color" : "#008EC2",
    "position" : {
      "x" : -8.472136,
      "y" : -8.472136,
      "z" : 8.472136
    },
    "orientation" : 1
  }, {
    "shape" : "9e6d84ea-c4dc-4cd2-aba6-eacdb9d78206",
    "color" : "#FFFFFF",
    "position" : {
      "x" : 16.944271,
      "y" : -16.944271,
      "z" : 16.944271
    },
    "orientation" : 0
  }, {
    "shape" : "0c0eb360-fbef-4db4-8035-3ef389c15f34",
    "color" : "#008EC2",
    "position" : {
      "x" : 8.472136,
      "y" : 16.944271,
      "z" : 8.472136
    },
    "orientation" : 0
  }, {
    "shape" : "2e46e342-dcd9-44b6-bc92-5896c4f8d5a7",
    "color" : "#FFFFFF",
    "position" : {
      "x" : 0.0,
      "y" : 16.944271,
      "z" : -8.472136
    },
    "orientation" : 16
  }, {
    "shape" : "0c0eb360-fbef-4db4-8035-3ef389c15f34",
    "color" : "#008EC2",
    "position" : {
      "x" : -16.944271,
      "y" : 8.472136,
      "z" : 8.472136
    },
    "orientation" : 45
  }, {
    "shape" : "0c0eb360-fbef-4db4-8035-3ef389c15f34",
    "color" : "#008EC2",
    "position" : {
      "x" : -25.416409,
      "y" : 25.416409,
      "z" : 16.944271
    },
    "orientation" : 2
  }, {
    "shape" : "0c0eb360-fbef-4db4-8035-3ef389c15f34",
    "color" : "#008EC2",
    "position" : {
      "x" : -16.944271,
      "y" : 16.944271,
      "z" : 25.416409
    },
    "orientation" : 47
  }, {
    "shape" : "e7a3dce7-ac63-4bcc-8c15-ce6584054f00",
    "color" : "#FFFFFF",
    "position" : {
      "x" : 8.472136,
      "y" : 16.944271,
      "z" : -16.944271
    },
    "orientation" : 2
  }, {
    "shape" : "be84e3d3-998b-4a0e-a72b-cbca3503715b",
    "color" : "#FFFFFF",
    "position" : {
      "x" : -25.416409,
      "y" : 0.0,
      "z" : -25.416409
    },
    "orientation" : 47
  }, {
    "shape" : "0c0eb360-fbef-4db4-8035-3ef389c15f34",
    "color" : "#008EC2",
    "position" : {
      "x" : -8.472136,
      "y" : 8.472136,
      "z" : -8.472136
    },
    "orientation" : 47
  }, {
    "shape" : "04fa1077-7531-4037-bd26-1a4b5fbde809",
    "color" : "#F2F2F2",
    "position" : {
      "x" : -8.472136,
      "y" : 8.472136,
      "z" : 16.944271
    }
  }, {
    "shape" : "e7a3dce7-ac63-4bcc-8c15-ce6584054f00",
    "color" : "#000000",
    "position" : {
      "x" : -16.944271,
      "y" : 16.944271,
      "z" : 16.944271
    },
    "orientation" : 2
  }, {
    "shape" : "0c0eb360-fbef-4db4-8035-3ef389c15f34",
    "color" : "#008EC2",
    "position" : {
      "x" : 8.472136,
      "y" : 8.472136,
      "z" : 16.944271
    },
    "orientation" : 0
  }, {
    "shape" : "e7a3dce7-ac63-4bcc-8c15-ce6584054f00",
    "color" : "#000000",
    "position" : {
      "x" : -8.472136,
      "y" : 8.472136,
      "z" : 0.0
    },
    "orientation" : 47
  }, {
    "shape" : "04fa1077-7531-4037-bd26-1a4b5fbde809",
    "color" : "#F2F2F2",
    "position" : {
      "x" : -8.472136,
      "y" : 8.472136,
      "z" : 0.0
    }
  }, {
    "shape" : "9e6d84ea-c4dc-4cd2-aba6-eacdb9d78206",
    "color" : "#000000",
    "position" : {
      "x" : -25.416409,
      "y" : -8.472136,
      "z" : -16.944271
    },
    "orientation" : 45
  }, {
    "shape" : "0c0eb360-fbef-4db4-8035-3ef389c15f34",
    "color" : "#008EC2",
    "position" : {
      "x" : -8.472136,
      "y" : 16.944271,
      "z" : 16.944271
    },
    "orientation" : 16
  }, {
    "shape" : "0c0eb360-fbef-4db4-8035-3ef389c15f34",
    "color" : "#008EC2",
    "position" : {
      "x" : 0.0,
      "y" : 8.472136,
      "z" : 0.0
    },
    "orientation" : 47
  }, {
    "shape" : "0c0eb360-fbef-4db4-8035-3ef389c15f34",
    "color" : "#008EC2",
    "position" : {
      "x" : 16.944271,
      "y" : 16.944271,
      "z" : 0.0
    },
    "orientation" : 0
  }, {
    "shape" : "0c0eb360-fbef-4db4-8035-3ef389c15f34",
    "color" : "#008EC2",
    "position" : {
      "x" : 0.0,
      "y" : 8.472136,
      "z" : 25.416409
    },
    "orientation" : 16
  }, {
    "shape" : "04fa1077-7531-4037-bd26-1a4b5fbde809",
    "color" : "#FFFFFF",
    "position" : {
      "x" : 0.0,
      "y" : -25.416409,
      "z" : -8.472136
    }
  }, {
    "shape" : "0c0eb360-fbef-4db4-8035-3ef389c15f34",
    "color" : "#008EC2",
    "position" : {
      "x" : 25.416409,
      "y" : 16.944271,
      "z" : 0.0
    },
    "orientation" : 47
  }, {
    "shape" : "64ab26f7-d57d-4379-af96-8916c5945b1e",
    "color" : "#FFFFFF",
    "position" : {
      "x" : 16.944271,
      "y" : 25.416409,
      "z" : -16.944271
    },
    "orientation" : 1
  }, {
    "shape" : "0c0eb360-fbef-4db4-8035-3ef389c15f34",
    "color" : "#008EC2",
    "position" : {
      "x" : 8.472136,
      "y" : 25.416409,
      "z" : -8.472136
    },
    "orientation" : 0
  }, {
    "shape" : "04fa1077-7531-4037-bd26-1a4b5fbde809",
    "color" : "#F2F2F2",
    "position" : {
      "x" : 8.472136,
      "y" : 0.0,
      "z" : 8.472136
    }
  }, {
    "shape" : "0c0eb360-fbef-4db4-8035-3ef389c15f34",
    "color" : "#008EC2",
    "position" : {
      "x" : 8.472136,
      "y" : -8.472136,
      "z" : 16.944271
    },
    "orientation" : 0
  }, {
    "shape" : "2e46e342-dcd9-44b6-bc92-5896c4f8d5a7",
    "color" : "#000000",
    "position" : {
      "x" : 0.0,
      "y" : 8.472136,
      "z" : 0.0
    },
    "orientation" : 0
  }, {
    "shape" : "0c0eb360-fbef-4db4-8035-3ef389c15f34",
    "color" : "#008EC2",
    "position" : {
      "x" : 8.472136,
      "y" : 8.472136,
      "z" : 16.944271
    },
    "orientation" : 1
  }, {
    "shape" : "64ab26f7-d57d-4379-af96-8916c5945b1e",
    "color" : "#FFFFFF",
    "position" : {
      "x" : -25.416409,
      "y" : 16.944271,
      "z" : -25.416409
    },
    "orientation" : 1
  }, {
    "shape" : "0c0eb360-fbef-4db4-8035-3ef389c15f34",
    "color" : "#008EC2",
    "position" : {
      "x" : 8.472136,
      "y" : 16.944271,
      "z" : 16.944271
    },
    "orientation" : 45
  }, {
    "shape" : "04fa1077-7531-4037-bd26-1a4b5fbde809",
    "color" : "#F2F2F2",
    "position" : {
      "x" : 0.0,
      "y" : 0.0,
      "z" : -16.944271
    }
  }, {
    "shape" : "f708d13c-8c18-4628-b5fd-7c8772ac69fa",
    "color" : "#000000",
    "position" : {
      "x" : -16.944271,
      "y" : 0.0,
      "z" : 0.0
    },
    "orientation" : 2
  }, {
    "shape" : "e7a3dce7-ac63-4bcc-8c15-ce6584054f00",
    "color" : "#000000",
    "position" : {
      "x" : -8.472136,
      "y" : -8.472136,
      "z" : 0.0
    },
    "orientation" : 2
  }, {
    "shape" : "0c0eb360-fbef-4db4-8035-3ef389c15f34",
    "color" : "#008EC2",
    "position" : {
      "x" : 16.944271,
      "y" : 8.472136,
      "z" : 16.944271
    },
    "orientation" : 1
  }, {
    "shape" : "04fa1077-7531-4037-bd26-1a4b5fbde809",
    "color" : "#F2F2F2",
    "position" : {
      "x" : -25.416409,
      "y" : 16.944271,
      "z" : -25.416409
    }
  }, {
    "shape" : "2e46e342-dcd9-44b6-bc92-5896c4f8d5a7",
    "color" : "#FFFFFF",
    "position" : {
      "x" : 8.472136,
      "y" : 0.0,
      "z" : 0.0
    },
    "orientation" : 0
  }, {
    "shape" : "04fa1077-7531-4037-bd26-1a4b5fbde809",
    "color" : "#F2F2F2",
    "position" : {
      "x" : 8.472136,
      "y" : 16.944271,
      "z" : 0.0
    }
  }, {
    "shape" : "0c0eb360-fbef-4db4-8035-3ef389c15f34",
    "color" : "#008EC2",
    "position" : {
      "x" : 0.0,
      "y" : 8.472136,
      "z" : -8.472136
    },
    "orientation" : 1
  }, {
    "shape" : "0c0eb360-fbef-4db4-8035-3ef389c15f34",
    "color" : "#008EC2",
    "position" : {
      "x" : -8.472136,
      "y" : 0.0,
      "z" : 8.472136
    },
    "orientation" : 0
  }, {
    "shape" : "0c0eb360-fbef-4db4-8035-3ef389c15f34",
    "color" : "#008EC2",
    "position" : {
      "x" : -8.472136,
      "y" : -16.944271,
      "z" : 8.472136
    },
    "orientation" : 45
  }, {
    "shape" : "04fa1077-7531-4037-bd26-1a4b5fbde809",
    "color" : "#F2F2F2",
    "position" : {
      "x" : 25.416409,
      "y" : 0.0,
      "z" : -8.472136
    }
  }, {
    "shape" : "0c0eb360-fbef-4db4-8035-3ef389c15f34",
    "color" : "#008EC2",
    "position" : {
      "x" : 25.416409,
      "y" : 16.944271,
      "z" : -16.944271
    },
    "orientation" : 47
  }, {
    "shape" : "04fa1077-7531-4037-bd26-1a4b5fbde809",
    "color" : "#F2F2F2",
    "position" : {
      "x" : 0.0,
      "y" : 16.944271,
      "z" : 16.944271
    }
  }, {
    "shape" : "2e46e342-dcd9-44b6-bc92-5896c4f8d5a7",
    "color" : "#000000",
    "position" : {
      "x" : -16.944271,
      "y" : -8.472136,
      "z" : -16.944271
    },
    "orientation" : 45
  }, {
    "shape" : "0c0eb360-fbef-4db4-8035-3ef389c15f34",
    "color" : "#008EC2",
    "position" : {
      "x" : 8.472136,
      "y" : 0.0,
      "z" : -8.472136
    },
    "orientation" : 47
  }, {
    "shape" : "f3d269b6-8f6f-4de2-b997-1e7efdd7e710",
    "color" : "#000000",
    "position" : {
      "x" : -16.944271,
      "y" : -16.944271,
      "z" : 0.0
    },
    "orientation" : 1
  }, {
    "shape" : "9e6d84ea-c4dc-4cd2-aba6-eacdb9d78206",
    "color" : "#FFFFFF",
    "position" : {
      "x" : 8.472136,
      "y" : -16.944271,
      "z" : -8.472136
    },
    "orientation" : 45
  }, {
    "shape" : "0c0eb360-fbef-4db4-8035-3ef389c15f34",
    "color" : "#008EC2",
    "position" : {
      "x" : -25.416409,
      "y" : -8.472136,
      "z" : -25.416409
    },
    "orientation" : 1
  }, {
    "shape" : "0c0eb360-fbef-4db4-8035-3ef389c15f34",
    "color" : "#008EC2",
    "position" : {
      "x" : 0.0,
      "y" : 25.416409,
      "z" : -16.944271
    },
    "orientation" : 16
  }, {
    "shape" : "0c0eb360-fbef-4db4-8035-3ef389c15f34",
    "color" : "#008EC2",
    "position" : {
      "x" : 8.472136,
      "y" : -8.472136,
      "z" : -16.944271
    },
    "orientation" : 2
  }, {
    "shape" : "0c0eb360-fbef-4db4-8035-3ef389c15f34",
    "color" : "#008EC2",
    "position" : {
      "x" : 8.472136,
      "y" : -25.416409,
      "z" : 16.944271
    },
    "orientation" : 2
  }, {
    "shape" : "0c0eb360-fbef-4db4-8035-3ef389c15f34",
    "color" : "#008EC2",
    "position" : {
      "x" : 16.944271,
      "y" : -8.472136,
      "z" : 16.944271
    },
    "orientation" : 0
  }, {
    "shape" : "e7a3dce7-ac63-4bcc-8c15-ce6584054f00",
    "color" : "#000000",
    "position" : {
      "x" : 8.472136,
      "y" : 0.0,
      "z" : 8.472136
    },
    "orientation" : 47
  }, {
    "shape" : "e7a3dce7-ac63-4bcc-8c15-ce6584054f00",
    "color" : "#000000",
    "position" : {
      "x" : -8.472136,
      "y" : 8.472136,
      "z" : 25.416409
    },
    "orientation" : 16
  }, {
    "shape" : "0c0eb360-fbef-4db4-8035-3ef389c15f34",
    "color" : "#008EC2",
    "position" : {
      "x" : -8.472136,
      "y" : 0.0,
      "z" : -8.472136
    },
    "orientation" : 45
  }, {
    "shape" : "0c0eb360-fbef-4db4-8035-3ef389c15f34",
    "color" : "#008EC2",
    "position" : {
      "x" : 8.472136,
      "y" : 0.0,
      "z" : 16.944271
    },
    "orientation" : 1
  }, {
    "shape" : "0c0eb360-fbef-4db4-8035-3ef389c15f34",
    "color" : "#008EC2",
    "position" : {
      "x" : 16.944271,
      "y" : 16.944271,
      "z" : 8.472136
    },
    "orientation" : 0
  }, {
    "shape" : "04fa1077-7531-4037-bd26-1a4b5fbde809",
    "color" : "#F2F2F2",
    "position" : {
      "x" : 8.472136,
      "y" : -16.944271,
      "z" : 25.416409
    }
  }, {
    "shape" : "04fa1077-7531-4037-bd26-1a4b5fbde809",
    "color" : "#FFFFFF",
    "position" : {
      "x" : -16.944271,
      "y" : 8.472136,
      "z" : -8.472136
    }
  }, {
    "shape" : "75d07029-645b-4032-9c8a-db0eafdd4529",
    "color" : "#000000",
    "position" : {
      "x" : 16.944271,
      "y" : 0.0,
      "z" : 0.0
    },
    "orientation" : 1
  }, {
    "shape" : "75d07029-645b-4032-9c8a-db0eafdd4529",
    "color" : "#FFFFFF",
    "position" : {
      "x" : 8.472136,
      "y" : 8.472136,
      "z" : -16.944271
    },
    "orientation" : 1
  }, {
    "shape" : "0c0eb360-fbef-4db4-8035-3ef389c15f34",
    "color" : "#FFFFFF",
    "position" : {
      "x" : 0.0,
      "y" : 0.0,
      "z" : -16.944271
    },
