{
  "polygons" : "true",
  "field" : "golden",
  "symmetry" : "icosahedral",
  "orientations" : [ [ 1.0, 0.0, 0.0, 0.0, 0.0, 1.0, 0.0, 0.0, 0.0, 0.0, 1.0, 0.0, 0.0, 0.0, 0.0, 1.0 ], [ 0.0, 0.0, 1.0, 0.0, 1.0, 0.0, 0.0, 0.0, 0.0, 1.0, 0.0, 0.0, 0.0, 0.0, 0.0, 1.0 ], [ 0.0, 1.0, 0.0, 0.0, 0.0, 0.0, 1.0, 0.0, 1.0, 0.0, 0.0, 0.0, 0.0, 0.0, 0.0, 1.0 ], [ 0.809017, 0.309017, 0.5, 0.0, 0.309017, 0.5, -0.809017, 0.0, -0.5, 0.809017, 0.309017, 0.0, 0.0, 0.0, 0.0, 1.0 ], [ -0.5, 0.809017, 0.309017, 0.0, 0.809017, 0.309017, 0.5, 0.0, 0.309017, 0.5, -0.809017, 0.0, 0.0, 0.0, 0.0, 1.0 ], [ 0.309017, 0.5, -0.809017, 0.0, -0.5, 0.809017, 0.309017, 0.0, 0.809017, 0.309017, 0.5, 0.0, 0.0, 0.0, 0.0, 1.0 ], [ 0.5, 0.809017, 0.309017, 0.0, 0.809017, -0.309017, -0.5, 0.0, -0.309017, 0.5, -0.809017, 0.0, 0.0, 0.0, 0.0, 1.0 ], [ -0.309017, 0.5, -0.809017, 0.0, 0.5, 0.809017, 0.309017, 0.0, 0.809017, -0.309017, -0.5, 0.0, 0.0, 0.0, 0.0, 1.0 ], [ 0.809017, -0.309017, -0.5, 0.0, -0.309017, 0.5, -0.809017, 0.0, 0.5, 0.809017, 0.309017, 0.0, 0.0, 0.0, 0.0, 1.0 ], [ 0.5, 0.809017, -0.309017, 0.0, 0.809017, -0.309017, 0.5, 0.0, 0.309017, -0.5, -0.809017, 0.0, 0.0, 0.0, 0.0, 1.0 ], [ 0.309017, -0.5, -0.809017, 0.0, 0.5, 0.809017, -0.309017, 0.0, 0.809017, -0.309017, 0.5, 0.0, 0.0, 0.0, 0.0, 1.0 ], [ 0.809017, -0.309017, 0.5, 0.0, 0.309017, -0.5, -0.809017, 0.0, 0.5, 0.809017, -0.309017, 0.0, 0.0, 0.0, 0.0, 1.0 ], [ 0.809017, 0.309017, -0.5, 0.0, 0.309017, 0.5, 0.809017, 0.0, 0.5, -0.809017, 0.309017, 0.0, 0.0, 0.0, 0.0, 1.0 ], [ 0.5, -0.809017, 0.309017, 0.0, 0.809017, 0.309017, -0.5, 0.0, 0.309017, 0.5, 0.809017, 0.0, 0.0, 0.0, 0.0, 1.0 ], [ 0.309017, 0.5, 0.809017, 0.0, 0.5, -0.809017, 0.309017, 0.0, 0.809017, 0.309017, -0.5, 0.0, 0.0, 0.0, 0.0, 1.0 ], [ 1.0, 0.0, 0.0, 0.0, 0.0, -1.0, 0.0, 0.0, 0.0, 0.0, -1.0, 0.0, 0.0, 0.0, 0.0, 1.0 ], [ 0.0, 0.0, 1.0, 0.0, -1.0, 0.0, 0.0, 0.0, 0.0, -1.0, 0.0, 0.0, 0.0, 0.0, 0.0, 1.0 ], [ 0.0, 1.0, 0.0, 0.0, 0.0, 0.0, -1.0, 0.0, -1.0, 0.0, 0.0, 0.0, 0.0, 0.0, 0.0, 1.0 ], [ 0.809017, 0.309017, 0.5, 0.0, -0.309017, -0.5, 0.809017, 0.0, 0.5, -0.809017, -0.309017, 0.0, 0.0, 0.0, 0.0, 1.0 ], [ -0.5, 0.809017, 0.309017, 0.0, -0.809017, -0.309017, -0.5, 0.0, -0.309017, -0.5, 0.809017, 0.0, 0.0, 0.0, 0.0, 1.0 ], [ 0.309017, 0.5, -0.809017, 0.0, 0.5, -0.809017, -0.309017, 0.0, -0.809017, -0.309017, -0.5, 0.0, 0.0, 0.0, 0.0, 1.0 ], [ 0.5, 0.809017, 0.309017, 0.0, -0.809017, 0.309017, 0.5, 0.0, 0.309017, -0.5, 0.809017, 0.0, 0.0, 0.0, 0.0, 1.0 ], [ -0.309017, 0.5, -0.809017, 0.0, -0.5, -0.809017, -0.309017, 0.0, -0.809017, 0.309017, 0.5, 0.0, 0.0, 0.0, 0.0, 1.0 ], [ 0.809017, -0.309017, -0.5, 0.0, 0.309017, -0.5, 0.809017, 0.0, -0.5, -0.809017, -0.309017, 0.0, 0.0, 0.0, 0.0, 1.0 ], [ 0.5, 0.809017, -0.309017, 0.0, -0.809017, 0.309017, -0.5, 0.0, -0.309017, 0.5, 0.809017, 0.0, 0.0, 0.0, 0.0, 1.0 ], [ 0.309017, -0.5, -0.809017, 0.0, -0.5, -0.809017, 0.309017, 0.0, -0.809017, 0.309017, -0.5, 0.0, 0.0, 0.0, 0.0, 1.0 ], [ 0.809017, -0.309017, 0.5, 0.0, -0.309017, 0.5, 0.809017, 0.0, -0.5, -0.809017, 0.309017, 0.0, 0.0, 0.0, 0.0, 1.0 ], [ 0.809017, 0.309017, -0.5, 0.0, -0.309017, -0.5, -0.809017, 0.0, -0.5, 0.809017, -0.309017, 0.0, 0.0, 0.0, 0.0, 1.0 ], [ 0.5, -0.809017, 0.309017, 0.0, -0.809017, -0.309017, 0.5, 0.0, -0.309017, -0.5, -0.809017, 0.0, 0.0, 0.0, 0.0, 1.0 ], [ 0.309017, 0.5, 0.809017, 0.0, -0.5, 0.809017, -0.309017, 0.0, -0.809017, -0.309017, 0.5, 0.0, 0.0, 0.0, 0.0, 1.0 ], [ -1.0, 0.0, 0.0, 0.0, 0.0, -1.0, 0.0, 0.0, 0.0, 0.0, 1.0, 0.0, 0.0, 0.0, 0.0, 1.0 ], [ 0.0, 0.0, -1.0, 0.0, -1.0, 0.0, 0.0, 0.0, 0.0, 1.0, 0.0, 0.0, 0.0, 0.0, 0.0, 1.0 ], [ 0.0, -1.0, 0.0, 0.0, 0.0, 0.0, -1.0, 0.0, 1.0, 0.0, 0.0, 0.0, 0.0, 0.0, 0.0, 1.0 ], [ -0.809017, -0.309017, -0.5, 0.0, -0.309017, -0.5, 0.809017, 0.0, -0.5, 0.809017, 0.309017, 0.0, 0.0, 0.0, 0.0, 1.0 ], [ 0.5, -0.809017, -0.309017, 0.0, -0.809017, -0.309017, -0.5, 0.0, 0.309017, 0.5, -0.809017, 0.0, 0.0, 0.0, 0.0, 1.0 ], [ -0.309017, -0.5, 0.809017, 0.0, 0.5, -0.809017, -0.309017, 0.0, 0.809017, 0.309017, 0.5, 0.0, 0.0, 0.0, 0.0, 1.0 ], [ -0.5, -0.809017, -0.309017, 0.0, -0.809017, 0.309017, 0.5, 0.0, -0.309017, 0.5, -0.809017, 0.0, 0.0, 0.0, 0.0, 1.0 ], [ 0.309017, -0.5, 0.809017, 0.0, -0.5, -0.809017, -0.309017, 0.0, 0.809017, -0.309017, -0.5, 0.0, 0.0, 0.0, 0.0, 1.0 ], [ -0.809017, 0.309017, 0.5, 0.0, 0.309017, -0.5, 0.809017, 0.0, 0.5, 0.809017, 0.309017, 0.0, 0.0, 0.0, 0.0, 1.0 ], [ -0.5, -0.809017, 0.309017, 0.0, -0.809017, 0.309017, -0.5, 0.0, 0.309017, -0.5, -0.809017, 0.0, 0.0, 0.0, 0.0, 1.0 ], [ -0.309017, 0.5, 0.809017, 0.0, -0.5, -0.809017, 0.309017, 0.0, 0.809017, -0.309017, 0.5, 0.0, 0.0, 0.0, 0.0, 1.0 ], [ -0.809017, 0.309017, -0.5, 0.0, -0.309017, 0.5, 0.809017, 0.0, 0.5, 0.809017, -0.309017, 0.0, 0.0, 0.0, 0.0, 1.0 ], [ -0.809017, -0.309017, 0.5, 0.0, -0.309017, -0.5, -0.809017, 0.0, 0.5, -0.809017, 0.309017, 0.0, 0.0, 0.0, 0.0, 1.0 ], [ -0.5, 0.809017, -0.309017, 0.0, -0.809017, -0.309017, 0.5, 0.0, 0.309017, 0.5, 0.809017, 0.0, 0.0, 0.0, 0.0, 1.0 ], [ -0.309017, -0.5, -0.809017, 0.0, -0.5, 0.809017, -0.309017, 0.0, 0.809017, 0.309017, -0.5, 0.0, 0.0, 0.0, 0.0, 1.0 ], [ -1.0, 0.0, 0.0, 0.0, 0.0, 1.0, 0.0, 0.0, 0.0, 0.0, -1.0, 0.0, 0.0, 0.0, 0.0, 1.0 ], [ 0.0, 0.0, -1.0, 0.0, 1.0, 0.0, 0.0, 0.0, 0.0, -1.0, 0.0, 0.0, 0.0, 0.0, 0.0, 1.0 ], [ 0.0, -1.0, 0.0, 0.0, 0.0, 0.0, 1.0, 0.0, -1.0, 0.0, 0.0, 0.0, 0.0, 0.0, 0.0, 1.0 ], [ -0.809017, -0.309017, -0.5, 0.0, 0.309017, 0.5, -0.809017, 0.0, 0.5, -0.809017, -0.309017, 0.0, 0.0, 0.0, 0.0, 1.0 ], [ 0.5, -0.809017, -0.309017, 0.0, 0.809017, 0.309017, 0.5, 0.0, -0.309017, -0.5, 0.809017, 0.0, 0.0, 0.0, 0.0, 1.0 ], [ -0.309017, -0.5, 0.809017, 0.0, -0.5, 0.809017, 0.309017, 0.0, -0.809017, -0.309017, -0.5, 0.0, 0.0, 0.0, 0.0, 1.0 ], [ -0.5, -0.809017, -0.309017, 0.0, 0.809017, -0.309017, -0.5, 0.0, 0.309017, -0.5, 0.809017, 0.0, 0.0, 0.0, 0.0, 1.0 ], [ 0.309017, -0.5, 0.809017, 0.0, 0.5, 0.809017, 0.309017, 0.0, -0.809017, 0.309017, 0.5, 0.0, 0.0, 0.0, 0.0, 1.0 ], [ -0.809017, 0.309017, 0.5, 0.0, -0.309017, 0.5, -0.809017, 0.0, -0.5, -0.809017, -0.309017, 0.0, 0.0, 0.0, 0.0, 1.0 ], [ -0.5, -0.809017, 0.309017, 0.0, 0.809017, -0.309017, 0.5, 0.0, -0.309017, 0.5, 0.809017, 0.0, 0.0, 0.0, 0.0, 1.0 ], [ -0.309017, 0.5, 0.809017, 0.0, 0.5, 0.809017, -0.309017, 0.0, -0.809017, 0.309017, -0.5, 0.0, 0.0, 0.0, 0.0, 1.0 ], [ -0.809017, 0.309017, -0.5, 0.0, 0.309017, -0.5, -0.809017, 0.0, -0.5, -0.809017, 0.309017, 0.0, 0.0, 0.0, 0.0, 1.0 ], [ -0.809017, -0.309017, 0.5, 0.0, 0.309017, 0.5, 0.809017, 0.0, -0.5, 0.809017, -0.309017, 0.0, 0.0, 0.0, 0.0, 1.0 ], [ -0.5, 0.809017, -0.309017, 0.0, 0.809017, 0.309017, -0.5, 0.0, -0.309017, -0.5, -0.809017, 0.0, 0.0, 0.0, 0.0, 1.0 ], [ -0.309017, -0.5, -0.809017, 0.0, 0.5, -0.809017, 0.309017, 0.0, -0.809017, -0.309017, 0.5, 0.0, 0.0, 0.0, 0.0, 1.0 ] ],
  "lights" : {
    "directionalLights" : [ {
      "direction" : [ 1.0, -1.0, -1.0 ],
      "color" : "#EBEBE4"
    }, {
      "direction" : [ -1.0, 0.0, 0.0 ],
      "color" : "#E4E4EB"
    }, {
      "direction" : [ 0.0, 0.0, -1.0 ],
      "color" : "#1E1E1E"
    } ],
    "backgroundColor" : "#AFC8DC",
    "ambientColor" : "#292929"
  },
  "camera" : {
    "width" : 39.266495,
    "position" : {
      "x" : -43.629444,
      "y" : 70.593925,
      "z" : 26.96448
    },
    "lookAtPoint" : {
      "x" : 0.0,
      "y" : 0.0,
      "z" : 0.0
    },
    "lookDirection" : {
      "x" : 0.5,
      "y" : -0.809017,
      "z" : -0.309017
    },
    "upDirection" : {
      "x" : -0.8506508,
      "y" : -0.5257311,
      "z" : 0.0
    },
    "farClipDistance" : 174.51778,
    "nearClipDistance" : 0.2181472,
    "perspective" : false,
    "fieldOfView" : 0.44262883,
    "lookAtPointRV" : {
      "x" : 0.0,
      "y" : 0.0,
      "z" : 0.0,
      "zero" : true
    },
    "upDirectionRV" : {
      "x" : -0.8506508,
      "y" : -0.5257311,
      "z" : 0.0,
      "zero" : false
    },
    "viewDistance" : 87.25889,
    "lookDirectionRV" : {
      "x" : 0.5,
      "y" : -0.809017,
      "z" : -0.309017,
      "zero" : false
    },
    "stereo" : false
  },
  "embedding" : [ 1.0, 0.0, 0.0, 0.0, 0.0, 1.0, 0.0, 0.0, 0.0, 0.0, 1.0, 0.0, 0.0, 0.0, 0.0, 1.0 ],
  "shapes" : [ {
    "id" : "26af947b-8d98-4a51-a4ae-b87f97edfc81",
    "vertices" : [ {
      "x" : 0.0,
      "y" : 0.0,
      "z" : 0.0
    }, {
      "x" : 0.0,
      "y" : 8.472136,
      "z" : 0.0
    }, {
      "x" : 2.618034,
      "y" : 4.236068,
      "z" : 6.854102
    } ],
    "faces" : [ {
      "vertices" : [ 0, 1, 2 ]
    }, {
      "vertices" : [ 0, 2, 1 ]
    } ]
  }, {
    "id" : "88e928fc-6ac6-4e99-8278-e597e9568cf3",
    "orbit" : "blue",
    "orbitC" : "[[0,0,1],[0,0,1]]",
    "length" : "[1,0,1]",
    "name" : "b1",
    "vertices" : [ {
      "x" : 1.0,
      "y" : 0.309017,
      "z" : 0.19098301
    }, {
      "x" : 1.0,
      "y" : -0.309017,
      "z" : 0.19098301
    }, {
      "x" : 7.472136,
      "y" : -0.309017,
      "z" : 0.19098301
    }, {
      "x" : 7.472136,
      "y" : 0.309017,
      "z" : 0.19098301
    }, {
      "x" : 7.472136,
      "y" : -0.309017,
      "z" : -0.19098301
    }, {
      "x" : 7.472136,
      "y" : 0.309017,
      "z" : -0.19098301
    }, {
      "x" : 8.09017,
      "y" : 0.0,
      "z" : 0.0
    }, {
      "x" : 0.38196602,
      "y" : 0.0,
      "z" : 0.0
    }, {
      "x" : 1.0,
      "y" : 0.309017,
      "z" : -0.19098301
    }, {
      "x" : 1.0,
      "y" : -0.309017,
      "z" : -0.19098301
    }, {
      "x" : 8.472136,
      "y" : 0.0,
      "z" : 0.0
    } ],
    "faces" : [ {
      "vertices" : [ 1, 9, 4, 2 ]
    }, {
      "vertices" : [ 0, 3, 5, 8 ]
    }, {
      "vertices" : [ 1, 7, 9 ]
    }, {
      "vertices" : [ 0, 1, 2, 3 ]
    }, {
      "vertices" : [ 7, 8, 9 ]
    }, {
      "vertices" : [ 0, 7, 1 ]
    }, {
      "vertices" : [ 4, 9, 8, 5 ]
    }, {
      "vertices" : [ 2, 6, 3 ]
    }, {
      "vertices" : [ 2, 4, 6 ]
    }, {
      "vertices" : [ 3, 6, 5 ]
    }, {
      "vertices" : [ 4, 5, 6 ]
    }, {
      "vertices" : [ 0, 8, 7 ]
    } ]
  }, {
    "id" : "a27bd17b-ca91-47cc-b02d-b3191e243ee6",
    "name" : "ball",
    "vertices" : [ {
      "x" : -0.309017,
      "y" : -0.19098301,
      "z" : 0.0
    }, {
      "x" : -0.309017,
      "y" : 0.19098301,
      "z" : 0.0
    }, {
      "x" : -0.19098301,
      "y" : 0.0,
      "z" : -0.309017
    }, {
      "x" : -0.19098301,
      "y" : 0.0,
      "z" : 0.309017
    }, {
      "x" : 0.0,
      "y" : -0.309017,
      "z" : -0.19098301
    }, {
      "x" : 0.0,
      "y" : -0.309017,
      "z" : 0.19098301
    }, {
      "x" : 0.0,
      "y" : 0.309017,
      "z" : -0.19098301
    }, {
      "x" : 0.0,
      "y" : 0.309017,
      "z" : 0.19098301
    }, {
      "x" : 0.19098301,
      "y" : 0.0,
      "z" : -0.309017
    }, {
      "x" : 0.19098301,
      "y" : 0.0,
      "z" : 0.309017
    }, {
      "x" : 0.309017,
      "y" : -0.19098301,
      "z" : 0.0
    }, {
      "x" : 0.309017,
      "y" : 0.19098301,
      "z" : 0.0
    } ],
    "faces" : [ {
      "vertices" : [ 0, 1, 2 ]
    }, {
      "vertices" : [ 0, 3, 1 ]
    }, {
      "vertices" : [ 0, 2, 4 ]
    }, {
      "vertices" : [ 0, 5, 3 ]
    }, {
      "vertices" : [ 0, 4, 5 ]
    }, {
      "vertices" : [ 1, 6, 2 ]
    }, {
      "vertices" : [ 1, 3, 7 ]
    }, {
      "vertices" : [ 1, 7, 6 ]
    }, {
      "vertices" : [ 2, 8, 4 ]
    }, {
      "vertices" : [ 2, 6, 8 ]
    }, {
      "vertices" : [ 3, 5, 9 ]
    }, {
      "vertices" : [ 3, 9, 7 ]
    }, {
      "vertices" : [ 4, 10, 5 ]
    }, {
      "vertices" : [ 4, 8, 10 ]
    }, {
      "vertices" : [ 5, 10, 9 ]
    }, {
      "vertices" : [ 6, 7, 11 ]
    }, {
      "vertices" : [ 6, 11, 8 ]
    }, {
      "vertices" : [ 7, 9, 11 ]
    }, {
      "vertices" : [ 8, 11, 10 ]
    }, {
      "vertices" : [ 9, 10, 11 ]
    } ]
  }, {
    "id" : "51a7886c-c59e-4a3c-ac38-52fa774f01c4",
    "vertices" : [ {
      "x" : 0.0,
      "y" : 0.0,
      "z" : 0.0
    }, {
      "x" : 2.618034,
      "y" : -4.236068,
      "z" : 6.854102
    }, {
      "x" : 0.0,
      "y" : -8.472136,
      "z" : 0.0
    } ],
    "faces" : [ {
      "vertices" : [ 0, 1, 2 ]
    }, {
      "vertices" : [ 0, 2, 1 ]
    } ]
  }, {
    "id" : "6575ffa2-11c9-45c1-ac0f-2b603375545c",
    "orbit" : "1",
    "orbitC" : "[[-8,5,1],[-11,7,1]]",
    "length" : "[1,0,1]",
    "name" : "short",
    "vertices" : [ {
      "x" : -7.4421387,
      "y" : -0.79837924,
      "z" : 2.2061586
    }, {
      "x" : -7.5421386,
      "y" : -0.39837924,
      "z" : 2.3061585
    }, {
      "x" : -0.58278376,
      "y" : 0.074772425,
      "z" : 0.41187537
    }, {
      "x" : -0.48278376,
      "y" : -0.3252276,
      "z" : 0.31187534
    }, {
      "x" : -7.3088055,
      "y" : -0.53171253,
      "z" : 2.6061587
    }, {
      "x" : -7.208805,
      "y" : -0.93171257,
      "z" : 2.5061586
    }, {
      "x" : -0.7161171,
      "y" : -0.19189425,
      "z" : 0.011875356
    }, {
      "x" : -0.8161171,
      "y" : 0.20810576,
      "z" : 0.111875355
    } ],
    "faces" : [ {
      "vertices" : [ 2, 3, 6, 7 ]
    }, {
      "vertices" : [ 0, 5, 4, 1 ]
    }, {
      "vertices" : [ 2, 4, 5, 3 ]
    }, {
      "vertices" : [ 0, 6, 3, 5 ]
    }, {
      "vertices" : [ 0, 1, 7, 6 ]
    }, {
      "vertices" : [ 1, 4, 2, 7 ]
    } ]
  }, {
    "id" : "da9c4ea5-766f-4b35-b1f6-e75f97bd960a",
    "vertices" : [ {
      "x" : 0.0,
      "y" : 0.0,
      "z" : 0.0
    }, {
      "x" : 5.4068885,
      "y" : 4.959675,
      "z" : 4.236068
    }, {
      "x" : 0.0,
      "y" : 0.0,
      "z" : 8.472136
    } ],
    "faces" : [ {
      "vertices" : [ 0, 1, 2 ]
    }, {
      "vertices" : [ 0, 2, 1 ]
    } ]
  }, {
    "id" : "8f5c5e24-dc2e-4f18-81fb-a1f5fd4a4554",
    "vertices" : [ {
      "x" : 0.0,
      "y" : 0.0,
      "z" : 0.0
    }, {
      "x" : 5.4068885,
      "y" : 4.959675,
      "z" : 4.236068
    }, {
      "x" : 9.642957,
      "y" : -1.8944272,
      "z" : 6.854102
    }, {
      "x" : 4.236068,
      "y" : -6.854102,
      "z" : 2.618034
    } ],
    "faces" : [ {
      "vertices" : [ 0, 1, 2, 3 ]
    }, {
      "vertices" : [ 0, 3, 2, 1 ]
    } ]
  }, {
    "id" : "a730adbe-87a5-4fac-9b98-7534a5bc22b1",
    "vertices" : [ {
      "x" : 0.0,
      "y" : 0.0,
      "z" : 0.0
    }, {
      "x" : -5.4068885,
      "y" : -4.959675,
      "z" : 4.236068
    }, {
      "x" : -5.4068885,
      "y" : -4.959675,
      "z" : -4.236068
    } ],
    "faces" : [ {
      "vertices" : [ 0, 1, 2 ]
    }, {
      "vertices" : [ 0, 2, 1 ]
    } ]
  }, {
    "id" : "6ea976ab-4763-48a3-8744-cfbb5b7580e7",
    "vertices" : [ {
      "x" : 0.0,
      "y" : 0.0,
      "z" : 0.0
    }, {
      "x" : 2.618034,
      "y" : -4.236068,
      "z" : -6.854102
    }, {
      "x" : 0.0,
      "y" : 0.0,
      "z" : -13.708204
    }, {
      "x" : -4.236068,
      "y" : 6.854102,
      "z" : -11.09017
    }, {
      "x" : -4.236068,
      "y" : 6.854102,
      "z" : -2.618034
    } ],
    "faces" : [ {
      "vertices" : [ 0, 1, 2, 3, 4 ]
    }, {
      "vertices" : [ 0, 4, 3, 2, 1 ]
    } ]
  }, {
    "id" : "12608996-031f-4a0e-8341-5023ec7885aa",
    "vertices" : [ {
      "x" : 0.0,
      "y" : 0.0,
      "z" : 0.0
    }, {
      "x" : 0.0,
      "y" : 0.0,
      "z" : 8.472136
    }, {
      "x" : 0.0,
      "y" : -8.472136,
      "z" : 8.472136
    }, {
      "x" : 0.0,
      "y" : -8.472136,
      "z" : 0.0
    } ],
    "faces" : [ {
      "vertices" : [ 0, 1, 2, 3 ]
    }, {
      "vertices" : [ 0, 3, 2, 1 ]
    } ]
  }, {
    "id" : "738dd89e-7101-47a8-be00-a9958b722716",
    "vertices" : [ {
      "x" : 0.0,
      "y" : 0.0,
      "z" : 0.0
    }, {
      "x" : 0.0,
      "y" : 0.0,
      "z" : -8.472136
    }, {
      "x" : 5.4068885,
      "y" : 4.959675,
      "z" : -4.236068
    } ],
    "faces" : [ {
      "vertices" : [ 0, 1, 2 ]
    }, {
      "vertices" : [ 0, 2, 1 ]
    } ]
  }, {
    "id" : "b3681227-99ce-48f1-bc97-1cd15dc60a87",
    "vertices" : [ {
      "x" : 0.0,
      "y" : 0.0,
      "z" : 0.0
    }, {
      "x" : 2.618034,
      "y" : -4.236068,
      "z" : 6.854102
    }, {
      "x" : 6.854102,
      "y" : -11.09017,
      "z" : 4.236068
    }, {
      "x" : 6.854102,
      "y" : -11.09017,
      "z" : -4.236068
    }, {
      "x" : 2.618034,
      "y" : -4.236068,
      "z" : -6.854102
    } ],
    "faces" : [ {
      "vertices" : [ 0, 1, 2, 3, 4 ]
    }, {
      "vertices" : [ 0, 4, 3, 2, 1 ]
    } ]
  }, {
    "id" : "0e696473-071e-4430-b77d-f0fac162c65c",
    "vertices" : [ {
      "x" : 0.0,
      "y" : 0.0,
      "z" : 0.0
    }, {
      "x" : -2.618034,
      "y" : -4.236068,
      "z" : -6.854102
    }, {
      "x" : -2.618034,
      "y" : 4.236068,
      "z" : -6.854102
    } ],
    "faces" : [ {
      "vertices" : [ 0, 1, 2 ]
    }, {
      "vertices" : [ 0, 2, 1 ]
    } ]
  } ],
  "instances" : [ {
    "shape" : "26af947b-8d98-4a51-a4ae-b87f97edfc81",
    "color" : "#FFD98C",
    "position" : {
      "x" : 2.3416407,
      "y" : -3.7888544,
      "z" : 0.0
    },
    "orientation" : 21
  }, {
    "shape" : "88e928fc-6ac6-4e99-8278-e597e9568cf3",
    "color" : "#008EC2",
    "position" : {
      "x" : -1.8944272,
      "y" : 3.0652475,
      "z" : -2.618034
    },
    "orientation" : 51
  }, {
    "shape" : "88e928fc-6ac6-4e99-8278-e597e9568cf3",
    "color" : "#008EC2",
    "position" : {
      "x" : 4.959675,
      "y" : -8.024922,
      "z" : -6.854102
    },
    "orientation" : 7
  }, {
    "shape" : "88e928fc-6ac6-4e99-8278-e597e9568cf3",
    "color" : "#008EC2",
    "position" : {
      "x" : 4.959675,
      "y" : 5.6832814,
      "z" : -6.854102
    },
    "orientation" : 39
  }, {
    "shape" : "a27bd17b-ca91-47cc-b02d-b3191e243ee6",
    "color" : "#F2F2F2",
    "position" : {
      "x" : 9.195743,
      "y" : -1.1708204,
      "z" : -4.236068
    }
  }, {
    "shape" : "51a7886c-c59e-4a3c-ac38-52fa774f01c4",
    "color" : "#FFD98C",
    "position" : {
      "x" : -1.8944272,
      "y" : 3.0652475,
      "z" : -2.618034
    },
    "orientation" : 54
  }, {
    "shape" : "88e928fc-6ac6-4e99-8278-e597e9568cf3",
    "color" : "#008EC2",
    "position" : {
      "x" : 4.959675,
      "y" : 5.6832814,
      "z" : 6.854102
    },
    "orientation" : 53
  }, {
    "shape" : "6575ffa2-11c9-45c1-ac0f-2b603375545c",
    "color" : "#B0E0E6",
    "position" : {
      "x" : 4.959675,
      "y" : -8.024922,
      "z" : -6.854102
    },
    "orientation" : 0
  }, {
    "shape" : "6575ffa2-11c9-45c1-ac0f-2b603375545c",
    "color" : "#B0E0E6",
    "position" : {
      "x" : -9.91935,
      "y" : 2.3416407,
      "z" : 0.0
    },
    "orientation" : 42
  }, {
    "shape" : "88e928fc-6ac6-4e99-8278-e597e9568cf3",
    "color" : "#008EC2",
    "position" : {
      "x" : -9.91935,
      "y" : 2.3416407,
      "z" : 0.0
    },
    "orientation" : 37
  }, {
    "shape" : "6575ffa2-11c9-45c1-ac0f-2b603375545c",
    "color" : "#B0E0E6",
    "position" : {
      "x" : -1.8944272,
      "y" : 3.0652475,
      "z" : -2.618034
    },
    "orientation" : 9
  }, {
    "shape" : "da9c4ea5-766f-4b35-b1f6-e75f97bd960a",
    "color" : "#FFFFFF",
    "position" : {
      "x" : -9.91935,
      "y" : 2.3416407,
      "z" : 0.0
    },
    "orientation" : 6
  }, {
    "shape" : "88e928fc-6ac6-4e99-8278-e597e9568cf3",
    "color" : "#008EC2",
    "position" : {
      "x" : 4.959675,
      "y" : 5.6832814,
      "z" : -6.854102
    },
    "orientation" : 53
  }, {
    "shape" : "8f5c5e24-dc2e-4f18-81fb-a1f5fd4a4554",
    "color" : "#DBC285",
    "position" : {
      "x" : -3.0652475,
      "y" : -8.748529,
      "z" : 4.236068
    },
    "orientation" : 9
  }, {
    "shape" : "a27bd17b-ca91-47cc-b02d-b3191e243ee6",
    "color" : "#F2F2F2",
    "position" : {
      "x" : 0.0,
      "y" : 0.0,
      "z" : 0.0
    }
  }, {
    "shape" : "26af947b-8d98-4a51-a4ae-b87f97edfc81",
    "color" : "#FFD98C",
    "position" : {
      "x" : -1.8944272,
      "y" : 3.0652475,
      "z" : -11.09017
    },
    "orientation" : 24
  }, {
    "shape" : "88e928fc-6ac6-4e99-8278-e597e9568cf3",
    "color" : "#008EC2",
    "position" : {
      "x" : 2.3416407,
      "y" : 9.91935,
      "z" : 0.0
    },
    "orientation" : 45
  }, {
    "shape" : "6575ffa2-11c9-45c1-ac0f-2b603375545c",
    "color" : "#B0E0E6",
    "position" : {
      "x" : 2.3416407,
      "y" : -3.7888544,
      "z" : 0.0
    },
    "orientation" : 3
  }, {
    "shape" : "a27bd17b-ca91-47cc-b02d-b3191e243ee6",
    "color" : "#F2F2F2",
    "position" : {
      "x" : -1.8944272,
      "y" : 3.0652475,
      "z" : 2.618034
    }
  }, {
    "shape" : "88e928fc-6ac6-4e99-8278-e597e9568cf3",
    "color" : "#008EC2",
    "position" : {
      "x" : 2.3416407,
      "y" : 9.91935,
      "z" : 0.0
    },
    "orientation" : 36
  }, {
    "shape" : "a27bd17b-ca91-47cc-b02d-b3191e243ee6",
    "color" : "#F2F2F2",
    "position" : {
      "x" : -3.0652475,
      "y" : -8.748529,
      "z" : 4.236068
    }
  }, {
    "shape" : "a27bd17b-ca91-47cc-b02d-b3191e243ee6",
    "color" : "#F2F2F2",
    "position" : {
      "x" : -1.8944272,
      "y" : 3.0652475,
      "z" : -2.618034
    }
  }, {
    "shape" : "88e928fc-6ac6-4e99-8278-e597e9568cf3",
    "color" : "#008EC2",
    "position" : {
      "x" : 0.7236068,
      "y" : -1.1708204,
      "z" : -4.236068
    },
    "orientation" : 55
  }, {
    "shape" : "a730adbe-87a5-4fac-9b98-7534a5bc22b1",
    "color" : "#FFFFFF",
    "position" : {
      "x" : -7.301316,
      "y" : -1.8944272,
      "z" : -6.854102
    },
    "orientation" : 30
  }, {
    "shape" : "6575ffa2-11c9-45c1-ac0f-2b603375545c",
    "color" : "#B0E0E6",
    "position" : {
      "x" : -6.130495,
      "y" : 9.91935,
      "z" : 0.0
    },
    "orientation" : 6
  }, {
    "shape" : "26af947b-8d98-4a51-a4ae-b87f97edfc81",
    "color" : "#FFD98C",
    "position" : {
      "x" : -1.8944272,
      "y" : 3.0652475,
      "z" : 2.618034
    },
    "orientation" : 4
  }, {
    "shape" : "88e928fc-6ac6-4e99-8278-e597e9568cf3",
    "color" : "#008EC2",
    "position" : {
      "x" : 9.195743,
      "y" : -1.1708204,
      "z" : -4.236068
    },
    "orientation" : 45
  }, {
    "shape" : "88e928fc-6ac6-4e99-8278-e597e9568cf3",
    "color" : "#008EC2",
    "position" : {
      "x" : 4.959675,
      "y" : 5.6832814,
      "z" : -6.854102
    },
    "orientation" : 7
  }, {
    "shape" : "a730adbe-87a5-4fac-9b98-7534a5bc22b1",
    "color" : "#FFFFFF",
    "position" : {
      "x" : -3.0652475,
      "y" : -8.748529,
      "z" : -4.236068
    },
    "orientation" : 33
  }, {
    "shape" : "a730adbe-87a5-4fac-9b98-7534a5bc22b1",
    "color" : "#FFFFFF",
    "position" : {
      "x" : -9.91935,
      "y" : 2.3416407,
      "z" : 0.0
    },
    "orientation" : 42
  }, {
    "shape" : "a27bd17b-ca91-47cc-b02d-b3191e243ee6",
    "color" : "#F2F2F2",
    "position" : {
      "x" : -7.301316,
      "y" : -1.8944272,
      "z" : -6.854102
    }
  }, {
    "shape" : "6ea976ab-4763-48a3-8744-cfbb5b7580e7",
    "color" : "#EC888B",
    "position" : {
      "x" : -7.301316,
      "y" : -1.8944272,
      "z" : 6.854102
    },
    "orientation" : 30
  }, {
    "shape" : "88e928fc-6ac6-4e99-8278-e597e9568cf3",
    "color" : "#008EC2",
    "position" : {
      "x" : 4.959675,
      "y" : -8.024922,
      "z" : -6.854102
    },
    "orientation" : 9
  }, {
    "shape" : "a27bd17b-ca91-47cc-b02d-b3191e243ee6",
    "color" : "#F2F2F2",
    "position" : {
      "x" : 4.959675,
      "y" : 5.6832814,
      "z" : 6.854102
    }
  }, {
    "shape" : "26af947b-8d98-4a51-a4ae-b87f97edfc81",
    "color" : "#FFD98C",
    "position" : {
      "x" : -1.8944272,
      "y" : 3.0652475,
      "z" : 2.618034
    },
    "orientation" : 7
  }, {
    "shape" : "a27bd17b-ca91-47cc-b02d-b3191e243ee6",
    "color" : "#F2F2F2",
    "position" : {
      "x" : -1.8944272,
      "y" : 3.0652475,
      "z" : -11.09017
    }
  }, {
    "shape" : "6575ffa2-11c9-45c1-ac0f-2b603375545c",
    "color" : "#B0E0E6",
    "position" : {
      "x" : -7.301316,
      "y" : -1.8944272,
      "z" : -6.854102
    },
    "orientation" : 30
  }, {
    "shape" : "88e928fc-6ac6-4e99-8278-e597e9568cf3",
    "color" : "#008EC2",
    "position" : {
      "x" : -1.8944272,
      "y" : 3.0652475,
      "z" : 2.618034
    },
    "orientation" : 54
  }, {
    "shape" : "a27bd17b-ca91-47cc-b02d-b3191e243ee6",
    "color" : "#F2F2F2",
    "position" : {
      "x" : 4.959675,
      "y" : 5.6832814,
      "z" : -6.854102
    }
  }, {
    "shape" : "da9c4ea5-766f-4b35-b1f6-e75f97bd960a",
    "color" : "#FFFFFF",
    "position" : {
      "x" : -7.301316,
      "y" : -1.8944272,
      "z" : -6.854102
    },
    "orientation" : 3
  }, {
    "shape" : "6575ffa2-11c9-45c1-ac0f-2b603375545c",
    "color" : "#B0E0E6",
    "position" : {
      "x" : 2.3416407,
      "y" : -3.7888544,
      "z" : 0.0
    },
    "orientation" : 9
  }, {
    "shape" : "a730adbe-87a5-4fac-9b98-7534a5bc22b1",
    "color" : "#FFFFFF",
    "position" : {
      "x" : -9.91935,
      "y" : 2.3416407,
      "z" : 0.0
    },
    "orientation" : 33
  }, {
    "shape" : "88e928fc-6ac6-4e99-8278-e597e9568cf3",
    "color" : "#008EC2",
    "position" : {
      "x" : 4.959675,
      "y" : 5.6832814,
      "z" : -6.854102
    },
    "orientation" : 41
  }, {
    "shape" : "6575ffa2-11c9-45c1-ac0f-2b603375545c",
    "color" : "#B0E0E6",
    "position" : {
      "x" : -1.8944272,
      "y" : 3.0652475,
      "z" : 2.618034
    },
    "orientation" : 12
  }, {
    "shape" : "12608996-031f-4a0e-8341-5023ec7885aa",
    "color" : "#7FC6E0",
    "position" : {
      "x" : 2.3416407,
      "y" : -3.7888544,
      "z" : 0.0
    },
    "orientation" : 40
  }, {
    "shape" : "88e928fc-6ac6-4e99-8278-e597e9568cf3",
    "color" : "#008EC2",
    "position" : {
      "x" : 9.195743,
      "y" : -1.1708204,
      "z" : -4.236068
    },
    "orientation" : 54
  }, {
    "shape" : "88e928fc-6ac6-4e99-8278-e597e9568cf3",
    "color" : "#008EC2",
    "position" : {
      "x" : 2.3416407,
      "y" : 9.91935,
      "z" : 0.0
    },
    "orientation" : 37
  }, {
    "shape" : "26af947b-8d98-4a51-a4ae-b87f97edfc81",
    "color" : "#FFD98C",
    "position" : {
      "x" : 0.7236068,
      "y" : -1.1708204,
      "z" : -4.236068
    },
    "orientation" : 17
  }, {
    "shape" : "a27bd17b-ca91-47cc-b02d-b3191e243ee6",
    "color" : "#F2F2F2",
    "position" : {
      "x" : 2.3416407,
      "y" : -3.7888544,
      "z" : 0.0
    }
  }, {
    "shape" : "6575ffa2-11c9-45c1-ac0f-2b603375545c",
    "color" : "#B0E0E6",
    "position" : {
      "x" : -7.301316,
      "y" : -1.8944272,
      "z" : 6.854102
    },
    "orientation" : 39
  }, {
    "shape" : "a27bd17b-ca91-47cc-b02d-b3191e243ee6",
    "color" : "#F2F2F2",
    "position" : {
      "x" : 9.195743,
      "y" : -1.1708204,
      "z" : 4.236068
    }
  }, {
    "shape" : "88e928fc-6ac6-4e99-8278-e597e9568cf3",
    "color" : "#008EC2",
    "position" : {
      "x" : -1.8944272,
      "y" : 3.0652475,
      "z" : -2.618034
    },
    "orientation" : 47
  }, {
    "shape" : "88e928fc-6ac6-4e99-8278-e597e9568cf3",
    "color" : "#008EC2",
    "position" : {
      "x" : 0.7236068,
      "y" : -1.1708204,
      "z" : -4.236068
    },
    "orientation" : 24
  }, {
    "shape" : "6575ffa2-11c9-45c1-ac0f-2b603375545c",
    "color" : "#B0E0E6",
    "position" : {
      "x" : -7.301316,
      "y" : -1.8944272,
      "z" : -6.854102
    },
    "orientation" : 39
  }, {
    "shape" : "26af947b-8d98-4a51-a4ae-b87f97edfc81",
    "color" : "#FFD98C",
    "position" : {
      "x" : 4.959675,
      "y" : -8.024922,
      "z" : -6.854102
    },
    "orientation" : 5
  }, {
    "shape" : "88e928fc-6ac6-4e99-8278-e597e9568cf3",
    "color" : "#008EC2",
    "position" : {
      "x" : -3.0652475,
      "y" : -8.748529,
      "z" : -4.236068
    },
    "orientation" : 54
  }, {
    "shape" : "738dd89e-7101-47a8-be00-a9958b722716",
    "color" : "#FFFFFF",
    "position" : {
      "x" : 4.959675,
      "y" : -8.024922,
      "z" : -6.854102
    },
    "orientation" : 39
  }, {
    "shape" : "a27bd17b-ca91-47cc-b02d-b3191e243ee6",
    "color" : "#F2F2F2",
    "position" : {
      "x" : -7.301316,
      "y" : -1.8944272,
      "z" : 6.854102
    }
  }, {
    "shape" : "da9c4ea5-766f-4b35-b1f6-e75f97bd960a",
    "color" : "#FFFFFF",
    "position" : {
      "x" : -7.301316,
      "y" : -1.8944272,
      "z" : 6.854102
    },
    "orientation" : 9
  }, {
    "shape" : "26af947b-8d98-4a51-a4ae-b87f97edfc81",
    "color" : "#FFD98C",
    "position" : {
      "x" : -6.130495,
      "y" : 9.91935,
      "z" : 0.0
    },
    "orientation" : 17
  }, {
    "shape" : "a27bd17b-ca91-47cc-b02d-b3191e243ee6",
    "color" : "#F2F2F2",
    "position" : {
      "x" : 2.3416407,
      "y" : 9.91935,
      "z" : 0.0
    }
  }, {
    "shape" : "b3681227-99ce-48f1-bc97-1cd15dc60a87",
    "color" : "#EC888B",
    "position" : {
      "x" : 2.3416407,
      "y" : 9.91935,
      "z" : 0.0
    },
    "orientation" : 0
  }, {
    "shape" : "da9c4ea5-766f-4b35-b1f6-e75f97bd960a",
    "color" : "#FFFFFF",
    "position" : {
      "x" : -3.0652475,
      "y" : -8.748529,
      "z" : -4.236068
    },
    "orientation" : 0
  }, {
    "shape" : "88e928fc-6ac6-4e99-8278-e597e9568cf3",
    "color" : "#008EC2",
    "position" : {
      "x" : 9.195743,
      "y" : -1.1708204,
      "z" : -4.236068
    },
    "orientation" : 2
  }, {
    "shape" : "88e928fc-6ac6-4e99-8278-e597e9568cf3",
    "color" : "#008EC2",
    "position" : {
      "x" : 9.195743,
      "y" : -1.1708204,
      "z" : 4.236068
    },
    "orientation" : 51
  }, {
    "shape" : "a27bd17b-ca91-47cc-b02d-b3191e243ee6",
    "color" : "#F2F2F2",
    "position" : {
      "x" : 4.959675,
      "y" : -8.024922,
      "z" : -6.854102
    }
  }, {
    "shape" : "a27bd17b-ca91-47cc-b02d-b3191e243ee6",
    "color" : "#F2F2F2",
    "position" : {
      "x" : -6.130495,
      "y" : 9.91935,
      "z" : 0.0
    }
  }, {
    "shape" : "0e696473-071e-4430-b77d-f0fac162c65c",
    "color" : "#FFD98C",
    "position" : {
      "x" : 0.7236068,
      "y" : -1.1708204,
      "z" : -4.236068
    },
    "orientation" : 22
  }, {
    "shape" : "88e928fc-6ac6-4e99-8278-e597e9568cf3",
    "color" : "#008EC2",
    "position" : {
      "x" : 2.3416407,
      "y" : -3.7888544,
      "z" : 0.0
    },
    "orientation" : 51
  }, {
    "shape" : "88e928fc-6ac6-4e99-8278-e597e9568cf3",
    "color" : "#008EC2",
    "position" : {
      "x" : 9.195743,
      "y" : -1.1708204,
      "z" : -4.236068
    },
    "orientation" : 41
  }, {
    "shape" : "a730adbe-87a5-4fac-9b98-7534a5bc22b1",
    "color" : "#FFFFFF",
    "position" : {
      "x" : -7.301316,
      "y" : -1.8944272,
      "z" : -6.854102
    },
    "orientation" : 36
  }, {
    "shape" : "88e928fc-6ac6-4e99-8278-e597e9568cf3",
    "color" : "#008EC2",
    "position" : {
      "x" : -7.301316,
      "y" : -1.8944272,
      "z" : -6.854102
    },
    "orientation" : 7
  }, {
    "shape" : "a27bd17b-ca91-47cc-b02d-b3191e243ee6",
    "color" : "#F2F2F2",
    "position" : {
      "x" : 0.7236068,
      "y" : -1.1708204,
      "z" : -4.236068
    }
  }, {
    "shape" : "88e928fc-6ac6-4e99-8278-e597e9568cf3",
    "color" : "#008EC2",
    "position" : {
      "x" : 2.3416407,
      "y" : 9.91935,
      "z" : 0.0
    },
    "orientation" : 39
  }, {
    "shape" : "a27bd17b-ca91-47cc-b02d-b3191e243ee6",
    "color" : "#F2F2F2",
    "position" : {
      "x" : -3.0652475,
      "y" : -8.748529,
      "z" : -4.236068
    }
  }, {
    "shape" : "6575ffa2-11c9-45c1-ac0f-2b603375545c",
    "color" : "#B0E0E6",
    "position" : {
      "x" : 0.7236068,
      "y" : -1.1708204,
      "z" : -4.236068
    },
    "orientation" : 6
  }, {
    "shape" : "88e928fc-6ac6-4e99-8278-e597e9568cf3",
    "color" : "#008EC2",
    "position" : {
      "x" : -3.0652475,
      "y" : -8.748529,
      "z" : -4.236068
    },
    "orientation" : 2
  }, {
    "shape" : "a27bd17b-ca91-47cc-b02d-b3191e243ee6",
    "color" : "#F2F2F2",
    "position" : {
      "x" : -9.91935,
      "y" : 2.3416407,
      "z" : 0.0
    }
  }, {
    "shape" : "88e928fc-6ac6-4e99-8278-e597e9568cf3",
    "color" : "#008EC2",
    "position" : {
      "x" : 9.195743,
      "y" : -1.1708204,
      "z" : 4.236068
    },
    "orientation" : 53
  }, {
    "shape" : "88e928fc-6ac6-4e99-8278-e597e9568cf3",
    "color" : "#008EC2",
    "position" : {
      "x" : -3.0652475,
      "y" : -8.748529,
      "z" : 4.236068
    },
    "orientation" : 51
  }, {
    "shape" : "51a7886c-c59e-4a3c-ac38-52fa774f01c4",
    "color" : "#FFD98C",
    "position" : {
      "x" : -1.8944272,
      "y" : 3.0652475,
      "z" : -2.618034
    },
    "orientation" : 1
  } ],
  "scenes" : [ {
    "title" : "Edges",
    "content" : "",
    "view" : {
      "width" : 39.266495,
      "position" : {
        "x" : -43.629444,
        "y" : 70.593925,
        "z" : 26.96448
      },
      "lookAtPoint" : {
        "x" : 0.0,
        "y" : 0.0,
        "z" : 0.0
      },
      "lookDirection" : {
        "x" : 0.5,
        "y" : -0.809017,
        "z" : -0.309017
      },
      "upDirection" : {
        "x" : -0.8506508,
        "y" : -0.5257311,
        "z" : 0.0
      },
      "farClipDistance" : 174.51778,
      "nearClipDistance" : 0.2181472,
      "perspective" : false,
      "fieldOfView" : 0.44262883,
      "lookAtPointRV" : {
        "x" : 0.0,
        "y" : 0.0,
        "z" : 0.0,
        "zero" : true
      },
      "upDirectionRV" : {
        "x" : -0.8506508,
        "y" : -0.5257311,
        "z" : 0.0,
        "zero" : false
      },
      "viewDistance" : 87.25889,
      "lookDirectionRV" : {
        "x" : 0.5,
        "y" : -0.809017,
        "z" : -0.309017,
        "zero" : false
      },
      "stereo" : false
    },
    "snapshot" : 4
  }, {
    "title" : "Faces",
    "content" : "",
    "view" : {
      "width" : 39.266495,
      "position" : {
        "x" : -43.629444,
        "y" : 70.593925,
        "z" : 26.96448
      },
      "lookAtPoint" : {
        "x" : 0.0,
        "y" : 0.0,
        "z" : 0.0
      },
      "lookDirection" : {
        "x" : 0.5,
        "y" : -0.809017,
        "z" : -0.309017
      },
      "upDirection" : {
        "x" : -0.8506508,
        "y" : -0.5257311,
        "z" : 0.0
      },
      "farClipDistance" : 174.51778,
      "nearClipDistance" : 0.2181472,
      "perspective" : false,
      "fieldOfView" : 0.44262883,
      "lookAtPointRV" : {
        "x" : 0.0,
        "y" : 0.0,
        "z" : 0.0,
        "zero" : true
      },
      "upDirectionRV" : {
        "x" : -0.8506508,
        "y" : -0.5257311,
        "z" : 0.0,
        "zero" : false
      },
      "viewDistance" : 87.25889,
      "lookDirectionRV" : {
        "x" : 0.5,
        "y" : -0.809017,
        "z" : -0.309017,
        "zero" : false
      },
      "stereo" : false
    },
    "snapshot" : 5
  }, {
    "title" : "Complete",
    "content" : "",
    "view" : {
      "width" : 39.266495,
      "position" : {
        "x" : -43.629444,
        "y" : 70.593925,
        "z" : 26.96448
      },
      "lookAtPoint" : {
        "x" : 0.0,
        "y" : 0.0,
        "z" : 0.0
      },
      "lookDirection" : {
        "x" : 0.5,
        "y" : -0.809017,
        "z" : -0.309017
      },
      "upDirection" : {
        "x" : -0.8506508,
        "y" : -0.5257311,
        "z" : 0.0
      },
      "farClipDistance" : 174.51778,
      "nearClipDistance" : 0.2181472,
      "perspective" : false,
      "fieldOfView" : 0.44262883,
      "lookAtPointRV" : {
        "x" : 0.0,
        "y" : 0.0,
        "z" : 0.0,
        "zero" : true
      },
      "upDirectionRV" : {
        "x" : -0.8506508,
        "y" : -0.5257311,
        "z" : 0.0,
        "zero" : false
      },
      "viewDistance" : 87.25889,
      "lookDirectionRV" : {
        "x" : 0.5,
        "y" : -0.809017,
        "z" : -0.309017,
        "zero" : false
      },
      "stereo" : false
    },
    "snapshot" : 3
  } ],
  "snapshots" : [ [ ], [ ], [ ], [ {
    "shape" : "88e928fc-6ac6-4e99-8278-e597e9568cf3",
    "color" : "#008EC2",
    "position" : {
      "x" : -3.0652475,
      "y" : -8.748529,
      "z" : -4.236068
    },
    "orientation" : 54
  }, {
    "shape" : "6575ffa2-11c9-45c1-ac0f-2b603375545c",
    "color" : "#B0E0E6",
    "position" : {
      "x" : 0.7236068,
      "y" : -1.1708204,
      "z" : -4.236068
    },
    "orientation" : 6
  }, {
    "shape" : "6ea976ab-4763-48a3-8744-cfbb5b7580e7",
    "color" : "#EC888B",
    "position" : {
      "x" : -7.301316,
      "y" : -1.8944272,
      "z" : 6.854102
    },
    "orientation" : 30
  }, {
    "shape" : "88e928fc-6ac6-4e99-8278-e597e9568cf3",
    "color" : "#008EC2",
    "position" : {
      "x" : 9.195743,
      "y" : -1.1708204,
      "z" : -4.236068
    },
    "orientation" : 41
  }, {
    "shape" : "51a7886c-c59e-4a3c-ac38-52fa774f01c4",
    "color" : "#FFD98C",
    "position" : {
      "x" : -1.8944272,
      "y" : 3.0652475,
      "z" : -2.618034
    },
    "orientation" : 54
  }, {
    "shape" : "88e928fc-6ac6-4e99-8278-e597e9568cf3",
    "color" : "#008EC2",
    "position" : {
      "x" : 4.959675,
      "y" : 5.6832814,
      "z" : -6.854102
    },
    "orientation" : 7
  }, {
    "shape" : "a27bd17b-ca91-47cc-b02d-b3191e243ee6",
    "color" : "#F2F2F2",
    "position" : {
      "x" : 2.3416407,
      "y" : -3.7888544,
      "z" : 0.0
    },
    "orientation" : 0
  }, {
    "shape" : "738dd89e-7101-47a8-be00-a9958b722716",
    "color" : "#FFFFFF",
    "position" : {
      "x" : 4.959675,
      "y" : -8.024922,
      "z" : -6.854102
    },
    "orientation" : 39
  }, {
    "shape" : "a27bd17b-ca91-47cc-b02d-b3191e243ee6",
    "color" : "#F2F2F2",
    "position" : {
      "x" : -9.91935,
      "y" : 2.3416407,
      "z" : 0.0
    },
    "orientation" : 0
  }, {
    "shape" : "da9c4ea5-766f-4b35-b1f6-e75f97bd960a",
    "color" : "#FFFFFF",
    "position" : {
      "x" : -7.301316,
      "y" : -1.8944272,
      "z" : -6.854102
    },
    "orientation" : 3
  }, {
    "shape" : "26af947b-8d98-4a51-a4ae-b87f97edfc81",
    "color" : "#FFD98C",
    "position" : {
      "x" : -1.8944272,
      "y" : 3.0652475,
      "z" : -11.09017
    },
    "orientation" : 24
  }, {
    "shape" : "6575ffa2-11c9-45c1-ac0f-2b603375545c",
    "color" : "#B0E0E6",
    "position" : {
      "x" : -7.301316,
      "y" : -1.8944272,
      "z" : 6.854102
    },
    "orientation" : 39
  }, {
    "shape" : "88e928fc-6ac6-4e99-8278-e597e9568cf3",
    "color" : "#008EC2",
