{
  "field" : "golden",
  "symmetry" : "icosahedral",
  "orientations" : [ [ 1.0, 0.0, 0.0, 0.0, 0.0, 1.0, 0.0, 0.0, 0.0, 0.0, 1.0, 0.0, 0.0, 0.0, 0.0, 1.0 ], [ 0.0, 0.0, 1.0, 0.0, 1.0, 0.0, 0.0, 0.0, 0.0, 1.0, 0.0, 0.0, 0.0, 0.0, 0.0, 1.0 ], [ 0.0, 1.0, 0.0, 0.0, 0.0, 0.0, 1.0, 0.0, 1.0, 0.0, 0.0, 0.0, 0.0, 0.0, 0.0, 1.0 ], [ 0.809017, 0.309017, 0.5, 0.0, 0.309017, 0.5, -0.809017, 0.0, -0.5, 0.809017, 0.309017, 0.0, 0.0, 0.0, 0.0, 1.0 ], [ -0.5, 0.809017, 0.309017, 0.0, 0.809017, 0.309017, 0.5, 0.0, 0.309017, 0.5, -0.809017, 0.0, 0.0, 0.0, 0.0, 1.0 ], [ 0.309017, 0.5, -0.809017, 0.0, -0.5, 0.809017, 0.309017, 0.0, 0.809017, 0.309017, 0.5, 0.0, 0.0, 0.0, 0.0, 1.0 ], [ 0.5, 0.809017, 0.309017, 0.0, 0.809017, -0.309017, -0.5, 0.0, -0.309017, 0.5, -0.809017, 0.0, 0.0, 0.0, 0.0, 1.0 ], [ -0.309017, 0.5, -0.809017, 0.0, 0.5, 0.809017, 0.309017, 0.0, 0.809017, -0.309017, -0.5, 0.0, 0.0, 0.0, 0.0, 1.0 ], [ 0.809017, -0.309017, -0.5, 0.0, -0.309017, 0.5, -0.809017, 0.0, 0.5, 0.809017, 0.309017, 0.0, 0.0, 0.0, 0.0, 1.0 ], [ 0.5, 0.809017, -0.309017, 0.0, 0.809017, -0.309017, 0.5, 0.0, 0.309017, -0.5, -0.809017, 0.0, 0.0, 0.0, 0.0, 1.0 ], [ 0.309017, -0.5, -0.809017, 0.0, 0.5, 0.809017, -0.309017, 0.0, 0.809017, -0.309017, 0.5, 0.0, 0.0, 0.0, 0.0, 1.0 ], [ 0.809017, -0.309017, 0.5, 0.0, 0.309017, -0.5, -0.809017, 0.0, 0.5, 0.809017, -0.309017, 0.0, 0.0, 0.0, 0.0, 1.0 ], [ 0.809017, 0.309017, -0.5, 0.0, 0.309017, 0.5, 0.809017, 0.0, 0.5, -0.809017, 0.309017, 0.0, 0.0, 0.0, 0.0, 1.0 ], [ 0.5, -0.809017, 0.309017, 0.0, 0.809017, 0.309017, -0.5, 0.0, 0.309017, 0.5, 0.809017, 0.0, 0.0, 0.0, 0.0, 1.0 ], [ 0.309017, 0.5, 0.809017, 0.0, 0.5, -0.809017, 0.309017, 0.0, 0.809017, 0.309017, -0.5, 0.0, 0.0, 0.0, 0.0, 1.0 ], [ 1.0, 0.0, 0.0, 0.0, 0.0, -1.0, 0.0, 0.0, 0.0, 0.0, -1.0, 0.0, 0.0, 0.0, 0.0, 1.0 ], [ 0.0, 0.0, 1.0, 0.0, -1.0, 0.0, 0.0, 0.0, 0.0, -1.0, 0.0, 0.0, 0.0, 0.0, 0.0, 1.0 ], [ 0.0, 1.0, 0.0, 0.0, 0.0, 0.0, -1.0, 0.0, -1.0, 0.0, 0.0, 0.0, 0.0, 0.0, 0.0, 1.0 ], [ 0.809017, 0.309017, 0.5, 0.0, -0.309017, -0.5, 0.809017, 0.0, 0.5, -0.809017, -0.309017, 0.0, 0.0, 0.0, 0.0, 1.0 ], [ -0.5, 0.809017, 0.309017, 0.0, -0.809017, -0.309017, -0.5, 0.0, -0.309017, -0.5, 0.809017, 0.0, 0.0, 0.0, 0.0, 1.0 ], [ 0.309017, 0.5, -0.809017, 0.0, 0.5, -0.809017, -0.309017, 0.0, -0.809017, -0.309017, -0.5, 0.0, 0.0, 0.0, 0.0, 1.0 ], [ 0.5, 0.809017, 0.309017, 0.0, -0.809017, 0.309017, 0.5, 0.0, 0.309017, -0.5, 0.809017, 0.0, 0.0, 0.0, 0.0, 1.0 ], [ -0.309017, 0.5, -0.809017, 0.0, -0.5, -0.809017, -0.309017, 0.0, -0.809017, 0.309017, 0.5, 0.0, 0.0, 0.0, 0.0, 1.0 ], [ 0.809017, -0.309017, -0.5, 0.0, 0.309017, -0.5, 0.809017, 0.0, -0.5, -0.809017, -0.309017, 0.0, 0.0, 0.0, 0.0, 1.0 ], [ 0.5, 0.809017, -0.309017, 0.0, -0.809017, 0.309017, -0.5, 0.0, -0.309017, 0.5, 0.809017, 0.0, 0.0, 0.0, 0.0, 1.0 ], [ 0.309017, -0.5, -0.809017, 0.0, -0.5, -0.809017, 0.309017, 0.0, -0.809017, 0.309017, -0.5, 0.0, 0.0, 0.0, 0.0, 1.0 ], [ 0.809017, -0.309017, 0.5, 0.0, -0.309017, 0.5, 0.809017, 0.0, -0.5, -0.809017, 0.309017, 0.0, 0.0, 0.0, 0.0, 1.0 ], [ 0.809017, 0.309017, -0.5, 0.0, -0.309017, -0.5, -0.809017, 0.0, -0.5, 0.809017, -0.309017, 0.0, 0.0, 0.0, 0.0, 1.0 ], [ 0.5, -0.809017, 0.309017, 0.0, -0.809017, -0.309017, 0.5, 0.0, -0.309017, -0.5, -0.809017, 0.0, 0.0, 0.0, 0.0, 1.0 ], [ 0.309017, 0.5, 0.809017, 0.0, -0.5, 0.809017, -0.309017, 0.0, -0.809017, -0.309017, 0.5, 0.0, 0.0, 0.0, 0.0, 1.0 ], [ -1.0, 0.0, 0.0, 0.0, 0.0, -1.0, 0.0, 0.0, 0.0, 0.0, 1.0, 0.0, 0.0, 0.0, 0.0, 1.0 ], [ 0.0, 0.0, -1.0, 0.0, -1.0, 0.0, 0.0, 0.0, 0.0, 1.0, 0.0, 0.0, 0.0, 0.0, 0.0, 1.0 ], [ 0.0, -1.0, 0.0, 0.0, 0.0, 0.0, -1.0, 0.0, 1.0, 0.0, 0.0, 0.0, 0.0, 0.0, 0.0, 1.0 ], [ -0.809017, -0.309017, -0.5, 0.0, -0.309017, -0.5, 0.809017, 0.0, -0.5, 0.809017, 0.309017, 0.0, 0.0, 0.0, 0.0, 1.0 ], [ 0.5, -0.809017, -0.309017, 0.0, -0.809017, -0.309017, -0.5, 0.0, 0.309017, 0.5, -0.809017, 0.0, 0.0, 0.0, 0.0, 1.0 ], [ -0.309017, -0.5, 0.809017, 0.0, 0.5, -0.809017, -0.309017, 0.0, 0.809017, 0.309017, 0.5, 0.0, 0.0, 0.0, 0.0, 1.0 ], [ -0.5, -0.809017, -0.309017, 0.0, -0.809017, 0.309017, 0.5, 0.0, -0.309017, 0.5, -0.809017, 0.0, 0.0, 0.0, 0.0, 1.0 ], [ 0.309017, -0.5, 0.809017, 0.0, -0.5, -0.809017, -0.309017, 0.0, 0.809017, -0.309017, -0.5, 0.0, 0.0, 0.0, 0.0, 1.0 ], [ -0.809017, 0.309017, 0.5, 0.0, 0.309017, -0.5, 0.809017, 0.0, 0.5, 0.809017, 0.309017, 0.0, 0.0, 0.0, 0.0, 1.0 ], [ -0.5, -0.809017, 0.309017, 0.0, -0.809017, 0.309017, -0.5, 0.0, 0.309017, -0.5, -0.809017, 0.0, 0.0, 0.0, 0.0, 1.0 ], [ -0.309017, 0.5, 0.809017, 0.0, -0.5, -0.809017, 0.309017, 0.0, 0.809017, -0.309017, 0.5, 0.0, 0.0, 0.0, 0.0, 1.0 ], [ -0.809017, 0.309017, -0.5, 0.0, -0.309017, 0.5, 0.809017, 0.0, 0.5, 0.809017, -0.309017, 0.0, 0.0, 0.0, 0.0, 1.0 ], [ -0.809017, -0.309017, 0.5, 0.0, -0.309017, -0.5, -0.809017, 0.0, 0.5, -0.809017, 0.309017, 0.0, 0.0, 0.0, 0.0, 1.0 ], [ -0.5, 0.809017, -0.309017, 0.0, -0.809017, -0.309017, 0.5, 0.0, 0.309017, 0.5, 0.809017, 0.0, 0.0, 0.0, 0.0, 1.0 ], [ -0.309017, -0.5, -0.809017, 0.0, -0.5, 0.809017, -0.309017, 0.0, 0.809017, 0.309017, -0.5, 0.0, 0.0, 0.0, 0.0, 1.0 ], [ -1.0, 0.0, 0.0, 0.0, 0.0, 1.0, 0.0, 0.0, 0.0, 0.0, -1.0, 0.0, 0.0, 0.0, 0.0, 1.0 ], [ 0.0, 0.0, -1.0, 0.0, 1.0, 0.0, 0.0, 0.0, 0.0, -1.0, 0.0, 0.0, 0.0, 0.0, 0.0, 1.0 ], [ 0.0, -1.0, 0.0, 0.0, 0.0, 0.0, 1.0, 0.0, -1.0, 0.0, 0.0, 0.0, 0.0, 0.0, 0.0, 1.0 ], [ -0.809017, -0.309017, -0.5, 0.0, 0.309017, 0.5, -0.809017, 0.0, 0.5, -0.809017, -0.309017, 0.0, 0.0, 0.0, 0.0, 1.0 ], [ 0.5, -0.809017, -0.309017, 0.0, 0.809017, 0.309017, 0.5, 0.0, -0.309017, -0.5, 0.809017, 0.0, 0.0, 0.0, 0.0, 1.0 ], [ -0.309017, -0.5, 0.809017, 0.0, -0.5, 0.809017, 0.309017, 0.0, -0.809017, -0.309017, -0.5, 0.0, 0.0, 0.0, 0.0, 1.0 ], [ -0.5, -0.809017, -0.309017, 0.0, 0.809017, -0.309017, -0.5, 0.0, 0.309017, -0.5, 0.809017, 0.0, 0.0, 0.0, 0.0, 1.0 ], [ 0.309017, -0.5, 0.809017, 0.0, 0.5, 0.809017, 0.309017, 0.0, -0.809017, 0.309017, 0.5, 0.0, 0.0, 0.0, 0.0, 1.0 ], [ -0.809017, 0.309017, 0.5, 0.0, -0.309017, 0.5, -0.809017, 0.0, -0.5, -0.809017, -0.309017, 0.0, 0.0, 0.0, 0.0, 1.0 ], [ -0.5, -0.809017, 0.309017, 0.0, 0.809017, -0.309017, 0.5, 0.0, -0.309017, 0.5, 0.809017, 0.0, 0.0, 0.0, 0.0, 1.0 ], [ -0.309017, 0.5, 0.809017, 0.0, 0.5, 0.809017, -0.309017, 0.0, -0.809017, 0.309017, -0.5, 0.0, 0.0, 0.0, 0.0, 1.0 ], [ -0.809017, 0.309017, -0.5, 0.0, 0.309017, -0.5, -0.809017, 0.0, -0.5, -0.809017, 0.309017, 0.0, 0.0, 0.0, 0.0, 1.0 ], [ -0.809017, -0.309017, 0.5, 0.0, 0.309017, 0.5, 0.809017, 0.0, -0.5, 0.809017, -0.309017, 0.0, 0.0, 0.0, 0.0, 1.0 ], [ -0.5, 0.809017, -0.309017, 0.0, 0.809017, 0.309017, -0.5, 0.0, -0.309017, -0.5, -0.809017, 0.0, 0.0, 0.0, 0.0, 1.0 ], [ -0.309017, -0.5, -0.809017, 0.0, 0.5, -0.809017, 0.309017, 0.0, -0.809017, -0.309017, 0.5, 0.0, 0.0, 0.0, 0.0, 1.0 ] ],
  "lights" : {
    "directionalLights" : [ {
      "direction" : {
        "x" : 1.0,
        "y" : -1.0,
        "z" : -1.0
      },
      "color" : "#EBEBE4"
    }, {
      "direction" : {
        "x" : -1.0,
        "y" : 0.0,
        "z" : 0.0
      },
      "color" : "#E4E4EB"
    }, {
      "direction" : {
        "x" : 0.0,
        "y" : 0.0,
        "z" : -1.0
      },
      "color" : "#1E1E1E"
    } ],
    "backgroundColor" : "#AFC8DC",
    "ambientColor" : "#292929"
  },
  "camera" : {
    "position" : {
      "x" : -7.66877,
      "y" : 190.91318,
      "z" : 68.627205
    },
    "width" : 94.667595,
    "lookAtPoint" : {
      "x" : -4.236068,
      "y" : -8.472136,
      "z" : 1.618034
    },
    "fieldOfView" : 0.44262883,
    "viewDistance" : 210.37245,
    "perspective" : true,
    "farClipDistance" : 420.74484,
    "nearClipDistance" : 0.52593106,
    "upDirection" : {
      "x" : -0.9998694,
      "y" : -0.015109452,
      "z" : -0.0062616393
    },
    "stereo" : false,
    "lookDirection" : {
      "x" : 0.016317261,
      "y" : -0.9477729,
      "z" : -0.31852636
    }
  },
  "embedding" : [ 1.0, 0.0, 0.0, 0.0, 0.0, 1.0, 0.0, 0.0, 0.0, 0.0, 1.0, 0.0, 0.0, 0.0, 0.0, 1.0 ],
  "shapes" : [ {
    "id" : "92ed86b3-0aa9-46b5-8717-8e27fceb0626",
    "vertices" : [ {
      "x" : 1.0,
      "y" : 0.309017,
      "z" : 0.19098301
    }, {
      "x" : 1.0,
      "y" : -0.309017,
      "z" : 0.19098301
    }, {
      "x" : 7.472136,
      "y" : -0.309017,
      "z" : 0.19098301
    }, {
      "x" : 7.472136,
      "y" : 0.309017,
      "z" : 0.19098301
    }, {
      "x" : 7.472136,
      "y" : -0.309017,
      "z" : -0.19098301
    }, {
      "x" : 7.472136,
      "y" : 0.309017,
      "z" : -0.19098301
    }, {
      "x" : 8.09017,
      "y" : 0.0,
      "z" : 0.0
    }, {
      "x" : 0.38196602,
      "y" : 0.0,
      "z" : 0.0
    }, {
      "x" : 1.0,
      "y" : 0.309017,
      "z" : -0.19098301
    }, {
      "x" : 1.0,
      "y" : -0.309017,
      "z" : -0.19098301
    }, {
      "x" : 8.472136,
      "y" : 0.0,
      "z" : 0.0
    } ],
    "faces" : [ {
      "vertices" : [ 1, 9, 4 ]
    }, {
      "vertices" : [ 1, 4, 2 ]
    }, {
      "vertices" : [ 0, 3, 5 ]
    }, {
      "vertices" : [ 0, 5, 8 ]
    }, {
      "vertices" : [ 1, 7, 9 ]
    }, {
      "vertices" : [ 0, 1, 2 ]
    }, {
      "vertices" : [ 0, 2, 3 ]
    }, {
      "vertices" : [ 7, 8, 9 ]
    }, {
      "vertices" : [ 0, 7, 1 ]
    }, {
      "vertices" : [ 4, 9, 8 ]
    }, {
      "vertices" : [ 4, 8, 5 ]
    }, {
      "vertices" : [ 2, 6, 3 ]
    }, {
      "vertices" : [ 2, 4, 6 ]
    }, {
      "vertices" : [ 3, 6, 5 ]
    }, {
      "vertices" : [ 4, 5, 6 ]
    }, {
      "vertices" : [ 0, 8, 7 ]
    } ]
  }, {
    "id" : "fe6a5e90-6220-4a85-8388-4daa67f8434a",
    "vertices" : [ {
      "x" : -0.309017,
      "y" : -0.19098301,
      "z" : 0.0
    }, {
      "x" : -0.309017,
      "y" : 0.19098301,
      "z" : 0.0
    }, {
      "x" : -0.19098301,
      "y" : 0.0,
      "z" : -0.309017
    }, {
      "x" : -0.19098301,
      "y" : 0.0,
      "z" : 0.309017
    }, {
      "x" : 0.0,
      "y" : -0.309017,
      "z" : -0.19098301
    }, {
      "x" : 0.0,
      "y" : -0.309017,
      "z" : 0.19098301
    }, {
      "x" : 0.0,
      "y" : 0.309017,
      "z" : -0.19098301
    }, {
      "x" : 0.0,
      "y" : 0.309017,
      "z" : 0.19098301
    }, {
      "x" : 0.19098301,
      "y" : 0.0,
      "z" : -0.309017
    }, {
      "x" : 0.19098301,
      "y" : 0.0,
      "z" : 0.309017
    }, {
      "x" : 0.309017,
      "y" : -0.19098301,
      "z" : 0.0
    }, {
      "x" : 0.309017,
      "y" : 0.19098301,
      "z" : 0.0
    } ],
    "faces" : [ {
      "vertices" : [ 0, 1, 2 ]
    }, {
      "vertices" : [ 0, 3, 1 ]
    }, {
      "vertices" : [ 0, 2, 4 ]
    }, {
      "vertices" : [ 0, 5, 3 ]
    }, {
      "vertices" : [ 0, 4, 5 ]
    }, {
      "vertices" : [ 1, 6, 2 ]
    }, {
      "vertices" : [ 1, 3, 7 ]
    }, {
      "vertices" : [ 1, 7, 6 ]
    }, {
      "vertices" : [ 2, 8, 4 ]
    }, {
      "vertices" : [ 2, 6, 8 ]
    }, {
      "vertices" : [ 3, 5, 9 ]
    }, {
      "vertices" : [ 3, 9, 7 ]
    }, {
      "vertices" : [ 4, 10, 5 ]
    }, {
      "vertices" : [ 4, 8, 10 ]
    }, {
      "vertices" : [ 5, 10, 9 ]
    }, {
      "vertices" : [ 6, 7, 11 ]
    }, {
      "vertices" : [ 6, 11, 8 ]
    }, {
      "vertices" : [ 7, 9, 11 ]
    }, {
      "vertices" : [ 8, 11, 10 ]
    }, {
      "vertices" : [ 9, 10, 11 ]
    } ]
  }, {
    "id" : "8cce55c9-191c-4a70-a11f-f741f51484db",
    "vertices" : [ {
      "x" : -13.7672205,
      "y" : 0.0,
      "z" : -6.854102
    }, {
      "x" : -13.7672205,
      "y" : -8.472136,
      "z" : -6.854102
    }, {
      "x" : -20.621323,
      "y" : -11.09017,
      "z" : 2.618034
    }, {
      "x" : -20.621323,
      "y" : -2.618034,
      "z" : 2.618034
    } ],
    "faces" : [ {
      "vertices" : [ 0, 1, 2 ]
    }, {
      "vertices" : [ 0, 2, 3 ]
    }, {
      "vertices" : [ 0, 3, 2 ]
    }, {
      "vertices" : [ 0, 2, 1 ]
    } ]
  }, {
    "id" : "8247c764-6ff8-42a2-8861-b8b6bd8800d2",
    "vertices" : [ {
      "x" : 10.781153,
      "y" : 4.118034,
      "z" : -1.572949
    }, {
      "x" : 10.399187,
      "y" : 3.663119,
      "z" : -1.381966
    }, {
      "x" : 10.236068,
      "y" : 3.927051,
      "z" : -1.809017
    }, {
      "x" : 10.163119,
      "y" : 4.190983,
      "z" : -1.618034
    }, {
      "x" : 0.85410196,
      "y" : 0.309017,
      "z" : 0.19098301
    }, {
      "x" : 0.690983,
      "y" : 0.572949,
      "z" : -0.23606798
    }, {
      "x" : 0.309017,
      "y" : 0.11803399,
      "z" : -0.045084972
    }, {
      "x" : 0.76393205,
      "y" : 0.309017,
      "z" : -0.42705098
    }, {
      "x" : 0.927051,
      "y" : 0.045084972,
      "z" : 0.0
    }, {
      "x" : 10.326238,
      "y" : 3.927051,
      "z" : -1.190983
    }, {
      "x" : 11.09017,
      "y" : 4.236068,
      "z" : -1.618034
    } ],
    "faces" : [ {
      "vertices" : [ 2, 7, 5 ]
    }, {
      "vertices" : [ 2, 5, 3 ]
    }, {
      "vertices" : [ 1, 8, 7 ]
    }, {
      "vertices" : [ 1, 7, 2 ]
    }, {
      "vertices" : [ 4, 6, 8 ]
    }, {
      "vertices" : [ 5, 7, 6 ]
    }, {
      "vertices" : [ 0, 1, 2 ]
    }, {
      "vertices" : [ 0, 2, 3 ]
    }, {
      "vertices" : [ 6, 7, 8 ]
    }, {
      "vertices" : [ 3, 5, 4 ]
    }, {
      "vertices" : [ 3, 4, 9 ]
    }, {
      "vertices" : [ 1, 9, 4 ]
    }, {
      "vertices" : [ 1, 4, 8 ]
    }, {
      "vertices" : [ 0, 9, 1 ]
    }, {
      "vertices" : [ 0, 3, 9 ]
    }, {
      "vertices" : [ 4, 5, 6 ]
    } ]
  }, {
    "id" : "66bd6f9c-81cd-48ba-aef4-f8bb2b584f4a",
    "vertices" : [ {
      "x" : -4.236068,
      "y" : -14.826238,
      "z" : 1.618034
    }, {
      "x" : -4.236068,
      "y" : -14.826238,
      "z" : -6.854102
    }, {
      "x" : -11.09017,
      "y" : -17.444271,
      "z" : 2.618034
    }, {
      "x" : -11.09017,
      "y" : -17.444271,
      "z" : 11.09017
    } ],
    "faces" : [ {
      "vertices" : [ 0, 1, 2 ]
    }, {
      "vertices" : [ 0, 2, 3 ]
    }, {
      "vertices" : [ 0, 3, 2 ]
    }, {
      "vertices" : [ 0, 2, 1 ]
    } ]
  }, {
    "id" : "f5af005d-6549-4a19-9b6e-d126e6b9e47d",
    "vertices" : [ {
      "x" : -11.09017,
      "y" : 3.736068,
      "z" : 11.09017
    }, {
      "x" : -2.618034,
      "y" : 3.736068,
      "z" : 11.09017
    }, {
      "x" : -2.618034,
      "y" : 3.736068,
      "z" : 2.618034
    }, {
      "x" : -11.09017,
      "y" : 3.736068,
      "z" : 2.618034
    } ],
    "faces" : [ {
      "vertices" : [ 0, 1, 2 ]
    }, {
      "vertices" : [ 0, 2, 3 ]
    }, {
      "vertices" : [ 0, 3, 2 ]
    }, {
      "vertices" : [ 0, 2, 1 ]
    } ]
  }, {
    "id" : "b96036af-a7f4-4c39-9d0b-864c90f298d8",
    "vertices" : [ {
      "x" : 9.376644,
      "y" : 1.9635255,
      "z" : -5.486068
    }, {
      "x" : 0.9045085,
      "y" : 1.9635255,
      "z" : -5.486068
    }, {
      "x" : 0.9045085,
      "y" : -6.5086102,
      "z" : -5.486068
    }, {
      "x" : 9.376644,
      "y" : -6.5086102,
      "z" : -5.486068
    } ],
    "faces" : [ {
      "vertices" : [ 0, 1, 2 ]
    }, {
      "vertices" : [ 0, 2, 3 ]
    }, {
      "vertices" : [ 0, 3, 2 ]
    }, {
      "vertices" : [ 0, 2, 1 ]
    } ]
  }, {
    "id" : "611dd39d-2f0f-4cf0-809b-2b581553ff1d",
    "vertices" : [ {
      "x" : -4.236068,
      "y" : 0.0,
      "z" : -23.798374
    }, {
      "x" : -11.09017,
      "y" : -2.618034,
      "z" : -14.326238
    }, {
      "x" : -2.618034,
      "y" : -2.618034,
      "z" : -14.326238
    }, {
      "x" : 4.236068,
      "y" : 0.0,
      "z" : -23.798374
    } ],
    "faces" : [ {
      "vertices" : [ 0, 1, 2 ]
    }, {
      "vertices" : [ 0, 2, 3 ]
    }, {
      "vertices" : [ 0, 3, 2 ]
    }, {
      "vertices" : [ 0, 2, 1 ]
    } ]
  }, {
    "id" : "1a7d555f-9822-4cab-9f84-9eeef0bacdb5",
    "vertices" : [ {
      "x" : 4.236068,
      "y" : -8.472136,
      "z" : 18.562305
    }, {
      "x" : 4.236068,
      "y" : 0.0,
      "z" : 18.562305
    }, {
      "x" : -2.618034,
      "y" : -2.618034,
      "z" : 28.034441
    }, {
      "x" : -2.618034,
      "y" : -11.09017,
      "z" : 28.034441
    } ],
    "faces" : [ {
      "vertices" : [ 0, 1, 2 ]
    }, {
      "vertices" : [ 0, 2, 3 ]
    }, {
      "vertices" : [ 0, 3, 2 ]
    }, {
      "vertices" : [ 0, 2, 1 ]
    } ]
  }, {
    "id" : "485878b3-ff07-412d-9ec1-a3dc6f02eb2a",
    "vertices" : [ {
      "x" : 9.376644,
      "y" : -6.5086102,
      "z" : -13.958204
    }, {
      "x" : 9.376644,
      "y" : -6.5086102,
      "z" : -5.486068
    }, {
      "x" : 0.9045085,
      "y" : -6.5086102,
      "z" : -5.486068
    }, {
      "x" : 0.9045085,
      "y" : -6.5086102,
      "z" : -13.958204
    } ],
    "faces" : [ {
      "vertices" : [ 0, 1, 2 ]
    }, {
      "vertices" : [ 0, 2, 3 ]
    }, {
      "vertices" : [ 0, 3, 2 ]
    }, {
      "vertices" : [ 0, 2, 1 ]
    } ]
  }, {
    "id" : "4ee41edf-0ad3-40d0-a752-2e2e7800a3d0",
    "vertices" : [ {
      "x" : 0.9045085,
      "y" : 1.9635255,
      "z" : -5.486068
    }, {
      "x" : 0.9045085,
      "y" : 1.9635255,
      "z" : -13.958204
    }, {
      "x" : 9.376644,
      "y" : 1.9635255,
      "z" : -13.958204
    }, {
      "x" : 9.376644,
      "y" : 1.9635255,
      "z" : -5.486068
    } ],
    "faces" : [ {
      "vertices" : [ 0, 1, 2 ]
    }, {
      "vertices" : [ 0, 2, 3 ]
    }, {
      "vertices" : [ 0, 3, 2 ]
    }, {
      "vertices" : [ 0, 2, 1 ]
    } ]
  }, {
    "id" : "d5ca8421-0c30-4510-8b62-8b0eb042d0b0",
    "vertices" : [ {
      "x" : -4.236068,
      "y" : -8.472136,
      "z" : 18.562305
    }, {
      "x" : -11.09017,
      "y" : -11.09017,
      "z" : 28.034441
    }, {
      "x" : -2.618034,
      "y" : -11.09017,
      "z" : 28.034441
    }, {
      "x" : 4.236068,
      "y" : -8.472136,
      "z" : 18.562305
    } ],
    "faces" : [ {
      "vertices" : [ 0, 1, 2 ]
    }, {
      "vertices" : [ 0, 2, 3 ]
    }, {
      "vertices" : [ 0, 3, 2 ]
    }, {
      "vertices" : [ 0, 2, 1 ]
    } ]
  }, {
    "id" : "99b72251-1051-4bb1-9cdb-e3b962dabe82",
    "vertices" : [ {
      "x" : -11.09017,
      "y" : -11.09017,
      "z" : 28.034441
    }, {
      "x" : -11.09017,
      "y" : -2.618034,
      "z" : 28.034441
    }, {
      "x" : -4.236068,
      "y" : 0.0,
      "z" : 18.562305
    }, {
      "x" : -4.236068,
      "y" : -8.472136,
      "z" : 18.562305
    } ],
    "faces" : [ {
      "vertices" : [ 0, 1, 2 ]
    }, {
      "vertices" : [ 0, 2, 3 ]
    }, {
      "vertices" : [ 0, 3, 2 ]
    }, {
      "vertices" : [ 0, 2, 1 ]
    } ]
  }, {
    "id" : "258237ec-77e3-41ab-9a3c-5faf36a462cc",
    "vertices" : [ {
      "x" : -11.09017,
      "y" : 3.736068,
      "z" : 11.09017
    }, {
      "x" : -4.236068,
      "y" : 6.354102,
      "z" : 1.618034
    }, {
      "x" : -4.236068,
      "y" : 6.354102,
      "z" : -6.854102
    }, {
      "x" : -11.09017,
      "y" : 3.736068,
      "z" : 2.618034
    } ],
    "faces" : [ {
      "vertices" : [ 0, 1, 2 ]
    }, {
      "vertices" : [ 0, 2, 3 ]
    }, {
      "vertices" : [ 0, 3, 2 ]
    }, {
      "vertices" : [ 0, 2, 1 ]
    } ]
  }, {
    "id" : "2779bdb5-5285-496d-b6e8-aff32f00a2ea",
    "vertices" : [ {
      "x" : 4.236068,
      "y" : 6.354102,
      "z" : -6.854102
    }, {
      "x" : 4.236068,
      "y" : 6.354102,
      "z" : 1.618034
    }, {
      "x" : -2.618034,
      "y" : 3.736068,
      "z" : 11.09017
    }, {
      "x" : -2.618034,
      "y" : 3.736068,
      "z" : 2.618034
    } ],
    "faces" : [ {
      "vertices" : [ 0, 1, 2 ]
    }, {
      "vertices" : [ 0, 2, 3 ]
    }, {
      "vertices" : [ 0, 3, 2 ]
    }, {
      "vertices" : [ 0, 2, 1 ]
    } ]
  }, {
    "id" : "ddf8b0d8-494b-4a3a-8386-3ff8ac5548ca",
    "vertices" : [ {
      "x" : 4.236068,
      "y" : 6.354102,
      "z" : -6.854102
    }, {
      "x" : -2.618034,
      "y" : 3.736068,
      "z" : 2.618034
    }, {
      "x" : -11.09017,
      "y" : 3.736068,
      "z" : 2.618034
    }, {
      "x" : -4.236068,
      "y" : 6.354102,
      "z" : -6.854102
    } ],
    "faces" : [ {
      "vertices" : [ 0, 1, 2 ]
    }, {
      "vertices" : [ 0, 2, 3 ]
    }, {
      "vertices" : [ 0, 3, 2 ]
    }, {
      "vertices" : [ 0, 2, 1 ]
    } ]
  }, {
    "id" : "98fc0da3-04e2-4ac8-8b20-7e453b8c5d2a",
    "vertices" : [ {
      "x" : 4.236068,
      "y" : -8.472136,
      "z" : 18.562305
    }, {
      "x" : 4.236068,
      "y" : 0.0,
      "z" : 18.562305
    }, {
      "x" : -4.236068,
      "y" : 0.0,
      "z" : 18.562305
    }, {
      "x" : -4.236068,
      "y" : -8.472136,
      "z" : 18.562305
    } ],
    "faces" : [ {
      "vertices" : [ 0, 1, 2 ]
    }, {
      "vertices" : [ 0, 2, 3 ]
    }, {
      "vertices" : [ 0, 3, 2 ]
    }, {
      "vertices" : [ 0, 2, 1 ]
    } ]
  }, {
    "id" : "7cb18521-e133-4607-a18b-b7e4ed9e8157",
    "vertices" : [ {
      "x" : 0.9045085,
      "y" : 1.9635255,
      "z" : -13.958204
    }, {
      "x" : 0.9045085,
      "y" : -6.5086102,
      "z" : -13.958204
    }, {
      "x" : 0.9045085,
      "y" : -6.5086102,
      "z" : -5.486068
    }, {
      "x" : 0.9045085,
      "y" : 1.9635255,
      "z" : -5.486068
    } ],
    "faces" : [ {
      "vertices" : [ 0, 1, 2 ]
    }, {
      "vertices" : [ 0, 2, 3 ]
    }, {
      "vertices" : [ 0, 3, 2 ]
    }, {
      "vertices" : [ 0, 2, 1 ]
    } ]
  }, {
    "id" : "e022540b-1a74-48a0-ada3-c5d51523e902",
    "vertices" : [ {
      "x" : -4.236068,
      "y" : -8.472136,
      "z" : -23.798374
    }, {
      "x" : -11.09017,
      "y" : -11.09017,
      "z" : -14.326238
    }, {
      "x" : -11.09017,
      "y" : -2.618034,
      "z" : -14.326238
    }, {
      "x" : -4.236068,
      "y" : 0.0,
      "z" : -23.798374
    } ],
    "faces" : [ {
      "vertices" : [ 0, 1, 2 ]
    }, {
      "vertices" : [ 0, 2, 3 ]
    }, {
      "vertices" : [ 0, 3, 2 ]
    }, {
      "vertices" : [ 0, 2, 1 ]
    } ]
  }, {
    "id" : "9131597f-818b-4300-9365-9f86993e6afc",
    "vertices" : [ {
      "x" : -2.618034,
      "y" : -11.09017,
      "z" : -14.326238
    }, {
      "x" : -2.618034,
      "y" : -2.618034,
      "z" : -14.326238
    }, {
      "x" : -11.09017,
      "y" : -2.618034,
      "z" : -14.326238
    }, {
      "x" : -11.09017,
      "y" : -11.09017,
      "z" : -14.326238
    } ],
    "faces" : [ {
      "vertices" : [ 0, 1, 2 ]
    }, {
      "vertices" : [ 0, 2, 3 ]
    }, {
      "vertices" : [ 0, 3, 2 ]
    }, {
      "vertices" : [ 0, 2, 1 ]
    } ]
  }, {
    "id" : "24107b1e-9433-424d-b08b-917dc6b0bd49",
    "vertices" : [ {
      "x" : -16.230747,
      "y" : -4.5815597,
      "z" : 18.194271
    }, {
      "x" : -16.230747,
      "y" : -13.053696,
      "z" : 18.194271
    }, {
      "x" : -7.7586102,
      "y" : -13.053696,
      "z" : 18.194271
    }, {
      "x" : -7.7586102,
      "y" : -4.5815597,
      "z" : 18.194271
    } ],
    "faces" : [ {
      "vertices" : [ 0, 1, 2 ]
    }, {
      "vertices" : [ 0, 2, 3 ]
    }, {
      "vertices" : [ 0, 3, 2 ]
    }, {
      "vertices" : [ 0, 2, 1 ]
    } ]
  }, {
    "id" : "fa6dfc53-1f8f-4a61-940b-cf79da03e9fb",
    "vertices" : [ {
      "x" : -16.230747,
      "y" : -4.5815597,
      "z" : 18.194271
    }, {
      "x" : -16.230747,
      "y" : -4.5815597,
      "z" : 9.722136
    }, {
      "x" : -16.230747,
      "y" : -13.053696,
      "z" : 9.722136
    }, {
      "x" : -16.230747,
      "y" : -13.053696,
      "z" : 18.194271
    } ],
    "faces" : [ {
      "vertices" : [ 0, 1, 2 ]
    }, {
      "vertices" : [ 0, 2, 3 ]
    }, {
      "vertices" : [ 0, 3, 2 ]
    }, {
      "vertices" : [ 0, 2, 1 ]
    } ]
  }, {
    "id" : "90d40863-b26b-4424-a604-88a7a0cff9af",
    "vertices" : [ {
      "x" : -20.621323,
      "y" : -11.09017,
      "z" : 11.09017
    }, {
      "x" : -13.7672205,
      "y" : -8.472136,
      "z" : 1.618034
    }, {
      "x" : -13.7672205,
      "y" : 0.0,
      "z" : 1.618034
    }, {
      "x" : -20.621323,
      "y" : -2.618034,
      "z" : 11.09017
    } ],
    "faces" : [ {
      "vertices" : [ 0, 1, 2 ]
    }, {
      "vertices" : [ 0, 2, 3 ]
    }, {
      "vertices" : [ 0, 3, 2 ]
    }, {
      "vertices" : [ 0, 2, 1 ]
    } ]
  }, {
    "id" : "aa324afe-c76f-4a8c-b862-86c570eb1aa8",
    "vertices" : [ {
      "x" : 4.236068,
      "y" : -8.472136,
      "z" : -23.798374
    }, {
      "x" : 4.236068,
      "y" : 0.0,
      "z" : -23.798374
    }, {
      "x" : -4.236068,
      "y" : 0.0,
      "z" : -23.798374
    }, {
      "x" : -4.236068,
      "y" : -8.472136,
      "z" : -23.798374
    } ],
    "faces" : [ {
      "vertices" : [ 0, 1, 2 ]
    }, {
      "vertices" : [ 0, 2, 3 ]
    }, {
      "vertices" : [ 0, 3, 2 ]
    }, {
      "vertices" : [ 0, 2, 1 ]
    } ]
  }, {
    "id" : "bb8365ca-1cb0-49ec-a2f9-4ab6a037fe8c",
    "vertices" : [ {
      "x" : -7.7586102,
      "y" : -4.5815597,
      "z" : 9.722136
    }, {
      "x" : -7.7586102,
      "y" : -13.053696,
      "z" : 9.722136
    }, {
      "x" : -16.230747,
      "y" : -13.053696,
      "z" : 9.722136
    }, {
      "x" : -16.230747,
      "y" : -4.5815597,
      "z" : 9.722136
    } ],
    "faces" : [ {
      "vertices" : [ 0, 1, 2 ]
    }, {
      "vertices" : [ 0, 2, 3 ]
    }, {
      "vertices" : [ 0, 3, 2 ]
    }, {
      "vertices" : [ 0, 2, 1 ]
    } ]
  }, {
    "id" : "8e3ca1d1-05d1-464f-844d-75c864978c5e",
    "vertices" : [ {
      "x" : -4.236068,
      "y" : 6.354102,
      "z" : 1.618034
    }, {
      "x" : 4.236068,
      "y" : 6.354102,
      "z" : 1.618034
    }, {
      "x" : 4.236068,
      "y" : 6.354102,
      "z" : -6.854102
    }, {
      "x" : -4.236068,
      "y" : 6.354102,
      "z" : -6.854102
    } ],
    "faces" : [ {
      "vertices" : [ 0, 1, 2 ]
    }, {
      "vertices" : [ 0, 2, 3 ]
    }, {
      "vertices" : [ 0, 3, 2 ]
    }, {
      "vertices" : [ 0, 2, 1 ]
    } ]
  }, {
    "id" : "af85780f-def5-40dd-81b0-dc719aabe825",
    "vertices" : [ {
      "x" : -13.7672205,
      "y" : -8.472136,
      "z" : 1.618034
    }, {
      "x" : -20.621323,
      "y" : -11.09017,
      "z" : 11.09017
    }, {
      "x" : -20.621323,
      "y" : -11.09017,
      "z" : 2.618034
    }, {
      "x" : -13.7672205,
      "y" : -8.472136,
      "z" : -6.854102
    } ],
    "faces" : [ {
      "vertices" : [ 0, 1, 2 ]
    }, {
      "vertices" : [ 0, 2, 3 ]
    }, {
      "vertices" : [ 0, 3, 2 ]
    }, {
      "vertices" : [ 0, 2, 1 ]
    } ]
  }, {
    "id" : "5c660103-ac50-43a9-8f49-5ebdb44c4b84",
    "vertices" : [ {
      "x" : 6.913119,
      "y" : -11.09017,
      "z" : 2.618034
    }, {
      "x" : 13.7672205,
      "y" : -8.472136,
      "z" : -6.854102
    }, {
      "x" : 13.7672205,
      "y" : -8.472136,
      "z" : 1.618034
    }, {
      "x" : 6.913119,
      "y" : -11.09017,
      "z" : 11.09017
    } ],
    "faces" : [ {
      "vertices" : [ 0, 1, 2 ]
    }, {
      "vertices" : [ 0, 2, 3 ]
    }, {
      "vertices" : [ 0, 3, 2 ]
    }, {
      "vertices" : [ 0, 2, 1 ]
    } ]
  }, {
    "id" : "29f6d001-a481-4a74-9e39-c36a24dda0fb",
    "vertices" : [ {
      "x" : 4.236068,
      "y" : -14.826238,
      "z" : -6.854102
    }, {
      "x" : -4.236068,
      "y" : -14.826238,
      "z" : -6.854102
    }, {
      "x" : -4.236068,
      "y" : -14.826238,
      "z" : 1.618034
    }, {
      "x" : 4.236068,
      "y" : -14.826238,
      "z" : 1.618034
    } ],
    "faces" : [ {
      "vertices" : [ 0, 1, 2 ]
    }, {
      "vertices" : [ 0, 2, 3 ]
    }, {
      "vertices" : [ 0, 3, 2 ]
    }, {
      "vertices" : [ 0, 2, 1 ]
    } ]
  }, {
    "id" : "88af4cb1-d21c-40c2-b488-0235ef5c057c",
    "vertices" : [ {
      "x" : -2.618034,
      "y" : -17.444271,
      "z" : 2.618034
    }, {
      "x" : -11.09017,
      "y" : -17.444271,
      "z" : 2.618034
    }, {
      "x" : -4.236068,
      "y" : -14.826238,
      "z" : -6.854102
    }, {
      "x" : 4.236068,
      "y" : -14.826238,
      "z" : -6.854102
    } ],
    "faces" : [ {
      "vertices" : [ 0, 1, 2 ]
    }, {
      "vertices" : [ 0, 2, 3 ]
    }, {
      "vertices" : [ 0, 3, 2 ]
    }, {
      "vertices" : [ 0, 2, 1 ]
    } ]
  }, {
    "id" : "bd7230b5-4e8b-4c2a-856f-e4b9f513a832",
    "vertices" : [ {
      "x" : 13.7672205,
      "y" : -8.472136,
      "z" : -6.854102
    }, {
      "x" : 6.913119,
      "y" : -11.09017,
      "z" : 2.618034
    }, {
      "x" : 6.913119,
      "y" : -2.618034,
      "z" : 2.618034
    }, {
      "x" : 13.7672205,
      "y" : 0.0,
      "z" : -6.854102
    } ],
    "faces" : [ {
      "vertices" : [ 0, 1, 2 ]
    }, {
      "vertices" : [ 0, 2, 3 ]
    }, {
      "vertices" : [ 0, 3, 2 ]
    }, {
      "vertices" : [ 0, 2, 1 ]
    } ]
  }, {
    "id" : "21550ebc-7fad-44ea-9d25-8e4978443be1",
    "vertices" : [ {
      "x" : 13.7672205,
      "y" : -8.472136,
      "z" : -6.854102
    }, {
      "x" : 13.7672205,
      "y" : 0.0,
      "z" : -6.854102
    }, {
      "x" : 13.7672205,
      "y" : 0.0,
      "z" : 1.618034
    }, {
      "x" : 13.7672205,
      "y" : -8.472136,
      "z" : 1.618034
    } ],
    "faces" : [ {
      "vertices" : [ 0, 1, 2 ]
    }, {
      "vertices" : [ 0, 2, 3 ]
    }, {
      "vertices" : [ 0, 3, 2 ]
    }, {
      "vertices" : [ 0, 2, 1 ]
    } ]
  }, {
    "id" : "0c3e4606-1a07-42cb-9dda-b8a99b349002",
    "vertices" : [ {
      "x" : -2.618034,
      "y" : -17.444271,
      "z" : 11.09017
    }, {
      "x" : 4.236068,
      "y" : -14.826238,
      "z" : 1.618034
    }, {
      "x" : -4.236068,
      "y" : -14.826238,
      "z" : 1.618034
    }, {
      "x" : -11.09017,
      "y" : -17.444271,
      "z" : 11.09017
    } ],
    "faces" : [ {
      "vertices" : [ 0, 1, 2 ]
    }, {
      "vertices" : [ 0, 2, 3 ]
    }, {
      "vertices" : [ 0, 3, 2 ]
    }, {
      "vertices" : [ 0, 2, 1 ]
    } ]
  }, {
    "id" : "f06f8105-1553-4c37-a11d-e5a359953dce",
    "vertices" : [ {
      "x" : -16.230747,
      "y" : -4.5815597,
      "z" : 18.194271
    }, {
      "x" : -7.7586102,
      "y" : -4.5815597,
      "z" : 18.194271
    }, {
      "x" : -7.7586102,
      "y" : -4.5815597,
      "z" : 9.722136
    }, {
      "x" : -16.230747,
      "y" : -4.5815597,
      "z" : 9.722136
    } ],
    "faces" : [ {
      "vertices" : [ 0, 1, 2 ]
    }, {
      "vertices" : [ 0, 2, 3 ]
    }, {
      "vertices" : [ 0, 3, 2 ]
    }, {
      "vertices" : [ 0, 2, 1 ]
    } ]
  }, {
    "id" : "f1bea14c-ef61-486e-adec-cfe47bd1dee6",
    "vertices" : [ {
      "x" : -13.7672205,
      "y" : -8.472136,
      "z" : 1.618034
    }, {
      "x" : -13.7672205,
      "y" : -8.472136,
      "z" : -6.854102
    }, {
      "x" : -13.7672205,
      "y" : 0.0,
      "z" : -6.854102
    }, {
      "x" : -13.7672205,
      "y" : 0.0,
      "z" : 1.618034
    } ],
    "faces" : [ {
      "vertices" : [ 0, 1, 2 ]
    }, {
      "vertices" : [ 0, 2, 3 ]
    }, {
      "vertices" : [ 0, 3, 2 ]
    }, {
      "vertices" : [ 0, 2, 1 ]
    } ]
  }, {
    "id" : "6512825a-80f8-4fa7-918a-a88814faaac3",
    "vertices" : [ {
      "x" : -20.621323,
      "y" : -2.618034,
      "z" : 2.618034
    }, {
      "x" : -20.621323,
      "y" : -2.618034,
      "z" : 11.09017
    }, {
      "x" : -13.7672205,
      "y" : 0.0,
      "z" : 1.618034
    }, {
      "x" : -13.7672205,
      "y" : 0.0,
      "z" : -6.854102
    } ],
    "faces" : [ {
      "vertices" : [ 0, 1, 2 ]
    }, {
      "vertices" : [ 0, 2, 3 ]
    }, {
      "vertices" : [ 0, 3, 2 ]
    }, {
      "vertices" : [ 0, 2, 1 ]
    } ]
  }, {
    "id" : "78bef482-3caa-4ddc-a901-f632e184b751",
    "vertices" : [ {
      "x" : -11.09017,
      "y" : 3.736068,
      "z" : 11.09017
    }, {
      "x" : -2.618034,
      "y" : 3.736068,
      "z" : 11.09017
    }, {
      "x" : 4.236068,
      "y" : 6.354102,
      "z" : 1.618034
    }, {
      "x" : -4.236068,
      "y" : 6.354102,
      "z" : 1.618034
    } ],
    "faces" : [ {
      "vertices" : [ 0, 1, 2 ]
    }, {
      "vertices" : [ 0, 2, 3 ]
    }, {
      "vertices" : [ 0, 3, 2 ]
    }, {
      "vertices" : [ 0, 2, 1 ]
    } ]
  }, {
    "id" : "54fd479b-5491-4bc8-b955-502b890e14c7",
    "vertices" : [ {
      "x" : -2.618034,
      "y" : -2.618034,
      "z" : 28.034441
    }, {
      "x" : -11.09017,
      "y" : -2.618034,
      "z" : 28.034441
    }, {
      "x" : -11.09017,
      "y" : -11.09017,
      "z" : 28.034441
    }, {
      "x" : -2.618034,
      "y" : -11.09017,
      "z" : 28.034441
    } ],
    "faces" : [ {
      "vertices" : [ 0, 1, 2 ]
    }, {
      "vertices" : [ 0, 2, 3 ]
    }, {
      "vertices" : [ 0, 3, 2 ]
    }, {
      "vertices" : [ 0, 2, 1 ]
    } ]
  }, {
    "id" : "43a82b64-e033-4d25-b1d9-d134fb32d2d9",
    "vertices" : [ {
      "x" : -16.230747,
      "y" : -13.053696,
      "z" : 18.194271
    }, {
      "x" : -16.230747,
      "y" : -13.053696,
      "z" : 9.722136
    }, {
      "x" : -7.7586102,
      "y" : -13.053696,
      "z" : 9.722136
    }, {
      "x" : -7.7586102,
      "y" : -13.053696,
      "z" : 18.194271
    } ],
    "faces" : [ {
      "vertices" : [ 0, 1, 2 ]
    }, {
      "vertices" : [ 0, 2, 3 ]
    }, {
      "vertices" : [ 0, 3, 2 ]
    }, {
      "vertices" : [ 0, 2, 1 ]
    } ]
  }, {
    "id" : "9bcca345-f77b-43f1-a0b6-46d9732f26f6",
    "vertices" : [ {
      "x" : -4.236068,
      "y" : -8.472136,
      "z" : -23.798374
    }, {
      "x" : 4.236068,
      "y" : -8.472136,
      "z" : -23.798374
    }, {
      "x" : -2.618034,
      "y" : -11.09017,
      "z" : -14.326238
    }, {
      "x" : -11.09017,
      "y" : -11.09017,
      "z" : -14.326238
    } ],
    "faces" : [ {
      "vertices" : [ 0, 1, 2 ]
    }, {
      "vertices" : [ 0, 2, 3 ]
    }, {
      "vertices" : [ 0, 3, 2 ]
    }, {
      "vertices" : [ 0, 2, 1 ]
    } ]
  }, {
    "id" : "14d31b7b-1957-46aa-bbfe-5757d7d81096",
    "vertices" : [ {
      "x" : 6.913119,
      "y" : -11.09017,
      "z" : 2.618034
    }, {
      "x" : 6.913119,
      "y" : -11.09017,
      "z" : 11.09017
    }, {
      "x" : 6.913119,
      "y" : -2.618034,
      "z" : 11.09017
    }, {
      "x" : 6.913119,
      "y" : -2.618034,
      "z" : 2.618034
    } ],
    "faces" : [ {
      "vertices" : [ 0, 1, 2 ]
    }, {
      "vertices" : [ 0, 2, 3 ]
    }, {
      "vertices" : [ 0, 3, 2 ]
    }, {
      "vertices" : [ 0, 2, 1 ]
    } ]
  }, {
    "id" : "4b852f80-4e43-448b-b638-2d3cd591802e",
    "vertices" : [ {
      "x" : 13.7672205,
      "y" : 0.0,
      "z" : 1.618034
    }, {
      "x" : 13.7672205,
      "y" : 0.0,
      "z" : -6.854102
    }, {
      "x" : 6.913119,
      "y" : -2.618034,
      "z" : 2.618034
    }, {
      "x" : 6.913119,
      "y" : -2.618034,
      "z" : 11.09017
    } ],
    "faces" : [ {
      "vertices" : [ 0, 1, 2 ]
    }, {
      "vertices" : [ 0, 2, 3 ]
    }, {
      "vertices" : [ 0, 3, 2 ]
    }, {
      "vertices" : [ 0, 2, 1 ]
    } ]
  }, {
    "id" : "6ca233ae-ece6-40cd-a3b6-b8d99b8c157a",
    "vertices" : [ {
      "x" : -20.621323,
      "y" : -11.09017,
      "z" : 2.618034
    }, {
      "x" : -20.621323,
      "y" : -11.09017,
      "z" : 11.09017
    }, {
      "x" : -20.621323,
      "y" : -2.618034,
      "z" : 11.09017
    }, {
      "x" : -20.621323,
      "y" : -2.618034,
      "z" : 2.618034
    } ],
    "faces" : [ {
      "vertices" : [ 0, 1, 2 ]
    }, {
      "vertices" : [ 0, 2, 3 ]
    }, {
      "vertices" : [ 0, 3, 2 ]
    }, {
      "vertices" : [ 0, 2, 1 ]
    } ]
  }, {
    "id" : "469199ef-ec2b-4ec5-8b47-f0df0166b0bf",
    "vertices" : [ {
      "x" : 0.9045085,
      "y" : 1.9635255,
      "z" : -13.958204
    }, {
      "x" : 9.376644,
      "y" : 1.9635255,
      "z" : -13.958204
    }, {
      "x" : 9.376644,
      "y" : -6.5086102,
      "z" : -13.958204
    }, {
      "x" : 0.9045085,
      "y" : -6.5086102,
      "z" : -13.958204
    } ],
    "faces" : [ {
      "vertices" : [ 0, 1, 2 ]
    }, {
      "vertices" : [ 0, 2, 3 ]
    }, {
      "vertices" : [ 0, 3, 2 ]
    }, {
      "vertices" : [ 0, 2, 1 ]
    } ]
  }, {
    "id" : "6046f8dd-40a4-419b-b484-cb87b2332208",
    "vertices" : [ {
      "x" : 13.7672205,
      "y" : -8.472136,
      "z" : 1.618034
    }, {
      "x" : 13.7672205,
      "y" : 0.0,
      "z" : 1.618034
    }, {
      "x" : 6.913119,
      "y" : -2.618034,
      "z" : 11.09017
    }, {
      "x" : 6.913119,
      "y" : -11.09017,
      "z" : 11.09017
    } ],
    "faces" : [ {
      "vertices" : [ 0, 1, 2 ]
    }, {
      "vertices" : [ 0, 2, 3 ]
    }, {
      "vertices" : [ 0, 3, 2 ]
    }, {
      "vertices" : [ 0, 2, 1 ]
    } ]
  }, {
    "id" : "f08d9322-616b-410e-b86d-3054cae4b9a5",
    "vertices" : [ {
      "x" : 4.236068,
      "y" : -14.826238,
      "z" : 1.618034
    }, {
      "x" : -2.618034,
      "y" : -17.444271,
      "z" : 11.09017
    }, {
      "x" : -2.618034,
      "y" : -17.444271,
      "z" : 2.618034
    }, {
      "x" : 4.236068,
      "y" : -14.826238,
      "z" : -6.854102
    } ],
    "faces" : [ {
      "vertices" : [ 0, 1, 2 ]
    }, {
      "vertices" : [ 0, 2, 3 ]
    }, {
      "vertices" : [ 0, 3, 2 ]
    }, {
      "vertices" : [ 0, 2, 1 ]
    } ]
  }, {
    "id" : "15537c1e-7a1c-4c2e-be6d-f3f9f4eddbdb",
    "vertices" : [ {
      "x" : 4.236068,
      "y" : 0.0,
      "z" : -23.798374
    }, {
      "x" : -2.618034,
      "y" : -2.618034,
      "z" : -14.326238
    }, {
      "x" : -2.618034,
      "y" : -11.09017,
      "z" : -14.326238
    }, {
      "x" : 4.236068,
      "y" : -8.472136,
      "z" : -23.798374
    } ],
    "faces" : [ {
      "vertices" : [ 0, 1, 2 ]
    }, {
      "vertices" : [ 0, 2, 3 ]
    }, {
      "vertices" : [ 0, 3, 2 ]
    }, {
      "vertices" : [ 0, 2, 1 ]
    } ]
  }, {
    "id" : "d275c53e-3a3d-488f-baea-2317a8c3eed6",
    "vertices" : [ {
      "x" : -7.7586102,
      "y" : -4.5815597,
      "z" : 18.194271
    }, {
      "x" : -7.7586102,
      "y" : -13.053696,
      "z" : 18.194271
    }, {
      "x" : -7.7586102,
      "y" : -13.053696,
      "z" : 9.722136
    }, {
      "x" : -7.7586102,
      "y" : -4.5815597,
      "z" : 9.722136
    } ],
    "faces" : [ {
      "vertices" : [ 0, 1, 2 ]
    }, {
      "vertices" : [ 0, 2, 3 ]
    }, {
      "vertices" : [ 0, 3, 2 ]
    }, {
      "vertices" : [ 0, 2, 1 ]
    } ]
  }, {
    "id" : "aa355d01-df58-4206-baf1-2aa1cef03361",
    "vertices" : [ {
      "x" : 9.376644,
      "y" : -6.5086102,
      "z" : -13.958204
    }, {
      "x" : 9.376644,
      "y" : 1.9635255,
      "z" : -13.958204
    }, {
      "x" : 9.376644,
