{
  "polygons" : "true",
  "field" : "golden",
  "symmetry" : "icosahedral",
  "orientations" : [ [ 1.0, 0.0, 0.0, 0.0, 0.0, 1.0, 0.0, 0.0, 0.0, 0.0, 1.0, 0.0, 0.0, 0.0, 0.0, 1.0 ], [ 0.0, 0.0, 1.0, 0.0, 1.0, 0.0, 0.0, 0.0, 0.0, 1.0, 0.0, 0.0, 0.0, 0.0, 0.0, 1.0 ], [ 0.0, 1.0, 0.0, 0.0, 0.0, 0.0, 1.0, 0.0, 1.0, 0.0, 0.0, 0.0, 0.0, 0.0, 0.0, 1.0 ], [ 0.809017, 0.309017, 0.5, 0.0, 0.309017, 0.5, -0.809017, 0.0, -0.5, 0.809017, 0.309017, 0.0, 0.0, 0.0, 0.0, 1.0 ], [ -0.5, 0.809017, 0.309017, 0.0, 0.809017, 0.309017, 0.5, 0.0, 0.309017, 0.5, -0.809017, 0.0, 0.0, 0.0, 0.0, 1.0 ], [ 0.309017, 0.5, -0.809017, 0.0, -0.5, 0.809017, 0.309017, 0.0, 0.809017, 0.309017, 0.5, 0.0, 0.0, 0.0, 0.0, 1.0 ], [ 0.5, 0.809017, 0.309017, 0.0, 0.809017, -0.309017, -0.5, 0.0, -0.309017, 0.5, -0.809017, 0.0, 0.0, 0.0, 0.0, 1.0 ], [ -0.309017, 0.5, -0.809017, 0.0, 0.5, 0.809017, 0.309017, 0.0, 0.809017, -0.309017, -0.5, 0.0, 0.0, 0.0, 0.0, 1.0 ], [ 0.809017, -0.309017, -0.5, 0.0, -0.309017, 0.5, -0.809017, 0.0, 0.5, 0.809017, 0.309017, 0.0, 0.0, 0.0, 0.0, 1.0 ], [ 0.5, 0.809017, -0.309017, 0.0, 0.809017, -0.309017, 0.5, 0.0, 0.309017, -0.5, -0.809017, 0.0, 0.0, 0.0, 0.0, 1.0 ], [ 0.309017, -0.5, -0.809017, 0.0, 0.5, 0.809017, -0.309017, 0.0, 0.809017, -0.309017, 0.5, 0.0, 0.0, 0.0, 0.0, 1.0 ], [ 0.809017, -0.309017, 0.5, 0.0, 0.309017, -0.5, -0.809017, 0.0, 0.5, 0.809017, -0.309017, 0.0, 0.0, 0.0, 0.0, 1.0 ], [ 0.809017, 0.309017, -0.5, 0.0, 0.309017, 0.5, 0.809017, 0.0, 0.5, -0.809017, 0.309017, 0.0, 0.0, 0.0, 0.0, 1.0 ], [ 0.5, -0.809017, 0.309017, 0.0, 0.809017, 0.309017, -0.5, 0.0, 0.309017, 0.5, 0.809017, 0.0, 0.0, 0.0, 0.0, 1.0 ], [ 0.309017, 0.5, 0.809017, 0.0, 0.5, -0.809017, 0.309017, 0.0, 0.809017, 0.309017, -0.5, 0.0, 0.0, 0.0, 0.0, 1.0 ], [ 1.0, 0.0, 0.0, 0.0, 0.0, -1.0, 0.0, 0.0, 0.0, 0.0, -1.0, 0.0, 0.0, 0.0, 0.0, 1.0 ], [ 0.0, 0.0, 1.0, 0.0, -1.0, 0.0, 0.0, 0.0, 0.0, -1.0, 0.0, 0.0, 0.0, 0.0, 0.0, 1.0 ], [ 0.0, 1.0, 0.0, 0.0, 0.0, 0.0, -1.0, 0.0, -1.0, 0.0, 0.0, 0.0, 0.0, 0.0, 0.0, 1.0 ], [ 0.809017, 0.309017, 0.5, 0.0, -0.309017, -0.5, 0.809017, 0.0, 0.5, -0.809017, -0.309017, 0.0, 0.0, 0.0, 0.0, 1.0 ], [ -0.5, 0.809017, 0.309017, 0.0, -0.809017, -0.309017, -0.5, 0.0, -0.309017, -0.5, 0.809017, 0.0, 0.0, 0.0, 0.0, 1.0 ], [ 0.309017, 0.5, -0.809017, 0.0, 0.5, -0.809017, -0.309017, 0.0, -0.809017, -0.309017, -0.5, 0.0, 0.0, 0.0, 0.0, 1.0 ], [ 0.5, 0.809017, 0.309017, 0.0, -0.809017, 0.309017, 0.5, 0.0, 0.309017, -0.5, 0.809017, 0.0, 0.0, 0.0, 0.0, 1.0 ], [ -0.309017, 0.5, -0.809017, 0.0, -0.5, -0.809017, -0.309017, 0.0, -0.809017, 0.309017, 0.5, 0.0, 0.0, 0.0, 0.0, 1.0 ], [ 0.809017, -0.309017, -0.5, 0.0, 0.309017, -0.5, 0.809017, 0.0, -0.5, -0.809017, -0.309017, 0.0, 0.0, 0.0, 0.0, 1.0 ], [ 0.5, 0.809017, -0.309017, 0.0, -0.809017, 0.309017, -0.5, 0.0, -0.309017, 0.5, 0.809017, 0.0, 0.0, 0.0, 0.0, 1.0 ], [ 0.309017, -0.5, -0.809017, 0.0, -0.5, -0.809017, 0.309017, 0.0, -0.809017, 0.309017, -0.5, 0.0, 0.0, 0.0, 0.0, 1.0 ], [ 0.809017, -0.309017, 0.5, 0.0, -0.309017, 0.5, 0.809017, 0.0, -0.5, -0.809017, 0.309017, 0.0, 0.0, 0.0, 0.0, 1.0 ], [ 0.809017, 0.309017, -0.5, 0.0, -0.309017, -0.5, -0.809017, 0.0, -0.5, 0.809017, -0.309017, 0.0, 0.0, 0.0, 0.0, 1.0 ], [ 0.5, -0.809017, 0.309017, 0.0, -0.809017, -0.309017, 0.5, 0.0, -0.309017, -0.5, -0.809017, 0.0, 0.0, 0.0, 0.0, 1.0 ], [ 0.309017, 0.5, 0.809017, 0.0, -0.5, 0.809017, -0.309017, 0.0, -0.809017, -0.309017, 0.5, 0.0, 0.0, 0.0, 0.0, 1.0 ], [ -1.0, 0.0, 0.0, 0.0, 0.0, -1.0, 0.0, 0.0, 0.0, 0.0, 1.0, 0.0, 0.0, 0.0, 0.0, 1.0 ], [ 0.0, 0.0, -1.0, 0.0, -1.0, 0.0, 0.0, 0.0, 0.0, 1.0, 0.0, 0.0, 0.0, 0.0, 0.0, 1.0 ], [ 0.0, -1.0, 0.0, 0.0, 0.0, 0.0, -1.0, 0.0, 1.0, 0.0, 0.0, 0.0, 0.0, 0.0, 0.0, 1.0 ], [ -0.809017, -0.309017, -0.5, 0.0, -0.309017, -0.5, 0.809017, 0.0, -0.5, 0.809017, 0.309017, 0.0, 0.0, 0.0, 0.0, 1.0 ], [ 0.5, -0.809017, -0.309017, 0.0, -0.809017, -0.309017, -0.5, 0.0, 0.309017, 0.5, -0.809017, 0.0, 0.0, 0.0, 0.0, 1.0 ], [ -0.309017, -0.5, 0.809017, 0.0, 0.5, -0.809017, -0.309017, 0.0, 0.809017, 0.309017, 0.5, 0.0, 0.0, 0.0, 0.0, 1.0 ], [ -0.5, -0.809017, -0.309017, 0.0, -0.809017, 0.309017, 0.5, 0.0, -0.309017, 0.5, -0.809017, 0.0, 0.0, 0.0, 0.0, 1.0 ], [ 0.309017, -0.5, 0.809017, 0.0, -0.5, -0.809017, -0.309017, 0.0, 0.809017, -0.309017, -0.5, 0.0, 0.0, 0.0, 0.0, 1.0 ], [ -0.809017, 0.309017, 0.5, 0.0, 0.309017, -0.5, 0.809017, 0.0, 0.5, 0.809017, 0.309017, 0.0, 0.0, 0.0, 0.0, 1.0 ], [ -0.5, -0.809017, 0.309017, 0.0, -0.809017, 0.309017, -0.5, 0.0, 0.309017, -0.5, -0.809017, 0.0, 0.0, 0.0, 0.0, 1.0 ], [ -0.309017, 0.5, 0.809017, 0.0, -0.5, -0.809017, 0.309017, 0.0, 0.809017, -0.309017, 0.5, 0.0, 0.0, 0.0, 0.0, 1.0 ], [ -0.809017, 0.309017, -0.5, 0.0, -0.309017, 0.5, 0.809017, 0.0, 0.5, 0.809017, -0.309017, 0.0, 0.0, 0.0, 0.0, 1.0 ], [ -0.809017, -0.309017, 0.5, 0.0, -0.309017, -0.5, -0.809017, 0.0, 0.5, -0.809017, 0.309017, 0.0, 0.0, 0.0, 0.0, 1.0 ], [ -0.5, 0.809017, -0.309017, 0.0, -0.809017, -0.309017, 0.5, 0.0, 0.309017, 0.5, 0.809017, 0.0, 0.0, 0.0, 0.0, 1.0 ], [ -0.309017, -0.5, -0.809017, 0.0, -0.5, 0.809017, -0.309017, 0.0, 0.809017, 0.309017, -0.5, 0.0, 0.0, 0.0, 0.0, 1.0 ], [ -1.0, 0.0, 0.0, 0.0, 0.0, 1.0, 0.0, 0.0, 0.0, 0.0, -1.0, 0.0, 0.0, 0.0, 0.0, 1.0 ], [ 0.0, 0.0, -1.0, 0.0, 1.0, 0.0, 0.0, 0.0, 0.0, -1.0, 0.0, 0.0, 0.0, 0.0, 0.0, 1.0 ], [ 0.0, -1.0, 0.0, 0.0, 0.0, 0.0, 1.0, 0.0, -1.0, 0.0, 0.0, 0.0, 0.0, 0.0, 0.0, 1.0 ], [ -0.809017, -0.309017, -0.5, 0.0, 0.309017, 0.5, -0.809017, 0.0, 0.5, -0.809017, -0.309017, 0.0, 0.0, 0.0, 0.0, 1.0 ], [ 0.5, -0.809017, -0.309017, 0.0, 0.809017, 0.309017, 0.5, 0.0, -0.309017, -0.5, 0.809017, 0.0, 0.0, 0.0, 0.0, 1.0 ], [ -0.309017, -0.5, 0.809017, 0.0, -0.5, 0.809017, 0.309017, 0.0, -0.809017, -0.309017, -0.5, 0.0, 0.0, 0.0, 0.0, 1.0 ], [ -0.5, -0.809017, -0.309017, 0.0, 0.809017, -0.309017, -0.5, 0.0, 0.309017, -0.5, 0.809017, 0.0, 0.0, 0.0, 0.0, 1.0 ], [ 0.309017, -0.5, 0.809017, 0.0, 0.5, 0.809017, 0.309017, 0.0, -0.809017, 0.309017, 0.5, 0.0, 0.0, 0.0, 0.0, 1.0 ], [ -0.809017, 0.309017, 0.5, 0.0, -0.309017, 0.5, -0.809017, 0.0, -0.5, -0.809017, -0.309017, 0.0, 0.0, 0.0, 0.0, 1.0 ], [ -0.5, -0.809017, 0.309017, 0.0, 0.809017, -0.309017, 0.5, 0.0, -0.309017, 0.5, 0.809017, 0.0, 0.0, 0.0, 0.0, 1.0 ], [ -0.309017, 0.5, 0.809017, 0.0, 0.5, 0.809017, -0.309017, 0.0, -0.809017, 0.309017, -0.5, 0.0, 0.0, 0.0, 0.0, 1.0 ], [ -0.809017, 0.309017, -0.5, 0.0, 0.309017, -0.5, -0.809017, 0.0, -0.5, -0.809017, 0.309017, 0.0, 0.0, 0.0, 0.0, 1.0 ], [ -0.809017, -0.309017, 0.5, 0.0, 0.309017, 0.5, 0.809017, 0.0, -0.5, 0.809017, -0.309017, 0.0, 0.0, 0.0, 0.0, 1.0 ], [ -0.5, 0.809017, -0.309017, 0.0, 0.809017, 0.309017, -0.5, 0.0, -0.309017, -0.5, -0.809017, 0.0, 0.0, 0.0, 0.0, 1.0 ], [ -0.309017, -0.5, -0.809017, 0.0, 0.5, -0.809017, 0.309017, 0.0, -0.809017, -0.309017, 0.5, 0.0, 0.0, 0.0, 0.0, 1.0 ] ],
  "lights" : {
    "directionalLights" : [ {
      "direction" : [ 1.0, -1.0, -1.0 ],
      "color" : "#EBEBE4"
    }, {
      "direction" : [ -1.0, 0.0, 0.0 ],
      "color" : "#E4E4EB"
    }, {
      "direction" : [ 0.0, 0.0, -1.0 ],
      "color" : "#1E1E1E"
    } ],
    "backgroundColor" : "#AFC8DC",
    "ambientColor" : "#292929"
  },
  "camera" : {
    "position" : {
      "x" : -84.054245,
      "y" : 215.38972,
      "z" : 123.53004
    },
    "width" : 117.9631,
    "lookDirectionRV" : {
      "x" : 0.32064614,
      "y" : -0.8216585,
      "z" : -0.47123653,
      "zero" : false
    },
    "perspective" : false,
    "lookAtPointRV" : {
      "x" : 0.0,
      "y" : 0.0,
      "z" : 0.0,
      "zero" : true
    },
    "fieldOfView" : 0.4426289,
    "upDirectionRV" : {
      "x" : 0.93403476,
      "y" : 0.35693535,
      "z" : 0.013191249,
      "zero" : false
    },
    "viewDistance" : 262.1402,
    "stereo" : false,
    "lookAtPoint" : {
      "x" : 0.0,
      "y" : 0.0,
      "z" : 0.0
    },
    "farClipDistance" : 524.2802,
    "lookDirection" : {
      "x" : 0.32064614,
      "y" : -0.8216585,
      "z" : -0.47123653
    },
    "upDirection" : {
      "x" : 0.93403476,
      "y" : 0.35693535,
      "z" : 0.013191249
    },
    "nearClipDistance" : 0.65535045
  },
  "embedding" : [ 1.0, 0.0, 0.0, 0.0, 0.0, 1.0, 0.0, 0.0, 0.0, 0.0, 1.0, 0.0, 0.0, 0.0, 0.0, 1.0 ],
  "shapes" : [ {
    "id" : "589b6859-8756-4f12-b9b3-6c998ec01059",
    "vertices" : [ {
      "x" : 0.0,
      "y" : 0.0,
      "z" : 0.0
    }, {
      "x" : 3.618034,
      "y" : 24.798374,
      "z" : 9.472136
    }, {
      "x" : 9.472136,
      "y" : 3.618034,
      "z" : 24.798374
    } ],
    "faces" : [ {
      "vertices" : [ 0, 1, 2 ]
    }, {
      "vertices" : [ 0, 2, 1 ]
    } ]
  }, {
    "id" : "83c99181-0a95-4e44-be4e-8cb80dc32c1e",
    "orbit" : "green",
    "orbitC" : "[[2,-1,1],[5,-3,1]]",
    "length" : "[\"-1\",\"1\",\"1\"]",
    "name" : "g0",
    "vertices" : [ {
      "x" : 5.1405764,
      "y" : 1.7725425,
      "z" : -0.868034
    }, {
      "x" : 6.163119,
      "y" : 1.809017,
      "z" : -1.0
    }, {
      "x" : 5.1405764,
      "y" : 1.7725425,
      "z" : -0.48606798
    }, {
      "x" : 4.9495935,
      "y" : 2.0815594,
      "z" : -0.98606795
    }, {
      "x" : 4.9495935,
      "y" : 2.0815594,
      "z" : -0.60410196
    }, {
      "x" : 0.809017,
      "y" : 0.618034,
      "z" : 0.309017
    }, {
      "x" : 1.0,
      "y" : 0.309017,
      "z" : 0.19098301
    }, {
      "x" : 1.9045085,
      "y" : 0.5364745,
      "z" : -0.013932022
    }, {
      "x" : 5.854102,
      "y" : 2.309017,
      "z" : -1.190983
    }, {
      "x" : 6.045085,
      "y" : 2.0,
      "z" : -1.309017
    }, {
      "x" : 6.045085,
      "y" : 2.0,
      "z" : -0.690983
    }, {
      "x" : 5.854102,
      "y" : 2.309017,
      "z" : -0.809017
    }, {
      "x" : 1.7135255,
      "y" : 0.8454915,
      "z" : -0.13196601
    }, {
      "x" : 0.690983,
      "y" : 0.809017,
      "z" : 0.0
    }, {
      "x" : 1.9045085,
      "y" : 0.5364745,
      "z" : -0.39589804
    }, {
      "x" : 1.7135255,
      "y" : 0.8454915,
      "z" : -0.51393205
    }, {
      "x" : 0.809017,
      "y" : 0.618034,
      "z" : -0.309017
    }, {
      "x" : 1.0,
      "y" : 0.309017,
      "z" : -0.19098301
    }, {
      "x" : 6.854102,
      "y" : 2.618034,
      "z" : -1.0
    } ],
    "faces" : [ {
      "vertices" : [ 0, 14, 15, 3 ]
    }, {
      "vertices" : [ 3, 15, 12, 4 ]
    }, {
      "vertices" : [ 0, 1, 2 ]
    }, {
      "vertices" : [ 12, 15, 13 ]
    }, {
      "vertices" : [ 0, 9, 1 ]
    }, {
      "vertices" : [ 0, 3, 9 ]
    }, {
      "vertices" : [ 13, 15, 16 ]
    }, {
      "vertices" : [ 6, 17, 14, 7 ]
    }, {
      "vertices" : [ 1, 10, 2 ]
    }, {
      "vertices" : [ 5, 6, 7 ]
    }, {
      "vertices" : [ 3, 8, 9 ]
    }, {
      "vertices" : [ 0, 2, 7, 14 ]
    }, {
      "vertices" : [ 5, 7, 12 ]
    }, {
      "vertices" : [ 2, 4, 12, 7 ]
    }, {
      "vertices" : [ 3, 4, 11, 8 ]
    }, {
      "vertices" : [ 2, 10, 11, 4 ]
    }, {
      "vertices" : [ 5, 12, 13 ]
    }, {
      "vertices" : [ 14, 17, 16, 15 ]
    } ]
  }, {
    "id" : "3ab4111a-6ea9-400d-9686-ef61904965f1",
    "orbit" : "apple",
    "orbitC" : "[[2,-1,3],[-1,1,3]]",
    "length" : "[\"0\",\"1\",\"1\"]",
    "name" : "medium",
    "vertices" : [ {
      "x" : 0.559017,
      "y" : 0.4045085,
      "z" : 0.7725425
    }, {
      "x" : 0.5,
      "y" : 0.38196602,
      "z" : 0.809017
    }, {
      "x" : 0.309017,
      "y" : 0.309017,
      "z" : 0.927051
    }, {
      "x" : 0.25,
      "y" : 0.2864745,
      "z" : 0.9635255
    }, {
      "x" : 0.309017,
      "y" : 0.809017,
      "z" : 0.618034
    }, {
      "x" : 0.0,
      "y" : 0.690983,
      "z" : 0.809017
    }, {
      "x" : 0.042572472,
      "y" : 0.5570832,
      "z" : 1.7245873
    }, {
      "x" : 0.6101011,
      "y" : 0.8590048,
      "z" : 1.5278641
    }, {
      "x" : 0.46420303,
      "y" : 0.80327666,
      "z" : 1.618034
    }, {
      "x" : 0.14589803,
      "y" : 0.681695,
      "z" : 1.8147573
    }, {
      "x" : 0.14589803,
      "y" : 1.318305,
      "z" : 1.4213107
    }, {
      "x" : -0.17240697,
      "y" : 1.1967233,
      "z" : 1.618034
    }, {
      "x" : 1.172407,
      "y" : 5.6573787,
      "z" : 9.472136
    }, {
      "x" : 0.85410196,
      "y" : 5.535797,
      "z" : 9.6688595
    }, {
      "x" : 0.85410196,
      "y" : 6.172407,
      "z" : 9.275413
    }, {
      "x" : 0.53579694,
      "y" : 6.050825,
      "z" : 9.472136
    }, {
      "x" : 1.0,
      "y" : 6.163119,
      "z" : 10.281153
    }, {
      "x" : 0.690983,
      "y" : 6.045085,
      "z" : 10.472136
    }, {
      "x" : 0.75,
      "y" : 6.5676274,
      "z" : 10.126644
    }, {
      "x" : 0.440983,
      "y" : 6.4495935,
      "z" : 10.317628
    }, {
      "x" : 1.0,
      "y" : 6.854102,
      "z" : 11.09017
    } ],
    "faces" : [ {
      "vertices" : [ 13, 17, 19, 15 ]
    }, {
      "vertices" : [ 14, 15, 19, 18 ]
    }, {
      "vertices" : [ 16, 18, 19, 17 ]
    }, {
      "vertices" : [ 0, 7, 1 ]
    }, {
      "vertices" : [ 8, 12, 13, 9 ]
    }, {
      "vertices" : [ 0, 4, 7 ]
    }, {
      "vertices" : [ 2, 6, 3 ]
    }, {
      "vertices" : [ 0, 3, 5, 4 ]
    }, {
      "vertices" : [ 8, 10, 14, 12 ]
    }, {
      "vertices" : [ 3, 6, 5 ]
    }, {
      "vertices" : [ 1, 7, 8 ]
    }, {
      "vertices" : [ 9, 13, 15, 11 ]
    }, {
      "vertices" : [ 2, 9, 6 ]
    }, {
      "vertices" : [ 10, 11, 15, 14 ]
    }, {
      "vertices" : [ 1, 8, 9, 2 ]
    }, {
      "vertices" : [ 4, 10, 7 ]
    }, {
      "vertices" : [ 5, 6, 11 ]
    }, {
      "vertices" : [ 7, 10, 8 ]
    }, {
      "vertices" : [ 6, 9, 11 ]
    }, {
      "vertices" : [ 12, 16, 17, 13 ]
    }, {
      "vertices" : [ 12, 14, 18, 16 ]
    }, {
      "vertices" : [ 4, 5, 11, 10 ]
    } ]
  }, {
    "id" : "0349babe-8d59-42d7-8b74-011a80e90cc2",
    "name" : "ball",
    "vertices" : [ {
      "x" : 0.309017,
      "y" : -0.809017,
      "z" : 0.618034
    }, {
      "x" : 0.809017,
      "y" : -0.618034,
      "z" : 0.309017
    }, {
      "x" : 0.618034,
      "y" : -0.309017,
      "z" : 0.809017
    }, {
      "x" : 1.0,
      "y" : 0.309017,
      "z" : 0.19098301
    }, {
      "x" : 0.809017,
      "y" : 0.618034,
      "z" : 0.309017
    }, {
      "x" : 0.618034,
      "y" : 0.309017,
      "z" : 0.809017
    }, {
      "x" : 0.809017,
      "y" : 0.0,
      "z" : 0.690983
    }, {
      "x" : 0.19098301,
      "y" : -1.0,
      "z" : 0.309017
    }, {
      "x" : -0.19098301,
      "y" : -1.0,
      "z" : 0.309017
    }, {
      "x" : -0.19098301,
      "y" : -1.0,
      "z" : -0.309017
    }, {
      "x" : 0.19098301,
      "y" : -1.0,
      "z" : -0.309017
    }, {
      "x" : 1.0,
      "y" : -0.309017,
      "z" : -0.19098301
    }, {
      "x" : 0.809017,
      "y" : -0.618034,
      "z" : -0.309017
    }, {
      "x" : 0.618034,
      "y" : -0.309017,
      "z" : -0.809017
    }, {
      "x" : 0.809017,
      "y" : 0.0,
      "z" : -0.690983
    }, {
      "x" : 0.0,
      "y" : 0.690983,
      "z" : -0.809017
    }, {
      "x" : 0.309017,
      "y" : 0.809017,
      "z" : -0.618034
    }, {
      "x" : 0.618034,
      "y" : 0.309017,
      "z" : -0.809017
    }, {
      "x" : 0.309017,
      "y" : 0.19098301,
      "z" : -1.0
    }, {
      "x" : 1.0,
      "y" : 0.309017,
      "z" : -0.19098301
    }, {
      "x" : -0.309017,
      "y" : -0.809017,
      "z" : 0.618034
    }, {
      "x" : 0.0,
      "y" : -0.690983,
      "z" : 0.809017
    }, {
      "x" : 0.809017,
      "y" : 0.618034,
      "z" : -0.309017
    }, {
      "x" : 0.690983,
      "y" : 0.809017,
      "z" : 0.0
    }, {
      "x" : -0.690983,
      "y" : 0.809017,
      "z" : 0.0
    }, {
      "x" : -0.809017,
      "y" : 0.618034,
      "z" : 0.309017
    }, {
      "x" : -0.309017,
      "y" : 0.809017,
      "z" : 0.618034
    }, {
      "x" : -0.19098301,
      "y" : 1.0,
      "z" : 0.309017
    }, {
      "x" : 0.309017,
      "y" : -0.19098301,
      "z" : -1.0
    }, {
      "x" : 0.19098301,
      "y" : 1.0,
      "z" : 0.309017
    }, {
      "x" : 0.309017,
      "y" : 0.809017,
      "z" : 0.618034
    }, {
      "x" : -0.809017,
      "y" : -0.618034,
      "z" : 0.309017
    }, {
      "x" : -0.690983,
      "y" : -0.809017,
      "z" : 0.0
    }, {
      "x" : 0.0,
      "y" : 0.690983,
      "z" : 0.809017
    }, {
      "x" : 0.309017,
      "y" : -0.809017,
      "z" : -0.618034
    }, {
      "x" : 0.0,
      "y" : -0.690983,
      "z" : -0.809017
    }, {
      "x" : -1.0,
      "y" : 0.309017,
      "z" : 0.19098301
    }, {
      "x" : -0.809017,
      "y" : 0.0,
      "z" : 0.690983
    }, {
      "x" : -0.618034,
      "y" : 0.309017,
      "z" : 0.809017
    }, {
      "x" : 1.0,
      "y" : -0.309017,
      "z" : 0.19098301
    }, {
      "x" : -0.309017,
      "y" : -0.809017,
      "z" : -0.618034
    }, {
      "x" : -1.0,
      "y" : 0.309017,
      "z" : -0.19098301
    }, {
      "x" : -1.0,
      "y" : -0.309017,
      "z" : -0.19098301
    }, {
      "x" : -1.0,
      "y" : -0.309017,
      "z" : 0.19098301
    }, {
      "x" : 0.19098301,
      "y" : 1.0,
      "z" : -0.309017
    }, {
      "x" : -0.809017,
      "y" : 0.618034,
      "z" : -0.309017
    }, {
      "x" : -0.19098301,
      "y" : 1.0,
      "z" : -0.309017
    }, {
      "x" : -0.309017,
      "y" : 0.809017,
      "z" : -0.618034
    }, {
      "x" : -0.618034,
      "y" : -0.309017,
      "z" : 0.809017
    }, {
      "x" : 0.309017,
      "y" : 0.19098301,
      "z" : 1.0
    }, {
      "x" : -0.309017,
      "y" : 0.19098301,
      "z" : -1.0
    }, {
      "x" : -0.309017,
      "y" : 0.19098301,
      "z" : 1.0
    }, {
      "x" : -0.309017,
      "y" : -0.19098301,
      "z" : 1.0
    }, {
      "x" : 0.309017,
      "y" : -0.19098301,
      "z" : 1.0
    }, {
      "x" : 0.690983,
      "y" : -0.809017,
      "z" : 0.0
    }, {
      "x" : -0.809017,
      "y" : 0.0,
      "z" : -0.690983
    }, {
      "x" : -0.618034,
      "y" : -0.309017,
      "z" : -0.809017
    }, {
      "x" : -0.309017,
      "y" : -0.19098301,
      "z" : -1.0
    }, {
      "x" : -0.618034,
      "y" : 0.309017,
      "z" : -0.809017
    }, {
      "x" : -0.809017,
      "y" : -0.618034,
      "z" : -0.309017
    } ],
    "faces" : [ {
      "vertices" : [ 9, 40, 35, 34, 10 ]
    }, {
      "vertices" : [ 0, 1, 2 ]
    }, {
      "vertices" : [ 33, 51, 49 ]
    }, {
      "vertices" : [ 25, 36, 37, 38 ]
    }, {
      "vertices" : [ 41, 55, 42 ]
    }, {
      "vertices" : [ 9, 32, 59, 40 ]
    }, {
      "vertices" : [ 20, 21, 52, 48 ]
    }, {
      "vertices" : [ 26, 33, 30, 29, 27 ]
    }, {
      "vertices" : [ 3, 4, 5, 6 ]
    }, {
      "vertices" : [ 27, 29, 44, 46 ]
    }, {
      "vertices" : [ 50, 57, 56, 55, 58 ]
    }, {
      "vertices" : [ 26, 38, 51, 33 ]
    }, {
      "vertices" : [ 45, 47, 58 ]
    }, {
      "vertices" : [ 18, 28, 57, 50 ]
    }, {
      "vertices" : [ 40, 59, 56 ]
    }, {
      "vertices" : [ 31, 48, 37, 43 ]
    }, {
      "vertices" : [ 7, 8, 9, 10 ]
    }, {
      "vertices" : [ 36, 41, 42, 43 ]
    }, {
      "vertices" : [ 24, 46, 47, 45 ]
    }, {
      "vertices" : [ 4, 30, 5 ]
    }, {
      "vertices" : [ 15, 47, 46, 44, 16 ]
    }, {
      "vertices" : [ 15, 50, 58, 47 ]
    }, {
      "vertices" : [ 24, 45, 41, 36, 25 ]
    }, {
      "vertices" : [ 11, 14, 19 ]
    }, {
      "vertices" : [ 3, 6, 39 ]
    }, {
      "vertices" : [ 1, 39, 6, 2 ]
    }, {
      "vertices" : [ 8, 32, 9 ]
    }, {
      "vertices" : [ 11, 12, 13, 14 ]
    }, {
      "vertices" : [ 16, 22, 17 ]
    }, {
      "vertices" : [ 0, 21, 20, 8, 7 ]
    }, {
      "vertices" : [ 12, 34, 13 ]
    }, {
      "vertices" : [ 35, 40, 56, 57 ]
    }, {
      "vertices" : [ 0, 7, 54, 1 ]
    }, {
      "vertices" : [ 15, 16, 17, 18 ]
    }, {
      "vertices" : [ 3, 19, 22, 23, 4 ]
    }, {
      "vertices" : [ 7, 10, 54 ]
    }, {
      "vertices" : [ 41, 45, 58, 55 ]
    }, {
      "vertices" : [ 3, 39, 11, 19 ]
    }, {
      "vertices" : [ 14, 17, 22, 19 ]
    }, {
      "vertices" : [ 0, 2, 53, 21 ]
    }, {
      "vertices" : [ 49, 51, 52, 53 ]
    }, {
      "vertices" : [ 31, 43, 42, 59, 32 ]
    }, {
      "vertices" : [ 15, 18, 50 ]
    }, {
      "vertices" : [ 42, 55, 56, 59 ]
    }, {
      "vertices" : [ 4, 23, 29, 30 ]
    }, {
      "vertices" : [ 25, 38, 26 ]
    }, {
      "vertices" : [ 13, 28, 18, 17, 14 ]
    }, {
      "vertices" : [ 8, 20, 31, 32 ]
    }, {
      "vertices" : [ 23, 44, 29 ]
    }, {
      "vertices" : [ 24, 27, 46 ]
    }, {
      "vertices" : [ 37, 48, 52, 51, 38 ]
    }, {
      "vertices" : [ 20, 48, 31 ]
    }, {
      "vertices" : [ 24, 25, 26, 27 ]
    }, {
      "vertices" : [ 16, 44, 23, 22 ]
    }, {
      "vertices" : [ 13, 34, 35, 28 ]
    }, {
      "vertices" : [ 10, 34, 12, 54 ]
    }, {
      "vertices" : [ 2, 6, 5, 49, 53 ]
    }, {
      "vertices" : [ 36, 43, 37 ]
    }, {
      "vertices" : [ 5, 30, 33, 49 ]
    }, {
      "vertices" : [ 1, 54, 12, 11, 39 ]
    }, {
      "vertices" : [ 28, 35, 57 ]
    }, {
      "vertices" : [ 21, 53, 52 ]
    } ]
  }, {
    "id" : "4d14e5b0-3a38-456e-9863-77ff378133d8",
    "orbit" : "green",
    "orbitC" : "[[2,-1,1],[5,-3,1]]",
    "length" : "[\"0\",\"1\",\"1\"]",
    "name" : "g2",
    "vertices" : [ {
      "x" : 16.230747,
      "y" : 6.0086102,
      "z" : -2.486068
    }, {
      "x" : 17.253288,
      "y" : 6.045085,
      "z" : -2.618034
    }, {
      "x" : 16.230747,
      "y" : 6.0086102,
      "z" : -2.104102
    }, {
      "x" : 16.039762,
      "y" : 6.3176274,
      "z" : -2.604102
    }, {
      "x" : 16.039762,
      "y" : 6.3176274,
      "z" : -2.222136
    }, {
      "x" : 0.809017,
      "y" : 0.618034,
      "z" : 0.309017
    }, {
      "x" : 1.0,
      "y" : 0.309017,
      "z" : 0.19098301
    }, {
      "x" : 1.9045085,
      "y" : 0.5364745,
      "z" : -0.013932022
    }, {
      "x" : 16.944271,
      "y" : 6.545085,
      "z" : -2.809017
    }, {
      "x" : 17.135256,
      "y" : 6.236068,
      "z" : -2.927051
    }, {
      "x" : 17.135256,
      "y" : 6.236068,
      "z" : -2.309017
    }, {
      "x" : 16.944271,
      "y" : 6.545085,
      "z" : -2.427051
    }, {
      "x" : 1.7135255,
      "y" : 0.8454915,
      "z" : -0.13196601
    }, {
      "x" : 0.690983,
      "y" : 0.809017,
      "z" : 0.0
    }, {
      "x" : 1.9045085,
      "y" : 0.5364745,
      "z" : -0.39589804
    }, {
      "x" : 1.7135255,
      "y" : 0.8454915,
      "z" : -0.51393205
    }, {
      "x" : 0.809017,
      "y" : 0.618034,
      "z" : -0.309017
    }, {
      "x" : 1.0,
      "y" : 0.309017,
      "z" : -0.19098301
    }, {
      "x" : 17.944271,
      "y" : 6.854102,
      "z" : -2.618034
    } ],
    "faces" : [ {
      "vertices" : [ 0, 14, 15, 3 ]
    }, {
      "vertices" : [ 3, 15, 12, 4 ]
    }, {
      "vertices" : [ 0, 1, 2 ]
    }, {
      "vertices" : [ 12, 15, 13 ]
    }, {
      "vertices" : [ 0, 9, 1 ]
    }, {
      "vertices" : [ 0, 3, 9 ]
    }, {
      "vertices" : [ 13, 15, 16 ]
    }, {
      "vertices" : [ 6, 17, 14, 7 ]
    }, {
      "vertices" : [ 1, 10, 2 ]
    }, {
      "vertices" : [ 5, 6, 7 ]
    }, {
      "vertices" : [ 3, 8, 9 ]
    }, {
      "vertices" : [ 0, 2, 7, 14 ]
    }, {
      "vertices" : [ 5, 7, 12 ]
    }, {
      "vertices" : [ 2, 4, 12, 7 ]
    }, {
      "vertices" : [ 3, 4, 11, 8 ]
    }, {
      "vertices" : [ 2, 10, 11, 4 ]
    }, {
      "vertices" : [ 5, 12, 13 ]
    }, {
      "vertices" : [ 14, 17, 16, 15 ]
    } ]
  }, {
    "id" : "2820aeff-d0ac-454b-b309-4ae362057222",
    "orbit" : "blue",
    "orbitC" : "[[0,0,1],[0,0,1]]",
    "length" : "[\"2\",\"0\",\"1\"]",
    "name" : " :2",
    "vertices" : [ {
      "x" : 15.944272,
      "y" : 0.309017,
      "z" : 0.19098301
    }, {
      "x" : 15.944272,
      "y" : 0.309017,
      "z" : -0.19098301
    }, {
      "x" : 1.0,
      "y" : 0.309017,
      "z" : -0.19098301
    }, {
      "x" : 1.0,
      "y" : 0.309017,
      "z" : 0.19098301
    }, {
      "x" : 15.944272,
      "y" : -0.309017,
      "z" : 0.19098301
    }, {
      "x" : 1.0,
      "y" : -0.309017,
      "z" : 0.19098301
    }, {
      "x" : 1.0,
      "y" : -0.309017,
      "z" : -0.19098301
    }, {
      "x" : 15.944272,
      "y" : -0.309017,
      "z" : -0.19098301
    }, {
      "x" : 16.944271,
      "y" : 0.0,
      "z" : 0.0
    } ],
    "faces" : [ {
      "vertices" : [ 1, 7, 6, 2 ]
    }, {
      "vertices" : [ 0, 1, 2, 3 ]
    }, {
      "vertices" : [ 4, 5, 6, 7 ]
    }, {
      "vertices" : [ 0, 3, 5, 4 ]
    } ]
  }, {
    "id" : "3154a680-9b04-456c-bc88-52d5dd10cf45",
    "vertices" : [ {
      "x" : 0.0,
      "y" : 0.0,
      "z" : 0.0
    }, {
      "x" : -9.472136,
      "y" : -3.618034,
      "z" : -24.798374
    }, {
      "x" : -5.854102,
      "y" : 21.18034,
      "z" : -15.326238
    } ],
    "faces" : [ {
      "vertices" : [ 0, 1, 2 ]
    }, {
      "vertices" : [ 0, 2, 1 ]
    } ]
  }, {
    "id" : "df8ae6ea-7b2d-4cec-bb1a-5390a4f4eb29",
    "vertices" : [ {
      "x" : 0.0,
      "y" : 0.0,
      "z" : 0.0
    }, {
      "x" : 5.854102,
      "y" : -21.18034,
      "z" : 15.326238
    }, {
      "x" : -3.618034,
      "y" : -24.798374,
      "z" : -9.472136
    } ],
    "faces" : [ {
      "vertices" : [ 0, 1, 2 ]
    }, {
      "vertices" : [ 0, 2, 1 ]
    } ]
  }, {
    "id" : "43013c09-231d-4240-8697-8cd410c5ff1d",
    "vertices" : [ {
      "x" : 0.0,
      "y" : 0.0,
      "z" : 0.0
    }, {
      "x" : 0.0,
      "y" : 0.0,
      "z" : 16.944271
    }, {
      "x" : 5.236068,
      "y" : -8.472136,
      "z" : 30.652475
    }, {
      "x" : 13.708204,
      "y" : -22.18034,
      "z" : 35.888542
    }, {
      "x" : 22.18034,
      "y" : -35.888542,
      "z" : 30.652475
    }, {
      "x" : 27.416409,
      "y" : -44.36068,
      "z" : 16.944271
    }, {
      "x" : 27.416409,
      "y" : -44.36068,
      "z" : 0.0
    }, {
      "x" : 22.18034,
      "y" : -35.888542,
      "z" : -13.708204
    }, {
      "x" : 13.708204,
      "y" : -22.18034,
      "z" : -18.944271
    }, {
      "x" : 5.236068,
      "y" : -8.472136,
      "z" : -13.708204
    } ],
    "faces" : [ {
      "vertices" : [ 0, 1, 2, 3, 4, 5, 6, 7, 8, 9 ]
    }, {
      "vertices" : [ 0, 9, 8, 7, 6, 5, 4, 3, 2, 1 ]
    } ]
  } ],
  "instances" : [ {
    "shape" : "589b6859-8756-4f12-b9b3-6c998ec01059",
    "color" : "#FFD98C",
    "position" : {
      "x" : -8.472136,
      "y" : 8.472136,
      "z" : -27.416409
    },
    "orientation" : 54
  }, {
    "shape" : "83c99181-0a95-4e44-be4e-8cb80dc32c1e",
    "color" : "#00993F",
    "position" : {
      "x" : 0.0,
      "y" : 0.0,
      "z" : 27.416409
    },
    "orientation" : 48
  }, {
    "shape" : "3ab4111a-6ea9-400d-9686-ef61904965f1",
    "color" : "#74C300",
    "position" : {
      "x" : -2.618034,
      "y" : 17.944271,
      "z" : 23.798374
    },
    "orientation" : 55
  }, {
    "shape" : "3ab4111a-6ea9-400d-9686-ef61904965f1",
    "color" : "#74C300",
    "position" : {
      "x" : 15.326238,
      "y" : -11.09017,
      "z" : 23.18034
    },
    "orientation" : 4
  }, {
    "shape" : "0349babe-8d59-42d7-8b74-011a80e90cc2",
    "color" : "#F2F2F2",
    "position" : {
      "x" : 8.472136,
      "y" : 27.416409,
      "z" : 8.472136
    }
  }, {
    "shape" : "3ab4111a-6ea9-400d-9686-ef61904965f1",
    "color" : "#74C300",
    "position" : {
      "x" : 29.034441,
      "y" : -5.854102,
      "z" : 4.236068
    },
    "orientation" : 22
  }, {
    "shape" : "83c99181-0a95-4e44-be4e-8cb80dc32c1e",
    "color" : "#00993F",
    "position" : {
      "x" : 8.472136,
      "y" : -13.708204,
      "z" : 22.18034
    },
    "orientation" : 12
  }, {
    "shape" : "4d14e5b0-3a38-456e-9863-77ff378133d8",
    "color" : "#00993F",
    "position" : {
      "x" : -15.326238,
      "y" : 11.09017,
      "z" : 23.18034
    },
    "orientation" : 18
  }, {
    "shape" : "2820aeff-d0ac-454b-b309-4ae362057222",
    "color" : "#008EC2",
    "position" : {
      "x" : -8.472136,
      "y" : -13.708204,
      "z" : 22.18034
    },
    "orientation" : 22
  }, {
    "shape" : "4d14e5b0-3a38-456e-9863-77ff378133d8",
    "color" : "#00993F",
    "position" : {
      "x" : -5.854102,
      "y" : -4.236068,
      "z" : -29.034441
    },
    "orientation" : 1
  }, {
    "shape" : "2820aeff-d0ac-454b-b309-4ae362057222",
    "color" : "#008EC2",
    "position" : {
      "x" : -8.472136,
      "y" : 13.708204,
      "z" : 22.18034
    },
    "orientation" : 53
  }, {
    "shape" : "83c99181-0a95-4e44-be4e-8cb80dc32c1e",
    "color" : "#00993F",
    "position" : {
      "x" : -22.18034,
      "y" : -8.472136,
      "z" : 13.708204
    },
    "orientation" : 2
  }, {
    "shape" : "83c99181-0a95-4e44-be4e-8cb80dc32c1e",
    "color" : "#00993F",
    "position" : {
      "x" : 0.0,
      "y" : 0.0,
      "z" : 27.416409
    },
    "orientation" : 18
  }, {
    "shape" : "3ab4111a-6ea9-400d-9686-ef61904965f1",
    "color" : "#74C300",
    "position" : {
      "x" : -29.034441,
      "y" : 5.854102,
      "z" : 4.236068
    },
    "orientation" : 52
  }, {
    "shape" : "3ab4111a-6ea9-400d-9686-ef61904965f1",
    "color" : "#74C300",
    "position" : {
      "x" : -8.472136,
      "y" : -8.472136,
      "z" : 27.416409
    },
    "orientation" : 57
  }, {
    "shape" : "0349babe-8d59-42d7-8b74-011a80e90cc2",
    "color" : "#F2F2F2",
    "position" : {
      "x" : -13.708204,
      "y" : 22.18034,
      "z" : -8.472136
    }
  }, {
    "shape" : "2820aeff-d0ac-454b-b309-4ae362057222",
    "color" : "#008EC2",
    "position" : {
      "x" : -8.472136,
      "y" : 13.708204,
      "z" : -22.18034
    },
    "orientation" : 7
  }, {
    "shape" : "0349babe-8d59-42d7-8b74-011a80e90cc2",
    "color" : "#F2F2F2",
    "position" : {
      "x" : -9.472136,
      "y" : 20.562305,
      "z" : -19.562305
    }
  }, {
    "shape" : "0349babe-8d59-42d7-8b74-011a80e90cc2",
    "color" : "#F2F2F2",
    "position" : {
      "x" : 9.472136,
      "y" : -20.562305,
      "z" : -19.562305
    }
  }, {
    "shape" : "3ab4111a-6ea9-400d-9686-ef61904965f1",
    "color" : "#74C300",
    "position" : {
      "x" : -23.798374,
      "y" : 2.618034,
      "z" : 17.944271
    },
    "orientation" : 11
  }, {
    "shape" : "0349babe-8d59-42d7-8b74-011a80e90cc2",
    "color" : "#F2F2F2",
    "position" : {
      "x" : 15.326238,
      "y" : -11.09017,
      "z" : 23.18034
    }
  }, {
    "shape" : "4d14e5b0-3a38-456e-9863-77ff378133d8",
    "color" : "#00993F",
    "position" : {
      "x" : -5.854102,
      "y" : 4.236068,
      "z" : 29.034441
    },
    "orientation" : 16
  }, {
    "shape" : "2820aeff-d0ac-454b-b309-4ae362057222",
    "color" : "#008EC2",
    "position" : {
      "x" : 22.18034,
      "y" : 8.472136,
      "z" : 13.708204
    },
    "orientation" : 25
  }, {
    "shape" : "83c99181-0a95-4e44-be4e-8cb80dc32c1e",
    "color" : "#00993F",
    "position" : {
      "x" : -8.472136,
      "y" : -13.708204,
      "z" : -22.18034
    },
    "orientation" : 57
  }, {
    "shape" : "3154a680-9b04-456c-bc88-52d5dd10cf45",
    "color" : "#FFD98C",
    "position" : {
      "x" : 11.09017,
      "y" : 23.18034,
      "z" : -15.326238
    },
    "orientation" : 6
  }, {
    "shape" : "83c99181-0a95-4e44-be4e-8cb80dc32c1e",
    "color" : "#00993F",
    "position" : {
      "x" : -13.708204,
      "y" : -22.18034,
      "z" : 8.472136
    },
    "orientation" : 21
  }, {
    "shape" : "3ab4111a-6ea9-400d-9686-ef61904965f1",
    "color" : "#74C300",
    "position" : {
      "x" : -8.472136,
      "y" : 8.472136,
      "z" : -27.416409
    },
    "orientation" : 42
  }, {
    "shape" : "2820aeff-d0ac-454b-b309-4ae362057222",
    "color" : "#008EC2",
    "position" : {
      "x" : 8.472136,
      "y" : -13.708204,
      "z" : 22.18034
    },
    "orientation" : 45
  }, {
    "shape" : "83c99181-0a95-4e44-be4e-8cb80dc32c1e",
    "color" : "#00993F",
    "position" : {
      "x" : -22.18034,
      "y" : -8.472136,
      "z" : 13.708204
    },
    "orientation" : 53
  }, {
    "shape" : "df8ae6ea-7b2d-4cec-bb1a-5390a4f4eb29",
    "color" : "#FFD98C",
    "position" : {
      "x" : -27.416409,
      "y" : -8.472136,
      "z" : 8.472136
    },
    "orientation" : 39
  }, {
    "shape" : "2820aeff-d0ac-454b-b309-4ae362057222",
    "color" : "#008EC2",
    "position" : {
      "x" : 0.0,
      "y" : -27.416409,
      "z" : 0.0
    },
    "orientation" : 56
  }, {
    "shape" : "83c99181-0a95-4e44-be4e-8cb80dc32c1e",
    "color" : "#00993F",
    "position" : {
      "x" : 13.708204,
      "y" : -22.18034,
      "z" : -8.472136
    },
    "orientation" : 36
  }, {
    "shape" : "4d14e5b0-3a38-456e-9863-77ff378133d8",
    "color" : "#00993F",
    "position" : {
      "x" : 19.562305,
      "y" : -9.472136,
      "z" : -20.562305
    },
    "orientation" : 13
  }, {
    "shape" : "0349babe-8d59-42d7-8b74-011a80e90cc2",
    "color" : "#F2F2F2",
    "position" : {
      "x" : -27.416409,
      "y" : 8.472136,
      "z" : -8.472136
    }
  }, {
    "shape" : "3154a680-9b04-456c-bc88-52d5dd10cf45",
    "color" : "#FFD98C",
    "position" : {
      "x" : 23.798374,
      "y" : 2.618034,
      "z" : -17.944271
    },
    "orientation" : 3
  }, {
    "shape" : "0349babe-8d59-42d7-8b74-011a80e90cc2",
    "color" : "#F2F2F2",
    "position" : {
      "x" : -27.416409,
      "y" : 0.0,
      "z" : 0.0
    }
  }, {
    "shape" : "0349babe-8d59-42d7-8b74-011a80e90cc2",
    "color" : "#F2F2F2",
    "position" : {
      "x" : -11.09017,
      "y" : -23.18034,
      "z" : -15.326238
    }
  }, {
    "shape" : "0349babe-8d59-42d7-8b74-011a80e90cc2",
    "color" : "#F2F2F2",
    "position" : {
      "x" : -15.326238,
      "y" : -11.09017,
      "z" : -23.18034
    }
  }, {
    "shape" : "589b6859-8756-4f12-b9b3-6c998ec01059",
    "color" : "#FFD98C",
    "position" : {
      "x" : -20.562305,
      "y" : -19.562305,
      "z" : 9.472136
    },
    "orientation" : 16
  }, {
    "shape" : "0349babe-8d59-42d7-8b74-011a80e90cc2",
    "color" : "#F2F2F2",
    "position" : {
      "x" : -20.562305,
      "y" : 19.562305,
      "z" : -9.472136
    }
  }, {
    "shape" : "2820aeff-d0ac-454b-b309-4ae362057222",
    "color" : "#008EC2",
    "position" : {
      "x" : 27.416409,
      "y" : 0.0,
      "z" : 0.0
    },
    "orientation" : 55
  }, {
    "shape" : "0349babe-8d59-42d7-8b74-011a80e90cc2",
    "color" : "#F2F2F2",
    "position" : {
      "x" : 27.416409,
      "y" : -8.472136,
      "z" : -8.472136
    }
  }, {
    "shape" : "4d14e5b0-3a38-456e-9863-77ff378133d8",
    "color" : "#00993F",
    "position" : {
      "x" : 11.09017,
      "y" : -23.18034,
      "z" : 15.326238
    },
    "orientation" : 50
  }, {
    "shape" : "2820aeff-d0ac-454b-b309-4ae362057222",
    "color" : "#008EC2",
    "position" : {
      "x" : 22.18034,
      "y" : 8.472136,
      "z" : -13.708204
    },
    "orientation" : 51
  }, {
    "shape" : "0349babe-8d59-42d7-8b74-011a80e90cc2",
    "color" : "#F2F2F2",
    "position" : {
      "x" : 29.034441,
      "y" : 5.854102,
      "z" : -4.236068
    }
  }, {
    "shape" : "4d14e5b0-3a38-456e-9863-77ff378133d8",
    "color" : "#00993F",
    "position" : {
      "x" : -17.944271,
      "y" : 23.798374,
      "z" : 2.618034
    },
    "orientation" : 40
  }, {
    "shape" : "3154a680-9b04-456c-bc88-52d5dd10cf45",
    "color" : "#FFD98C",
    "position" : {
      "x" : -15.326238,
      "y" : 11.09017,
      "z" : 23.18034
    },
    "orientation" : 7
  }, {
    "shape" : "0349babe-8d59-42d7-8b74-011a80e90cc2",
    "color" : "#F2F2F2",
    "position" : {
      "x" : 2.618034,
      "y" : -17.944271,
      "z" : 23.798374
    }
  }, {
    "shape" : "2820aeff-d0ac-454b-b309-4ae362057222",
    "color" : "#008EC2",
    "position" : {
      "x" : -22.18034,
      "y" : -8.472136,
      "z" : -13.708204
    },
    "orientation" : 21
  }, {
    "shape" : "2820aeff-d0ac-454b-b309-4ae362057222",
    "color" : "#008EC2",
    "position" : {
      "x" : -13.708204,
      "y" : -22.18034,
      "z" : -8.472136
    },
    "orientation" : 52
  }, {
    "shape" : "4d14e5b0-3a38-456e-9863-77ff378133d8",
    "color" : "#00993F",
    "position" : {
      "x" : -9.472136,
      "y" : -20.562305,
      "z" : 19.562305
    },
    "orientation" : 12
  }, {
    "shape" : "2820aeff-d0ac-454b-b309-4ae362057222",
    "color" : "#008EC2",
    "position" : {
      "x" : 13.708204,
      "y" : -22.18034,
      "z" : -8.472136
    },
    "orientation" : 6
  }, {
    "shape" : "2820aeff-d0ac-454b-b309-4ae362057222",
    "color" : "#008EC2",
    "position" : {
      "x" : -22.18034,
      "y" : 8.472136,
      "z" : 13.708204
    },
    "orientation" : 16
  }, {
    "shape" : "3ab4111a-6ea9-400d-9686-ef61904965f1",
    "color" : "#74C300",
    "position" : {
      "x" : 11.09017,
      "y" : -23.18034,
      "z" : 15.326238
    },
    "orientation" : 33
  }, {
    "shape" : "2820aeff-d0ac-454b-b309-4ae362057222",
    "color" : "#008EC2",
    "position" : {
      "x" : 8.472136,
      "y" : 13.708204,
      "z" : 22.18034
    },
    "orientation" : 52
  }, {
    "shape" : "2820aeff-d0ac-454b-b309-4ae362057222",
    "color" : "#008EC2",
    "position" : {
      "x" : -22.18034,
      "y" : -8.472136,
      "z" : -13.708204
    },
    "orientation" : 1
  }, {
    "shape" : "4d14e5b0-3a38-456e-9863-77ff378133d8",
    "color" : "#00993F",
    "position" : {
      "x" : 27.416409,
      "y" : -8.472136,
      "z" : -8.472136
    },
    "orientation" : 36
  }, {
    "shape" : "0349babe-8d59-42d7-8b74-011a80e90cc2",
    "color" : "#F2F2F2",
    "position" : {
      "x" : 22.18034,
      "y" : -8.472136,
      "z" : -13.708204
    }
  }, {
    "shape" : "3ab4111a-6ea9-400d-9686-ef61904965f1",
    "color" : "#74C300",
    "position" : {
      "x" : -5.854102,
      "y" : 4.236068,
      "z" : 29.034441
    },
    "orientation" : 36
  }, {
    "shape" : "2820aeff-d0ac-454b-b309-4ae362057222",
    "color" : "#008EC2",
    "position" : {
      "x" : 8.472136,
      "y" : 13.708204,
      "z" : 22.18034
    },
    "orientation" : 39
  }, {
    "shape" : "3ab4111a-6ea9-400d-9686-ef61904965f1",
    "color" : "#74C300",
    "position" : {
      "x" : -15.326238,
      "y" : 11.09017,
      "z" : 23.18034
    },
    "orientation" : 34
  }, {
    "shape" : "3154a680-9b04-456c-bc88-52d5dd10cf45",
    "color" : "#FFD98C",
    "position" : {
      "x" : 23.18034,
      "y" : -15.326238,
      "z" : 11.09017
    },
