{
  "field" : "golden",
  "symmetry" : "icosahedral",
  "orientations" : [ [ 1.0, 0.0, 0.0, 0.0, 0.0, 1.0, 0.0, 0.0, 0.0, 0.0, 1.0, 0.0, 0.0, 0.0, 0.0, 1.0 ], [ 0.0, 0.0, 1.0, 0.0, 1.0, 0.0, 0.0, 0.0, 0.0, 1.0, 0.0, 0.0, 0.0, 0.0, 0.0, 1.0 ], [ 0.0, 1.0, 0.0, 0.0, 0.0, 0.0, 1.0, 0.0, 1.0, 0.0, 0.0, 0.0, 0.0, 0.0, 0.0, 1.0 ], [ 0.809017, 0.309017, 0.5, 0.0, 0.309017, 0.5, -0.809017, 0.0, -0.5, 0.809017, 0.309017, 0.0, 0.0, 0.0, 0.0, 1.0 ], [ -0.5, 0.809017, 0.309017, 0.0, 0.809017, 0.309017, 0.5, 0.0, 0.309017, 0.5, -0.809017, 0.0, 0.0, 0.0, 0.0, 1.0 ], [ 0.309017, 0.5, -0.809017, 0.0, -0.5, 0.809017, 0.309017, 0.0, 0.809017, 0.309017, 0.5, 0.0, 0.0, 0.0, 0.0, 1.0 ], [ 0.5, 0.809017, 0.309017, 0.0, 0.809017, -0.309017, -0.5, 0.0, -0.309017, 0.5, -0.809017, 0.0, 0.0, 0.0, 0.0, 1.0 ], [ -0.309017, 0.5, -0.809017, 0.0, 0.5, 0.809017, 0.309017, 0.0, 0.809017, -0.309017, -0.5, 0.0, 0.0, 0.0, 0.0, 1.0 ], [ 0.809017, -0.309017, -0.5, 0.0, -0.309017, 0.5, -0.809017, 0.0, 0.5, 0.809017, 0.309017, 0.0, 0.0, 0.0, 0.0, 1.0 ], [ 0.5, 0.809017, -0.309017, 0.0, 0.809017, -0.309017, 0.5, 0.0, 0.309017, -0.5, -0.809017, 0.0, 0.0, 0.0, 0.0, 1.0 ], [ 0.309017, -0.5, -0.809017, 0.0, 0.5, 0.809017, -0.309017, 0.0, 0.809017, -0.309017, 0.5, 0.0, 0.0, 0.0, 0.0, 1.0 ], [ 0.809017, -0.309017, 0.5, 0.0, 0.309017, -0.5, -0.809017, 0.0, 0.5, 0.809017, -0.309017, 0.0, 0.0, 0.0, 0.0, 1.0 ], [ 0.809017, 0.309017, -0.5, 0.0, 0.309017, 0.5, 0.809017, 0.0, 0.5, -0.809017, 0.309017, 0.0, 0.0, 0.0, 0.0, 1.0 ], [ 0.5, -0.809017, 0.309017, 0.0, 0.809017, 0.309017, -0.5, 0.0, 0.309017, 0.5, 0.809017, 0.0, 0.0, 0.0, 0.0, 1.0 ], [ 0.309017, 0.5, 0.809017, 0.0, 0.5, -0.809017, 0.309017, 0.0, 0.809017, 0.309017, -0.5, 0.0, 0.0, 0.0, 0.0, 1.0 ], [ 1.0, 0.0, 0.0, 0.0, 0.0, -1.0, 0.0, 0.0, 0.0, 0.0, -1.0, 0.0, 0.0, 0.0, 0.0, 1.0 ], [ 0.0, 0.0, 1.0, 0.0, -1.0, 0.0, 0.0, 0.0, 0.0, -1.0, 0.0, 0.0, 0.0, 0.0, 0.0, 1.0 ], [ 0.0, 1.0, 0.0, 0.0, 0.0, 0.0, -1.0, 0.0, -1.0, 0.0, 0.0, 0.0, 0.0, 0.0, 0.0, 1.0 ], [ 0.809017, 0.309017, 0.5, 0.0, -0.309017, -0.5, 0.809017, 0.0, 0.5, -0.809017, -0.309017, 0.0, 0.0, 0.0, 0.0, 1.0 ], [ -0.5, 0.809017, 0.309017, 0.0, -0.809017, -0.309017, -0.5, 0.0, -0.309017, -0.5, 0.809017, 0.0, 0.0, 0.0, 0.0, 1.0 ], [ 0.309017, 0.5, -0.809017, 0.0, 0.5, -0.809017, -0.309017, 0.0, -0.809017, -0.309017, -0.5, 0.0, 0.0, 0.0, 0.0, 1.0 ], [ 0.5, 0.809017, 0.309017, 0.0, -0.809017, 0.309017, 0.5, 0.0, 0.309017, -0.5, 0.809017, 0.0, 0.0, 0.0, 0.0, 1.0 ], [ -0.309017, 0.5, -0.809017, 0.0, -0.5, -0.809017, -0.309017, 0.0, -0.809017, 0.309017, 0.5, 0.0, 0.0, 0.0, 0.0, 1.0 ], [ 0.809017, -0.309017, -0.5, 0.0, 0.309017, -0.5, 0.809017, 0.0, -0.5, -0.809017, -0.309017, 0.0, 0.0, 0.0, 0.0, 1.0 ], [ 0.5, 0.809017, -0.309017, 0.0, -0.809017, 0.309017, -0.5, 0.0, -0.309017, 0.5, 0.809017, 0.0, 0.0, 0.0, 0.0, 1.0 ], [ 0.309017, -0.5, -0.809017, 0.0, -0.5, -0.809017, 0.309017, 0.0, -0.809017, 0.309017, -0.5, 0.0, 0.0, 0.0, 0.0, 1.0 ], [ 0.809017, -0.309017, 0.5, 0.0, -0.309017, 0.5, 0.809017, 0.0, -0.5, -0.809017, 0.309017, 0.0, 0.0, 0.0, 0.0, 1.0 ], [ 0.809017, 0.309017, -0.5, 0.0, -0.309017, -0.5, -0.809017, 0.0, -0.5, 0.809017, -0.309017, 0.0, 0.0, 0.0, 0.0, 1.0 ], [ 0.5, -0.809017, 0.309017, 0.0, -0.809017, -0.309017, 0.5, 0.0, -0.309017, -0.5, -0.809017, 0.0, 0.0, 0.0, 0.0, 1.0 ], [ 0.309017, 0.5, 0.809017, 0.0, -0.5, 0.809017, -0.309017, 0.0, -0.809017, -0.309017, 0.5, 0.0, 0.0, 0.0, 0.0, 1.0 ], [ -1.0, 0.0, 0.0, 0.0, 0.0, -1.0, 0.0, 0.0, 0.0, 0.0, 1.0, 0.0, 0.0, 0.0, 0.0, 1.0 ], [ 0.0, 0.0, -1.0, 0.0, -1.0, 0.0, 0.0, 0.0, 0.0, 1.0, 0.0, 0.0, 0.0, 0.0, 0.0, 1.0 ], [ 0.0, -1.0, 0.0, 0.0, 0.0, 0.0, -1.0, 0.0, 1.0, 0.0, 0.0, 0.0, 0.0, 0.0, 0.0, 1.0 ], [ -0.809017, -0.309017, -0.5, 0.0, -0.309017, -0.5, 0.809017, 0.0, -0.5, 0.809017, 0.309017, 0.0, 0.0, 0.0, 0.0, 1.0 ], [ 0.5, -0.809017, -0.309017, 0.0, -0.809017, -0.309017, -0.5, 0.0, 0.309017, 0.5, -0.809017, 0.0, 0.0, 0.0, 0.0, 1.0 ], [ -0.309017, -0.5, 0.809017, 0.0, 0.5, -0.809017, -0.309017, 0.0, 0.809017, 0.309017, 0.5, 0.0, 0.0, 0.0, 0.0, 1.0 ], [ -0.5, -0.809017, -0.309017, 0.0, -0.809017, 0.309017, 0.5, 0.0, -0.309017, 0.5, -0.809017, 0.0, 0.0, 0.0, 0.0, 1.0 ], [ 0.309017, -0.5, 0.809017, 0.0, -0.5, -0.809017, -0.309017, 0.0, 0.809017, -0.309017, -0.5, 0.0, 0.0, 0.0, 0.0, 1.0 ], [ -0.809017, 0.309017, 0.5, 0.0, 0.309017, -0.5, 0.809017, 0.0, 0.5, 0.809017, 0.309017, 0.0, 0.0, 0.0, 0.0, 1.0 ], [ -0.5, -0.809017, 0.309017, 0.0, -0.809017, 0.309017, -0.5, 0.0, 0.309017, -0.5, -0.809017, 0.0, 0.0, 0.0, 0.0, 1.0 ], [ -0.309017, 0.5, 0.809017, 0.0, -0.5, -0.809017, 0.309017, 0.0, 0.809017, -0.309017, 0.5, 0.0, 0.0, 0.0, 0.0, 1.0 ], [ -0.809017, 0.309017, -0.5, 0.0, -0.309017, 0.5, 0.809017, 0.0, 0.5, 0.809017, -0.309017, 0.0, 0.0, 0.0, 0.0, 1.0 ], [ -0.809017, -0.309017, 0.5, 0.0, -0.309017, -0.5, -0.809017, 0.0, 0.5, -0.809017, 0.309017, 0.0, 0.0, 0.0, 0.0, 1.0 ], [ -0.5, 0.809017, -0.309017, 0.0, -0.809017, -0.309017, 0.5, 0.0, 0.309017, 0.5, 0.809017, 0.0, 0.0, 0.0, 0.0, 1.0 ], [ -0.309017, -0.5, -0.809017, 0.0, -0.5, 0.809017, -0.309017, 0.0, 0.809017, 0.309017, -0.5, 0.0, 0.0, 0.0, 0.0, 1.0 ], [ -1.0, 0.0, 0.0, 0.0, 0.0, 1.0, 0.0, 0.0, 0.0, 0.0, -1.0, 0.0, 0.0, 0.0, 0.0, 1.0 ], [ 0.0, 0.0, -1.0, 0.0, 1.0, 0.0, 0.0, 0.0, 0.0, -1.0, 0.0, 0.0, 0.0, 0.0, 0.0, 1.0 ], [ 0.0, -1.0, 0.0, 0.0, 0.0, 0.0, 1.0, 0.0, -1.0, 0.0, 0.0, 0.0, 0.0, 0.0, 0.0, 1.0 ], [ -0.809017, -0.309017, -0.5, 0.0, 0.309017, 0.5, -0.809017, 0.0, 0.5, -0.809017, -0.309017, 0.0, 0.0, 0.0, 0.0, 1.0 ], [ 0.5, -0.809017, -0.309017, 0.0, 0.809017, 0.309017, 0.5, 0.0, -0.309017, -0.5, 0.809017, 0.0, 0.0, 0.0, 0.0, 1.0 ], [ -0.309017, -0.5, 0.809017, 0.0, -0.5, 0.809017, 0.309017, 0.0, -0.809017, -0.309017, -0.5, 0.0, 0.0, 0.0, 0.0, 1.0 ], [ -0.5, -0.809017, -0.309017, 0.0, 0.809017, -0.309017, -0.5, 0.0, 0.309017, -0.5, 0.809017, 0.0, 0.0, 0.0, 0.0, 1.0 ], [ 0.309017, -0.5, 0.809017, 0.0, 0.5, 0.809017, 0.309017, 0.0, -0.809017, 0.309017, 0.5, 0.0, 0.0, 0.0, 0.0, 1.0 ], [ -0.809017, 0.309017, 0.5, 0.0, -0.309017, 0.5, -0.809017, 0.0, -0.5, -0.809017, -0.309017, 0.0, 0.0, 0.0, 0.0, 1.0 ], [ -0.5, -0.809017, 0.309017, 0.0, 0.809017, -0.309017, 0.5, 0.0, -0.309017, 0.5, 0.809017, 0.0, 0.0, 0.0, 0.0, 1.0 ], [ -0.309017, 0.5, 0.809017, 0.0, 0.5, 0.809017, -0.309017, 0.0, -0.809017, 0.309017, -0.5, 0.0, 0.0, 0.0, 0.0, 1.0 ], [ -0.809017, 0.309017, -0.5, 0.0, 0.309017, -0.5, -0.809017, 0.0, -0.5, -0.809017, 0.309017, 0.0, 0.0, 0.0, 0.0, 1.0 ], [ -0.809017, -0.309017, 0.5, 0.0, 0.309017, 0.5, 0.809017, 0.0, -0.5, 0.809017, -0.309017, 0.0, 0.0, 0.0, 0.0, 1.0 ], [ -0.5, 0.809017, -0.309017, 0.0, 0.809017, 0.309017, -0.5, 0.0, -0.309017, -0.5, -0.809017, 0.0, 0.0, 0.0, 0.0, 1.0 ], [ -0.309017, -0.5, -0.809017, 0.0, 0.5, -0.809017, 0.309017, 0.0, -0.809017, -0.309017, 0.5, 0.0, 0.0, 0.0, 0.0, 1.0 ] ],
  "lights" : {
    "directionalLights" : [ {
      "direction" : {
        "x" : 1.0,
        "y" : -1.0,
        "z" : -1.0
      },
      "color" : "#EBEBE4"
    }, {
      "direction" : {
        "x" : -1.0,
        "y" : 0.0,
        "z" : 0.0
      },
      "color" : "#E4E4EB"
    }, {
      "direction" : {
        "x" : 0.0,
        "y" : 0.0,
        "z" : -1.0
      },
      "color" : "#1E1E1E"
    } ],
    "backgroundColor" : "#AFC8DC",
    "ambientColor" : "#292929"
  },
  "camera" : {
    "position" : {
      "x" : 99.26411,
      "y" : 99.26411,
      "z" : 99.26411
    },
    "width" : 80.670364,
    "viewDistance" : 179.26756,
    "lookAtPoint" : {
      "x" : -4.236068,
      "y" : -4.236068,
      "z" : -4.236068
    },
    "fieldOfView" : 0.44262868,
    "perspective" : false,
    "upDirection" : {
      "x" : 0.0,
      "y" : 0.7071068,
      "z" : -0.7071068
    },
    "stereo" : false,
    "lookDirection" : {
      "x" : -0.57735026,
      "y" : -0.57735026,
      "z" : -0.57735026
    },
    "farClipDistance" : 358.53604,
    "nearClipDistance" : 0.44816908
  },
  "embedding" : [ 1.0, 0.0, 0.0, 0.0, 0.0, 1.0, 0.0, 0.0, 0.0, 0.0, 1.0, 0.0, 0.0, 0.0, 0.0, 1.0 ],
  "shapes" : [ {
    "id" : "50dd14e9-fc50-4166-bdfd-aefdc7c258a8",
    "vertices" : [ {
      "x" : 0.309017,
      "y" : -0.309017,
      "z" : -0.309017
    }, {
      "x" : 0.5,
      "y" : 0.0,
      "z" : -0.19098301
    }, {
      "x" : 0.5,
      "y" : 0.0,
      "z" : 0.19098301
    }, {
      "x" : 0.309017,
      "y" : -0.309017,
      "z" : 0.309017
    }, {
      "x" : 0.19098301,
      "y" : -0.5,
      "z" : 0.0
    }, {
      "x" : 0.0,
      "y" : 0.19098301,
      "z" : 0.5
    }, {
      "x" : 0.0,
      "y" : -0.19098301,
      "z" : 0.5
    }, {
      "x" : 0.309017,
      "y" : 0.309017,
      "z" : 0.309017
    }, {
      "x" : -0.309017,
      "y" : -0.309017,
      "z" : 0.309017
    }, {
      "x" : -0.309017,
      "y" : 0.309017,
      "z" : 0.309017
    }, {
      "x" : -0.5,
      "y" : 0.0,
      "z" : 0.19098301
    }, {
      "x" : 0.0,
      "y" : -0.19098301,
      "z" : -0.5
    }, {
      "x" : 0.0,
      "y" : 0.19098301,
      "z" : -0.5
    }, {
      "x" : 0.309017,
      "y" : 0.309017,
      "z" : -0.309017
    }, {
      "x" : -0.309017,
      "y" : -0.309017,
      "z" : -0.309017
    }, {
      "x" : -0.19098301,
      "y" : -0.5,
      "z" : 0.0
    }, {
      "x" : -0.5,
      "y" : 0.0,
      "z" : -0.19098301
    }, {
      "x" : 0.19098301,
      "y" : 0.5,
      "z" : 0.0
    }, {
      "x" : -0.309017,
      "y" : 0.309017,
      "z" : -0.309017
    }, {
      "x" : 0.0,
      "y" : 0.0,
      "z" : 0.0
    }, {
      "x" : -0.19098301,
      "y" : 0.5,
      "z" : 0.0
    } ],
    "faces" : [ {
      "vertices" : [ 12, 18, 20 ]
    }, {
      "vertices" : [ 12, 20, 17 ]
    }, {
      "vertices" : [ 12, 17, 13 ]
    }, {
      "vertices" : [ 3, 6, 8 ]
    }, {
      "vertices" : [ 3, 8, 15 ]
    }, {
      "vertices" : [ 3, 15, 4 ]
    }, {
      "vertices" : [ 0, 11, 12 ]
    }, {
      "vertices" : [ 0, 12, 13 ]
    }, {
      "vertices" : [ 0, 13, 1 ]
    }, {
      "vertices" : [ 5, 9, 10 ]
    }, {
      "vertices" : [ 5, 10, 8 ]
    }, {
      "vertices" : [ 5, 8, 6 ]
    }, {
      "vertices" : [ 2, 7, 5 ]
    }, {
      "vertices" : [ 2, 5, 6 ]
    }, {
      "vertices" : [ 2, 6, 3 ]
    }, {
      "vertices" : [ 11, 14, 16 ]
    }, {
      "vertices" : [ 11, 16, 18 ]
    }, {
      "vertices" : [ 11, 18, 12 ]
    }, {
      "vertices" : [ 1, 13, 17 ]
    }, {
      "vertices" : [ 1, 17, 7 ]
    }, {
      "vertices" : [ 1, 7, 2 ]
    }, {
      "vertices" : [ 9, 20, 18 ]
    }, {
      "vertices" : [ 9, 18, 16 ]
    }, {
      "vertices" : [ 9, 16, 10 ]
    }, {
      "vertices" : [ 0, 1, 2 ]
    }, {
      "vertices" : [ 0, 2, 3 ]
    }, {
      "vertices" : [ 0, 3, 4 ]
    }, {
      "vertices" : [ 5, 7, 17 ]
    }, {
      "vertices" : [ 5, 17, 20 ]
    }, {
      "vertices" : [ 5, 20, 9 ]
    }, {
      "vertices" : [ 0, 4, 15 ]
    }, {
      "vertices" : [ 0, 15, 14 ]
    }, {
      "vertices" : [ 0, 14, 11 ]
    }, {
      "vertices" : [ 8, 10, 16 ]
    }, {
      "vertices" : [ 8, 16, 14 ]
    }, {
      "vertices" : [ 8, 14, 15 ]
    } ]
  }, {
    "id" : "b8e99261-c86e-4ce6-b65a-6cf7dfbfcfcd",
    "vertices" : [ {
      "x" : 7.2416954,
      "y" : -1.603929,
      "z" : 2.5022166
    }, {
      "x" : 7.1416955,
      "y" : -2.0039291,
      "z" : 2.4022167
    }, {
      "x" : 0.43645173,
      "y" : -0.42612758,
      "z" : 0.32182872
    }, {
      "x" : 0.5364517,
      "y" : -0.026127595,
      "z" : 0.42182872
    }, {
      "x" : 6.9083624,
      "y" : -2.1372623,
      "z" : 2.7022166
    }, {
      "x" : 7.0083623,
      "y" : -1.7372624,
      "z" : 2.8022165
    }, {
      "x" : 0.76978505,
      "y" : 0.10720574,
      "z" : 0.12182873
    }, {
      "x" : 0.6697851,
      "y" : -0.29279426,
      "z" : 0.021828732
    } ],
    "faces" : [ {
      "vertices" : [ 2, 3, 6 ]
    }, {
      "vertices" : [ 2, 6, 7 ]
    }, {
      "vertices" : [ 0, 5, 4 ]
    }, {
      "vertices" : [ 0, 4, 1 ]
    }, {
      "vertices" : [ 2, 4, 5 ]
    }, {
      "vertices" : [ 2, 5, 3 ]
    }, {
      "vertices" : [ 0, 6, 3 ]
    }, {
      "vertices" : [ 0, 3, 5 ]
    }, {
      "vertices" : [ 0, 1, 7 ]
    }, {
      "vertices" : [ 0, 7, 6 ]
    }, {
      "vertices" : [ 1, 4, 2 ]
    }, {
      "vertices" : [ 1, 2, 7 ]
    } ]
  }, {
    "id" : "e7b50f8d-b91c-461f-8639-6d42dd65f894",
    "vertices" : [ {
      "x" : 1.0,
      "y" : 0.309017,
      "z" : 0.19098301
    }, {
      "x" : 1.0,
      "y" : -0.309017,
      "z" : 0.19098301
    }, {
      "x" : 7.472136,
      "y" : -0.309017,
      "z" : 0.19098301
    }, {
      "x" : 7.472136,
      "y" : 0.309017,
      "z" : 0.19098301
    }, {
      "x" : 7.472136,
      "y" : -0.309017,
      "z" : -0.19098301
    }, {
      "x" : 7.472136,
      "y" : 0.309017,
      "z" : -0.19098301
    }, {
      "x" : 8.09017,
      "y" : 0.0,
      "z" : 0.0
    }, {
      "x" : 0.38196602,
      "y" : 0.0,
      "z" : 0.0
    }, {
      "x" : 1.0,
      "y" : 0.309017,
      "z" : -0.19098301
    }, {
      "x" : 1.0,
      "y" : -0.309017,
      "z" : -0.19098301
    }, {
      "x" : 8.472136,
      "y" : 0.0,
      "z" : 0.0
    } ],
    "faces" : [ {
      "vertices" : [ 1, 9, 4 ]
    }, {
      "vertices" : [ 1, 4, 2 ]
    }, {
      "vertices" : [ 0, 3, 5 ]
    }, {
      "vertices" : [ 0, 5, 8 ]
    }, {
      "vertices" : [ 1, 7, 9 ]
    }, {
      "vertices" : [ 0, 1, 2 ]
    }, {
      "vertices" : [ 0, 2, 3 ]
    }, {
      "vertices" : [ 7, 8, 9 ]
    }, {
      "vertices" : [ 0, 7, 1 ]
    }, {
      "vertices" : [ 4, 9, 8 ]
    }, {
      "vertices" : [ 4, 8, 5 ]
    }, {
      "vertices" : [ 2, 6, 3 ]
    }, {
      "vertices" : [ 2, 4, 6 ]
    }, {
      "vertices" : [ 3, 6, 5 ]
    }, {
      "vertices" : [ 4, 5, 6 ]
    }, {
      "vertices" : [ 0, 8, 7 ]
    } ]
  }, {
    "id" : "5f2c15ec-3b1f-4809-a186-7335bea2423c",
    "vertices" : [ {
      "x" : 5.3703127,
      "y" : -2.3351564,
      "z" : 5.1036463
    }, {
      "x" : 5.270313,
      "y" : -2.7351565,
      "z" : 5.0036464
    }, {
      "x" : 0.2777778,
      "y" : -0.4888889,
      "z" : 0.54444444
    }, {
      "x" : 0.37777779,
      "y" : -0.08888889,
      "z" : 0.64444447
    }, {
      "x" : 5.0369797,
      "y" : -2.8684897,
      "z" : 5.303646
    }, {
      "x" : 5.1369796,
      "y" : -2.4684896,
      "z" : 5.403646
    }, {
      "x" : 0.6111111,
      "y" : 0.044444446,
      "z" : 0.34444445
    }, {
      "x" : 0.51111114,
      "y" : -0.35555556,
      "z" : 0.24444444
    } ],
    "faces" : [ {
      "vertices" : [ 2, 3, 6 ]
    }, {
      "vertices" : [ 2, 6, 7 ]
    }, {
      "vertices" : [ 0, 5, 4 ]
    }, {
      "vertices" : [ 0, 4, 1 ]
    }, {
      "vertices" : [ 2, 4, 5 ]
    }, {
      "vertices" : [ 2, 5, 3 ]
    }, {
      "vertices" : [ 0, 6, 3 ]
    }, {
      "vertices" : [ 0, 3, 5 ]
    }, {
      "vertices" : [ 0, 1, 7 ]
    }, {
      "vertices" : [ 0, 7, 6 ]
    }, {
      "vertices" : [ 1, 4, 2 ]
    }, {
      "vertices" : [ 1, 2, 7 ]
    } ]
  }, {
    "id" : "4047c114-ca9c-444c-b9c0-974154f3b067",
    "vertices" : [ {
      "x" : 2.4022167,
      "y" : -2.0039291,
      "z" : 7.1416955
    }, {
      "x" : 2.5022166,
      "y" : -1.603929,
      "z" : 7.2416954
    }, {
      "x" : 0.42182872,
      "y" : -0.026127595,
      "z" : 0.5364517
    }, {
      "x" : 0.32182872,
      "y" : -0.42612758,
      "z" : 0.43645173
    }, {
      "x" : 2.8022165,
      "y" : -1.7372624,
      "z" : 7.0083623
    }, {
      "x" : 2.7022166,
      "y" : -2.1372623,
      "z" : 6.9083624
    }, {
      "x" : 0.021828732,
      "y" : -0.29279426,
      "z" : 0.6697851
    }, {
      "x" : 0.12182873,
      "y" : 0.10720574,
      "z" : 0.76978505
    } ],
    "faces" : [ {
      "vertices" : [ 2, 3, 6 ]
    }, {
      "vertices" : [ 2, 6, 7 ]
    }, {
      "vertices" : [ 0, 5, 4 ]
    }, {
      "vertices" : [ 0, 4, 1 ]
    }, {
      "vertices" : [ 2, 4, 5 ]
    }, {
      "vertices" : [ 2, 5, 3 ]
    }, {
      "vertices" : [ 0, 6, 3 ]
    }, {
      "vertices" : [ 0, 3, 5 ]
    }, {
      "vertices" : [ 0, 1, 7 ]
    }, {
      "vertices" : [ 0, 7, 6 ]
    }, {
      "vertices" : [ 1, 4, 2 ]
    }, {
      "vertices" : [ 1, 2, 7 ]
    } ]
  } ],
  "instances" : [ {
    "shape" : "50dd14e9-fc50-4166-bdfd-aefdc7c258a8",
    "color" : "#FFFFFF",
    "position" : {
      "x" : -7.6781473,
      "y" : -2.8240454,
      "z" : 2.0300567
    }
  }, {
    "shape" : "b8e99261-c86e-4ce6-b65a-6cf7dfbfcfcd",
    "color" : "#FFFF00",
    "position" : {
      "x" : -7.6781473,
      "y" : 2.0300567,
      "z" : -2.8240454
    },
    "orientation" : 0
  }, {
    "shape" : "50dd14e9-fc50-4166-bdfd-aefdc7c258a8",
    "color" : "#FFFFFF",
    "position" : {
      "x" : 2.8240454,
      "y" : -5.648091,
      "z" : -5.648091
    }
  }, {
    "shape" : "b8e99261-c86e-4ce6-b65a-6cf7dfbfcfcd",
    "color" : "#FFFF00",
    "position" : {
      "x" : 2.0300567,
      "y" : -2.8240454,
      "z" : -7.6781473
    },
    "orientation" : 2
  }, {
    "shape" : "e7b50f8d-b91c-461f-8639-6d42dd65f894",
    "color" : "#000000",
    "position" : {
      "x" : 0.0,
      "y" : -8.472136,
      "z" : 0.0
    },
    "orientation" : 1
  }, {
    "shape" : "5f2c15ec-3b1f-4809-a186-7335bea2423c",
    "color" : "#FF0000",
    "position" : {
      "x" : -2.8240454,
      "y" : -11.296182,
      "z" : -2.8240454
    },
    "orientation" : 1
  }, {
    "shape" : "e7b50f8d-b91c-461f-8639-6d42dd65f894",
    "color" : "#000000",
    "position" : {
      "x" : -8.472136,
      "y" : -8.472136,
      "z" : -8.472136
    },
    "orientation" : 1
  }, {
    "shape" : "50dd14e9-fc50-4166-bdfd-aefdc7c258a8",
    "color" : "#FFFFFF",
    "position" : {
      "x" : -5.648091,
      "y" : -5.648091,
      "z" : 2.8240454
    }
  }, {
    "shape" : "e7b50f8d-b91c-461f-8639-6d42dd65f894",
    "color" : "#000000",
    "position" : {
      "x" : -8.472136,
      "y" : 0.0,
      "z" : 0.0
    },
    "orientation" : 47
  }, {
    "shape" : "b8e99261-c86e-4ce6-b65a-6cf7dfbfcfcd",
    "color" : "#FFFF00",
    "position" : {
      "x" : -5.648091,
      "y" : -0.79398865,
      "z" : -10.5021925
    },
    "orientation" : 2
  }, {
    "shape" : "e7b50f8d-b91c-461f-8639-6d42dd65f894",
    "color" : "#000000",
    "position" : {
      "x" : 0.0,
      "y" : 0.0,
      "z" : 0.0
    },
    "orientation" : 45
  }, {
    "shape" : "50dd14e9-fc50-4166-bdfd-aefdc7c258a8",
    "color" : "#FFFFFF",
    "position" : {
      "x" : 2.0300567,
      "y" : -2.8240454,
      "z" : -7.6781473
    }
  }, {
    "shape" : "5f2c15ec-3b1f-4809-a186-7335bea2423c",
    "color" : "#FF0000",
    "position" : {
      "x" : -8.472136,
      "y" : -8.472136,
      "z" : -8.472136
    },
    "orientation" : 2
  }, {
    "shape" : "5f2c15ec-3b1f-4809-a186-7335bea2423c",
    "color" : "#FF0000",
    "position" : {
      "x" : -8.472136,
      "y" : -8.472136,
      "z" : -8.472136
    },
    "orientation" : 1
  }, {
    "shape" : "e7b50f8d-b91c-461f-8639-6d42dd65f894",
    "color" : "#000000",
    "position" : {
      "x" : -8.472136,
      "y" : -8.472136,
      "z" : 0.0
    },
    "orientation" : 1
  }, {
    "shape" : "4047c114-ca9c-444c-b9c0-974154f3b067",
    "color" : "#0000FF",
    "position" : {
      "x" : -7.6781473,
      "y" : -2.8240454,
      "z" : 2.0300567
    },
    "orientation" : 1
  }, {
    "shape" : "50dd14e9-fc50-4166-bdfd-aefdc7c258a8",
    "color" : "#FFFFFF",
    "position" : {
      "x" : -11.296182,
      "y" : -2.8240454,
      "z" : -2.8240454
    }
  }, {
    "shape" : "4047c114-ca9c-444c-b9c0-974154f3b067",
    "color" : "#0000FF",
    "position" : {
      "x" : -8.472136,
      "y" : -8.472136,
      "z" : -8.472136
    },
    "orientation" : 1
  }, {
    "shape" : "5f2c15ec-3b1f-4809-a186-7335bea2423c",
    "color" : "#FF0000",
    "position" : {
      "x" : -5.648091,
      "y" : 2.8240454,
      "z" : -5.648091
    },
    "orientation" : 0
  }, {
    "shape" : "5f2c15ec-3b1f-4809-a186-7335bea2423c",
    "color" : "#FF0000",
    "position" : {
      "x" : -11.296182,
      "y" : -2.8240454,
      "z" : -2.8240454
    },
    "orientation" : 0
  }, {
    "shape" : "50dd14e9-fc50-4166-bdfd-aefdc7c258a8",
    "color" : "#FFFFFF",
    "position" : {
      "x" : -2.8240454,
      "y" : -11.296182,
      "z" : -2.8240454
    }
  }, {
    "shape" : "5f2c15ec-3b1f-4809-a186-7335bea2423c",
    "color" : "#FF0000",
    "position" : {
      "x" : 2.8240454,
      "y" : -5.648091,
      "z" : -5.648091
    },
    "orientation" : 2
  }, {
    "shape" : "50dd14e9-fc50-4166-bdfd-aefdc7c258a8",
    "color" : "#FFFFFF",
    "position" : {
      "x" : -4.236068,
      "y" : -4.236068,
      "z" : -4.236068
    }
  }, {
    "shape" : "e7b50f8d-b91c-461f-8639-6d42dd65f894",
    "color" : "#000000",
    "position" : {
      "x" : -8.472136,
      "y" : 0.0,
      "z" : -8.472136
    },
    "orientation" : 0
  }, {
    "shape" : "4047c114-ca9c-444c-b9c0-974154f3b067",
    "color" : "#0000FF",
    "position" : {
      "x" : -5.648091,
      "y" : -10.5021925,
      "z" : -0.79398865
    },
    "orientation" : 1
  }, {
    "shape" : "50dd14e9-fc50-4166-bdfd-aefdc7c258a8",
    "color" : "#FFFFFF",
    "position" : {
      "x" : -8.472136,
      "y" : 0.0,
      "z" : 0.0
    }
  }, {
    "shape" : "4047c114-ca9c-444c-b9c0-974154f3b067",
    "color" : "#0000FF",
    "position" : {
      "x" : -8.472136,
      "y" : -8.472136,
      "z" : -8.472136
    },
    "orientation" : 0
  }, {
    "shape" : "b8e99261-c86e-4ce6-b65a-6cf7dfbfcfcd",
    "color" : "#FFFF00",
    "position" : {
      "x" : -2.8240454,
      "y" : -7.6781473,
      "z" : 2.0300567
    },
    "orientation" : 1
  }, {
    "shape" : "50dd14e9-fc50-4166-bdfd-aefdc7c258a8",
    "color" : "#FFFFFF",
    "position" : {
      "x" : 0.0,
      "y" : -8.472136,
      "z" : -8.472136
    }
  }, {
    "shape" : "50dd14e9-fc50-4166-bdfd-aefdc7c258a8",
    "color" : "#FFFFFF",
    "position" : {
      "x" : 2.0300567,
      "y" : -7.6781473,
      "z" : -2.8240454
    }
  }, {
    "shape" : "50dd14e9-fc50-4166-bdfd-aefdc7c258a8",
    "color" : "#FFFFFF",
    "position" : {
      "x" : -5.648091,
      "y" : 2.8240454,
      "z" : -5.648091
    }
  }, {
    "shape" : "50dd14e9-fc50-4166-bdfd-aefdc7c258a8",
    "color" : "#FFFFFF",
    "position" : {
      "x" : 0.0,
      "y" : -8.472136,
      "z" : 0.0
    }
  }, {
    "shape" : "b8e99261-c86e-4ce6-b65a-6cf7dfbfcfcd",
    "color" : "#FFFF00",
    "position" : {
      "x" : -10.5021925,
      "y" : -5.648091,
      "z" : -0.79398865
    },
    "orientation" : 0
  }, {
    "shape" : "e7b50f8d-b91c-461f-8639-6d42dd65f894",
    "color" : "#000000",
    "position" : {
      "x" : 0.0,
      "y" : 0.0,
      "z" : 0.0
    },
    "orientation" : 47
  }, {
    "shape" : "50dd14e9-fc50-4166-bdfd-aefdc7c258a8",
    "color" : "#FFFFFF",
    "position" : {
      "x" : -8.472136,
      "y" : -8.472136,
      "z" : 0.0
    }
  }, {
    "shape" : "4047c114-ca9c-444c-b9c0-974154f3b067",
    "color" : "#0000FF",
    "position" : {
      "x" : -0.79398865,
      "y" : -5.648091,
      "z" : -10.5021925
    },
    "orientation" : 2
  }, {
    "shape" : "5f2c15ec-3b1f-4809-a186-7335bea2423c",
    "color" : "#FF0000",
    "position" : {
      "x" : -2.8240454,
      "y" : -2.8240454,
      "z" : -11.296182
    },
    "orientation" : 2
  }, {
    "shape" : "50dd14e9-fc50-4166-bdfd-aefdc7c258a8",
    "color" : "#FFFFFF",
    "position" : {
      "x" : -0.79398865,
      "y" : -10.5021925,
      "z" : -5.648091
    }
  }, {
    "shape" : "50dd14e9-fc50-4166-bdfd-aefdc7c258a8",
    "color" : "#FFFFFF",
    "position" : {
      "x" : -5.648091,
      "y" : -10.5021925,
      "z" : -0.79398865
    }
  }, {
    "shape" : "50dd14e9-fc50-4166-bdfd-aefdc7c258a8",
    "color" : "#FFFFFF",
    "position" : {
      "x" : -8.472136,
      "y" : -8.472136,
      "z" : -8.472136
    }
  }, {
    "shape" : "b8e99261-c86e-4ce6-b65a-6cf7dfbfcfcd",
    "color" : "#FFFF00",
    "position" : {
      "x" : -5.648091,
      "y" : -0.79398865,
      "z" : -10.5021925
    },
    "orientation" : 0
  }, {
    "shape" : "4047c114-ca9c-444c-b9c0-974154f3b067",
    "color" : "#0000FF",
    "position" : {
      "x" : -0.79398865,
      "y" : -5.648091,
      "z" : -10.5021925
    },
    "orientation" : 0
  }, {
    "shape" : "e7b50f8d-b91c-461f-8639-6d42dd65f894",
    "color" : "#000000",
    "position" : {
      "x" : 0.0,
      "y" : -8.472136,
      "z" : -8.472136
    },
    "orientation" : 2
  }, {
    "shape" : "4047c114-ca9c-444c-b9c0-974154f3b067",
    "color" : "#0000FF",
    "position" : {
      "x" : -2.8240454,
      "y" : 2.0300567,
      "z" : -7.6781473
    },
    "orientation" : 0
  }, {
    "shape" : "5f2c15ec-3b1f-4809-a186-7335bea2423c",
    "color" : "#FF0000",
    "position" : {
      "x" : -8.472136,
      "y" : -8.472136,
      "z" : -8.472136
    },
    "orientation" : 0
  }, {
    "shape" : "b8e99261-c86e-4ce6-b65a-6cf7dfbfcfcd",
    "color" : "#FFFF00",
    "position" : {
      "x" : -0.79398865,
      "y" : -10.5021925,
      "z" : -5.648091
    },
    "orientation" : 2
  }, {
    "shape" : "50dd14e9-fc50-4166-bdfd-aefdc7c258a8",
    "color" : "#FFFFFF",
    "position" : {
      "x" : -8.472136,
      "y" : 0.0,
      "z" : -8.472136
    }
  }, {
    "shape" : "5f2c15ec-3b1f-4809-a186-7335bea2423c",
    "color" : "#FF0000",
    "position" : {
      "x" : -2.8240454,
      "y" : -11.296182,
      "z" : -2.8240454
    },
    "orientation" : 2
  }, {
    "shape" : "50dd14e9-fc50-4166-bdfd-aefdc7c258a8",
    "color" : "#FFFFFF",
    "position" : {
      "x" : -2.8240454,
      "y" : -7.6781473,
      "z" : 2.0300567
    }
  }, {
    "shape" : "50dd14e9-fc50-4166-bdfd-aefdc7c258a8",
    "color" : "#FFFFFF",
    "position" : {
      "x" : -10.5021925,
      "y" : -0.79398865,
      "z" : -5.648091
    }
  }, {
    "shape" : "50dd14e9-fc50-4166-bdfd-aefdc7c258a8",
    "color" : "#FFFFFF",
    "position" : {
      "x" : -0.79398865,
      "y" : -5.648091,
      "z" : -10.5021925
    }
  }, {
    "shape" : "50dd14e9-fc50-4166-bdfd-aefdc7c258a8",
    "color" : "#FFFFFF",
    "position" : {
      "x" : -7.6781473,
      "y" : 2.0300567,
      "z" : -2.8240454
    }
  }, {
    "shape" : "b8e99261-c86e-4ce6-b65a-6cf7dfbfcfcd",
    "color" : "#FFFF00",
    "position" : {
      "x" : -8.472136,
      "y" : -8.472136,
      "z" : -8.472136
    },
    "orientation" : 0
  }, {
    "shape" : "b8e99261-c86e-4ce6-b65a-6cf7dfbfcfcd",
    "color" : "#FFFF00",
    "position" : {
      "x" : -10.5021925,
      "y" : -5.648091,
      "z" : -0.79398865
    },
    "orientation" : 1
  }, {
    "shape" : "4047c114-ca9c-444c-b9c0-974154f3b067",
    "color" : "#0000FF",
    "position" : {
      "x" : -8.472136,
      "y" : -8.472136,
      "z" : -8.472136
    },
    "orientation" : 2
  }, {
    "shape" : "5f2c15ec-3b1f-4809-a186-7335bea2423c",
    "color" : "#FF0000",
    "position" : {
      "x" : -5.648091,
      "y" : -5.648091,
      "z" : 2.8240454
    },
    "orientation" : 1
  }, {
    "shape" : "e7b50f8d-b91c-461f-8639-6d42dd65f894",
    "color" : "#000000",
    "position" : {
      "x" : -8.472136,
      "y" : -8.472136,
      "z" : -8.472136
    },
    "orientation" : 2
  }, {
    "shape" : "b8e99261-c86e-4ce6-b65a-6cf7dfbfcfcd",
    "color" : "#FFFF00",
    "position" : {
      "x" : -8.472136,
      "y" : -8.472136,
      "z" : -8.472136
    },
    "orientation" : 2
  }, {
    "shape" : "50dd14e9-fc50-4166-bdfd-aefdc7c258a8",
    "color" : "#FFFFFF",
    "position" : {
      "x" : -5.648091,
      "y" : -0.79398865,
      "z" : -10.5021925
    }
  }, {
    "shape" : "e7b50f8d-b91c-461f-8639-6d42dd65f894",
    "color" : "#000000",
    "position" : {
      "x" : 0.0,
      "y" : -8.472136,
      "z" : 0.0
    },
    "orientation" : 45
  }, {
    "shape" : "5f2c15ec-3b1f-4809-a186-7335bea2423c",
    "color" : "#FF0000",
    "position" : {
      "x" : -2.8240454,
      "y" : -2.8240454,
      "z" : -11.296182
    },
    "orientation" : 0
  }, {
    "shape" : "50dd14e9-fc50-4166-bdfd-aefdc7c258a8",
    "color" : "#FFFFFF",
    "position" : {
      "x" : -2.8240454,
      "y" : 2.0300567,
      "z" : -7.6781473
    }
  }, {
    "shape" : "e7b50f8d-b91c-461f-8639-6d42dd65f894",
    "color" : "#000000",
    "position" : {
      "x" : -8.472136,
      "y" : -8.472136,
      "z" : -8.472136
    },
    "orientation" : 0
  }, {
    "shape" : "4047c114-ca9c-444c-b9c0-974154f3b067",
    "color" : "#0000FF",
    "position" : {
      "x" : -5.648091,
      "y" : -10.5021925,
      "z" : -0.79398865
    },
    "orientation" : 2
  }, {
    "shape" : "5f2c15ec-3b1f-4809-a186-7335bea2423c",
    "color" : "#FF0000",
    "position" : {
      "x" : -11.296182,
      "y" : -2.8240454,
      "z" : -2.8240454
    },
    "orientation" : 1
  }, {
    "shape" : "b8e99261-c86e-4ce6-b65a-6cf7dfbfcfcd",
    "color" : "#FFFF00",
    "position" : {
      "x" : -8.472136,
      "y" : -8.472136,
      "z" : -8.472136
    },
    "orientation" : 1
  }, {
    "shape" : "50dd14e9-fc50-4166-bdfd-aefdc7c258a8",
    "color" : "#FFFFFF",
    "position" : {
      "x" : -10.5021925,
      "y" : -5.648091,
      "z" : -0.79398865
    }
  }, {
    "shape" : "e7b50f8d-b91c-461f-8639-6d42dd65f894",
    "color" : "#000000",
    "position" : {
      "x" : 0.0,
      "y" : 0.0,
      "z" : -8.472136
    },
    "orientation" : 16
  }, {
    "shape" : "4047c114-ca9c-444c-b9c0-974154f3b067",
    "color" : "#0000FF",
    "position" : {
      "x" : -10.5021925,
      "y" : -0.79398865,
      "z" : -5.648091
    },
    "orientation" : 0
  }, {
    "shape" : "4047c114-ca9c-444c-b9c0-974154f3b067",
    "color" : "#0000FF",
    "position" : {
      "x" : 2.0300567,
      "y" : -7.6781473,
      "z" : -2.8240454
    },
    "orientation" : 2
  }, {
    "shape" : "50dd14e9-fc50-4166-bdfd-aefdc7c258a8",
    "color" : "#FFFFFF",
    "position" : {
      "x" : -2.8240454,
      "y" : -2.8240454,
      "z" : -11.296182
    }
  }, {
    "shape" : "50dd14e9-fc50-4166-bdfd-aefdc7c258a8",
    "color" : "#FFFFFF",
    "position" : {
      "x" : 0.0,
      "y" : 0.0,
      "z" : 0.0
    }
  }, {
    "shape" : "50dd14e9-fc50-4166-bdfd-aefdc7c258a8",
    "color" : "#FFFFFF",
    "position" : {
      "x" : 0.0,
      "y" : 0.0,
      "z" : -8.472136
    }
  }, {
    "shape" : "b8e99261-c86e-4ce6-b65a-6cf7dfbfcfcd",
    "color" : "#FFFF00",
    "position" : {
      "x" : -0.79398865,
      "y" : -10.5021925,
      "z" : -5.648091
    },
    "orientation" : 1
  }, {
    "shape" : "4047c114-ca9c-444c-b9c0-974154f3b067",
    "color" : "#0000FF",
    "position" : {
      "x" : -10.5021925,
      "y" : -0.79398865,
      "z" : -5.648091
    },
    "orientation" : 1
  } ]
}