{
  "field" : "polygon12",
  "symmetry" : "octahedral",
  "orientations" : [ [ 1.0, 0.0, 0.0, 0.0, 0.0, 1.0, 0.0, 0.0, 0.0, 0.0, 1.0, 0.0, 0.0, 0.0, 0.0, 1.0 ], [ 1.0, 0.0, 0.0, 0.0, 0.0, 0.0, 1.0, 0.0, 0.0, -1.0, 0.0, 0.0, 0.0, 0.0, 0.0, 1.0 ], [ 1.0, 0.0, 0.0, 0.0, 0.0, -1.0, 0.0, 0.0, 0.0, 0.0, -1.0, 0.0, 0.0, 0.0, 0.0, 1.0 ], [ 1.0, 0.0, 0.0, 0.0, 0.0, 0.0, -1.0, 0.0, 0.0, 1.0, 0.0, 0.0, 0.0, 0.0, 0.0, 1.0 ], [ 0.0, 1.0, 0.0, 0.0, 0.0, 0.0, 1.0, 0.0, 1.0, 0.0, 0.0, 0.0, 0.0, 0.0, 0.0, 1.0 ], [ 0.0, 1.0, 0.0, 0.0, 1.0, 0.0, 0.0, 0.0, 0.0, 0.0, -1.0, 0.0, 0.0, 0.0, 0.0, 1.0 ], [ 0.0, 1.0, 0.0, 0.0, 0.0, 0.0, -1.0, 0.0, -1.0, 0.0, 0.0, 0.0, 0.0, 0.0, 0.0, 1.0 ], [ 0.0, 1.0, 0.0, 0.0, -1.0, 0.0, 0.0, 0.0, 0.0, 0.0, 1.0, 0.0, 0.0, 0.0, 0.0, 1.0 ], [ 0.0, 0.0, 1.0, 0.0, 1.0, 0.0, 0.0, 0.0, 0.0, 1.0, 0.0, 0.0, 0.0, 0.0, 0.0, 1.0 ], [ 0.0, 0.0, 1.0, 0.0, 0.0, 1.0, 0.0, 0.0, -1.0, 0.0, 0.0, 0.0, 0.0, 0.0, 0.0, 1.0 ], [ 0.0, 0.0, 1.0, 0.0, -1.0, 0.0, 0.0, 0.0, 0.0, -1.0, 0.0, 0.0, 0.0, 0.0, 0.0, 1.0 ], [ 0.0, 0.0, 1.0, 0.0, 0.0, -1.0, 0.0, 0.0, 1.0, 0.0, 0.0, 0.0, 0.0, 0.0, 0.0, 1.0 ], [ -1.0, 0.0, 0.0, 0.0, 0.0, -1.0, 0.0, 0.0, 0.0, 0.0, 1.0, 0.0, 0.0, 0.0, 0.0, 1.0 ], [ -1.0, 0.0, 0.0, 0.0, 0.0, 0.0, 1.0, 0.0, 0.0, 1.0, 0.0, 0.0, 0.0, 0.0, 0.0, 1.0 ], [ -1.0, 0.0, 0.0, 0.0, 0.0, 1.0, 0.0, 0.0, 0.0, 0.0, -1.0, 0.0, 0.0, 0.0, 0.0, 1.0 ], [ -1.0, 0.0, 0.0, 0.0, 0.0, 0.0, -1.0, 0.0, 0.0, -1.0, 0.0, 0.0, 0.0, 0.0, 0.0, 1.0 ], [ 0.0, -1.0, 0.0, 0.0, 0.0, 0.0, -1.0, 0.0, 1.0, 0.0, 0.0, 0.0, 0.0, 0.0, 0.0, 1.0 ], [ 0.0, -1.0, 0.0, 0.0, 1.0, 0.0, 0.0, 0.0, 0.0, 0.0, 1.0, 0.0, 0.0, 0.0, 0.0, 1.0 ], [ 0.0, -1.0, 0.0, 0.0, 0.0, 0.0, 1.0, 0.0, -1.0, 0.0, 0.0, 0.0, 0.0, 0.0, 0.0, 1.0 ], [ 0.0, -1.0, 0.0, 0.0, -1.0, 0.0, 0.0, 0.0, 0.0, 0.0, -1.0, 0.0, 0.0, 0.0, 0.0, 1.0 ], [ 0.0, 0.0, -1.0, 0.0, -1.0, 0.0, 0.0, 0.0, 0.0, 1.0, 0.0, 0.0, 0.0, 0.0, 0.0, 1.0 ], [ 0.0, 0.0, -1.0, 0.0, 0.0, 1.0, 0.0, 0.0, 1.0, 0.0, 0.0, 0.0, 0.0, 0.0, 0.0, 1.0 ], [ 0.0, 0.0, -1.0, 0.0, 1.0, 0.0, 0.0, 0.0, 0.0, -1.0, 0.0, 0.0, 0.0, 0.0, 0.0, 1.0 ], [ 0.0, 0.0, -1.0, 0.0, 0.0, -1.0, 0.0, 0.0, -1.0, 0.0, 0.0, 0.0, 0.0, 0.0, 0.0, 1.0 ] ],
  "lights" : {
    "directionalLights" : [ {
      "direction" : [ 1.0, -1.0, -1.0 ],
      "color" : "#EBEBE4"
    }, {
      "direction" : [ -1.0, 0.0, 0.0 ],
      "color" : "#E4E4EB"
    }, {
      "direction" : [ 0.0, 0.0, -1.0 ],
      "color" : "#1E1E1E"
    } ],
    "backgroundColor" : "#AFC8DC",
    "ambientColor" : "#292929"
  },
  "camera" : {
    "position" : {
      "x" : 0.0,
      "y" : 0.0,
      "z" : 138.22453
    },
    "nearClipDistance" : 0.34556133,
    "viewDistance" : 138.22453,
    "fieldOfView" : 0.44262892,
    "perspective" : false,
    "lookAtPoint" : {
      "x" : 0.0,
      "y" : 0.0,
      "z" : 0.0
    },
    "farClipDistance" : 276.44907,
    "width" : 62.201046,
    "stereo" : false,
    "upDirection" : {
      "x" : 0.0,
      "y" : 1.0,
      "z" : 0.0
    },
    "lookDirection" : {
      "x" : 0.0,
      "y" : 0.0,
      "z" : -1.0
    }
  },
  "embedding" : [ 1.0, 0.0, 0.0, 0.0, 0.0, 1.0, 0.0, 0.0, 0.0, 0.0, 1.0, 0.0, 0.0, 0.0, 0.0, 1.0 ],
  "shapes" : [ {
    "id" : "0cc77e5c-1d4f-4469-8c7a-3dfce968ee79",
    "vertices" : [ {
      "x" : 2.9433756,
      "y" : -4.2663927,
      "z" : 10.153144
    }, {
      "x" : -2.9433756,
      "y" : -10.153144,
      "z" : 4.2663927
    }, {
      "x" : 4.2663927,
      "y" : -10.153144,
      "z" : -2.9433756
    }, {
      "x" : 10.153144,
      "y" : -4.2663927,
      "z" : 2.9433756
    } ],
    "faces" : [ {
      "vertices" : [ 0, 1, 2 ]
    }, {
      "vertices" : [ 0, 2, 3 ]
    }, {
      "vertices" : [ 0, 3, 2 ]
    }, {
      "vertices" : [ 0, 2, 1 ]
    } ]
  }, {
    "id" : "606b033b-9a76-480a-960a-3480a0ac6518",
    "vertices" : [ {
      "x" : -6.5482597,
      "y" : 13.096519,
      "z" : -6.5482597
    }, {
      "x" : 2.9433756,
      "y" : 10.153144,
      "z" : -4.2663927
    }, {
      "x" : -2.9433756,
      "y" : 4.2663927,
      "z" : -10.153144
    } ],
    "faces" : [ {
      "vertices" : [ 0, 1, 2 ]
    }, {
      "vertices" : [ 0, 2, 1 ]
    } ]
  }, {
    "id" : "edebfeab-4a28-4533-8f94-6437272f0040",
    "vertices" : [ {
      "x" : -4.2663927,
      "y" : 10.153144,
      "z" : 2.9433756
    }, {
      "x" : 2.9433756,
      "y" : 10.153144,
      "z" : -4.2663927
    }, {
      "x" : -6.5482597,
      "y" : 13.096519,
      "z" : -6.5482597
    } ],
    "faces" : [ {
      "vertices" : [ 0, 1, 2 ]
    }, {
      "vertices" : [ 0, 2, 1 ]
    } ]
  }, {
    "id" : "f2a0966f-5c47-456a-a1cd-d5b48a821ecb",
    "vertices" : [ {
      "x" : 4.2663927,
      "y" : -2.9433756,
      "z" : -10.153144
    }, {
      "x" : 13.096519,
      "y" : -6.5482597,
      "z" : -6.5482597
    }, {
      "x" : 4.2663927,
      "y" : -10.153144,
      "z" : -2.9433756
    } ],
    "faces" : [ {
      "vertices" : [ 0, 1, 2 ]
    }, {
      "vertices" : [ 0, 2, 1 ]
    } ]
  }, {
    "id" : "2d3dab68-b3a0-4a9d-aa34-7069a6d0a559",
    "vertices" : [ {
      "x" : 10.153144,
      "y" : 2.9433756,
      "z" : -4.2663927
    }, {
      "x" : 10.153144,
      "y" : -4.2663927,
      "z" : 2.9433756
    }, {
      "x" : 13.096519,
      "y" : -6.5482597,
      "z" : -6.5482597
    } ],
    "faces" : [ {
      "vertices" : [ 0, 1, 2 ]
    }, {
      "vertices" : [ 0, 2, 1 ]
    } ]
  }, {
    "id" : "1b5db446-8ac8-4362-aa45-ab1042d53b56",
    "vertices" : [ {
      "x" : -6.5482597,
      "y" : 13.096519,
      "z" : -6.5482597
    }, {
      "x" : -2.9433756,
      "y" : 4.2663927,
      "z" : -10.153144
    }, {
      "x" : -10.153144,
      "y" : 4.2663927,
      "z" : -2.9433756
    } ],
    "faces" : [ {
      "vertices" : [ 0, 1, 2 ]
    }, {
      "vertices" : [ 0, 2, 1 ]
    } ]
  }, {
    "id" : "82205b67-d828-4b95-a377-2049e286e2ce",
    "vertices" : [ {
      "x" : -6.5482597,
      "y" : 13.096519,
      "z" : -6.5482597
    }, {
      "x" : -10.153144,
      "y" : 4.2663927,
      "z" : -2.9433756
    }, {
      "x" : -4.2663927,
      "y" : 10.153144,
      "z" : 2.9433756
    } ],
    "faces" : [ {
      "vertices" : [ 0, 1, 2 ]
    }, {
      "vertices" : [ 0, 2, 1 ]
    } ]
  }, {
    "id" : "b4d4641f-5b29-473a-b688-2a9ec8a1ebba",
    "vertices" : [ {
      "x" : 4.2663927,
      "y" : -10.153144,
      "z" : -2.9433756
    }, {
      "x" : 13.096519,
      "y" : -6.5482597,
      "z" : -6.5482597
    }, {
      "x" : 10.153144,
      "y" : -4.2663927,
      "z" : 2.9433756
    } ],
    "faces" : [ {
      "vertices" : [ 0, 1, 2 ]
    }, {
      "vertices" : [ 0, 2, 1 ]
    } ]
  }, {
    "id" : "4e7658ca-6342-4cf6-a47a-74afd45ae656",
    "vertices" : [ {
      "x" : 10.153144,
      "y" : 2.9433756,
      "z" : -4.2663927
    }, {
      "x" : 13.096519,
      "y" : -6.5482597,
      "z" : -6.5482597
    }, {
      "x" : 4.2663927,
      "y" : -2.9433756,
      "z" : -10.153144
    } ],
    "faces" : [ {
      "vertices" : [ 0, 1, 2 ]
    }, {
      "vertices" : [ 0, 2, 1 ]
    } ]
  }, {
    "id" : "c43d960b-2b5b-43ea-b836-daa2f6bc5525",
    "vertices" : [ {
      "x" : -4.2663927,
      "y" : 2.9433756,
      "z" : 10.153144
    }, {
      "x" : 2.9433756,
      "y" : -4.2663927,
      "z" : 10.153144
    }, {
      "x" : 10.153144,
      "y" : -4.2663927,
      "z" : 2.9433756
    }, {
      "x" : 10.153144,
      "y" : 2.9433756,
      "z" : -4.2663927
    }, {
      "x" : 2.9433756,
      "y" : 10.153144,
      "z" : -4.2663927
    }, {
      "x" : -4.2663927,
      "y" : 10.153144,
      "z" : 2.9433756
    } ],
    "faces" : [ {
      "vertices" : [ 0, 1, 2 ]
    }, {
      "vertices" : [ 0, 2, 3 ]
    }, {
      "vertices" : [ 0, 3, 4 ]
    }, {
      "vertices" : [ 0, 4, 5 ]
    }, {
      "vertices" : [ 0, 5, 4 ]
    }, {
      "vertices" : [ 0, 4, 3 ]
    }, {
      "vertices" : [ 0, 3, 2 ]
    }, {
      "vertices" : [ 0, 2, 1 ]
    } ]
  }, {
    "id" : "475384ba-53bf-4b18-a245-32c052fa0de2",
    "vertices" : [ {
      "x" : 2.9433756,
      "y" : 10.153144,
      "z" : -4.2663927
    }, {
      "x" : 10.153144,
      "y" : 2.9433756,
      "z" : -4.2663927
    }, {
      "x" : 4.2663927,
      "y" : -2.9433756,
      "z" : -10.153144
    }, {
      "x" : -2.9433756,
      "y" : 4.2663927,
      "z" : -10.153144
    } ],
    "faces" : [ {
      "vertices" : [ 0, 1, 2 ]
    }, {
      "vertices" : [ 0, 2, 3 ]
    }, {
      "vertices" : [ 0, 3, 2 ]
    }, {
      "vertices" : [ 0, 2, 1 ]
    } ]
  }, {
    "id" : "31a8fec2-00c2-4d84-bcc4-0ca2c91deb22",
    "vertices" : [ {
      "x" : -10.153144,
      "y" : 4.2663927,
      "z" : -2.9433756
    }, {
      "x" : -10.153144,
      "y" : -2.9433756,
      "z" : 4.2663927
    }, {
      "x" : -4.2663927,
      "y" : 2.9433756,
      "z" : 10.153144
    }, {
      "x" : -4.2663927,
      "y" : 10.153144,
      "z" : 2.9433756
    } ],
    "faces" : [ {
      "vertices" : [ 0, 1, 2 ]
    }, {
      "vertices" : [ 0, 2, 3 ]
    }, {
      "vertices" : [ 0, 3, 2 ]
    }, {
      "vertices" : [ 0, 2, 1 ]
    } ]
  }, {
    "id" : "46476012-1d42-408a-8ac4-f327a24ec87b",
    "vertices" : [ {
      "x" : -2.9433756,
      "y" : 4.2663927,
      "z" : -10.153144
    }, {
      "x" : 4.2663927,
      "y" : -2.9433756,
      "z" : -10.153144
    }, {
      "x" : 4.2663927,
      "y" : -10.153144,
      "z" : -2.9433756
    }, {
      "x" : -2.9433756,
      "y" : -10.153144,
      "z" : 4.2663927
    }, {
      "x" : -10.153144,
      "y" : -2.9433756,
      "z" : 4.2663927
    }, {
      "x" : -10.153144,
      "y" : 4.2663927,
      "z" : -2.9433756
    } ],
    "faces" : [ {
      "vertices" : [ 0, 1, 2 ]
    }, {
      "vertices" : [ 0, 2, 3 ]
    }, {
      "vertices" : [ 0, 3, 4 ]
    }, {
      "vertices" : [ 0, 4, 5 ]
    }, {
      "vertices" : [ 0, 5, 4 ]
    }, {
      "vertices" : [ 0, 4, 3 ]
    }, {
      "vertices" : [ 0, 3, 2 ]
    }, {
      "vertices" : [ 0, 2, 1 ]
    } ]
  }, {
    "id" : "590fccf7-d810-4745-aff0-4673572d62e0",
    "vertices" : [ {
      "x" : 4.2663927,
      "y" : -2.9433756,
      "z" : -10.153144
    }, {
      "x" : 13.096519,
      "y" : -6.5482597,
      "z" : -6.5482597
    }, {
      "x" : 4.2663927,
      "y" : -10.153144,
      "z" : -2.9433756
    } ],
    "faces" : [ {
      "vertices" : [ 0, 1, 2 ]
    }, {
      "vertices" : [ 0, 2, 1 ]
    } ]
  }, {
    "id" : "5a28da4f-de19-4dfe-962d-18b9870f99a4",
    "vertices" : [ {
      "x" : -6.5482597,
      "y" : 13.096519,
      "z" : -6.5482597
    }, {
      "x" : -10.153144,
      "y" : 4.2663927,
      "z" : -2.9433756
    }, {
      "x" : -4.2663927,
      "y" : 10.153144,
      "z" : 2.9433756
    } ],
    "faces" : [ {
      "vertices" : [ 0, 1, 2 ]
    }, {
      "vertices" : [ 0, 2, 1 ]
    } ]
  }, {
    "id" : "135b6cb0-f131-4d65-b92a-bcb43b7566d1",
    "vertices" : [ {
      "x" : -4.2663927,
      "y" : 2.9433756,
      "z" : 10.153144
    }, {
      "x" : -6.5482597,
      "y" : -6.5482597,
      "z" : 13.096519
    }, {
      "x" : 2.9433756,
      "y" : -4.2663927,
      "z" : 10.153144
    } ],
    "faces" : [ {
      "vertices" : [ 0, 1, 2 ]
    }, {
      "vertices" : [ 0, 2, 1 ]
    } ]
  }, {
    "id" : "b4a3768c-f7f2-4f71-b45e-5c6be9869bda",
    "vertices" : [ {
      "x" : -10.153144,
      "y" : -2.9433756,
      "z" : 4.2663927
    }, {
      "x" : -2.9433756,
      "y" : -10.153144,
      "z" : 4.2663927
    }, {
      "x" : -6.5482597,
      "y" : -6.5482597,
      "z" : 13.096519
    } ],
    "faces" : [ {
      "vertices" : [ 0, 1, 2 ]
    }, {
      "vertices" : [ 0, 2, 1 ]
    } ]
  }, {
    "id" : "f35249c1-315a-4c03-9f82-3448aa9fdaf2",
    "vertices" : [ {
      "x" : -4.2663927,
      "y" : 2.9433756,
      "z" : 10.153144
    }, {
      "x" : -10.153144,
      "y" : -2.9433756,
      "z" : 4.2663927
    }, {
      "x" : -6.5482597,
      "y" : -6.5482597,
      "z" : 13.096519
    } ],
    "faces" : [ {
      "vertices" : [ 0, 1, 2 ]
    }, {
      "vertices" : [ 0, 2, 1 ]
    } ]
  }, {
    "id" : "9d0c0493-dece-4e9d-8fa1-7ee8fcf7a964",
    "vertices" : [ {
      "x" : 2.9433756,
      "y" : 10.153144,
      "z" : -4.2663927
    }, {
      "x" : 10.153144,
      "y" : 2.9433756,
      "z" : -4.2663927
    }, {
      "x" : 4.2663927,
      "y" : -2.9433756,
      "z" : -10.153144
    }, {
      "x" : -2.9433756,
      "y" : 4.2663927,
      "z" : -10.153144
    } ],
    "faces" : [ {
      "vertices" : [ 0, 1, 2 ]
    }, {
      "vertices" : [ 0, 2, 3 ]
    }, {
      "vertices" : [ 0, 3, 2 ]
    }, {
      "vertices" : [ 0, 2, 1 ]
    } ]
  }, {
    "id" : "60fee2e2-b7b5-480e-baa6-94d58ac6c8b8",
    "vertices" : [ {
      "x" : 10.153144,
      "y" : 2.9433756,
      "z" : -4.2663927
    }, {
      "x" : 13.096519,
      "y" : -6.5482597,
      "z" : -6.5482597
    }, {
      "x" : 4.2663927,
      "y" : -2.9433756,
      "z" : -10.153144
    } ],
    "faces" : [ {
      "vertices" : [ 0, 1, 2 ]
    }, {
      "vertices" : [ 0, 2, 1 ]
    } ]
  }, {
    "id" : "7f6307c8-a58a-43ff-a889-200b08ea7f1d",
    "vertices" : [ {
      "x" : -2.9433756,
      "y" : 4.2663927,
      "z" : -10.153144
    }, {
      "x" : 4.2663927,
      "y" : -2.9433756,
      "z" : -10.153144
    }, {
      "x" : 4.2663927,
      "y" : -10.153144,
      "z" : -2.9433756
    }, {
      "x" : -2.9433756,
      "y" : -10.153144,
      "z" : 4.2663927
    }, {
      "x" : -10.153144,
      "y" : -2.9433756,
      "z" : 4.2663927
    }, {
      "x" : -10.153144,
      "y" : 4.2663927,
      "z" : -2.9433756
    } ],
    "faces" : [ {
      "vertices" : [ 0, 1, 2 ]
    }, {
      "vertices" : [ 0, 2, 3 ]
    }, {
      "vertices" : [ 0, 3, 4 ]
    }, {
      "vertices" : [ 0, 4, 5 ]
    }, {
      "vertices" : [ 0, 5, 4 ]
    }, {
      "vertices" : [ 0, 4, 3 ]
    }, {
      "vertices" : [ 0, 3, 2 ]
    }, {
      "vertices" : [ 0, 2, 1 ]
    } ]
  }, {
    "id" : "018d7cea-595b-444b-8e91-4b25e6ec32ba",
    "vertices" : [ {
      "x" : 4.2663927,
      "y" : -10.153144,
      "z" : -2.9433756
    }, {
      "x" : 13.096519,
      "y" : -6.5482597,
      "z" : -6.5482597
    }, {
      "x" : 10.153144,
      "y" : -4.2663927,
      "z" : 2.9433756
    } ],
    "faces" : [ {
      "vertices" : [ 0, 1, 2 ]
    }, {
      "vertices" : [ 0, 2, 1 ]
    } ]
  }, {
    "id" : "18d71979-dd02-461a-a391-e51da3373b43",
    "vertices" : [ {
      "x" : -4.2663927,
      "y" : 10.153144,
      "z" : 2.9433756
    }, {
      "x" : 2.9433756,
      "y" : 10.153144,
      "z" : -4.2663927
    }, {
      "x" : -6.5482597,
      "y" : 13.096519,
      "z" : -6.5482597
    } ],
    "faces" : [ {
      "vertices" : [ 0, 1, 2 ]
    }, {
      "vertices" : [ 0, 2, 1 ]
    } ]
  }, {
    "id" : "e826c903-570e-421d-95d6-a52874ca5af0",
    "vertices" : [ {
      "x" : 2.9433756,
      "y" : -4.2663927,
      "z" : 10.153144
    }, {
      "x" : -2.9433756,
      "y" : -10.153144,
      "z" : 4.2663927
    }, {
      "x" : 4.2663927,
      "y" : -10.153144,
      "z" : -2.9433756
    }, {
      "x" : 10.153144,
      "y" : -4.2663927,
      "z" : 2.9433756
    } ],
    "faces" : [ {
      "vertices" : [ 0, 1, 2 ]
    }, {
      "vertices" : [ 0, 2, 3 ]
    }, {
      "vertices" : [ 0, 3, 2 ]
    }, {
      "vertices" : [ 0, 2, 1 ]
    } ]
  }, {
    "id" : "072435ac-6e18-4e37-b197-a1c8b772329e",
    "vertices" : [ {
      "x" : -6.5482597,
      "y" : 13.096519,
      "z" : -6.5482597
    }, {
      "x" : 2.9433756,
      "y" : 10.153144,
      "z" : -4.2663927
    }, {
      "x" : -2.9433756,
      "y" : 4.2663927,
      "z" : -10.153144
    } ],
    "faces" : [ {
      "vertices" : [ 0, 1, 2 ]
    }, {
      "vertices" : [ 0, 2, 1 ]
    } ]
  }, {
    "id" : "d1923f95-1ddf-4d07-b5a2-066e50435628",
    "vertices" : [ {
      "x" : -4.2663927,
      "y" : 2.9433756,
      "z" : 10.153144
    }, {
      "x" : 2.9433756,
      "y" : -4.2663927,
      "z" : 10.153144
    }, {
      "x" : 10.153144,
      "y" : -4.2663927,
      "z" : 2.9433756
    }, {
      "x" : 10.153144,
      "y" : 2.9433756,
      "z" : -4.2663927
    }, {
      "x" : 2.9433756,
      "y" : 10.153144,
      "z" : -4.2663927
    }, {
      "x" : -4.2663927,
      "y" : 10.153144,
      "z" : 2.9433756
    } ],
    "faces" : [ {
      "vertices" : [ 0, 1, 2 ]
    }, {
      "vertices" : [ 0, 2, 3 ]
    }, {
      "vertices" : [ 0, 3, 4 ]
    }, {
      "vertices" : [ 0, 4, 5 ]
    }, {
      "vertices" : [ 0, 5, 4 ]
    }, {
      "vertices" : [ 0, 4, 3 ]
    }, {
      "vertices" : [ 0, 3, 2 ]
    }, {
      "vertices" : [ 0, 2, 1 ]
    } ]
  }, {
    "id" : "1660920a-4fc3-4721-b5ab-5e9dceebd812",
    "vertices" : [ {
      "x" : -2.9433756,
      "y" : -10.153144,
      "z" : 4.2663927
    }, {
      "x" : 2.9433756,
      "y" : -4.2663927,
      "z" : 10.153144
    }, {
      "x" : -6.5482597,
      "y" : -6.5482597,
      "z" : 13.096519
    } ],
    "faces" : [ {
      "vertices" : [ 0, 1, 2 ]
    }, {
      "vertices" : [ 0, 2, 1 ]
    } ]
  }, {
    "id" : "5eb72f06-ae2a-44f0-9732-76b16595d33b",
    "vertices" : [ {
      "x" : -10.153144,
      "y" : 4.2663927,
      "z" : -2.9433756
    }, {
      "x" : -10.153144,
      "y" : -2.9433756,
      "z" : 4.2663927
    }, {
      "x" : -4.2663927,
      "y" : 2.9433756,
      "z" : 10.153144
    }, {
      "x" : -4.2663927,
      "y" : 10.153144,
      "z" : 2.9433756
    } ],
    "faces" : [ {
      "vertices" : [ 0, 1, 2 ]
    }, {
      "vertices" : [ 0, 2, 3 ]
    }, {
      "vertices" : [ 0, 3, 2 ]
    }, {
      "vertices" : [ 0, 2, 1 ]
    } ]
  }, {
    "id" : "07085be7-b546-4b52-864d-5ed01c3fe35f",
    "vertices" : [ {
      "x" : -6.5482597,
      "y" : 13.096519,
      "z" : -6.5482597
    }, {
      "x" : -2.9433756,
      "y" : 4.2663927,
      "z" : -10.153144
    }, {
      "x" : -10.153144,
      "y" : 4.2663927,
      "z" : -2.9433756
    } ],
    "faces" : [ {
      "vertices" : [ 0, 1, 2 ]
    }, {
      "vertices" : [ 0, 2, 1 ]
    } ]
  }, {
    "id" : "4b35c977-fc31-4e9e-8fd4-e9ad1b686b4c",
    "vertices" : [ {
      "x" : 10.153144,
      "y" : 2.9433756,
      "z" : -4.2663927
    }, {
      "x" : 10.153144,
      "y" : -4.2663927,
      "z" : 2.9433756
    }, {
      "x" : 13.096519,
      "y" : -6.5482597,
      "z" : -6.5482597
    } ],
    "faces" : [ {
      "vertices" : [ 0, 1, 2 ]
    }, {
      "vertices" : [ 0, 2, 1 ]
    } ]
  }, {
    "id" : "5b86e2ac-ff98-409f-84f9-bfa52d9fe1cb",
    "vertices" : [ {
      "x" : 3.272966,
      "y" : -3.1062992,
      "z" : -8.428712
    }, {
      "x" : 3.172966,
      "y" : -3.5062993,
      "z" : -8.328712
    }, {
      "x" : 0.33191836,
      "y" : -0.49858502,
      "z" : -0.40141496
    }, {
      "x" : 0.43191835,
      "y" : -0.098585024,
      "z" : -0.50141495
    }, {
      "x" : 3.472966,
      "y" : -3.6396325,
      "z" : -8.095379
    }, {
      "x" : 3.5729659,
      "y" : -3.2396326,
      "z" : -8.195378
    }, {
      "x" : 0.13191836,
      "y" : 0.03474831,
      "z" : -0.7347483
    }, {
      "x" : 0.031918358,
      "y" : -0.3652517,
      "z" : -0.6347483
    } ],
    "faces" : [ {
      "vertices" : [ 2, 3, 6 ]
    }, {
      "vertices" : [ 2, 6, 7 ]
    }, {
      "vertices" : [ 0, 5, 4 ]
    }, {
      "vertices" : [ 0, 4, 1 ]
    }, {
      "vertices" : [ 2, 4, 5 ]
    }, {
      "vertices" : [ 2, 5, 3 ]
    }, {
      "vertices" : [ 0, 6, 3 ]
    }, {
      "vertices" : [ 0, 3, 5 ]
    }, {
      "vertices" : [ 0, 1, 7 ]
    }, {
      "vertices" : [ 0, 7, 6 ]
    }, {
      "vertices" : [ 1, 4, 2 ]
    }, {
      "vertices" : [ 1, 2, 7 ]
    } ]
  }, {
    "id" : "ed51f557-384b-4f56-a1e2-dfbebf76314a",
    "vertices" : [ {
      "x" : 6.7764354,
      "y" : 0.13333334,
      "z" : 6.5097685
    }, {
      "x" : 6.8764353,
      "y" : -0.26666668,
      "z" : 6.6097684
    }, {
      "x" : 0.43333334,
      "y" : -0.13333334,
      "z" : 0.7
    }, {
      "x" : 0.33333334,
      "y" : 0.26666668,
      "z" : 0.6
    }, {
      "x" : 6.6431017,
      "y" : -0.13333334,
      "z" : 6.9097686
    }, {
      "x" : 6.543102,
      "y" : 0.26666668,
      "z" : 6.8097687
    }, {
      "x" : 0.56666666,
      "y" : 0.13333334,
      "z" : 0.3
    }, {
      "x" : 0.6666667,
      "y" : -0.26666668,
      "z" : 0.4
    } ],
    "faces" : [ {
      "vertices" : [ 2, 3, 6 ]
    }, {
      "vertices" : [ 2, 6, 7 ]
    }, {
      "vertices" : [ 0, 5, 4 ]
    }, {
      "vertices" : [ 0, 4, 1 ]
    }, {
      "vertices" : [ 2, 4, 5 ]
    }, {
      "vertices" : [ 2, 5, 3 ]
    }, {
      "vertices" : [ 0, 6, 3 ]
    }, {
      "vertices" : [ 0, 3, 5 ]
    }, {
      "vertices" : [ 0, 1, 7 ]
    }, {
      "vertices" : [ 0, 7, 6 ]
    }, {
      "vertices" : [ 1, 4, 2 ]
    }, {
      "vertices" : [ 1, 2, 7 ]
    } ]
  }, {
    "id" : "bb0cd11b-8bec-43c5-a4f7-9be621660b98",
    "vertices" : [ {
      "x" : 2.2652059,
      "y" : 8.934386,
      "z" : -2.5498981
    }, {
      "x" : 1.865206,
      "y" : 9.034387,
      "z" : -2.649898
    }, {
      "x" : 0.01666112,
      "y" : 0.557249,
      "z" : -0.39347753
    }, {
      "x" : 0.4166611,
      "y" : 0.45724902,
      "z" : -0.29347754
    }, {
      "x" : 1.9985393,
      "y" : 8.801053,
      "z" : -2.9498982
    }, {
      "x" : 2.3985393,
      "y" : 8.701054,
      "z" : -2.849898
    }, {
      "x" : 0.2833278,
      "y" : 0.69058233,
      "z" : 0.0065224627
    }, {
      "x" : -0.11667221,
      "y" : 0.79058236,
      "z" : -0.09347754
    } ],
    "faces" : [ {
      "vertices" : [ 2, 3, 6 ]
    }, {
      "vertices" : [ 2, 6, 7 ]
    }, {
      "vertices" : [ 0, 5, 4 ]
    }, {
      "vertices" : [ 0, 4, 1 ]
    }, {
      "vertices" : [ 2, 4, 5 ]
    }, {
      "vertices" : [ 2, 5, 3 ]
    }, {
      "vertices" : [ 0, 6, 3 ]
    }, {
      "vertices" : [ 0, 3, 5 ]
    }, {
      "vertices" : [ 0, 1, 7 ]
    }, {
      "vertices" : [ 0, 7, 6 ]
    }, {
      "vertices" : [ 1, 4, 2 ]
    }, {
      "vertices" : [ 1, 2, 7 ]
    } ]
  }, {
    "id" : "66efc9d8-6278-4571-972a-4f244dda6803",
    "vertices" : [ {
      "x" : 0.5358984,
      "y" : 0.0,
      "z" : 0.0
    }, {
      "x" : -0.5358984,
      "y" : 0.0,
      "z" : 0.0
    }, {
      "x" : 0.0,
      "y" : 0.5358984,
      "z" : 0.0
    }, {
      "x" : 0.0,
      "y" : -0.5358984,
      "z" : 0.0
    }, {
      "x" : 0.0,
      "y" : 0.0,
      "z" : 0.5358984
    }, {
      "x" : 0.0,
      "y" : 0.0,
      "z" : -0.5358984
    } ],
    "faces" : [ {
      "vertices" : [ 0, 2, 4 ]
    }, {
      "vertices" : [ 0, 5, 2 ]
    }, {
      "vertices" : [ 0, 4, 3 ]
    }, {
      "vertices" : [ 1, 4, 2 ]
    }, {
      "vertices" : [ 0, 3, 5 ]
    }, {
      "vertices" : [ 1, 2, 5 ]
    }, {
      "vertices" : [ 1, 3, 4 ]
    }, {
      "vertices" : [ 1, 5, 3 ]
    } ]
  }, {
    "id" : "22795419-25bb-4969-ae74-b9e5d285923a",
    "vertices" : [ {
      "x" : 5.653418,
      "y" : 5.386751,
      "z" : 5.2200847
    }, {
      "x" : 5.553418,
      "y" : 5.2867513,
      "z" : 5.620085
    }, {
      "x" : 0.23333333,
      "y" : 0.5,
      "z" : 0.6666667
    }, {
      "x" : 0.33333334,
      "y" : 0.6,
      "z" : 0.26666668
    }, {
      "x" : 5.3200846,
      "y" : 5.5867515,
      "z" : 5.753418
    }, {
      "x" : 5.4200845,
      "y" : 5.6867514,
      "z" : 5.353418
    }, {
      "x" : 0.56666666,
      "y" : 0.3,
      "z" : 0.13333334
    }, {
      "x" : 0.46666667,
      "y" : 0.2,
      "z" : 0.53333336
    } ],
    "faces" : [ {
      "vertices" : [ 2, 3, 6 ]
    }, {
      "vertices" : [ 2, 6, 7 ]
    }, {
      "vertices" : [ 0, 5, 4 ]
    }, {
      "vertices" : [ 0, 4, 1 ]
    }, {
      "vertices" : [ 2, 4, 5 ]
    }, {
      "vertices" : [ 2, 5, 3 ]
    }, {
      "vertices" : [ 0, 6, 3 ]
    }, {
      "vertices" : [ 0, 3, 5 ]
    }, {
      "vertices" : [ 0, 1, 7 ]
    }, {
      "vertices" : [ 0, 7, 6 ]
    }, {
      "vertices" : [ 1, 4, 2 ]
    }, {
      "vertices" : [ 1, 2, 7 ]
    } ]
  }, {
    "id" : "f45b4bff-4216-4b9c-a665-accd917f1a04",
    "vertices" : [ {
      "x" : 4.2663927,
      "y" : -10.153144,
      "z" : -2.9433756
    }, {
      "x" : 13.096519,
      "y" : -6.5482597,
      "z" : -6.5482597
    }, {
      "x" : 10.153144,
      "y" : -4.2663927,
      "z" : 2.9433756
    } ],
    "faces" : [ {
      "vertices" : [ 0, 1, 2 ]
    }, {
      "vertices" : [ 0, 2, 1 ]
    } ]
  }, {
    "id" : "edd31dc8-f114-4854-a4a5-b9cbd4c9ec21",
    "vertices" : [ {
      "x" : -6.5482597,
      "y" : 13.096519,
      "z" : -6.5482597
    }, {
      "x" : -2.9433756,
      "y" : 4.2663927,
      "z" : -10.153144
    }, {
      "x" : -10.153144,
      "y" : 4.2663927,
      "z" : -2.9433756
    } ],
    "faces" : [ {
      "vertices" : [ 0, 1, 2 ]
    }, {
      "vertices" : [ 0, 2, 1 ]
    } ]
  }, {
    "id" : "956f328c-08a7-4f54-80a2-f9bf7c3ef5a9",
    "vertices" : [ {
      "x" : -4.2663927,
      "y" : 10.153144,
      "z" : 2.9433756
    }, {
      "x" : 2.9433756,
      "y" : 10.153144,
      "z" : -4.2663927
    }, {
      "x" : -6.5482597,
      "y" : 13.096519,
      "z" : -6.5482597
    } ],
    "faces" : [ {
      "vertices" : [ 0, 1, 2 ]
    }, {
      "vertices" : [ 0, 2, 1 ]
    } ]
  }, {
    "id" : "05e9fb2d-e2c9-4cfe-a1be-5b7d6682d870",
    "vertices" : [ {
      "x" : 2.9433756,
      "y" : -4.2663927,
      "z" : 10.153144
    }, {
      "x" : -2.9433756,
      "y" : -10.153144,
      "z" : 4.2663927
    }, {
      "x" : 4.2663927,
      "y" : -10.153144,
      "z" : -2.9433756
    }, {
      "x" : 10.153144,
      "y" : -4.2663927,
      "z" : 2.9433756
    } ],
    "faces" : [ {
      "vertices" : [ 0, 1, 2 ]
    }, {
      "vertices" : [ 0, 2, 3 ]
    }, {
      "vertices" : [ 0, 3, 2 ]
    }, {
      "vertices" : [ 0, 2, 1 ]
    } ]
  }, {
    "id" : "c8ca8227-1800-4381-9811-a7fd8ff39638",
    "vertices" : [ {
      "x" : 10.153144,
      "y" : 2.9433756,
      "z" : -4.2663927
    }, {
      "x" : 10.153144,
      "y" : -4.2663927,
      "z" : 2.9433756
    }, {
      "x" : 13.096519,
      "y" : -6.5482597,
      "z" : -6.5482597
    } ],
    "faces" : [ {
      "vertices" : [ 0, 1, 2 ]
    }, {
      "vertices" : [ 0, 2, 1 ]
    } ]
  }, {
    "id" : "1f096e8f-e4e7-40a6-ac8d-cf47f4564431",
    "vertices" : [ {
      "x" : -2.9433756,
      "y" : 4.2663927,
      "z" : -10.153144
    }, {
      "x" : 4.2663927,
      "y" : -2.9433756,
      "z" : -10.153144
    }, {
      "x" : 4.2663927,
      "y" : -10.153144,
      "z" : -2.9433756
    }, {
      "x" : -2.9433756,
      "y" : -10.153144,
      "z" : 4.2663927
    }, {
      "x" : -10.153144,
      "y" : -2.9433756,
      "z" : 4.2663927
    }, {
      "x" : -10.153144,
      "y" : 4.2663927,
      "z" : -2.9433756
    } ],
    "faces" : [ {
      "vertices" : [ 0, 1, 2 ]
    }, {
      "vertices" : [ 0, 2, 3 ]
    }, {
      "vertices" : [ 0, 3, 4 ]
    }, {
      "vertices" : [ 0, 4, 5 ]
    }, {
      "vertices" : [ 0, 5, 4 ]
    }, {
      "vertices" : [ 0, 4, 3 ]
    }, {
      "vertices" : [ 0, 3, 2 ]
    }, {
      "vertices" : [ 0, 2, 1 ]
    } ]
  }, {
    "id" : "e7e27215-f291-4b50-9203-831bec590562",
    "vertices" : [ {
      "x" : -6.5482597,
      "y" : 13.096519,
      "z" : -6.5482597
    }, {
      "x" : 2.9433756,
      "y" : 10.153144,
      "z" : -4.2663927
    }, {
      "x" : -2.9433756,
      "y" : 4.2663927,
      "z" : -10.153144
    } ],
    "faces" : [ {
      "vertices" : [ 0, 1, 2 ]
    }, {
      "vertices" : [ 0, 2, 1 ]
    } ]
  }, {
    "id" : "5bb7a3e9-96a2-461c-a162-b84149e1993d",
    "vertices" : [ {
      "x" : -6.5482597,
      "y" : 13.096519,
      "z" : -6.5482597
    }, {
      "x" : -10.153144,
      "y" : 4.2663927,
      "z" : -2.9433756
    }, {
      "x" : -4.2663927,
      "y" : 10.153144,
      "z" : 2.9433756
    } ],
    "faces" : [ {
      "vertices" : [ 0, 1, 2 ]
    }, {
      "vertices" : [ 0, 2, 1 ]
    } ]
  }, {
    "id" : "33505c7e-7ed3-4303-97b5-d325ce2b513a",
    "vertices" : [ {
      "x" : 2.9433756,
      "y" : 10.153144,
      "z" : -4.2663927
    }, {
      "x" : 10.153144,
      "y" : 2.9433756,
      "z" : -4.2663927
    }, {
      "x" : 4.2663927,
      "y" : -2.9433756,
      "z" : -10.153144
    }, {
      "x" : -2.9433756,
      "y" : 4.2663927,
      "z" : -10.153144
    } ],
    "faces" : [ {
      "vertices" : [ 0, 1, 2 ]
    }, {
      "vertices" : [ 0, 2, 3 ]
    }, {
      "vertices" : [ 0, 3, 2 ]
    }, {
      "vertices" : [ 0, 2, 1 ]
    } ]
  }, {
    "id" : "96b75438-d62a-4b02-a759-0ea966406561",
    "vertices" : [ {
      "x" : -4.2663927,
      "y" : 2.9433756,
      "z" : 10.153144
    }, {
      "x" : 2.9433756,
      "y" : -4.2663927,
      "z" : 10.153144
    }, {
      "x" : 10.153144,
      "y" : -4.2663927,
      "z" : 2.9433756
    }, {
      "x" : 10.153144,
      "y" : 2.9433756,
      "z" : -4.2663927
    }, {
      "x" : 2.9433756,
      "y" : 10.153144,
      "z" : -4.2663927
    }, {
      "x" : -4.2663927,
      "y" : 10.153144,
      "z" : 2.9433756
    } ],
    "faces" : [ {
      "vertices" : [ 0, 1, 2 ]
    }, {
      "vertices" : [ 0, 2, 3 ]
    }, {
      "vertices" : [ 0, 3, 4 ]
    }, {
      "vertices" : [ 0, 4, 5 ]
    }, {
      "vertices" : [ 0, 5, 4 ]
    }, {
      "vertices" : [ 0, 4, 3 ]
    }, {
      "vertices" : [ 0, 3, 2 ]
    }, {
      "vertices" : [ 0, 2, 1 ]
    } ]
  }, {
    "id" : "0f5873f1-224d-417c-9a0d-7bf2a0397aa5",
    "vertices" : [ {
      "x" : -10.153144,
      "y" : 4.2663927,
      "z" : -2.9433756
    }, {
      "x" : -10.153144,
      "y" : -2.9433756,
      "z" : 4.2663927
    }, {
      "x" : -4.2663927,
      "y" : 2.9433756,
      "z" : 10.153144
    }, {
      "x" : -4.2663927,
      "y" : 10.153144,
      "z" : 2.9433756
    } ],
    "faces" : [ {
      "vertices" : [ 0, 1, 2 ]
    }, {
      "vertices" : [ 0, 2, 3 ]
    }, {
      "vertices" : [ 0, 3, 2 ]
    }, {
      "vertices" : [ 0, 2, 1 ]
    } ]
  }, {
    "id" : "91fb0664-7208-44a6-9186-371f9b763207",
    "vertices" : [ {
      "x" : 10.153144,
      "y" : 2.9433756,
      "z" : -4.2663927
    }, {
      "x" : 13.096519,
      "y" : -6.5482597,
      "z" : -6.5482597
    }, {
      "x" : 4.2663927,
      "y" : -2.9433756,
      "z" : -10.153144
    } ],
    "faces" : [ {
      "vertices" : [ 0, 1, 2 ]
    }, {
      "vertices" : [ 0, 2, 1 ]
    } ]
  }, {
    "id" : "c6ef6977-57e5-4bcd-bffd-fad2980b6cd9",
    "vertices" : [ {
      "x" : 4.2663927,
      "y" : -2.9433756,
      "z" : -10.153144
    }, {
      "x" : 13.096519,
      "y" : -6.5482597,
      "z" : -6.5482597
    }, {
      "x" : 4.2663927,
      "y" : -10.153144,
      "z" : -2.9433756
    } ],
    "faces" : [ {
      "vertices" : [ 0, 1, 2 ]
    }, {
      "vertices" : [ 0, 2, 1 ]
    } ]
  }, {
    "id" : "03593721-f8b1-4127-8d86-7cfb3d3dd59e",
    "vertices" : [ {
      "x" : 2.9433756,
      "y" : -4.2663927,
      "z" : 10.153144
    }, {
      "x" : -2.9433756,
      "y" : -10.153144,
      "z" : 4.2663927
    }, {
      "x" : 6.5482597,
      "y" : -13.096519,
      "z" : 6.5482597
    } ],
    "faces" : [ {
      "vertices" : [ 0, 1, 2 ]
    }, {
      "vertices" : [ 0, 2, 1 ]
    } ]
  }, {
    "id" : "390691f1-aef3-467a-8610-a9c42c8addb0",
    "vertices" : [ {
      "x" : -6.5482597,
      "y" : 13.096519,
      "z" : -6.5482597
    }, {
      "x" : -2.9433756,
      "y" : 4.2663927,
      "z" : -10.153144
    }, {
      "x" : -10.153144,
      "y" : 4.2663927,
      "z" : -2.9433756
    } ],
    "faces" : [ {
      "vertices" : [ 0, 1, 2 ]
    }, {
      "vertices" : [ 0, 2, 1 ]
    } ]
  }, {
    "id" : "fc2500fe-0532-4527-a82c-977b24338231",
    "vertices" : [ {
      "x" : 2.9433756,
      "y" : 10.153144,
      "z" : -4.2663927
    }, {
      "x" : 10.153144,
      "y" : 2.9433756,
      "z" : -4.2663927
    }, {
      "x" : 4.2663927,
      "y" : -2.9433756,
      "z" : -10.153144
    }, {
      "x" : -2.9433756,
      "y" : 4.2663927,
      "z" : -10.153144
    } ],
    "faces" : [ {
      "vertices" : [ 0, 1, 2 ]
    }, {
      "vertices" : [ 0, 2, 3 ]
    }, {
      "vertices" : [ 0, 3, 2 ]
    }, {
      "vertices" : [ 0, 2, 1 ]
    } ]
  }, {
    "id" : "92053712-7b5f-4e73-a30a-b8f7908ae53f",
    "vertices" : [ {
      "x" : 10.153144,
      "y" : -4.2663927,
      "z" : 2.9433756
    }, {
      "x" : 6.5482597,
      "y" : -13.096519,
      "z" : 6.5482597
    }, {
      "x" : 4.2663927,
      "y" : -10.153144,
      "z" : -2.9433756
    } ],
    "faces" : [ {
      "vertices" : [ 0, 1, 2 ]
    }, {
      "vertices" : [ 0, 2, 1 ]
    } ]
  }, {
    "id" : "0854d6a3-3e48-4d8f-a813-d2b7f8dc7bab",
    "vertices" : [ {
      "x" : 6.5482597,
      "y" : -13.096519,
      "z" : 6.5482597
    }, {
      "x" : -2.9433756,
      "y" : -10.153144,
      "z" : 4.2663927
    }, {
      "x" : 4.2663927,
      "y" : -10.153144,
      "z" : -2.9433756
    } ],
    "faces" : [ {
      "vertices" : [ 0, 1, 2 ]
    }, {
      "vertices" : [ 0, 2, 1 ]
    } ]
  }, {
    "id" : "fde5f447-e172-4dff-acc8-a4c46b4e8e12",
    "vertices" : [ {
      "x" : 10.153144,
      "y" : -4.2663927,
      "z" : 2.9433756
    }, {
      "x" : 4.2663927,
      "y" : -10.153144,
      "z" : -2.9433756
    }, {
      "x" : 4.2663927,
      "y" : -2.9433756,
      "z" : -10.153144
    }, {
      "x" : 10.153144,
      "y" : 2.9433756,
      "z" : -4.2663927
    } ],
    "faces" : [ {
      "vertices" : [ 0, 1, 2 ]
    }, {
      "vertices" : [ 0, 2, 3 ]
    }, {
      "vertices" : [ 0, 3, 2 ]
    }, {
      "vertices" : [ 0, 2, 1 ]
    } ]
  }, {
    "id" : "e10e027d-45bb-44d3-a7b3-684f9a1f4d09",
    "vertices" : [ {
      "x" : -6.5482597,
      "y" : 13.096519,
      "z" : -6.5482597
    }, {
      "x" : 2.9433756,
      "y" : 10.153144,
      "z" : -4.2663927
    }, {
      "x" : -2.9433756,
      "y" : 4.2663927,
      "z" : -10.153144
    } ],
    "faces" : [ {
      "vertices" : [ 0, 1, 2 ]
    }, {
      "vertices" : [ 0, 2, 1 ]
    } ]
  }, {
    "id" : "848a6b40-d38a-4ce4-93f1-fba05391fd0a",
    "vertices" : [ {
      "x" : -6.5482597,
      "y" : 13.096519,
      "z" : -6.5482597
    }, {
      "x" : -10.153144,
      "y" : 4.2663927,
      "z" : -2.9433756
    }, {
      "x" : -4.2663927,
      "y" : 10.153144,
      "z" : 2.9433756
    } ],
    "faces" : [ {
      "vertices" : [ 0, 1, 2 ]
    }, {
      "vertices" : [ 0, 2, 1 ]
    } ]
  }, {
    "id" : "ba0a067f-3304-4eb1-a901-3d354edcdf89",
    "vertices" : [ {
      "x" : -4.2663927,
      "y" : 2.9433756,
      "z" : 10.153144
    }, {
      "x" : 2.9433756,
      "y" : -4.2663927,
      "z" : 10.153144
    }, {
      "x" : 10.153144,
      "y" : -4.2663927,
      "z" : 2.9433756
    }, {
      "x" : 10.153144,
      "y" : 2.9433756,
      "z" : -4.2663927
    }, {
      "x" : 2.9433756,
      "y" : 10.153144,
      "z" : -4.2663927
    }, {
      "x" : -4.2663927,
      "y" : 10.153144,
      "z" : 2.9433756
    } ],
    "faces" : [ {
      "vertices" : [ 0, 1, 2 ]
    }, {
      "vertices" : [ 0, 2, 3 ]
    }, {
      "vertices" : [ 0, 3, 4 ]
    }, {
      "vertices" : [ 0, 4, 5 ]
    }, {
      "vertices" : [ 0, 5, 4 ]
    }, {
      "vertices" : [ 0, 4, 3 ]
    }, {
      "vertices" : [ 0, 3, 2 ]
    }, {
      "vertices" : [ 0, 2, 1 ]
    } ]
  }, {
    "id" : "f6aa4f7a-93e3-4549-9465-af8a659c433a",
    "vertices" : [ {
      "x" : 2.9433756,
      "y" : -4.2663927,
      "z" : 10.153144
    }, {
      "x" : 6.5482597,
      "y" : -13.096519,
      "z" : 6.5482597
    }, {
      "x" : 10.153144,
      "y" : -4.2663927,
      "z" : 2.9433756
    } ],
    "faces" : [ {
      "vertices" : [ 0, 1, 2 ]
    }, {
      "vertices" : [ 0, 2, 1 ]
    } ]
  }, {
    "id" : "9fd3fe55-2020-4cc0-85ff-fa427a785dd4",
    "vertices" : [ {
      "x" : 2.9433756,
      "y" : -4.2663927,
      "z" : 10.153144
    }, {
      "x" : -2.9433756,
      "y" : -10.153144,
      "z" : 4.2663927
    }, {
      "x" : 4.2663927,
      "y" : -10.153144,
      "z" : -2.9433756
    }, {
      "x" : 10.153144,
      "y" : -4.2663927,
      "z" : 2.9433756
    } ],
    "faces" : [ {
      "vertices" : [ 0, 1, 2 ]
    }, {
      "vertices" : [ 0, 2, 3 ]
    }, {
      "vertices" : [ 0, 3, 2 ]
    }, {
      "vertices" : [ 0, 2, 1 ]
    } ]
  }, {
    "id" : "21871c23-2ba9-4087-b99b-24ad76c7b42b",
    "vertices" : [ {
      "x" : -2.9433756,
      "y" : 4.2663927,
      "z" : -10.153144
    }, {
      "x" : 4.2663927,
      "y" : -2.9433756,
      "z" : -10.153144
    }, {
      "x" : 4.2663927,
      "y" : -10.153144,
      "z" : -2.9433756
    }, {
      "x" : -2.9433756,
      "y" : -10.153144,
      "z" : 4.2663927
    }, {
      "x" : -10.153144,
      "y" : -2.9433756,
      "z" : 4.2663927
    }, {
      "x" : -10.153144,
      "y" : 4.2663927,
      "z" : -2.9433756
    } ],
    "faces" : [ {
      "vertices" : [ 0, 1, 2 ]
    }, {
      "vertices" : [ 0, 2, 3 ]
    }, {
      "vertices" : [ 0, 3, 4 ]
    }, {
      "vertices" : [ 0, 4, 5 ]
    }, {
      "vertices" : [ 0, 5, 4 ]
    }, {
      "vertices" : [ 0, 4, 3 ]
    }, {
      "vertices" : [ 0, 3, 2 ]
    }, {
      "vertices" : [ 0, 2, 1 ]
    } ]
  }, {
    "id" : "b12b6801-4dcc-4840-8cc2-ef68d72e98b0",
    "vertices" : [ {
      "x" : -4.2663927,
      "y" : 10.153144,
      "z" : 2.9433756
    }, {
      "x" : 2.9433756,
      "y" : 10.153144,
      "z" : -4.2663927
    }, {
      "x" : -6.5482597,
      "y" : 13.096519,
      "z" : -6.5482597
    } ],
    "faces" : [ {
      "vertices" : [ 0, 1, 2 ]
    }, {
      "vertices" : [ 0, 2, 1 ]
    } ]
  }, {
    "id" : "765c5397-2ad6-4ac7-a00b-852f21db2be1",
    "vertices" : [ {
      "x" : -10.153144,
      "y" : 4.2663927,
      "z" : -2.9433756
    }, {
      "x" : -10.153144,
      "y" : -2.9433756,
      "z" : 4.2663927
    }, {
      "x" : -4.2663927,
      "y" : 2.9433756,
      "z" : 10.153144
    }, {
      "x" : -4.2663927,
      "y" : 10.153144,
      "z" : 2.9433756
    } ],
    "faces" : [ {
      "vertices" : [ 0, 1, 2 ]
    }, {
      "vertices" : [ 0, 2, 3 ]
    }, {
      "vertices" : [ 0, 3, 2 ]
    }, {
      "vertices" : [ 0, 2, 1 ]
    } ]
  }, {
    "id" : "d4a0f5d3-b2da-425b-8d99-80ede83482ef",
    "vertices" : [ {
      "x" : -4.2663927,
      "y" : 2.9433756,
      "z" : 10.153144
    }, {
      "x" : -10.153144,
