{
  "field" : "golden",
  "symmetry" : "icosahedral",
  "orientations" : [ [ 1.0, 0.0, 0.0, 0.0, 0.0, 1.0, 0.0, 0.0, 0.0, 0.0, 1.0, 0.0, 0.0, 0.0, 0.0, 1.0 ], [ 0.0, 0.0, 1.0, 0.0, 1.0, 0.0, 0.0, 0.0, 0.0, 1.0, 0.0, 0.0, 0.0, 0.0, 0.0, 1.0 ], [ 0.0, 1.0, 0.0, 0.0, 0.0, 0.0, 1.0, 0.0, 1.0, 0.0, 0.0, 0.0, 0.0, 0.0, 0.0, 1.0 ], [ 0.809017, 0.309017, 0.5, 0.0, 0.309017, 0.5, -0.809017, 0.0, -0.5, 0.809017, 0.309017, 0.0, 0.0, 0.0, 0.0, 1.0 ], [ -0.5, 0.809017, 0.309017, 0.0, 0.809017, 0.309017, 0.5, 0.0, 0.309017, 0.5, -0.809017, 0.0, 0.0, 0.0, 0.0, 1.0 ], [ 0.309017, 0.5, -0.809017, 0.0, -0.5, 0.809017, 0.309017, 0.0, 0.809017, 0.309017, 0.5, 0.0, 0.0, 0.0, 0.0, 1.0 ], [ 0.5, 0.809017, 0.309017, 0.0, 0.809017, -0.309017, -0.5, 0.0, -0.309017, 0.5, -0.809017, 0.0, 0.0, 0.0, 0.0, 1.0 ], [ -0.309017, 0.5, -0.809017, 0.0, 0.5, 0.809017, 0.309017, 0.0, 0.809017, -0.309017, -0.5, 0.0, 0.0, 0.0, 0.0, 1.0 ], [ 0.809017, -0.309017, -0.5, 0.0, -0.309017, 0.5, -0.809017, 0.0, 0.5, 0.809017, 0.309017, 0.0, 0.0, 0.0, 0.0, 1.0 ], [ 0.5, 0.809017, -0.309017, 0.0, 0.809017, -0.309017, 0.5, 0.0, 0.309017, -0.5, -0.809017, 0.0, 0.0, 0.0, 0.0, 1.0 ], [ 0.309017, -0.5, -0.809017, 0.0, 0.5, 0.809017, -0.309017, 0.0, 0.809017, -0.309017, 0.5, 0.0, 0.0, 0.0, 0.0, 1.0 ], [ 0.809017, -0.309017, 0.5, 0.0, 0.309017, -0.5, -0.809017, 0.0, 0.5, 0.809017, -0.309017, 0.0, 0.0, 0.0, 0.0, 1.0 ], [ 0.809017, 0.309017, -0.5, 0.0, 0.309017, 0.5, 0.809017, 0.0, 0.5, -0.809017, 0.309017, 0.0, 0.0, 0.0, 0.0, 1.0 ], [ 0.5, -0.809017, 0.309017, 0.0, 0.809017, 0.309017, -0.5, 0.0, 0.309017, 0.5, 0.809017, 0.0, 0.0, 0.0, 0.0, 1.0 ], [ 0.309017, 0.5, 0.809017, 0.0, 0.5, -0.809017, 0.309017, 0.0, 0.809017, 0.309017, -0.5, 0.0, 0.0, 0.0, 0.0, 1.0 ], [ 1.0, 0.0, 0.0, 0.0, 0.0, -1.0, 0.0, 0.0, 0.0, 0.0, -1.0, 0.0, 0.0, 0.0, 0.0, 1.0 ], [ 0.0, 0.0, 1.0, 0.0, -1.0, 0.0, 0.0, 0.0, 0.0, -1.0, 0.0, 0.0, 0.0, 0.0, 0.0, 1.0 ], [ 0.0, 1.0, 0.0, 0.0, 0.0, 0.0, -1.0, 0.0, -1.0, 0.0, 0.0, 0.0, 0.0, 0.0, 0.0, 1.0 ], [ 0.809017, 0.309017, 0.5, 0.0, -0.309017, -0.5, 0.809017, 0.0, 0.5, -0.809017, -0.309017, 0.0, 0.0, 0.0, 0.0, 1.0 ], [ -0.5, 0.809017, 0.309017, 0.0, -0.809017, -0.309017, -0.5, 0.0, -0.309017, -0.5, 0.809017, 0.0, 0.0, 0.0, 0.0, 1.0 ], [ 0.309017, 0.5, -0.809017, 0.0, 0.5, -0.809017, -0.309017, 0.0, -0.809017, -0.309017, -0.5, 0.0, 0.0, 0.0, 0.0, 1.0 ], [ 0.5, 0.809017, 0.309017, 0.0, -0.809017, 0.309017, 0.5, 0.0, 0.309017, -0.5, 0.809017, 0.0, 0.0, 0.0, 0.0, 1.0 ], [ -0.309017, 0.5, -0.809017, 0.0, -0.5, -0.809017, -0.309017, 0.0, -0.809017, 0.309017, 0.5, 0.0, 0.0, 0.0, 0.0, 1.0 ], [ 0.809017, -0.309017, -0.5, 0.0, 0.309017, -0.5, 0.809017, 0.0, -0.5, -0.809017, -0.309017, 0.0, 0.0, 0.0, 0.0, 1.0 ], [ 0.5, 0.809017, -0.309017, 0.0, -0.809017, 0.309017, -0.5, 0.0, -0.309017, 0.5, 0.809017, 0.0, 0.0, 0.0, 0.0, 1.0 ], [ 0.309017, -0.5, -0.809017, 0.0, -0.5, -0.809017, 0.309017, 0.0, -0.809017, 0.309017, -0.5, 0.0, 0.0, 0.0, 0.0, 1.0 ], [ 0.809017, -0.309017, 0.5, 0.0, -0.309017, 0.5, 0.809017, 0.0, -0.5, -0.809017, 0.309017, 0.0, 0.0, 0.0, 0.0, 1.0 ], [ 0.809017, 0.309017, -0.5, 0.0, -0.309017, -0.5, -0.809017, 0.0, -0.5, 0.809017, -0.309017, 0.0, 0.0, 0.0, 0.0, 1.0 ], [ 0.5, -0.809017, 0.309017, 0.0, -0.809017, -0.309017, 0.5, 0.0, -0.309017, -0.5, -0.809017, 0.0, 0.0, 0.0, 0.0, 1.0 ], [ 0.309017, 0.5, 0.809017, 0.0, -0.5, 0.809017, -0.309017, 0.0, -0.809017, -0.309017, 0.5, 0.0, 0.0, 0.0, 0.0, 1.0 ], [ -1.0, 0.0, 0.0, 0.0, 0.0, -1.0, 0.0, 0.0, 0.0, 0.0, 1.0, 0.0, 0.0, 0.0, 0.0, 1.0 ], [ 0.0, 0.0, -1.0, 0.0, -1.0, 0.0, 0.0, 0.0, 0.0, 1.0, 0.0, 0.0, 0.0, 0.0, 0.0, 1.0 ], [ 0.0, -1.0, 0.0, 0.0, 0.0, 0.0, -1.0, 0.0, 1.0, 0.0, 0.0, 0.0, 0.0, 0.0, 0.0, 1.0 ], [ -0.809017, -0.309017, -0.5, 0.0, -0.309017, -0.5, 0.809017, 0.0, -0.5, 0.809017, 0.309017, 0.0, 0.0, 0.0, 0.0, 1.0 ], [ 0.5, -0.809017, -0.309017, 0.0, -0.809017, -0.309017, -0.5, 0.0, 0.309017, 0.5, -0.809017, 0.0, 0.0, 0.0, 0.0, 1.0 ], [ -0.309017, -0.5, 0.809017, 0.0, 0.5, -0.809017, -0.309017, 0.0, 0.809017, 0.309017, 0.5, 0.0, 0.0, 0.0, 0.0, 1.0 ], [ -0.5, -0.809017, -0.309017, 0.0, -0.809017, 0.309017, 0.5, 0.0, -0.309017, 0.5, -0.809017, 0.0, 0.0, 0.0, 0.0, 1.0 ], [ 0.309017, -0.5, 0.809017, 0.0, -0.5, -0.809017, -0.309017, 0.0, 0.809017, -0.309017, -0.5, 0.0, 0.0, 0.0, 0.0, 1.0 ], [ -0.809017, 0.309017, 0.5, 0.0, 0.309017, -0.5, 0.809017, 0.0, 0.5, 0.809017, 0.309017, 0.0, 0.0, 0.0, 0.0, 1.0 ], [ -0.5, -0.809017, 0.309017, 0.0, -0.809017, 0.309017, -0.5, 0.0, 0.309017, -0.5, -0.809017, 0.0, 0.0, 0.0, 0.0, 1.0 ], [ -0.309017, 0.5, 0.809017, 0.0, -0.5, -0.809017, 0.309017, 0.0, 0.809017, -0.309017, 0.5, 0.0, 0.0, 0.0, 0.0, 1.0 ], [ -0.809017, 0.309017, -0.5, 0.0, -0.309017, 0.5, 0.809017, 0.0, 0.5, 0.809017, -0.309017, 0.0, 0.0, 0.0, 0.0, 1.0 ], [ -0.809017, -0.309017, 0.5, 0.0, -0.309017, -0.5, -0.809017, 0.0, 0.5, -0.809017, 0.309017, 0.0, 0.0, 0.0, 0.0, 1.0 ], [ -0.5, 0.809017, -0.309017, 0.0, -0.809017, -0.309017, 0.5, 0.0, 0.309017, 0.5, 0.809017, 0.0, 0.0, 0.0, 0.0, 1.0 ], [ -0.309017, -0.5, -0.809017, 0.0, -0.5, 0.809017, -0.309017, 0.0, 0.809017, 0.309017, -0.5, 0.0, 0.0, 0.0, 0.0, 1.0 ], [ -1.0, 0.0, 0.0, 0.0, 0.0, 1.0, 0.0, 0.0, 0.0, 0.0, -1.0, 0.0, 0.0, 0.0, 0.0, 1.0 ], [ 0.0, 0.0, -1.0, 0.0, 1.0, 0.0, 0.0, 0.0, 0.0, -1.0, 0.0, 0.0, 0.0, 0.0, 0.0, 1.0 ], [ 0.0, -1.0, 0.0, 0.0, 0.0, 0.0, 1.0, 0.0, -1.0, 0.0, 0.0, 0.0, 0.0, 0.0, 0.0, 1.0 ], [ -0.809017, -0.309017, -0.5, 0.0, 0.309017, 0.5, -0.809017, 0.0, 0.5, -0.809017, -0.309017, 0.0, 0.0, 0.0, 0.0, 1.0 ], [ 0.5, -0.809017, -0.309017, 0.0, 0.809017, 0.309017, 0.5, 0.0, -0.309017, -0.5, 0.809017, 0.0, 0.0, 0.0, 0.0, 1.0 ], [ -0.309017, -0.5, 0.809017, 0.0, -0.5, 0.809017, 0.309017, 0.0, -0.809017, -0.309017, -0.5, 0.0, 0.0, 0.0, 0.0, 1.0 ], [ -0.5, -0.809017, -0.309017, 0.0, 0.809017, -0.309017, -0.5, 0.0, 0.309017, -0.5, 0.809017, 0.0, 0.0, 0.0, 0.0, 1.0 ], [ 0.309017, -0.5, 0.809017, 0.0, 0.5, 0.809017, 0.309017, 0.0, -0.809017, 0.309017, 0.5, 0.0, 0.0, 0.0, 0.0, 1.0 ], [ -0.809017, 0.309017, 0.5, 0.0, -0.309017, 0.5, -0.809017, 0.0, -0.5, -0.809017, -0.309017, 0.0, 0.0, 0.0, 0.0, 1.0 ], [ -0.5, -0.809017, 0.309017, 0.0, 0.809017, -0.309017, 0.5, 0.0, -0.309017, 0.5, 0.809017, 0.0, 0.0, 0.0, 0.0, 1.0 ], [ -0.309017, 0.5, 0.809017, 0.0, 0.5, 0.809017, -0.309017, 0.0, -0.809017, 0.309017, -0.5, 0.0, 0.0, 0.0, 0.0, 1.0 ], [ -0.809017, 0.309017, -0.5, 0.0, 0.309017, -0.5, -0.809017, 0.0, -0.5, -0.809017, 0.309017, 0.0, 0.0, 0.0, 0.0, 1.0 ], [ -0.809017, -0.309017, 0.5, 0.0, 0.309017, 0.5, 0.809017, 0.0, -0.5, 0.809017, -0.309017, 0.0, 0.0, 0.0, 0.0, 1.0 ], [ -0.5, 0.809017, -0.309017, 0.0, 0.809017, 0.309017, -0.5, 0.0, -0.309017, -0.5, -0.809017, 0.0, 0.0, 0.0, 0.0, 1.0 ], [ -0.309017, -0.5, -0.809017, 0.0, 0.5, -0.809017, 0.309017, 0.0, -0.809017, -0.309017, 0.5, 0.0, 0.0, 0.0, 0.0, 1.0 ] ],
  "lights" : {
    "directionalLights" : [ {
      "direction" : {
        "x" : 1.0,
        "y" : -1.0,
        "z" : -1.0
      },
      "color" : "#EBEBE4"
    }, {
      "direction" : {
        "x" : -1.0,
        "y" : 0.0,
        "z" : 0.0
      },
      "color" : "#E4E4EB"
    }, {
      "direction" : {
        "x" : 0.0,
        "y" : 0.0,
        "z" : -1.0
      },
      "color" : "#1E1E1E"
    } ],
    "ambientColor" : "#292929",
    "backgroundColor" : "#AFC8DC"
  },
  "camera" : {
    "position" : {
      "x" : -149.29347,
      "y" : 0.0,
      "z" : 241.56192
    },
    "width" : 127.7879,
    "stereo" : false,
    "lookAtPoint" : {
      "x" : 0.0,
      "y" : 0.0,
      "z" : 0.0
    },
    "upDirection" : {
      "x" : 0.0,
      "y" : 1.0,
      "z" : 0.0
    },
    "lookDirection" : {
      "x" : 0.5257311,
      "y" : 0.0,
      "z" : -0.8506508
    },
    "perspective" : false,
    "nearClipDistance" : 0.7099326,
    "viewDistance" : 283.97308,
    "fieldOfView" : 0.44262892,
    "farClipDistance" : 567.9459
  },
  "embedding" : [ 1.0, 0.0, 0.0, 0.0, 0.0, 1.0, 0.0, 0.0, 0.0, 0.0, 1.0, 0.0, 0.0, 0.0, 0.0, 1.0 ],
  "shapes" : [ {
    "id" : "df875550-f90b-4c71-abb4-1c09b5044d6d",
    "vertices" : [ {
      "x" : 0.309017,
      "y" : -0.809017,
      "z" : 0.618034
    }, {
      "x" : 0.809017,
      "y" : -0.618034,
      "z" : 0.309017
    }, {
      "x" : 0.618034,
      "y" : -0.309017,
      "z" : 0.809017
    }, {
      "x" : 1.0,
      "y" : 0.309017,
      "z" : 0.19098301
    }, {
      "x" : 0.809017,
      "y" : 0.618034,
      "z" : 0.309017
    }, {
      "x" : 0.618034,
      "y" : 0.309017,
      "z" : 0.809017
    }, {
      "x" : 0.809017,
      "y" : 0.0,
      "z" : 0.690983
    }, {
      "x" : 0.19098301,
      "y" : -1.0,
      "z" : 0.309017
    }, {
      "x" : -0.19098301,
      "y" : -1.0,
      "z" : 0.309017
    }, {
      "x" : -0.19098301,
      "y" : -1.0,
      "z" : -0.309017
    }, {
      "x" : 0.19098301,
      "y" : -1.0,
      "z" : -0.309017
    }, {
      "x" : 1.0,
      "y" : -0.309017,
      "z" : -0.19098301
    }, {
      "x" : 0.809017,
      "y" : -0.618034,
      "z" : -0.309017
    }, {
      "x" : 0.618034,
      "y" : -0.309017,
      "z" : -0.809017
    }, {
      "x" : 0.809017,
      "y" : 0.0,
      "z" : -0.690983
    }, {
      "x" : 0.0,
      "y" : 0.690983,
      "z" : -0.809017
    }, {
      "x" : 0.309017,
      "y" : 0.809017,
      "z" : -0.618034
    }, {
      "x" : 0.618034,
      "y" : 0.309017,
      "z" : -0.809017
    }, {
      "x" : 0.309017,
      "y" : 0.19098301,
      "z" : -1.0
    }, {
      "x" : 1.0,
      "y" : 0.309017,
      "z" : -0.19098301
    }, {
      "x" : -0.309017,
      "y" : -0.809017,
      "z" : 0.618034
    }, {
      "x" : 0.0,
      "y" : -0.690983,
      "z" : 0.809017
    }, {
      "x" : 0.809017,
      "y" : 0.618034,
      "z" : -0.309017
    }, {
      "x" : 0.690983,
      "y" : 0.809017,
      "z" : 0.0
    }, {
      "x" : -0.690983,
      "y" : 0.809017,
      "z" : 0.0
    }, {
      "x" : -0.809017,
      "y" : 0.618034,
      "z" : 0.309017
    }, {
      "x" : -0.309017,
      "y" : 0.809017,
      "z" : 0.618034
    }, {
      "x" : -0.19098301,
      "y" : 1.0,
      "z" : 0.309017
    }, {
      "x" : 0.309017,
      "y" : -0.19098301,
      "z" : -1.0
    }, {
      "x" : 0.19098301,
      "y" : 1.0,
      "z" : 0.309017
    }, {
      "x" : 0.309017,
      "y" : 0.809017,
      "z" : 0.618034
    }, {
      "x" : -0.809017,
      "y" : -0.618034,
      "z" : 0.309017
    }, {
      "x" : -0.690983,
      "y" : -0.809017,
      "z" : 0.0
    }, {
      "x" : 0.0,
      "y" : 0.690983,
      "z" : 0.809017
    }, {
      "x" : 0.309017,
      "y" : -0.809017,
      "z" : -0.618034
    }, {
      "x" : 0.0,
      "y" : -0.690983,
      "z" : -0.809017
    }, {
      "x" : -1.0,
      "y" : 0.309017,
      "z" : 0.19098301
    }, {
      "x" : -0.809017,
      "y" : 0.0,
      "z" : 0.690983
    }, {
      "x" : -0.618034,
      "y" : 0.309017,
      "z" : 0.809017
    }, {
      "x" : 1.0,
      "y" : -0.309017,
      "z" : 0.19098301
    }, {
      "x" : -0.309017,
      "y" : -0.809017,
      "z" : -0.618034
    }, {
      "x" : -1.0,
      "y" : 0.309017,
      "z" : -0.19098301
    }, {
      "x" : -1.0,
      "y" : -0.309017,
      "z" : -0.19098301
    }, {
      "x" : -1.0,
      "y" : -0.309017,
      "z" : 0.19098301
    }, {
      "x" : 0.19098301,
      "y" : 1.0,
      "z" : -0.309017
    }, {
      "x" : -0.809017,
      "y" : 0.618034,
      "z" : -0.309017
    }, {
      "x" : -0.19098301,
      "y" : 1.0,
      "z" : -0.309017
    }, {
      "x" : -0.309017,
      "y" : 0.809017,
      "z" : -0.618034
    }, {
      "x" : -0.618034,
      "y" : -0.309017,
      "z" : 0.809017
    }, {
      "x" : 0.309017,
      "y" : 0.19098301,
      "z" : 1.0
    }, {
      "x" : -0.309017,
      "y" : 0.19098301,
      "z" : -1.0
    }, {
      "x" : -0.309017,
      "y" : 0.19098301,
      "z" : 1.0
    }, {
      "x" : -0.309017,
      "y" : -0.19098301,
      "z" : 1.0
    }, {
      "x" : 0.309017,
      "y" : -0.19098301,
      "z" : 1.0
    }, {
      "x" : 0.690983,
      "y" : -0.809017,
      "z" : 0.0
    }, {
      "x" : -0.809017,
      "y" : 0.0,
      "z" : -0.690983
    }, {
      "x" : -0.618034,
      "y" : -0.309017,
      "z" : -0.809017
    }, {
      "x" : -0.309017,
      "y" : -0.19098301,
      "z" : -1.0
    }, {
      "x" : -0.618034,
      "y" : 0.309017,
      "z" : -0.809017
    }, {
      "x" : -0.809017,
      "y" : -0.618034,
      "z" : -0.309017
    } ],
    "faces" : [ {
      "vertices" : [ 9, 40, 35 ]
    }, {
      "vertices" : [ 9, 35, 34 ]
    }, {
      "vertices" : [ 9, 34, 10 ]
    }, {
      "vertices" : [ 0, 1, 2 ]
    }, {
      "vertices" : [ 33, 51, 49 ]
    }, {
      "vertices" : [ 25, 36, 37 ]
    }, {
      "vertices" : [ 25, 37, 38 ]
    }, {
      "vertices" : [ 41, 55, 42 ]
    }, {
      "vertices" : [ 9, 32, 59 ]
    }, {
      "vertices" : [ 9, 59, 40 ]
    }, {
      "vertices" : [ 20, 21, 52 ]
    }, {
      "vertices" : [ 20, 52, 48 ]
    }, {
      "vertices" : [ 26, 33, 30 ]
    }, {
      "vertices" : [ 26, 30, 29 ]
    }, {
      "vertices" : [ 26, 29, 27 ]
    }, {
      "vertices" : [ 3, 4, 5 ]
    }, {
      "vertices" : [ 3, 5, 6 ]
    }, {
      "vertices" : [ 27, 29, 44 ]
    }, {
      "vertices" : [ 27, 44, 46 ]
    }, {
      "vertices" : [ 50, 57, 56 ]
    }, {
      "vertices" : [ 50, 56, 55 ]
    }, {
      "vertices" : [ 50, 55, 58 ]
    }, {
      "vertices" : [ 26, 38, 51 ]
    }, {
      "vertices" : [ 26, 51, 33 ]
    }, {
      "vertices" : [ 45, 47, 58 ]
    }, {
      "vertices" : [ 18, 28, 57 ]
    }, {
      "vertices" : [ 18, 57, 50 ]
    }, {
      "vertices" : [ 40, 59, 56 ]
    }, {
      "vertices" : [ 31, 48, 37 ]
    }, {
      "vertices" : [ 31, 37, 43 ]
    }, {
      "vertices" : [ 7, 8, 9 ]
    }, {
      "vertices" : [ 7, 9, 10 ]
    }, {
      "vertices" : [ 36, 41, 42 ]
    }, {
      "vertices" : [ 36, 42, 43 ]
    }, {
      "vertices" : [ 24, 46, 47 ]
    }, {
      "vertices" : [ 24, 47, 45 ]
    }, {
      "vertices" : [ 4, 30, 5 ]
    }, {
      "vertices" : [ 15, 47, 46 ]
    }, {
      "vertices" : [ 15, 46, 44 ]
    }, {
      "vertices" : [ 15, 44, 16 ]
    }, {
      "vertices" : [ 15, 50, 58 ]
    }, {
      "vertices" : [ 15, 58, 47 ]
    }, {
      "vertices" : [ 24, 45, 41 ]
    }, {
      "vertices" : [ 24, 41, 36 ]
    }, {
      "vertices" : [ 24, 36, 25 ]
    }, {
      "vertices" : [ 11, 14, 19 ]
    }, {
      "vertices" : [ 3, 6, 39 ]
    }, {
      "vertices" : [ 1, 39, 6 ]
    }, {
      "vertices" : [ 1, 6, 2 ]
    }, {
      "vertices" : [ 8, 32, 9 ]
    }, {
      "vertices" : [ 11, 12, 13 ]
    }, {
      "vertices" : [ 11, 13, 14 ]
    }, {
      "vertices" : [ 16, 22, 17 ]
    }, {
      "vertices" : [ 0, 21, 20 ]
    }, {
      "vertices" : [ 0, 20, 8 ]
    }, {
      "vertices" : [ 0, 8, 7 ]
    }, {
      "vertices" : [ 12, 34, 13 ]
    }, {
      "vertices" : [ 35, 40, 56 ]
    }, {
      "vertices" : [ 35, 56, 57 ]
    }, {
      "vertices" : [ 0, 7, 54 ]
    }, {
      "vertices" : [ 0, 54, 1 ]
    }, {
      "vertices" : [ 15, 16, 17 ]
    }, {
      "vertices" : [ 15, 17, 18 ]
    }, {
      "vertices" : [ 3, 19, 22 ]
    }, {
      "vertices" : [ 3, 22, 23 ]
    }, {
      "vertices" : [ 3, 23, 4 ]
    }, {
      "vertices" : [ 7, 10, 54 ]
    }, {
      "vertices" : [ 41, 45, 58 ]
    }, {
      "vertices" : [ 41, 58, 55 ]
    }, {
      "vertices" : [ 3, 39, 11 ]
    }, {
      "vertices" : [ 3, 11, 19 ]
    }, {
      "vertices" : [ 14, 17, 22 ]
    }, {
      "vertices" : [ 14, 22, 19 ]
    }, {
      "vertices" : [ 0, 2, 53 ]
    }, {
      "vertices" : [ 0, 53, 21 ]
    }, {
      "vertices" : [ 49, 51, 52 ]
    }, {
      "vertices" : [ 49, 52, 53 ]
    }, {
      "vertices" : [ 31, 43, 42 ]
    }, {
      "vertices" : [ 31, 42, 59 ]
    }, {
      "vertices" : [ 31, 59, 32 ]
    }, {
      "vertices" : [ 15, 18, 50 ]
    }, {
      "vertices" : [ 42, 55, 56 ]
    }, {
      "vertices" : [ 42, 56, 59 ]
    }, {
      "vertices" : [ 4, 23, 29 ]
    }, {
      "vertices" : [ 4, 29, 30 ]
    }, {
      "vertices" : [ 25, 38, 26 ]
    }, {
      "vertices" : [ 13, 28, 18 ]
    }, {
      "vertices" : [ 13, 18, 17 ]
    }, {
      "vertices" : [ 13, 17, 14 ]
    }, {
      "vertices" : [ 8, 20, 31 ]
    }, {
      "vertices" : [ 8, 31, 32 ]
    }, {
      "vertices" : [ 23, 44, 29 ]
    }, {
      "vertices" : [ 24, 27, 46 ]
    }, {
      "vertices" : [ 37, 48, 52 ]
    }, {
      "vertices" : [ 37, 52, 51 ]
    }, {
      "vertices" : [ 37, 51, 38 ]
    }, {
      "vertices" : [ 20, 48, 31 ]
    }, {
      "vertices" : [ 24, 25, 26 ]
    }, {
      "vertices" : [ 24, 26, 27 ]
    }, {
      "vertices" : [ 16, 44, 23 ]
    }, {
      "vertices" : [ 16, 23, 22 ]
    }, {
      "vertices" : [ 13, 34, 35 ]
    }, {
      "vertices" : [ 13, 35, 28 ]
    }, {
      "vertices" : [ 10, 34, 12 ]
    }, {
      "vertices" : [ 10, 12, 54 ]
    }, {
      "vertices" : [ 2, 6, 5 ]
    }, {
      "vertices" : [ 2, 5, 49 ]
    }, {
      "vertices" : [ 2, 49, 53 ]
    }, {
      "vertices" : [ 36, 43, 37 ]
    }, {
      "vertices" : [ 5, 30, 33 ]
    }, {
      "vertices" : [ 5, 33, 49 ]
    }, {
      "vertices" : [ 1, 54, 12 ]
    }, {
      "vertices" : [ 1, 12, 11 ]
    }, {
      "vertices" : [ 1, 11, 39 ]
    }, {
      "vertices" : [ 28, 35, 57 ]
    }, {
      "vertices" : [ 21, 53, 52 ]
    } ]
  }, {
    "id" : "0fd0df60-1165-424d-b29b-9c7ae7bd579a",
    "vertices" : [ {
      "x" : 13.371991,
      "y" : -6.9968524,
      "z" : 8.061339
    }, {
      "x" : 13.271991,
      "y" : -7.3968525,
      "z" : 7.9613395
    }, {
      "x" : 0.33621287,
      "y" : -0.5432729,
      "z" : 0.41079664
    }, {
      "x" : 0.43621287,
      "y" : -0.14327289,
      "z" : 0.51079667
    }, {
      "x" : 13.038658,
      "y" : -7.5301857,
      "z" : 8.261339
    }, {
      "x" : 13.138658,
      "y" : -7.1301856,
      "z" : 8.36134
    }, {
      "x" : 0.6695462,
      "y" : -0.009939562,
      "z" : 0.21079664
    }, {
      "x" : 0.56954616,
      "y" : -0.40993956,
      "z" : 0.11079664
    } ],
    "faces" : [ {
      "vertices" : [ 2, 3, 6 ]
    }, {
      "vertices" : [ 2, 6, 7 ]
    }, {
      "vertices" : [ 0, 5, 4 ]
    }, {
      "vertices" : [ 0, 4, 1 ]
    }, {
      "vertices" : [ 2, 4, 5 ]
    }, {
      "vertices" : [ 2, 5, 3 ]
    }, {
      "vertices" : [ 0, 6, 3 ]
    }, {
      "vertices" : [ 0, 3, 5 ]
    }, {
      "vertices" : [ 0, 1, 7 ]
    }, {
      "vertices" : [ 0, 7, 6 ]
    }, {
      "vertices" : [ 1, 4, 2 ]
    }, {
      "vertices" : [ 1, 2, 7 ]
    } ]
  }, {
    "id" : "55d6c116-60f1-4492-b7d1-04f3eb3ab233",
    "vertices" : [ {
      "x" : 22.18034,
      "y" : -12.200179,
      "z" : 13.708204
    }, {
      "x" : 22.18034,
      "y" : -10.336158,
      "z" : -14.860232
    }, {
      "x" : 24.044361,
      "y" : 7.3201075,
      "z" : -13.708204
    }, {
      "x" : 24.044361,
      "y" : 5.4560857,
      "z" : 14.860232
    } ],
    "faces" : [ {
      "vertices" : [ 0, 1, 2 ]
    }, {
      "vertices" : [ 0, 2, 3 ]
    }, {
      "vertices" : [ 0, 3, 2 ]
    }, {
      "vertices" : [ 0, 2, 1 ]
    } ]
  }, {
    "id" : "b88c25af-b4a1-42ce-a9ca-6c99c4f44efb",
    "vertices" : [ {
      "x" : -1.5980399,
      "y" : 1.6104769,
      "z" : -25.44452
    }, {
      "x" : -1.1980399,
      "y" : 1.7104769,
      "z" : -25.544521
    }, {
      "x" : 0.090014875,
      "y" : 0.25354457,
      "z" : -0.6838792
    }, {
      "x" : -0.30998513,
      "y" : 0.15354456,
      "z" : -0.58387923
    }, {
      "x" : -1.3313732,
      "y" : 2.0104768,
      "z" : -25.311188
    }, {
      "x" : -1.7313733,
      "y" : 1.9104769,
      "z" : -25.211187
    }, {
      "x" : -0.17665179,
      "y" : -0.14645544,
      "z" : -0.8172125
    }, {
      "x" : 0.22334822,
      "y" : -0.046455443,
      "z" : -0.91721255
    } ],
    "faces" : [ {
      "vertices" : [ 2, 3, 6 ]
    }, {
      "vertices" : [ 2, 6, 7 ]
    }, {
      "vertices" : [ 0, 5, 4 ]
    }, {
      "vertices" : [ 0, 4, 1 ]
    }, {
      "vertices" : [ 2, 4, 5 ]
    }, {
      "vertices" : [ 2, 5, 3 ]
    }, {
      "vertices" : [ 0, 6, 3 ]
    }, {
      "vertices" : [ 0, 3, 5 ]
    }, {
      "vertices" : [ 0, 1, 7 ]
    }, {
      "vertices" : [ 0, 7, 6 ]
    }, {
      "vertices" : [ 1, 4, 2 ]
    }, {
      "vertices" : [ 1, 2, 7 ]
    } ]
  }, {
    "id" : "b39d7d2c-fb40-4c48-a739-20c964b56751",
    "vertices" : [ {
      "x" : 11.844182,
      "y" : -25.19639,
      "z" : 7.3201075
    }, {
      "x" : 22.18034,
      "y" : -10.336158,
      "z" : -14.860232
    }, {
      "x" : 22.18034,
      "y" : -12.200179,
      "z" : 13.708204
    } ],
    "faces" : [ {
      "vertices" : [ 0, 1, 2 ]
    }, {
      "vertices" : [ 0, 2, 1 ]
    } ]
  }, {
    "id" : "7cd77f75-48c1-4b79-89fa-4c678d3966b5",
    "vertices" : [ {
      "x" : -6.887062,
      "y" : 13.29663,
      "z" : 23.664524
    }, {
      "x" : -7.287062,
      "y" : 13.1966305,
      "z" : 23.564524
    }, {
      "x" : -0.4330454,
      "y" : 0.41157374,
      "z" : 0.3798376
    }, {
      "x" : -0.033045378,
      "y" : 0.51157373,
      "z" : 0.4798376
    }, {
      "x" : -7.4203954,
      "y" : 13.49663,
      "z" : 23.33119
    }, {
      "x" : -7.0203953,
      "y" : 13.59663,
      "z" : 23.43119
    }, {
      "x" : 0.10028795,
      "y" : 0.21157375,
      "z" : 0.71317095
    }, {
      "x" : -0.29971203,
      "y" : 0.111573756,
      "z" : 0.6131709
    } ],
    "faces" : [ {
      "vertices" : [ 2, 3, 6 ]
    }, {
      "vertices" : [ 2, 6, 7 ]
    }, {
      "vertices" : [ 0, 5, 4 ]
    }, {
      "vertices" : [ 0, 4, 1 ]
    }, {
      "vertices" : [ 2, 4, 5 ]
    }, {
      "vertices" : [ 2, 5, 3 ]
    }, {
      "vertices" : [ 0, 6, 3 ]
    }, {
      "vertices" : [ 0, 3, 5 ]
    }, {
      "vertices" : [ 0, 1, 7 ]
    }, {
      "vertices" : [ 0, 7, 6 ]
    }, {
      "vertices" : [ 1, 4, 2 ]
    }, {
      "vertices" : [ 1, 2, 7 ]
    } ]
  }, {
    "id" : "2a214b94-b682-4936-8d3d-375e55fc5468",
    "vertices" : [ {
      "x" : 1.508025,
      "y" : -1.8640214,
      "z" : 26.1284
    }, {
      "x" : -8.828133,
      "y" : -14.860232,
      "z" : 19.740305
    }, {
      "x" : 11.844182,
      "y" : -25.19639,
      "z" : 7.3201075
    }, {
      "x" : 22.18034,
      "y" : -12.200179,
      "z" : 13.708204
    } ],
    "faces" : [ {
      "vertices" : [ 0, 1, 2 ]
    }, {
      "vertices" : [ 0, 2, 3 ]
    }, {
      "vertices" : [ 0, 3, 2 ]
    }, {
      "vertices" : [ 0, 2, 1 ]
    } ]
  }, {
    "id" : "d79c82ce-3490-42ac-bd17-def767bb4977",
    "vertices" : [ {
      "x" : 1.508025,
      "y" : -1.8640214,
      "z" : 26.1284
    }, {
      "x" : 22.18034,
      "y" : -12.200179,
      "z" : 13.708204
    }, {
      "x" : 24.044361,
      "y" : 5.4560857,
      "z" : 14.860232
    } ],
    "faces" : [ {
      "vertices" : [ 0, 1, 2 ]
    }, {
      "vertices" : [ 0, 2, 1 ]
    } ]
  }, {
    "id" : "96108929-ac16-4207-b824-5918e7b0169f",
    "vertices" : [ {
      "x" : -5.8120823,
      "y" : 13.708204,
      "z" : 21.604326
    }, {
      "x" : 16.724255,
      "y" : 21.02831,
      "z" : 10.336158
    }, {
      "x" : 3.01605,
      "y" : 28.568436,
      "z" : 1.8640214
    } ],
    "faces" : [ {
      "vertices" : [ 0, 1, 2 ]
    }, {
      "vertices" : [ 0, 2, 1 ]
    } ]
  }, {
    "id" : "a34af71b-5d4f-44cc-b671-c23bd83d7877",
    "vertices" : [ {
      "x" : 24.044361,
      "y" : 7.3201075,
      "z" : -13.708204
    }, {
      "x" : 22.18034,
      "y" : -10.336158,
      "z" : -14.860232
    }, {
      "x" : 7.3201075,
      "y" : -13.708204,
      "z" : -24.044361
    }, {
      "x" : 0.0,
      "y" : 1.8640214,
      "z" : -28.568436
    }, {
      "x" : 10.336158,
      "y" : 14.860232,
      "z" : -22.18034
    } ],
    "faces" : [ {
      "vertices" : [ 0, 1, 2 ]
    }, {
      "vertices" : [ 0, 2, 3 ]
    }, {
      "vertices" : [ 0, 3, 4 ]
    }, {
      "vertices" : [ 0, 4, 3 ]
    }, {
      "vertices" : [ 0, 3, 2 ]
    }, {
      "vertices" : [ 0, 2, 1 ]
    } ]
  }, {
    "id" : "17eba5cc-c84f-446c-91df-35ad55ad2473",
    "vertices" : [ {
      "x" : 24.044361,
      "y" : 7.3201075,
      "z" : -13.708204
    }, {
      "x" : 16.724255,
      "y" : 21.02831,
      "z" : 10.336158
    }, {
      "x" : 24.044361,
      "y" : 5.4560857,
      "z" : 14.860232
    } ],
    "faces" : [ {
      "vertices" : [ 0, 1, 2 ]
    }, {
      "vertices" : [ 0, 2, 1 ]
    } ]
  }, {
    "id" : "7ab33de3-5875-413c-9533-445e36461bbb",
    "vertices" : [ {
      "x" : 1.508025,
      "y" : -1.8640214,
      "z" : 26.1284
    }, {
      "x" : 24.044361,
      "y" : 5.4560857,
      "z" : 14.860232
    }, {
      "x" : 16.724255,
      "y" : 21.02831,
      "z" : 10.336158
    }, {
      "x" : -5.8120823,
      "y" : 13.708204,
      "z" : 21.604326
    } ],
    "faces" : [ {
      "vertices" : [ 0, 1, 2 ]
    }, {
      "vertices" : [ 0, 2, 3 ]
    }, {
      "vertices" : [ 0, 3, 2 ]
    }, {
      "vertices" : [ 0, 2, 1 ]
    } ]
  }, {
    "id" : "9a07a98c-da82-49bc-9abc-0d0c87a1e0ff",
    "vertices" : [ {
      "x" : -8.828133,
      "y" : -14.860232,
      "z" : 19.740305
    }, {
      "x" : -3.01605,
      "y" : -28.568436,
      "z" : -1.8640214
    }, {
      "x" : 11.844182,
      "y" : -25.19639,
      "z" : 7.3201075
    } ],
    "faces" : [ {
      "vertices" : [ 0, 1, 2 ]
    }, {
      "vertices" : [ 0, 2, 1 ]
    } ]
  }, {
    "id" : "9e635bf6-8a58-4626-96bf-ce386f0ef588",
    "vertices" : [ {
      "x" : -3.01605,
      "y" : -28.568436,
      "z" : -1.8640214
    }, {
      "x" : -16.724255,
      "y" : -21.02831,
      "z" : -10.336158
    }, {
      "x" : 7.3201075,
      "y" : -13.708204,
      "z" : -24.044361
    } ],
    "faces" : [ {
      "vertices" : [ 0, 1, 2 ]
    }, {
      "vertices" : [ 0, 2, 1 ]
    } ]
  }, {
    "id" : "b0e67a71-f33b-4a7c-ac3c-955b5ac0037c",
    "vertices" : [ {
      "x" : -22.536337,
      "y" : -7.3201075,
      "z" : 11.268168
    }, {
      "x" : -8.828133,
      "y" : -14.860232,
      "z" : 19.740305
    }, {
      "x" : 1.508025,
      "y" : -1.8640214,
      "z" : 26.1284
    }, {
      "x" : -5.8120823,
      "y" : 13.708204,
      "z" : 21.604326
    }, {
      "x" : -20.672316,
      "y" : 10.336158,
      "z" : 12.420197
    } ],
    "faces" : [ {
      "vertices" : [ 0, 1, 2 ]
    }, {
      "vertices" : [ 0, 2, 3 ]
    }, {
      "vertices" : [ 0, 3, 4 ]
    }, {
      "vertices" : [ 0, 4, 3 ]
    }, {
      "vertices" : [ 0, 3, 2 ]
    }, {
      "vertices" : [ 0, 2, 1 ]
    } ]
  }, {
    "id" : "a3073cd4-0a7a-44d5-bd6d-67bc623fceed",
    "vertices" : [ {
      "x" : -3.01605,
      "y" : -28.568436,
      "z" : -1.8640214
    }, {
      "x" : 7.3201075,
      "y" : -13.708204,
      "z" : -24.044361
    }, {
      "x" : 22.18034,
      "y" : -10.336158,
      "z" : -14.860232
    }, {
      "x" : 11.844182,
      "y" : -25.19639,
      "z" : 7.3201075
    } ],
    "faces" : [ {
      "vertices" : [ 0, 1, 2 ]
    }, {
      "vertices" : [ 0, 2, 3 ]
    }, {
      "vertices" : [ 0, 3, 2 ]
    }, {
      "vertices" : [ 0, 2, 1 ]
    } ]
  }, {
    "id" : "d4326c63-5b24-4e4d-9076-bc1f451ee5be",
    "vertices" : [ {
      "x" : -16.724255,
      "y" : -21.02831,
      "z" : -10.336158
    }, {
      "x" : -24.044361,
      "y" : -5.4560857,
      "z" : -14.860232
    }, {
      "x" : 0.0,
      "y" : 1.8640214,
      "z" : -28.568436
    }, {
      "x" : 7.3201075,
      "y" : -13.708204,
      "z" : -24.044361
    } ],
    "faces" : [ {
      "vertices" : [ 0, 1, 2 ]
    }, {
      "vertices" : [ 0, 2, 3 ]
    }, {
      "vertices" : [ 0, 3, 2 ]
    }, {
      "vertices" : [ 0, 2, 1 ]
    } ]
  }, {
    "id" : "94b54faa-9356-4eae-a22f-ec3e01da8499",
    "vertices" : [ {
      "x" : -22.536337,
      "y" : -7.3201075,
      "z" : 11.268168
    }, {
      "x" : -20.672316,
      "y" : 10.336158,
      "z" : 12.420197
    }, {
      "x" : -22.18034,
      "y" : 12.200179,
      "z" : -13.708204
    }, {
      "x" : -24.044361,
      "y" : -5.4560857,
      "z" : -14.860232
    } ],
    "faces" : [ {
      "vertices" : [ 0, 1, 2 ]
    }, {
      "vertices" : [ 0, 2, 3 ]
    }, {
      "vertices" : [ 0, 3, 2 ]
    }, {
      "vertices" : [ 0, 2, 1 ]
    } ]
  }, {
    "id" : "7ebc5444-8ef1-41a9-b038-fc0c3257a860",
    "vertices" : [ {
      "x" : -22.536337,
      "y" : -7.3201075,
      "z" : 11.268168
    }, {
      "x" : -16.724255,
      "y" : -21.02831,
      "z" : -10.336158
    }, {
      "x" : -3.01605,
      "y" : -28.568436,
      "z" : -1.8640214
    }, {
      "x" : -8.828133,
      "y" : -14.860232,
      "z" : 19.740305
    } ],
    "faces" : [ {
      "vertices" : [ 0, 1, 2 ]
    }, {
      "vertices" : [ 0, 2, 3 ]
    }, {
      "vertices" : [ 0, 3, 2 ]
    }, {
      "vertices" : [ 0, 2, 1 ]
    } ]
  }, {
    "id" : "5c898dff-c9c3-4272-8c8b-b5fb0aac9549",
    "vertices" : [ {
      "x" : 0.0,
      "y" : 1.8640214,
      "z" : -28.568436
    }, {
      "x" : -22.18034,
      "y" : 12.200179,
      "z" : -13.708204
    }, {
      "x" : -11.844182,
      "y" : 25.19639,
      "z" : -7.3201075
    }, {
      "x" : 10.336158,
      "y" : 14.860232,
      "z" : -22.18034
    } ],
    "faces" : [ {
      "vertices" : [ 0, 1, 2 ]
    }, {
      "vertices" : [ 0, 2, 3 ]
    }, {
      "vertices" : [ 0, 3, 2 ]
    }, {
      "vertices" : [ 0, 2, 1 ]
    } ]
  }, {
    "id" : "016cbda3-25ae-4490-bb36-87457cf7ca0f",
    "vertices" : [ {
      "x" : -20.672316,
      "y" : 10.336158,
      "z" : 12.420197
    }, {
      "x" : -11.844182,
      "y" : 25.19639,
      "z" : -7.3201075
    }, {
      "x" : -22.18034,
      "y" : 12.200179,
      "z" : -13.708204
    } ],
    "faces" : [ {
      "vertices" : [ 0, 1, 2 ]
    }, {
      "vertices" : [ 0, 2, 1 ]
    } ]
  }, {
    "id" : "6b4b03aa-5503-4f94-8efa-68868daa81dc",
    "vertices" : [ {
      "x" : 10.336158,
      "y" : 14.860232,
      "z" : -22.18034
    }, {
      "x" : -11.844182,
      "y" : 25.19639,
      "z" : -7.3201075
    }, {
      "x" : 3.01605,
      "y" : 28.568436,
      "z" : 1.8640214
    } ],
    "faces" : [ {
      "vertices" : [ 0, 1, 2 ]
    }, {
      "vertices" : [ 0, 2, 1 ]
    } ]
  }, {
    "id" : "26a943c4-bde4-4d53-bdb4-cf190da72ff3",
    "vertices" : [ {
      "x" : -22.536337,
      "y" : -7.3201075,
      "z" : 11.268168
    }, {
      "x" : -24.044361,
      "y" : -5.4560857,
      "z" : -14.860232
    }, {
      "x" : -16.724255,
      "y" : -21.02831,
      "z" : -10.336158
    } ],
    "faces" : [ {
      "vertices" : [ 0, 1, 2 ]
    }, {
      "vertices" : [ 0, 2, 1 ]
    } ]
  }, {
    "id" : "60a0371b-8212-4b4c-bc90-52a8901139c8",
    "vertices" : [ {
      "x" : -24.044361,
      "y" : -5.4560857,
      "z" : -14.860232
    }, {
      "x" : -22.18034,
      "y" : 12.200179,
      "z" : -13.708204
    }, {
      "x" : 0.0,
      "y" : 1.8640214,
      "z" : -28.568436
    } ],
    "faces" : [ {
      "vertices" : [ 0, 1, 2 ]
    }, {
      "vertices" : [ 0, 2, 1 ]
    } ]
  }, {
    "id" : "aa893801-0f4a-49a3-9454-ee4aca016e6d",
    "vertices" : [ {
      "x" : -20.672316,
      "y" : 10.336158,
      "z" : 12.420197
    }, {
      "x" : -5.8120823,
      "y" : 13.708204,
      "z" : 21.604326
    }, {
      "x" : 3.01605,
      "y" : 28.568436,
      "z" : 1.8640214
    }, {
      "x" : -11.844182,
      "y" : 25.19639,
      "z" : -7.3201075
    } ],
    "faces" : [ {
      "vertices" : [ 0, 1, 2 ]
    }, {
      "vertices" : [ 0, 2, 3 ]
    }, {
      "vertices" : [ 0, 3, 2 ]
    }, {
      "vertices" : [ 0, 2, 1 ]
    } ]
  }, {
    "id" : "6c35a93b-5c4a-4d83-87e9-8e52f5e6cc0b",
    "vertices" : [ {
      "x" : 10.336158,
      "y" : 14.860232,
      "z" : -22.18034
    }, {
      "x" : 3.01605,
      "y" : 28.568436,
      "z" : 1.8640214
    }, {
      "x" : 16.724255,
      "y" : 21.02831,
      "z" : 10.336158
    }, {
      "x" : 24.044361,
      "y" : 7.3201075,
      "z" : -13.708204
    } ],
    "faces" : [ {
      "vertices" : [ 0, 1, 2 ]
    }, {
      "vertices" : [ 0, 2, 3 ]
    }, {
      "vertices" : [ 0, 3, 2 ]
    }, {
      "vertices" : [ 0, 2, 1 ]
    } ]
  } ],
  "instances" : [ {
    "shape" : "df875550-f90b-4c71-abb4-1c09b5044d6d",
    "color" : "#000000",
    "position" : {
      "x" : -11.844182,
      "y" : 25.19639,
      "z" : -7.3201075
    }
  }, {
    "shape" : "0fd0df60-1165-424d-b29b-9c7ae7bd579a",
    "color" : "#000000",
    "position" : {
      "x" : 7.3201075,
      "y" : -13.708204,
      "z" : -24.044361
    },
    "orientation" : 59
  }, {
    "shape" : "55d6c116-60f1-4492-b7d1-04f3eb3ab233",
    "color" : "#FFFFFF",
    "position" : {
      "x" : 0.0,
      "y" : 0.0,
      "z" : 0.0
    }
  }, {
    "shape" : "b88c25af-b4a1-42ce-a9ca-6c99c4f44efb",
    "color" : "#000000",
    "position" : {
      "x" : -5.8120823,
      "y" : 13.708204,
      "z" : 21.604326
    },
    "orientation" : 24
  }, {
    "shape" : "b39d7d2c-fb40-4c48-a739-20c964b56751",
    "color" : "#FFFFFF",
    "position" : {
      "x" : 0.0,
      "y" : 0.0,
      "z" : 0.0
    }
  }, {
    "shape" : "0fd0df60-1165-424d-b29b-9c7ae7bd579a",
    "color" : "#000000",
    "position" : {
      "x" : -20.672316,
      "y" : 10.336158,
      "z" : 12.420197
    },
    "orientation" : 24
  }, {
    "shape" : "7cd77f75-48c1-4b79-89fa-4c678d3966b5",
    "color" : "#000000",
    "position" : {
      "x" : 7.3201075,
      "y" : -13.708204,
      "z" : -24.044361
    },
    "orientation" : 22
  }, {
    "shape" : "0fd0df60-1165-424d-b29b-9c7ae7bd579a",
    "color" : "#000000",
    "position" : {
      "x" : -22.18034,
      "y" : 12.200179,
      "z" : -13.708204
    },
    "orientation" : 49
  }, {
    "shape" : "df875550-f90b-4c71-abb4-1c09b5044d6d",
    "color" : "#000000",
    "position" : {
      "x" : -24.044361,
      "y" : -5.4560857,
      "z" : -14.860232
    }
  }, {
    "shape" : "0fd0df60-1165-424d-b29b-9c7ae7bd579a",
    "color" : "#000000",
    "position" : {
      "x" : 24.044361,
      "y" : 7.3201075,
      "z" : -13.708204
    },
    "orientation" : 24
  }, {
    "shape" : "7cd77f75-48c1-4b79-89fa-4c678d3966b5",
    "color" : "#000000",
    "position" : {
      "x" : 22.18034,
      "y" : -12.200179,
      "z" : 13.708204
    },
    "orientation" : 9
  }, {
    "shape" : "2a214b94-b682-4936-8d3d-375e55fc5468",
    "color" : "#FFFFFF",
    "position" : {
      "x" : 0.0,
      "y" : 0.0,
      "z" : 0.0
    }
  }, {
    "shape" : "0fd0df60-1165-424d-b29b-9c7ae7bd579a",
    "color" : "#000000",
    "position" : {
      "x" : 3.01605,
      "y" : 28.568436,
      "z" : 1.8640214
    },
    "orientation" : 0
  }, {
    "shape" : "d79c82ce-3490-42ac-bd17-def767bb4977",
    "color" : "#FFFFFF",
    "position" : {
      "x" : 0.0,
      "y" : 0.0,
      "z" : 0.0
    }
  }, {
    "shape" : "96108929-ac16-4207-b824-5918e7b0169f",
    "color" : "#FFFFFF",
    "position" : {
      "x" : 0.0,
      "y" : 0.0,
      "z" : 0.0
    }
  }, {
    "shape" : "0fd0df60-1165-424d-b29b-9c7ae7bd579a",
    "color" : "#000000",
    "position" : {
      "x" : 10.336158,
      "y" : 14.860232,
      "z" : -22.18034
    },
    "orientation" : 0
  }, {
    "shape" : "df875550-f90b-4c71-abb4-1c09b5044d6d",
    "color" : "#000000",
    "position" : {
      "x" : -16.724255,
      "y" : -21.02831,
      "z" : -10.336158
    }
  }, {
    "shape" : "df875550-f90b-4c71-abb4-1c09b5044d6d",
    "color" : "#000000",
    "position" : {
      "x" : -22.536337,
      "y" : -7.3201075,
      "z" : 11.268168
    }
  }, {
    "shape" : "7cd77f75-48c1-4b79-89fa-4c678d3966b5",
    "color" : "#000000",
    "position" : {
      "x" : 3.01605,
      "y" : 28.568436,
      "z" : 1.8640214
    },
    "orientation" : 58
  }, {
    "shape" : "0fd0df60-1165-424d-b29b-9c7ae7bd579a",
    "color" : "#000000",
    "position" : {
      "x" : 22.18034,
      "y" : -10.336158,
      "z" : -14.860232
    },
    "orientation" : 22
  }, {
    "shape" : "b88c25af-b4a1-42ce-a9ca-6c99c4f44efb",
    "color" : "#000000",
    "position" : {
      "x" : -20.672316,
      "y" : 10.336158,
      "z" : 12.420197
    },
    "orientation" : 24
  }, {
    "shape" : "a34af71b-5d4f-44cc-b671-c23bd83d7877",
    "color" : "#D77F7F",
    "position" : {
      "x" : 0.0,
      "y" : 0.0,
      "z" : 0.0
    }
  }, {
    "shape" : "df875550-f90b-4c71-abb4-1c09b5044d6d",
    "color" : "#000000",
    "position" : {
      "x" : 1.508025,
      "y" : -1.8640214,
      "z" : 26.1284
    }
  }, {
    "shape" : "17eba5cc-c84f-446c-91df-35ad55ad2473",
    "color" : "#FFFFFF",
    "position" : {
      "x" : 0.0,
      "y" : 0.0,
      "z" : 0.0
    }
  }, {
    "shape" : "7ab33de3-5875-413c-9533-445e36461bbb",
    "color" : "#FFFFFF",
    "position" : {
      "x" : 0.0,
      "y" : 0.0,
      "z" : 0.0
    }
  }, {
    "shape" : "9a07a98c-da82-49bc-9abc-0d0c87a1e0ff",
    "color" : "#FFFFFF",
    "position" : {
      "x" : 0.0,
      "y" : 0.0,
      "z" : 0.0
    }
  }, {
    "shape" : "b88c25af-b4a1-42ce-a9ca-6c99c4f44efb",
    "color" : "#000000",
    "position" : {
      "x" : -8.828133,
      "y" : -14.860232,
      "z" : 19.740305
    },
    "orientation" : 59
  }, {
    "shape" : "0fd0df60-1165-424d-b29b-9c7ae7bd579a",
    "color" : "#000000",
    "position" : {
      "x" : 24.044361,
      "y" : 5.4560857,
      "z" : 14.860232
    },
    "orientation" : 24
  }, {
    "shape" : "7cd77f75-48c1-4b79-89fa-4c678d3966b5",
    "color" : "#000000",
    "position" : {
      "x" : 22.18034,
      "y" : -10.336158,
      "z" : -14.860232
    },
    "orientation" : 22
  }, {
    "shape" : "0fd0df60-1165-424d-b29b-9c7ae7bd579a",
    "color" : "#000000",
    "position" : {
      "x" : 1.508025,
      "y" : -1.8640214,
      "z" : 26.1284
    },
    "orientation" : 59
  }, {
    "shape" : "df875550-f90b-4c71-abb4-1c09b5044d6d",
    "color" : "#000000",
    "position" : {
      "x" : -20.672316,
      "y" : 10.336158,
      "z" : 12.420197
    }
  }, {
    "shape" : "b88c25af-b4a1-42ce-a9ca-6c99c4f44efb",
    "color" : "#000000",
    "position" : {
      "x" : 1.508025,
      "y" : -1.8640214,
      "z" : 26.1284
    },
    "orientation" : 22
  }, {
    "shape" : "b88c25af-b4a1-42ce-a9ca-6c99c4f44efb",
    "color" : "#000000",
    "position" : {
      "x" : -22.536337,
      "y" : -7.3201075,
      "z" : 11.268168
    },
    "orientation" : 49
  }, {
    "shape" : "0fd0df60-1165-424d-b29b-9c7ae7bd579a",
