{
  "polygons" : "true",
  "field" : "golden",
  "symmetry" : "icosahedral",
  "orientations" : [ [ 1.0, 0.0, 0.0, 0.0, 0.0, 1.0, 0.0, 0.0, 0.0, 0.0, 1.0, 0.0, 0.0, 0.0, 0.0, 1.0 ], [ 0.0, 0.0, 1.0, 0.0, 1.0, 0.0, 0.0, 0.0, 0.0, 1.0, 0.0, 0.0, 0.0, 0.0, 0.0, 1.0 ], [ 0.0, 1.0, 0.0, 0.0, 0.0, 0.0, 1.0, 0.0, 1.0, 0.0, 0.0, 0.0, 0.0, 0.0, 0.0, 1.0 ], [ 0.809017, 0.309017, 0.5, 0.0, 0.309017, 0.5, -0.809017, 0.0, -0.5, 0.809017, 0.309017, 0.0, 0.0, 0.0, 0.0, 1.0 ], [ -0.5, 0.809017, 0.309017, 0.0, 0.809017, 0.309017, 0.5, 0.0, 0.309017, 0.5, -0.809017, 0.0, 0.0, 0.0, 0.0, 1.0 ], [ 0.309017, 0.5, -0.809017, 0.0, -0.5, 0.809017, 0.309017, 0.0, 0.809017, 0.309017, 0.5, 0.0, 0.0, 0.0, 0.0, 1.0 ], [ 0.5, 0.809017, 0.309017, 0.0, 0.809017, -0.309017, -0.5, 0.0, -0.309017, 0.5, -0.809017, 0.0, 0.0, 0.0, 0.0, 1.0 ], [ -0.309017, 0.5, -0.809017, 0.0, 0.5, 0.809017, 0.309017, 0.0, 0.809017, -0.309017, -0.5, 0.0, 0.0, 0.0, 0.0, 1.0 ], [ 0.809017, -0.309017, -0.5, 0.0, -0.309017, 0.5, -0.809017, 0.0, 0.5, 0.809017, 0.309017, 0.0, 0.0, 0.0, 0.0, 1.0 ], [ 0.5, 0.809017, -0.309017, 0.0, 0.809017, -0.309017, 0.5, 0.0, 0.309017, -0.5, -0.809017, 0.0, 0.0, 0.0, 0.0, 1.0 ], [ 0.309017, -0.5, -0.809017, 0.0, 0.5, 0.809017, -0.309017, 0.0, 0.809017, -0.309017, 0.5, 0.0, 0.0, 0.0, 0.0, 1.0 ], [ 0.809017, -0.309017, 0.5, 0.0, 0.309017, -0.5, -0.809017, 0.0, 0.5, 0.809017, -0.309017, 0.0, 0.0, 0.0, 0.0, 1.0 ], [ 0.809017, 0.309017, -0.5, 0.0, 0.309017, 0.5, 0.809017, 0.0, 0.5, -0.809017, 0.309017, 0.0, 0.0, 0.0, 0.0, 1.0 ], [ 0.5, -0.809017, 0.309017, 0.0, 0.809017, 0.309017, -0.5, 0.0, 0.309017, 0.5, 0.809017, 0.0, 0.0, 0.0, 0.0, 1.0 ], [ 0.309017, 0.5, 0.809017, 0.0, 0.5, -0.809017, 0.309017, 0.0, 0.809017, 0.309017, -0.5, 0.0, 0.0, 0.0, 0.0, 1.0 ], [ 1.0, 0.0, 0.0, 0.0, 0.0, -1.0, 0.0, 0.0, 0.0, 0.0, -1.0, 0.0, 0.0, 0.0, 0.0, 1.0 ], [ 0.0, 0.0, 1.0, 0.0, -1.0, 0.0, 0.0, 0.0, 0.0, -1.0, 0.0, 0.0, 0.0, 0.0, 0.0, 1.0 ], [ 0.0, 1.0, 0.0, 0.0, 0.0, 0.0, -1.0, 0.0, -1.0, 0.0, 0.0, 0.0, 0.0, 0.0, 0.0, 1.0 ], [ 0.809017, 0.309017, 0.5, 0.0, -0.309017, -0.5, 0.809017, 0.0, 0.5, -0.809017, -0.309017, 0.0, 0.0, 0.0, 0.0, 1.0 ], [ -0.5, 0.809017, 0.309017, 0.0, -0.809017, -0.309017, -0.5, 0.0, -0.309017, -0.5, 0.809017, 0.0, 0.0, 0.0, 0.0, 1.0 ], [ 0.309017, 0.5, -0.809017, 0.0, 0.5, -0.809017, -0.309017, 0.0, -0.809017, -0.309017, -0.5, 0.0, 0.0, 0.0, 0.0, 1.0 ], [ 0.5, 0.809017, 0.309017, 0.0, -0.809017, 0.309017, 0.5, 0.0, 0.309017, -0.5, 0.809017, 0.0, 0.0, 0.0, 0.0, 1.0 ], [ -0.309017, 0.5, -0.809017, 0.0, -0.5, -0.809017, -0.309017, 0.0, -0.809017, 0.309017, 0.5, 0.0, 0.0, 0.0, 0.0, 1.0 ], [ 0.809017, -0.309017, -0.5, 0.0, 0.309017, -0.5, 0.809017, 0.0, -0.5, -0.809017, -0.309017, 0.0, 0.0, 0.0, 0.0, 1.0 ], [ 0.5, 0.809017, -0.309017, 0.0, -0.809017, 0.309017, -0.5, 0.0, -0.309017, 0.5, 0.809017, 0.0, 0.0, 0.0, 0.0, 1.0 ], [ 0.309017, -0.5, -0.809017, 0.0, -0.5, -0.809017, 0.309017, 0.0, -0.809017, 0.309017, -0.5, 0.0, 0.0, 0.0, 0.0, 1.0 ], [ 0.809017, -0.309017, 0.5, 0.0, -0.309017, 0.5, 0.809017, 0.0, -0.5, -0.809017, 0.309017, 0.0, 0.0, 0.0, 0.0, 1.0 ], [ 0.809017, 0.309017, -0.5, 0.0, -0.309017, -0.5, -0.809017, 0.0, -0.5, 0.809017, -0.309017, 0.0, 0.0, 0.0, 0.0, 1.0 ], [ 0.5, -0.809017, 0.309017, 0.0, -0.809017, -0.309017, 0.5, 0.0, -0.309017, -0.5, -0.809017, 0.0, 0.0, 0.0, 0.0, 1.0 ], [ 0.309017, 0.5, 0.809017, 0.0, -0.5, 0.809017, -0.309017, 0.0, -0.809017, -0.309017, 0.5, 0.0, 0.0, 0.0, 0.0, 1.0 ], [ -1.0, 0.0, 0.0, 0.0, 0.0, -1.0, 0.0, 0.0, 0.0, 0.0, 1.0, 0.0, 0.0, 0.0, 0.0, 1.0 ], [ 0.0, 0.0, -1.0, 0.0, -1.0, 0.0, 0.0, 0.0, 0.0, 1.0, 0.0, 0.0, 0.0, 0.0, 0.0, 1.0 ], [ 0.0, -1.0, 0.0, 0.0, 0.0, 0.0, -1.0, 0.0, 1.0, 0.0, 0.0, 0.0, 0.0, 0.0, 0.0, 1.0 ], [ -0.809017, -0.309017, -0.5, 0.0, -0.309017, -0.5, 0.809017, 0.0, -0.5, 0.809017, 0.309017, 0.0, 0.0, 0.0, 0.0, 1.0 ], [ 0.5, -0.809017, -0.309017, 0.0, -0.809017, -0.309017, -0.5, 0.0, 0.309017, 0.5, -0.809017, 0.0, 0.0, 0.0, 0.0, 1.0 ], [ -0.309017, -0.5, 0.809017, 0.0, 0.5, -0.809017, -0.309017, 0.0, 0.809017, 0.309017, 0.5, 0.0, 0.0, 0.0, 0.0, 1.0 ], [ -0.5, -0.809017, -0.309017, 0.0, -0.809017, 0.309017, 0.5, 0.0, -0.309017, 0.5, -0.809017, 0.0, 0.0, 0.0, 0.0, 1.0 ], [ 0.309017, -0.5, 0.809017, 0.0, -0.5, -0.809017, -0.309017, 0.0, 0.809017, -0.309017, -0.5, 0.0, 0.0, 0.0, 0.0, 1.0 ], [ -0.809017, 0.309017, 0.5, 0.0, 0.309017, -0.5, 0.809017, 0.0, 0.5, 0.809017, 0.309017, 0.0, 0.0, 0.0, 0.0, 1.0 ], [ -0.5, -0.809017, 0.309017, 0.0, -0.809017, 0.309017, -0.5, 0.0, 0.309017, -0.5, -0.809017, 0.0, 0.0, 0.0, 0.0, 1.0 ], [ -0.309017, 0.5, 0.809017, 0.0, -0.5, -0.809017, 0.309017, 0.0, 0.809017, -0.309017, 0.5, 0.0, 0.0, 0.0, 0.0, 1.0 ], [ -0.809017, 0.309017, -0.5, 0.0, -0.309017, 0.5, 0.809017, 0.0, 0.5, 0.809017, -0.309017, 0.0, 0.0, 0.0, 0.0, 1.0 ], [ -0.809017, -0.309017, 0.5, 0.0, -0.309017, -0.5, -0.809017, 0.0, 0.5, -0.809017, 0.309017, 0.0, 0.0, 0.0, 0.0, 1.0 ], [ -0.5, 0.809017, -0.309017, 0.0, -0.809017, -0.309017, 0.5, 0.0, 0.309017, 0.5, 0.809017, 0.0, 0.0, 0.0, 0.0, 1.0 ], [ -0.309017, -0.5, -0.809017, 0.0, -0.5, 0.809017, -0.309017, 0.0, 0.809017, 0.309017, -0.5, 0.0, 0.0, 0.0, 0.0, 1.0 ], [ -1.0, 0.0, 0.0, 0.0, 0.0, 1.0, 0.0, 0.0, 0.0, 0.0, -1.0, 0.0, 0.0, 0.0, 0.0, 1.0 ], [ 0.0, 0.0, -1.0, 0.0, 1.0, 0.0, 0.0, 0.0, 0.0, -1.0, 0.0, 0.0, 0.0, 0.0, 0.0, 1.0 ], [ 0.0, -1.0, 0.0, 0.0, 0.0, 0.0, 1.0, 0.0, -1.0, 0.0, 0.0, 0.0, 0.0, 0.0, 0.0, 1.0 ], [ -0.809017, -0.309017, -0.5, 0.0, 0.309017, 0.5, -0.809017, 0.0, 0.5, -0.809017, -0.309017, 0.0, 0.0, 0.0, 0.0, 1.0 ], [ 0.5, -0.809017, -0.309017, 0.0, 0.809017, 0.309017, 0.5, 0.0, -0.309017, -0.5, 0.809017, 0.0, 0.0, 0.0, 0.0, 1.0 ], [ -0.309017, -0.5, 0.809017, 0.0, -0.5, 0.809017, 0.309017, 0.0, -0.809017, -0.309017, -0.5, 0.0, 0.0, 0.0, 0.0, 1.0 ], [ -0.5, -0.809017, -0.309017, 0.0, 0.809017, -0.309017, -0.5, 0.0, 0.309017, -0.5, 0.809017, 0.0, 0.0, 0.0, 0.0, 1.0 ], [ 0.309017, -0.5, 0.809017, 0.0, 0.5, 0.809017, 0.309017, 0.0, -0.809017, 0.309017, 0.5, 0.0, 0.0, 0.0, 0.0, 1.0 ], [ -0.809017, 0.309017, 0.5, 0.0, -0.309017, 0.5, -0.809017, 0.0, -0.5, -0.809017, -0.309017, 0.0, 0.0, 0.0, 0.0, 1.0 ], [ -0.5, -0.809017, 0.309017, 0.0, 0.809017, -0.309017, 0.5, 0.0, -0.309017, 0.5, 0.809017, 0.0, 0.0, 0.0, 0.0, 1.0 ], [ -0.309017, 0.5, 0.809017, 0.0, 0.5, 0.809017, -0.309017, 0.0, -0.809017, 0.309017, -0.5, 0.0, 0.0, 0.0, 0.0, 1.0 ], [ -0.809017, 0.309017, -0.5, 0.0, 0.309017, -0.5, -0.809017, 0.0, -0.5, -0.809017, 0.309017, 0.0, 0.0, 0.0, 0.0, 1.0 ], [ -0.809017, -0.309017, 0.5, 0.0, 0.309017, 0.5, 0.809017, 0.0, -0.5, 0.809017, -0.309017, 0.0, 0.0, 0.0, 0.0, 1.0 ], [ -0.5, 0.809017, -0.309017, 0.0, 0.809017, 0.309017, -0.5, 0.0, -0.309017, -0.5, -0.809017, 0.0, 0.0, 0.0, 0.0, 1.0 ], [ -0.309017, -0.5, -0.809017, 0.0, 0.5, -0.809017, 0.309017, 0.0, -0.809017, -0.309017, 0.5, 0.0, 0.0, 0.0, 0.0, 1.0 ] ],
  "lights" : {
    "backgroundColor" : "#AFC8DC",
    "ambientColor" : "#292929",
    "directionalLights" : [ {
      "direction" : [ 1.0, -1.0, -1.0 ],
      "color" : "#EBEBE4"
    }, {
      "direction" : [ -1.0, 0.0, 0.0 ],
      "color" : "#E4E4EB"
    }, {
      "direction" : [ 0.0, 0.0, -1.0 ],
      "color" : "#1E1E1E"
    } ]
  },
  "camera" : {
    "position" : {
      "x" : -29.65863,
      "y" : 57.837727,
      "z" : 87.16446
    },
    "width" : 48.92907,
    "stereo" : false,
    "perspective" : true,
    "fieldOfView" : 0.44262886,
    "viewDistance" : 108.73127,
    "lookDirectionRV" : {
      "x" : 0.27277002,
      "y" : -0.5319328,
      "z" : -0.80165035,
      "zero" : false
    },
    "lookAtPointRV" : {
      "x" : 0.0,
      "y" : 0.0,
      "z" : 0.0,
      "zero" : true
    },
    "upDirectionRV" : {
      "x" : 0.85895866,
      "y" : 0.5099645,
      "z" : -0.04611475,
      "zero" : false
    },
    "nearClipDistance" : 0.27182817,
    "lookAtPoint" : {
      "x" : 0.0,
      "y" : 0.0,
      "z" : 0.0
    },
    "lookDirection" : {
      "x" : 0.27277002,
      "y" : -0.5319328,
      "z" : -0.80165035
    },
    "farClipDistance" : 217.46254,
    "upDirection" : {
      "x" : 0.85895866,
      "y" : 0.5099645,
      "z" : -0.04611475
    }
  },
  "embedding" : [ 1.0, 0.0, 0.0, 0.0, 0.0, 1.0, 0.0, 0.0, 0.0, 0.0, 1.0, 0.0, 0.0, 0.0, 0.0, 1.0 ],
  "shapes" : [ {
    "id" : "afdfb320-fbb9-47cf-8df4-2e523d7d87ed",
    "name" : "ball",
    "vertices" : [ {
      "x" : 0.309017,
      "y" : -0.809017,
      "z" : 0.618034
    }, {
      "x" : 0.809017,
      "y" : -0.618034,
      "z" : 0.309017
    }, {
      "x" : 0.618034,
      "y" : -0.309017,
      "z" : 0.809017
    }, {
      "x" : 1.0,
      "y" : 0.309017,
      "z" : 0.19098301
    }, {
      "x" : 0.809017,
      "y" : 0.618034,
      "z" : 0.309017
    }, {
      "x" : 0.618034,
      "y" : 0.309017,
      "z" : 0.809017
    }, {
      "x" : 0.809017,
      "y" : 0.0,
      "z" : 0.690983
    }, {
      "x" : 0.19098301,
      "y" : -1.0,
      "z" : 0.309017
    }, {
      "x" : -0.19098301,
      "y" : -1.0,
      "z" : 0.309017
    }, {
      "x" : -0.19098301,
      "y" : -1.0,
      "z" : -0.309017
    }, {
      "x" : 0.19098301,
      "y" : -1.0,
      "z" : -0.309017
    }, {
      "x" : 1.0,
      "y" : -0.309017,
      "z" : -0.19098301
    }, {
      "x" : 0.809017,
      "y" : -0.618034,
      "z" : -0.309017
    }, {
      "x" : 0.618034,
      "y" : -0.309017,
      "z" : -0.809017
    }, {
      "x" : 0.809017,
      "y" : 0.0,
      "z" : -0.690983
    }, {
      "x" : 0.0,
      "y" : 0.690983,
      "z" : -0.809017
    }, {
      "x" : 0.309017,
      "y" : 0.809017,
      "z" : -0.618034
    }, {
      "x" : 0.618034,
      "y" : 0.309017,
      "z" : -0.809017
    }, {
      "x" : 0.309017,
      "y" : 0.19098301,
      "z" : -1.0
    }, {
      "x" : 1.0,
      "y" : 0.309017,
      "z" : -0.19098301
    }, {
      "x" : -0.309017,
      "y" : -0.809017,
      "z" : 0.618034
    }, {
      "x" : 0.0,
      "y" : -0.690983,
      "z" : 0.809017
    }, {
      "x" : 0.809017,
      "y" : 0.618034,
      "z" : -0.309017
    }, {
      "x" : 0.690983,
      "y" : 0.809017,
      "z" : 0.0
    }, {
      "x" : -0.690983,
      "y" : 0.809017,
      "z" : 0.0
    }, {
      "x" : -0.809017,
      "y" : 0.618034,
      "z" : 0.309017
    }, {
      "x" : -0.309017,
      "y" : 0.809017,
      "z" : 0.618034
    }, {
      "x" : -0.19098301,
      "y" : 1.0,
      "z" : 0.309017
    }, {
      "x" : 0.309017,
      "y" : -0.19098301,
      "z" : -1.0
    }, {
      "x" : 0.19098301,
      "y" : 1.0,
      "z" : 0.309017
    }, {
      "x" : 0.309017,
      "y" : 0.809017,
      "z" : 0.618034
    }, {
      "x" : -0.809017,
      "y" : -0.618034,
      "z" : 0.309017
    }, {
      "x" : -0.690983,
      "y" : -0.809017,
      "z" : 0.0
    }, {
      "x" : 0.0,
      "y" : 0.690983,
      "z" : 0.809017
    }, {
      "x" : 0.309017,
      "y" : -0.809017,
      "z" : -0.618034
    }, {
      "x" : 0.0,
      "y" : -0.690983,
      "z" : -0.809017
    }, {
      "x" : -1.0,
      "y" : 0.309017,
      "z" : 0.19098301
    }, {
      "x" : -0.809017,
      "y" : 0.0,
      "z" : 0.690983
    }, {
      "x" : -0.618034,
      "y" : 0.309017,
      "z" : 0.809017
    }, {
      "x" : 1.0,
      "y" : -0.309017,
      "z" : 0.19098301
    }, {
      "x" : -0.309017,
      "y" : -0.809017,
      "z" : -0.618034
    }, {
      "x" : -1.0,
      "y" : 0.309017,
      "z" : -0.19098301
    }, {
      "x" : -1.0,
      "y" : -0.309017,
      "z" : -0.19098301
    }, {
      "x" : -1.0,
      "y" : -0.309017,
      "z" : 0.19098301
    }, {
      "x" : 0.19098301,
      "y" : 1.0,
      "z" : -0.309017
    }, {
      "x" : -0.809017,
      "y" : 0.618034,
      "z" : -0.309017
    }, {
      "x" : -0.19098301,
      "y" : 1.0,
      "z" : -0.309017
    }, {
      "x" : -0.309017,
      "y" : 0.809017,
      "z" : -0.618034
    }, {
      "x" : -0.618034,
      "y" : -0.309017,
      "z" : 0.809017
    }, {
      "x" : 0.309017,
      "y" : 0.19098301,
      "z" : 1.0
    }, {
      "x" : -0.309017,
      "y" : 0.19098301,
      "z" : -1.0
    }, {
      "x" : -0.309017,
      "y" : 0.19098301,
      "z" : 1.0
    }, {
      "x" : -0.309017,
      "y" : -0.19098301,
      "z" : 1.0
    }, {
      "x" : 0.309017,
      "y" : -0.19098301,
      "z" : 1.0
    }, {
      "x" : 0.690983,
      "y" : -0.809017,
      "z" : 0.0
    }, {
      "x" : -0.809017,
      "y" : 0.0,
      "z" : -0.690983
    }, {
      "x" : -0.618034,
      "y" : -0.309017,
      "z" : -0.809017
    }, {
      "x" : -0.309017,
      "y" : -0.19098301,
      "z" : -1.0
    }, {
      "x" : -0.618034,
      "y" : 0.309017,
      "z" : -0.809017
    }, {
      "x" : -0.809017,
      "y" : -0.618034,
      "z" : -0.309017
    } ],
    "faces" : [ {
      "vertices" : [ 9, 40, 35, 34, 10 ]
    }, {
      "vertices" : [ 0, 1, 2 ]
    }, {
      "vertices" : [ 33, 51, 49 ]
    }, {
      "vertices" : [ 25, 36, 37, 38 ]
    }, {
      "vertices" : [ 41, 55, 42 ]
    }, {
      "vertices" : [ 9, 32, 59, 40 ]
    }, {
      "vertices" : [ 20, 21, 52, 48 ]
    }, {
      "vertices" : [ 26, 33, 30, 29, 27 ]
    }, {
      "vertices" : [ 3, 4, 5, 6 ]
    }, {
      "vertices" : [ 27, 29, 44, 46 ]
    }, {
      "vertices" : [ 50, 57, 56, 55, 58 ]
    }, {
      "vertices" : [ 26, 38, 51, 33 ]
    }, {
      "vertices" : [ 45, 47, 58 ]
    }, {
      "vertices" : [ 18, 28, 57, 50 ]
    }, {
      "vertices" : [ 40, 59, 56 ]
    }, {
      "vertices" : [ 31, 48, 37, 43 ]
    }, {
      "vertices" : [ 7, 8, 9, 10 ]
    }, {
      "vertices" : [ 36, 41, 42, 43 ]
    }, {
      "vertices" : [ 24, 46, 47, 45 ]
    }, {
      "vertices" : [ 4, 30, 5 ]
    }, {
      "vertices" : [ 15, 47, 46, 44, 16 ]
    }, {
      "vertices" : [ 15, 50, 58, 47 ]
    }, {
      "vertices" : [ 24, 45, 41, 36, 25 ]
    }, {
      "vertices" : [ 11, 14, 19 ]
    }, {
      "vertices" : [ 3, 6, 39 ]
    }, {
      "vertices" : [ 1, 39, 6, 2 ]
    }, {
      "vertices" : [ 8, 32, 9 ]
    }, {
      "vertices" : [ 11, 12, 13, 14 ]
    }, {
      "vertices" : [ 16, 22, 17 ]
    }, {
      "vertices" : [ 0, 21, 20, 8, 7 ]
    }, {
      "vertices" : [ 12, 34, 13 ]
    }, {
      "vertices" : [ 35, 40, 56, 57 ]
    }, {
      "vertices" : [ 0, 7, 54, 1 ]
    }, {
      "vertices" : [ 15, 16, 17, 18 ]
    }, {
      "vertices" : [ 3, 19, 22, 23, 4 ]
    }, {
      "vertices" : [ 7, 10, 54 ]
    }, {
      "vertices" : [ 41, 45, 58, 55 ]
    }, {
      "vertices" : [ 3, 39, 11, 19 ]
    }, {
      "vertices" : [ 14, 17, 22, 19 ]
    }, {
      "vertices" : [ 0, 2, 53, 21 ]
    }, {
      "vertices" : [ 49, 51, 52, 53 ]
    }, {
      "vertices" : [ 31, 43, 42, 59, 32 ]
    }, {
      "vertices" : [ 15, 18, 50 ]
    }, {
      "vertices" : [ 42, 55, 56, 59 ]
    }, {
      "vertices" : [ 4, 23, 29, 30 ]
    }, {
      "vertices" : [ 25, 38, 26 ]
    }, {
      "vertices" : [ 13, 28, 18, 17, 14 ]
    }, {
      "vertices" : [ 8, 20, 31, 32 ]
    }, {
      "vertices" : [ 23, 44, 29 ]
    }, {
      "vertices" : [ 24, 27, 46 ]
    }, {
      "vertices" : [ 37, 48, 52, 51, 38 ]
    }, {
      "vertices" : [ 20, 48, 31 ]
    }, {
      "vertices" : [ 24, 25, 26, 27 ]
    }, {
      "vertices" : [ 16, 44, 23, 22 ]
    }, {
      "vertices" : [ 13, 34, 35, 28 ]
    }, {
      "vertices" : [ 10, 34, 12, 54 ]
    }, {
      "vertices" : [ 2, 6, 5, 49, 53 ]
    }, {
      "vertices" : [ 36, 43, 37 ]
    }, {
      "vertices" : [ 5, 30, 33, 49 ]
    }, {
      "vertices" : [ 1, 54, 12, 11, 39 ]
    }, {
      "vertices" : [ 28, 35, 57 ]
    }, {
      "vertices" : [ 21, 53, 52 ]
    } ]
  }, {
    "id" : "9553029a-2a91-4cd8-804c-6fd6a2066857",
    "orbit" : "blue",
    "orbitC" : "[[0,0,1],[0,0,1]]",
    "length" : "[1,0,1]",
    "name" : "b1",
    "vertices" : [ {
      "x" : 7.472136,
      "y" : 0.309017,
      "z" : 0.19098301
    }, {
      "x" : 7.472136,
      "y" : 0.309017,
      "z" : -0.19098301
    }, {
      "x" : 1.0,
      "y" : 0.309017,
      "z" : -0.19098301
    }, {
      "x" : 1.0,
      "y" : 0.309017,
      "z" : 0.19098301
    }, {
      "x" : 7.472136,
      "y" : -0.309017,
      "z" : 0.19098301
    }, {
      "x" : 1.0,
      "y" : -0.309017,
      "z" : 0.19098301
    }, {
      "x" : 1.0,
      "y" : -0.309017,
      "z" : -0.19098301
    }, {
      "x" : 7.472136,
      "y" : -0.309017,
      "z" : -0.19098301
    }, {
      "x" : 8.472136,
      "y" : 0.0,
      "z" : 0.0
    } ],
    "faces" : [ {
      "vertices" : [ 1, 7, 6, 2 ]
    }, {
      "vertices" : [ 0, 1, 2, 3 ]
    }, {
      "vertices" : [ 4, 5, 6, 7 ]
    }, {
      "vertices" : [ 0, 3, 5, 4 ]
    } ]
  }, {
    "id" : "cad109d6-632f-463f-ab46-bd6a379f1f01",
    "vertices" : [ {
      "x" : 0.0,
      "y" : 0.0,
      "z" : 0.0
    }, {
      "x" : 2.618034,
      "y" : -4.236068,
      "z" : 6.854102
    }, {
      "x" : 6.854102,
      "y" : -11.09017,
      "z" : 4.236068
    }, {
      "x" : 6.854102,
      "y" : -11.09017,
      "z" : -4.236068
    }, {
      "x" : 2.618034,
      "y" : -4.236068,
      "z" : -6.854102
    } ],
    "faces" : [ {
      "vertices" : [ 0, 1, 2, 3, 4 ]
    }, {
      "vertices" : [ 0, 4, 3, 2, 1 ]
    } ]
  }, {
    "id" : "eae33072-7969-4521-bdf2-b854d26d26ac",
    "orbit" : "red",
    "orbitC" : "[[-1,1,1],[0,0,1]]",
    "length" : "[749,0,712]",
    "name" : " :749/712",
    "vertices" : [ {
      "x" : 2.7961252,
      "y" : 1.8461343,
      "z" : 0.309017
    }, {
      "x" : 4.4141593,
      "y" : 2.6100664,
      "z" : 0.309017
    }, {
      "x" : 4.223176,
      "y" : 2.9190834,
      "z" : 0.19098301
    }, {
      "x" : 0.809017,
      "y" : 0.618034,
      "z" : -0.309017
    }, {
      "x" : 0.690983,
      "y" : 0.809017,
      "z" : 0.0
    }, {
      "x" : 2.678091,
      "y" : 2.0371172,
      "z" : 0.0
    }, {
      "x" : 2.7961252,
      "y" : 1.8461343,
      "z" : -0.309017
    }, {
      "x" : 6.401267,
      "y" : 3.8381667,
      "z" : 0.309017
    }, {
      "x" : 2.9871082,
      "y" : 1.5371174,
      "z" : 0.19098301
    }, {
      "x" : 2.9871082,
      "y" : 1.5371174,
      "z" : -0.19098301
    }, {
      "x" : 4.532193,
      "y" : 2.4190834,
      "z" : 0.0
    }, {
      "x" : 4.4141593,
      "y" : 2.6100664,
      "z" : -0.309017
    }, {
      "x" : 6.5193014,
      "y" : 3.6471837,
      "z" : 0.0
    }, {
      "x" : 1.0,
      "y" : 0.309017,
      "z" : 0.19098301
    }, {
      "x" : 1.0,
      "y" : 0.309017,
      "z" : -0.19098301
    }, {
      "x" : 0.809017,
      "y" : 0.618034,
      "z" : 0.309017
    }, {
      "x" : 6.210284,
      "y" : 4.147184,
      "z" : 0.19098301
    }, {
      "x" : 6.401267,
      "y" : 3.8381667,
      "z" : -0.309017
    }, {
      "x" : 6.210284,
      "y" : 4.147184,
      "z" : -0.19098301
    }, {
      "x" : 7.210284,
      "y" : 4.4562006,
      "z" : 0.0
    }, {
      "x" : 4.223176,
      "y" : 2.9190834,
      "z" : -0.19098301
    } ],
    "faces" : [ {
      "vertices" : [ 3, 6, 9, 14 ]
    }, {
      "vertices" : [ 11, 20, 18, 17 ]
    }, {
      "vertices" : [ 0, 1, 2 ]
    }, {
      "vertices" : [ 0, 15, 13, 8 ]
    }, {
      "vertices" : [ 6, 20, 11 ]
    }, {
      "vertices" : [ 0, 2, 5 ]
    }, {
      "vertices" : [ 0, 8, 1 ]
    }, {
      "vertices" : [ 8, 13, 14, 9 ]
    }, {
      "vertices" : [ 3, 4, 5, 6 ]
    }, {
      "vertices" : [ 10, 11, 17, 12 ]
    }, {
      "vertices" : [ 1, 8, 10 ]
    }, {
      "vertices" : [ 0, 5, 4, 15 ]
    }, {
      "vertices" : [ 2, 16, 18, 20 ]
    }, {
      "vertices" : [ 1, 7, 16, 2 ]
    }, {
      "vertices" : [ 6, 11, 9 ]
    }, {
      "vertices" : [ 8, 9, 10 ]
    }, {
      "vertices" : [ 2, 20, 5 ]
    }, {
      "vertices" : [ 9, 11, 10 ]
    }, {
      "vertices" : [ 1, 10, 12, 7 ]
    }, {
      "vertices" : [ 5, 20, 6 ]
    } ]
  }, {
    "id" : "ff328c8f-0b77-41ac-bfdf-14c48a994dbd",
    "vertices" : [ {
      "x" : 0.0,
      "y" : 0.0,
      "z" : 0.0
    }, {
      "x" : 4.236068,
      "y" : -6.854102,
      "z" : 2.618034
    }, {
      "x" : 6.854102,
      "y" : -11.09017,
      "z" : -4.236068
    }, {
      "x" : 4.236068,
      "y" : -6.854102,
      "z" : -11.09017
    }, {
      "x" : 0.0,
      "y" : 0.0,
      "z" : -8.472136
    } ],
    "faces" : [ {
      "vertices" : [ 0, 1, 2, 3, 4 ]
    }, {
      "vertices" : [ 0, 4, 3, 2, 1 ]
    } ]
  }, {
    "id" : "1656303f-dfd6-4093-abe7-4e3eda11ce64",
    "vertices" : [ {
      "x" : 0.0,
      "y" : 0.0,
      "z" : 0.0
    }, {
      "x" : 0.0,
      "y" : -7.210284,
      "z" : -4.4562006
    }, {
      "x" : -2.618034,
      "y" : -2.9742162,
      "z" : -11.310303
    }, {
      "x" : -2.618034,
      "y" : 4.236068,
      "z" : -6.854102
    } ],
    "faces" : [ {
      "vertices" : [ 0, 1, 2, 3 ]
    }, {
      "vertices" : [ 0, 3, 2, 1 ]
    } ]
  } ],
  "instances" : [ {
    "shape" : "afdfb320-fbb9-47cf-8df4-2e523d7d87ed",
    "color" : "#F2F2F2",
    "position" : {
      "x" : 2.4343216,
      "y" : 4.1225276,
      "z" : 6.854102
    }
  }, {
    "shape" : "afdfb320-fbb9-47cf-8df4-2e523d7d87ed",
    "color" : "#F2F2F2",
    "position" : {
      "x" : 6.6703897,
      "y" : -2.7315743,
      "z" : 4.236068
    }
  }, {
    "shape" : "afdfb320-fbb9-47cf-8df4-2e523d7d87ed",
    "color" : "#F2F2F2",
    "position" : {
      "x" : -0.5398945,
      "y" : -7.187775,
      "z" : -4.236068
    }
  }, {
    "shape" : "9553029a-2a91-4cd8-804c-6fd6a2066857",
    "color" : "#008EC2",
    "position" : {
      "x" : -0.18371226,
      "y" : 8.358596,
      "z" : 0.0
    },
    "orientation" : 37
  }, {
    "shape" : "9553029a-2a91-4cd8-804c-6fd6a2066857",
    "color" : "#008EC2",
    "position" : {
      "x" : 2.4343216,
      "y" : 4.1225276,
      "z" : -6.854102
    },
    "orientation" : 7
  }, {
    "shape" : "afdfb320-fbb9-47cf-8df4-2e523d7d87ed",
    "color" : "#F2F2F2",
    "position" : {
      "x" : -0.5398945,
      "y" : -7.187775,
      "z" : 4.236068
    }
  }, {
    "shape" : "afdfb320-fbb9-47cf-8df4-2e523d7d87ed",
    "color" : "#F2F2F2",
    "position" : {
      "x" : 6.6703897,
      "y" : -2.7315743,
      "z" : -4.236068
    }
  }, {
    "shape" : "cad109d6-632f-463f-ab46-bd6a379f1f01",
    "color" : "#EC888B",
    "position" : {
      "x" : -0.18371226,
      "y" : 8.358596,
      "z" : 0.0
    },
    "orientation" : 0
  }, {
    "shape" : "afdfb320-fbb9-47cf-8df4-2e523d7d87ed",
    "color" : "#F2F2F2",
    "position" : {
      "x" : -7.3939967,
      "y" : 3.9023948,
      "z" : 0.0
    }
  }, {
    "shape" : "afdfb320-fbb9-47cf-8df4-2e523d7d87ed",
    "color" : "#F2F2F2",
    "position" : {
      "x" : -4.7759624,
      "y" : -0.33367318,
      "z" : -6.854102
    }
  }, {
    "shape" : "eae33072-7969-4521-bdf2-b854d26d26ac",
    "color" : "#D91218",
    "position" : {
      "x" : -7.3939967,
      "y" : 3.9023948,
      "z" : 0.0
    },
    "orientation" : 0
  }, {
    "shape" : "9553029a-2a91-4cd8-804c-6fd6a2066857",
    "color" : "#008EC2",
    "position" : {
      "x" : -4.7759624,
      "y" : -0.33367318,
      "z" : 6.854102
    },
    "orientation" : 55
  }, {
    "shape" : "ff328c8f-0b77-41ac-bfdf-14c48a994dbd",
    "color" : "#EC888B",
    "position" : {
      "x" : -0.5398945,
      "y" : -7.187775,
      "z" : 4.236068
    },
    "orientation" : 30
  }, {
    "shape" : "afdfb320-fbb9-47cf-8df4-2e523d7d87ed",
    "color" : "#F2F2F2",
    "position" : {
      "x" : 2.4343216,
      "y" : 4.1225276,
      "z" : -6.854102
    }
  }, {
    "shape" : "9553029a-2a91-4cd8-804c-6fd6a2066857",
    "color" : "#008EC2",
    "position" : {
      "x" : -0.5398945,
      "y" : -7.187775,
      "z" : -4.236068
    },
    "orientation" : 54
  }, {
    "shape" : "9553029a-2a91-4cd8-804c-6fd6a2066857",
    "color" : "#008EC2",
    "position" : {
      "x" : -7.3939967,
      "y" : 3.9023948,
      "z" : 0.0
    },
    "orientation" : 25
  }, {
    "shape" : "eae33072-7969-4521-bdf2-b854d26d26ac",
    "color" : "#D91218",
    "position" : {
      "x" : -0.5398945,
      "y" : -7.187775,
      "z" : -4.236068
    },
    "orientation" : 0
  }, {
    "shape" : "9553029a-2a91-4cd8-804c-6fd6a2066857",
    "color" : "#008EC2",
    "position" : {
      "x" : 6.6703897,
      "y" : -2.7315743,
      "z" : -4.236068
    },
    "orientation" : 54
  }, {
    "shape" : "1656303f-dfd6-4093-abe7-4e3eda11ce64",
    "color" : "#FFFF00",
    "position" : {
      "x" : 2.4343216,
      "y" : 4.1225276,
      "z" : -6.854102
    },
    "orientation" : 55
  }, {
    "shape" : "1656303f-dfd6-4093-abe7-4e3eda11ce64",
    "color" : "#FFFF00",
    "position" : {
      "x" : -0.18371226,
      "y" : 8.358596,
      "z" : 0.0
    },
    "orientation" : 4
  }, {
    "shape" : "9553029a-2a91-4cd8-804c-6fd6a2066857",
    "color" : "#008EC2",
    "position" : {
      "x" : 6.6703897,
      "y" : -2.7315743,
      "z" : 4.236068
    },
    "orientation" : 47
  }, {
    "shape" : "1656303f-dfd6-4093-abe7-4e3eda11ce64",
    "color" : "#FFFF00",
    "position" : {
      "x" : 2.4343216,
      "y" : 4.1225276,
      "z" : 6.854102
    },
    "orientation" : 2
  }, {
    "shape" : "9553029a-2a91-4cd8-804c-6fd6a2066857",
    "color" : "#008EC2",
    "position" : {
      "x" : 2.4343216,
      "y" : 4.1225276,
      "z" : 6.854102
    },
    "orientation" : 24
  }, {
    "shape" : "eae33072-7969-4521-bdf2-b854d26d26ac",
    "color" : "#D91218",
    "position" : {
      "x" : -4.7759624,
      "y" : -0.33367318,
      "z" : 6.854102
    },
    "orientation" : 0
  }, {
    "shape" : "9553029a-2a91-4cd8-804c-6fd6a2066857",
    "color" : "#008EC2",
    "position" : {
      "x" : -0.5398945,
      "y" : -7.187775,
      "z" : 4.236068
    },
    "orientation" : 51
  }, {
    "shape" : "1656303f-dfd6-4093-abe7-4e3eda11ce64",
    "color" : "#FFFF00",
    "position" : {
      "x" : 6.6703897,
      "y" : -2.7315743,
      "z" : 4.236068
    },
    "orientation" : 21
  }, {
    "shape" : "9553029a-2a91-4cd8-804c-6fd6a2066857",
    "color" : "#008EC2",
    "position" : {
      "x" : -0.5398945,
      "y" : -7.187775,
      "z" : 4.236068
    },
    "orientation" : 47
  }, {
    "shape" : "afdfb320-fbb9-47cf-8df4-2e523d7d87ed",
    "color" : "#F2F2F2",
    "position" : {
      "x" : -0.18371226,
      "y" : 8.358596,
      "z" : 0.0
    }
  }, {
    "shape" : "eae33072-7969-4521-bdf2-b854d26d26ac",
    "color" : "#D91218",
    "position" : {
      "x" : -0.5398945,
      "y" : -7.187775,
      "z" : 4.236068
    },
    "orientation" : 0
  }, {
    "shape" : "eae33072-7969-4521-bdf2-b854d26d26ac",
    "color" : "#D91218",
    "position" : {
      "x" : -4.7759624,
      "y" : -0.33367318,
      "z" : -6.854102
    },
    "orientation" : 0
  }, {
    "shape" : "afdfb320-fbb9-47cf-8df4-2e523d7d87ed",
    "color" : "#F2F2F2",
    "position" : {
      "x" : -4.7759624,
      "y" : -0.33367318,
      "z" : 6.854102
    }
  }, {
    "shape" : "1656303f-dfd6-4093-abe7-4e3eda11ce64",
    "color" : "#FFFF00",
    "position" : {
      "x" : 6.6703897,
      "y" : -2.7315743,
      "z" : -4.236068
    },
    "orientation" : 29
  } ],
  "scenes" : [ {
    "title" : "Faces",
    "content" : "",
    "view" : {
      "position" : {
        "x" : -54.365635,
        "y" : 87.96545,
        "z" : -33.59981
      },
      "width" : 48.92907,
      "stereo" : false,
      "perspective" : false,
      "fieldOfView" : 0.44262886,
      "viewDistance" : 108.73127,
      "lookDirectionRV" : {
        "x" : 0.5,
        "y" : -0.809017,
        "z" : 0.309017,
        "zero" : false
      },
      "lookAtPointRV" : {
        "x" : 0.0,
        "y" : 0.0,
        "z" : 0.0,
        "zero" : true
      },
      "upDirectionRV" : {
        "x" : 0.8506508,
        "y" : 0.5257311,
        "z" : 0.0,
        "zero" : false
      },
      "nearClipDistance" : 0.27182817,
      "lookAtPoint" : {
        "x" : 0.0,
        "y" : 0.0,
        "z" : 0.0
      },
      "lookDirection" : {
        "x" : 0.5,
        "y" : -0.809017,
        "z" : 0.309017
      },
      "farClipDistance" : 217.46254,
      "upDirection" : {
        "x" : 0.8506508,
        "y" : 0.5257311,
        "z" : 0.0
      }
    },
    "snapshot" : 2
  }, {
    "title" : "Edges",
    "content" : "",
    "view" : {
      "position" : {
        "x" : -54.365635,
        "y" : 87.96545,
        "z" : -33.59981
      },
      "width" : 48.92907,
      "stereo" : false,
      "perspective" : false,
      "fieldOfView" : 0.44262886,
      "viewDistance" : 108.73127,
      "lookDirectionRV" : {
        "x" : 0.5,
        "y" : -0.809017,
        "z" : 0.309017,
        "zero" : false
      },
      "lookAtPointRV" : {
        "x" : 0.0,
        "y" : 0.0,
        "z" : 0.0,
        "zero" : true
      },
      "upDirectionRV" : {
        "x" : 0.8506508,
        "y" : 0.5257311,
        "z" : 0.0,
        "zero" : false
      },
      "nearClipDistance" : 0.27182817,
      "lookAtPoint" : {
        "x" : 0.0,
        "y" : 0.0,
        "z" : 0.0
      },
      "lookDirection" : {
        "x" : 0.5,
        "y" : -0.809017,
        "z" : 0.309017
      },
      "farClipDistance" : 217.46254,
      "upDirection" : {
        "x" : 0.8506508,
        "y" : 0.5257311,
        "z" : 0.0
      }
    },
    "snapshot" : 3
  }, {
    "title" : "Component 3 view",
    "content" : "",
    "view" : {
      "position" : {
        "x" : -54.365635,
        "y" : 87.96545,
        "z" : -33.59981
      },
      "width" : 48.92907,
      "stereo" : false,
      "perspective" : false,
      "fieldOfView" : 0.44262886,
      "viewDistance" : 108.73127,
      "lookDirectionRV" : {
        "x" : 0.5,
        "y" : -0.809017,
        "z" : 0.309017,
        "zero" : false
      },
      "lookAtPointRV" : {
        "x" : 0.0,
        "y" : 0.0,
        "z" : 0.0,
        "zero" : true
      },
      "upDirectionRV" : {
        "x" : 0.8506508,
        "y" : 0.5257311,
        "z" : 0.0,
        "zero" : false
      },
      "nearClipDistance" : 0.27182817,
      "lookAtPoint" : {
        "x" : 0.0,
        "y" : 0.0,
        "z" : 0.0
      },
      "lookDirection" : {
        "x" : 0.5,
        "y" : -0.809017,
        "z" : 0.309017
      },
      "farClipDistance" : 217.46254,
      "upDirection" : {
        "x" : 0.8506508,
        "y" : 0.5257311,
        "z" : 0.0
      }
    },
    "snapshot" : 1
  }, {
    "title" : "Rotated view",
    "content" : "",
    "view" : {
      "position" : {
        "x" : 0.0,
        "y" : 0.0,
        "z" : 108.73127
      },
      "width" : 48.92907,
      "stereo" : false,
      "perspective" : false,
      "fieldOfView" : 0.44262886,
      "viewDistance" : 108.73127,
      "lookDirectionRV" : {
        "x" : 0.0,
        "y" : 0.0,
        "z" : -1.0,
        "zero" : false
      },
      "lookAtPointRV" : {
        "x" : 0.0,
        "y" : 0.0,
        "z" : 0.0,
        "zero" : true
      },
      "upDirectionRV" : {
        "x" : 0.8506508,
        "y" : 0.5257311,
        "z" : 0.0,
        "zero" : false
      },
      "nearClipDistance" : 0.27182817,
      "lookAtPoint" : {
        "x" : 0.0,
        "y" : 0.0,
        "z" : 0.0
      },
      "lookDirection" : {
        "x" : 0.0,
        "y" : 0.0,
        "z" : -1.0
      },
      "farClipDistance" : 217.46254,
      "upDirection" : {
        "x" : 0.8506508,
        "y" : 0.5257311,
        "z" : 0.0
      }
    },
    "snapshot" : 4
  } ],
  "snapshots" : [ [ ], [ {
    "shape" : "cad109d6-632f-463f-ab46-bd6a379f1f01",
    "color" : "#EC888B",
    "position" : {
      "x" : -0.18371226,
      "y" : 8.358596,
      "z" : 0.0
    },
    "orientation" : 0
  }, {
    "shape" : "afdfb320-fbb9-47cf-8df4-2e523d7d87ed",
    "color" : "#F2F2F2",
    "position" : {
      "x" : -4.7759624,
      "y" : -0.33367318,
      "z" : 6.854102
    },
    "orientation" : 0
  }, {
    "shape" : "afdfb320-fbb9-47cf-8df4-2e523d7d87ed",
    "color" : "#F2F2F2",
    "position" : {
      "x" : -0.5398945,
      "y" : -7.187775,
      "z" : -4.236068
    },
    "orientation" : 0
  }, {
    "shape" : "9553029a-2a91-4cd8-804c-6fd6a2066857",
    "color" : "#008EC2",
    "position" : {
      "x" : 2.4343216,
      "y" : 4.1225276,
      "z" : 6.854102
    },
    "orientation" : 24
  }, {
    "shape" : "1656303f-dfd6-4093-abe7-4e3eda11ce64",
    "color" : "#FFFF00",
    "position" : {
      "x" : 6.6703897,
      "y" : -2.7315743,
      "z" : -4.236068
    },
    "orientation" : 29
  }, {
    "shape" : "afdfb320-fbb9-47cf-8df4-2e523d7d87ed",
    "color" : "#F2F2F2",
    "position" : {
      "x" : -7.3939967,
      "y" : 3.9023948,
      "z" : 0.0
    },
    "orientation" : 0
  }, {
    "shape" : "eae33072-7969-4521-bdf2-b854d26d26ac",
    "color" : "#D91218",
    "position" : {
      "x" : -4.7759624,
      "y" : -0.33367318,
      "z" : 6.854102
    },
    "orientation" : 0
  }, {
    "shape" : "9553029a-2a91-4cd8-804c-6fd6a2066857",
    "color" : "#008EC2",
    "position" : {
      "x" : 6.6703897,
      "y" : -2.7315743,
      "z" : 4.236068
    },
    "orientation" : 47
  }, {
    "shape" : "afdfb320-fbb9-47cf-8df4-2e523d7d87ed",
    "color" : "#F2F2F2",
    "position" : {
      "x" : 2.4343216,
      "y" : 4.1225276,
      "z" : 6.854102
    },
    "orientation" : 0
  }, {
    "shape" : "9553029a-2a91-4cd8-804c-6fd6a2066857",
    "color" : "#008EC2",
    "position" : {
      "x" : 2.4343216,
      "y" : 4.1225276,
      "z" : -6.854102
    },
    "orientation" : 7
  }, {
    "shape" : "ff328c8f-0b77-41ac-bfdf-14c48a994dbd",
    "color" : "#EC888B",
    "position" : {
      "x" : -0.5398945,
      "y" : -7.187775,
      "z" : 4.236068
    },
    "orientation" : 30
  }, {
    "shape" : "eae33072-7969-4521-bdf2-b854d26d26ac",
    "color" : "#D91218",
    "position" : {
      "x" : -0.5398945,
      "y" : -7.187775,
      "z" : 4.236068
    },
    "orientation" : 0
  }, {
    "shape" : "1656303f-dfd6-4093-abe7-4e3eda11ce64",
    "color" : "#FFFF00",
    "position" : {
      "x" : 6.6703897,
      "y" : -2.7315743,
      "z" : 4.236068
    },
    "orientation" : 21
  }, {
    "shape" : "eae33072-7969-4521-bdf2-b854d26d26ac",
    "color" : "#D91218",
    "position" : {
      "x" : -0.5398945,
      "y" : -7.187775,
      "z" : -4.236068
    },
    "orientation" : 0
  }, {
    "shape" : "9553029a-2a91-4cd8-804c-6fd6a2066857",
    "color" : "#008EC2",
    "position" : {
      "x" : -0.18371226,
      "y" : 8.358596,
      "z" : 0.0
    },
    "orientation" : 37
  }, {
    "shape" : "1656303f-dfd6-4093-abe7-4e3eda11ce64",
    "color" : "#FFFF00",
    "position" : {
      "x" : -0.18371226,
      "y" : 8.358596,
      "z" : 0.0
    },
    "orientation" : 4
  }, {
    "shape" : "9553029a-2a91-4cd8-804c-6fd6a2066857",
    "color" : "#008EC2",
    "position" : {
      "x" : -0.5398945,
      "y" : -7.187775,
      "z" : 4.236068
    },
    "orientation" : 51
  }, {
    "shape" : "afdfb320-fbb9-47cf-8df4-2e523d7d87ed",
    "color" : "#F2F2F2",
    "position" : {
      "x" : 2.4343216,
      "y" : 4.1225276,
      "z" : -6.854102
    },
    "orientation" : 0
  }, {
    "shape" : "9553029a-2a91-4cd8-804c-6fd6a2066857",
    "color" : "#008EC2",
    "position" : {
      "x" : -7.3939967,
      "y" : 3.9023948,
      "z" : 0.0
    },
    "orientation" : 25
  }, {
    "shape" : "afdfb320-fbb9-47cf-8df4-2e523d7d87ed",
    "color" : "#F2F2F2",
    "position" : {
      "x" : -4.7759624,
      "y" : -0.33367318,
      "z" : -6.854102
    },
    "orientation" : 0
  }, {
    "shape" : "afdfb320-fbb9-47cf-8df4-2e523d7d87ed",
    "color" : "#F2F2F2",
    "position" : {
      "x" : -0.5398945,
      "y" : -7.187775,
      "z" : 4.236068
    },
    "orientation" : 0
  }, {
    "shape" : "9553029a-2a91-4cd8-804c-6fd6a2066857",
    "color" : "#008EC2",
    "position" : {
      "x" : -4.7759624,
      "y" : -0.33367318,
      "z" : 6.854102
    },
    "orientation" : 55
  }, {
    "shape" : "9553029a-2a91-4cd8-804c-6fd6a2066857",
    "color" : "#008EC2",
    "position" : {
      "x" : -0.5398945,
      "y" : -7.187775,
      "z" : -4.236068
    },
    "orientation" : 54
  }, {
    "shape" : "eae33072-7969-4521-bdf2-b854d26d26ac",
    "color" : "#D91218",
    "position" : {
      "x" : -4.7759624,
      "y" : -0.33367318,
      "z" : -6.854102
    },
    "orientation" : 0
  }, {
    "shape" : "9553029a-2a91-4cd8-804c-6fd6a2066857",
    "color" : "#008EC2",
    "position" : {
      "x" : -0.5398945,
      "y" : -7.187775,
      "z" : 4.236068
    },
    "orientation" : 47
  }, {
    "shape" : "1656303f-dfd6-4093-abe7-4e3eda11ce64",
    "color" : "#FFFF00",
    "position" : {
      "x" : 2.4343216,
      "y" : 4.1225276,
      "z" : -6.854102
    },
    "orientation" : 55
  }, {
    "shape" : "eae33072-7969-4521-bdf2-b854d26d26ac",
    "color" : "#D91218",
    "position" : {
      "x" : -7.3939967,
      "y" : 3.9023948,
      "z" : 0.0
    },
    "orientation" : 0
  }, {
    "shape" : "1656303f-dfd6-4093-abe7-4e3eda11ce64",
    "color" : "#FFFF00",
    "position" : {
      "x" : 2.4343216,
      "y" : 4.1225276,
      "z" : 6.854102
    },
    "orientation" : 2
  }, {
    "shape" : "afdfb320-fbb9-47cf-8df4-2e523d7d87ed",
    "color" : "#F2F2F2",
    "position" : {
      "x" : 6.6703897,
      "y" : -2.7315743,
      "z" : -4.236068
    },
    "orientation" : 0
  }, {
    "shape" : "9553029a-2a91-4cd8-804c-6fd6a2066857",
    "color" : "#008EC2",
    "position" : {
      "x" : 6.6703897,
      "y" : -2.7315743,
      "z" : -4.236068
    },
    "orientation" : 54
  }, {
    "shape" : "afdfb320-fbb9-47cf-8df4-2e523d7d87ed",
    "color" : "#F2F2F2",
    "position" : {
      "x" : 6.6703897,
      "y" : -2.7315743,
      "z" : 4.236068
    },
    "orientation" : 0
  }, {
    "shape" : "afdfb320-fbb9-47cf-8df4-2e523d7d87ed",
    "color" : "#F2F2F2",
    "position" : {
      "x" : -0.18371226,
      "y" : 8.358596,
      "z" : 0.0
    },
    "orientation" : 0
  } ], [ {
    "shape" : "1656303f-dfd6-4093-abe7-4e3eda11ce64",
    "color" : "#FFFF00",
    "position" : {
      "x" : 6.6703897,
      "y" : -2.7315743,
      "z" : -4.236068
    },
    "orientation" : 29
  }, {
    "shape" : "1656303f-dfd6-4093-abe7-4e3eda11ce64",
    "color" : "#FFFF00",
    "position" : {
      "x" : 2.4343216,
      "y" : 4.1225276,
      "z" : 6.854102
    },
    "orientation" : 2
  }, {
    "shape" : "cad109d6-632f-463f-ab46-bd6a379f1f01",
    "color" : "#EC888B",
    "position" : {
      "x" : -0.18371226,
      "y" : 8.358596,
      "z" : 0.0
    },
    "orientation" : 0
  }, {
