{
  "polygons" : "true",
  "field" : "golden",
  "symmetry" : "icosahedral",
  "orientations" : [ [ 1.0, 0.0, 0.0, 0.0, 0.0, 1.0, 0.0, 0.0, 0.0, 0.0, 1.0, 0.0, 0.0, 0.0, 0.0, 1.0 ], [ 0.0, 0.0, 1.0, 0.0, 1.0, 0.0, 0.0, 0.0, 0.0, 1.0, 0.0, 0.0, 0.0, 0.0, 0.0, 1.0 ], [ 0.0, 1.0, 0.0, 0.0, 0.0, 0.0, 1.0, 0.0, 1.0, 0.0, 0.0, 0.0, 0.0, 0.0, 0.0, 1.0 ], [ 0.809017, 0.309017, 0.5, 0.0, 0.309017, 0.5, -0.809017, 0.0, -0.5, 0.809017, 0.309017, 0.0, 0.0, 0.0, 0.0, 1.0 ], [ -0.5, 0.809017, 0.309017, 0.0, 0.809017, 0.309017, 0.5, 0.0, 0.309017, 0.5, -0.809017, 0.0, 0.0, 0.0, 0.0, 1.0 ], [ 0.309017, 0.5, -0.809017, 0.0, -0.5, 0.809017, 0.309017, 0.0, 0.809017, 0.309017, 0.5, 0.0, 0.0, 0.0, 0.0, 1.0 ], [ 0.5, 0.809017, 0.309017, 0.0, 0.809017, -0.309017, -0.5, 0.0, -0.309017, 0.5, -0.809017, 0.0, 0.0, 0.0, 0.0, 1.0 ], [ -0.309017, 0.5, -0.809017, 0.0, 0.5, 0.809017, 0.309017, 0.0, 0.809017, -0.309017, -0.5, 0.0, 0.0, 0.0, 0.0, 1.0 ], [ 0.809017, -0.309017, -0.5, 0.0, -0.309017, 0.5, -0.809017, 0.0, 0.5, 0.809017, 0.309017, 0.0, 0.0, 0.0, 0.0, 1.0 ], [ 0.5, 0.809017, -0.309017, 0.0, 0.809017, -0.309017, 0.5, 0.0, 0.309017, -0.5, -0.809017, 0.0, 0.0, 0.0, 0.0, 1.0 ], [ 0.309017, -0.5, -0.809017, 0.0, 0.5, 0.809017, -0.309017, 0.0, 0.809017, -0.309017, 0.5, 0.0, 0.0, 0.0, 0.0, 1.0 ], [ 0.809017, -0.309017, 0.5, 0.0, 0.309017, -0.5, -0.809017, 0.0, 0.5, 0.809017, -0.309017, 0.0, 0.0, 0.0, 0.0, 1.0 ], [ 0.809017, 0.309017, -0.5, 0.0, 0.309017, 0.5, 0.809017, 0.0, 0.5, -0.809017, 0.309017, 0.0, 0.0, 0.0, 0.0, 1.0 ], [ 0.5, -0.809017, 0.309017, 0.0, 0.809017, 0.309017, -0.5, 0.0, 0.309017, 0.5, 0.809017, 0.0, 0.0, 0.0, 0.0, 1.0 ], [ 0.309017, 0.5, 0.809017, 0.0, 0.5, -0.809017, 0.309017, 0.0, 0.809017, 0.309017, -0.5, 0.0, 0.0, 0.0, 0.0, 1.0 ], [ 1.0, 0.0, 0.0, 0.0, 0.0, -1.0, 0.0, 0.0, 0.0, 0.0, -1.0, 0.0, 0.0, 0.0, 0.0, 1.0 ], [ 0.0, 0.0, 1.0, 0.0, -1.0, 0.0, 0.0, 0.0, 0.0, -1.0, 0.0, 0.0, 0.0, 0.0, 0.0, 1.0 ], [ 0.0, 1.0, 0.0, 0.0, 0.0, 0.0, -1.0, 0.0, -1.0, 0.0, 0.0, 0.0, 0.0, 0.0, 0.0, 1.0 ], [ 0.809017, 0.309017, 0.5, 0.0, -0.309017, -0.5, 0.809017, 0.0, 0.5, -0.809017, -0.309017, 0.0, 0.0, 0.0, 0.0, 1.0 ], [ -0.5, 0.809017, 0.309017, 0.0, -0.809017, -0.309017, -0.5, 0.0, -0.309017, -0.5, 0.809017, 0.0, 0.0, 0.0, 0.0, 1.0 ], [ 0.309017, 0.5, -0.809017, 0.0, 0.5, -0.809017, -0.309017, 0.0, -0.809017, -0.309017, -0.5, 0.0, 0.0, 0.0, 0.0, 1.0 ], [ 0.5, 0.809017, 0.309017, 0.0, -0.809017, 0.309017, 0.5, 0.0, 0.309017, -0.5, 0.809017, 0.0, 0.0, 0.0, 0.0, 1.0 ], [ -0.309017, 0.5, -0.809017, 0.0, -0.5, -0.809017, -0.309017, 0.0, -0.809017, 0.309017, 0.5, 0.0, 0.0, 0.0, 0.0, 1.0 ], [ 0.809017, -0.309017, -0.5, 0.0, 0.309017, -0.5, 0.809017, 0.0, -0.5, -0.809017, -0.309017, 0.0, 0.0, 0.0, 0.0, 1.0 ], [ 0.5, 0.809017, -0.309017, 0.0, -0.809017, 0.309017, -0.5, 0.0, -0.309017, 0.5, 0.809017, 0.0, 0.0, 0.0, 0.0, 1.0 ], [ 0.309017, -0.5, -0.809017, 0.0, -0.5, -0.809017, 0.309017, 0.0, -0.809017, 0.309017, -0.5, 0.0, 0.0, 0.0, 0.0, 1.0 ], [ 0.809017, -0.309017, 0.5, 0.0, -0.309017, 0.5, 0.809017, 0.0, -0.5, -0.809017, 0.309017, 0.0, 0.0, 0.0, 0.0, 1.0 ], [ 0.809017, 0.309017, -0.5, 0.0, -0.309017, -0.5, -0.809017, 0.0, -0.5, 0.809017, -0.309017, 0.0, 0.0, 0.0, 0.0, 1.0 ], [ 0.5, -0.809017, 0.309017, 0.0, -0.809017, -0.309017, 0.5, 0.0, -0.309017, -0.5, -0.809017, 0.0, 0.0, 0.0, 0.0, 1.0 ], [ 0.309017, 0.5, 0.809017, 0.0, -0.5, 0.809017, -0.309017, 0.0, -0.809017, -0.309017, 0.5, 0.0, 0.0, 0.0, 0.0, 1.0 ], [ -1.0, 0.0, 0.0, 0.0, 0.0, -1.0, 0.0, 0.0, 0.0, 0.0, 1.0, 0.0, 0.0, 0.0, 0.0, 1.0 ], [ 0.0, 0.0, -1.0, 0.0, -1.0, 0.0, 0.0, 0.0, 0.0, 1.0, 0.0, 0.0, 0.0, 0.0, 0.0, 1.0 ], [ 0.0, -1.0, 0.0, 0.0, 0.0, 0.0, -1.0, 0.0, 1.0, 0.0, 0.0, 0.0, 0.0, 0.0, 0.0, 1.0 ], [ -0.809017, -0.309017, -0.5, 0.0, -0.309017, -0.5, 0.809017, 0.0, -0.5, 0.809017, 0.309017, 0.0, 0.0, 0.0, 0.0, 1.0 ], [ 0.5, -0.809017, -0.309017, 0.0, -0.809017, -0.309017, -0.5, 0.0, 0.309017, 0.5, -0.809017, 0.0, 0.0, 0.0, 0.0, 1.0 ], [ -0.309017, -0.5, 0.809017, 0.0, 0.5, -0.809017, -0.309017, 0.0, 0.809017, 0.309017, 0.5, 0.0, 0.0, 0.0, 0.0, 1.0 ], [ -0.5, -0.809017, -0.309017, 0.0, -0.809017, 0.309017, 0.5, 0.0, -0.309017, 0.5, -0.809017, 0.0, 0.0, 0.0, 0.0, 1.0 ], [ 0.309017, -0.5, 0.809017, 0.0, -0.5, -0.809017, -0.309017, 0.0, 0.809017, -0.309017, -0.5, 0.0, 0.0, 0.0, 0.0, 1.0 ], [ -0.809017, 0.309017, 0.5, 0.0, 0.309017, -0.5, 0.809017, 0.0, 0.5, 0.809017, 0.309017, 0.0, 0.0, 0.0, 0.0, 1.0 ], [ -0.5, -0.809017, 0.309017, 0.0, -0.809017, 0.309017, -0.5, 0.0, 0.309017, -0.5, -0.809017, 0.0, 0.0, 0.0, 0.0, 1.0 ], [ -0.309017, 0.5, 0.809017, 0.0, -0.5, -0.809017, 0.309017, 0.0, 0.809017, -0.309017, 0.5, 0.0, 0.0, 0.0, 0.0, 1.0 ], [ -0.809017, 0.309017, -0.5, 0.0, -0.309017, 0.5, 0.809017, 0.0, 0.5, 0.809017, -0.309017, 0.0, 0.0, 0.0, 0.0, 1.0 ], [ -0.809017, -0.309017, 0.5, 0.0, -0.309017, -0.5, -0.809017, 0.0, 0.5, -0.809017, 0.309017, 0.0, 0.0, 0.0, 0.0, 1.0 ], [ -0.5, 0.809017, -0.309017, 0.0, -0.809017, -0.309017, 0.5, 0.0, 0.309017, 0.5, 0.809017, 0.0, 0.0, 0.0, 0.0, 1.0 ], [ -0.309017, -0.5, -0.809017, 0.0, -0.5, 0.809017, -0.309017, 0.0, 0.809017, 0.309017, -0.5, 0.0, 0.0, 0.0, 0.0, 1.0 ], [ -1.0, 0.0, 0.0, 0.0, 0.0, 1.0, 0.0, 0.0, 0.0, 0.0, -1.0, 0.0, 0.0, 0.0, 0.0, 1.0 ], [ 0.0, 0.0, -1.0, 0.0, 1.0, 0.0, 0.0, 0.0, 0.0, -1.0, 0.0, 0.0, 0.0, 0.0, 0.0, 1.0 ], [ 0.0, -1.0, 0.0, 0.0, 0.0, 0.0, 1.0, 0.0, -1.0, 0.0, 0.0, 0.0, 0.0, 0.0, 0.0, 1.0 ], [ -0.809017, -0.309017, -0.5, 0.0, 0.309017, 0.5, -0.809017, 0.0, 0.5, -0.809017, -0.309017, 0.0, 0.0, 0.0, 0.0, 1.0 ], [ 0.5, -0.809017, -0.309017, 0.0, 0.809017, 0.309017, 0.5, 0.0, -0.309017, -0.5, 0.809017, 0.0, 0.0, 0.0, 0.0, 1.0 ], [ -0.309017, -0.5, 0.809017, 0.0, -0.5, 0.809017, 0.309017, 0.0, -0.809017, -0.309017, -0.5, 0.0, 0.0, 0.0, 0.0, 1.0 ], [ -0.5, -0.809017, -0.309017, 0.0, 0.809017, -0.309017, -0.5, 0.0, 0.309017, -0.5, 0.809017, 0.0, 0.0, 0.0, 0.0, 1.0 ], [ 0.309017, -0.5, 0.809017, 0.0, 0.5, 0.809017, 0.309017, 0.0, -0.809017, 0.309017, 0.5, 0.0, 0.0, 0.0, 0.0, 1.0 ], [ -0.809017, 0.309017, 0.5, 0.0, -0.309017, 0.5, -0.809017, 0.0, -0.5, -0.809017, -0.309017, 0.0, 0.0, 0.0, 0.0, 1.0 ], [ -0.5, -0.809017, 0.309017, 0.0, 0.809017, -0.309017, 0.5, 0.0, -0.309017, 0.5, 0.809017, 0.0, 0.0, 0.0, 0.0, 1.0 ], [ -0.309017, 0.5, 0.809017, 0.0, 0.5, 0.809017, -0.309017, 0.0, -0.809017, 0.309017, -0.5, 0.0, 0.0, 0.0, 0.0, 1.0 ], [ -0.809017, 0.309017, -0.5, 0.0, 0.309017, -0.5, -0.809017, 0.0, -0.5, -0.809017, 0.309017, 0.0, 0.0, 0.0, 0.0, 1.0 ], [ -0.809017, -0.309017, 0.5, 0.0, 0.309017, 0.5, 0.809017, 0.0, -0.5, 0.809017, -0.309017, 0.0, 0.0, 0.0, 0.0, 1.0 ], [ -0.5, 0.809017, -0.309017, 0.0, 0.809017, 0.309017, -0.5, 0.0, -0.309017, -0.5, -0.809017, 0.0, 0.0, 0.0, 0.0, 1.0 ], [ -0.309017, -0.5, -0.809017, 0.0, 0.5, -0.809017, 0.309017, 0.0, -0.809017, -0.309017, 0.5, 0.0, 0.0, 0.0, 0.0, 1.0 ] ],
  "lights" : {
    "backgroundColor" : "#AFC8DC",
    "directionalLights" : [ {
      "direction" : [ 1.0, -1.0, -1.0 ],
      "color" : "#EBEBE4"
    }, {
      "direction" : [ -1.0, 0.0, 0.0 ],
      "color" : "#E4E4EB"
    }, {
      "direction" : [ 0.0, 0.0, -1.0 ],
      "color" : "#1E1E1E"
    } ],
    "ambientColor" : "#292929"
  },
  "camera" : {
    "lookDirection" : {
      "x" : 0.0,
      "y" : -0.8506508,
      "z" : -0.5257311
    },
    "upDirection" : {
      "x" : 0.0,
      "y" : 0.5257311,
      "z" : -0.8506508
    },
    "lookAtPoint" : {
      "x" : 0.0,
      "y" : 0.0,
      "z" : 0.0
    },
    "farClipDistance" : 305.5234,
    "stereo" : false,
    "viewDistance" : 152.76175,
    "perspective" : false,
    "fieldOfView" : 0.44262883,
    "lookDirectionRV" : {
      "x" : 0.0,
      "y" : -0.8506508,
      "z" : -0.5257311,
      "zero" : false
    },
    "upDirectionRV" : {
      "x" : 0.0,
      "y" : 0.5257311,
      "z" : -0.8506508,
      "zero" : false
    },
    "lookAtPointRV" : {
      "x" : 0.0,
      "y" : 0.0,
      "z" : 0.0,
      "zero" : true
    },
    "position" : {
      "x" : 0.0,
      "y" : 129.9469,
      "z" : 80.3116
    },
    "width" : 68.742775,
    "nearClipDistance" : 0.38190442
  },
  "embedding" : [ 1.0, 0.0, 0.0, 0.0, 0.0, 1.0, 0.0, 0.0, 0.0, 0.0, 1.0, 0.0, 0.0, 0.0, 0.0, 1.0 ],
  "shapes" : [ {
    "id" : "7af5c25f-e5e9-440b-8321-30588a853d46",
    "name" : "ball",
    "vertices" : [ {
      "x" : 0.309017,
      "y" : -0.809017,
      "z" : 0.618034
    }, {
      "x" : 0.809017,
      "y" : -0.618034,
      "z" : 0.309017
    }, {
      "x" : 0.618034,
      "y" : -0.309017,
      "z" : 0.809017
    }, {
      "x" : 1.0,
      "y" : 0.309017,
      "z" : 0.19098301
    }, {
      "x" : 0.809017,
      "y" : 0.618034,
      "z" : 0.309017
    }, {
      "x" : 0.618034,
      "y" : 0.309017,
      "z" : 0.809017
    }, {
      "x" : 0.809017,
      "y" : 0.0,
      "z" : 0.690983
    }, {
      "x" : 0.19098301,
      "y" : -1.0,
      "z" : 0.309017
    }, {
      "x" : -0.19098301,
      "y" : -1.0,
      "z" : 0.309017
    }, {
      "x" : -0.19098301,
      "y" : -1.0,
      "z" : -0.309017
    }, {
      "x" : 0.19098301,
      "y" : -1.0,
      "z" : -0.309017
    }, {
      "x" : 1.0,
      "y" : -0.309017,
      "z" : -0.19098301
    }, {
      "x" : 0.809017,
      "y" : -0.618034,
      "z" : -0.309017
    }, {
      "x" : 0.618034,
      "y" : -0.309017,
      "z" : -0.809017
    }, {
      "x" : 0.809017,
      "y" : 0.0,
      "z" : -0.690983
    }, {
      "x" : 0.0,
      "y" : 0.690983,
      "z" : -0.809017
    }, {
      "x" : 0.309017,
      "y" : 0.809017,
      "z" : -0.618034
    }, {
      "x" : 0.618034,
      "y" : 0.309017,
      "z" : -0.809017
    }, {
      "x" : 0.309017,
      "y" : 0.19098301,
      "z" : -1.0
    }, {
      "x" : 1.0,
      "y" : 0.309017,
      "z" : -0.19098301
    }, {
      "x" : -0.309017,
      "y" : -0.809017,
      "z" : 0.618034
    }, {
      "x" : 0.0,
      "y" : -0.690983,
      "z" : 0.809017
    }, {
      "x" : 0.809017,
      "y" : 0.618034,
      "z" : -0.309017
    }, {
      "x" : 0.690983,
      "y" : 0.809017,
      "z" : 0.0
    }, {
      "x" : -0.690983,
      "y" : 0.809017,
      "z" : 0.0
    }, {
      "x" : -0.809017,
      "y" : 0.618034,
      "z" : 0.309017
    }, {
      "x" : -0.309017,
      "y" : 0.809017,
      "z" : 0.618034
    }, {
      "x" : -0.19098301,
      "y" : 1.0,
      "z" : 0.309017
    }, {
      "x" : 0.309017,
      "y" : -0.19098301,
      "z" : -1.0
    }, {
      "x" : 0.19098301,
      "y" : 1.0,
      "z" : 0.309017
    }, {
      "x" : 0.309017,
      "y" : 0.809017,
      "z" : 0.618034
    }, {
      "x" : -0.809017,
      "y" : -0.618034,
      "z" : 0.309017
    }, {
      "x" : -0.690983,
      "y" : -0.809017,
      "z" : 0.0
    }, {
      "x" : 0.0,
      "y" : 0.690983,
      "z" : 0.809017
    }, {
      "x" : 0.309017,
      "y" : -0.809017,
      "z" : -0.618034
    }, {
      "x" : 0.0,
      "y" : -0.690983,
      "z" : -0.809017
    }, {
      "x" : -1.0,
      "y" : 0.309017,
      "z" : 0.19098301
    }, {
      "x" : -0.809017,
      "y" : 0.0,
      "z" : 0.690983
    }, {
      "x" : -0.618034,
      "y" : 0.309017,
      "z" : 0.809017
    }, {
      "x" : 1.0,
      "y" : -0.309017,
      "z" : 0.19098301
    }, {
      "x" : -0.309017,
      "y" : -0.809017,
      "z" : -0.618034
    }, {
      "x" : -1.0,
      "y" : 0.309017,
      "z" : -0.19098301
    }, {
      "x" : -1.0,
      "y" : -0.309017,
      "z" : -0.19098301
    }, {
      "x" : -1.0,
      "y" : -0.309017,
      "z" : 0.19098301
    }, {
      "x" : 0.19098301,
      "y" : 1.0,
      "z" : -0.309017
    }, {
      "x" : -0.809017,
      "y" : 0.618034,
      "z" : -0.309017
    }, {
      "x" : -0.19098301,
      "y" : 1.0,
      "z" : -0.309017
    }, {
      "x" : -0.309017,
      "y" : 0.809017,
      "z" : -0.618034
    }, {
      "x" : -0.618034,
      "y" : -0.309017,
      "z" : 0.809017
    }, {
      "x" : 0.309017,
      "y" : 0.19098301,
      "z" : 1.0
    }, {
      "x" : -0.309017,
      "y" : 0.19098301,
      "z" : -1.0
    }, {
      "x" : -0.309017,
      "y" : 0.19098301,
      "z" : 1.0
    }, {
      "x" : -0.309017,
      "y" : -0.19098301,
      "z" : 1.0
    }, {
      "x" : 0.309017,
      "y" : -0.19098301,
      "z" : 1.0
    }, {
      "x" : 0.690983,
      "y" : -0.809017,
      "z" : 0.0
    }, {
      "x" : -0.809017,
      "y" : 0.0,
      "z" : -0.690983
    }, {
      "x" : -0.618034,
      "y" : -0.309017,
      "z" : -0.809017
    }, {
      "x" : -0.309017,
      "y" : -0.19098301,
      "z" : -1.0
    }, {
      "x" : -0.618034,
      "y" : 0.309017,
      "z" : -0.809017
    }, {
      "x" : -0.809017,
      "y" : -0.618034,
      "z" : -0.309017
    } ],
    "faces" : [ {
      "vertices" : [ 9, 40, 35, 34, 10 ]
    }, {
      "vertices" : [ 0, 1, 2 ]
    }, {
      "vertices" : [ 33, 51, 49 ]
    }, {
      "vertices" : [ 25, 36, 37, 38 ]
    }, {
      "vertices" : [ 41, 55, 42 ]
    }, {
      "vertices" : [ 9, 32, 59, 40 ]
    }, {
      "vertices" : [ 20, 21, 52, 48 ]
    }, {
      "vertices" : [ 26, 33, 30, 29, 27 ]
    }, {
      "vertices" : [ 3, 4, 5, 6 ]
    }, {
      "vertices" : [ 27, 29, 44, 46 ]
    }, {
      "vertices" : [ 50, 57, 56, 55, 58 ]
    }, {
      "vertices" : [ 26, 38, 51, 33 ]
    }, {
      "vertices" : [ 45, 47, 58 ]
    }, {
      "vertices" : [ 18, 28, 57, 50 ]
    }, {
      "vertices" : [ 40, 59, 56 ]
    }, {
      "vertices" : [ 31, 48, 37, 43 ]
    }, {
      "vertices" : [ 7, 8, 9, 10 ]
    }, {
      "vertices" : [ 36, 41, 42, 43 ]
    }, {
      "vertices" : [ 24, 46, 47, 45 ]
    }, {
      "vertices" : [ 4, 30, 5 ]
    }, {
      "vertices" : [ 15, 47, 46, 44, 16 ]
    }, {
      "vertices" : [ 15, 50, 58, 47 ]
    }, {
      "vertices" : [ 24, 45, 41, 36, 25 ]
    }, {
      "vertices" : [ 11, 14, 19 ]
    }, {
      "vertices" : [ 3, 6, 39 ]
    }, {
      "vertices" : [ 1, 39, 6, 2 ]
    }, {
      "vertices" : [ 8, 32, 9 ]
    }, {
      "vertices" : [ 11, 12, 13, 14 ]
    }, {
      "vertices" : [ 16, 22, 17 ]
    }, {
      "vertices" : [ 0, 21, 20, 8, 7 ]
    }, {
      "vertices" : [ 12, 34, 13 ]
    }, {
      "vertices" : [ 35, 40, 56, 57 ]
    }, {
      "vertices" : [ 0, 7, 54, 1 ]
    }, {
      "vertices" : [ 15, 16, 17, 18 ]
    }, {
      "vertices" : [ 3, 19, 22, 23, 4 ]
    }, {
      "vertices" : [ 7, 10, 54 ]
    }, {
      "vertices" : [ 41, 45, 58, 55 ]
    }, {
      "vertices" : [ 3, 39, 11, 19 ]
    }, {
      "vertices" : [ 14, 17, 22, 19 ]
    }, {
      "vertices" : [ 0, 2, 53, 21 ]
    }, {
      "vertices" : [ 49, 51, 52, 53 ]
    }, {
      "vertices" : [ 31, 43, 42, 59, 32 ]
    }, {
      "vertices" : [ 15, 18, 50 ]
    }, {
      "vertices" : [ 42, 55, 56, 59 ]
    }, {
      "vertices" : [ 4, 23, 29, 30 ]
    }, {
      "vertices" : [ 25, 38, 26 ]
    }, {
      "vertices" : [ 13, 28, 18, 17, 14 ]
    }, {
      "vertices" : [ 8, 20, 31, 32 ]
    }, {
      "vertices" : [ 23, 44, 29 ]
    }, {
      "vertices" : [ 24, 27, 46 ]
    }, {
      "vertices" : [ 37, 48, 52, 51, 38 ]
    }, {
      "vertices" : [ 20, 48, 31 ]
    }, {
      "vertices" : [ 24, 25, 26, 27 ]
    }, {
      "vertices" : [ 16, 44, 23, 22 ]
    }, {
      "vertices" : [ 13, 34, 35, 28 ]
    }, {
      "vertices" : [ 10, 34, 12, 54 ]
    }, {
      "vertices" : [ 2, 6, 5, 49, 53 ]
    }, {
      "vertices" : [ 36, 43, 37 ]
    }, {
      "vertices" : [ 5, 30, 33, 49 ]
    }, {
      "vertices" : [ 1, 54, 12, 11, 39 ]
    }, {
      "vertices" : [ 28, 35, 57 ]
    }, {
      "vertices" : [ 21, 53, 52 ]
    } ]
  }, {
    "id" : "f385025d-1aef-45d4-81e5-96cb096bcc20",
    "orbit" : "blue",
    "orbitC" : "[[0,0,1],[0,0,1]]",
    "length" : "[1,1,1]",
    "name" : "b3",
    "vertices" : [ {
      "x" : 21.18034,
      "y" : 0.309017,
      "z" : 0.19098301
    }, {
      "x" : 21.18034,
      "y" : 0.309017,
      "z" : -0.19098301
    }, {
      "x" : 1.0,
      "y" : 0.309017,
      "z" : -0.19098301
    }, {
      "x" : 1.0,
      "y" : 0.309017,
      "z" : 0.19098301
    }, {
      "x" : 21.18034,
      "y" : -0.309017,
      "z" : 0.19098301
    }, {
      "x" : 1.0,
      "y" : -0.309017,
      "z" : 0.19098301
    }, {
      "x" : 1.0,
      "y" : -0.309017,
      "z" : -0.19098301
    }, {
      "x" : 21.18034,
      "y" : -0.309017,
      "z" : -0.19098301
    }, {
      "x" : 22.18034,
      "y" : 0.0,
      "z" : 0.0
    } ],
    "faces" : [ {
      "vertices" : [ 1, 7, 6, 2 ]
    }, {
      "vertices" : [ 0, 1, 2, 3 ]
    }, {
      "vertices" : [ 4, 5, 6, 7 ]
    }, {
      "vertices" : [ 0, 3, 5, 4 ]
    } ]
  }, {
    "id" : "d9bd1932-e748-49f1-9cfa-0d4c3e00bcd5",
    "orbit" : "blue",
    "orbitC" : "[[0,0,1],[0,0,1]]",
    "length" : "[1,0,1]",
    "name" : "b1",
    "vertices" : [ {
      "x" : 7.472136,
      "y" : 0.309017,
      "z" : 0.19098301
    }, {
      "x" : 7.472136,
      "y" : 0.309017,
      "z" : -0.19098301
    }, {
      "x" : 1.0,
      "y" : 0.309017,
      "z" : -0.19098301
    }, {
      "x" : 1.0,
      "y" : 0.309017,
      "z" : 0.19098301
    }, {
      "x" : 7.472136,
      "y" : -0.309017,
      "z" : 0.19098301
    }, {
      "x" : 1.0,
      "y" : -0.309017,
      "z" : 0.19098301
    }, {
      "x" : 1.0,
      "y" : -0.309017,
      "z" : -0.19098301
    }, {
      "x" : 7.472136,
      "y" : -0.309017,
      "z" : -0.19098301
    }, {
      "x" : 8.472136,
      "y" : 0.0,
      "z" : 0.0
    } ],
    "faces" : [ {
      "vertices" : [ 1, 7, 6, 2 ]
    }, {
      "vertices" : [ 0, 1, 2, 3 ]
    }, {
      "vertices" : [ 4, 5, 6, 7 ]
    }, {
      "vertices" : [ 0, 3, 5, 4 ]
    } ]
  }, {
    "id" : "f81aa259-1dc5-430b-86e9-f8cf90ffa225",
    "orbit" : "blue",
    "orbitC" : "[[0,0,1],[0,0,1]]",
    "length" : "[2,1,1]",
    "name" : " :2 +phi",
    "vertices" : [ {
      "x" : 29.652475,
      "y" : 0.309017,
      "z" : 0.19098301
    }, {
      "x" : 29.652475,
      "y" : 0.309017,
      "z" : -0.19098301
    }, {
      "x" : 1.0,
      "y" : 0.309017,
      "z" : -0.19098301
    }, {
      "x" : 1.0,
      "y" : 0.309017,
      "z" : 0.19098301
    }, {
      "x" : 29.652475,
      "y" : -0.309017,
      "z" : 0.19098301
    }, {
      "x" : 1.0,
      "y" : -0.309017,
      "z" : 0.19098301
    }, {
      "x" : 1.0,
      "y" : -0.309017,
      "z" : -0.19098301
    }, {
      "x" : 29.652475,
      "y" : -0.309017,
      "z" : -0.19098301
    }, {
      "x" : 30.652475,
      "y" : 0.0,
      "z" : 0.0
    } ],
    "faces" : [ {
      "vertices" : [ 1, 7, 6, 2 ]
    }, {
      "vertices" : [ 0, 1, 2, 3 ]
    }, {
      "vertices" : [ 4, 5, 6, 7 ]
    }, {
      "vertices" : [ 0, 3, 5, 4 ]
    } ]
  }, {
    "id" : "d2a662f6-2958-4313-ba58-99f4e59e1c4c",
    "orbit" : "blue",
    "orbitC" : "[[0,0,1],[0,0,1]]",
    "length" : "[2,-1,1]",
    "name" : " :2 -phi",
    "vertices" : [ {
      "x" : 2.236068,
      "y" : 0.309017,
      "z" : 0.19098301
    }, {
      "x" : 2.236068,
      "y" : 0.309017,
      "z" : -0.19098301
    }, {
      "x" : 1.0,
      "y" : 0.309017,
      "z" : -0.19098301
    }, {
      "x" : 1.0,
      "y" : 0.309017,
      "z" : 0.19098301
    }, {
      "x" : 2.236068,
      "y" : -0.309017,
      "z" : 0.19098301
    }, {
      "x" : 1.0,
      "y" : -0.309017,
      "z" : 0.19098301
    }, {
      "x" : 1.0,
      "y" : -0.309017,
      "z" : -0.19098301
    }, {
      "x" : 2.236068,
      "y" : -0.309017,
      "z" : -0.19098301
    }, {
      "x" : 3.236068,
      "y" : 0.0,
      "z" : 0.0
    } ],
    "faces" : [ {
      "vertices" : [ 1, 7, 6, 2 ]
    }, {
      "vertices" : [ 0, 1, 2, 3 ]
    }, {
      "vertices" : [ 4, 5, 6, 7 ]
    }, {
      "vertices" : [ 0, 3, 5, 4 ]
    } ]
  } ],
  "instances" : [ {
    "shape" : "7af5c25f-e5e9-440b-8321-30588a853d46",
    "color" : "#F2F2F2",
    "position" : {
      "x" : -5.854102,
      "y" : -4.236068,
      "z" : 6.854102
    }
  }, {
    "shape" : "f385025d-1aef-45d4-81e5-96cb096bcc20",
    "color" : "#008EC2",
    "position" : {
      "x" : 15.326238,
      "y" : 2.618034,
      "z" : -4.236068
    },
    "orientation" : 40
  }, {
    "shape" : "d9bd1932-e748-49f1-9cfa-0d4c3e00bcd5",
    "color" : "#008EC2",
    "position" : {
      "x" : -5.854102,
      "y" : -4.236068,
      "z" : 6.854102
    },
    "orientation" : 52
  }, {
    "shape" : "d9bd1932-e748-49f1-9cfa-0d4c3e00bcd5",
    "color" : "#008EC2",
    "position" : {
      "x" : -5.854102,
      "y" : -4.236068,
      "z" : 6.854102
    },
    "orientation" : 0
  }, {
    "shape" : "f81aa259-1dc5-430b-86e9-f8cf90ffa225",
    "color" : "#008EC2",
    "position" : {
      "x" : -12.708204,
      "y" : 6.854102,
      "z" : -11.09017
    },
    "orientation" : 0
  }, {
    "shape" : "d9bd1932-e748-49f1-9cfa-0d4c3e00bcd5",
    "color" : "#008EC2",
    "position" : {
      "x" : -15.326238,
      "y" : 46.978714,
      "z" : -76.01315
    },
    "orientation" : 0
  }, {
    "shape" : "d9bd1932-e748-49f1-9cfa-0d4c3e00bcd5",
    "color" : "#008EC2",
    "position" : {
      "x" : 2.618034,
      "y" : 4.236068,
      "z" : -6.854102
    },
    "orientation" : 40
  }, {
    "shape" : "7af5c25f-e5e9-440b-8321-30588a853d46",
    "color" : "#F2F2F2",
    "position" : {
      "x" : 12.09017,
      "y" : 2.618034,
      "z" : -4.236068
    }
  }, {
    "shape" : "d9bd1932-e748-49f1-9cfa-0d4c3e00bcd5",
    "color" : "#008EC2",
    "position" : {
      "x" : -12.708204,
      "y" : 51.214783,
      "z" : -82.867256
    },
    "orientation" : 8
  }, {
    "shape" : "7af5c25f-e5e9-440b-8321-30588a853d46",
    "color" : "#F2F2F2",
    "position" : {
      "x" : 8.472136,
      "y" : -8.472136,
      "z" : 13.708204
    }
  }, {
    "shape" : "d9bd1932-e748-49f1-9cfa-0d4c3e00bcd5",
    "color" : "#008EC2",
    "position" : {
      "x" : 5.854102,
      "y" : -4.236068,
      "z" : 6.854102
    },
    "orientation" : 37
  }, {
    "shape" : "7af5c25f-e5e9-440b-8321-30588a853d46",
    "color" : "#F2F2F2",
    "position" : {
      "x" : -3.236068,
      "y" : -8.472136,
      "z" : 13.708204
    }
  }, {
    "shape" : "d2a662f6-2958-4313-ba58-99f4e59e1c4c",
    "color" : "#008EC2",
    "position" : {
      "x" : 2.618034,
      "y" : -4.236068,
      "z" : 6.854102
    },
    "orientation" : 0
  }, {
    "shape" : "f81aa259-1dc5-430b-86e9-f8cf90ffa225",
    "color" : "#008EC2",
    "position" : {
      "x" : 17.944271,
      "y" : 6.854102,
      "z" : -11.09017
    },
    "orientation" : 40
  }, {
    "shape" : "d9bd1932-e748-49f1-9cfa-0d4c3e00bcd5",
    "color" : "#008EC2",
    "position" : {
      "x" : -12.708204,
      "y" : 6.854102,
      "z" : -11.09017
    },
    "orientation" : 8
  }, {
    "shape" : "d9bd1932-e748-49f1-9cfa-0d4c3e00bcd5",
    "color" : "#008EC2",
    "position" : {
      "x" : 8.472136,
      "y" : 0.0,
      "z" : 0.0
    },
    "orientation" : 40
  }, {
    "shape" : "7af5c25f-e5e9-440b-8321-30588a853d46",
    "color" : "#F2F2F2",
    "position" : {
      "x" : 15.326238,
      "y" : 2.618034,
      "z" : -4.236068
    }
  }, {
    "shape" : "d9bd1932-e748-49f1-9cfa-0d4c3e00bcd5",
    "color" : "#008EC2",
    "position" : {
      "x" : -15.326238,
      "y" : 46.978714,
      "z" : -76.01315
    },
    "orientation" : 52
  }, {
    "shape" : "7af5c25f-e5e9-440b-8321-30588a853d46",
    "color" : "#F2F2F2",
    "position" : {
      "x" : 0.0,
      "y" : -8.472136,
      "z" : 13.708204
    }
  }, {
    "shape" : "d2a662f6-2958-4313-ba58-99f4e59e1c4c",
    "color" : "#008EC2",
    "position" : {
      "x" : -6.854102,
      "y" : 46.978714,
      "z" : -76.01315
    },
    "orientation" : 52
  }, {
    "shape" : "7af5c25f-e5e9-440b-8321-30588a853d46",
    "color" : "#F2F2F2",
    "position" : {
      "x" : 0.0,
      "y" : 0.0,
      "z" : 0.0
    }
  }, {
    "shape" : "d2a662f6-2958-4313-ba58-99f4e59e1c4c",
    "color" : "#008EC2",
    "position" : {
      "x" : -3.236068,
      "y" : 0.0,
      "z" : 0.0
    },
    "orientation" : 0
  }, {
    "shape" : "d9bd1932-e748-49f1-9cfa-0d4c3e00bcd5",
    "color" : "#008EC2",
    "position" : {
      "x" : 0.0,
      "y" : 0.0,
      "z" : 0.0
    },
    "orientation" : 0
  }, {
    "shape" : "d2a662f6-2958-4313-ba58-99f4e59e1c4c",
    "color" : "#008EC2",
    "position" : {
      "x" : 8.472136,
      "y" : 0.0,
      "z" : 0.0
    },
    "orientation" : 52
  }, {
    "shape" : "7af5c25f-e5e9-440b-8321-30588a853d46",
    "color" : "#F2F2F2",
    "position" : {
      "x" : 2.618034,
      "y" : -4.236068,
      "z" : 6.854102
    }
  }, {
    "shape" : "7af5c25f-e5e9-440b-8321-30588a853d46",
    "color" : "#F2F2F2",
    "position" : {
      "x" : -15.326238,
      "y" : 46.978714,
      "z" : -76.01315
    }
  }, {
    "shape" : "d9bd1932-e748-49f1-9cfa-0d4c3e00bcd5",
    "color" : "#008EC2",
    "position" : {
      "x" : 17.944271,
      "y" : 6.854102,
      "z" : -11.09017
    },
    "orientation" : 40
  }, {
    "shape" : "d9bd1932-e748-49f1-9cfa-0d4c3e00bcd5",
    "color" : "#008EC2",
    "position" : {
      "x" : 9.472136,
      "y" : 6.854102,
      "z" : -11.09017
    },
    "orientation" : 0
  }, {
    "shape" : "7af5c25f-e5e9-440b-8321-30588a853d46",
    "color" : "#F2F2F2",
    "position" : {
      "x" : 9.472136,
      "y" : 6.854102,
      "z" : -11.09017
    }
  }, {
    "shape" : "7af5c25f-e5e9-440b-8321-30588a853d46",
    "color" : "#F2F2F2",
    "position" : {
      "x" : -5.854102,
      "y" : 48.59675,
      "z" : -78.63119
    }
  }, {
    "shape" : "f385025d-1aef-45d4-81e5-96cb096bcc20",
    "color" : "#008EC2",
    "position" : {
      "x" : -12.708204,
      "y" : 6.854102,
      "z" : -11.09017
    },
    "orientation" : 0
  }, {
    "shape" : "7af5c25f-e5e9-440b-8321-30588a853d46",
    "color" : "#F2F2F2",
    "position" : {
      "x" : 5.854102,
      "y" : -4.236068,
      "z" : 6.854102
    }
  }, {
    "shape" : "d2a662f6-2958-4313-ba58-99f4e59e1c4c",
    "color" : "#008EC2",
    "position" : {
      "x" : 12.09017,
      "y" : 2.618034,
      "z" : -4.236068
    },
    "orientation" : 0
  }, {
    "shape" : "7af5c25f-e5e9-440b-8321-30588a853d46",
    "color" : "#F2F2F2",
    "position" : {
      "x" : -12.708204,
      "y" : 6.854102,
      "z" : -11.09017
    }
  }, {
    "shape" : "d2a662f6-2958-4313-ba58-99f4e59e1c4c",
    "color" : "#008EC2",
    "position" : {
      "x" : -3.236068,
      "y" : -8.472136,
      "z" : 13.708204
    },
    "orientation" : 0
  }, {
    "shape" : "d9bd1932-e748-49f1-9cfa-0d4c3e00bcd5",
    "color" : "#008EC2",
    "position" : {
      "x" : 2.618034,
      "y" : 4.236068,
      "z" : -6.854102
    },
    "orientation" : 8
  }, {
    "shape" : "7af5c25f-e5e9-440b-8321-30588a853d46",
    "color" : "#F2F2F2",
    "position" : {
      "x" : -5.854102,
      "y" : 4.236068,
      "z" : -6.854102
    }
  }, {
    "shape" : "7af5c25f-e5e9-440b-8321-30588a853d46",
    "color" : "#F2F2F2",
    "position" : {
      "x" : -6.854102,
      "y" : 46.978714,
      "z" : -76.01315
    }
  }, {
    "shape" : "d2a662f6-2958-4313-ba58-99f4e59e1c4c",
    "color" : "#008EC2",
    "position" : {
      "x" : 12.09017,
      "y" : 2.618034,
      "z" : -4.236068
    },
    "orientation" : 41
  }, {
    "shape" : "7af5c25f-e5e9-440b-8321-30588a853d46",
    "color" : "#F2F2F2",
    "position" : {
      "x" : 2.618034,
      "y" : 4.236068,
      "z" : -6.854102
    }
  }, {
    "shape" : "d9bd1932-e748-49f1-9cfa-0d4c3e00bcd5",
    "color" : "#008EC2",
    "position" : {
      "x" : 2.618034,
      "y" : -4.236068,
      "z" : 6.854102
    },
    "orientation" : 55
  }, {
    "shape" : "d9bd1932-e748-49f1-9cfa-0d4c3e00bcd5",
    "color" : "#008EC2",
    "position" : {
      "x" : -3.236068,
      "y" : -8.472136,
      "z" : 13.708204
    },
    "orientation" : 55
  }, {
    "shape" : "7af5c25f-e5e9-440b-8321-30588a853d46",
    "color" : "#F2F2F2",
    "position" : {
      "x" : -3.236068,
      "y" : 0.0,
      "z" : 0.0
    }
  }, {
    "shape" : "7af5c25f-e5e9-440b-8321-30588a853d46",
    "color" : "#F2F2F2",
    "position" : {
      "x" : 8.472136,
      "y" : 0.0,
      "z" : 0.0
    }
  }, {
    "shape" : "d9bd1932-e748-49f1-9cfa-0d4c3e00bcd5",
    "color" : "#008EC2",
    "position" : {
      "x" : -5.854102,
      "y" : 4.236068,
      "z" : -6.854102
    },
    "orientation" : 0
  }, {
    "shape" : "d9bd1932-e748-49f1-9cfa-0d4c3e00bcd5",
    "color" : "#008EC2",
    "position" : {
      "x" : 0.0,
      "y" : -8.472136,
      "z" : 13.708204
    },
    "orientation" : 52
  }, {
    "shape" : "7af5c25f-e5e9-440b-8321-30588a853d46",
    "color" : "#F2F2F2",
    "position" : {
      "x" : -12.708204,
      "y" : 51.214783,
      "z" : -82.867256
    }
  }, {
    "shape" : "f385025d-1aef-45d4-81e5-96cb096bcc20",
    "color" : "#008EC2",
    "position" : {
      "x" : -12.708204,
      "y" : 6.854102,
      "z" : -11.09017
    },
    "orientation" : 37
  }, {
    "shape" : "7af5c25f-e5e9-440b-8321-30588a853d46",
    "color" : "#F2F2F2",
    "position" : {
      "x" : 17.944271,
      "y" : 6.854102,
      "z" : -11.09017
    }
  }, {
    "shape" : "d9bd1932-e748-49f1-9cfa-0d4c3e00bcd5",
    "color" : "#008EC2",
    "position" : {
      "x" : 9.472136,
      "y" : 6.854102,
      "z" : -11.09017
    },
    "orientation" : 37
  }, {
    "shape" : "d9bd1932-e748-49f1-9cfa-0d4c3e00bcd5",
    "color" : "#008EC2",
    "position" : {
      "x" : 15.326238,
      "y" : 2.618034,
      "z" : -4.236068
    },
    "orientation" : 41
  }, {
    "shape" : "d9bd1932-e748-49f1-9cfa-0d4c3e00bcd5",
    "color" : "#008EC2",
    "position" : {
      "x" : 0.0,
      "y" : -8.472136,
      "z" : 13.708204
    },
    "orientation" : 0
  }, {
    "shape" : "d9bd1932-e748-49f1-9cfa-0d4c3e00bcd5",
    "color" : "#008EC2",
    "position" : {
      "x" : 9.472136,
      "y" : 6.854102,
      "z" : -11.09017
    },
    "orientation" : 41
  }, {
    "shape" : "7af5c25f-e5e9-440b-8321-30588a853d46",
    "color" : "#F2F2F2",
    "position" : {
      "x" : 9.472136,
      "y" : 1.618034,
      "z" : -2.618034
    }
  }, {
    "shape" : "d9bd1932-e748-49f1-9cfa-0d4c3e00bcd5",
    "color" : "#008EC2",
    "position" : {
      "x" : -5.854102,
      "y" : 4.236068,
      "z" : -6.854102
    },
    "orientation" : 37
  } ],
  "scenes" : [ ],
  "snapshots" : [ ]
}