{
  "field" : "golden",
  "symmetry" : "icosahedral",
  "orientations" : [ [ 1.0, 0.0, 0.0, 0.0, 0.0, 1.0, 0.0, 0.0, 0.0, 0.0, 1.0, 0.0, 0.0, 0.0, 0.0, 1.0 ], [ 0.0, 0.0, 1.0, 0.0, 1.0, 0.0, 0.0, 0.0, 0.0, 1.0, 0.0, 0.0, 0.0, 0.0, 0.0, 1.0 ], [ 0.0, 1.0, 0.0, 0.0, 0.0, 0.0, 1.0, 0.0, 1.0, 0.0, 0.0, 0.0, 0.0, 0.0, 0.0, 1.0 ], [ 0.809017, 0.309017, 0.5, 0.0, 0.309017, 0.5, -0.809017, 0.0, -0.5, 0.809017, 0.309017, 0.0, 0.0, 0.0, 0.0, 1.0 ], [ -0.5, 0.809017, 0.309017, 0.0, 0.809017, 0.309017, 0.5, 0.0, 0.309017, 0.5, -0.809017, 0.0, 0.0, 0.0, 0.0, 1.0 ], [ 0.309017, 0.5, -0.809017, 0.0, -0.5, 0.809017, 0.309017, 0.0, 0.809017, 0.309017, 0.5, 0.0, 0.0, 0.0, 0.0, 1.0 ], [ 0.5, 0.809017, 0.309017, 0.0, 0.809017, -0.309017, -0.5, 0.0, -0.309017, 0.5, -0.809017, 0.0, 0.0, 0.0, 0.0, 1.0 ], [ -0.309017, 0.5, -0.809017, 0.0, 0.5, 0.809017, 0.309017, 0.0, 0.809017, -0.309017, -0.5, 0.0, 0.0, 0.0, 0.0, 1.0 ], [ 0.809017, -0.309017, -0.5, 0.0, -0.309017, 0.5, -0.809017, 0.0, 0.5, 0.809017, 0.309017, 0.0, 0.0, 0.0, 0.0, 1.0 ], [ 0.5, 0.809017, -0.309017, 0.0, 0.809017, -0.309017, 0.5, 0.0, 0.309017, -0.5, -0.809017, 0.0, 0.0, 0.0, 0.0, 1.0 ], [ 0.309017, -0.5, -0.809017, 0.0, 0.5, 0.809017, -0.309017, 0.0, 0.809017, -0.309017, 0.5, 0.0, 0.0, 0.0, 0.0, 1.0 ], [ 0.809017, -0.309017, 0.5, 0.0, 0.309017, -0.5, -0.809017, 0.0, 0.5, 0.809017, -0.309017, 0.0, 0.0, 0.0, 0.0, 1.0 ], [ 0.809017, 0.309017, -0.5, 0.0, 0.309017, 0.5, 0.809017, 0.0, 0.5, -0.809017, 0.309017, 0.0, 0.0, 0.0, 0.0, 1.0 ], [ 0.5, -0.809017, 0.309017, 0.0, 0.809017, 0.309017, -0.5, 0.0, 0.309017, 0.5, 0.809017, 0.0, 0.0, 0.0, 0.0, 1.0 ], [ 0.309017, 0.5, 0.809017, 0.0, 0.5, -0.809017, 0.309017, 0.0, 0.809017, 0.309017, -0.5, 0.0, 0.0, 0.0, 0.0, 1.0 ], [ 1.0, 0.0, 0.0, 0.0, 0.0, -1.0, 0.0, 0.0, 0.0, 0.0, -1.0, 0.0, 0.0, 0.0, 0.0, 1.0 ], [ 0.0, 0.0, 1.0, 0.0, -1.0, 0.0, 0.0, 0.0, 0.0, -1.0, 0.0, 0.0, 0.0, 0.0, 0.0, 1.0 ], [ 0.0, 1.0, 0.0, 0.0, 0.0, 0.0, -1.0, 0.0, -1.0, 0.0, 0.0, 0.0, 0.0, 0.0, 0.0, 1.0 ], [ 0.809017, 0.309017, 0.5, 0.0, -0.309017, -0.5, 0.809017, 0.0, 0.5, -0.809017, -0.309017, 0.0, 0.0, 0.0, 0.0, 1.0 ], [ -0.5, 0.809017, 0.309017, 0.0, -0.809017, -0.309017, -0.5, 0.0, -0.309017, -0.5, 0.809017, 0.0, 0.0, 0.0, 0.0, 1.0 ], [ 0.309017, 0.5, -0.809017, 0.0, 0.5, -0.809017, -0.309017, 0.0, -0.809017, -0.309017, -0.5, 0.0, 0.0, 0.0, 0.0, 1.0 ], [ 0.5, 0.809017, 0.309017, 0.0, -0.809017, 0.309017, 0.5, 0.0, 0.309017, -0.5, 0.809017, 0.0, 0.0, 0.0, 0.0, 1.0 ], [ -0.309017, 0.5, -0.809017, 0.0, -0.5, -0.809017, -0.309017, 0.0, -0.809017, 0.309017, 0.5, 0.0, 0.0, 0.0, 0.0, 1.0 ], [ 0.809017, -0.309017, -0.5, 0.0, 0.309017, -0.5, 0.809017, 0.0, -0.5, -0.809017, -0.309017, 0.0, 0.0, 0.0, 0.0, 1.0 ], [ 0.5, 0.809017, -0.309017, 0.0, -0.809017, 0.309017, -0.5, 0.0, -0.309017, 0.5, 0.809017, 0.0, 0.0, 0.0, 0.0, 1.0 ], [ 0.309017, -0.5, -0.809017, 0.0, -0.5, -0.809017, 0.309017, 0.0, -0.809017, 0.309017, -0.5, 0.0, 0.0, 0.0, 0.0, 1.0 ], [ 0.809017, -0.309017, 0.5, 0.0, -0.309017, 0.5, 0.809017, 0.0, -0.5, -0.809017, 0.309017, 0.0, 0.0, 0.0, 0.0, 1.0 ], [ 0.809017, 0.309017, -0.5, 0.0, -0.309017, -0.5, -0.809017, 0.0, -0.5, 0.809017, -0.309017, 0.0, 0.0, 0.0, 0.0, 1.0 ], [ 0.5, -0.809017, 0.309017, 0.0, -0.809017, -0.309017, 0.5, 0.0, -0.309017, -0.5, -0.809017, 0.0, 0.0, 0.0, 0.0, 1.0 ], [ 0.309017, 0.5, 0.809017, 0.0, -0.5, 0.809017, -0.309017, 0.0, -0.809017, -0.309017, 0.5, 0.0, 0.0, 0.0, 0.0, 1.0 ], [ -1.0, 0.0, 0.0, 0.0, 0.0, -1.0, 0.0, 0.0, 0.0, 0.0, 1.0, 0.0, 0.0, 0.0, 0.0, 1.0 ], [ 0.0, 0.0, -1.0, 0.0, -1.0, 0.0, 0.0, 0.0, 0.0, 1.0, 0.0, 0.0, 0.0, 0.0, 0.0, 1.0 ], [ 0.0, -1.0, 0.0, 0.0, 0.0, 0.0, -1.0, 0.0, 1.0, 0.0, 0.0, 0.0, 0.0, 0.0, 0.0, 1.0 ], [ -0.809017, -0.309017, -0.5, 0.0, -0.309017, -0.5, 0.809017, 0.0, -0.5, 0.809017, 0.309017, 0.0, 0.0, 0.0, 0.0, 1.0 ], [ 0.5, -0.809017, -0.309017, 0.0, -0.809017, -0.309017, -0.5, 0.0, 0.309017, 0.5, -0.809017, 0.0, 0.0, 0.0, 0.0, 1.0 ], [ -0.309017, -0.5, 0.809017, 0.0, 0.5, -0.809017, -0.309017, 0.0, 0.809017, 0.309017, 0.5, 0.0, 0.0, 0.0, 0.0, 1.0 ], [ -0.5, -0.809017, -0.309017, 0.0, -0.809017, 0.309017, 0.5, 0.0, -0.309017, 0.5, -0.809017, 0.0, 0.0, 0.0, 0.0, 1.0 ], [ 0.309017, -0.5, 0.809017, 0.0, -0.5, -0.809017, -0.309017, 0.0, 0.809017, -0.309017, -0.5, 0.0, 0.0, 0.0, 0.0, 1.0 ], [ -0.809017, 0.309017, 0.5, 0.0, 0.309017, -0.5, 0.809017, 0.0, 0.5, 0.809017, 0.309017, 0.0, 0.0, 0.0, 0.0, 1.0 ], [ -0.5, -0.809017, 0.309017, 0.0, -0.809017, 0.309017, -0.5, 0.0, 0.309017, -0.5, -0.809017, 0.0, 0.0, 0.0, 0.0, 1.0 ], [ -0.309017, 0.5, 0.809017, 0.0, -0.5, -0.809017, 0.309017, 0.0, 0.809017, -0.309017, 0.5, 0.0, 0.0, 0.0, 0.0, 1.0 ], [ -0.809017, 0.309017, -0.5, 0.0, -0.309017, 0.5, 0.809017, 0.0, 0.5, 0.809017, -0.309017, 0.0, 0.0, 0.0, 0.0, 1.0 ], [ -0.809017, -0.309017, 0.5, 0.0, -0.309017, -0.5, -0.809017, 0.0, 0.5, -0.809017, 0.309017, 0.0, 0.0, 0.0, 0.0, 1.0 ], [ -0.5, 0.809017, -0.309017, 0.0, -0.809017, -0.309017, 0.5, 0.0, 0.309017, 0.5, 0.809017, 0.0, 0.0, 0.0, 0.0, 1.0 ], [ -0.309017, -0.5, -0.809017, 0.0, -0.5, 0.809017, -0.309017, 0.0, 0.809017, 0.309017, -0.5, 0.0, 0.0, 0.0, 0.0, 1.0 ], [ -1.0, 0.0, 0.0, 0.0, 0.0, 1.0, 0.0, 0.0, 0.0, 0.0, -1.0, 0.0, 0.0, 0.0, 0.0, 1.0 ], [ 0.0, 0.0, -1.0, 0.0, 1.0, 0.0, 0.0, 0.0, 0.0, -1.0, 0.0, 0.0, 0.0, 0.0, 0.0, 1.0 ], [ 0.0, -1.0, 0.0, 0.0, 0.0, 0.0, 1.0, 0.0, -1.0, 0.0, 0.0, 0.0, 0.0, 0.0, 0.0, 1.0 ], [ -0.809017, -0.309017, -0.5, 0.0, 0.309017, 0.5, -0.809017, 0.0, 0.5, -0.809017, -0.309017, 0.0, 0.0, 0.0, 0.0, 1.0 ], [ 0.5, -0.809017, -0.309017, 0.0, 0.809017, 0.309017, 0.5, 0.0, -0.309017, -0.5, 0.809017, 0.0, 0.0, 0.0, 0.0, 1.0 ], [ -0.309017, -0.5, 0.809017, 0.0, -0.5, 0.809017, 0.309017, 0.0, -0.809017, -0.309017, -0.5, 0.0, 0.0, 0.0, 0.0, 1.0 ], [ -0.5, -0.809017, -0.309017, 0.0, 0.809017, -0.309017, -0.5, 0.0, 0.309017, -0.5, 0.809017, 0.0, 0.0, 0.0, 0.0, 1.0 ], [ 0.309017, -0.5, 0.809017, 0.0, 0.5, 0.809017, 0.309017, 0.0, -0.809017, 0.309017, 0.5, 0.0, 0.0, 0.0, 0.0, 1.0 ], [ -0.809017, 0.309017, 0.5, 0.0, -0.309017, 0.5, -0.809017, 0.0, -0.5, -0.809017, -0.309017, 0.0, 0.0, 0.0, 0.0, 1.0 ], [ -0.5, -0.809017, 0.309017, 0.0, 0.809017, -0.309017, 0.5, 0.0, -0.309017, 0.5, 0.809017, 0.0, 0.0, 0.0, 0.0, 1.0 ], [ -0.309017, 0.5, 0.809017, 0.0, 0.5, 0.809017, -0.309017, 0.0, -0.809017, 0.309017, -0.5, 0.0, 0.0, 0.0, 0.0, 1.0 ], [ -0.809017, 0.309017, -0.5, 0.0, 0.309017, -0.5, -0.809017, 0.0, -0.5, -0.809017, 0.309017, 0.0, 0.0, 0.0, 0.0, 1.0 ], [ -0.809017, -0.309017, 0.5, 0.0, 0.309017, 0.5, 0.809017, 0.0, -0.5, 0.809017, -0.309017, 0.0, 0.0, 0.0, 0.0, 1.0 ], [ -0.5, 0.809017, -0.309017, 0.0, 0.809017, 0.309017, -0.5, 0.0, -0.309017, -0.5, -0.809017, 0.0, 0.0, 0.0, 0.0, 1.0 ], [ -0.309017, -0.5, -0.809017, 0.0, 0.5, -0.809017, 0.309017, 0.0, -0.809017, -0.309017, 0.5, 0.0, 0.0, 0.0, 0.0, 1.0 ] ],
  "lights" : {
    "directionalLights" : [ {
      "direction" : {
        "x" : 1.0,
        "y" : -1.0,
        "z" : -1.0
      },
      "color" : "#EBEBE4"
    }, {
      "direction" : {
        "x" : -1.0,
        "y" : 0.0,
        "z" : 0.0
      },
      "color" : "#E4E4EB"
    }, {
      "direction" : {
        "x" : 0.0,
        "y" : 0.0,
        "z" : -1.0
      },
      "color" : "#1E1E1E"
    } ],
    "backgroundColor" : "#AFC8DC",
    "ambientColor" : "#292929"
  },
  "camera" : {
    "position" : {
      "x" : 278.76538,
      "y" : 106.478905,
      "z" : 385.2443
    },
    "width" : 219.28494,
    "lookAtPoint" : {
      "x" : 0.0,
      "y" : 0.0,
      "z" : 0.0
    },
    "fieldOfView" : 0.44262898,
    "farClipDistance" : 974.5992,
    "viewDistance" : 487.29974,
    "perspective" : true,
    "nearClipDistance" : 1.2182497,
    "lookDirection" : {
      "x" : -0.5720614,
      "y" : -0.21850802,
      "z" : -0.7905694
    },
    "stereo" : false,
    "upDirection" : {
      "x" : 0.13504541,
      "y" : 0.92561483,
      "z" : -0.3535534
    }
  },
  "embedding" : [ 1.0, 0.0, 0.0, 0.0, 0.0, 1.0, 0.0, 0.0, 0.0, 0.0, 1.0, 0.0, 0.0, 0.0, 0.0, 1.0 ],
  "shapes" : [ {
    "id" : "5dbc64ac-e0e8-428f-a881-f325f1df1936",
    "vertices" : [ {
      "x" : 26.18034,
      "y" : 5.236068,
      "z" : 5.236068
    }, {
      "x" : 26.18034,
      "y" : 5.236068,
      "z" : -5.236068
    }, {
      "x" : 26.18034,
      "y" : -5.236068,
      "z" : -5.236068
    }, {
      "x" : 26.18034,
      "y" : -5.236068,
      "z" : 5.236068
    } ],
    "faces" : [ {
      "vertices" : [ 0, 1, 2 ]
    }, {
      "vertices" : [ 0, 2, 3 ]
    }, {
      "vertices" : [ 0, 3, 2 ]
    }, {
      "vertices" : [ 0, 2, 1 ]
    } ]
  }, {
    "id" : "56d23b81-e5ed-4aef-bcde-b6a6298a3889",
    "vertices" : [ {
      "x" : 10.472136,
      "y" : 31.416409,
      "z" : 10.472136
    }, {
      "x" : 5.236068,
      "y" : 26.18034,
      "z" : 5.236068
    }, {
      "x" : 5.236068,
      "y" : 26.18034,
      "z" : -5.236068
    }, {
      "x" : 10.472136,
      "y" : 31.416409,
      "z" : -10.472136
    } ],
    "faces" : [ {
      "vertices" : [ 0, 1, 2 ]
    }, {
      "vertices" : [ 0, 2, 3 ]
    }, {
      "vertices" : [ 0, 3, 2 ]
    }, {
      "vertices" : [ 0, 2, 1 ]
    } ]
  }, {
    "id" : "8b9f227d-cd61-428b-926e-6a281841f9c6",
    "vertices" : [ {
      "x" : 10.472136,
      "y" : -10.472136,
      "z" : 31.416409
    }, {
      "x" : 5.236068,
      "y" : -5.236068,
      "z" : 26.18034
    }, {
      "x" : 5.236068,
      "y" : 5.236068,
      "z" : 26.18034
    }, {
      "x" : 10.472136,
      "y" : 10.472136,
      "z" : 31.416409
    } ],
    "faces" : [ {
      "vertices" : [ 0, 1, 2 ]
    }, {
      "vertices" : [ 0, 2, 3 ]
    }, {
      "vertices" : [ 0, 3, 2 ]
    }, {
      "vertices" : [ 0, 2, 1 ]
    } ]
  }, {
    "id" : "30ba8561-b326-440f-86fb-750af925275c",
    "vertices" : [ {
      "x" : 10.472136,
      "y" : -31.416409,
      "z" : -10.472136
    }, {
      "x" : 10.472136,
      "y" : -31.416409,
      "z" : 10.472136
    }, {
      "x" : -10.472136,
      "y" : -31.416409,
      "z" : 10.472136
    }, {
      "x" : -10.472136,
      "y" : -31.416409,
      "z" : -10.472136
    } ],
    "faces" : [ {
      "vertices" : [ 0, 1, 2 ]
    }, {
      "vertices" : [ 0, 2, 3 ]
    }, {
      "vertices" : [ 0, 3, 2 ]
    }, {
      "vertices" : [ 0, 2, 1 ]
    } ]
  }, {
    "id" : "15cde596-c1a6-41f8-9d8d-86fa54451fb1",
    "vertices" : [ {
      "x" : -5.236068,
      "y" : -26.18034,
      "z" : -5.236068
    }, {
      "x" : -5.236068,
      "y" : -26.18034,
      "z" : 5.236068
    }, {
      "x" : -10.472136,
      "y" : -31.416409,
      "z" : 10.472136
    }, {
      "x" : -10.472136,
      "y" : -31.416409,
      "z" : -10.472136
    } ],
    "faces" : [ {
      "vertices" : [ 0, 1, 2 ]
    }, {
      "vertices" : [ 0, 2, 3 ]
    }, {
      "vertices" : [ 0, 3, 2 ]
    }, {
      "vertices" : [ 0, 2, 1 ]
    } ]
  }, {
    "id" : "708bd8c9-7d6c-42cd-a8e6-c666dd6f8b66",
    "vertices" : [ {
      "x" : 52.36068,
      "y" : -10.472136,
      "z" : 10.472136
    }, {
      "x" : 52.36068,
      "y" : -10.472136,
      "z" : -10.472136
    }, {
      "x" : 52.36068,
      "y" : 10.472136,
      "z" : -10.472136
    }, {
      "x" : 52.36068,
      "y" : 10.472136,
      "z" : 10.472136
    } ],
    "faces" : [ {
      "vertices" : [ 0, 1, 2 ]
    }, {
      "vertices" : [ 0, 2, 3 ]
    }, {
      "vertices" : [ 0, 3, 2 ]
    }, {
      "vertices" : [ 0, 2, 1 ]
    } ]
  }, {
    "id" : "70eee23d-058d-4cb9-8864-afa3d57e0876",
    "vertices" : [ {
      "x" : -10.472136,
      "y" : 10.472136,
      "z" : -31.416409
    }, {
      "x" : -5.236068,
      "y" : 5.236068,
      "z" : -26.18034
    }, {
      "x" : 5.236068,
      "y" : 5.236068,
      "z" : -26.18034
    }, {
      "x" : 10.472136,
      "y" : 10.472136,
      "z" : -31.416409
    } ],
    "faces" : [ {
      "vertices" : [ 0, 1, 2 ]
    }, {
      "vertices" : [ 0, 2, 3 ]
    }, {
      "vertices" : [ 0, 3, 2 ]
    }, {
      "vertices" : [ 0, 2, 1 ]
    } ]
  }, {
    "id" : "77dd2c1e-0b12-4e26-9fab-cb31c7ae4ef7",
    "vertices" : [ {
      "x" : 5.236068,
      "y" : -5.236068,
      "z" : 5.236068
    }, {
      "x" : -5.236068,
      "y" : -5.236068,
      "z" : 5.236068
    }, {
      "x" : -5.236068,
      "y" : -5.236068,
      "z" : -5.236068
    }, {
      "x" : 5.236068,
      "y" : -5.236068,
      "z" : -5.236068
    } ],
    "faces" : [ {
      "vertices" : [ 0, 1, 2 ]
    }, {
      "vertices" : [ 0, 2, 3 ]
    }, {
      "vertices" : [ 0, 3, 2 ]
    }, {
      "vertices" : [ 0, 2, 1 ]
    } ]
  }, {
    "id" : "c96c2ad8-7d67-4160-b52e-32cd0258805b",
    "vertices" : [ {
      "x" : -26.18034,
      "y" : -5.236068,
      "z" : 5.236068
    }, {
      "x" : -26.18034,
      "y" : 5.236068,
      "z" : 5.236068
    }, {
      "x" : -31.416409,
      "y" : 10.472136,
      "z" : 10.472136
    }, {
      "x" : -31.416409,
      "y" : -10.472136,
      "z" : 10.472136
    } ],
    "faces" : [ {
      "vertices" : [ 0, 1, 2 ]
    }, {
      "vertices" : [ 0, 2, 3 ]
    }, {
      "vertices" : [ 0, 3, 2 ]
    }, {
      "vertices" : [ 0, 2, 1 ]
    } ]
  }, {
    "id" : "af7f5971-da10-4988-af37-bcfe00b54874",
    "vertices" : [ {
      "x" : 10.472136,
      "y" : 10.472136,
      "z" : 31.416409
    }, {
      "x" : 5.236068,
      "y" : 5.236068,
      "z" : 26.18034
    }, {
      "x" : -5.236068,
      "y" : 5.236068,
      "z" : 26.18034
    }, {
      "x" : -10.472136,
      "y" : 10.472136,
      "z" : 31.416409
    } ],
    "faces" : [ {
      "vertices" : [ 0, 1, 2 ]
    }, {
      "vertices" : [ 0, 2, 3 ]
    }, {
      "vertices" : [ 0, 3, 2 ]
    }, {
      "vertices" : [ 0, 2, 1 ]
    } ]
  }, {
    "id" : "d8338585-8349-4eeb-a724-f488c56c9d29",
    "vertices" : [ {
      "x" : -26.18034,
      "y" : -5.236068,
      "z" : -5.236068
    }, {
      "x" : -26.18034,
      "y" : -5.236068,
      "z" : 5.236068
    }, {
      "x" : -31.416409,
      "y" : -10.472136,
      "z" : 10.472136
    }, {
      "x" : -31.416409,
      "y" : -10.472136,
      "z" : -10.472136
    } ],
    "faces" : [ {
      "vertices" : [ 0, 1, 2 ]
    }, {
      "vertices" : [ 0, 2, 3 ]
    }, {
      "vertices" : [ 0, 3, 2 ]
    }, {
      "vertices" : [ 0, 2, 1 ]
    } ]
  }, {
    "id" : "5be749ed-7cfa-48db-8586-986a8735c850",
    "vertices" : [ {
      "x" : -26.18034,
      "y" : 5.236068,
      "z" : -5.236068
    }, {
      "x" : -26.18034,
      "y" : -5.236068,
      "z" : -5.236068
    }, {
      "x" : -31.416409,
      "y" : -10.472136,
      "z" : -10.472136
    }, {
      "x" : -31.416409,
      "y" : 10.472136,
      "z" : -10.472136
    } ],
    "faces" : [ {
      "vertices" : [ 0, 1, 2 ]
    }, {
      "vertices" : [ 0, 2, 3 ]
    }, {
      "vertices" : [ 0, 3, 2 ]
    }, {
      "vertices" : [ 0, 2, 1 ]
    } ]
  }, {
    "id" : "732a169f-1b6d-4dd0-928a-9672e3484cf0",
    "vertices" : [ {
      "x" : 5.236068,
      "y" : 5.236068,
      "z" : 26.18034
    }, {
      "x" : 5.236068,
      "y" : -5.236068,
      "z" : 26.18034
    }, {
      "x" : -5.236068,
      "y" : -5.236068,
      "z" : 26.18034
    }, {
      "x" : -5.236068,
      "y" : 5.236068,
      "z" : 26.18034
    } ],
    "faces" : [ {
      "vertices" : [ 0, 1, 2 ]
    }, {
      "vertices" : [ 0, 2, 3 ]
    }, {
      "vertices" : [ 0, 3, 2 ]
    }, {
      "vertices" : [ 0, 2, 1 ]
    } ]
  }, {
    "id" : "0ce15c76-034c-409f-86e4-716b0e438bf5",
    "vertices" : [ {
      "x" : -10.472136,
      "y" : 31.416409,
      "z" : 10.472136
    }, {
      "x" : -10.472136,
      "y" : 31.416409,
      "z" : -10.472136
    }, {
      "x" : -5.236068,
      "y" : 26.18034,
      "z" : -5.236068
    }, {
      "x" : -5.236068,
      "y" : 26.18034,
      "z" : 5.236068
    } ],
    "faces" : [ {
      "vertices" : [ 0, 1, 2 ]
    }, {
      "vertices" : [ 0, 2, 3 ]
    }, {
      "vertices" : [ 0, 3, 2 ]
    }, {
      "vertices" : [ 0, 2, 1 ]
    } ]
  }, {
    "id" : "24f482a6-af71-48b4-9164-bc71ae82c52f",
    "vertices" : [ {
      "x" : 10.472136,
      "y" : 10.472136,
      "z" : -31.416409
    }, {
      "x" : 5.236068,
      "y" : 5.236068,
      "z" : -26.18034
    }, {
      "x" : 5.236068,
      "y" : -5.236068,
      "z" : -26.18034
    }, {
      "x" : 10.472136,
      "y" : -10.472136,
      "z" : -31.416409
    } ],
    "faces" : [ {
      "vertices" : [ 0, 1, 2 ]
    }, {
      "vertices" : [ 0, 2, 3 ]
    }, {
      "vertices" : [ 0, 3, 2 ]
    }, {
      "vertices" : [ 0, 2, 1 ]
    } ]
  }, {
    "id" : "abc35a42-805c-402b-bb61-57a00ceed094",
    "vertices" : [ {
      "x" : 10.472136,
      "y" : 52.36068,
      "z" : -10.472136
    }, {
      "x" : -10.472136,
      "y" : 52.36068,
      "z" : -10.472136
    }, {
      "x" : -10.472136,
      "y" : 52.36068,
      "z" : 10.472136
    }, {
      "x" : 10.472136,
      "y" : 52.36068,
      "z" : 10.472136
    } ],
    "faces" : [ {
      "vertices" : [ 0, 1, 2 ]
    }, {
      "vertices" : [ 0, 2, 3 ]
    }, {
      "vertices" : [ 0, 3, 2 ]
    }, {
      "vertices" : [ 0, 2, 1 ]
    } ]
  }, {
    "id" : "af9ccae6-4ba4-4376-9eb4-d588bc7424e4",
    "vertices" : [ {
      "x" : 5.236068,
      "y" : -26.18034,
      "z" : 5.236068
    }, {
      "x" : 10.472136,
      "y" : -31.416409,
      "z" : 10.472136
    }, {
      "x" : -10.472136,
      "y" : -31.416409,
      "z" : 10.472136
    }, {
      "x" : -5.236068,
      "y" : -26.18034,
      "z" : 5.236068
    } ],
    "faces" : [ {
      "vertices" : [ 0, 1, 2 ]
    }, {
      "vertices" : [ 0, 2, 3 ]
    }, {
      "vertices" : [ 0, 3, 2 ]
    }, {
      "vertices" : [ 0, 2, 1 ]
    } ]
  }, {
    "id" : "5cdc1899-17b6-4410-81da-82f2b47eedc0",
    "vertices" : [ {
      "x" : 10.472136,
      "y" : -10.472136,
      "z" : -31.416409
    }, {
      "x" : 5.236068,
      "y" : -5.236068,
      "z" : -26.18034
    }, {
      "x" : -5.236068,
      "y" : -5.236068,
      "z" : -26.18034
    }, {
      "x" : -10.472136,
      "y" : -10.472136,
      "z" : -31.416409
    } ],
    "faces" : [ {
      "vertices" : [ 0, 1, 2 ]
    }, {
      "vertices" : [ 0, 2, 3 ]
    }, {
      "vertices" : [ 0, 3, 2 ]
    }, {
      "vertices" : [ 0, 2, 1 ]
    } ]
  }, {
    "id" : "c159e379-62c8-483a-ac0e-229d2c80d4e1",
    "vertices" : [ {
      "x" : 5.236068,
      "y" : 5.236068,
      "z" : 5.236068
    }, {
      "x" : 5.236068,
      "y" : -5.236068,
      "z" : 5.236068
    }, {
      "x" : 5.236068,
      "y" : -5.236068,
      "z" : -5.236068
    }, {
      "x" : 5.236068,
      "y" : 5.236068,
      "z" : -5.236068
    } ],
    "faces" : [ {
      "vertices" : [ 0, 1, 2 ]
    }, {
      "vertices" : [ 0, 2, 3 ]
    }, {
      "vertices" : [ 0, 3, 2 ]
    }, {
      "vertices" : [ 0, 2, 1 ]
    } ]
  }, {
    "id" : "0da63b9c-de28-49b0-8304-f784e6330886",
    "vertices" : [ {
      "x" : 31.416409,
      "y" : 10.472136,
      "z" : 10.472136
    }, {
      "x" : 26.18034,
      "y" : 5.236068,
      "z" : 5.236068
    }, {
      "x" : 26.18034,
      "y" : -5.236068,
      "z" : 5.236068
    }, {
      "x" : 31.416409,
      "y" : -10.472136,
      "z" : 10.472136
    } ],
    "faces" : [ {
      "vertices" : [ 0, 1, 2 ]
    }, {
      "vertices" : [ 0, 2, 3 ]
    }, {
      "vertices" : [ 0, 3, 2 ]
    }, {
      "vertices" : [ 0, 2, 1 ]
    } ]
  }, {
    "id" : "c21b7895-44f9-48d9-a59e-f625cb743aa6",
    "vertices" : [ {
      "x" : -5.236068,
      "y" : -26.18034,
      "z" : 5.236068
    }, {
      "x" : 5.236068,
      "y" : -26.18034,
      "z" : 5.236068
    }, {
      "x" : 5.236068,
      "y" : -26.18034,
      "z" : -5.236068
    }, {
      "x" : -5.236068,
      "y" : -26.18034,
      "z" : -5.236068
    } ],
    "faces" : [ {
      "vertices" : [ 0, 1, 2 ]
    }, {
      "vertices" : [ 0, 2, 3 ]
    }, {
      "vertices" : [ 0, 3, 2 ]
    }, {
      "vertices" : [ 0, 2, 1 ]
    } ]
  }, {
    "id" : "b8fe9781-c2d7-4aae-8db5-a2d236dc3f30",
    "vertices" : [ {
      "x" : 5.236068,
      "y" : -26.18034,
      "z" : 5.236068
    }, {
      "x" : 10.472136,
      "y" : -31.416409,
      "z" : 10.472136
    }, {
      "x" : 10.472136,
      "y" : -31.416409,
      "z" : -10.472136
    }, {
      "x" : 5.236068,
      "y" : -26.18034,
      "z" : -5.236068
    } ],
    "faces" : [ {
      "vertices" : [ 0, 1, 2 ]
    }, {
      "vertices" : [ 0, 2, 3 ]
    }, {
      "vertices" : [ 0, 3, 2 ]
    }, {
      "vertices" : [ 0, 2, 1 ]
    } ]
  }, {
    "id" : "5d38c34d-f777-4a8f-ba52-a3f457449892",
    "vertices" : [ {
      "x" : -10.472136,
      "y" : -10.472136,
      "z" : 31.416409
    }, {
      "x" : 10.472136,
      "y" : -10.472136,
      "z" : 31.416409
    }, {
      "x" : 10.472136,
      "y" : 10.472136,
      "z" : 31.416409
    }, {
      "x" : -10.472136,
      "y" : 10.472136,
      "z" : 31.416409
    } ],
    "faces" : [ {
      "vertices" : [ 0, 1, 2 ]
    }, {
      "vertices" : [ 0, 2, 3 ]
    }, {
      "vertices" : [ 0, 3, 2 ]
    }, {
      "vertices" : [ 0, 2, 1 ]
    } ]
  }, {
    "id" : "50246e6a-365d-41f0-9daa-f47400a2de06",
    "vertices" : [ {
      "x" : 10.472136,
      "y" : -52.36068,
      "z" : 10.472136
    }, {
      "x" : -10.472136,
      "y" : -52.36068,
      "z" : 10.472136
    }, {
      "x" : -10.472136,
      "y" : -52.36068,
      "z" : -10.472136
    }, {
      "x" : 10.472136,
      "y" : -52.36068,
      "z" : -10.472136
    } ],
    "faces" : [ {
      "vertices" : [ 0, 1, 2 ]
    }, {
      "vertices" : [ 0, 2, 3 ]
    }, {
      "vertices" : [ 0, 3, 2 ]
    }, {
      "vertices" : [ 0, 2, 1 ]
    } ]
  }, {
    "id" : "c56d3cb9-f264-416f-b81c-76d60a211538",
    "vertices" : [ {
      "x" : -5.236068,
      "y" : 5.236068,
      "z" : 26.18034
    }, {
      "x" : -5.236068,
      "y" : -5.236068,
      "z" : 26.18034
    }, {
      "x" : -10.472136,
      "y" : -10.472136,
      "z" : 31.416409
    }, {
      "x" : -10.472136,
      "y" : 10.472136,
      "z" : 31.416409
    } ],
    "faces" : [ {
      "vertices" : [ 0, 1, 2 ]
    }, {
      "vertices" : [ 0, 2, 3 ]
    }, {
      "vertices" : [ 0, 3, 2 ]
    }, {
      "vertices" : [ 0, 2, 1 ]
    } ]
  }, {
    "id" : "e80d01cc-f4fb-4775-80ad-e769072008a0",
    "vertices" : [ {
      "x" : 31.416409,
      "y" : -10.472136,
      "z" : 10.472136
    }, {
      "x" : 26.18034,
      "y" : -5.236068,
      "z" : 5.236068
    }, {
      "x" : 26.18034,
      "y" : -5.236068,
      "z" : -5.236068
    }, {
      "x" : 31.416409,
      "y" : -10.472136,
      "z" : -10.472136
    } ],
    "faces" : [ {
      "vertices" : [ 0, 1, 2 ]
    }, {
      "vertices" : [ 0, 2, 3 ]
    }, {
      "vertices" : [ 0, 3, 2 ]
    }, {
      "vertices" : [ 0, 2, 1 ]
    } ]
  }, {
    "id" : "26ca933c-3a3b-4794-97d9-75bdefd7f8a3",
    "vertices" : [ {
      "x" : -5.236068,
      "y" : -5.236068,
      "z" : -26.18034
    }, {
      "x" : 5.236068,
      "y" : -5.236068,
      "z" : -26.18034
    }, {
      "x" : 5.236068,
      "y" : 5.236068,
      "z" : -26.18034
    }, {
      "x" : -5.236068,
      "y" : 5.236068,
      "z" : -26.18034
    } ],
    "faces" : [ {
      "vertices" : [ 0, 1, 2 ]
    }, {
      "vertices" : [ 0, 2, 3 ]
    }, {
      "vertices" : [ 0, 3, 2 ]
    }, {
      "vertices" : [ 0, 2, 1 ]
    } ]
  }, {
    "id" : "8956bf02-2807-42c6-8f07-2c413fa0927e",
    "vertices" : [ {
      "x" : 10.472136,
      "y" : -10.472136,
      "z" : -52.36068
    }, {
      "x" : -10.472136,
      "y" : -10.472136,
      "z" : -52.36068
    }, {
      "x" : -10.472136,
      "y" : 10.472136,
      "z" : -52.36068
    }, {
      "x" : 10.472136,
      "y" : 10.472136,
      "z" : -52.36068
    } ],
    "faces" : [ {
      "vertices" : [ 0, 1, 2 ]
    }, {
      "vertices" : [ 0, 2, 3 ]
    }, {
      "vertices" : [ 0, 3, 2 ]
    }, {
      "vertices" : [ 0, 2, 1 ]
    } ]
  }, {
    "id" : "0b6f5daf-a3bd-4357-bcd7-07486ccd9a8f",
    "vertices" : [ {
      "x" : 5.236068,
      "y" : 26.18034,
      "z" : -5.236068
    }, {
      "x" : -5.236068,
      "y" : 26.18034,
      "z" : -5.236068
    }, {
      "x" : -10.472136,
      "y" : 31.416409,
      "z" : -10.472136
    }, {
      "x" : 10.472136,
      "y" : 31.416409,
      "z" : -10.472136
    } ],
    "faces" : [ {
      "vertices" : [ 0, 1, 2 ]
    }, {
      "vertices" : [ 0, 2, 3 ]
    }, {
      "vertices" : [ 0, 3, 2 ]
    }, {
      "vertices" : [ 0, 2, 1 ]
    } ]
  }, {
    "id" : "109e43ff-7db9-4242-aeca-f124266fa8b0",
    "vertices" : [ {
      "x" : -5.236068,
      "y" : 5.236068,
      "z" : 5.236068
    }, {
      "x" : -5.236068,
      "y" : -5.236068,
      "z" : 5.236068
    }, {
      "x" : 5.236068,
      "y" : -5.236068,
      "z" : 5.236068
    }, {
      "x" : 5.236068,
      "y" : 5.236068,
      "z" : 5.236068
    } ],
    "faces" : [ {
      "vertices" : [ 0, 1, 2 ]
    }, {
      "vertices" : [ 0, 2, 3 ]
    }, {
      "vertices" : [ 0, 3, 2 ]
    }, {
      "vertices" : [ 0, 2, 1 ]
    } ]
  }, {
    "id" : "b36be0a2-33b6-4fb5-bf0a-43c7d56ad91f",
    "vertices" : [ {
      "x" : -26.18034,
      "y" : 5.236068,
      "z" : -5.236068
    }, {
      "x" : -26.18034,
      "y" : 5.236068,
      "z" : 5.236068
    }, {
      "x" : -26.18034,
      "y" : -5.236068,
      "z" : 5.236068
    }, {
      "x" : -26.18034,
      "y" : -5.236068,
      "z" : -5.236068
    } ],
    "faces" : [ {
      "vertices" : [ 0, 1, 2 ]
    }, {
      "vertices" : [ 0, 2, 3 ]
    }, {
      "vertices" : [ 0, 3, 2 ]
    }, {
      "vertices" : [ 0, 2, 1 ]
    } ]
  }, {
    "id" : "0d6ebf7a-a0d9-45db-8b3d-892c01d637ee",
    "vertices" : [ {
      "x" : 31.416409,
      "y" : -10.472136,
      "z" : -10.472136
    }, {
      "x" : 26.18034,
      "y" : -5.236068,
      "z" : -5.236068
    }, {
      "x" : 26.18034,
      "y" : 5.236068,
      "z" : -5.236068
    }, {
      "x" : 31.416409,
      "y" : 10.472136,
      "z" : -10.472136
    } ],
    "faces" : [ {
      "vertices" : [ 0, 1, 2 ]
    }, {
      "vertices" : [ 0, 2, 3 ]
    }, {
      "vertices" : [ 0, 3, 2 ]
    }, {
      "vertices" : [ 0, 2, 1 ]
    } ]
  }, {
    "id" : "2fdfe4b8-e0d7-4954-ab02-c4ce26016442",
    "vertices" : [ {
      "x" : -10.472136,
      "y" : 31.416409,
      "z" : 10.472136
    }, {
      "x" : -5.236068,
      "y" : 26.18034,
      "z" : 5.236068
    }, {
      "x" : 5.236068,
      "y" : 26.18034,
      "z" : 5.236068
    }, {
      "x" : 10.472136,
      "y" : 31.416409,
      "z" : 10.472136
    } ],
    "faces" : [ {
      "vertices" : [ 0, 1, 2 ]
    }, {
      "vertices" : [ 0, 2, 3 ]
    }, {
      "vertices" : [ 0, 3, 2 ]
    }, {
      "vertices" : [ 0, 2, 1 ]
    } ]
  }, {
    "id" : "6b2d3b7b-1ce9-488f-828e-064b84ac823c",
    "vertices" : [ {
      "x" : -5.236068,
      "y" : -26.18034,
      "z" : -5.236068
    }, {
      "x" : 5.236068,
      "y" : -26.18034,
      "z" : -5.236068
    }, {
      "x" : 10.472136,
      "y" : -31.416409,
      "z" : -10.472136
    }, {
      "x" : -10.472136,
      "y" : -31.416409,
      "z" : -10.472136
    } ],
    "faces" : [ {
      "vertices" : [ 0, 1, 2 ]
    }, {
      "vertices" : [ 0, 2, 3 ]
    }, {
      "vertices" : [ 0, 3, 2 ]
    }, {
      "vertices" : [ 0, 2, 1 ]
    } ]
  }, {
    "id" : "ade60293-bc79-4b45-81e5-2f4618739e36",
    "vertices" : [ {
      "x" : -5.236068,
      "y" : -5.236068,
      "z" : 5.236068
    }, {
      "x" : -5.236068,
      "y" : 5.236068,
      "z" : 5.236068
    }, {
      "x" : -5.236068,
      "y" : 5.236068,
      "z" : -5.236068
    }, {
      "x" : -5.236068,
      "y" : -5.236068,
      "z" : -5.236068
    } ],
    "faces" : [ {
      "vertices" : [ 0, 1, 2 ]
    }, {
      "vertices" : [ 0, 2, 3 ]
    }, {
      "vertices" : [ 0, 3, 2 ]
    }, {
      "vertices" : [ 0, 2, 1 ]
    } ]
  }, {
    "id" : "c17311e9-d997-4d8d-862d-276433a4c484",
    "vertices" : [ {
      "x" : -52.36068,
      "y" : -10.472136,
      "z" : 10.472136
    }, {
      "x" : -52.36068,
      "y" : 10.472136,
      "z" : 10.472136
    }, {
      "x" : -52.36068,
      "y" : 10.472136,
      "z" : -10.472136
    }, {
      "x" : -52.36068,
      "y" : -10.472136,
      "z" : -10.472136
    } ],
    "faces" : [ {
      "vertices" : [ 0, 1, 2 ]
    }, {
      "vertices" : [ 0, 2, 3 ]
    }, {
      "vertices" : [ 0, 3, 2 ]
    }, {
      "vertices" : [ 0, 2, 1 ]
    } ]
  }, {
    "id" : "7183262e-27f6-4941-a7f4-ba4bc2bf4b0f",
    "vertices" : [ {
      "x" : -10.472136,
      "y" : 31.416409,
      "z" : -10.472136
    }, {
      "x" : -10.472136,
      "y" : 31.416409,
      "z" : 10.472136
    }, {
      "x" : 10.472136,
      "y" : 31.416409,
      "z" : 10.472136
    }, {
      "x" : 10.472136,
      "y" : 31.416409,
      "z" : -10.472136
    } ],
    "faces" : [ {
      "vertices" : [ 0, 1, 2 ]
    }, {
      "vertices" : [ 0, 2, 3 ]
    }, {
      "vertices" : [ 0, 3, 2 ]
    }, {
      "vertices" : [ 0, 2, 1 ]
    } ]
  }, {
    "id" : "6f513f0c-567b-4ba0-8e34-d9655254fdca",
    "vertices" : [ {
      "x" : 5.236068,
      "y" : 5.236068,
      "z" : 5.236068
    }, {
      "x" : 5.236068,
      "y" : 5.236068,
      "z" : -5.236068
    }, {
      "x" : -5.236068,
      "y" : 5.236068,
      "z" : -5.236068
    }, {
      "x" : -5.236068,
      "y" : 5.236068,
      "z" : 5.236068
    } ],
    "faces" : [ {
      "vertices" : [ 0, 1, 2 ]
    }, {
      "vertices" : [ 0, 2, 3 ]
    }, {
      "vertices" : [ 0, 3, 2 ]
    }, {
      "vertices" : [ 0, 2, 1 ]
    } ]
  }, {
    "id" : "8add2f5c-6cdc-4f72-82b8-6fd70da98ea7",
    "vertices" : [ {
      "x" : 31.416409,
      "y" : -10.472136,
      "z" : 10.472136
    }, {
      "x" : 31.416409,
      "y" : -10.472136,
      "z" : -10.472136
    }, {
      "x" : 31.416409,
      "y" : 10.472136,
      "z" : -10.472136
    }, {
      "x" : 31.416409,
      "y" : 10.472136,
      "z" : 10.472136
    } ],
    "faces" : [ {
      "vertices" : [ 0, 1, 2 ]
    }, {
      "vertices" : [ 0, 2, 3 ]
    }, {
      "vertices" : [ 0, 3, 2 ]
    }, {
      "vertices" : [ 0, 2, 1 ]
    } ]
  }, {
    "id" : "be6fd634-5d05-4dc4-99f7-6c68ec6cf217",
    "vertices" : [ {
      "x" : -31.416409,
      "y" : 10.472136,
      "z" : -10.472136
    }, {
      "x" : -31.416409,
      "y" : -10.472136,
      "z" : -10.472136
    }, {
      "x" : -31.416409,
      "y" : -10.472136,
      "z" : 10.472136
    }, {
      "x" : -31.416409,
      "y" : 10.472136,
      "z" : 10.472136
    } ],
    "faces" : [ {
      "vertices" : [ 0, 1, 2 ]
    }, {
      "vertices" : [ 0, 2, 3 ]
    }, {
      "vertices" : [ 0, 3, 2 ]
    }, {
      "vertices" : [ 0, 2, 1 ]
    } ]
  }, {
    "id" : "726f9fa4-7642-4551-b8e9-16c17685a310",
    "vertices" : [ {
      "x" : 10.472136,
      "y" : -10.472136,
      "z" : 52.36068
    }, {
      "x" : 10.472136,
      "y" : 10.472136,
      "z" : 52.36068
    }, {
      "x" : -10.472136,
      "y" : 10.472136,
      "z" : 52.36068
    }, {
      "x" : -10.472136,
      "y" : -10.472136,
      "z" : 52.36068
    } ],
    "faces" : [ {
      "vertices" : [ 0, 1, 2 ]
    }, {
      "vertices" : [ 0, 2, 3 ]
    }, {
      "vertices" : [ 0, 3, 2 ]
    }, {
      "vertices" : [ 0, 2, 1 ]
    } ]
  }, {
    "id" : "29273230-223d-43c0-840d-da3a6956354f",
    "vertices" : [ {
      "x" : -5.236068,
      "y" : -5.236068,
      "z" : 26.18034
    }, {
      "x" : 5.236068,
      "y" : -5.236068,
      "z" : 26.18034
    }, {
      "x" : 10.472136,
      "y" : -10.472136,
      "z" : 31.416409
    }, {
      "x" : -10.472136,
      "y" : -10.472136,
      "z" : 31.416409
    } ],
    "faces" : [ {
      "vertices" : [ 0, 1, 2 ]
    }, {
      "vertices" : [ 0, 2, 3 ]
    }, {
      "vertices" : [ 0, 3, 2 ]
    }, {
      "vertices" : [ 0, 2, 1 ]
    } ]
  }, {
    "id" : "e5af89df-d6de-4eba-a535-598c17b74d70",
    "vertices" : [ {
      "x" : 5.236068,
      "y" : 26.18034,
      "z" : 5.236068
    }, {
      "x" : -5.236068,
      "y" : 26.18034,
      "z" : 5.236068
    }, {
      "x" : -5.236068,
      "y" : 26.18034,
      "z" : -5.236068
    }, {
      "x" : 5.236068,
      "y" : 26.18034,
      "z" : -5.236068
    } ],
    "faces" : [ {
      "vertices" : [ 0, 1, 2 ]
    }, {
      "vertices" : [ 0, 2, 3 ]
    }, {
      "vertices" : [ 0, 3, 2 ]
    }, {
      "vertices" : [ 0, 2, 1 ]
    } ]
  }, {
    "id" : "eeb90ad3-c949-4871-b97c-2df4ffa3cc67",
    "vertices" : [ {
      "x" : 31.416409,
      "y" : 10.472136,
      "z" : -10.472136
    }, {
      "x" : 26.18034,
      "y" : 5.236068,
      "z" : -5.236068
    }, {
      "x" : 26.18034,
      "y" : 5.236068,
      "z" : 5.236068
    }, {
      "x" : 31.416409,
      "y" : 10.472136,
      "z" : 10.472136
    } ],
    "faces" : [ {
      "vertices" : [ 0, 1, 2 ]
    }, {
      "vertices" : [ 0, 2, 3 ]
    }, {
      "vertices" : [ 0, 3, 2 ]
    }, {
      "vertices" : [ 0, 2, 1 ]
    } ]
  }, {
    "id" : "f2392602-d053-425c-8f15-b81b0572d0f0",
    "vertices" : [ {
      "x" : -10.472136,
      "y" : -10.472136,
      "z" : -31.416409
    }, {
      "x" : -5.236068,
      "y" : -5.236068,
      "z" : -26.18034
    }, {
      "x" : -5.236068,
      "y" : 5.236068,
      "z" : -26.18034
    }, {
      "x" : -10.472136,
      "y" : 10.472136,
      "z" : -31.416409
    } ],
    "faces" : [ {
      "vertices" : [ 0, 1, 2 ]
    }, {
      "vertices" : [ 0, 2, 3 ]
    }, {
      "vertices" : [ 0, 3, 2 ]
    }, {
      "vertices" : [ 0, 2, 1 ]
    } ]
  }, {
    "id" : "eacea3af-1b3b-4cb6-9eee-811c17c11918",
    "vertices" : [ {
      "x" : 10.472136,
      "y" : -10.472136,
      "z" : -31.416409
    }, {
      "x" : -10.472136,
      "y" : -10.472136,
      "z" : -31.416409
    }, {
      "x" : -10.472136,
      "y" : 10.472136,
      "z" : -31.416409
    }, {
      "x" : 10.472136,
      "y" : 10.472136,
      "z" : -31.416409
    } ],
    "faces" : [ {
      "vertices" : [ 0, 1, 2 ]
    }, {
      "vertices" : [ 0, 2, 3 ]
    }, {
      "vertices" : [ 0, 3, 2 ]
    }, {
      "vertices" : [ 0, 2, 1 ]
    } ]
  }, {
    "id" : "3a941771-88c5-431a-9f91-c81e4b7fb93c",
    "vertices" : [ {
      "x" : -26.18034,
      "y" : 5.236068,
      "z" : 5.236068
    }, {
      "x" : -26.18034,
      "y" : 5.236068,
      "z" : -5.236068
    }, {
      "x" : -31.416409,
      "y" : 10.472136,
      "z" : -10.472136
    }, {
      "x" : -31.416409,
      "y" : 10.472136,
      "z" : 10.472136
    } ],
    "faces" : [ {
      "vertices" : [ 0, 1, 2 ]
    }, {
      "vertices" : [ 0, 2, 3 ]
    }, {
      "vertices" : [ 0, 3, 2 ]
    }, {
      "vertices" : [ 0, 2, 1 ]
    } ]
  }, {
    "id" : "def5bf13-6530-4594-aed1-43f195cb1f39",
    "vertices" : [ {
      "x" : 5.236068,
      "y" : -5.236068,
      "z" : -5.236068
    }, {
      "x" : -5.236068,
      "y" : -5.236068,
      "z" : -5.236068
    }, {
      "x" : -5.236068,
      "y" : 5.236068,
      "z" : -5.236068
    }, {
      "x" : 5.236068,
      "y" : 5.236068,
      "z" : -5.236068
    } ],
    "faces" : [ {
      "vertices" : [ 0, 1, 2 ]
    }, {
      "vertices" : [ 0, 2, 3 ]
    }, {
      "vertices" : [ 0, 3, 2 ]
    }, {
      "vertices" : [ 0, 2, 1 ]
    } ]
  } ],
  "instances" : [ {
    "shape" : "5dbc64ac-e0e8-428f-a881-f325f1df1936",
    "color" : "#FFFF00",
    "position" : {
      "x" : 0.0,
      "y" : 0.0,
      "z" : 0.0
    }
  }, {
    "shape" : "56d23b81-e5ed-4aef-bcde-b6a6298a3889",
    "color" : "#FF0000",
    "position" : {
      "x" : 0.0,
      "y" : 0.0,
      "z" : 0.0
    }
  }, {
    "shape" : "8b9f227d-cd61-428b-926e-6a281841f9c6",
    "color" : "#0000FF",
    "position" : {
      "x" : 0.0,
      "y" : 0.0,
      "z" : 0.0
    }
  }, {
    "shape" : "30ba8561-b326-440f-86fb-750af925275c",
    "color" : "#FFA500",
    "position" : {
      "x" : 0.0,
      "y" : 0.0,
      "z" : 0.0
    }
  }, {
    "shape" : "15cde596-c1a6-41f8-9d8d-86fa54451fb1",
    "color" : "#FFA500",
    "position" : {
      "x" : 0.0,
      "y" : 0.0,
      "z" : 0.0
    }
  }, {
    "shape" : "708bd8c9-7d6c-42cd-a8e6-c666dd6f8b66",
    "color" : "#00FF00",
    "position" : {
      "x" : 0.0,
      "y" : 0.0,
      "z" : 0.0
    }
  }, {
    "shape" : "70eee23d-058d-4cb9-8864-afa3d57e0876",
    "color" : "#FF69B4",
    "position" : {
      "x" : 0.0,
      "y" : 0.0,
      "z" : 0.0
    }
  }, {
    "shape" : "77dd2c1e-0b12-4e26-9fab-cb31c7ae4ef7",
    "color" : "#FFFFFF",
    "position" : {
      "x" : 0.0,
      "y" : 0.0,
      "z" : 0.0
    }
  }, {
    "shape" : "c96c2ad8-7d67-4160-b52e-32cd0258805b",
    "color" : "#800080",
    "position" : {
      "x" : 0.0,
      "y" : 0.0,
      "z" : 0.0
    }
  }, {
    "shape" : "af7f5971-da10-4988-af37-bcfe00b54874",
    "color" : "#0000FF",
    "position" : {
      "x" : 0.0,
      "y" : 0.0,
      "z" : 0.0
    }
  }, {
    "shape" : "d8338585-8349-4eeb-a724-f488c56c9d29",
    "color" : "#800080",
    "position" : {
      "x" : 0.0,
      "y" : 0.0,
      "z" : 0.0
    }
  }, {
    "shape" : "5be749ed-7cfa-48db-8586-986a8735c850",
    "color" : "#800080",
    "position" : {
      "x" : 0.0,
      "y" : 0.0,
      "z" : 0.0
    }
  }, {
    "shape" : "732a169f-1b6d-4dd0-928a-9672e3484cf0",
    "color" : "#0000FF",
    "position" : {
      "x" : 0.0,
      "y" : 0.0,
      "z" : 0.0
    }
  }, {
    "shape" : "0ce15c76-034c-409f-86e4-716b0e438bf5",
    "color" : "#FF0000",
    "position" : {
      "x" : 0.0,
      "y" : 0.0,
      "z" : 0.0
    }
  }, {
    "shape" : "24f482a6-af71-48b4-9164-bc71ae82c52f",
    "color" : "#FF69B4",
    "position" : {
      "x" : 0.0,
      "y" : 0.0,
      "z" : 0.0
    }
  }, {
    "shape" : "abc35a42-805c-402b-bb61-57a00ceed094",
    "color" : "#00FF00",
    "position" : {
      "x" : 0.0,
      "y" : 0.0,
      "z" : 0.0
    }
  }, {
    "shape" : "af9ccae6-4ba4-4376-9eb4-d588bc7424e4",
    "color" : "#FFA500",
    "position" : {
      "x" : 0.0,
      "y" : 0.0,
      "z" : 0.0
    }
  }, {
    "shape" : "5cdc1899-17b6-4410-81da-82f2b47eedc0",
    "color" : "#FF69B4",
    "position" : {
      "x" : 0.0,
      "y" : 0.0,
      "z" : 0.0
    }
  }, {
    "shape" : "c159e379-62c8-483a-ac0e-229d2c80d4e1",
    "color" : "#FFFFFF",
    "position" : {
      "x" : 0.0,
      "y" : 0.0,
      "z" : 0.0
    }
  }, {
    "shape" : "0da63b9c-de28-49b0-8304-f784e6330886",
    "color" : "#FFFF00",
    "position" : {
      "x" : 0.0,
      "y" : 0.0,
      "z" : 0.0
    }
  }, {
    "shape" : "c21b7895-44f9-48d9-a59e-f625cb743aa6",
    "color" : "#FFA500",
    "position" : {
      "x" : 0.0,
      "y" : 0.0,
