{
  "field" : "golden",
  "symmetry" : "icosahedral",
  "orientations" : [ [ 1.0, 0.0, 0.0, 0.0, 0.0, 1.0, 0.0, 0.0, 0.0, 0.0, 1.0, 0.0, 0.0, 0.0, 0.0, 1.0 ], [ 0.0, 0.0, 1.0, 0.0, 1.0, 0.0, 0.0, 0.0, 0.0, 1.0, 0.0, 0.0, 0.0, 0.0, 0.0, 1.0 ], [ 0.0, 1.0, 0.0, 0.0, 0.0, 0.0, 1.0, 0.0, 1.0, 0.0, 0.0, 0.0, 0.0, 0.0, 0.0, 1.0 ], [ 0.809017, 0.309017, 0.5, 0.0, 0.309017, 0.5, -0.809017, 0.0, -0.5, 0.809017, 0.309017, 0.0, 0.0, 0.0, 0.0, 1.0 ], [ -0.5, 0.809017, 0.309017, 0.0, 0.809017, 0.309017, 0.5, 0.0, 0.309017, 0.5, -0.809017, 0.0, 0.0, 0.0, 0.0, 1.0 ], [ 0.309017, 0.5, -0.809017, 0.0, -0.5, 0.809017, 0.309017, 0.0, 0.809017, 0.309017, 0.5, 0.0, 0.0, 0.0, 0.0, 1.0 ], [ 0.5, 0.809017, 0.309017, 0.0, 0.809017, -0.309017, -0.5, 0.0, -0.309017, 0.5, -0.809017, 0.0, 0.0, 0.0, 0.0, 1.0 ], [ -0.309017, 0.5, -0.809017, 0.0, 0.5, 0.809017, 0.309017, 0.0, 0.809017, -0.309017, -0.5, 0.0, 0.0, 0.0, 0.0, 1.0 ], [ 0.809017, -0.309017, -0.5, 0.0, -0.309017, 0.5, -0.809017, 0.0, 0.5, 0.809017, 0.309017, 0.0, 0.0, 0.0, 0.0, 1.0 ], [ 0.5, 0.809017, -0.309017, 0.0, 0.809017, -0.309017, 0.5, 0.0, 0.309017, -0.5, -0.809017, 0.0, 0.0, 0.0, 0.0, 1.0 ], [ 0.309017, -0.5, -0.809017, 0.0, 0.5, 0.809017, -0.309017, 0.0, 0.809017, -0.309017, 0.5, 0.0, 0.0, 0.0, 0.0, 1.0 ], [ 0.809017, -0.309017, 0.5, 0.0, 0.309017, -0.5, -0.809017, 0.0, 0.5, 0.809017, -0.309017, 0.0, 0.0, 0.0, 0.0, 1.0 ], [ 0.809017, 0.309017, -0.5, 0.0, 0.309017, 0.5, 0.809017, 0.0, 0.5, -0.809017, 0.309017, 0.0, 0.0, 0.0, 0.0, 1.0 ], [ 0.5, -0.809017, 0.309017, 0.0, 0.809017, 0.309017, -0.5, 0.0, 0.309017, 0.5, 0.809017, 0.0, 0.0, 0.0, 0.0, 1.0 ], [ 0.309017, 0.5, 0.809017, 0.0, 0.5, -0.809017, 0.309017, 0.0, 0.809017, 0.309017, -0.5, 0.0, 0.0, 0.0, 0.0, 1.0 ], [ 1.0, 0.0, 0.0, 0.0, 0.0, -1.0, 0.0, 0.0, 0.0, 0.0, -1.0, 0.0, 0.0, 0.0, 0.0, 1.0 ], [ 0.0, 0.0, 1.0, 0.0, -1.0, 0.0, 0.0, 0.0, 0.0, -1.0, 0.0, 0.0, 0.0, 0.0, 0.0, 1.0 ], [ 0.0, 1.0, 0.0, 0.0, 0.0, 0.0, -1.0, 0.0, -1.0, 0.0, 0.0, 0.0, 0.0, 0.0, 0.0, 1.0 ], [ 0.809017, 0.309017, 0.5, 0.0, -0.309017, -0.5, 0.809017, 0.0, 0.5, -0.809017, -0.309017, 0.0, 0.0, 0.0, 0.0, 1.0 ], [ -0.5, 0.809017, 0.309017, 0.0, -0.809017, -0.309017, -0.5, 0.0, -0.309017, -0.5, 0.809017, 0.0, 0.0, 0.0, 0.0, 1.0 ], [ 0.309017, 0.5, -0.809017, 0.0, 0.5, -0.809017, -0.309017, 0.0, -0.809017, -0.309017, -0.5, 0.0, 0.0, 0.0, 0.0, 1.0 ], [ 0.5, 0.809017, 0.309017, 0.0, -0.809017, 0.309017, 0.5, 0.0, 0.309017, -0.5, 0.809017, 0.0, 0.0, 0.0, 0.0, 1.0 ], [ -0.309017, 0.5, -0.809017, 0.0, -0.5, -0.809017, -0.309017, 0.0, -0.809017, 0.309017, 0.5, 0.0, 0.0, 0.0, 0.0, 1.0 ], [ 0.809017, -0.309017, -0.5, 0.0, 0.309017, -0.5, 0.809017, 0.0, -0.5, -0.809017, -0.309017, 0.0, 0.0, 0.0, 0.0, 1.0 ], [ 0.5, 0.809017, -0.309017, 0.0, -0.809017, 0.309017, -0.5, 0.0, -0.309017, 0.5, 0.809017, 0.0, 0.0, 0.0, 0.0, 1.0 ], [ 0.309017, -0.5, -0.809017, 0.0, -0.5, -0.809017, 0.309017, 0.0, -0.809017, 0.309017, -0.5, 0.0, 0.0, 0.0, 0.0, 1.0 ], [ 0.809017, -0.309017, 0.5, 0.0, -0.309017, 0.5, 0.809017, 0.0, -0.5, -0.809017, 0.309017, 0.0, 0.0, 0.0, 0.0, 1.0 ], [ 0.809017, 0.309017, -0.5, 0.0, -0.309017, -0.5, -0.809017, 0.0, -0.5, 0.809017, -0.309017, 0.0, 0.0, 0.0, 0.0, 1.0 ], [ 0.5, -0.809017, 0.309017, 0.0, -0.809017, -0.309017, 0.5, 0.0, -0.309017, -0.5, -0.809017, 0.0, 0.0, 0.0, 0.0, 1.0 ], [ 0.309017, 0.5, 0.809017, 0.0, -0.5, 0.809017, -0.309017, 0.0, -0.809017, -0.309017, 0.5, 0.0, 0.0, 0.0, 0.0, 1.0 ], [ -1.0, 0.0, 0.0, 0.0, 0.0, -1.0, 0.0, 0.0, 0.0, 0.0, 1.0, 0.0, 0.0, 0.0, 0.0, 1.0 ], [ 0.0, 0.0, -1.0, 0.0, -1.0, 0.0, 0.0, 0.0, 0.0, 1.0, 0.0, 0.0, 0.0, 0.0, 0.0, 1.0 ], [ 0.0, -1.0, 0.0, 0.0, 0.0, 0.0, -1.0, 0.0, 1.0, 0.0, 0.0, 0.0, 0.0, 0.0, 0.0, 1.0 ], [ -0.809017, -0.309017, -0.5, 0.0, -0.309017, -0.5, 0.809017, 0.0, -0.5, 0.809017, 0.309017, 0.0, 0.0, 0.0, 0.0, 1.0 ], [ 0.5, -0.809017, -0.309017, 0.0, -0.809017, -0.309017, -0.5, 0.0, 0.309017, 0.5, -0.809017, 0.0, 0.0, 0.0, 0.0, 1.0 ], [ -0.309017, -0.5, 0.809017, 0.0, 0.5, -0.809017, -0.309017, 0.0, 0.809017, 0.309017, 0.5, 0.0, 0.0, 0.0, 0.0, 1.0 ], [ -0.5, -0.809017, -0.309017, 0.0, -0.809017, 0.309017, 0.5, 0.0, -0.309017, 0.5, -0.809017, 0.0, 0.0, 0.0, 0.0, 1.0 ], [ 0.309017, -0.5, 0.809017, 0.0, -0.5, -0.809017, -0.309017, 0.0, 0.809017, -0.309017, -0.5, 0.0, 0.0, 0.0, 0.0, 1.0 ], [ -0.809017, 0.309017, 0.5, 0.0, 0.309017, -0.5, 0.809017, 0.0, 0.5, 0.809017, 0.309017, 0.0, 0.0, 0.0, 0.0, 1.0 ], [ -0.5, -0.809017, 0.309017, 0.0, -0.809017, 0.309017, -0.5, 0.0, 0.309017, -0.5, -0.809017, 0.0, 0.0, 0.0, 0.0, 1.0 ], [ -0.309017, 0.5, 0.809017, 0.0, -0.5, -0.809017, 0.309017, 0.0, 0.809017, -0.309017, 0.5, 0.0, 0.0, 0.0, 0.0, 1.0 ], [ -0.809017, 0.309017, -0.5, 0.0, -0.309017, 0.5, 0.809017, 0.0, 0.5, 0.809017, -0.309017, 0.0, 0.0, 0.0, 0.0, 1.0 ], [ -0.809017, -0.309017, 0.5, 0.0, -0.309017, -0.5, -0.809017, 0.0, 0.5, -0.809017, 0.309017, 0.0, 0.0, 0.0, 0.0, 1.0 ], [ -0.5, 0.809017, -0.309017, 0.0, -0.809017, -0.309017, 0.5, 0.0, 0.309017, 0.5, 0.809017, 0.0, 0.0, 0.0, 0.0, 1.0 ], [ -0.309017, -0.5, -0.809017, 0.0, -0.5, 0.809017, -0.309017, 0.0, 0.809017, 0.309017, -0.5, 0.0, 0.0, 0.0, 0.0, 1.0 ], [ -1.0, 0.0, 0.0, 0.0, 0.0, 1.0, 0.0, 0.0, 0.0, 0.0, -1.0, 0.0, 0.0, 0.0, 0.0, 1.0 ], [ 0.0, 0.0, -1.0, 0.0, 1.0, 0.0, 0.0, 0.0, 0.0, -1.0, 0.0, 0.0, 0.0, 0.0, 0.0, 1.0 ], [ 0.0, -1.0, 0.0, 0.0, 0.0, 0.0, 1.0, 0.0, -1.0, 0.0, 0.0, 0.0, 0.0, 0.0, 0.0, 1.0 ], [ -0.809017, -0.309017, -0.5, 0.0, 0.309017, 0.5, -0.809017, 0.0, 0.5, -0.809017, -0.309017, 0.0, 0.0, 0.0, 0.0, 1.0 ], [ 0.5, -0.809017, -0.309017, 0.0, 0.809017, 0.309017, 0.5, 0.0, -0.309017, -0.5, 0.809017, 0.0, 0.0, 0.0, 0.0, 1.0 ], [ -0.309017, -0.5, 0.809017, 0.0, -0.5, 0.809017, 0.309017, 0.0, -0.809017, -0.309017, -0.5, 0.0, 0.0, 0.0, 0.0, 1.0 ], [ -0.5, -0.809017, -0.309017, 0.0, 0.809017, -0.309017, -0.5, 0.0, 0.309017, -0.5, 0.809017, 0.0, 0.0, 0.0, 0.0, 1.0 ], [ 0.309017, -0.5, 0.809017, 0.0, 0.5, 0.809017, 0.309017, 0.0, -0.809017, 0.309017, 0.5, 0.0, 0.0, 0.0, 0.0, 1.0 ], [ -0.809017, 0.309017, 0.5, 0.0, -0.309017, 0.5, -0.809017, 0.0, -0.5, -0.809017, -0.309017, 0.0, 0.0, 0.0, 0.0, 1.0 ], [ -0.5, -0.809017, 0.309017, 0.0, 0.809017, -0.309017, 0.5, 0.0, -0.309017, 0.5, 0.809017, 0.0, 0.0, 0.0, 0.0, 1.0 ], [ -0.309017, 0.5, 0.809017, 0.0, 0.5, 0.809017, -0.309017, 0.0, -0.809017, 0.309017, -0.5, 0.0, 0.0, 0.0, 0.0, 1.0 ], [ -0.809017, 0.309017, -0.5, 0.0, 0.309017, -0.5, -0.809017, 0.0, -0.5, -0.809017, 0.309017, 0.0, 0.0, 0.0, 0.0, 1.0 ], [ -0.809017, -0.309017, 0.5, 0.0, 0.309017, 0.5, 0.809017, 0.0, -0.5, 0.809017, -0.309017, 0.0, 0.0, 0.0, 0.0, 1.0 ], [ -0.5, 0.809017, -0.309017, 0.0, 0.809017, 0.309017, -0.5, 0.0, -0.309017, -0.5, -0.809017, 0.0, 0.0, 0.0, 0.0, 1.0 ], [ -0.309017, -0.5, -0.809017, 0.0, 0.5, -0.809017, 0.309017, 0.0, -0.809017, -0.309017, 0.5, 0.0, 0.0, 0.0, 0.0, 1.0 ] ],
  "lights" : {
    "directionalLights" : [ {
      "direction" : {
        "x" : 1.0,
        "y" : -1.0,
        "z" : -1.0
      },
      "color" : "#EBEBE4"
    }, {
      "direction" : {
        "x" : -1.0,
        "y" : 0.0,
        "z" : 0.0
      },
      "color" : "#E4E4EB"
    }, {
      "direction" : {
        "x" : 0.0,
        "y" : 0.0,
        "z" : -1.0
      },
      "color" : "#1E1E1E"
    } ],
    "ambientColor" : "#292929",
    "backgroundColor" : "#AFC8DC"
  },
  "camera" : {
    "position" : {
      "x" : 0.0,
      "y" : 0.0,
      "z" : 122.59417
    },
    "width" : 55.16748,
    "nearClipDistance" : 0.30648556,
    "farClipDistance" : 245.18887,
    "fieldOfView" : 0.4426297,
    "perspective" : false,
    "viewDistance" : 122.59417,
    "lookAtPoint" : {
      "x" : 0.0,
      "y" : 0.0,
      "z" : 0.0
    },
    "lookDirection" : {
      "x" : 0.0,
      "y" : 0.0,
      "z" : -1.0
    },
    "upDirection" : {
      "x" : 0.0,
      "y" : 1.0,
      "z" : 0.0
    },
    "stereo" : false
  },
  "embedding" : [ 1.0, 0.0, 0.0, 0.0, 0.0, 1.0, 0.0, 0.0, 0.0, 0.0, 1.0, 0.0, 0.0, 0.0, 0.0, 1.0 ],
  "shapes" : [ {
    "id" : "404ce9b6-6625-4ef1-903a-b1d939e7eadc",
    "vertices" : [ {
      "x" : -0.309017,
      "y" : -0.19098301,
      "z" : 0.0
    }, {
      "x" : -0.309017,
      "y" : 0.19098301,
      "z" : 0.0
    }, {
      "x" : -0.19098301,
      "y" : 0.0,
      "z" : -0.309017
    }, {
      "x" : -0.19098301,
      "y" : 0.0,
      "z" : 0.309017
    }, {
      "x" : 0.0,
      "y" : -0.309017,
      "z" : -0.19098301
    }, {
      "x" : 0.0,
      "y" : -0.309017,
      "z" : 0.19098301
    }, {
      "x" : 0.0,
      "y" : 0.309017,
      "z" : -0.19098301
    }, {
      "x" : 0.0,
      "y" : 0.309017,
      "z" : 0.19098301
    }, {
      "x" : 0.19098301,
      "y" : 0.0,
      "z" : -0.309017
    }, {
      "x" : 0.19098301,
      "y" : 0.0,
      "z" : 0.309017
    }, {
      "x" : 0.309017,
      "y" : -0.19098301,
      "z" : 0.0
    }, {
      "x" : 0.309017,
      "y" : 0.19098301,
      "z" : 0.0
    } ],
    "faces" : [ {
      "vertices" : [ 0, 1, 2 ]
    }, {
      "vertices" : [ 0, 3, 1 ]
    }, {
      "vertices" : [ 0, 2, 4 ]
    }, {
      "vertices" : [ 0, 5, 3 ]
    }, {
      "vertices" : [ 0, 4, 5 ]
    }, {
      "vertices" : [ 1, 6, 2 ]
    }, {
      "vertices" : [ 1, 3, 7 ]
    }, {
      "vertices" : [ 1, 7, 6 ]
    }, {
      "vertices" : [ 2, 8, 4 ]
    }, {
      "vertices" : [ 2, 6, 8 ]
    }, {
      "vertices" : [ 3, 5, 9 ]
    }, {
      "vertices" : [ 3, 9, 7 ]
    }, {
      "vertices" : [ 4, 10, 5 ]
    }, {
      "vertices" : [ 4, 8, 10 ]
    }, {
      "vertices" : [ 5, 10, 9 ]
    }, {
      "vertices" : [ 6, 7, 11 ]
    }, {
      "vertices" : [ 6, 11, 8 ]
    }, {
      "vertices" : [ 7, 9, 11 ]
    }, {
      "vertices" : [ 8, 11, 10 ]
    }, {
      "vertices" : [ 9, 10, 11 ]
    } ]
  }, {
    "id" : "99606a87-4fb4-4614-bfa5-8c5b3323d561",
    "vertices" : [ {
      "x" : 1.0,
      "y" : 0.309017,
      "z" : 0.19098301
    }, {
      "x" : 1.0,
      "y" : -0.309017,
      "z" : 0.19098301
    }, {
      "x" : 8.91935,
      "y" : -0.309017,
      "z" : 0.19098301
    }, {
      "x" : 8.91935,
      "y" : 0.309017,
      "z" : 0.19098301
    }, {
      "x" : 8.91935,
      "y" : -0.309017,
      "z" : -0.19098301
    }, {
      "x" : 8.91935,
      "y" : 0.309017,
      "z" : -0.19098301
    }, {
      "x" : 9.537383,
      "y" : 0.0,
      "z" : 0.0
    }, {
      "x" : 0.38196602,
      "y" : 0.0,
      "z" : 0.0
    }, {
      "x" : 1.0,
      "y" : 0.309017,
      "z" : -0.19098301
    }, {
      "x" : 1.0,
      "y" : -0.309017,
      "z" : -0.19098301
    }, {
      "x" : 9.91935,
      "y" : 0.0,
      "z" : 0.0
    } ],
    "faces" : [ {
      "vertices" : [ 1, 9, 4 ]
    }, {
      "vertices" : [ 1, 4, 2 ]
    }, {
      "vertices" : [ 0, 3, 5 ]
    }, {
      "vertices" : [ 0, 5, 8 ]
    }, {
      "vertices" : [ 1, 7, 9 ]
    }, {
      "vertices" : [ 0, 1, 2 ]
    }, {
      "vertices" : [ 0, 2, 3 ]
    }, {
      "vertices" : [ 7, 8, 9 ]
    }, {
      "vertices" : [ 0, 7, 1 ]
    }, {
      "vertices" : [ 4, 9, 8 ]
    }, {
      "vertices" : [ 4, 8, 5 ]
    }, {
      "vertices" : [ 2, 6, 3 ]
    }, {
      "vertices" : [ 2, 4, 6 ]
    }, {
      "vertices" : [ 3, 6, 5 ]
    }, {
      "vertices" : [ 4, 5, 6 ]
    }, {
      "vertices" : [ 0, 8, 7 ]
    } ]
  }, {
    "id" : "3adab29e-a58e-4d48-9a60-2e0f338e73d4",
    "vertices" : [ {
      "x" : 1.0,
      "y" : 0.309017,
      "z" : 0.19098301
    }, {
      "x" : 1.0,
      "y" : -0.309017,
      "z" : 0.19098301
    }, {
      "x" : 12.708204,
      "y" : -0.309017,
      "z" : 0.19098301
    }, {
      "x" : 12.708204,
      "y" : 0.309017,
      "z" : 0.19098301
    }, {
      "x" : 12.708204,
      "y" : -0.309017,
      "z" : -0.19098301
    }, {
      "x" : 12.708204,
      "y" : 0.309017,
      "z" : -0.19098301
    }, {
      "x" : 13.326238,
      "y" : 0.0,
      "z" : 0.0
    }, {
      "x" : 0.38196602,
      "y" : 0.0,
      "z" : 0.0
    }, {
      "x" : 1.0,
      "y" : 0.309017,
      "z" : -0.19098301
    }, {
      "x" : 1.0,
      "y" : -0.309017,
      "z" : -0.19098301
    }, {
      "x" : 13.708204,
      "y" : 0.0,
      "z" : 0.0
    } ],
    "faces" : [ {
      "vertices" : [ 1, 9, 4 ]
    }, {
      "vertices" : [ 1, 4, 2 ]
    }, {
      "vertices" : [ 0, 3, 5 ]
    }, {
      "vertices" : [ 0, 5, 8 ]
    }, {
      "vertices" : [ 1, 7, 9 ]
    }, {
      "vertices" : [ 0, 1, 2 ]
    }, {
      "vertices" : [ 0, 2, 3 ]
    }, {
      "vertices" : [ 7, 8, 9 ]
    }, {
      "vertices" : [ 0, 7, 1 ]
    }, {
      "vertices" : [ 4, 9, 8 ]
    }, {
      "vertices" : [ 4, 8, 5 ]
    }, {
      "vertices" : [ 2, 6, 3 ]
    }, {
      "vertices" : [ 2, 4, 6 ]
    }, {
      "vertices" : [ 3, 6, 5 ]
    }, {
      "vertices" : [ 4, 5, 6 ]
    }, {
      "vertices" : [ 0, 8, 7 ]
    } ]
  }, {
    "id" : "fdd0aff5-8725-4154-bceb-06cb0ce570a6",
    "vertices" : [ {
      "x" : 7.715905,
      "y" : 2.9472136,
      "z" : -1.1257354
    }, {
      "x" : 7.3339396,
      "y" : 2.4922986,
      "z" : -0.9347524
    }, {
      "x" : 7.17082,
      "y" : 2.7562306,
      "z" : -1.3618034
    }, {
      "x" : 7.0978713,
      "y" : 3.0201626,
      "z" : -1.1708204
    }, {
      "x" : 0.85410196,
      "y" : 0.309017,
      "z" : 0.19098301
    }, {
      "x" : 0.690983,
      "y" : 0.572949,
      "z" : -0.23606798
    }, {
      "x" : 0.309017,
      "y" : 0.11803399,
      "z" : -0.045084972
    }, {
      "x" : 0.76393205,
      "y" : 0.309017,
      "z" : -0.42705098
    }, {
      "x" : 0.927051,
      "y" : 0.045084972,
      "z" : 0.0
    }, {
      "x" : 7.26099,
      "y" : 2.7562306,
      "z" : -0.7437694
    }, {
      "x" : 8.024922,
      "y" : 3.0652475,
      "z" : -1.1708204
    } ],
    "faces" : [ {
      "vertices" : [ 2, 7, 5 ]
    }, {
      "vertices" : [ 2, 5, 3 ]
    }, {
      "vertices" : [ 1, 8, 7 ]
    }, {
      "vertices" : [ 1, 7, 2 ]
    }, {
      "vertices" : [ 4, 6, 8 ]
    }, {
      "vertices" : [ 5, 7, 6 ]
    }, {
      "vertices" : [ 0, 1, 2 ]
    }, {
      "vertices" : [ 0, 2, 3 ]
    }, {
      "vertices" : [ 6, 7, 8 ]
    }, {
      "vertices" : [ 3, 5, 4 ]
    }, {
      "vertices" : [ 3, 4, 9 ]
    }, {
      "vertices" : [ 1, 9, 4 ]
    }, {
      "vertices" : [ 1, 4, 8 ]
    }, {
      "vertices" : [ 0, 9, 1 ]
    }, {
      "vertices" : [ 0, 3, 9 ]
    }, {
      "vertices" : [ 4, 5, 6 ]
    } ]
  }, {
    "id" : "091b8a48-b1c3-4a31-ac91-9903dce37755",
    "vertices" : [ {
      "x" : 20.700502,
      "y" : 7.9068885,
      "z" : -3.0201626
    }, {
      "x" : 20.318537,
      "y" : 7.4519734,
      "z" : -2.8291795
    }, {
      "x" : 20.155418,
      "y" : 7.715905,
      "z" : -3.2562306
    }, {
      "x" : 20.082468,
      "y" : 7.9798374,
      "z" : -3.0652475
    }, {
      "x" : 0.85410196,
      "y" : 0.309017,
      "z" : 0.19098301
    }, {
      "x" : 0.690983,
      "y" : 0.572949,
      "z" : -0.23606798
    }, {
      "x" : 0.309017,
      "y" : 0.11803399,
      "z" : -0.045084972
    }, {
      "x" : 0.76393205,
      "y" : 0.309017,
      "z" : -0.42705098
    }, {
      "x" : 0.927051,
      "y" : 0.045084972,
      "z" : 0.0
    }, {
      "x" : 20.245588,
      "y" : 7.715905,
      "z" : -2.6381967
    }, {
      "x" : 21.00952,
      "y" : 8.024922,
      "z" : -3.0652475
    } ],
    "faces" : [ {
      "vertices" : [ 2, 7, 5 ]
    }, {
      "vertices" : [ 2, 5, 3 ]
    }, {
      "vertices" : [ 1, 8, 7 ]
    }, {
      "vertices" : [ 1, 7, 2 ]
    }, {
      "vertices" : [ 4, 6, 8 ]
    }, {
      "vertices" : [ 5, 7, 6 ]
    }, {
      "vertices" : [ 0, 1, 2 ]
    }, {
      "vertices" : [ 0, 2, 3 ]
    }, {
      "vertices" : [ 6, 7, 8 ]
    }, {
      "vertices" : [ 3, 5, 4 ]
    }, {
      "vertices" : [ 3, 4, 9 ]
    }, {
      "vertices" : [ 1, 9, 4 ]
    }, {
      "vertices" : [ 1, 4, 8 ]
    }, {
      "vertices" : [ 0, 9, 1 ]
    }, {
      "vertices" : [ 0, 3, 9 ]
    }, {
      "vertices" : [ 4, 5, 6 ]
    } ]
  }, {
    "id" : "0c991b30-f526-4302-8352-dfe27f16fbfc",
    "vertices" : [ {
      "x" : 16.688042,
      "y" : 6.3742647,
      "z" : -2.4347525
    }, {
      "x" : 16.306076,
      "y" : 5.9193497,
      "z" : -2.2437694
    }, {
      "x" : 16.142956,
      "y" : 6.1832814,
      "z" : -2.6708205
    }, {
      "x" : 16.070007,
      "y" : 6.4472136,
      "z" : -2.4798374
    }, {
      "x" : 0.85410196,
      "y" : 0.309017,
      "z" : 0.19098301
    }, {
      "x" : 0.690983,
      "y" : 0.572949,
      "z" : -0.23606798
    }, {
      "x" : 0.309017,
      "y" : 0.11803399,
      "z" : -0.045084972
    }, {
      "x" : 0.76393205,
      "y" : 0.309017,
      "z" : -0.42705098
    }, {
      "x" : 0.927051,
      "y" : 0.045084972,
      "z" : 0.0
    }, {
      "x" : 16.233126,
      "y" : 6.1832814,
      "z" : -2.0527864
    }, {
      "x" : 16.997059,
      "y" : 6.4922986,
      "z" : -2.4798374
    } ],
    "faces" : [ {
      "vertices" : [ 2, 7, 5 ]
    }, {
      "vertices" : [ 2, 5, 3 ]
    }, {
      "vertices" : [ 1, 8, 7 ]
    }, {
      "vertices" : [ 1, 7, 2 ]
    }, {
      "vertices" : [ 4, 6, 8 ]
    }, {
      "vertices" : [ 5, 7, 6 ]
    }, {
      "vertices" : [ 0, 1, 2 ]
    }, {
      "vertices" : [ 0, 2, 3 ]
    }, {
      "vertices" : [ 6, 7, 8 ]
    }, {
      "vertices" : [ 3, 5, 4 ]
    }, {
      "vertices" : [ 3, 4, 9 ]
    }, {
      "vertices" : [ 1, 9, 4 ]
    }, {
      "vertices" : [ 1, 4, 8 ]
    }, {
      "vertices" : [ 0, 9, 1 ]
    }, {
      "vertices" : [ 0, 3, 9 ]
    }, {
      "vertices" : [ 4, 5, 6 ]
    } ]
  }, {
    "id" : "63e8a13b-123b-459f-9d2b-27cc4f6df818",
    "vertices" : [ {
      "x" : 1.0,
      "y" : 0.309017,
      "z" : 0.19098301
    }, {
      "x" : 1.0,
      "y" : -0.309017,
      "z" : 0.19098301
    }, {
      "x" : 15.049845,
      "y" : -0.309017,
      "z" : 0.19098301
    }, {
      "x" : 15.049845,
      "y" : 0.309017,
      "z" : 0.19098301
    }, {
      "x" : 15.049845,
      "y" : -0.309017,
      "z" : -0.19098301
    }, {
      "x" : 15.049845,
      "y" : 0.309017,
      "z" : -0.19098301
    }, {
      "x" : 15.667879,
      "y" : 0.0,
      "z" : 0.0
    }, {
      "x" : 0.38196602,
      "y" : 0.0,
      "z" : 0.0
    }, {
      "x" : 1.0,
      "y" : 0.309017,
      "z" : -0.19098301
    }, {
      "x" : 1.0,
      "y" : -0.309017,
      "z" : -0.19098301
    }, {
      "x" : 16.049845,
      "y" : 0.0,
      "z" : 0.0
    } ],
    "faces" : [ {
      "vertices" : [ 1, 9, 4 ]
    }, {
      "vertices" : [ 1, 4, 2 ]
    }, {
      "vertices" : [ 0, 3, 5 ]
    }, {
      "vertices" : [ 0, 5, 8 ]
    }, {
      "vertices" : [ 1, 7, 9 ]
    }, {
      "vertices" : [ 0, 1, 2 ]
    }, {
      "vertices" : [ 0, 2, 3 ]
    }, {
      "vertices" : [ 7, 8, 9 ]
    }, {
      "vertices" : [ 0, 7, 1 ]
    }, {
      "vertices" : [ 4, 9, 8 ]
    }, {
      "vertices" : [ 4, 8, 5 ]
    }, {
      "vertices" : [ 2, 6, 3 ]
    }, {
      "vertices" : [ 2, 4, 6 ]
    }, {
      "vertices" : [ 3, 6, 5 ]
    }, {
      "vertices" : [ 4, 5, 6 ]
    }, {
      "vertices" : [ 0, 8, 7 ]
    } ]
  } ],
  "instances" : [ {
    "shape" : "404ce9b6-6625-4ef1-903a-b1d939e7eadc",
    "color" : "#FFFFFF",
    "position" : {
      "x" : 0.0,
      "y" : 4.959675,
      "z" : -12.984597
    }
  }, {
    "shape" : "404ce9b6-6625-4ef1-903a-b1d939e7eadc",
    "color" : "#FFFFFF",
    "position" : {
      "x" : 4.959675,
      "y" : -12.984597,
      "z" : 0.0
    }
  }, {
    "shape" : "99606a87-4fb4-4614-bfa5-8c5b3323d561",
    "color" : "#007695",
    "position" : {
      "x" : -12.984597,
      "y" : 0.0,
      "z" : 4.959675
    },
    "orientation" : 21
  }, {
    "shape" : "3adab29e-a58e-4d48-9a60-2e0f338e73d4",
    "color" : "#007695",
    "position" : {
      "x" : 11.09017,
      "y" : -6.854102,
      "z" : 0.0
    },
    "orientation" : 55
  }, {
    "shape" : "fdd0aff5-8725-4154-bceb-06cb0ce570a6",
    "color" : "#008D36",
    "position" : {
      "x" : -12.984597,
      "y" : 0.0,
      "z" : 4.959675
    },
    "orientation" : 25
  }, {
    "shape" : "3adab29e-a58e-4d48-9a60-2e0f338e73d4",
    "color" : "#007695",
    "position" : {
      "x" : -6.854102,
      "y" : 0.0,
      "z" : 11.09017
    },
    "orientation" : 6
  }, {
    "shape" : "404ce9b6-6625-4ef1-903a-b1d939e7eadc",
    "color" : "#FFFFFF",
    "position" : {
      "x" : 6.854102,
      "y" : 0.0,
      "z" : -11.09017
    }
  }, {
    "shape" : "fdd0aff5-8725-4154-bceb-06cb0ce570a6",
    "color" : "#008D36",
    "position" : {
      "x" : 0.0,
      "y" : -11.09017,
      "z" : 6.854102
    },
    "orientation" : 45
  }, {
    "shape" : "404ce9b6-6625-4ef1-903a-b1d939e7eadc",
    "color" : "#FFFFFF",
    "position" : {
      "x" : -12.984597,
      "y" : 0.0,
      "z" : 4.959675
    }
  }, {
    "shape" : "091b8a48-b1c3-4a31-ac91-9903dce37755",
    "color" : "#008D36",
    "position" : {
      "x" : 12.984597,
      "y" : 0.0,
      "z" : 4.959675
    },
    "orientation" : 42
  }, {
    "shape" : "fdd0aff5-8725-4154-bceb-06cb0ce570a6",
    "color" : "#008D36",
    "position" : {
      "x" : 0.0,
      "y" : 11.09017,
      "z" : -6.854102
    },
    "orientation" : 30
  }, {
    "shape" : "99606a87-4fb4-4614-bfa5-8c5b3323d561",
    "color" : "#007695",
    "position" : {
      "x" : 0.0,
      "y" : -4.959675,
      "z" : 12.984597
    },
    "orientation" : 53
  }, {
    "shape" : "0c991b30-f526-4302-8352-dfe27f16fbfc",
    "color" : "#008D36",
    "position" : {
      "x" : -4.012461,
      "y" : 6.4922986,
      "z" : -10.50476
    },
    "orientation" : 43
  }, {
    "shape" : "99606a87-4fb4-4614-bfa5-8c5b3323d561",
    "color" : "#007695",
    "position" : {
      "x" : -12.984597,
      "y" : 0.0,
      "z" : -4.959675
    },
    "orientation" : 6
  }, {
    "shape" : "99606a87-4fb4-4614-bfa5-8c5b3323d561",
    "color" : "#007695",
    "position" : {
      "x" : 0.0,
      "y" : -4.959675,
      "z" : -12.984597
    },
    "orientation" : 1
  }, {
    "shape" : "3adab29e-a58e-4d48-9a60-2e0f338e73d4",
    "color" : "#007695",
    "position" : {
      "x" : 0.0,
      "y" : 11.09017,
      "z" : -6.854102
    },
    "orientation" : 36
  }, {
    "shape" : "3adab29e-a58e-4d48-9a60-2e0f338e73d4",
    "color" : "#007695",
    "position" : {
      "x" : 11.09017,
      "y" : 6.854102,
      "z" : 0.0
    },
    "orientation" : 56
  }, {
    "shape" : "fdd0aff5-8725-4154-bceb-06cb0ce570a6",
    "color" : "#008D36",
    "position" : {
      "x" : 8.024922,
      "y" : -8.024922,
      "z" : 8.024922
    },
    "orientation" : 1
  }, {
    "shape" : "0c991b30-f526-4302-8352-dfe27f16fbfc",
    "color" : "#008D36",
    "position" : {
      "x" : 6.4922986,
      "y" : 10.50476,
      "z" : 4.012461
    },
    "orientation" : 42
  }, {
    "shape" : "3adab29e-a58e-4d48-9a60-2e0f338e73d4",
    "color" : "#007695",
    "position" : {
      "x" : 11.09017,
      "y" : 6.854102,
      "z" : 0.0
    },
    "orientation" : 22
  }, {
    "shape" : "404ce9b6-6625-4ef1-903a-b1d939e7eadc",
    "color" : "#FFFFFF",
    "position" : {
      "x" : 8.024922,
      "y" : -8.024922,
      "z" : -8.024922
    }
  }, {
    "shape" : "404ce9b6-6625-4ef1-903a-b1d939e7eadc",
    "color" : "#FFFFFF",
    "position" : {
      "x" : 0.0,
      "y" : -11.09017,
      "z" : -6.854102
    }
  }, {
    "shape" : "404ce9b6-6625-4ef1-903a-b1d939e7eadc",
    "color" : "#FFFFFF",
    "position" : {
      "x" : 0.0,
      "y" : -4.959675,
      "z" : 12.984597
    }
  }, {
    "shape" : "404ce9b6-6625-4ef1-903a-b1d939e7eadc",
    "color" : "#FFFFFF",
    "position" : {
      "x" : -6.854102,
      "y" : 0.0,
      "z" : 11.09017
    }
  }, {
    "shape" : "3adab29e-a58e-4d48-9a60-2e0f338e73d4",
    "color" : "#007695",
    "position" : {
      "x" : 0.0,
      "y" : -11.09017,
      "z" : -6.854102
    },
    "orientation" : 6
  }, {
    "shape" : "404ce9b6-6625-4ef1-903a-b1d939e7eadc",
    "color" : "#FFFFFF",
    "position" : {
      "x" : 0.0,
      "y" : -4.959675,
      "z" : -12.984597
    }
  }, {
    "shape" : "99606a87-4fb4-4614-bfa5-8c5b3323d561",
    "color" : "#007695",
    "position" : {
      "x" : -8.024922,
      "y" : -8.024922,
      "z" : -8.024922
    },
    "orientation" : 37
  }, {
    "shape" : "404ce9b6-6625-4ef1-903a-b1d939e7eadc",
    "color" : "#FFFFFF",
    "position" : {
      "x" : 11.09017,
      "y" : 6.854102,
      "z" : 0.0
    }
  }, {
    "shape" : "fdd0aff5-8725-4154-bceb-06cb0ce570a6",
    "color" : "#008D36",
    "position" : {
      "x" : 0.0,
      "y" : -4.959675,
      "z" : -12.984597
    },
    "orientation" : 9
  }, {
    "shape" : "fdd0aff5-8725-4154-bceb-06cb0ce570a6",
    "color" : "#008D36",
    "position" : {
      "x" : -6.854102,
      "y" : 0.0,
      "z" : -11.09017
    },
    "orientation" : 24
  }, {
    "shape" : "404ce9b6-6625-4ef1-903a-b1d939e7eadc",
    "color" : "#FFFFFF",
    "position" : {
      "x" : 4.959675,
      "y" : 12.984597,
      "z" : 0.0
    }
  }, {
    "shape" : "63e8a13b-123b-459f-9d2b-27cc4f6df818",
    "color" : "#007695",
    "position" : {
      "x" : -12.984597,
      "y" : 0.0,
      "z" : -4.959675
    },
    "orientation" : 26
  }, {
    "shape" : "404ce9b6-6625-4ef1-903a-b1d939e7eadc",
    "color" : "#FFFFFF",
    "position" : {
      "x" : 8.024922,
      "y" : 8.024922,
      "z" : 8.024922
    }
  }, {
    "shape" : "fdd0aff5-8725-4154-bceb-06cb0ce570a6",
    "color" : "#008D36",
    "position" : {
      "x" : -12.984597,
      "y" : 0.0,
      "z" : -4.959675
    },
    "orientation" : 10
  }, {
    "shape" : "99606a87-4fb4-4614-bfa5-8c5b3323d561",
    "color" : "#007695",
    "position" : {
      "x" : 8.024922,
      "y" : -8.024922,
      "z" : 8.024922
    },
    "orientation" : 38
  }, {
    "shape" : "99606a87-4fb4-4614-bfa5-8c5b3323d561",
    "color" : "#007695",
    "position" : {
      "x" : -8.024922,
      "y" : 8.024922,
      "z" : 8.024922
    },
    "orientation" : 8
  }, {
    "shape" : "fdd0aff5-8725-4154-bceb-06cb0ce570a6",
    "color" : "#008D36",
    "position" : {
      "x" : 0.0,
      "y" : -4.959675,
      "z" : 12.984597
    },
    "orientation" : 54
  }, {
    "shape" : "fdd0aff5-8725-4154-bceb-06cb0ce570a6",
    "color" : "#008D36",
    "position" : {
      "x" : -8.024922,
      "y" : 8.024922,
      "z" : 8.024922
    },
    "orientation" : 0
  }, {
    "shape" : "fdd0aff5-8725-4154-bceb-06cb0ce570a6",
    "color" : "#008D36",
    "position" : {
      "x" : 8.024922,
      "y" : -8.024922,
      "z" : -8.024922
    },
    "orientation" : 58
  }, {
    "shape" : "404ce9b6-6625-4ef1-903a-b1d939e7eadc",
    "color" : "#FFFFFF",
    "position" : {
      "x" : -6.4922986,
      "y" : -10.50476,
      "z" : -4.012461
    }
  }, {
    "shape" : "fdd0aff5-8725-4154-bceb-06cb0ce570a6",
    "color" : "#008D36",
    "position" : {
      "x" : 8.024922,
      "y" : -8.024922,
      "z" : -8.024922
    },
    "orientation" : 14
  }, {
    "shape" : "fdd0aff5-8725-4154-bceb-06cb0ce570a6",
    "color" : "#008D36",
    "position" : {
      "x" : -8.024922,
      "y" : -8.024922,
      "z" : -8.024922
    },
    "orientation" : 46
  }, {
    "shape" : "99606a87-4fb4-4614-bfa5-8c5b3323d561",
    "color" : "#007695",
    "position" : {
      "x" : -12.984597,
      "y" : 0.0,
      "z" : -4.959675
    },
    "orientation" : 24
  }, {
    "shape" : "3adab29e-a58e-4d48-9a60-2e0f338e73d4",
    "color" : "#007695",
    "position" : {
      "x" : -6.854102,
      "y" : 0.0,
      "z" : 11.09017
    },
    "orientation" : 0
  }, {
    "shape" : "fdd0aff5-8725-4154-bceb-06cb0ce570a6",
    "color" : "#008D36",
    "position" : {
      "x" : 0.0,
      "y" : -11.09017,
      "z" : 6.854102
    },
    "orientation" : 7
  }, {
    "shape" : "63e8a13b-123b-459f-9d2b-27cc4f6df818",
    "color" : "#007695",
    "position" : {
      "x" : -8.024922,
      "y" : -8.024922,
      "z" : 8.024922
    },
    "orientation" : 55
  }, {
    "shape" : "fdd0aff5-8725-4154-bceb-06cb0ce570a6",
    "color" : "#008D36",
    "position" : {
      "x" : 12.984597,
      "y" : 0.0,
      "z" : 4.959675
    },
    "orientation" : 38
  }, {
    "shape" : "404ce9b6-6625-4ef1-903a-b1d939e7eadc",
    "color" : "#FFFFFF",
    "position" : {
      "x" : -11.09017,
      "y" : 6.854102,
      "z" : 0.0
    }
  }, {
    "shape" : "3adab29e-a58e-4d48-9a60-2e0f338e73d4",
    "color" : "#007695",
    "position" : {
      "x" : -6.854102,
      "y" : 0.0,
      "z" : -11.09017
    },
    "orientation" : 7
  }, {
    "shape" : "0c991b30-f526-4302-8352-dfe27f16fbfc",
    "color" : "#008D36",
    "position" : {
      "x" : -10.50476,
      "y" : 4.012461,
      "z" : 6.4922986
    },
    "orientation" : 25
  }, {
    "shape" : "3adab29e-a58e-4d48-9a60-2e0f338e73d4",
    "color" : "#007695",
    "position" : {
      "x" : 0.0,
      "y" : 11.09017,
      "z" : 6.854102
    },
    "orientation" : 53
  }, {
    "shape" : "99606a87-4fb4-4614-bfa5-8c5b3323d561",
    "color" : "#007695",
    "position" : {
      "x" : 8.024922,
      "y" : 8.024922,
      "z" : -8.024922
    },
    "orientation" : 53
  }, {
    "shape" : "99606a87-4fb4-4614-bfa5-8c5b3323d561",
    "color" : "#007695",
    "position" : {
      "x" : 12.984597,
      "y" : 0.0,
      "z" : 4.959675
    },
    "orientation" : 47
  }, {
    "shape" : "0c991b30-f526-4302-8352-dfe27f16fbfc",
    "color" : "#008D36",
    "position" : {
      "x" : 4.012461,
      "y" : -6.4922986,
      "z" : 10.50476
    },
    "orientation" : 17
  }, {
    "shape" : "63e8a13b-123b-459f-9d2b-27cc4f6df818",
    "color" : "#007695",
    "position" : {
      "x" : -8.024922,
      "y" : -8.024922,
      "z" : 8.024922
    },
    "orientation" : 26
  }, {
    "shape" : "fdd0aff5-8725-4154-bceb-06cb0ce570a6",
    "color" : "#008D36",
    "position" : {
      "x" : -4.959675,
      "y" : 12.984597,
      "z" : 0.0
    },
    "orientation" : 36
  }, {
    "shape" : "63e8a13b-123b-459f-9d2b-27cc4f6df818",
    "color" : "#007695",
    "position" : {
      "x" : -4.959675,
      "y" : 12.984597,
      "z" : 0.0
    },
    "orientation" : 26
  }, {
    "shape" : "99606a87-4fb4-4614-bfa5-8c5b3323d561",
    "color" : "#007695",
    "position" : {
      "x" : 8.024922,
      "y" : 8.024922,
      "z" : 8.024922
    },
    "orientation" : 55
  }, {
    "shape" : "3adab29e-a58e-4d48-9a60-2e0f338e73d4",
    "color" : "#007695",
    "position" : {
      "x" : 0.0,
      "y" : -11.09017,
      "z" : 6.854102
    },
    "orientation" : 23
  }, {
    "shape" : "404ce9b6-6625-4ef1-903a-b1d939e7eadc",
    "color" : "#FFFFFF",
    "position" : {
      "x" : -12.984597,
      "y" : 0.0,
      "z" : -4.959675
    }
  }, {
    "shape" : "fdd0aff5-8725-4154-bceb-06cb0ce570a6",
    "color" : "#008D36",
    "position" : {
      "x" : 0.0,
      "y" : 11.09017,
      "z" : -6.854102
    },
    "orientation" : 22
  }, {
    "shape" : "fdd0aff5-8725-4154-bceb-06cb0ce570a6",
    "color" : "#008D36",
    "position" : {
      "x" : 0.0,
      "y" : 11.09017,
      "z" : -6.854102
    },
    "orientation" : 11
  }, {
    "shape" : "404ce9b6-6625-4ef1-903a-b1d939e7eadc",
    "color" : "#FFFFFF",
    "position" : {
      "x" : 0.0,
      "y" : 11.09017,
      "z" : 6.854102
    }
  }, {
    "shape" : "404ce9b6-6625-4ef1-903a-b1d939e7eadc",
    "color" : "#FFFFFF",
    "position" : {
      "x" : -4.959675,
      "y" : -12.984597,
      "z" : 0.0
    }
  }, {
    "shape" : "63e8a13b-123b-459f-9d2b-27cc4f6df818",
    "color" : "#007695",
    "position" : {
      "x" : 0.0,
      "y" : 4.959675,
      "z" : 12.984597
    },
    "orientation" : 55
  }, {
    "shape" : "3adab29e-a58e-4d48-9a60-2e0f338e73d4",
    "color" : "#007695",
    "position" : {
      "x" : 0.0,
      "y" : 11.09017,
      "z" : 6.854102
    },
    "orientation" : 26
  }, {
    "shape" : "3adab29e-a58e-4d48-9a60-2e0f338e73d4",
    "color" : "#007695",
    "position" : {
      "x" : 0.0,
      "y" : -11.09017,
      "z" : 6.854102
    },
    "orientation" : 56
  }, {
    "shape" : "99606a87-4fb4-4614-bfa5-8c5b3323d561",
    "color" : "#007695",
    "position" : {
      "x" : -4.959675,
      "y" : 12.984597,
      "z" : 0.0
    },
    "orientation" : 0
  }, {
    "shape" : "99606a87-4fb4-4614-bfa5-8c5b3323d561",
    "color" : "#007695",
    "position" : {
      "x" : -8.024922,
      "y" : 8.024922,
      "z" : -8.024922
    },
    "orientation" : 10
  }, {
    "shape" : "fdd0aff5-8725-4154-bceb-06cb0ce570a6",
    "color" : "#008D36",
    "position" : {
      "x" : -8.024922,
      "y" : -8.024922,
      "z" : -8.024922
    },
    "orientation" : 32
  }, {
    "shape" : "63e8a13b-123b-459f-9d2b-27cc4f6df818",
    "color" : "#007695",
    "position" : {
      "x" : 12.984597,
      "y" : 0.0,
      "z" : 4.959675
    },
    "orientation" : 55
  }, {
    "shape" : "fdd0aff5-8725-4154-bceb-06cb0ce570a6",
    "color" : "#008D36",
    "position" : {
      "x" : -4.959675,
      "y" : -12.984597,
      "z" : 0.0
    },
    "orientation" : 20
  }, {
    "shape" : "091b8a48-b1c3-4a31-ac91-9903dce37755",
    "color" : "#008D36",
    "position" : {
      "x" : 0.0,
      "y" : -4.959675,
      "z" : -12.984597
    },
    "orientation" : 44
  }, {
    "shape" : "fdd0aff5-8725-4154-bceb-06cb0ce570a6",
    "color" : "#008D36",
    "position" : {
      "x" : 0.0,
      "y" : 11.09017,
      "z" : 6.854102
    },
    "orientation" : 15
  }, {
    "shape" : "fdd0aff5-8725-4154-bceb-06cb0ce570a6",
    "color" : "#008D36",
    "position" : {
      "x" : 11.09017,
      "y" : 6.854102,
      "z" : 0.0
    },
    "orientation" : 51
  }, {
    "shape" : "fdd0aff5-8725-4154-bceb-06cb0ce570a6",
    "color" : "#008D36",
    "position" : {
      "x" : -12.984597,
      "y" : 0.0,
      "z" : 4.959675
    },
    "orientation" : 49
  }, {
    "shape" : "fdd0aff5-8725-4154-bceb-06cb0ce570a6",
    "color" : "#008D36",
    "position" : {
      "x" : -12.984597,
      "y" : 0.0,
      "z" : -4.959675
    },
    "orientation" : 23
  }, {
    "shape" : "fdd0aff5-8725-4154-bceb-06cb0ce570a6",
    "color" : "#008D36",
    "position" : {
      "x" : -4.959675,
      "y" : -12.984597,
      "z" : 0.0
    },
    "orientation" : 51
  }, {
    "shape" : "0c991b30-f526-4302-8352-dfe27f16fbfc",
    "color" : "#008D36",
    "position" : {
      "x" : -6.4922986,
      "y" : -10.50476,
      "z" : -4.012461
    },
    "orientation" : 0
  }, {
    "shape" : "404ce9b6-6625-4ef1-903a-b1d939e7eadc",
    "color" : "#FFFFFF",
    "position" : {
      "x" : 10.50476,
      "y" : -4.012461,
      "z" : -6.4922986
    }
  }, {
    "shape" : "3adab29e-a58e-4d48-9a60-2e0f338e73d4",
    "color" : "#007695",
    "position" : {
      "x" : 0.0,
      "y" : 11.09017,
      "z" : -6.854102
    },
    "orientation" : 41
  }, {
    "shape" : "404ce9b6-6625-4ef1-903a-b1d939e7eadc",
    "color" : "#FFFFFF",
    "position" : {
      "x" : 6.854102,
      "y" : 0.0,
      "z" : 11.09017
    }
  }, {
    "shape" : "fdd0aff5-8725-4154-bceb-06cb0ce570a6",
    "color" : "#008D36",
    "position" : {
      "x" : 4.959675,
      "y" : -12.984597,
      "z" : 0.0
    },
    "orientation" : 56
  }, {
    "shape" : "404ce9b6-6625-4ef1-903a-b1d939e7eadc",
    "color" : "#FFFFFF",
    "position" : {
      "x" : -10.50476,
      "y" : 4.012461,
      "z" : 6.4922986
    }
  }, {
    "shape" : "fdd0aff5-8725-4154-bceb-06cb0ce570a6",
    "color" : "#008D36",
    "position" : {
      "x" : 12.984597,
      "y" : 0.0,
      "z" : -4.959675
    },
    "orientation" : 40
  }, {
    "shape" : "63e8a13b-123b-459f-9d2b-27cc4f6df818",
    "color" : "#007695",
    "position" : {
      "x" : 0.0,
      "y" : 4.959675,
      "z" : 12.984597
    },
    "orientation" : 26
  }, {
    "shape" : "fdd0aff5-8725-4154-bceb-06cb0ce570a6",
    "color" : "#008D36",
    "position" : {
      "x" : -8.024922,
      "y" : -8.024922,
      "z" : 8.024922
    },
    "orientation" : 59
  }, {
    "shape" : "99606a87-4fb4-4614-bfa5-8c5b3323d561",
    "color" : "#007695",
    "position" : {
      "x" : 8.024922,
      "y" : 8.024922,
      "z" : -8.024922
    },
    "orientation" : 21
  }, {
    "shape" : "0c991b30-f526-4302-8352-dfe27f16fbfc",
    "color" : "#008D36",
    "position" : {
      "x" : 6.4922986,
      "y" : 10.50476,
      "z" : 4.012461
    },
    "orientation" : 25
  }, {
    "shape" : "3adab29e-a58e-4d48-9a60-2e0f338e73d4",
    "color" : "#007695",
    "position" : {
      "x" : 6.854102,
      "y" : 0.0,
      "z" : 11.09017
    },
    "orientation" : 54
  }, {
    "shape" : "091b8a48-b1c3-4a31-ac91-9903dce37755",
    "color" : "#008D36",
    "position" : {
      "x" : -8.024922,
      "y" : -8.024922,
      "z" : 8.024922
    },
    "orientation" : 46
  }, {
    "shape" : "3adab29e-a58e-4d48-9a60-2e0f338e73d4",
    "color" : "#007695",
    "position" : {
      "x" : 6.854102,
      "y" : 0.0,
      "z" : -11.09017
    },
    "orientation" : 45
  }, {
    "shape" : "fdd0aff5-8725-4154-bceb-06cb0ce570a6",
    "color" : "#008D36",
    "position" : {
      "x" : 12.984597,
      "y" : 0.0,
      "z" : -4.959675
    },
    "orientation" : 53
  }, {
    "shape" : "3adab29e-a58e-4d48-9a60-2e0f338e73d4",
    "color" : "#007695",
    "position" : {
      "x" : 0.0,
      "y" : 11.09017,
      "z" : 6.854102
    },
    "orientation" : 47
  }, {
    "shape" : "99606a87-4fb4-4614-bfa5-8c5b3323d561",
    "color" : "#007695",
    "position" : {
      "x" : 8.024922,
      "y" : 8.024922,
      "z" : -8.024922
    },
    "orientation" : 7
  }, {
    "shape" : "fdd0aff5-8725-4154-bceb-06cb0ce570a6",
    "color" : "#008D36",
    "position" : {
      "x" : 0.0,
      "y" : 11.09017,
      "z" : -6.854102
    },
    "orientation" : 35
  }, {
    "shape" : "63e8a13b-123b-459f-9d2b-27cc4f6df818",
    "color" : "#007695",
    "position" : {
      "x" : 4.959675,
      "y" : -12.984597,
      "z" : 0.0
    },
    "orientation" : 9
  }, {
    "shape" : "fdd0aff5-8725-4154-bceb-06cb0ce570a6",
    "color" : "#008D36",
    "position" : {
      "x" : -8.024922,
      "y" : 8.024922,
      "z" : 8.024922
    },
    "orientation" : 31
  }, {
    "shape" : "fdd0aff5-8725-4154-bceb-06cb0ce570a6",
    "color" : "#008D36",
    "position" : {
      "x" : -8.024922,
      "y" : 8.024922,
      "z" : -8.024922
    },
    "orientation" : 44
  }, {
    "shape" : "fdd0aff5-8725-4154-bceb-06cb0ce570a6",
    "color" : "#008D36",
    "position" : {
      "x" : 6.854102,
      "y" : 0.0,
      "z" : 11.09017
    },
    "orientation" : 46
  }, {
    "shape" : "99606a87-4fb4-4614-bfa5-8c5b3323d561",
    "color" : "#007695",
