{
  "field" : "golden",
  "symmetry" : "icosahedral",
  "orientations" : [ [ 1.0, 0.0, 0.0, 0.0, 0.0, 1.0, 0.0, 0.0, 0.0, 0.0, 1.0, 0.0, 0.0, 0.0, 0.0, 1.0 ], [ 0.0, 0.0, 1.0, 0.0, 1.0, 0.0, 0.0, 0.0, 0.0, 1.0, 0.0, 0.0, 0.0, 0.0, 0.0, 1.0 ], [ 0.0, 1.0, 0.0, 0.0, 0.0, 0.0, 1.0, 0.0, 1.0, 0.0, 0.0, 0.0, 0.0, 0.0, 0.0, 1.0 ], [ 0.809017, 0.309017, 0.5, 0.0, 0.309017, 0.5, -0.809017, 0.0, -0.5, 0.809017, 0.309017, 0.0, 0.0, 0.0, 0.0, 1.0 ], [ -0.5, 0.809017, 0.309017, 0.0, 0.809017, 0.309017, 0.5, 0.0, 0.309017, 0.5, -0.809017, 0.0, 0.0, 0.0, 0.0, 1.0 ], [ 0.309017, 0.5, -0.809017, 0.0, -0.5, 0.809017, 0.309017, 0.0, 0.809017, 0.309017, 0.5, 0.0, 0.0, 0.0, 0.0, 1.0 ], [ 0.5, 0.809017, 0.309017, 0.0, 0.809017, -0.309017, -0.5, 0.0, -0.309017, 0.5, -0.809017, 0.0, 0.0, 0.0, 0.0, 1.0 ], [ -0.309017, 0.5, -0.809017, 0.0, 0.5, 0.809017, 0.309017, 0.0, 0.809017, -0.309017, -0.5, 0.0, 0.0, 0.0, 0.0, 1.0 ], [ 0.809017, -0.309017, -0.5, 0.0, -0.309017, 0.5, -0.809017, 0.0, 0.5, 0.809017, 0.309017, 0.0, 0.0, 0.0, 0.0, 1.0 ], [ 0.5, 0.809017, -0.309017, 0.0, 0.809017, -0.309017, 0.5, 0.0, 0.309017, -0.5, -0.809017, 0.0, 0.0, 0.0, 0.0, 1.0 ], [ 0.309017, -0.5, -0.809017, 0.0, 0.5, 0.809017, -0.309017, 0.0, 0.809017, -0.309017, 0.5, 0.0, 0.0, 0.0, 0.0, 1.0 ], [ 0.809017, -0.309017, 0.5, 0.0, 0.309017, -0.5, -0.809017, 0.0, 0.5, 0.809017, -0.309017, 0.0, 0.0, 0.0, 0.0, 1.0 ], [ 0.809017, 0.309017, -0.5, 0.0, 0.309017, 0.5, 0.809017, 0.0, 0.5, -0.809017, 0.309017, 0.0, 0.0, 0.0, 0.0, 1.0 ], [ 0.5, -0.809017, 0.309017, 0.0, 0.809017, 0.309017, -0.5, 0.0, 0.309017, 0.5, 0.809017, 0.0, 0.0, 0.0, 0.0, 1.0 ], [ 0.309017, 0.5, 0.809017, 0.0, 0.5, -0.809017, 0.309017, 0.0, 0.809017, 0.309017, -0.5, 0.0, 0.0, 0.0, 0.0, 1.0 ], [ 1.0, 0.0, 0.0, 0.0, 0.0, -1.0, 0.0, 0.0, 0.0, 0.0, -1.0, 0.0, 0.0, 0.0, 0.0, 1.0 ], [ 0.0, 0.0, 1.0, 0.0, -1.0, 0.0, 0.0, 0.0, 0.0, -1.0, 0.0, 0.0, 0.0, 0.0, 0.0, 1.0 ], [ 0.0, 1.0, 0.0, 0.0, 0.0, 0.0, -1.0, 0.0, -1.0, 0.0, 0.0, 0.0, 0.0, 0.0, 0.0, 1.0 ], [ 0.809017, 0.309017, 0.5, 0.0, -0.309017, -0.5, 0.809017, 0.0, 0.5, -0.809017, -0.309017, 0.0, 0.0, 0.0, 0.0, 1.0 ], [ -0.5, 0.809017, 0.309017, 0.0, -0.809017, -0.309017, -0.5, 0.0, -0.309017, -0.5, 0.809017, 0.0, 0.0, 0.0, 0.0, 1.0 ], [ 0.309017, 0.5, -0.809017, 0.0, 0.5, -0.809017, -0.309017, 0.0, -0.809017, -0.309017, -0.5, 0.0, 0.0, 0.0, 0.0, 1.0 ], [ 0.5, 0.809017, 0.309017, 0.0, -0.809017, 0.309017, 0.5, 0.0, 0.309017, -0.5, 0.809017, 0.0, 0.0, 0.0, 0.0, 1.0 ], [ -0.309017, 0.5, -0.809017, 0.0, -0.5, -0.809017, -0.309017, 0.0, -0.809017, 0.309017, 0.5, 0.0, 0.0, 0.0, 0.0, 1.0 ], [ 0.809017, -0.309017, -0.5, 0.0, 0.309017, -0.5, 0.809017, 0.0, -0.5, -0.809017, -0.309017, 0.0, 0.0, 0.0, 0.0, 1.0 ], [ 0.5, 0.809017, -0.309017, 0.0, -0.809017, 0.309017, -0.5, 0.0, -0.309017, 0.5, 0.809017, 0.0, 0.0, 0.0, 0.0, 1.0 ], [ 0.309017, -0.5, -0.809017, 0.0, -0.5, -0.809017, 0.309017, 0.0, -0.809017, 0.309017, -0.5, 0.0, 0.0, 0.0, 0.0, 1.0 ], [ 0.809017, -0.309017, 0.5, 0.0, -0.309017, 0.5, 0.809017, 0.0, -0.5, -0.809017, 0.309017, 0.0, 0.0, 0.0, 0.0, 1.0 ], [ 0.809017, 0.309017, -0.5, 0.0, -0.309017, -0.5, -0.809017, 0.0, -0.5, 0.809017, -0.309017, 0.0, 0.0, 0.0, 0.0, 1.0 ], [ 0.5, -0.809017, 0.309017, 0.0, -0.809017, -0.309017, 0.5, 0.0, -0.309017, -0.5, -0.809017, 0.0, 0.0, 0.0, 0.0, 1.0 ], [ 0.309017, 0.5, 0.809017, 0.0, -0.5, 0.809017, -0.309017, 0.0, -0.809017, -0.309017, 0.5, 0.0, 0.0, 0.0, 0.0, 1.0 ], [ -1.0, 0.0, 0.0, 0.0, 0.0, -1.0, 0.0, 0.0, 0.0, 0.0, 1.0, 0.0, 0.0, 0.0, 0.0, 1.0 ], [ 0.0, 0.0, -1.0, 0.0, -1.0, 0.0, 0.0, 0.0, 0.0, 1.0, 0.0, 0.0, 0.0, 0.0, 0.0, 1.0 ], [ 0.0, -1.0, 0.0, 0.0, 0.0, 0.0, -1.0, 0.0, 1.0, 0.0, 0.0, 0.0, 0.0, 0.0, 0.0, 1.0 ], [ -0.809017, -0.309017, -0.5, 0.0, -0.309017, -0.5, 0.809017, 0.0, -0.5, 0.809017, 0.309017, 0.0, 0.0, 0.0, 0.0, 1.0 ], [ 0.5, -0.809017, -0.309017, 0.0, -0.809017, -0.309017, -0.5, 0.0, 0.309017, 0.5, -0.809017, 0.0, 0.0, 0.0, 0.0, 1.0 ], [ -0.309017, -0.5, 0.809017, 0.0, 0.5, -0.809017, -0.309017, 0.0, 0.809017, 0.309017, 0.5, 0.0, 0.0, 0.0, 0.0, 1.0 ], [ -0.5, -0.809017, -0.309017, 0.0, -0.809017, 0.309017, 0.5, 0.0, -0.309017, 0.5, -0.809017, 0.0, 0.0, 0.0, 0.0, 1.0 ], [ 0.309017, -0.5, 0.809017, 0.0, -0.5, -0.809017, -0.309017, 0.0, 0.809017, -0.309017, -0.5, 0.0, 0.0, 0.0, 0.0, 1.0 ], [ -0.809017, 0.309017, 0.5, 0.0, 0.309017, -0.5, 0.809017, 0.0, 0.5, 0.809017, 0.309017, 0.0, 0.0, 0.0, 0.0, 1.0 ], [ -0.5, -0.809017, 0.309017, 0.0, -0.809017, 0.309017, -0.5, 0.0, 0.309017, -0.5, -0.809017, 0.0, 0.0, 0.0, 0.0, 1.0 ], [ -0.309017, 0.5, 0.809017, 0.0, -0.5, -0.809017, 0.309017, 0.0, 0.809017, -0.309017, 0.5, 0.0, 0.0, 0.0, 0.0, 1.0 ], [ -0.809017, 0.309017, -0.5, 0.0, -0.309017, 0.5, 0.809017, 0.0, 0.5, 0.809017, -0.309017, 0.0, 0.0, 0.0, 0.0, 1.0 ], [ -0.809017, -0.309017, 0.5, 0.0, -0.309017, -0.5, -0.809017, 0.0, 0.5, -0.809017, 0.309017, 0.0, 0.0, 0.0, 0.0, 1.0 ], [ -0.5, 0.809017, -0.309017, 0.0, -0.809017, -0.309017, 0.5, 0.0, 0.309017, 0.5, 0.809017, 0.0, 0.0, 0.0, 0.0, 1.0 ], [ -0.309017, -0.5, -0.809017, 0.0, -0.5, 0.809017, -0.309017, 0.0, 0.809017, 0.309017, -0.5, 0.0, 0.0, 0.0, 0.0, 1.0 ], [ -1.0, 0.0, 0.0, 0.0, 0.0, 1.0, 0.0, 0.0, 0.0, 0.0, -1.0, 0.0, 0.0, 0.0, 0.0, 1.0 ], [ 0.0, 0.0, -1.0, 0.0, 1.0, 0.0, 0.0, 0.0, 0.0, -1.0, 0.0, 0.0, 0.0, 0.0, 0.0, 1.0 ], [ 0.0, -1.0, 0.0, 0.0, 0.0, 0.0, 1.0, 0.0, -1.0, 0.0, 0.0, 0.0, 0.0, 0.0, 0.0, 1.0 ], [ -0.809017, -0.309017, -0.5, 0.0, 0.309017, 0.5, -0.809017, 0.0, 0.5, -0.809017, -0.309017, 0.0, 0.0, 0.0, 0.0, 1.0 ], [ 0.5, -0.809017, -0.309017, 0.0, 0.809017, 0.309017, 0.5, 0.0, -0.309017, -0.5, 0.809017, 0.0, 0.0, 0.0, 0.0, 1.0 ], [ -0.309017, -0.5, 0.809017, 0.0, -0.5, 0.809017, 0.309017, 0.0, -0.809017, -0.309017, -0.5, 0.0, 0.0, 0.0, 0.0, 1.0 ], [ -0.5, -0.809017, -0.309017, 0.0, 0.809017, -0.309017, -0.5, 0.0, 0.309017, -0.5, 0.809017, 0.0, 0.0, 0.0, 0.0, 1.0 ], [ 0.309017, -0.5, 0.809017, 0.0, 0.5, 0.809017, 0.309017, 0.0, -0.809017, 0.309017, 0.5, 0.0, 0.0, 0.0, 0.0, 1.0 ], [ -0.809017, 0.309017, 0.5, 0.0, -0.309017, 0.5, -0.809017, 0.0, -0.5, -0.809017, -0.309017, 0.0, 0.0, 0.0, 0.0, 1.0 ], [ -0.5, -0.809017, 0.309017, 0.0, 0.809017, -0.309017, 0.5, 0.0, -0.309017, 0.5, 0.809017, 0.0, 0.0, 0.0, 0.0, 1.0 ], [ -0.309017, 0.5, 0.809017, 0.0, 0.5, 0.809017, -0.309017, 0.0, -0.809017, 0.309017, -0.5, 0.0, 0.0, 0.0, 0.0, 1.0 ], [ -0.809017, 0.309017, -0.5, 0.0, 0.309017, -0.5, -0.809017, 0.0, -0.5, -0.809017, 0.309017, 0.0, 0.0, 0.0, 0.0, 1.0 ], [ -0.809017, -0.309017, 0.5, 0.0, 0.309017, 0.5, 0.809017, 0.0, -0.5, 0.809017, -0.309017, 0.0, 0.0, 0.0, 0.0, 1.0 ], [ -0.5, 0.809017, -0.309017, 0.0, 0.809017, 0.309017, -0.5, 0.0, -0.309017, -0.5, -0.809017, 0.0, 0.0, 0.0, 0.0, 1.0 ], [ -0.309017, -0.5, -0.809017, 0.0, 0.5, -0.809017, 0.309017, 0.0, -0.809017, -0.309017, 0.5, 0.0, 0.0, 0.0, 0.0, 1.0 ] ],
  "lights" : {
    "directionalLights" : [ {
      "direction" : {
        "x" : 1.0,
        "y" : -1.0,
        "z" : -1.0
      },
      "color" : "#EBEBE4"
    }, {
      "direction" : {
        "x" : -1.0,
        "y" : 0.0,
        "z" : 0.0
      },
      "color" : "#E4E4EB"
    }, {
      "direction" : {
        "x" : 0.0,
        "y" : 0.0,
        "z" : -1.0
      },
      "color" : "#1E1E1E"
    } ],
    "ambientColor" : "#292929",
    "backgroundColor" : "#AFC8DC"
  },
  "camera" : {
    "position" : {
      "x" : -977.75696,
      "y" : 260.62952,
      "z" : 234.23741
    },
    "width" : 399.5636,
    "farClipDistance" : 1775.8334,
    "nearClipDistance" : 2.2197974,
    "perspective" : true,
    "viewDistance" : 887.91797,
    "fieldOfView" : 0.44262943,
    "lookAtPoint" : {
      "x" : -134.08205,
      "y" : 64.92299,
      "z" : 38.506577
    },
    "lookDirection" : {
      "x" : 0.9501722,
      "y" : -0.2204106,
      "z" : -0.22043797
    },
    "upDirection" : {
      "x" : 0.16747987,
      "y" : -0.23546648,
      "z" : 0.95734555
    },
    "stereo" : false
  },
  "embedding" : [ 1.0, 0.0, 0.0, 0.0, 0.0, 1.0, 0.0, 0.0, 0.0, 0.0, 1.0, 0.0, 0.0, 0.0, 0.0, 1.0 ],
  "shapes" : [ {
    "id" : "fcfe2c2f-5036-4c3a-88ea-672f41d1c5b6",
    "vertices" : [ {
      "x" : 34.888542,
      "y" : 0.309017,
      "z" : 0.19098301
    }, {
      "x" : 34.888542,
      "y" : 0.309017,
      "z" : -0.19098301
    }, {
      "x" : 1.0,
      "y" : 0.309017,
      "z" : -0.19098301
    }, {
      "x" : 1.0,
      "y" : 0.309017,
      "z" : 0.19098301
    }, {
      "x" : 34.888542,
      "y" : -0.309017,
      "z" : 0.19098301
    }, {
      "x" : 1.0,
      "y" : -0.309017,
      "z" : 0.19098301
    }, {
      "x" : 1.0,
      "y" : -0.309017,
      "z" : -0.19098301
    }, {
      "x" : 34.888542,
      "y" : -0.309017,
      "z" : -0.19098301
    }, {
      "x" : 35.888542,
      "y" : 0.0,
      "z" : 0.0
    } ],
    "faces" : [ {
      "vertices" : [ 1, 7, 6 ]
    }, {
      "vertices" : [ 1, 6, 2 ]
    }, {
      "vertices" : [ 0, 1, 2 ]
    }, {
      "vertices" : [ 0, 2, 3 ]
    }, {
      "vertices" : [ 4, 5, 6 ]
    }, {
      "vertices" : [ 4, 6, 7 ]
    }, {
      "vertices" : [ 0, 3, 5 ]
    }, {
      "vertices" : [ 0, 5, 4 ]
    } ]
  }, {
    "id" : "3e11cba4-dff8-4974-aedd-cea06b03eef7",
    "vertices" : [ {
      "x" : 0.309017,
      "y" : -0.809017,
      "z" : 0.618034
    }, {
      "x" : 0.809017,
      "y" : -0.618034,
      "z" : 0.309017
    }, {
      "x" : 0.618034,
      "y" : -0.309017,
      "z" : 0.809017
    }, {
      "x" : 1.0,
      "y" : 0.309017,
      "z" : 0.19098301
    }, {
      "x" : 0.809017,
      "y" : 0.618034,
      "z" : 0.309017
    }, {
      "x" : 0.618034,
      "y" : 0.309017,
      "z" : 0.809017
    }, {
      "x" : 0.809017,
      "y" : 0.0,
      "z" : 0.690983
    }, {
      "x" : 0.19098301,
      "y" : -1.0,
      "z" : 0.309017
    }, {
      "x" : -0.19098301,
      "y" : -1.0,
      "z" : 0.309017
    }, {
      "x" : -0.19098301,
      "y" : -1.0,
      "z" : -0.309017
    }, {
      "x" : 0.19098301,
      "y" : -1.0,
      "z" : -0.309017
    }, {
      "x" : 1.0,
      "y" : -0.309017,
      "z" : -0.19098301
    }, {
      "x" : 0.809017,
      "y" : -0.618034,
      "z" : -0.309017
    }, {
      "x" : 0.618034,
      "y" : -0.309017,
      "z" : -0.809017
    }, {
      "x" : 0.809017,
      "y" : 0.0,
      "z" : -0.690983
    }, {
      "x" : 0.0,
      "y" : 0.690983,
      "z" : -0.809017
    }, {
      "x" : 0.309017,
      "y" : 0.809017,
      "z" : -0.618034
    }, {
      "x" : 0.618034,
      "y" : 0.309017,
      "z" : -0.809017
    }, {
      "x" : 0.309017,
      "y" : 0.19098301,
      "z" : -1.0
    }, {
      "x" : 1.0,
      "y" : 0.309017,
      "z" : -0.19098301
    }, {
      "x" : -0.309017,
      "y" : -0.809017,
      "z" : 0.618034
    }, {
      "x" : 0.0,
      "y" : -0.690983,
      "z" : 0.809017
    }, {
      "x" : 0.809017,
      "y" : 0.618034,
      "z" : -0.309017
    }, {
      "x" : 0.690983,
      "y" : 0.809017,
      "z" : 0.0
    }, {
      "x" : -0.690983,
      "y" : 0.809017,
      "z" : 0.0
    }, {
      "x" : -0.809017,
      "y" : 0.618034,
      "z" : 0.309017
    }, {
      "x" : -0.309017,
      "y" : 0.809017,
      "z" : 0.618034
    }, {
      "x" : -0.19098301,
      "y" : 1.0,
      "z" : 0.309017
    }, {
      "x" : 0.309017,
      "y" : -0.19098301,
      "z" : -1.0
    }, {
      "x" : 0.19098301,
      "y" : 1.0,
      "z" : 0.309017
    }, {
      "x" : 0.309017,
      "y" : 0.809017,
      "z" : 0.618034
    }, {
      "x" : -0.809017,
      "y" : -0.618034,
      "z" : 0.309017
    }, {
      "x" : -0.690983,
      "y" : -0.809017,
      "z" : 0.0
    }, {
      "x" : 0.0,
      "y" : 0.690983,
      "z" : 0.809017
    }, {
      "x" : 0.309017,
      "y" : -0.809017,
      "z" : -0.618034
    }, {
      "x" : 0.0,
      "y" : -0.690983,
      "z" : -0.809017
    }, {
      "x" : -1.0,
      "y" : 0.309017,
      "z" : 0.19098301
    }, {
      "x" : -0.809017,
      "y" : 0.0,
      "z" : 0.690983
    }, {
      "x" : -0.618034,
      "y" : 0.309017,
      "z" : 0.809017
    }, {
      "x" : 1.0,
      "y" : -0.309017,
      "z" : 0.19098301
    }, {
      "x" : -0.309017,
      "y" : -0.809017,
      "z" : -0.618034
    }, {
      "x" : -1.0,
      "y" : 0.309017,
      "z" : -0.19098301
    }, {
      "x" : -1.0,
      "y" : -0.309017,
      "z" : -0.19098301
    }, {
      "x" : -1.0,
      "y" : -0.309017,
      "z" : 0.19098301
    }, {
      "x" : 0.19098301,
      "y" : 1.0,
      "z" : -0.309017
    }, {
      "x" : -0.809017,
      "y" : 0.618034,
      "z" : -0.309017
    }, {
      "x" : -0.19098301,
      "y" : 1.0,
      "z" : -0.309017
    }, {
      "x" : -0.309017,
      "y" : 0.809017,
      "z" : -0.618034
    }, {
      "x" : -0.618034,
      "y" : -0.309017,
      "z" : 0.809017
    }, {
      "x" : 0.309017,
      "y" : 0.19098301,
      "z" : 1.0
    }, {
      "x" : -0.309017,
      "y" : 0.19098301,
      "z" : -1.0
    }, {
      "x" : -0.309017,
      "y" : 0.19098301,
      "z" : 1.0
    }, {
      "x" : -0.309017,
      "y" : -0.19098301,
      "z" : 1.0
    }, {
      "x" : 0.309017,
      "y" : -0.19098301,
      "z" : 1.0
    }, {
      "x" : 0.690983,
      "y" : -0.809017,
      "z" : 0.0
    }, {
      "x" : -0.809017,
      "y" : 0.0,
      "z" : -0.690983
    }, {
      "x" : -0.618034,
      "y" : -0.309017,
      "z" : -0.809017
    }, {
      "x" : -0.309017,
      "y" : -0.19098301,
      "z" : -1.0
    }, {
      "x" : -0.618034,
      "y" : 0.309017,
      "z" : -0.809017
    }, {
      "x" : -0.809017,
      "y" : -0.618034,
      "z" : -0.309017
    } ],
    "faces" : [ {
      "vertices" : [ 9, 40, 35 ]
    }, {
      "vertices" : [ 9, 35, 34 ]
    }, {
      "vertices" : [ 9, 34, 10 ]
    }, {
      "vertices" : [ 0, 1, 2 ]
    }, {
      "vertices" : [ 33, 51, 49 ]
    }, {
      "vertices" : [ 25, 36, 37 ]
    }, {
      "vertices" : [ 25, 37, 38 ]
    }, {
      "vertices" : [ 41, 55, 42 ]
    }, {
      "vertices" : [ 9, 32, 59 ]
    }, {
      "vertices" : [ 9, 59, 40 ]
    }, {
      "vertices" : [ 20, 21, 52 ]
    }, {
      "vertices" : [ 20, 52, 48 ]
    }, {
      "vertices" : [ 26, 33, 30 ]
    }, {
      "vertices" : [ 26, 30, 29 ]
    }, {
      "vertices" : [ 26, 29, 27 ]
    }, {
      "vertices" : [ 3, 4, 5 ]
    }, {
      "vertices" : [ 3, 5, 6 ]
    }, {
      "vertices" : [ 27, 29, 44 ]
    }, {
      "vertices" : [ 27, 44, 46 ]
    }, {
      "vertices" : [ 50, 57, 56 ]
    }, {
      "vertices" : [ 50, 56, 55 ]
    }, {
      "vertices" : [ 50, 55, 58 ]
    }, {
      "vertices" : [ 26, 38, 51 ]
    }, {
      "vertices" : [ 26, 51, 33 ]
    }, {
      "vertices" : [ 45, 47, 58 ]
    }, {
      "vertices" : [ 18, 28, 57 ]
    }, {
      "vertices" : [ 18, 57, 50 ]
    }, {
      "vertices" : [ 40, 59, 56 ]
    }, {
      "vertices" : [ 31, 48, 37 ]
    }, {
      "vertices" : [ 31, 37, 43 ]
    }, {
      "vertices" : [ 7, 8, 9 ]
    }, {
      "vertices" : [ 7, 9, 10 ]
    }, {
      "vertices" : [ 36, 41, 42 ]
    }, {
      "vertices" : [ 36, 42, 43 ]
    }, {
      "vertices" : [ 24, 46, 47 ]
    }, {
      "vertices" : [ 24, 47, 45 ]
    }, {
      "vertices" : [ 4, 30, 5 ]
    }, {
      "vertices" : [ 15, 47, 46 ]
    }, {
      "vertices" : [ 15, 46, 44 ]
    }, {
      "vertices" : [ 15, 44, 16 ]
    }, {
      "vertices" : [ 15, 50, 58 ]
    }, {
      "vertices" : [ 15, 58, 47 ]
    }, {
      "vertices" : [ 24, 45, 41 ]
    }, {
      "vertices" : [ 24, 41, 36 ]
    }, {
      "vertices" : [ 24, 36, 25 ]
    }, {
      "vertices" : [ 11, 14, 19 ]
    }, {
      "vertices" : [ 3, 6, 39 ]
    }, {
      "vertices" : [ 1, 39, 6 ]
    }, {
      "vertices" : [ 1, 6, 2 ]
    }, {
      "vertices" : [ 8, 32, 9 ]
    }, {
      "vertices" : [ 11, 12, 13 ]
    }, {
      "vertices" : [ 11, 13, 14 ]
    }, {
      "vertices" : [ 16, 22, 17 ]
    }, {
      "vertices" : [ 0, 21, 20 ]
    }, {
      "vertices" : [ 0, 20, 8 ]
    }, {
      "vertices" : [ 0, 8, 7 ]
    }, {
      "vertices" : [ 12, 34, 13 ]
    }, {
      "vertices" : [ 35, 40, 56 ]
    }, {
      "vertices" : [ 35, 56, 57 ]
    }, {
      "vertices" : [ 0, 7, 54 ]
    }, {
      "vertices" : [ 0, 54, 1 ]
    }, {
      "vertices" : [ 15, 16, 17 ]
    }, {
      "vertices" : [ 15, 17, 18 ]
    }, {
      "vertices" : [ 3, 19, 22 ]
    }, {
      "vertices" : [ 3, 22, 23 ]
    }, {
      "vertices" : [ 3, 23, 4 ]
    }, {
      "vertices" : [ 7, 10, 54 ]
    }, {
      "vertices" : [ 41, 45, 58 ]
    }, {
      "vertices" : [ 41, 58, 55 ]
    }, {
      "vertices" : [ 3, 39, 11 ]
    }, {
      "vertices" : [ 3, 11, 19 ]
    }, {
      "vertices" : [ 14, 17, 22 ]
    }, {
      "vertices" : [ 14, 22, 19 ]
    }, {
      "vertices" : [ 0, 2, 53 ]
    }, {
      "vertices" : [ 0, 53, 21 ]
    }, {
      "vertices" : [ 49, 51, 52 ]
    }, {
      "vertices" : [ 49, 52, 53 ]
    }, {
      "vertices" : [ 31, 43, 42 ]
    }, {
      "vertices" : [ 31, 42, 59 ]
    }, {
      "vertices" : [ 31, 59, 32 ]
    }, {
      "vertices" : [ 15, 18, 50 ]
    }, {
      "vertices" : [ 42, 55, 56 ]
    }, {
      "vertices" : [ 42, 56, 59 ]
    }, {
      "vertices" : [ 4, 23, 29 ]
    }, {
      "vertices" : [ 4, 29, 30 ]
    }, {
      "vertices" : [ 25, 38, 26 ]
    }, {
      "vertices" : [ 13, 28, 18 ]
    }, {
      "vertices" : [ 13, 18, 17 ]
    }, {
      "vertices" : [ 13, 17, 14 ]
    }, {
      "vertices" : [ 8, 20, 31 ]
    }, {
      "vertices" : [ 8, 31, 32 ]
    }, {
      "vertices" : [ 23, 44, 29 ]
    }, {
      "vertices" : [ 24, 27, 46 ]
    }, {
      "vertices" : [ 37, 48, 52 ]
    }, {
      "vertices" : [ 37, 52, 51 ]
    }, {
      "vertices" : [ 37, 51, 38 ]
    }, {
      "vertices" : [ 20, 48, 31 ]
    }, {
      "vertices" : [ 24, 25, 26 ]
    }, {
      "vertices" : [ 24, 26, 27 ]
    }, {
      "vertices" : [ 16, 44, 23 ]
    }, {
      "vertices" : [ 16, 23, 22 ]
    }, {
      "vertices" : [ 13, 34, 35 ]
    }, {
      "vertices" : [ 13, 35, 28 ]
    }, {
      "vertices" : [ 10, 34, 12 ]
    }, {
      "vertices" : [ 10, 12, 54 ]
    }, {
      "vertices" : [ 2, 6, 5 ]
    }, {
      "vertices" : [ 2, 5, 49 ]
    }, {
      "vertices" : [ 2, 49, 53 ]
    }, {
      "vertices" : [ 36, 43, 37 ]
    }, {
      "vertices" : [ 5, 30, 33 ]
    }, {
      "vertices" : [ 5, 33, 49 ]
    }, {
      "vertices" : [ 1, 54, 12 ]
    }, {
      "vertices" : [ 1, 12, 11 ]
    }, {
      "vertices" : [ 1, 11, 39 ]
    }, {
      "vertices" : [ 28, 35, 57 ]
    }, {
      "vertices" : [ 21, 53, 52 ]
    } ]
  }, {
    "id" : "8cb7c5bd-e9b2-415d-8967-36770689d314",
    "vertices" : [ {
      "x" : -134.08205,
      "y" : 64.92299,
      "z" : 2.618034
    }, {
      "x" : -116.137764,
      "y" : 93.95743,
      "z" : 13.708204
    }, {
      "x" : -87.103325,
      "y" : 82.867256,
      "z" : -4.236068
    }, {
      "x" : -105.0476,
      "y" : 53.832817,
      "z" : -15.326238
    } ],
    "faces" : [ {
      "vertices" : [ 0, 1, 2 ]
    }, {
      "vertices" : [ 0, 2, 3 ]
    }, {
      "vertices" : [ 0, 3, 2 ]
    }, {
      "vertices" : [ 0, 2, 1 ]
    } ]
  }, {
    "id" : "25fb870a-7755-48d9-95bd-05b8baf5c9d9",
    "vertices" : [ {
      "x" : -163.11649,
      "y" : 111.9017,
      "z" : 56.45085
    }, {
      "x" : -145.17221,
      "y" : 140.93614,
      "z" : 67.54102
    }, {
      "x" : -156.26237,
      "y" : 158.88042,
      "z" : 38.506577
    }, {
      "x" : -174.20665,
      "y" : 129.84598,
      "z" : 27.416409
    } ],
    "faces" : [ {
      "vertices" : [ 0, 1, 2 ]
    }, {
      "vertices" : [ 0, 2, 3 ]
    }, {
      "vertices" : [ 0, 3, 2 ]
    }, {
      "vertices" : [ 0, 2, 1 ]
    } ]
  }, {
    "id" : "bfb72e5f-8c5a-4513-b3af-e3c0571597fb",
    "vertices" : [ {
      "x" : -163.11649,
      "y" : 76.01315,
      "z" : 56.45085
    }, {
      "x" : -145.17221,
      "y" : 105.0476,
      "z" : 67.54102
    }, {
      "x" : -116.137764,
      "y" : 93.95743,
      "z" : 13.708204
    }, {
      "x" : -134.08205,
      "y" : 64.92299,
      "z" : 2.618034
    } ],
    "faces" : [ {
      "vertices" : [ 0, 1, 2 ]
    }, {
      "vertices" : [ 0, 2, 3 ]
    }, {
      "vertices" : [ 0, 3, 2 ]
    }, {
      "vertices" : [ 0, 2, 1 ]
    } ]
  }, {
    "id" : "3d051379-6ff7-4186-9913-fcaae9944ed8",
    "vertices" : [ {
      "x" : -145.17221,
      "y" : 105.0476,
      "z" : 67.54102
    }, {
      "x" : -163.11649,
      "y" : 76.01315,
      "z" : 56.45085
    }, {
      "x" : -152.0263,
      "y" : 58.068882,
      "z" : 85.48529
    }, {
      "x" : -134.08205,
      "y" : 87.103325,
      "z" : 96.57546
    } ],
    "faces" : [ {
      "vertices" : [ 0, 1, 2 ]
    }, {
      "vertices" : [ 0, 2, 3 ]
    }, {
      "vertices" : [ 0, 3, 2 ]
    }, {
      "vertices" : [ 0, 2, 1 ]
    } ]
  }, {
    "id" : "56bb6982-2553-49af-b30b-cb3a31b04620",
    "vertices" : [ {
      "x" : 0.690983,
      "y" : 0.809017,
      "z" : 0.0
    }, {
      "x" : 0.809017,
      "y" : 0.618034,
      "z" : -0.309017
    }, {
      "x" : 0.809017,
      "y" : 0.618034,
      "z" : 0.309017
    }, {
      "x" : 1.0,
      "y" : 0.309017,
      "z" : -0.19098301
    }, {
      "x" : 1.0,
      "y" : 0.309017,
      "z" : 0.19098301
    }, {
      "x" : 1.618034,
      "y" : 0.42705098,
      "z" : -0.309017
    }, {
      "x" : 1.618034,
      "y" : 0.42705098,
      "z" : 0.309017
    }, {
      "x" : 1.618034,
      "y" : 0.809017,
      "z" : -0.309017
    }, {
      "x" : 1.618034,
      "y" : 0.809017,
      "z" : 0.309017
    }, {
      "x" : 56.45085,
      "y" : 21.371323,
      "z" : -0.309017
    }, {
      "x" : 56.45085,
      "y" : 21.371323,
      "z" : 0.309017
    }, {
      "x" : 56.45085,
      "y" : 21.753288,
      "z" : -0.309017
    }, {
      "x" : 56.45085,
      "y" : 21.753288,
      "z" : 0.309017
    }, {
      "x" : 57.068882,
      "y" : 21.871323,
      "z" : -0.19098301
    }, {
      "x" : 57.068882,
      "y" : 21.871323,
      "z" : 0.19098301
    }, {
      "x" : 57.259865,
      "y" : 21.562305,
      "z" : -0.309017
    }, {
      "x" : 57.259865,
      "y" : 21.562305,
      "z" : 0.309017
    }, {
      "x" : 57.3779,
      "y" : 21.371323,
      "z" : 0.0
    }, {
      "x" : 58.068882,
      "y" : 22.18034,
      "z" : 0.0
    } ],
    "faces" : [ {
      "vertices" : [ 5, 7, 11 ]
    }, {
      "vertices" : [ 5, 11, 9 ]
    }, {
      "vertices" : [ 9, 11, 15 ]
    }, {
      "vertices" : [ 9, 17, 10 ]
    }, {
      "vertices" : [ 6, 10, 12 ]
    }, {
      "vertices" : [ 6, 12, 8 ]
    }, {
      "vertices" : [ 10, 16, 12 ]
    }, {
      "vertices" : [ 7, 8, 12 ]
    }, {
      "vertices" : [ 7, 12, 11 ]
    }, {
      "vertices" : [ 11, 13, 15 ]
    }, {
      "vertices" : [ 0, 7, 1 ]
    }, {
      "vertices" : [ 1, 5, 3 ]
    }, {
      "vertices" : [ 9, 15, 17 ]
    }, {
      "vertices" : [ 0, 2, 8 ]
    }, {
      "vertices" : [ 12, 16, 14 ]
    }, {
      "vertices" : [ 0, 1, 3 ]
    }, {
      "vertices" : [ 0, 3, 4 ]
    }, {
      "vertices" : [ 0, 4, 2 ]
    }, {
      "vertices" : [ 10, 17, 16 ]
    }, {
      "vertices" : [ 13, 14, 16 ]
    }, {
      "vertices" : [ 13, 16, 17 ]
    }, {
      "vertices" : [ 13, 17, 15 ]
    }, {
      "vertices" : [ 2, 4, 6 ]
    }, {
      "vertices" : [ 1, 7, 5 ]
    }, {
      "vertices" : [ 0, 8, 7 ]
    }, {
      "vertices" : [ 2, 6, 8 ]
    }, {
      "vertices" : [ 3, 5, 6 ]
    }, {
      "vertices" : [ 3, 6, 4 ]
    }, {
      "vertices" : [ 11, 12, 14 ]
    }, {
      "vertices" : [ 11, 14, 13 ]
    }, {
      "vertices" : [ 5, 9, 10 ]
    }, {
      "vertices" : [ 5, 10, 6 ]
    } ]
  }, {
    "id" : "a64483f1-e3b6-4314-9083-8a9eae12cc8a",
    "vertices" : [ {
      "x" : -76.01315,
      "y" : 64.92299,
      "z" : 24.798374
    }, {
      "x" : -87.103325,
      "y" : 82.867256,
      "z" : -4.236068
    }, {
      "x" : -116.137764,
      "y" : 93.95743,
      "z" : 13.708204
    }, {
      "x" : -105.0476,
      "y" : 76.01315,
      "z" : 42.742645
    } ],
    "faces" : [ {
      "vertices" : [ 0, 1, 2 ]
    }, {
      "vertices" : [ 0, 2, 3 ]
    }, {
      "vertices" : [ 0, 3, 2 ]
    }, {
      "vertices" : [ 0, 2, 1 ]
    } ]
  }, {
    "id" : "fab9a44b-92b4-40b1-9c15-d6da9bb84baf",
    "vertices" : [ {
      "x" : -116.137764,
      "y" : 93.95743,
      "z" : 49.59675
    }, {
      "x" : -145.17221,
      "y" : 105.0476,
      "z" : 67.54102
    }, {
      "x" : -156.26237,
      "y" : 158.88042,
      "z" : 38.506577
    }, {
      "x" : -127.227936,
      "y" : 147.79024,
      "z" : 20.562305
    } ],
    "faces" : [ {
      "vertices" : [ 0, 1, 2 ]
    }, {
      "vertices" : [ 0, 2, 3 ]
    }, {
      "vertices" : [ 0, 3, 2 ]
    }, {
      "vertices" : [ 0, 2, 1 ]
    } ]
  }, {
    "id" : "399d6a97-e606-49a5-b90c-30b1320beed9",
    "vertices" : [ {
      "x" : -122.99187,
      "y" : 46.978714,
      "z" : 67.54102
    }, {
      "x" : -152.0263,
      "y" : 58.068882,
      "z" : 85.48529
    }, {
      "x" : -163.11649,
      "y" : 111.9017,
      "z" : 56.45085
    }, {
      "x" : -134.08205,
      "y" : 100.81153,
      "z" : 38.506577
    } ],
    "faces" : [ {
      "vertices" : [ 0, 1, 2 ]
    }, {
      "vertices" : [ 0, 2, 3 ]
    }, {
      "vertices" : [ 0, 3, 2 ]
    }, {
      "vertices" : [ 0, 2, 1 ]
    } ]
  }, {
    "id" : "79cfa999-3140-4df7-bd19-59c71dfbbc77",
    "vertices" : [ {
      "x" : -134.08205,
      "y" : 64.92299,
      "z" : 38.506577
    }, {
      "x" : -116.137764,
      "y" : 93.95743,
      "z" : 49.59675
    }, {
      "x" : -87.103325,
      "y" : 82.867256,
      "z" : -4.236068
    }, {
      "x" : -105.0476,
      "y" : 53.832817,
      "z" : -15.326238
    } ],
    "faces" : [ {
      "vertices" : [ 0, 1, 2 ]
    }, {
      "vertices" : [ 0, 2, 3 ]
    }, {
      "vertices" : [ 0, 3, 2 ]
    }, {
      "vertices" : [ 0, 2, 1 ]
    } ]
  }, {
    "id" : "9d12d7b6-052a-4cdc-b7af-a906da1cc88c",
    "vertices" : [ {
      "x" : -134.08205,
      "y" : 100.81153,
      "z" : 38.506577
    }, {
      "x" : -163.11649,
      "y" : 111.9017,
      "z" : 56.45085
    }, {
      "x" : -174.20665,
      "y" : 129.84598,
      "z" : 27.416409
    }, {
      "x" : -145.17221,
      "y" : 118.7558,
      "z" : 9.472136
    } ],
    "faces" : [ {
      "vertices" : [ 0, 1, 2 ]
    }, {
      "vertices" : [ 0, 2, 3 ]
    }, {
      "vertices" : [ 0, 3, 2 ]
    }, {
      "vertices" : [ 0, 2, 1 ]
    } ]
  }, {
    "id" : "9369e553-7c86-45de-8335-cc335df31022",
    "vertices" : [ {
      "x" : -145.17221,
      "y" : 140.93614,
      "z" : 67.54102
    }, {
      "x" : -134.08205,
      "y" : 87.103325,
      "z" : 96.57546
    }, {
      "x" : -105.0476,
      "y" : 76.01315,
      "z" : 78.63119
    }, {
      "x" : -116.137764,
      "y" : 129.84598,
      "z" : 49.59675
    } ],
    "faces" : [ {
      "vertices" : [ 0, 1, 2 ]
    }, {
      "vertices" : [ 0, 2, 3 ]
    }, {
      "vertices" : [ 0, 3, 2 ]
    }, {
      "vertices" : [ 0, 2, 1 ]
    } ]
  }, {
    "id" : "ea5024fa-8f46-4bea-aa30-94366aac9060",
    "vertices" : [ {
      "x" : -105.0476,
      "y" : 53.832817,
      "z" : -15.326238
    }, {
      "x" : -134.08205,
      "y" : 64.92299,
      "z" : 2.618034
    }, {
      "x" : -145.17221,
      "y" : 118.7558,
      "z" : -26.416409
    }, {
      "x" : -116.137764,
      "y" : 107.665634,
      "z" : -44.36068
    } ],
    "faces" : [ {
      "vertices" : [ 0, 1, 2 ]
    }, {
      "vertices" : [ 0, 2, 3 ]
    }, {
      "vertices" : [ 0, 3, 2 ]
    }, {
      "vertices" : [ 0, 2, 1 ]
    } ]
  }, {
    "id" : "bf357ca4-3a32-45f0-b83e-f5a656fcdb1a",
    "vertices" : [ {
      "x" : -116.137764,
      "y" : 93.95743,
      "z" : 49.59675
    }, {
      "x" : -145.17221,
      "y" : 105.0476,
      "z" : 67.54102
    }, {
      "x" : -134.08205,
      "y" : 87.103325,
      "z" : 96.57546
    }, {
      "x" : -105.0476,
      "y" : 76.01315,
      "z" : 78.63119
    } ],
    "faces" : [ {
      "vertices" : [ 0, 1, 2 ]
    }, {
      "vertices" : [ 0, 2, 3 ]
    }, {
      "vertices" : [ 0, 3, 2 ]
    }, {
      "vertices" : [ 0, 2, 1 ]
    } ]
  }, {
    "id" : "5c234392-a688-4cd6-81d8-1ae701e2d139",
    "vertices" : [ {
      "x" : -98.1935,
      "y" : 136.70007,
      "z" : -33.27051
    }, {
      "x" : -87.103325,
      "y" : 118.7558,
      "z" : -4.236068
    }, {
      "x" : -105.0476,
      "y" : 89.72136,
      "z" : -15.326238
    }, {
      "x" : -116.137764,
      "y" : 107.665634,
      "z" : -44.36068
    } ],
    "faces" : [ {
      "vertices" : [ 0, 1, 2 ]
    }, {
      "vertices" : [ 0, 2, 3 ]
    }, {
      "vertices" : [ 0, 3, 2 ]
    }, {
      "vertices" : [ 0, 2, 1 ]
    } ]
  }, {
    "id" : "7a37ffe7-20ff-4258-94f5-881a75d99e93",
    "vertices" : [ {
      "x" : -145.17221,
      "y" : 105.0476,
      "z" : 67.54102
    }, {
      "x" : -116.137764,
      "y" : 93.95743,
      "z" : 49.59675
    }, {
      "x" : -134.08205,
      "y" : 64.92299,
      "z" : 38.506577
    }, {
      "x" : -163.11649,
      "y" : 76.01315,
      "z" : 56.45085
    } ],
    "faces" : [ {
      "vertices" : [ 0, 1, 2 ]
    }, {
      "vertices" : [ 0, 2, 3 ]
    }, {
      "vertices" : [ 0, 3, 2 ]
    }, {
      "vertices" : [ 0, 2, 1 ]
    } ]
  }, {
    "id" : "9d9379f1-08cb-4541-92db-9932d0e2ec22",
    "vertices" : [ {
      "x" : -145.17221,
      "y" : 118.7558,
      "z" : -26.416409
    }, {
      "x" : -134.08205,
      "y" : 100.81153,
      "z" : 2.618034
    }, {
      "x" : -116.137764,
      "y" : 129.84598,
      "z" : 13.708204
    }, {
      "x" : -127.227936,
      "y" : 147.79024,
      "z" : -15.326238
    } ],
    "faces" : [ {
      "vertices" : [ 0, 1, 2 ]
    }, {
      "vertices" : [ 0, 2, 3 ]
    }, {
      "vertices" : [ 0, 3, 2 ]
    }, {
      "vertices" : [ 0, 2, 1 ]
    } ]
  }, {
    "id" : "3ca6a0c0-90e1-46d3-9887-7937da10773c",
    "vertices" : [ {
      "x" : -127.227936,
      "y" : 147.79024,
      "z" : -15.326238
    }, {
      "x" : -116.137764,
      "y" : 93.95743,
      "z" : 13.708204
    }, {
      "x" : -87.103325,
      "y" : 82.867256,
      "z" : -4.236068
    }, {
      "x" : -98.1935,
      "y" : 136.70007,
      "z" : -33.27051
    } ],
    "faces" : [ {
      "vertices" : [ 0, 1, 2 ]
    }, {
      "vertices" : [ 0, 2, 3 ]
    }, {
      "vertices" : [ 0, 3, 2 ]
    }, {
      "vertices" : [ 0, 2, 1 ]
    } ]
  }, {
    "id" : "640f409c-61cb-4505-8026-23745c09db45",
    "vertices" : [ {
      "x" : -122.99187,
      "y" : 46.978714,
      "z" : 31.652475
    }, {
      "x" : -105.0476,
      "y" : 76.01315,
      "z" : 42.742645
    }, {
      "x" : -116.137764,
      "y" : 93.95743,
      "z" : 13.708204
    }, {
      "x" : -134.08205,
      "y" : 64.92299,
      "z" : 2.618034
    } ],
    "faces" : [ {
      "vertices" : [ 0, 1, 2 ]
    }, {
      "vertices" : [ 0, 2, 3 ]
    }, {
      "vertices" : [ 0, 3, 2 ]
    }, {
      "vertices" : [ 0, 2, 1 ]
    } ]
  }, {
    "id" : "322ce226-87d4-4b04-8044-47d56607d47e",
    "vertices" : [ {
      "x" : -116.137764,
      "y" : 93.95743,
      "z" : 49.59675
    }, {
      "x" : -105.0476,
      "y" : 76.01315,
      "z" : 78.63119
    }, {
      "x" : -122.99187,
      "y" : 46.978714,
      "z" : 67.54102
    }, {
      "x" : -134.08205,
      "y" : 64.92299,
      "z" : 38.506577
    } ],
    "faces" : [ {
      "vertices" : [ 0, 1, 2 ]
    }, {
      "vertices" : [ 0, 2, 3 ]
    }, {
      "vertices" : [ 0, 3, 2 ]
    }, {
      "vertices" : [ 0, 2, 1 ]
    } ]
  }, {
    "id" : "e7b56067-1b3d-492c-ba5a-c05f89cb6801",
    "vertices" : [ {
      "x" : -163.11649,
      "y" : 76.01315,
      "z" : 56.45085
    }, {
      "x" : -134.08205,
      "y" : 64.92299,
      "z" : 38.506577
    }, {
      "x" : -122.99187,
      "y" : 46.978714,
      "z" : 67.54102
    }, {
      "x" : -152.0263,
      "y" : 58.068882,
      "z" : 85.48529
    } ],
    "faces" : [ {
      "vertices" : [ 0, 1, 2 ]
    }, {
      "vertices" : [ 0, 2, 3 ]
    }, {
      "vertices" : [ 0, 3, 2 ]
    }, {
      "vertices" : [ 0, 2, 1 ]
    } ]
  }, {
    "id" : "8be00fbf-4206-426d-8432-4b95ce2ef4ae",
    "vertices" : [ {
      "x" : -76.01315,
      "y" : 64.92299,
      "z" : 24.798374
    }, {
      "x" : -105.0476,
      "y" : 76.01315,
      "z" : 78.63119
    }, {
      "x" : -122.99187,
      "y" : 46.978714,
      "z" : 67.54102
    }, {
      "x" : -93.95743,
      "y" : 35.888542,
      "z" : 13.708204
    } ],
    "faces" : [ {
      "vertices" : [ 0, 1, 2 ]
    }, {
      "vertices" : [ 0, 2, 3 ]
    }, {
      "vertices" : [ 0, 3, 2 ]
    }, {
      "vertices" : [ 0, 2, 1 ]
    } ]
  }, {
    "id" : "79d65c36-db34-4511-a5ef-b611c7b514c4",
    "vertices" : [ {
      "x" : -145.17221,
      "y" : 118.7558,
      "z" : 9.472136
    }, {
      "x" : -174.20665,
      "y" : 129.84598,
      "z" : 27.416409
    }, {
      "x" : -156.26237,
      "y" : 158.88042,
      "z" : 38.506577
    }, {
      "x" : -127.227936,
      "y" : 147.79024,
      "z" : 20.562305
    } ],
    "faces" : [ {
      "vertices" : [ 0, 1, 2 ]
    }, {
      "vertices" : [ 0, 2, 3 ]
    }, {
      "vertices" : [ 0, 3, 2 ]
    }, {
      "vertices" : [ 0, 2, 1 ]
    } ]
  }, {
    "id" : "040373ab-5971-4703-b100-96f1e56accf6",
    "vertices" : [ {
      "x" : -105.0476,
      "y" : 89.72136,
      "z" : -15.326238
    }, {
      "x" : -93.95743,
      "y" : 35.888542,
      "z" : 13.708204
    }, {
      "x" : -122.99187,
      "y" : 46.978714,
      "z" : 31.652475
    }, {
      "x" : -134.08205,
      "y" : 100.81153,
      "z" : 2.618034
    } ],
    "faces" : [ {
      "vertices" : [ 0, 1, 2 ]
    }, {
      "vertices" : [ 0, 2, 3 ]
    }, {
      "vertices" : [ 0, 3, 2 ]
    }, {
      "vertices" : [ 0, 2, 1 ]
    } ]
  }, {
    "id" : "f124f264-0ee7-490c-8cbc-c7790ba39554",
    "vertices" : [ {
      "x" : -105.0476,
      "y" : 89.72136,
      "z" : -15.326238
    }, {
      "x" : -134.08205,
      "y" : 100.81153,
      "z" : 2.618034
    }, {
      "x" : -116.137764,
      "y" : 129.84598,
      "z" : 13.708204
    }, {
      "x" : -87.103325,
      "y" : 118.7558,
      "z" : -4.236068
    } ],
    "faces" : [ {
      "vertices" : [ 0, 1, 2 ]
    }, {
      "vertices" : [ 0, 2, 3 ]
    }, {
      "vertices" : [ 0, 3, 2 ]
    }, {
      "vertices" : [ 0, 2, 1 ]
    } ]
  }, {
    "id" : "0e511cea-b271-450e-b460-4088141d499b",
    "vertices" : [ {
      "x" : -105.0476,
      "y" : 76.01315,
      "z" : 42.742645
    }, {
      "x" : -134.08205,
      "y" : 87.103325,
      "z" : 96.57546
    }, {
      "x" : -152.0263,
      "y" : 58.068882,
      "z" : 85.48529
    }, {
      "x" : -122.99187,
      "y" : 46.978714,
      "z" : 31.652475
    } ],
    "faces" : [ {
      "vertices" : [ 0, 1, 2 ]
    }, {
      "vertices" : [ 0, 2, 3 ]
    }, {
      "vertices" : [ 0, 3, 2 ]
    }, {
      "vertices" : [ 0, 2, 1 ]
    } ]
  }, {
    "id" : "b2ea0051-d83a-47e9-b1ec-1b33e1fe16ee",
    "vertices" : [ {
      "x" : -98.1935,
      "y" : 136.70007,
      "z" : -33.27051
    }, {
      "x" : -127.227936,
      "y" : 147.79024,
      "z" : -15.326238
    }, {
      "x" : -116.137764,
      "y" : 129.84598,
      "z" : 13.708204
    }, {
      "x" : -87.103325,
      "y" : 118.7558,
      "z" : -4.236068
    } ],
    "faces" : [ {
      "vertices" : [ 0, 1, 2 ]
    }, {
      "vertices" : [ 0, 2, 3 ]
    }, {
      "vertices" : [ 0, 3, 2 ]
    }, {
      "vertices" : [ 0, 2, 1 ]
    } ]
  }, {
    "id" : "25ae9354-8497-4902-a091-988e8b89e1d2",
    "vertices" : [ {
      "x" : -116.137764,
      "y" : 129.84598,
      "z" : 49.59675
    }, {
      "x" : -134.08205,
      "y" : 100.81153,
      "z" : 38.506577
    }, {
      "x" : -105.0476,
      "y" : 89.72136,
      "z" : -15.326238
    }, {
      "x" : -87.103325,
      "y" : 118.7558,
      "z" : -4.236068
    } ],
    "faces" : [ {
      "vertices" : [ 0, 1, 2 ]
    }, {
      "vertices" : [ 0, 2, 3 ]
    }, {
      "vertices" : [ 0, 3, 2 ]
    }, {
      "vertices" : [ 0, 2, 1 ]
    } ]
  }, {
    "id" : "8eb5740a-554e-48e8-bdb2-f5470301ef37",
    "vertices" : [ {
      "x" : -145.17221,
      "y" : 118.7558,
      "z" : 9.472136
    }, {
      "x" : -134.08205,
      "y" : 64.92299,
      "z" : 38.506577
    }, {
      "x" : -163.11649,
      "y" : 76.01315,
      "z" : 56.45085
    }, {
      "x" : -174.20665,
      "y" : 129.84598,
      "z" : 27.416409
    } ],
    "faces" : [ {
      "vertices" : [ 0, 1, 2 ]
    }, {
      "vertices" : [ 0, 2, 3 ]
    }, {
      "vertices" : [ 0, 3, 2 ]
    }, {
      "vertices" : [ 0, 2, 1 ]
    } ]
  }, {
    "id" : "222207e7-ed53-49d9-a555-06c6b269ede8",
    "vertices" : [ {
      "x" : -134.08205,
      "y" : 87.103325,
      "z" : 96.57546
    }, {
      "x" : -152.0263,
      "y" : 58.068882,
      "z" : 85.48529
    }, {
      "x" : -122.99187,
      "y" : 46.978714,
      "z" : 67.54102
    }, {
      "x" : -105.0476,
      "y" : 76.01315,
      "z" : 78.63119
    } ],
    "faces" : [ {
      "vertices" : [ 0, 1, 2 ]
    }, {
      "vertices" : [ 0, 2, 3 ]
    }, {
      "vertices" : [ 0, 3, 2 ]
    }, {
      "vertices" : [ 0, 2, 1 ]
    } ]
  }, {
    "id" : "496a3051-1cd0-43d5-b3ad-cc821cc658b9",
    "vertices" : [ {
      "x" : -93.95743,
      "y" : 35.888542,
      "z" : 13.708204
    }, {
      "x" : -105.0476,
      "y" : 53.832817,
      "z" : -15.326238
    }, {
      "x" : -87.103325,
      "y" : 82.867256,
      "z" : -4.236068
    }, {
      "x" : -76.01315,
      "y" : 64.92299,
      "z" : 24.798374
    } ],
    "faces" : [ {
      "vertices" : [ 0, 1, 2 ]
    }, {
      "vertices" : [ 0, 2, 3 ]
    }, {
      "vertices" : [ 0, 3, 2 ]
    }, {
      "vertices" : [ 0, 2, 1 ]
    } ]
  }, {
    "id" : "aa4286e4-77c1-4b08-b258-c176b1424410",
    "vertices" : [ {
      "x" : -105.0476,
      "y" : 76.01315,
      "z" : 42.742645
    }, {
      "x" : -122.99187,
      "y" : 46.978714,
      "z" : 31.652475
    }, {
      "x" : -93.95743,
      "y" : 35.888542,
      "z" : 13.708204
    }, {
      "x" : -76.01315,
      "y" : 64.92299,
      "z" : 24.798374
    } ],
    "faces" : [ {
      "vertices" : [ 0, 1, 2 ]
    }, {
      "vertices" : [ 0, 2, 3 ]
    }, {
      "vertices" : [ 0, 3, 2 ]
    }, {
      "vertices" : [ 0, 2, 1 ]
    } ]
  }, {
    "id" : "e06743b7-6ad9-4bcc-ac11-247a75de2b95",
    "vertices" : [ {
      "x" : -127.227936,
      "y" : 147.79024,
      "z" : 20.562305
