{
  "polygons" : "true",
  "field" : "golden",
  "symmetry" : "icosahedral",
  "orientations" : [ [ 1.0, 0.0, 0.0, 0.0, 0.0, 1.0, 0.0, 0.0, 0.0, 0.0, 1.0, 0.0, 0.0, 0.0, 0.0, 1.0 ], [ 0.0, 0.0, 1.0, 0.0, 1.0, 0.0, 0.0, 0.0, 0.0, 1.0, 0.0, 0.0, 0.0, 0.0, 0.0, 1.0 ], [ 0.0, 1.0, 0.0, 0.0, 0.0, 0.0, 1.0, 0.0, 1.0, 0.0, 0.0, 0.0, 0.0, 0.0, 0.0, 1.0 ], [ 0.809017, 0.309017, 0.5, 0.0, 0.309017, 0.5, -0.809017, 0.0, -0.5, 0.809017, 0.309017, 0.0, 0.0, 0.0, 0.0, 1.0 ], [ -0.5, 0.809017, 0.309017, 0.0, 0.809017, 0.309017, 0.5, 0.0, 0.309017, 0.5, -0.809017, 0.0, 0.0, 0.0, 0.0, 1.0 ], [ 0.309017, 0.5, -0.809017, 0.0, -0.5, 0.809017, 0.309017, 0.0, 0.809017, 0.309017, 0.5, 0.0, 0.0, 0.0, 0.0, 1.0 ], [ 0.5, 0.809017, 0.309017, 0.0, 0.809017, -0.309017, -0.5, 0.0, -0.309017, 0.5, -0.809017, 0.0, 0.0, 0.0, 0.0, 1.0 ], [ -0.309017, 0.5, -0.809017, 0.0, 0.5, 0.809017, 0.309017, 0.0, 0.809017, -0.309017, -0.5, 0.0, 0.0, 0.0, 0.0, 1.0 ], [ 0.809017, -0.309017, -0.5, 0.0, -0.309017, 0.5, -0.809017, 0.0, 0.5, 0.809017, 0.309017, 0.0, 0.0, 0.0, 0.0, 1.0 ], [ 0.5, 0.809017, -0.309017, 0.0, 0.809017, -0.309017, 0.5, 0.0, 0.309017, -0.5, -0.809017, 0.0, 0.0, 0.0, 0.0, 1.0 ], [ 0.309017, -0.5, -0.809017, 0.0, 0.5, 0.809017, -0.309017, 0.0, 0.809017, -0.309017, 0.5, 0.0, 0.0, 0.0, 0.0, 1.0 ], [ 0.809017, -0.309017, 0.5, 0.0, 0.309017, -0.5, -0.809017, 0.0, 0.5, 0.809017, -0.309017, 0.0, 0.0, 0.0, 0.0, 1.0 ], [ 0.809017, 0.309017, -0.5, 0.0, 0.309017, 0.5, 0.809017, 0.0, 0.5, -0.809017, 0.309017, 0.0, 0.0, 0.0, 0.0, 1.0 ], [ 0.5, -0.809017, 0.309017, 0.0, 0.809017, 0.309017, -0.5, 0.0, 0.309017, 0.5, 0.809017, 0.0, 0.0, 0.0, 0.0, 1.0 ], [ 0.309017, 0.5, 0.809017, 0.0, 0.5, -0.809017, 0.309017, 0.0, 0.809017, 0.309017, -0.5, 0.0, 0.0, 0.0, 0.0, 1.0 ], [ 1.0, 0.0, 0.0, 0.0, 0.0, -1.0, 0.0, 0.0, 0.0, 0.0, -1.0, 0.0, 0.0, 0.0, 0.0, 1.0 ], [ 0.0, 0.0, 1.0, 0.0, -1.0, 0.0, 0.0, 0.0, 0.0, -1.0, 0.0, 0.0, 0.0, 0.0, 0.0, 1.0 ], [ 0.0, 1.0, 0.0, 0.0, 0.0, 0.0, -1.0, 0.0, -1.0, 0.0, 0.0, 0.0, 0.0, 0.0, 0.0, 1.0 ], [ 0.809017, 0.309017, 0.5, 0.0, -0.309017, -0.5, 0.809017, 0.0, 0.5, -0.809017, -0.309017, 0.0, 0.0, 0.0, 0.0, 1.0 ], [ -0.5, 0.809017, 0.309017, 0.0, -0.809017, -0.309017, -0.5, 0.0, -0.309017, -0.5, 0.809017, 0.0, 0.0, 0.0, 0.0, 1.0 ], [ 0.309017, 0.5, -0.809017, 0.0, 0.5, -0.809017, -0.309017, 0.0, -0.809017, -0.309017, -0.5, 0.0, 0.0, 0.0, 0.0, 1.0 ], [ 0.5, 0.809017, 0.309017, 0.0, -0.809017, 0.309017, 0.5, 0.0, 0.309017, -0.5, 0.809017, 0.0, 0.0, 0.0, 0.0, 1.0 ], [ -0.309017, 0.5, -0.809017, 0.0, -0.5, -0.809017, -0.309017, 0.0, -0.809017, 0.309017, 0.5, 0.0, 0.0, 0.0, 0.0, 1.0 ], [ 0.809017, -0.309017, -0.5, 0.0, 0.309017, -0.5, 0.809017, 0.0, -0.5, -0.809017, -0.309017, 0.0, 0.0, 0.0, 0.0, 1.0 ], [ 0.5, 0.809017, -0.309017, 0.0, -0.809017, 0.309017, -0.5, 0.0, -0.309017, 0.5, 0.809017, 0.0, 0.0, 0.0, 0.0, 1.0 ], [ 0.309017, -0.5, -0.809017, 0.0, -0.5, -0.809017, 0.309017, 0.0, -0.809017, 0.309017, -0.5, 0.0, 0.0, 0.0, 0.0, 1.0 ], [ 0.809017, -0.309017, 0.5, 0.0, -0.309017, 0.5, 0.809017, 0.0, -0.5, -0.809017, 0.309017, 0.0, 0.0, 0.0, 0.0, 1.0 ], [ 0.809017, 0.309017, -0.5, 0.0, -0.309017, -0.5, -0.809017, 0.0, -0.5, 0.809017, -0.309017, 0.0, 0.0, 0.0, 0.0, 1.0 ], [ 0.5, -0.809017, 0.309017, 0.0, -0.809017, -0.309017, 0.5, 0.0, -0.309017, -0.5, -0.809017, 0.0, 0.0, 0.0, 0.0, 1.0 ], [ 0.309017, 0.5, 0.809017, 0.0, -0.5, 0.809017, -0.309017, 0.0, -0.809017, -0.309017, 0.5, 0.0, 0.0, 0.0, 0.0, 1.0 ], [ -1.0, 0.0, 0.0, 0.0, 0.0, -1.0, 0.0, 0.0, 0.0, 0.0, 1.0, 0.0, 0.0, 0.0, 0.0, 1.0 ], [ 0.0, 0.0, -1.0, 0.0, -1.0, 0.0, 0.0, 0.0, 0.0, 1.0, 0.0, 0.0, 0.0, 0.0, 0.0, 1.0 ], [ 0.0, -1.0, 0.0, 0.0, 0.0, 0.0, -1.0, 0.0, 1.0, 0.0, 0.0, 0.0, 0.0, 0.0, 0.0, 1.0 ], [ -0.809017, -0.309017, -0.5, 0.0, -0.309017, -0.5, 0.809017, 0.0, -0.5, 0.809017, 0.309017, 0.0, 0.0, 0.0, 0.0, 1.0 ], [ 0.5, -0.809017, -0.309017, 0.0, -0.809017, -0.309017, -0.5, 0.0, 0.309017, 0.5, -0.809017, 0.0, 0.0, 0.0, 0.0, 1.0 ], [ -0.309017, -0.5, 0.809017, 0.0, 0.5, -0.809017, -0.309017, 0.0, 0.809017, 0.309017, 0.5, 0.0, 0.0, 0.0, 0.0, 1.0 ], [ -0.5, -0.809017, -0.309017, 0.0, -0.809017, 0.309017, 0.5, 0.0, -0.309017, 0.5, -0.809017, 0.0, 0.0, 0.0, 0.0, 1.0 ], [ 0.309017, -0.5, 0.809017, 0.0, -0.5, -0.809017, -0.309017, 0.0, 0.809017, -0.309017, -0.5, 0.0, 0.0, 0.0, 0.0, 1.0 ], [ -0.809017, 0.309017, 0.5, 0.0, 0.309017, -0.5, 0.809017, 0.0, 0.5, 0.809017, 0.309017, 0.0, 0.0, 0.0, 0.0, 1.0 ], [ -0.5, -0.809017, 0.309017, 0.0, -0.809017, 0.309017, -0.5, 0.0, 0.309017, -0.5, -0.809017, 0.0, 0.0, 0.0, 0.0, 1.0 ], [ -0.309017, 0.5, 0.809017, 0.0, -0.5, -0.809017, 0.309017, 0.0, 0.809017, -0.309017, 0.5, 0.0, 0.0, 0.0, 0.0, 1.0 ], [ -0.809017, 0.309017, -0.5, 0.0, -0.309017, 0.5, 0.809017, 0.0, 0.5, 0.809017, -0.309017, 0.0, 0.0, 0.0, 0.0, 1.0 ], [ -0.809017, -0.309017, 0.5, 0.0, -0.309017, -0.5, -0.809017, 0.0, 0.5, -0.809017, 0.309017, 0.0, 0.0, 0.0, 0.0, 1.0 ], [ -0.5, 0.809017, -0.309017, 0.0, -0.809017, -0.309017, 0.5, 0.0, 0.309017, 0.5, 0.809017, 0.0, 0.0, 0.0, 0.0, 1.0 ], [ -0.309017, -0.5, -0.809017, 0.0, -0.5, 0.809017, -0.309017, 0.0, 0.809017, 0.309017, -0.5, 0.0, 0.0, 0.0, 0.0, 1.0 ], [ -1.0, 0.0, 0.0, 0.0, 0.0, 1.0, 0.0, 0.0, 0.0, 0.0, -1.0, 0.0, 0.0, 0.0, 0.0, 1.0 ], [ 0.0, 0.0, -1.0, 0.0, 1.0, 0.0, 0.0, 0.0, 0.0, -1.0, 0.0, 0.0, 0.0, 0.0, 0.0, 1.0 ], [ 0.0, -1.0, 0.0, 0.0, 0.0, 0.0, 1.0, 0.0, -1.0, 0.0, 0.0, 0.0, 0.0, 0.0, 0.0, 1.0 ], [ -0.809017, -0.309017, -0.5, 0.0, 0.309017, 0.5, -0.809017, 0.0, 0.5, -0.809017, -0.309017, 0.0, 0.0, 0.0, 0.0, 1.0 ], [ 0.5, -0.809017, -0.309017, 0.0, 0.809017, 0.309017, 0.5, 0.0, -0.309017, -0.5, 0.809017, 0.0, 0.0, 0.0, 0.0, 1.0 ], [ -0.309017, -0.5, 0.809017, 0.0, -0.5, 0.809017, 0.309017, 0.0, -0.809017, -0.309017, -0.5, 0.0, 0.0, 0.0, 0.0, 1.0 ], [ -0.5, -0.809017, -0.309017, 0.0, 0.809017, -0.309017, -0.5, 0.0, 0.309017, -0.5, 0.809017, 0.0, 0.0, 0.0, 0.0, 1.0 ], [ 0.309017, -0.5, 0.809017, 0.0, 0.5, 0.809017, 0.309017, 0.0, -0.809017, 0.309017, 0.5, 0.0, 0.0, 0.0, 0.0, 1.0 ], [ -0.809017, 0.309017, 0.5, 0.0, -0.309017, 0.5, -0.809017, 0.0, -0.5, -0.809017, -0.309017, 0.0, 0.0, 0.0, 0.0, 1.0 ], [ -0.5, -0.809017, 0.309017, 0.0, 0.809017, -0.309017, 0.5, 0.0, -0.309017, 0.5, 0.809017, 0.0, 0.0, 0.0, 0.0, 1.0 ], [ -0.309017, 0.5, 0.809017, 0.0, 0.5, 0.809017, -0.309017, 0.0, -0.809017, 0.309017, -0.5, 0.0, 0.0, 0.0, 0.0, 1.0 ], [ -0.809017, 0.309017, -0.5, 0.0, 0.309017, -0.5, -0.809017, 0.0, -0.5, -0.809017, 0.309017, 0.0, 0.0, 0.0, 0.0, 1.0 ], [ -0.809017, -0.309017, 0.5, 0.0, 0.309017, 0.5, 0.809017, 0.0, -0.5, 0.809017, -0.309017, 0.0, 0.0, 0.0, 0.0, 1.0 ], [ -0.5, 0.809017, -0.309017, 0.0, 0.809017, 0.309017, -0.5, 0.0, -0.309017, -0.5, -0.809017, 0.0, 0.0, 0.0, 0.0, 1.0 ], [ -0.309017, -0.5, -0.809017, 0.0, 0.5, -0.809017, 0.309017, 0.0, -0.809017, -0.309017, 0.5, 0.0, 0.0, 0.0, 0.0, 1.0 ] ],
  "lights" : {
    "backgroundColor" : "#AFC8DC",
    "directionalLights" : [ {
      "direction" : [ 1.0, -1.0, -1.0 ],
      "color" : "#EBEBE4"
    }, {
      "direction" : [ -1.0, 0.0, 0.0 ],
      "color" : "#E4E4EB"
    }, {
      "direction" : [ 0.0, 0.0, -1.0 ],
      "color" : "#1E1E1E"
    } ],
    "ambientColor" : "#292929"
  },
  "camera" : {
    "position" : {
      "x" : -48.70508,
      "y" : 241.74925,
      "z" : -11.50287
    },
    "width" : 111.09346,
    "stereo" : false,
    "perspective" : false,
    "lookAtPointRV" : {
      "x" : 0.0,
      "y" : 0.0,
      "z" : 0.0,
      "zero" : true
    },
    "lookDirectionRV" : {
      "x" : 0.19728693,
      "y" : -0.9792401,
      "z" : 0.046594027,
      "zero" : false
    },
    "fieldOfView" : 0.44262892,
    "viewDistance" : 246.87433,
    "upDirectionRV" : {
      "x" : -0.3221639,
      "y" : -0.10964201,
      "z" : -0.94031674,
      "zero" : false
    },
    "nearClipDistance" : 0.6171857,
    "lookAtPoint" : {
      "x" : 0.0,
      "y" : 0.0,
      "z" : 0.0
    },
    "lookDirection" : {
      "x" : 0.19728693,
      "y" : -0.9792401,
      "z" : 0.046594027
    },
    "upDirection" : {
      "x" : -0.3221639,
      "y" : -0.10964201,
      "z" : -0.94031674
    },
    "farClipDistance" : 493.74854
  },
  "embedding" : [ 1.0, 0.0, 0.0, 0.0, 0.0, 1.0, 0.0, 0.0, 0.0, 0.0, 1.0, 0.0, 0.0, 0.0, 0.0, 1.0 ],
  "shapes" : [ {
    "id" : "ecbbb849-68c9-4cfc-b33a-46e9fb72a9ed",
    "name" : "ball",
    "vertices" : [ {
      "x" : 0.309017,
      "y" : -0.809017,
      "z" : 0.618034
    }, {
      "x" : 0.809017,
      "y" : -0.618034,
      "z" : 0.309017
    }, {
      "x" : 0.618034,
      "y" : -0.309017,
      "z" : 0.809017
    }, {
      "x" : 1.0,
      "y" : 0.309017,
      "z" : 0.19098301
    }, {
      "x" : 0.809017,
      "y" : 0.618034,
      "z" : 0.309017
    }, {
      "x" : 0.618034,
      "y" : 0.309017,
      "z" : 0.809017
    }, {
      "x" : 0.809017,
      "y" : 0.0,
      "z" : 0.690983
    }, {
      "x" : 0.19098301,
      "y" : -1.0,
      "z" : 0.309017
    }, {
      "x" : -0.19098301,
      "y" : -1.0,
      "z" : 0.309017
    }, {
      "x" : -0.19098301,
      "y" : -1.0,
      "z" : -0.309017
    }, {
      "x" : 0.19098301,
      "y" : -1.0,
      "z" : -0.309017
    }, {
      "x" : 1.0,
      "y" : -0.309017,
      "z" : -0.19098301
    }, {
      "x" : 0.809017,
      "y" : -0.618034,
      "z" : -0.309017
    }, {
      "x" : 0.618034,
      "y" : -0.309017,
      "z" : -0.809017
    }, {
      "x" : 0.809017,
      "y" : 0.0,
      "z" : -0.690983
    }, {
      "x" : 0.0,
      "y" : 0.690983,
      "z" : -0.809017
    }, {
      "x" : 0.309017,
      "y" : 0.809017,
      "z" : -0.618034
    }, {
      "x" : 0.618034,
      "y" : 0.309017,
      "z" : -0.809017
    }, {
      "x" : 0.309017,
      "y" : 0.19098301,
      "z" : -1.0
    }, {
      "x" : 1.0,
      "y" : 0.309017,
      "z" : -0.19098301
    }, {
      "x" : -0.309017,
      "y" : -0.809017,
      "z" : 0.618034
    }, {
      "x" : 0.0,
      "y" : -0.690983,
      "z" : 0.809017
    }, {
      "x" : 0.809017,
      "y" : 0.618034,
      "z" : -0.309017
    }, {
      "x" : 0.690983,
      "y" : 0.809017,
      "z" : 0.0
    }, {
      "x" : -0.690983,
      "y" : 0.809017,
      "z" : 0.0
    }, {
      "x" : -0.809017,
      "y" : 0.618034,
      "z" : 0.309017
    }, {
      "x" : -0.309017,
      "y" : 0.809017,
      "z" : 0.618034
    }, {
      "x" : -0.19098301,
      "y" : 1.0,
      "z" : 0.309017
    }, {
      "x" : 0.309017,
      "y" : -0.19098301,
      "z" : -1.0
    }, {
      "x" : 0.19098301,
      "y" : 1.0,
      "z" : 0.309017
    }, {
      "x" : 0.309017,
      "y" : 0.809017,
      "z" : 0.618034
    }, {
      "x" : -0.809017,
      "y" : -0.618034,
      "z" : 0.309017
    }, {
      "x" : -0.690983,
      "y" : -0.809017,
      "z" : 0.0
    }, {
      "x" : 0.0,
      "y" : 0.690983,
      "z" : 0.809017
    }, {
      "x" : 0.309017,
      "y" : -0.809017,
      "z" : -0.618034
    }, {
      "x" : 0.0,
      "y" : -0.690983,
      "z" : -0.809017
    }, {
      "x" : -1.0,
      "y" : 0.309017,
      "z" : 0.19098301
    }, {
      "x" : -0.809017,
      "y" : 0.0,
      "z" : 0.690983
    }, {
      "x" : -0.618034,
      "y" : 0.309017,
      "z" : 0.809017
    }, {
      "x" : 1.0,
      "y" : -0.309017,
      "z" : 0.19098301
    }, {
      "x" : -0.309017,
      "y" : -0.809017,
      "z" : -0.618034
    }, {
      "x" : -1.0,
      "y" : 0.309017,
      "z" : -0.19098301
    }, {
      "x" : -1.0,
      "y" : -0.309017,
      "z" : -0.19098301
    }, {
      "x" : -1.0,
      "y" : -0.309017,
      "z" : 0.19098301
    }, {
      "x" : 0.19098301,
      "y" : 1.0,
      "z" : -0.309017
    }, {
      "x" : -0.809017,
      "y" : 0.618034,
      "z" : -0.309017
    }, {
      "x" : -0.19098301,
      "y" : 1.0,
      "z" : -0.309017
    }, {
      "x" : -0.309017,
      "y" : 0.809017,
      "z" : -0.618034
    }, {
      "x" : -0.618034,
      "y" : -0.309017,
      "z" : 0.809017
    }, {
      "x" : 0.309017,
      "y" : 0.19098301,
      "z" : 1.0
    }, {
      "x" : -0.309017,
      "y" : 0.19098301,
      "z" : -1.0
    }, {
      "x" : -0.309017,
      "y" : 0.19098301,
      "z" : 1.0
    }, {
      "x" : -0.309017,
      "y" : -0.19098301,
      "z" : 1.0
    }, {
      "x" : 0.309017,
      "y" : -0.19098301,
      "z" : 1.0
    }, {
      "x" : 0.690983,
      "y" : -0.809017,
      "z" : 0.0
    }, {
      "x" : -0.809017,
      "y" : 0.0,
      "z" : -0.690983
    }, {
      "x" : -0.618034,
      "y" : -0.309017,
      "z" : -0.809017
    }, {
      "x" : -0.309017,
      "y" : -0.19098301,
      "z" : -1.0
    }, {
      "x" : -0.618034,
      "y" : 0.309017,
      "z" : -0.809017
    }, {
      "x" : -0.809017,
      "y" : -0.618034,
      "z" : -0.309017
    } ],
    "faces" : [ {
      "vertices" : [ 9, 40, 35, 34, 10 ]
    }, {
      "vertices" : [ 0, 1, 2 ]
    }, {
      "vertices" : [ 33, 51, 49 ]
    }, {
      "vertices" : [ 25, 36, 37, 38 ]
    }, {
      "vertices" : [ 41, 55, 42 ]
    }, {
      "vertices" : [ 9, 32, 59, 40 ]
    }, {
      "vertices" : [ 20, 21, 52, 48 ]
    }, {
      "vertices" : [ 26, 33, 30, 29, 27 ]
    }, {
      "vertices" : [ 3, 4, 5, 6 ]
    }, {
      "vertices" : [ 27, 29, 44, 46 ]
    }, {
      "vertices" : [ 50, 57, 56, 55, 58 ]
    }, {
      "vertices" : [ 26, 38, 51, 33 ]
    }, {
      "vertices" : [ 45, 47, 58 ]
    }, {
      "vertices" : [ 18, 28, 57, 50 ]
    }, {
      "vertices" : [ 40, 59, 56 ]
    }, {
      "vertices" : [ 31, 48, 37, 43 ]
    }, {
      "vertices" : [ 7, 8, 9, 10 ]
    }, {
      "vertices" : [ 36, 41, 42, 43 ]
    }, {
      "vertices" : [ 24, 46, 47, 45 ]
    }, {
      "vertices" : [ 4, 30, 5 ]
    }, {
      "vertices" : [ 15, 47, 46, 44, 16 ]
    }, {
      "vertices" : [ 15, 50, 58, 47 ]
    }, {
      "vertices" : [ 24, 45, 41, 36, 25 ]
    }, {
      "vertices" : [ 11, 14, 19 ]
    }, {
      "vertices" : [ 3, 6, 39 ]
    }, {
      "vertices" : [ 1, 39, 6, 2 ]
    }, {
      "vertices" : [ 8, 32, 9 ]
    }, {
      "vertices" : [ 11, 12, 13, 14 ]
    }, {
      "vertices" : [ 16, 22, 17 ]
    }, {
      "vertices" : [ 0, 21, 20, 8, 7 ]
    }, {
      "vertices" : [ 12, 34, 13 ]
    }, {
      "vertices" : [ 35, 40, 56, 57 ]
    }, {
      "vertices" : [ 0, 7, 54, 1 ]
    }, {
      "vertices" : [ 15, 16, 17, 18 ]
    }, {
      "vertices" : [ 3, 19, 22, 23, 4 ]
    }, {
      "vertices" : [ 7, 10, 54 ]
    }, {
      "vertices" : [ 41, 45, 58, 55 ]
    }, {
      "vertices" : [ 3, 39, 11, 19 ]
    }, {
      "vertices" : [ 14, 17, 22, 19 ]
    }, {
      "vertices" : [ 0, 2, 53, 21 ]
    }, {
      "vertices" : [ 49, 51, 52, 53 ]
    }, {
      "vertices" : [ 31, 43, 42, 59, 32 ]
    }, {
      "vertices" : [ 15, 18, 50 ]
    }, {
      "vertices" : [ 42, 55, 56, 59 ]
    }, {
      "vertices" : [ 4, 23, 29, 30 ]
    }, {
      "vertices" : [ 25, 38, 26 ]
    }, {
      "vertices" : [ 13, 28, 18, 17, 14 ]
    }, {
      "vertices" : [ 8, 20, 31, 32 ]
    }, {
      "vertices" : [ 23, 44, 29 ]
    }, {
      "vertices" : [ 24, 27, 46 ]
    }, {
      "vertices" : [ 37, 48, 52, 51, 38 ]
    }, {
      "vertices" : [ 20, 48, 31 ]
    }, {
      "vertices" : [ 24, 25, 26, 27 ]
    }, {
      "vertices" : [ 16, 44, 23, 22 ]
    }, {
      "vertices" : [ 13, 34, 35, 28 ]
    }, {
      "vertices" : [ 10, 34, 12, 54 ]
    }, {
      "vertices" : [ 2, 6, 5, 49, 53 ]
    }, {
      "vertices" : [ 36, 43, 37 ]
    }, {
      "vertices" : [ 5, 30, 33, 49 ]
    }, {
      "vertices" : [ 1, 54, 12, 11, 39 ]
    }, {
      "vertices" : [ 28, 35, 57 ]
    }, {
      "vertices" : [ 21, 53, 52 ]
    } ]
  }, {
    "id" : "f3a68760-6784-4525-b084-307538b19db0",
    "orbit" : "blue",
    "orbitC" : "[[0,0,1],[0,0,1]]",
    "length" : "[\"1\",\"0\",\"1\"]",
    "name" : "b1",
    "vertices" : [ {
      "x" : 7.472136,
      "y" : 0.309017,
      "z" : 0.19098301
    }, {
      "x" : 7.472136,
      "y" : 0.309017,
      "z" : -0.19098301
    }, {
      "x" : 1.0,
      "y" : 0.309017,
      "z" : -0.19098301
    }, {
      "x" : 1.0,
      "y" : 0.309017,
      "z" : 0.19098301
    }, {
      "x" : 7.472136,
      "y" : -0.309017,
      "z" : 0.19098301
    }, {
      "x" : 1.0,
      "y" : -0.309017,
      "z" : 0.19098301
    }, {
      "x" : 1.0,
      "y" : -0.309017,
      "z" : -0.19098301
    }, {
      "x" : 7.472136,
      "y" : -0.309017,
      "z" : -0.19098301
    }, {
      "x" : 8.472136,
      "y" : 0.0,
      "z" : 0.0
    } ],
    "faces" : [ {
      "vertices" : [ 1, 7, 6, 2 ]
    }, {
      "vertices" : [ 0, 1, 2, 3 ]
    }, {
      "vertices" : [ 4, 5, 6, 7 ]
    }, {
      "vertices" : [ 0, 3, 5, 4 ]
    } ]
  }, {
    "id" : "153ee3a5-51f2-4565-a29f-81d165ff7bed",
    "vertices" : [ {
      "x" : 0.0,
      "y" : 0.0,
      "z" : 0.0
    }, {
      "x" : 1.4120227,
      "y" : 6.854102,
      "z" : 3.6967232
    }, {
      "x" : 4.236068,
      "y" : 6.854102,
      "z" : 11.09017
    }, {
      "x" : 5.236068,
      "y" : 0.0,
      "z" : 13.708204
    } ],
    "faces" : [ {
      "vertices" : [ 0, 1, 2, 3 ]
    }, {
      "vertices" : [ 0, 3, 2, 1 ]
    } ]
  }, {
    "id" : "6bc60d94-54dc-444f-8b6f-7d1378575ecb",
    "orbit" : "purple",
    "orbitC" : "[[2,-1,1],[0,0,1]]",
    "length" : "[\"0\",\"2\",\"3\"]",
    "name" : " :2/3*phi",
    "vertices" : [ {
      "x" : 0.690983,
      "y" : 0.809017,
      "z" : 0.0
    }, {
      "x" : 0.809017,
      "y" : 0.618034,
      "z" : -0.309017
    }, {
      "x" : 0.809017,
      "y" : 0.618034,
      "z" : 0.309017
    }, {
      "x" : 1.0,
      "y" : 0.309017,
      "z" : -0.19098301
    }, {
      "x" : 1.0,
      "y" : 0.309017,
      "z" : 0.19098301
    }, {
      "x" : 1.618034,
      "y" : 0.42705098,
      "z" : -0.309017
    }, {
      "x" : 1.618034,
      "y" : 0.42705098,
      "z" : 0.309017
    }, {
      "x" : 1.618034,
      "y" : 0.809017,
      "z" : -0.309017
    }, {
      "x" : 1.618034,
      "y" : 0.809017,
      "z" : 0.309017
    }, {
      "x" : 5.7754126,
      "y" : 2.0150282,
      "z" : -0.309017
    }, {
      "x" : 5.7754126,
      "y" : 2.0150282,
      "z" : 0.309017
    }, {
      "x" : 5.7754126,
      "y" : 2.3969944,
      "z" : -0.309017
    }, {
      "x" : 5.7754126,
      "y" : 2.3969944,
      "z" : 0.309017
    }, {
      "x" : 6.3934464,
      "y" : 2.5150282,
      "z" : -0.19098301
    }, {
      "x" : 6.3934464,
      "y" : 2.5150282,
      "z" : 0.19098301
    }, {
      "x" : 6.5844297,
      "y" : 2.2060113,
      "z" : -0.309017
    }, {
      "x" : 6.5844297,
      "y" : 2.2060113,
      "z" : 0.309017
    }, {
      "x" : 6.7024636,
      "y" : 2.0150282,
      "z" : 0.0
    }, {
      "x" : 7.3934464,
      "y" : 2.8240454,
      "z" : 0.0
    } ],
    "faces" : [ {
      "vertices" : [ 5, 7, 11, 9 ]
    }, {
      "vertices" : [ 9, 11, 15 ]
    }, {
      "vertices" : [ 9, 17, 10 ]
    }, {
      "vertices" : [ 6, 10, 12, 8 ]
    }, {
      "vertices" : [ 10, 16, 12 ]
    }, {
      "vertices" : [ 7, 8, 12, 11 ]
    }, {
      "vertices" : [ 11, 13, 15 ]
    }, {
      "vertices" : [ 0, 7, 1 ]
    }, {
      "vertices" : [ 1, 5, 3 ]
    }, {
      "vertices" : [ 9, 15, 17 ]
    }, {
      "vertices" : [ 0, 2, 8 ]
    }, {
      "vertices" : [ 12, 16, 14 ]
    }, {
      "vertices" : [ 0, 1, 3, 4, 2 ]
    }, {
      "vertices" : [ 10, 17, 16 ]
    }, {
      "vertices" : [ 13, 14, 16, 17, 15 ]
    }, {
      "vertices" : [ 2, 4, 6 ]
    }, {
      "vertices" : [ 1, 7, 5 ]
    }, {
      "vertices" : [ 0, 8, 7 ]
    }, {
      "vertices" : [ 2, 6, 8 ]
    }, {
      "vertices" : [ 3, 5, 6, 4 ]
    }, {
      "vertices" : [ 11, 12, 14, 13 ]
    }, {
      "vertices" : [ 5, 9, 10, 6 ]
    } ]
  }, {
    "id" : "fbd87db5-0c23-413c-910c-aaba0ca0a9e6",
    "orbit" : "green",
    "orbitC" : "[[2,-1,1],[5,-3,1]]",
    "length" : "[\"-1\",\"1\",\"1\"]",
    "name" : "g0",
    "vertices" : [ {
      "x" : 5.1405764,
      "y" : 1.7725425,
      "z" : -0.868034
    }, {
      "x" : 6.163119,
      "y" : 1.809017,
      "z" : -1.0
    }, {
      "x" : 5.1405764,
      "y" : 1.7725425,
      "z" : -0.48606798
    }, {
      "x" : 4.9495935,
      "y" : 2.0815594,
      "z" : -0.98606795
    }, {
      "x" : 4.9495935,
      "y" : 2.0815594,
      "z" : -0.60410196
    }, {
      "x" : 0.809017,
      "y" : 0.618034,
      "z" : 0.309017
    }, {
      "x" : 1.0,
      "y" : 0.309017,
      "z" : 0.19098301
    }, {
      "x" : 1.9045085,
      "y" : 0.5364745,
      "z" : -0.013932022
    }, {
      "x" : 5.854102,
      "y" : 2.309017,
      "z" : -1.190983
    }, {
      "x" : 6.045085,
      "y" : 2.0,
      "z" : -1.309017
    }, {
      "x" : 6.045085,
      "y" : 2.0,
      "z" : -0.690983
    }, {
      "x" : 5.854102,
      "y" : 2.309017,
      "z" : -0.809017
    }, {
      "x" : 1.7135255,
      "y" : 0.8454915,
      "z" : -0.13196601
    }, {
      "x" : 0.690983,
      "y" : 0.809017,
      "z" : 0.0
    }, {
      "x" : 1.9045085,
      "y" : 0.5364745,
      "z" : -0.39589804
    }, {
      "x" : 1.7135255,
      "y" : 0.8454915,
      "z" : -0.51393205
    }, {
      "x" : 0.809017,
      "y" : 0.618034,
      "z" : -0.309017
    }, {
      "x" : 1.0,
      "y" : 0.309017,
      "z" : -0.19098301
    }, {
      "x" : 6.854102,
      "y" : 2.618034,
      "z" : -1.0
    } ],
    "faces" : [ {
      "vertices" : [ 0, 14, 15, 3 ]
    }, {
      "vertices" : [ 3, 15, 12, 4 ]
    }, {
      "vertices" : [ 0, 1, 2 ]
    }, {
      "vertices" : [ 12, 15, 13 ]
    }, {
      "vertices" : [ 0, 9, 1 ]
    }, {
      "vertices" : [ 0, 3, 9 ]
    }, {
      "vertices" : [ 13, 15, 16 ]
    }, {
      "vertices" : [ 6, 17, 14, 7 ]
    }, {
      "vertices" : [ 1, 10, 2 ]
    }, {
      "vertices" : [ 5, 6, 7 ]
    }, {
      "vertices" : [ 3, 8, 9 ]
    }, {
      "vertices" : [ 0, 2, 7, 14 ]
    }, {
      "vertices" : [ 5, 7, 12 ]
    }, {
      "vertices" : [ 2, 4, 12, 7 ]
    }, {
      "vertices" : [ 3, 4, 11, 8 ]
    }, {
      "vertices" : [ 2, 10, 11, 4 ]
    }, {
      "vertices" : [ 5, 12, 13 ]
    }, {
      "vertices" : [ 14, 17, 16, 15 ]
    } ]
  }, {
    "id" : "9ae0df7d-995a-49ae-ae1e-dd64c406a788",
    "vertices" : [ {
      "x" : 0.0,
      "y" : 0.0,
      "z" : 0.0
    }, {
      "x" : 2.618034,
      "y" : 1.0,
      "z" : 6.854102
    }, {
      "x" : 1.618034,
      "y" : -5.854102,
      "z" : 4.236068
    } ],
    "faces" : [ {
      "vertices" : [ 0, 1, 2 ]
    }, {
      "vertices" : [ 0, 2, 1 ]
    } ]
  }, {
    "id" : "a0f8a658-38b6-4f7a-ada4-fb2f7c8e766b",
    "vertices" : [ {
      "x" : 0.0,
      "y" : 0.0,
      "z" : 0.0
    }, {
      "x" : 5.236068,
      "y" : 0.0,
      "z" : 13.708204
    }, {
      "x" : 2.618034,
      "y" : -4.236068,
      "z" : 6.854102
    } ],
    "faces" : [ {
      "vertices" : [ 0, 1, 2 ]
    }, {
      "vertices" : [ 0, 2, 1 ]
    } ]
  }, {
    "id" : "103c08f9-80e9-40e2-87c5-d5fa1b2225e1",
    "vertices" : [ {
      "x" : 0.0,
      "y" : 0.0,
      "z" : 0.0
    }, {
      "x" : 0.0,
      "y" : 8.472136,
      "z" : 0.0
    }, {
      "x" : 2.618034,
      "y" : 12.708204,
      "z" : 6.854102
    }, {
      "x" : 2.618034,
      "y" : -1.0,
      "z" : 6.854102
    } ],
    "faces" : [ {
      "vertices" : [ 0, 1, 2, 3 ]
    }, {
      "vertices" : [ 0, 3, 2, 1 ]
    } ]
  }, {
    "id" : "eaae578d-4bb9-4942-a260-e7d3433db844",
    "vertices" : [ {
      "x" : 0.0,
      "y" : 0.0,
      "z" : 0.0
    }, {
      "x" : 2.8240454,
      "y" : 0.0,
      "z" : 7.3934464
    }, {
      "x" : 4.236068,
      "y" : -6.854102,
      "z" : 11.09017
    } ],
    "faces" : [ {
      "vertices" : [ 0, 1, 2 ]
    }, {
      "vertices" : [ 0, 2, 1 ]
    } ]
  }, {
    "id" : "bbb5febf-7c72-4813-89d5-39f818dcb06a",
    "vertices" : [ {
      "x" : 0.0,
      "y" : 0.0,
      "z" : 0.0
    }, {
      "x" : -1.4120227,
      "y" : 6.854102,
      "z" : -3.6967232
    }, {
      "x" : 0.20601133,
      "y" : 12.708204,
      "z" : 0.53934467
    }, {
      "x" : 2.8240454,
      "y" : 8.472136,
      "z" : 7.3934464
    }, {
      "x" : 2.8240454,
      "y" : 0.0,
      "z" : 7.3934464
    } ],
    "faces" : [ {
      "vertices" : [ 0, 1, 2, 3, 4 ]
    }, {
      "vertices" : [ 0, 4, 3, 2, 1 ]
    } ]
  } ],
  "instances" : [ {
    "shape" : "ecbbb849-68c9-4cfc-b33a-46e9fb72a9ed",
    "color" : "#F2F2F2",
    "position" : {
      "x" : 7.3934464,
      "y" : 2.8240454,
      "z" : 8.472136
    }
  }, {
    "shape" : "f3a68760-6784-4525-b084-307538b19db0",
    "color" : "#008EC2",
    "position" : {
      "x" : 0.0,
      "y" : 0.0,
      "z" : 16.944271
    },
    "orientation" : 47
  }, {
    "shape" : "153ee3a5-51f2-4565-a29f-81d165ff7bed",
    "color" : "#FFD98C",
    "position" : {
      "x" : -6.854102,
      "y" : -2.618034,
      "z" : -17.944271
    },
    "orientation" : 1
  }, {
    "shape" : "6bc60d94-54dc-444f-8b6f-7d1378575ecb",
    "color" : "#7D36D3",
    "position" : {
      "x" : -13.708204,
      "y" : -5.236068,
      "z" : -5.236068
    },
    "orientation" : 30
  }, {
    "shape" : "6bc60d94-54dc-444f-8b6f-7d1378575ecb",
    "color" : "#7D36D3",
    "position" : {
      "x" : 14.786893,
      "y" : 5.648091,
      "z" : -5.236068
    },
    "orientation" : 44
  }, {
    "shape" : "f3a68760-6784-4525-b084-307538b19db0",
    "color" : "#008EC2",
    "position" : {
      "x" : -6.854102,
      "y" : -2.618034,
      "z" : -17.944271
    },
    "orientation" : 41
  }, {
    "shape" : "ecbbb849-68c9-4cfc-b33a-46e9fb72a9ed",
    "color" : "#F2F2F2",
    "position" : {
      "x" : -13.708204,
      "y" : -5.236068,
      "z" : -5.236068
    }
  }, {
    "shape" : "ecbbb849-68c9-4cfc-b33a-46e9fb72a9ed",
    "color" : "#F2F2F2",
    "position" : {
      "x" : 0.0,
      "y" : 0.0,
      "z" : -22.18034
    }
  }, {
    "shape" : "ecbbb849-68c9-4cfc-b33a-46e9fb72a9ed",
    "color" : "#F2F2F2",
    "position" : {
      "x" : -13.708204,
      "y" : -5.236068,
      "z" : -13.708204
    }
  }, {
    "shape" : "ecbbb849-68c9-4cfc-b33a-46e9fb72a9ed",
    "color" : "#F2F2F2",
    "position" : {
      "x" : -24.798374,
      "y" : -9.472136,
      "z" : 1.618034
    }
  }, {
    "shape" : "ecbbb849-68c9-4cfc-b33a-46e9fb72a9ed",
    "color" : "#F2F2F2",
    "position" : {
      "x" : -17.944271,
      "y" : -6.854102,
      "z" : 5.854102
    }
  }, {
    "shape" : "fbd87db5-0c23-413c-910c-aaba0ca0a9e6",
    "color" : "#00993F",
    "position" : {
      "x" : 4.236068,
      "y" : 1.618034,
      "z" : -11.09017
    },
    "orientation" : 0
  }, {
    "shape" : "ecbbb849-68c9-4cfc-b33a-46e9fb72a9ed",
    "color" : "#F2F2F2",
    "position" : {
      "x" : -3.1573787,
      "y" : -1.2060113,
      "z" : -11.09017
    }
  }, {
    "shape" : "6bc60d94-54dc-444f-8b6f-7d1378575ecb",
    "color" : "#7D36D3",
    "position" : {
      "x" : -17.944271,
      "y" : -6.854102,
      "z" : 14.326238
    },
    "orientation" : 0
  }, {
    "shape" : "ecbbb849-68c9-4cfc-b33a-46e9fb72a9ed",
    "color" : "#F2F2F2",
    "position" : {
      "x" : 4.236068,
      "y" : 1.618034,
      "z" : -11.09017
    }
  }, {
    "shape" : "9ae0df7d-995a-49ae-ae1e-dd64c406a788",
    "color" : "#FFD98C",
    "position" : {
      "x" : 6.854102,
      "y" : 2.618034,
      "z" : -17.944271
    },
    "orientation" : 21
  }, {
    "shape" : "ecbbb849-68c9-4cfc-b33a-46e9fb72a9ed",
    "color" : "#F2F2F2",
    "position" : {
      "x" : 0.0,
      "y" : 0.0,
      "z" : 8.472136
    }
  }, {
    "shape" : "f3a68760-6784-4525-b084-307538b19db0",
    "color" : "#008EC2",
    "position" : {
      "x" : 0.0,
      "y" : 0.0,
      "z" : 8.472136
    },
    "orientation" : 47
  }, {
    "shape" : "ecbbb849-68c9-4cfc-b33a-46e9fb72a9ed",
    "color" : "#F2F2F2",
    "position" : {
      "x" : -6.854102,
      "y" : -2.618034,
      "z" : -17.944271
    }
  }, {
    "shape" : "f3a68760-6784-4525-b084-307538b19db0",
    "color" : "#008EC2",
    "position" : {
      "x" : -24.798374,
      "y" : -9.472136,
      "z" : 1.618034
    },
    "orientation" : 11
  }, {
    "shape" : "ecbbb849-68c9-4cfc-b33a-46e9fb72a9ed",
    "color" : "#F2F2F2",
    "position" : {
      "x" : 0.0,
      "y" : 0.0,
      "z" : 16.944271
    }
  }, {
    "shape" : "f3a68760-6784-4525-b084-307538b19db0",
    "color" : "#008EC2",
    "position" : {
      "x" : -17.944271,
      "y" : -6.854102,
      "z" : 5.854102
    },
    "orientation" : 2
  }, {
    "shape" : "6bc60d94-54dc-444f-8b6f-7d1378575ecb",
    "color" : "#7D36D3",
    "position" : {
      "x" : 7.3934464,
      "y" : 2.8240454,
      "z" : 8.472136
    },
    "orientation" : 30
  }, {
    "shape" : "6bc60d94-54dc-444f-8b6f-7d1378575ecb",
    "color" : "#7D36D3",
    "position" : {
      "x" : -21.10165,
      "y" : -8.060113,
      "z" : -5.236068
    },
    "orientation" : 44
  }, {
    "shape" : "f3a68760-6784-4525-b084-307538b19db0",
    "color" : "#008EC2",
    "position" : {
      "x" : 11.09017,
      "y" : 4.236068,
      "z" : 1.618034
    },
    "orientation" : 53
  }, {
    "shape" : "f3a68760-6784-4525-b084-307538b19db0",
    "color" : "#008EC2",
    "position" : {
      "x" : -6.854102,
      "y" : -2.618034,
      "z" : -17.944271
    },
    "orientation" : 23
  }, {
    "shape" : "ecbbb849-68c9-4cfc-b33a-46e9fb72a9ed",
    "color" : "#F2F2F2",
    "position" : {
      "x" : 17.944271,
      "y" : 6.854102,
      "z" : -16.326239
    }
  }, {
    "shape" : "6bc60d94-54dc-444f-8b6f-7d1378575ecb",
    "color" : "#7D36D3",
    "position" : {
      "x" : 10.550825,
      "y" : 4.0300565,
      "z" : -24.798374
    },
    "orientation" : 0
  }, {
    "shape" : "ecbbb849-68c9-4cfc-b33a-46e9fb72a9ed",
    "color" : "#F2F2F2",
    "position" : {
      "x" : 14.786893,
      "y" : 5.648091,
      "z" : -5.236068
    }
  }, {
    "shape" : "ecbbb849-68c9-4cfc-b33a-46e9fb72a9ed",
    "color" : "#F2F2F2",
    "position" : {
      "x" : -21.10165,
      "y" : -8.060113,
      "z" : -5.236068
    }
  }, {
    "shape" : "6bc60d94-54dc-444f-8b6f-7d1378575ecb",
    "color" : "#7D36D3",
    "position" : {
      "x" : 11.09017,
      "y" : 4.236068,
      "z" : -12.09017
    },
    "orientation" : 14
  }, {
    "shape" : "ecbbb849-68c9-4cfc-b33a-46e9fb72a9ed",
    "color" : "#F2F2F2",
    "position" : {
      "x" : -17.944271,
      "y" : -6.854102,
      "z" : 14.326238
    }
  }, {
    "shape" : "ecbbb849-68c9-4cfc-b33a-46e9fb72a9ed",
    "color" : "#F2F2F2",
    "position" : {
      "x" : 0.0,
      "y" : 0.0,
      "z" : 0.0
    }
  }, {
    "shape" : "f3a68760-6784-4525-b084-307538b19db0",
    "color" : "#008EC2",
    "position" : {
      "x" : -6.854102,
      "y" : -2.618034,
      "z" : 21.18034
    },
    "orientation" : 23
  }, {
    "shape" : "a0f8a658-38b6-4f7a-ada4-fb2f7c8e766b",
    "color" : "#FFD98C",
    "position" : {
      "x" : -6.854102,
      "y" : -2.618034,
      "z" : -17.944271
    },
    "orientation" : 1
  }, {
    "shape" : "f3a68760-6784-4525-b084-307538b19db0",
    "color" : "#008EC2",
    "position" : {
      "x" : 17.944271,
      "y" : 6.854102,
      "z" : -24.798374
    },
    "orientation" : 2
  }, {
    "shape" : "103c08f9-80e9-40e2-87c5-d5fa1b2225e1",
    "color" : "#FFD98C",
    "position" : {
      "x" : 4.236068,
      "y" : 1.618034,
      "z" : -11.09017
    },
    "orientation" : 1
  }, {
    "shape" : "6bc60d94-54dc-444f-8b6f-7d1378575ecb",
    "color" : "#7D36D3",
    "position" : {
      "x" : 6.854102,
      "y" : 2.618034,
      "z" : -17.944271
    },
    "orientation" : 20
  }, {
    "shape" : "f3a68760-6784-4525-b084-307538b19db0",
    "color" : "#008EC2",
    "position" : {
      "x" : 0.0,
      "y" : 0.0,
      "z" : 0.0
    },
    "orientation" : 53
  }, {
    "shape" : "ecbbb849-68c9-4cfc-b33a-46e9fb72a9ed",
    "color" : "#F2F2F2",
    "position" : {
      "x" : 11.09017,
      "y" : 4.236068,
      "z" : 1.618034
    }
  }, {
    "shape" : "fbd87db5-0c23-413c-910c-aaba0ca0a9e6",
    "color" : "#00993F",
    "position" : {
      "x" : 6.854102,
      "y" : 2.618034,
      "z" : -17.944271
    },
    "orientation" : 44
  }, {
    "shape" : "ecbbb849-68c9-4cfc-b33a-46e9fb72a9ed",
    "color" : "#F2F2F2",
    "position" : {
      "x" : 4.236068,
      "y" : 1.618034,
      "z" : -2.618034
    }
  }, {
    "shape" : "ecbbb849-68c9-4cfc-b33a-46e9fb72a9ed",
    "color" : "#F2F2F2",
    "position" : {
      "x" : -6.854102,
      "y" : -2.618034,
      "z" : 21.18034
    }
  }, {
    "shape" : "6bc60d94-54dc-444f-8b6f-7d1378575ecb",
    "color" : "#7D36D3",
    "position" : {
      "x" : -10.550825,
      "y" : -4.0300565,
      "z" : 14.326238
    },
    "orientation" : 14
  }, {
    "shape" : "f3a68760-6784-4525-b084-307538b19db0",
    "color" : "#008EC2",
    "position" : {
      "x" : 4.236068,
      "y" : 1.618034,
      "z" : -2.618034
    },
    "orientation" : 47
  }, {
    "shape" : "fbd87db5-0c23-413c-910c-aaba0ca0a9e6",
    "color" : "#00993F",
    "position" : {
      "x" : 6.854102,
      "y" : 2.618034,
      "z" : -17.944271
    },
    "orientation" : 11
  }, {
    "shape" : "6bc60d94-54dc-444f-8b6f-7d1378575ecb",
    "color" : "#7D36D3",
    "position" : {
      "x" : 11.09017,
      "y" : 4.236068,
      "z" : 1.618034
    },
    "orientation" : 44
  }, {
    "shape" : "eaae578d-4bb9-4942-a260-e7d3433db844",
    "color" : "#FFD98C",
    "position" : {
      "x" : 11.09017,
      "y" : 4.236068,
      "z" : -12.09017
    },
    "orientation" : 21
  }, {
    "shape" : "bbb5febf-7c72-4813-89d5-39f818dcb06a",
    "color" : "#FFD98C",
    "position" : {
      "x" : 10.550825,
      "y" : 4.0300565,
      "z" : -24.798374
    },
    "orientation" : 1
  }, {
    "shape" : "ecbbb849-68c9-4cfc-b33a-46e9fb72a9ed",
    "color" : "#F2F2F2",
    "position" : {
      "x" : -6.854102,
      "y" : -2.618034,
      "z" : -4.236068
    }
  }, {
    "shape" : "f3a68760-6784-4525-b084-307538b19db0",
    "color" : "#008EC2",
    "position" : {
      "x" : 17.944271,
      "y" : 6.854102,
      "z" : -16.326239
    },
    "orientation" : 41
  }, {
    "shape" : "ecbbb849-68c9-4cfc-b33a-46e9fb72a9ed",
    "color" : "#F2F2F2",
    "position" : {
      "x" : 6.854102,
      "y" : 2.618034,
      "z" : -17.944271
    }
  }, {
    "shape" : "ecbbb849-68c9-4cfc-b33a-46e9fb72a9ed",
    "color" : "#F2F2F2",
    "position" : {
      "x" : 11.09017,
      "y" : 4.236068,
      "z" : -12.09017
    }
  }, {
    "shape" : "ecbbb849-68c9-4cfc-b33a-46e9fb72a9ed",
    "color" : "#F2F2F2",
    "position" : {
      "x" : 17.944271,
      "y" : 6.854102,
      "z" : -24.798374
    }
  }, {
    "shape" : "f3a68760-6784-4525-b084-307538b19db0",
    "color" : "#008EC2",
    "position" : {
      "x" : -13.708204,
      "y" : -5.236068,
      "z" : -13.708204
    },
    "orientation" : 2
  }, {
    "shape" : "f3a68760-6784-4525-b084-307538b19db0",
    "color" : "#008EC2",
    "position" : {
      "x" : 0.0,
      "y" : 0.0,
      "z" : -22.18034
    },
    "orientation" : 11
  }, {
    "shape" : "ecbbb849-68c9-4cfc-b33a-46e9fb72a9ed",
    "color" : "#F2F2F2",
    "position" : {
      "x" : -10.550825,
      "y" : -4.0300565,
      "z" : 14.326238
    }
  }, {
    "shape" : "6bc60d94-54dc-444f-8b6f-7d1378575ecb",
    "color" : "#7D36D3",
    "position" : {
      "x" : -6.854102,
      "y" : -2.618034,
      "z" : -17.944271
    },
    "orientation" : 14
  }, {
    "shape" : "ecbbb849-68c9-4cfc-b33a-46e9fb72a9ed",
    "color" : "#F2F2F2",
    "position" : {
      "x" : 10.550825,
      "y" : 4.0300565,
      "z" : -24.798374
    }
  }, {
    "shape" : "ecbbb849-68c9-4cfc-b33a-46e9fb72a9ed",
    "color" : "#F2F2F2",
    "position" : {
      "x" : 7.3934464,
      "y" : 2.8240454,
      "z" : -13.708204
    }
  }, {
    "shape" : "6bc60d94-54dc-444f-8b6f-7d1378575ecb",
    "color" : "#7D36D3",
    "position" : {
      "x" : -3.1573787,
      "y" : -1.2060113,
      "z" : -11.09017
    },
    "orientation" : 0
  }, {
    "shape" : "6bc60d94-54dc-444f-8b6f-7d1378575ecb",
    "color" : "#7D36D3",
    "position" : {
      "x" : -3.1573787,
      "y" : -1.2060113,
      "z" : -11.09017
    },
    "orientation" : 44
  } ],
  "scenes" : [ ],
  "snapshots" : [ [ ], [ ], [ ], [ ], [ ], [ ], [ ], [ ] ]
}