{
  "polygons" : "true",
  "field" : "golden",
  "symmetry" : "icosahedral",
  "orientations" : [ [ 1.0, 0.0, 0.0, 0.0, 0.0, 1.0, 0.0, 0.0, 0.0, 0.0, 1.0, 0.0, 0.0, 0.0, 0.0, 1.0 ], [ 0.0, 0.0, 1.0, 0.0, 1.0, 0.0, 0.0, 0.0, 0.0, 1.0, 0.0, 0.0, 0.0, 0.0, 0.0, 1.0 ], [ 0.0, 1.0, 0.0, 0.0, 0.0, 0.0, 1.0, 0.0, 1.0, 0.0, 0.0, 0.0, 0.0, 0.0, 0.0, 1.0 ], [ 0.809017, 0.309017, 0.5, 0.0, 0.309017, 0.5, -0.809017, 0.0, -0.5, 0.809017, 0.309017, 0.0, 0.0, 0.0, 0.0, 1.0 ], [ -0.5, 0.809017, 0.309017, 0.0, 0.809017, 0.309017, 0.5, 0.0, 0.309017, 0.5, -0.809017, 0.0, 0.0, 0.0, 0.0, 1.0 ], [ 0.309017, 0.5, -0.809017, 0.0, -0.5, 0.809017, 0.309017, 0.0, 0.809017, 0.309017, 0.5, 0.0, 0.0, 0.0, 0.0, 1.0 ], [ 0.5, 0.809017, 0.309017, 0.0, 0.809017, -0.309017, -0.5, 0.0, -0.309017, 0.5, -0.809017, 0.0, 0.0, 0.0, 0.0, 1.0 ], [ -0.309017, 0.5, -0.809017, 0.0, 0.5, 0.809017, 0.309017, 0.0, 0.809017, -0.309017, -0.5, 0.0, 0.0, 0.0, 0.0, 1.0 ], [ 0.809017, -0.309017, -0.5, 0.0, -0.309017, 0.5, -0.809017, 0.0, 0.5, 0.809017, 0.309017, 0.0, 0.0, 0.0, 0.0, 1.0 ], [ 0.5, 0.809017, -0.309017, 0.0, 0.809017, -0.309017, 0.5, 0.0, 0.309017, -0.5, -0.809017, 0.0, 0.0, 0.0, 0.0, 1.0 ], [ 0.309017, -0.5, -0.809017, 0.0, 0.5, 0.809017, -0.309017, 0.0, 0.809017, -0.309017, 0.5, 0.0, 0.0, 0.0, 0.0, 1.0 ], [ 0.809017, -0.309017, 0.5, 0.0, 0.309017, -0.5, -0.809017, 0.0, 0.5, 0.809017, -0.309017, 0.0, 0.0, 0.0, 0.0, 1.0 ], [ 0.809017, 0.309017, -0.5, 0.0, 0.309017, 0.5, 0.809017, 0.0, 0.5, -0.809017, 0.309017, 0.0, 0.0, 0.0, 0.0, 1.0 ], [ 0.5, -0.809017, 0.309017, 0.0, 0.809017, 0.309017, -0.5, 0.0, 0.309017, 0.5, 0.809017, 0.0, 0.0, 0.0, 0.0, 1.0 ], [ 0.309017, 0.5, 0.809017, 0.0, 0.5, -0.809017, 0.309017, 0.0, 0.809017, 0.309017, -0.5, 0.0, 0.0, 0.0, 0.0, 1.0 ], [ 1.0, 0.0, 0.0, 0.0, 0.0, -1.0, 0.0, 0.0, 0.0, 0.0, -1.0, 0.0, 0.0, 0.0, 0.0, 1.0 ], [ 0.0, 0.0, 1.0, 0.0, -1.0, 0.0, 0.0, 0.0, 0.0, -1.0, 0.0, 0.0, 0.0, 0.0, 0.0, 1.0 ], [ 0.0, 1.0, 0.0, 0.0, 0.0, 0.0, -1.0, 0.0, -1.0, 0.0, 0.0, 0.0, 0.0, 0.0, 0.0, 1.0 ], [ 0.809017, 0.309017, 0.5, 0.0, -0.309017, -0.5, 0.809017, 0.0, 0.5, -0.809017, -0.309017, 0.0, 0.0, 0.0, 0.0, 1.0 ], [ -0.5, 0.809017, 0.309017, 0.0, -0.809017, -0.309017, -0.5, 0.0, -0.309017, -0.5, 0.809017, 0.0, 0.0, 0.0, 0.0, 1.0 ], [ 0.309017, 0.5, -0.809017, 0.0, 0.5, -0.809017, -0.309017, 0.0, -0.809017, -0.309017, -0.5, 0.0, 0.0, 0.0, 0.0, 1.0 ], [ 0.5, 0.809017, 0.309017, 0.0, -0.809017, 0.309017, 0.5, 0.0, 0.309017, -0.5, 0.809017, 0.0, 0.0, 0.0, 0.0, 1.0 ], [ -0.309017, 0.5, -0.809017, 0.0, -0.5, -0.809017, -0.309017, 0.0, -0.809017, 0.309017, 0.5, 0.0, 0.0, 0.0, 0.0, 1.0 ], [ 0.809017, -0.309017, -0.5, 0.0, 0.309017, -0.5, 0.809017, 0.0, -0.5, -0.809017, -0.309017, 0.0, 0.0, 0.0, 0.0, 1.0 ], [ 0.5, 0.809017, -0.309017, 0.0, -0.809017, 0.309017, -0.5, 0.0, -0.309017, 0.5, 0.809017, 0.0, 0.0, 0.0, 0.0, 1.0 ], [ 0.309017, -0.5, -0.809017, 0.0, -0.5, -0.809017, 0.309017, 0.0, -0.809017, 0.309017, -0.5, 0.0, 0.0, 0.0, 0.0, 1.0 ], [ 0.809017, -0.309017, 0.5, 0.0, -0.309017, 0.5, 0.809017, 0.0, -0.5, -0.809017, 0.309017, 0.0, 0.0, 0.0, 0.0, 1.0 ], [ 0.809017, 0.309017, -0.5, 0.0, -0.309017, -0.5, -0.809017, 0.0, -0.5, 0.809017, -0.309017, 0.0, 0.0, 0.0, 0.0, 1.0 ], [ 0.5, -0.809017, 0.309017, 0.0, -0.809017, -0.309017, 0.5, 0.0, -0.309017, -0.5, -0.809017, 0.0, 0.0, 0.0, 0.0, 1.0 ], [ 0.309017, 0.5, 0.809017, 0.0, -0.5, 0.809017, -0.309017, 0.0, -0.809017, -0.309017, 0.5, 0.0, 0.0, 0.0, 0.0, 1.0 ], [ -1.0, 0.0, 0.0, 0.0, 0.0, -1.0, 0.0, 0.0, 0.0, 0.0, 1.0, 0.0, 0.0, 0.0, 0.0, 1.0 ], [ 0.0, 0.0, -1.0, 0.0, -1.0, 0.0, 0.0, 0.0, 0.0, 1.0, 0.0, 0.0, 0.0, 0.0, 0.0, 1.0 ], [ 0.0, -1.0, 0.0, 0.0, 0.0, 0.0, -1.0, 0.0, 1.0, 0.0, 0.0, 0.0, 0.0, 0.0, 0.0, 1.0 ], [ -0.809017, -0.309017, -0.5, 0.0, -0.309017, -0.5, 0.809017, 0.0, -0.5, 0.809017, 0.309017, 0.0, 0.0, 0.0, 0.0, 1.0 ], [ 0.5, -0.809017, -0.309017, 0.0, -0.809017, -0.309017, -0.5, 0.0, 0.309017, 0.5, -0.809017, 0.0, 0.0, 0.0, 0.0, 1.0 ], [ -0.309017, -0.5, 0.809017, 0.0, 0.5, -0.809017, -0.309017, 0.0, 0.809017, 0.309017, 0.5, 0.0, 0.0, 0.0, 0.0, 1.0 ], [ -0.5, -0.809017, -0.309017, 0.0, -0.809017, 0.309017, 0.5, 0.0, -0.309017, 0.5, -0.809017, 0.0, 0.0, 0.0, 0.0, 1.0 ], [ 0.309017, -0.5, 0.809017, 0.0, -0.5, -0.809017, -0.309017, 0.0, 0.809017, -0.309017, -0.5, 0.0, 0.0, 0.0, 0.0, 1.0 ], [ -0.809017, 0.309017, 0.5, 0.0, 0.309017, -0.5, 0.809017, 0.0, 0.5, 0.809017, 0.309017, 0.0, 0.0, 0.0, 0.0, 1.0 ], [ -0.5, -0.809017, 0.309017, 0.0, -0.809017, 0.309017, -0.5, 0.0, 0.309017, -0.5, -0.809017, 0.0, 0.0, 0.0, 0.0, 1.0 ], [ -0.309017, 0.5, 0.809017, 0.0, -0.5, -0.809017, 0.309017, 0.0, 0.809017, -0.309017, 0.5, 0.0, 0.0, 0.0, 0.0, 1.0 ], [ -0.809017, 0.309017, -0.5, 0.0, -0.309017, 0.5, 0.809017, 0.0, 0.5, 0.809017, -0.309017, 0.0, 0.0, 0.0, 0.0, 1.0 ], [ -0.809017, -0.309017, 0.5, 0.0, -0.309017, -0.5, -0.809017, 0.0, 0.5, -0.809017, 0.309017, 0.0, 0.0, 0.0, 0.0, 1.0 ], [ -0.5, 0.809017, -0.309017, 0.0, -0.809017, -0.309017, 0.5, 0.0, 0.309017, 0.5, 0.809017, 0.0, 0.0, 0.0, 0.0, 1.0 ], [ -0.309017, -0.5, -0.809017, 0.0, -0.5, 0.809017, -0.309017, 0.0, 0.809017, 0.309017, -0.5, 0.0, 0.0, 0.0, 0.0, 1.0 ], [ -1.0, 0.0, 0.0, 0.0, 0.0, 1.0, 0.0, 0.0, 0.0, 0.0, -1.0, 0.0, 0.0, 0.0, 0.0, 1.0 ], [ 0.0, 0.0, -1.0, 0.0, 1.0, 0.0, 0.0, 0.0, 0.0, -1.0, 0.0, 0.0, 0.0, 0.0, 0.0, 1.0 ], [ 0.0, -1.0, 0.0, 0.0, 0.0, 0.0, 1.0, 0.0, -1.0, 0.0, 0.0, 0.0, 0.0, 0.0, 0.0, 1.0 ], [ -0.809017, -0.309017, -0.5, 0.0, 0.309017, 0.5, -0.809017, 0.0, 0.5, -0.809017, -0.309017, 0.0, 0.0, 0.0, 0.0, 1.0 ], [ 0.5, -0.809017, -0.309017, 0.0, 0.809017, 0.309017, 0.5, 0.0, -0.309017, -0.5, 0.809017, 0.0, 0.0, 0.0, 0.0, 1.0 ], [ -0.309017, -0.5, 0.809017, 0.0, -0.5, 0.809017, 0.309017, 0.0, -0.809017, -0.309017, -0.5, 0.0, 0.0, 0.0, 0.0, 1.0 ], [ -0.5, -0.809017, -0.309017, 0.0, 0.809017, -0.309017, -0.5, 0.0, 0.309017, -0.5, 0.809017, 0.0, 0.0, 0.0, 0.0, 1.0 ], [ 0.309017, -0.5, 0.809017, 0.0, 0.5, 0.809017, 0.309017, 0.0, -0.809017, 0.309017, 0.5, 0.0, 0.0, 0.0, 0.0, 1.0 ], [ -0.809017, 0.309017, 0.5, 0.0, -0.309017, 0.5, -0.809017, 0.0, -0.5, -0.809017, -0.309017, 0.0, 0.0, 0.0, 0.0, 1.0 ], [ -0.5, -0.809017, 0.309017, 0.0, 0.809017, -0.309017, 0.5, 0.0, -0.309017, 0.5, 0.809017, 0.0, 0.0, 0.0, 0.0, 1.0 ], [ -0.309017, 0.5, 0.809017, 0.0, 0.5, 0.809017, -0.309017, 0.0, -0.809017, 0.309017, -0.5, 0.0, 0.0, 0.0, 0.0, 1.0 ], [ -0.809017, 0.309017, -0.5, 0.0, 0.309017, -0.5, -0.809017, 0.0, -0.5, -0.809017, 0.309017, 0.0, 0.0, 0.0, 0.0, 1.0 ], [ -0.809017, -0.309017, 0.5, 0.0, 0.309017, 0.5, 0.809017, 0.0, -0.5, 0.809017, -0.309017, 0.0, 0.0, 0.0, 0.0, 1.0 ], [ -0.5, 0.809017, -0.309017, 0.0, 0.809017, 0.309017, -0.5, 0.0, -0.309017, -0.5, -0.809017, 0.0, 0.0, 0.0, 0.0, 1.0 ], [ -0.309017, -0.5, -0.809017, 0.0, 0.5, -0.809017, 0.309017, 0.0, -0.809017, -0.309017, 0.5, 0.0, 0.0, 0.0, 0.0, 1.0 ] ],
  "lights" : {
    "directionalLights" : [ {
      "direction" : [ 1.0, -1.0, -1.0 ],
      "color" : "#EBEBE4"
    }, {
      "direction" : [ -1.0, 0.0, 0.0 ],
      "color" : "#E4E4EB"
    }, {
      "direction" : [ 0.0, 0.0, -1.0 ],
      "color" : "#1E1E1E"
    } ],
    "backgroundColor" : "#AFC8DC",
    "ambientColor" : "#292929"
  },
  "camera" : {
    "width" : 71.54824,
    "position" : {
      "x" : 49.13249,
      "y" : -79.49803,
      "z" : 128.63052
    },
    "nearClipDistance" : 0.3974902,
    "fieldOfView" : 0.44262895,
    "upDirectionRV" : {
      "x" : 0.85065085,
      "y" : 0.5257311,
      "z" : -1.5668007E-8,
      "zero" : false
    },
    "perspective" : false,
    "viewDistance" : 158.99606,
    "lookAtPointRV" : {
      "x" : 0.0,
      "y" : 0.0,
      "z" : 0.0,
      "zero" : true
    },
    "lookDirectionRV" : {
      "x" : -0.309017,
      "y" : 0.5,
      "z" : -0.809017,
      "zero" : false
    },
    "farClipDistance" : 317.99213,
    "upDirection" : {
      "x" : 0.85065085,
      "y" : 0.5257311,
      "z" : -1.5668007E-8
    },
    "lookDirection" : {
      "x" : -0.309017,
      "y" : 0.5,
      "z" : -0.809017
    },
    "lookAtPoint" : {
      "x" : 0.0,
      "y" : 0.0,
      "z" : 0.0
    },
    "stereo" : false
  },
  "embedding" : [ 1.0, 0.0, 0.0, 0.0, 0.0, 1.0, 0.0, 0.0, 0.0, 0.0, 1.0, 0.0, 0.0, 0.0, 0.0, 1.0 ],
  "shapes" : [ {
    "id" : "c6a49684-9371-457d-bf4a-d75f28dbcf02",
    "vertices" : [ {
      "x" : 0.0,
      "y" : 0.0,
      "z" : 0.0
    }, {
      "x" : 8.024922,
      "y" : 0.7236068,
      "z" : 2.618034
    }, {
      "x" : 12.984597,
      "y" : 1.1708204,
      "z" : -4.236068
    }, {
      "x" : 8.024922,
      "y" : 0.7236068,
      "z" : -11.09017
    }, {
      "x" : 0.0,
      "y" : 0.0,
      "z" : -8.472136
    } ],
    "faces" : [ {
      "vertices" : [ 0, 1, 2, 3, 4 ]
    }, {
      "vertices" : [ 0, 4, 3, 2, 1 ]
    } ]
  }, {
    "id" : "68336abf-4ff3-4861-850d-c7f94138a759",
    "orbit" : "blue",
    "orbitC" : "[[0,0,1],[0,0,1]]",
    "length" : "[1,0,1]",
    "name" : "b1",
    "vertices" : [ {
      "x" : 7.472136,
      "y" : 0.309017,
      "z" : 0.19098301
    }, {
      "x" : 7.472136,
      "y" : 0.309017,
      "z" : -0.19098301
    }, {
      "x" : 1.0,
      "y" : 0.309017,
      "z" : -0.19098301
    }, {
      "x" : 1.0,
      "y" : 0.309017,
      "z" : 0.19098301
    }, {
      "x" : 7.472136,
      "y" : -0.309017,
      "z" : 0.19098301
    }, {
      "x" : 1.0,
      "y" : -0.309017,
      "z" : 0.19098301
    }, {
      "x" : 1.0,
      "y" : -0.309017,
      "z" : -0.19098301
    }, {
      "x" : 7.472136,
      "y" : -0.309017,
      "z" : -0.19098301
    }, {
      "x" : 8.472136,
      "y" : 0.0,
      "z" : 0.0
    } ],
    "faces" : [ {
      "vertices" : [ 1, 7, 6, 2 ]
    }, {
      "vertices" : [ 0, 1, 2, 3 ]
    }, {
      "vertices" : [ 4, 5, 6, 7 ]
    }, {
      "vertices" : [ 0, 3, 5, 4 ]
    } ]
  }, {
    "id" : "4a9239cc-cb20-4ce9-a2ff-e1896bd09024",
    "vertices" : [ {
      "x" : 0.0,
      "y" : 0.0,
      "z" : 0.0
    }, {
      "x" : 0.0,
      "y" : -8.472136,
      "z" : 0.0
    }, {
      "x" : -2.618034,
      "y" : -4.236068,
      "z" : -6.854102
    } ],
    "faces" : [ {
      "vertices" : [ 0, 1, 2 ]
    }, {
      "vertices" : [ 0, 2, 1 ]
    } ]
  }, {
    "id" : "5fa48759-5e7c-48e5-bcfd-ef1859b6ce1e",
    "orbit" : "1",
    "orbitC" : "[[1,0,2],[0,0,1]]",
    "length" : "[1,0,1]",
    "name" : "short",
    "vertices" : [ {
      "x" : 4.463249,
      "y" : 0.14480127,
      "z" : 6.4729223
    }, {
      "x" : 4.3632493,
      "y" : 0.5448013,
      "z" : 6.372922
    }, {
      "x" : 0.49642542,
      "y" : 0.30241233,
      "z" : 0.3811798
    }, {
      "x" : 0.5964254,
      "y" : -0.097587675,
      "z" : 0.4811798
    }, {
      "x" : 4.6632495,
      "y" : 0.6781346,
      "z" : 6.139589
    }, {
      "x" : 4.7632494,
      "y" : 0.2781346,
      "z" : 6.2395887
    }, {
      "x" : 0.29642543,
      "y" : -0.230921,
      "z" : 0.7145131
    }, {
      "x" : 0.19642544,
      "y" : 0.16907899,
      "z" : 0.61451316
    } ],
    "faces" : [ {
      "vertices" : [ 2, 3, 6, 7 ]
    }, {
      "vertices" : [ 0, 5, 4, 1 ]
    }, {
      "vertices" : [ 2, 4, 5, 3 ]
    }, {
      "vertices" : [ 0, 6, 3, 5 ]
    }, {
      "vertices" : [ 0, 1, 7, 6 ]
    }, {
      "vertices" : [ 1, 4, 2, 7 ]
    } ]
  }, {
    "id" : "60f739ab-cc53-40ce-8b61-986b2ae7be2f",
    "name" : "ball",
    "vertices" : [ {
      "x" : 0.309017,
      "y" : -0.809017,
      "z" : 0.618034
    }, {
      "x" : 0.809017,
      "y" : -0.618034,
      "z" : 0.309017
    }, {
      "x" : 0.618034,
      "y" : -0.309017,
      "z" : 0.809017
    }, {
      "x" : 1.0,
      "y" : 0.309017,
      "z" : 0.19098301
    }, {
      "x" : 0.809017,
      "y" : 0.618034,
      "z" : 0.309017
    }, {
      "x" : 0.618034,
      "y" : 0.309017,
      "z" : 0.809017
    }, {
      "x" : 0.809017,
      "y" : 0.0,
      "z" : 0.690983
    }, {
      "x" : 0.19098301,
      "y" : -1.0,
      "z" : 0.309017
    }, {
      "x" : -0.19098301,
      "y" : -1.0,
      "z" : 0.309017
    }, {
      "x" : -0.19098301,
      "y" : -1.0,
      "z" : -0.309017
    }, {
      "x" : 0.19098301,
      "y" : -1.0,
      "z" : -0.309017
    }, {
      "x" : 1.0,
      "y" : -0.309017,
      "z" : -0.19098301
    }, {
      "x" : 0.809017,
      "y" : -0.618034,
      "z" : -0.309017
    }, {
      "x" : 0.618034,
      "y" : -0.309017,
      "z" : -0.809017
    }, {
      "x" : 0.809017,
      "y" : 0.0,
      "z" : -0.690983
    }, {
      "x" : 0.0,
      "y" : 0.690983,
      "z" : -0.809017
    }, {
      "x" : 0.309017,
      "y" : 0.809017,
      "z" : -0.618034
    }, {
      "x" : 0.618034,
      "y" : 0.309017,
      "z" : -0.809017
    }, {
      "x" : 0.309017,
      "y" : 0.19098301,
      "z" : -1.0
    }, {
      "x" : 1.0,
      "y" : 0.309017,
      "z" : -0.19098301
    }, {
      "x" : -0.309017,
      "y" : -0.809017,
      "z" : 0.618034
    }, {
      "x" : 0.0,
      "y" : -0.690983,
      "z" : 0.809017
    }, {
      "x" : 0.809017,
      "y" : 0.618034,
      "z" : -0.309017
    }, {
      "x" : 0.690983,
      "y" : 0.809017,
      "z" : 0.0
    }, {
      "x" : -0.690983,
      "y" : 0.809017,
      "z" : 0.0
    }, {
      "x" : -0.809017,
      "y" : 0.618034,
      "z" : 0.309017
    }, {
      "x" : -0.309017,
      "y" : 0.809017,
      "z" : 0.618034
    }, {
      "x" : -0.19098301,
      "y" : 1.0,
      "z" : 0.309017
    }, {
      "x" : 0.309017,
      "y" : -0.19098301,
      "z" : -1.0
    }, {
      "x" : 0.19098301,
      "y" : 1.0,
      "z" : 0.309017
    }, {
      "x" : 0.309017,
      "y" : 0.809017,
      "z" : 0.618034
    }, {
      "x" : -0.809017,
      "y" : -0.618034,
      "z" : 0.309017
    }, {
      "x" : -0.690983,
      "y" : -0.809017,
      "z" : 0.0
    }, {
      "x" : 0.0,
      "y" : 0.690983,
      "z" : 0.809017
    }, {
      "x" : 0.309017,
      "y" : -0.809017,
      "z" : -0.618034
    }, {
      "x" : 0.0,
      "y" : -0.690983,
      "z" : -0.809017
    }, {
      "x" : -1.0,
      "y" : 0.309017,
      "z" : 0.19098301
    }, {
      "x" : -0.809017,
      "y" : 0.0,
      "z" : 0.690983
    }, {
      "x" : -0.618034,
      "y" : 0.309017,
      "z" : 0.809017
    }, {
      "x" : 1.0,
      "y" : -0.309017,
      "z" : 0.19098301
    }, {
      "x" : -0.309017,
      "y" : -0.809017,
      "z" : -0.618034
    }, {
      "x" : -1.0,
      "y" : 0.309017,
      "z" : -0.19098301
    }, {
      "x" : -1.0,
      "y" : -0.309017,
      "z" : -0.19098301
    }, {
      "x" : -1.0,
      "y" : -0.309017,
      "z" : 0.19098301
    }, {
      "x" : 0.19098301,
      "y" : 1.0,
      "z" : -0.309017
    }, {
      "x" : -0.809017,
      "y" : 0.618034,
      "z" : -0.309017
    }, {
      "x" : -0.19098301,
      "y" : 1.0,
      "z" : -0.309017
    }, {
      "x" : -0.309017,
      "y" : 0.809017,
      "z" : -0.618034
    }, {
      "x" : -0.618034,
      "y" : -0.309017,
      "z" : 0.809017
    }, {
      "x" : 0.309017,
      "y" : 0.19098301,
      "z" : 1.0
    }, {
      "x" : -0.309017,
      "y" : 0.19098301,
      "z" : -1.0
    }, {
      "x" : -0.309017,
      "y" : 0.19098301,
      "z" : 1.0
    }, {
      "x" : -0.309017,
      "y" : -0.19098301,
      "z" : 1.0
    }, {
      "x" : 0.309017,
      "y" : -0.19098301,
      "z" : 1.0
    }, {
      "x" : 0.690983,
      "y" : -0.809017,
      "z" : 0.0
    }, {
      "x" : -0.809017,
      "y" : 0.0,
      "z" : -0.690983
    }, {
      "x" : -0.618034,
      "y" : -0.309017,
      "z" : -0.809017
    }, {
      "x" : -0.309017,
      "y" : -0.19098301,
      "z" : -1.0
    }, {
      "x" : -0.618034,
      "y" : 0.309017,
      "z" : -0.809017
    }, {
      "x" : -0.809017,
      "y" : -0.618034,
      "z" : -0.309017
    } ],
    "faces" : [ {
      "vertices" : [ 9, 40, 35, 34, 10 ]
    }, {
      "vertices" : [ 0, 1, 2 ]
    }, {
      "vertices" : [ 33, 51, 49 ]
    }, {
      "vertices" : [ 25, 36, 37, 38 ]
    }, {
      "vertices" : [ 41, 55, 42 ]
    }, {
      "vertices" : [ 9, 32, 59, 40 ]
    }, {
      "vertices" : [ 20, 21, 52, 48 ]
    }, {
      "vertices" : [ 26, 33, 30, 29, 27 ]
    }, {
      "vertices" : [ 3, 4, 5, 6 ]
    }, {
      "vertices" : [ 27, 29, 44, 46 ]
    }, {
      "vertices" : [ 50, 57, 56, 55, 58 ]
    }, {
      "vertices" : [ 26, 38, 51, 33 ]
    }, {
      "vertices" : [ 45, 47, 58 ]
    }, {
      "vertices" : [ 18, 28, 57, 50 ]
    }, {
      "vertices" : [ 40, 59, 56 ]
    }, {
      "vertices" : [ 31, 48, 37, 43 ]
    }, {
      "vertices" : [ 7, 8, 9, 10 ]
    }, {
      "vertices" : [ 36, 41, 42, 43 ]
    }, {
      "vertices" : [ 24, 46, 47, 45 ]
    }, {
      "vertices" : [ 4, 30, 5 ]
    }, {
      "vertices" : [ 15, 47, 46, 44, 16 ]
    }, {
      "vertices" : [ 15, 50, 58, 47 ]
    }, {
      "vertices" : [ 24, 45, 41, 36, 25 ]
    }, {
      "vertices" : [ 11, 14, 19 ]
    }, {
      "vertices" : [ 3, 6, 39 ]
    }, {
      "vertices" : [ 1, 39, 6, 2 ]
    }, {
      "vertices" : [ 8, 32, 9 ]
    }, {
      "vertices" : [ 11, 12, 13, 14 ]
    }, {
      "vertices" : [ 16, 22, 17 ]
    }, {
      "vertices" : [ 0, 21, 20, 8, 7 ]
    }, {
      "vertices" : [ 12, 34, 13 ]
    }, {
      "vertices" : [ 35, 40, 56, 57 ]
    }, {
      "vertices" : [ 0, 7, 54, 1 ]
    }, {
      "vertices" : [ 15, 16, 17, 18 ]
    }, {
      "vertices" : [ 3, 19, 22, 23, 4 ]
    }, {
      "vertices" : [ 7, 10, 54 ]
    }, {
      "vertices" : [ 41, 45, 58, 55 ]
    }, {
      "vertices" : [ 3, 39, 11, 19 ]
    }, {
      "vertices" : [ 14, 17, 22, 19 ]
    }, {
      "vertices" : [ 0, 2, 53, 21 ]
    }, {
      "vertices" : [ 49, 51, 52, 53 ]
    }, {
      "vertices" : [ 31, 43, 42, 59, 32 ]
    }, {
      "vertices" : [ 15, 18, 50 ]
    }, {
      "vertices" : [ 42, 55, 56, 59 ]
    }, {
      "vertices" : [ 4, 23, 29, 30 ]
    }, {
      "vertices" : [ 25, 38, 26 ]
    }, {
      "vertices" : [ 13, 28, 18, 17, 14 ]
    }, {
      "vertices" : [ 8, 20, 31, 32 ]
    }, {
      "vertices" : [ 23, 44, 29 ]
    }, {
      "vertices" : [ 24, 27, 46 ]
    }, {
      "vertices" : [ 37, 48, 52, 51, 38 ]
    }, {
      "vertices" : [ 20, 48, 31 ]
    }, {
      "vertices" : [ 24, 25, 26, 27 ]
    }, {
      "vertices" : [ 16, 44, 23, 22 ]
    }, {
      "vertices" : [ 13, 34, 35, 28 ]
    }, {
      "vertices" : [ 10, 34, 12, 54 ]
    }, {
      "vertices" : [ 2, 6, 5, 49, 53 ]
    }, {
      "vertices" : [ 36, 43, 37 ]
    }, {
      "vertices" : [ 5, 30, 33, 49 ]
    }, {
      "vertices" : [ 1, 54, 12, 11, 39 ]
    }, {
      "vertices" : [ 28, 35, 57 ]
    }, {
      "vertices" : [ 21, 53, 52 ]
    } ]
  }, {
    "id" : "b2c8c6a8-2b5e-4916-9ddd-6b0499f064ca",
    "orbit" : "0",
    "orbitC" : "[[-8,5,1],[-11,7,1]]",
    "length" : "[1,0,1]",
    "name" : "short",
    "vertices" : [ {
      "x" : -7.5421386,
      "y" : -0.39837924,
      "z" : -2.3061585
    }, {
      "x" : -7.4421387,
      "y" : -0.79837924,
      "z" : -2.2061586
    }, {
      "x" : -0.48278376,
      "y" : -0.3252276,
      "z" : -0.31187534
    }, {
      "x" : -0.58278376,
      "y" : 0.074772425,
      "z" : -0.41187537
    }, {
      "x" : -7.208805,
      "y" : -0.93171257,
      "z" : -2.5061586
    }, {
      "x" : -7.3088055,
      "y" : -0.53171253,
      "z" : -2.6061587
    }, {
      "x" : -0.8161171,
      "y" : 0.20810576,
      "z" : -0.111875355
    }, {
      "x" : -0.7161171,
      "y" : -0.19189425,
      "z" : -0.011875356
    } ],
    "faces" : [ {
      "vertices" : [ 2, 3, 6, 7 ]
    }, {
      "vertices" : [ 0, 5, 4, 1 ]
    }, {
      "vertices" : [ 2, 4, 5, 3 ]
    }, {
      "vertices" : [ 0, 6, 3, 5 ]
    }, {
      "vertices" : [ 0, 1, 7, 6 ]
    }, {
      "vertices" : [ 1, 4, 2, 7 ]
    } ]
  }, {
    "id" : "f8d10ce9-5a6f-4e02-b80f-3b474a8102d5",
    "vertices" : [ {
      "x" : 0.0,
      "y" : 0.0,
      "z" : 0.0
    }, {
      "x" : 7.5777087,
      "y" : -3.7888544,
      "z" : 0.0
    }, {
      "x" : 4.959675,
      "y" : 0.4472136,
      "z" : -6.854102
    } ],
    "faces" : [ {
      "vertices" : [ 0, 1, 2 ]
    }, {
      "vertices" : [ 0, 2, 1 ]
    } ]
  }, {
    "id" : "d6ec34c2-6be6-497b-83ed-d7f1dc072caf",
    "vertices" : [ {
      "x" : 0.0,
      "y" : 0.0,
      "z" : 0.0
    }, {
      "x" : 5.4068885,
      "y" : 4.959675,
      "z" : -4.236068
    }, {
      "x" : -2.618034,
      "y" : 4.236068,
      "z" : -6.854102
    } ],
    "faces" : [ {
      "vertices" : [ 0, 1, 2 ]
    }, {
      "vertices" : [ 0, 2, 1 ]
    } ]
  }, {
    "id" : "5bb165d9-f269-4e83-9c92-f82b37ac5d19",
    "vertices" : [ {
      "x" : 0.0,
      "y" : 0.0,
      "z" : 0.0
    }, {
      "x" : 2.618034,
      "y" : 4.236068,
      "z" : 6.854102
    }, {
      "x" : 2.618034,
      "y" : -4.236068,
      "z" : 6.854102
    } ],
    "faces" : [ {
      "vertices" : [ 0, 1, 2 ]
    }, {
      "vertices" : [ 0, 2, 1 ]
    } ]
  }, {
    "id" : "507dd42d-2cea-4f5d-8c50-5b6d42f1511f",
    "vertices" : [ {
      "x" : 0.0,
      "y" : 0.0,
      "z" : 0.0
    }, {
      "x" : -2.618034,
      "y" : 4.236068,
      "z" : -6.854102
    }, {
      "x" : 0.0,
      "y" : 8.472136,
      "z" : 0.0
    } ],
    "faces" : [ {
      "vertices" : [ 0, 1, 2 ]
    }, {
      "vertices" : [ 0, 2, 1 ]
    } ]
  }, {
    "id" : "2b66061e-c992-4ceb-aeaf-f835e9fd9fb3",
    "vertices" : [ {
      "x" : 0.0,
      "y" : 0.0,
      "z" : 0.0
    }, {
      "x" : -4.959675,
      "y" : -0.4472136,
      "z" : 6.854102
    }, {
      "x" : 2.618034,
      "y" : -4.236068,
      "z" : 6.854102
    } ],
    "faces" : [ {
      "vertices" : [ 0, 1, 2 ]
    }, {
      "vertices" : [ 0, 2, 1 ]
    } ]
  }, {
    "id" : "32a126a6-dfd4-4ef6-bf08-20c53bb4d597",
    "vertices" : [ {
      "x" : 0.0,
      "y" : 0.0,
      "z" : 0.0
    }, {
      "x" : -2.618034,
      "y" : 4.236068,
      "z" : 6.854102
    }, {
      "x" : -1.8944272,
      "y" : 11.537383,
      "z" : 2.618034
    }, {
      "x" : 0.7236068,
      "y" : 7.301316,
      "z" : -4.236068
    } ],
    "faces" : [ {
      "vertices" : [ 0, 1, 2, 3 ]
    }, {
      "vertices" : [ 0, 3, 2, 1 ]
    } ]
  }, {
    "id" : "def242e1-a389-47d0-b4d1-d7af01cf1f55",
    "vertices" : [ {
      "x" : 0.0,
      "y" : 0.0,
      "z" : 0.0
    }, {
      "x" : -0.7236068,
      "y" : -7.301316,
      "z" : 4.236068
    }, {
      "x" : -3.3416407,
      "y" : -3.0652475,
      "z" : 11.09017
    }, {
      "x" : -2.618034,
      "y" : 4.236068,
      "z" : 6.854102
    } ],
    "faces" : [ {
      "vertices" : [ 0, 1, 2, 3 ]
    }, {
      "vertices" : [ 0, 3, 2, 1 ]
    } ]
  }, {
    "id" : "09c34bf8-e49b-497a-8f76-14c8309d2543",
    "vertices" : [ {
      "x" : 0.0,
      "y" : 0.0,
      "z" : 0.0
    }, {
      "x" : 2.618034,
      "y" : -4.236068,
      "z" : 6.854102
    }, {
      "x" : 6.854102,
      "y" : -11.09017,
      "z" : 4.236068
    }, {
      "x" : 6.854102,
      "y" : -11.09017,
      "z" : -4.236068
    }, {
      "x" : 2.618034,
      "y" : -4.236068,
      "z" : -6.854102
    } ],
    "faces" : [ {
      "vertices" : [ 0, 1, 2, 3, 4 ]
    }, {
      "vertices" : [ 0, 4, 3, 2, 1 ]
    } ]
  }, {
    "id" : "2aef2395-cc15-4ada-ab85-df8afca3cd7f",
    "vertices" : [ {
      "x" : 0.0,
      "y" : 0.0,
      "z" : 0.0
    }, {
      "x" : 0.7236068,
      "y" : 7.301316,
      "z" : -4.236068
    }, {
      "x" : 3.3416407,
      "y" : 3.0652475,
      "z" : -11.09017
    }, {
      "x" : 2.618034,
      "y" : -4.236068,
      "z" : -6.854102
    } ],
    "faces" : [ {
      "vertices" : [ 0, 1, 2, 3 ]
    }, {
      "vertices" : [ 0, 3, 2, 1 ]
    } ]
  }, {
    "id" : "e4288556-6020-49d0-bec8-9ee06aaa60e6",
    "vertices" : [ {
      "x" : 0.0,
      "y" : 0.0,
      "z" : 0.0
    }, {
      "x" : -2.618034,
      "y" : 4.236068,
      "z" : -6.854102
    }, {
      "x" : -7.5777087,
      "y" : 3.7888544,
      "z" : 0.0
    } ],
    "faces" : [ {
      "vertices" : [ 0, 1, 2 ]
    }, {
      "vertices" : [ 0, 2, 1 ]
    } ]
  }, {
    "id" : "14585240-2659-4177-bf5a-55a358bbf812",
    "vertices" : [ {
      "x" : 0.0,
      "y" : 0.0,
      "z" : 0.0
    }, {
      "x" : 4.236068,
      "y" : -6.854102,
      "z" : 2.618034
    }, {
      "x" : 6.854102,
      "y" : -11.09017,
      "z" : -4.236068
    }, {
      "x" : 4.236068,
      "y" : -6.854102,
      "z" : -11.09017
    }, {
      "x" : 0.0,
      "y" : 0.0,
      "z" : -8.472136
    } ],
    "faces" : [ {
      "vertices" : [ 0, 1, 2, 3, 4 ]
    }, {
      "vertices" : [ 0, 4, 3, 2, 1 ]
    } ]
  } ],
  "instances" : [ {
    "shape" : "c6a49684-9371-457d-bf4a-d75f28dbcf02",
    "color" : "#A52A2A",
    "position" : {
      "x" : 9.91935,
      "y" : 6.130495,
      "z" : 13.708204
    },
    "orientation" : 33
  }, {
    "shape" : "68336abf-4ff3-4861-850d-c7f94138a759",
    "color" : "#008EC2",
    "position" : {
      "x" : 9.91935,
      "y" : 6.130495,
      "z" : 13.708204
    },
    "orientation" : 54
  }, {
    "shape" : "4a9239cc-cb20-4ce9-a2ff-e1896bd09024",
    "color" : "#FFA500",
    "position" : {
      "x" : 3.7888544,
      "y" : -6.130495,
      "z" : 0.0
    },
    "orientation" : 21
  }, {
    "shape" : "68336abf-4ff3-4861-850d-c7f94138a759",
    "color" : "#008EC2",
    "position" : {
      "x" : 9.91935,
      "y" : 6.130495,
      "z" : -13.708204
    },
    "orientation" : 21
  }, {
    "shape" : "5fa48759-5e7c-48e5-bcfd-ef1859b6ce1e",
    "color" : "#B8860B",
    "position" : {
      "x" : 9.195743,
      "y" : -1.1708204,
      "z" : -4.236068
    },
    "orientation" : 6
  }, {
    "shape" : "c6a49684-9371-457d-bf4a-d75f28dbcf02",
    "color" : "#A52A2A",
    "position" : {
      "x" : 3.0652475,
      "y" : 17.220665,
      "z" : 4.236068
    },
    "orientation" : 36
  }, {
    "shape" : "60f739ab-cc53-40ce-8b61-986b2ae7be2f",
    "color" : "#F2F2F2",
    "position" : {
      "x" : 2.3416407,
      "y" : 9.91935,
      "z" : 0.0
    }
  }, {
    "shape" : "68336abf-4ff3-4861-850d-c7f94138a759",
    "color" : "#008EC2",
    "position" : {
      "x" : 14.155417,
      "y" : -0.7236068,
      "z" : 11.09017
    },
    "orientation" : 51
  }, {
    "shape" : "b2c8c6a8-2b5e-4916-9ddd-6b0499f064ca",
    "color" : "#B0E0E6",
    "position" : {
      "x" : 5.6832814,
      "y" : 12.984597,
      "z" : -11.09017
    },
    "orientation" : 9
  }, {
    "shape" : "4a9239cc-cb20-4ce9-a2ff-e1896bd09024",
    "color" : "#FFA500",
    "position" : {
      "x" : 1.1708204,
      "y" : -1.8944272,
      "z" : 6.854102
    },
    "orientation" : 2
  }, {
    "shape" : "60f739ab-cc53-40ce-8b61-986b2ae7be2f",
    "color" : "#F2F2F2",
    "position" : {
      "x" : 5.6832814,
      "y" : 12.984597,
      "z" : 11.09017
    }
  }, {
    "shape" : "5fa48759-5e7c-48e5-bcfd-ef1859b6ce1e",
    "color" : "#B8860B",
    "position" : {
      "x" : 5.6832814,
      "y" : 12.984597,
      "z" : -11.09017
    },
    "orientation" : 42
  }, {
    "shape" : "f8d10ce9-5a6f-4e02-b80f-3b474a8102d5",
    "color" : "#A52A2A",
    "position" : {
      "x" : -2.3416407,
      "y" : 12.26099,
      "z" : 0.0
    },
    "orientation" : 36
  }, {
    "shape" : "68336abf-4ff3-4861-850d-c7f94138a759",
    "color" : "#008EC2",
    "position" : {
      "x" : 9.91935,
      "y" : 6.130495,
      "z" : -13.708204
    },
    "orientation" : 51
  }, {
    "shape" : "5fa48759-5e7c-48e5-bcfd-ef1859b6ce1e",
    "color" : "#B8860B",
    "position" : {
      "x" : 2.3416407,
      "y" : 9.91935,
      "z" : 0.0
    },
    "orientation" : 12
  }, {
    "shape" : "5fa48759-5e7c-48e5-bcfd-ef1859b6ce1e",
    "color" : "#B8860B",
    "position" : {
      "x" : 1.8944272,
      "y" : 5.4068885,
      "z" : -11.09017
    },
    "orientation" : 42
  }, {
    "shape" : "5fa48759-5e7c-48e5-bcfd-ef1859b6ce1e",
    "color" : "#B8860B",
    "position" : {
      "x" : 1.1708204,
      "y" : -1.8944272,
      "z" : 6.854102
    },
    "orientation" : 3
  }, {
    "shape" : "5fa48759-5e7c-48e5-bcfd-ef1859b6ce1e",
    "color" : "#B8860B",
    "position" : {
      "x" : 3.0652475,
      "y" : 17.220665,
      "z" : -4.236068
    },
    "orientation" : 42
  }, {
    "shape" : "60f739ab-cc53-40ce-8b61-986b2ae7be2f",
    "color" : "#F2F2F2",
    "position" : {
      "x" : 8.748529,
      "y" : -5.6832814,
      "z" : 6.854102
    }
  }, {
    "shape" : "60f739ab-cc53-40ce-8b61-986b2ae7be2f",
    "color" : "#F2F2F2",
    "position" : {
      "x" : 4.959675,
      "y" : 5.6832814,
      "z" : 6.854102
    }
  }, {
    "shape" : "68336abf-4ff3-4861-850d-c7f94138a759",
    "color" : "#008EC2",
    "position" : {
      "x" : 9.195743,
      "y" : -1.1708204,
      "z" : -4.236068
    },
    "orientation" : 2
  }, {
    "shape" : "68336abf-4ff3-4861-850d-c7f94138a759",
    "color" : "#008EC2",
    "position" : {
      "x" : 2.3416407,
      "y" : 9.91935,
      "z" : 0.0
    },
    "orientation" : 37
  }, {
    "shape" : "60f739ab-cc53-40ce-8b61-986b2ae7be2f",
    "color" : "#F2F2F2",
    "position" : {
      "x" : 9.195743,
      "y" : -1.1708204,
      "z" : -4.236068
    }
  }, {
    "shape" : "68336abf-4ff3-4861-850d-c7f94138a759",
    "color" : "#008EC2",
    "position" : {
      "x" : -3.0652475,
      "y" : -8.748529,
      "z" : 4.236068
    },
    "orientation" : 51
  }, {
    "shape" : "68336abf-4ff3-4861-850d-c7f94138a759",
    "color" : "#008EC2",
    "position" : {
      "x" : 14.155417,
      "y" : -0.7236068,
      "z" : 11.09017
    },
    "orientation" : 25
  }, {
    "shape" : "68336abf-4ff3-4861-850d-c7f94138a759",
    "color" : "#008EC2",
    "position" : {
      "x" : -7.301316,
      "y" : -1.8944272,
      "z" : 6.854102
    },
    "orientation" : 0
  }, {
    "shape" : "60f739ab-cc53-40ce-8b61-986b2ae7be2f",
    "color" : "#F2F2F2",
    "position" : {
      "x" : 1.1708204,
      "y" : -1.8944272,
      "z" : -6.854102
    }
  }, {
    "shape" : "b2c8c6a8-2b5e-4916-9ddd-6b0499f064ca",
    "color" : "#B0E0E6",
    "position" : {
      "x" : 8.748529,
      "y" : -5.6832814,
      "z" : -6.854102
    },
    "orientation" : 33
  }, {
    "shape" : "68336abf-4ff3-4861-850d-c7f94138a759",
    "color" : "#008EC2",
    "position" : {
      "x" : -3.0652475,
      "y" : 4.959675,
      "z" : 4.236068
    },
    "orientation" : 21
  }, {
    "shape" : "5fa48759-5e7c-48e5-bcfd-ef1859b6ce1e",
    "color" : "#B8860B",
    "position" : {
      "x" : -2.3416407,
      "y" : 12.26099,
      "z" : 0.0
    },
    "orientation" : 42
  }, {
    "shape" : "60f739ab-cc53-40ce-8b61-986b2ae7be2f",
    "color" : "#F2F2F2",
    "position" : {
      "x" : 9.91935,
      "y" : 6.130495,
      "z" : -13.708204
    }
  }, {
    "shape" : "d6ec34c2-6be6-497b-83ed-d7f1dc072caf",
    "color" : "#A52A2A",
    "position" : {
      "x" : 5.6832814,
      "y" : 12.984597,
      "z" : 11.09017
    },
    "orientation" : 33
  }, {
    "shape" : "60f739ab-cc53-40ce-8b61-986b2ae7be2f",
    "color" : "#F2F2F2",
    "position" : {
      "x" : 3.7888544,
      "y" : -6.130495,
      "z" : 0.0
    }
  }, {
    "shape" : "5fa48759-5e7c-48e5-bcfd-ef1859b6ce1e",
    "color" : "#B8860B",
    "position" : {
      "x" : 4.959675,
      "y" : 5.6832814,
      "z" : 6.854102
    },
    "orientation" : 12
  }, {
    "shape" : "68336abf-4ff3-4861-850d-c7f94138a759",
    "color" : "#008EC2",
    "position" : {
      "x" : 3.7888544,
      "y" : -6.130495,
      "z" : 0.0
    },
    "orientation" : 53
  }, {
    "shape" : "4a9239cc-cb20-4ce9-a2ff-e1896bd09024",
    "color" : "#FFA500",
    "position" : {
      "x" : 1.1708204,
      "y" : -1.8944272,
      "z" : 6.854102
    },
    "orientation" : 5
  }, {
    "shape" : "68336abf-4ff3-4861-850d-c7f94138a759",
    "color" : "#008EC2",
    "position" : {
      "x" : -3.0652475,
      "y" : -8.748529,
      "z" : 4.236068
    },
    "orientation" : 23
  }, {
    "shape" : "68336abf-4ff3-4861-850d-c7f94138a759",
    "color" : "#008EC2",
    "position" : {
      "x" : -7.301316,
      "y" : -1.8944272,
      "z" : -6.854102
    },
    "orientation" : 7
  }, {
    "shape" : "68336abf-4ff3-4861-850d-c7f94138a759",
    "color" : "#008EC2",
    "position" : {
      "x" : -3.0652475,
      "y" : 4.959675,
      "z" : -4.236068
    },
    "orientation" : 41
  }, {
    "shape" : "4a9239cc-cb20-4ce9-a2ff-e1896bd09024",
    "color" : "#FFA500",
    "position" : {
      "x" : 1.1708204,
      "y" : -1.8944272,
      "z" : -6.854102
    },
    "orientation" : 17
  }, {
    "shape" : "60f739ab-cc53-40ce-8b61-986b2ae7be2f",
    "color" : "#F2F2F2",
    "position" : {
      "x" : 9.91935,
      "y" : 6.130495,
      "z" : 13.708204
    }
  }, {
    "shape" : "5bb165d9-f269-4e83-9c92-f82b37ac5d19",
    "color" : "#FFA500",
    "position" : {
      "x" : 1.1708204,
      "y" : -1.8944272,
      "z" : -6.854102
    },
    "orientation" : 22
  }, {
    "shape" : "b2c8c6a8-2b5e-4916-9ddd-6b0499f064ca",
    "color" : "#B0E0E6",
    "position" : {
      "x" : 8.748529,
      "y" : -5.6832814,
      "z" : -6.854102
    },
    "orientation" : 42
  }, {
    "shape" : "4a9239cc-cb20-4ce9-a2ff-e1896bd09024",
    "color" : "#FFA500",
    "position" : {
      "x" : -3.0652475,
      "y" : 4.959675,
      "z" : 4.236068
    },
    "orientation" : 4
  }, {
    "shape" : "60f739ab-cc53-40ce-8b61-986b2ae7be2f",
    "color" : "#F2F2F2",
    "position" : {
      "x" : 1.8944272,
      "y" : 5.4068885,
      "z" : 11.09017
    }
  }, {
    "shape" : "60f739ab-cc53-40ce-8b61-986b2ae7be2f",
    "color" : "#F2F2F2",
    "position" : {
      "x" : -3.0652475,
      "y" : -8.748529,
      "z" : -4.236068
    }
  }, {
    "shape" : "60f739ab-cc53-40ce-8b61-986b2ae7be2f",
    "color" : "#F2F2F2",
    "position" : {
      "x" : 16.77345,
      "y" : -4.959675,
      "z" : -4.236068
    }
  }, {
    "shape" : "68336abf-4ff3-4861-850d-c7f94138a759",
    "color" : "#008EC2",
    "position" : {
      "x" : 1.1708204,
      "y" : -1.8944272,
      "z" : 6.854102
    },
    "orientation" : 36
  }, {
    "shape" : "d6ec34c2-6be6-497b-83ed-d7f1dc072caf",
    "color" : "#A52A2A",
    "position" : {
      "x" : 9.91935,
      "y" : 6.130495,
      "z" : -13.708204
    },
    "orientation" : 39
  }, {
    "shape" : "68336abf-4ff3-4861-850d-c7f94138a759",
    "color" : "#008EC2",
    "position" : {
      "x" : 4.959675,
      "y" : 5.6832814,
      "z" : -6.854102
    },
    "orientation" : 7
  }, {
    "shape" : "60f739ab-cc53-40ce-8b61-986b2ae7be2f",
    "color" : "#F2F2F2",
    "position" : {
      "x" : 1.1708204,
      "y" : -1.8944272,
      "z" : 6.854102
    }
  }, {
    "shape" : "b2c8c6a8-2b5e-4916-9ddd-6b0499f064ca",
    "color" : "#B0E0E6",
    "position" : {
      "x" : 9.91935,
      "y" : 6.130495,
      "z" : 13.708204
    },
    "orientation" : 0
  }, {
    "shape" : "b2c8c6a8-2b5e-4916-9ddd-6b0499f064ca",
    "color" : "#B0E0E6",
    "position" : {
      "x" : 9.91935,
      "y" : 6.130495,
      "z" : -13.708204
    },
    "orientation" : 3
  }, {
    "shape" : "60f739ab-cc53-40ce-8b61-986b2ae7be2f",
    "color" : "#F2F2F2",
    "position" : {
      "x" : -3.0652475,
      "y" : 4.959675,
      "z" : -4.236068
    }
  }, {
    "shape" : "f8d10ce9-5a6f-4e02-b80f-3b474a8102d5",
    "color" : "#A52A2A",
    "position" : {
      "x" : 1.8944272,
      "y" : 5.4068885,
      "z" : -11.09017
    },
    "orientation" : 39
  }, {
    "shape" : "68336abf-4ff3-4861-850d-c7f94138a759",
    "color" : "#008EC2",
    "position" : {
      "x" : 16.77345,
      "y" : -4.959675,
      "z" : 4.236068
    },
    "orientation" : 47
  }, {
    "shape" : "5fa48759-5e7c-48e5-bcfd-ef1859b6ce1e",
    "color" : "#B8860B",
    "position" : {
      "x" : 1.1708204,
      "y" : -1.8944272,
      "z" : -6.854102
    },
    "orientation" : 3
  }, {
    "shape" : "c6a49684-9371-457d-bf4a-d75f28dbcf02",
    "color" : "#A52A2A",
    "position" : {
      "x" : 16.77345,
      "y" : -4.959675,
      "z" : 4.236068
    },
    "orientation" : 30
  }, {
    "shape" : "60f739ab-cc53-40ce-8b61-986b2ae7be2f",
    "color" : "#F2F2F2",
    "position" : {
      "x" : -3.0652475,
      "y" : 4.959675,
      "z" : 4.236068
    }
  }, {
    "shape" : "d6ec34c2-6be6-497b-83ed-d7f1dc072caf",
    "color" : "#A52A2A",
    "position" : {
      "x" : 3.0652475,
      "y" : 17.220665,
      "z" : -4.236068
    },
    "orientation" : 36
  }, {
    "shape" : "5fa48759-5e7c-48e5-bcfd-ef1859b6ce1e",
    "color" : "#B8860B",
    "position" : {
      "x" : 1.1708204,
      "y" : -1.8944272,
      "z" : 6.854102
    },
    "orientation" : 12
  }, {
    "shape" : "60f739ab-cc53-40ce-8b61-986b2ae7be2f",
    "color" : "#F2F2F2",
    "position" : {
      "x" : 5.6832814,
      "y" : 12.984597,
      "z" : -11.09017
    }
  }, {
    "shape" : "f8d10ce9-5a6f-4e02-b80f-3b474a8102d5",
    "color" : "#A52A2A",
    "position" : {
      "x" : 8.748529,
      "y" : -5.6832814,
      "z" : -6.854102
    },
    "orientation" : 42
  }, {
    "shape" : "68336abf-4ff3-4861-850d-c7f94138a759",
    "color" : "#008EC2",
    "position" : {
      "x" : 1.1708204,
      "y" : -1.8944272,
      "z" : -6.854102
    },
    "orientation" : 45
  }, {
    "shape" : "68336abf-4ff3-4861-850d-c7f94138a759",
    "color" : "#008EC2",
    "position" : {
      "x" : -9.91935,
      "y" : 2.3416407,
      "z" : 0.0
    },
    "orientation" : 37
  }, {
    "shape" : "60f739ab-cc53-40ce-8b61-986b2ae7be2f",
    "color" : "#F2F2F2",
    "position" : {
      "x" : 14.155417,
      "y" : -0.7236068,
      "z" : 11.09017
    }
  }, {
    "shape" : "c6a49684-9371-457d-bf4a-d75f28dbcf02",
    "color" : "#A52A2A",
    "position" : {
      "x" : 14.155417,
      "y" : -0.7236068,
      "z" : -11.09017
    },
    "orientation" : 42
  }, {
    "shape" : "68336abf-4ff3-4861-850d-c7f94138a759",
    "color" : "#008EC2",
    "position" : {
      "x" : 9.195743,
      "y" : -1.1708204,
      "z" : 4.236068
    },
    "orientation" : 51
  }, {
    "shape" : "60f739ab-cc53-40ce-8b61-986b2ae7be2f",
    "color" : "#F2F2F2",
    "position" : {
      "x" : 16.77345,
      "y" : -4.959675,
      "z" : 4.236068
    }
  }, {
    "shape" : "68336abf-4ff3-4861-850d-c7f94138a759",
    "color" : "#008EC2",
    "position" : {
      "x" : 3.7888544,
      "y" : -6.130495,
      "z" : 0.0
    },
    "orientation" : 55
  }, {
    "shape" : "60f739ab-cc53-40ce-8b61-986b2ae7be2f",
    "color" : "#F2F2F2",
    "position" : {
      "x" : -9.91935,
      "y" : 2.3416407,
      "z" : 0.0
    }
  }, {
    "shape" : "68336abf-4ff3-4861-850d-c7f94138a759",
    "color" : "#008EC2",
    "position" : {
      "x" : 3.0652475,
