{
  "polygons" : "true",
  "field" : "golden",
  "symmetry" : "icosahedral",
  "orientations" : [ [ 1.0, 0.0, 0.0, 0.0, 0.0, 1.0, 0.0, 0.0, 0.0, 0.0, 1.0, 0.0, 0.0, 0.0, 0.0, 1.0 ], [ 0.0, 0.0, 1.0, 0.0, 1.0, 0.0, 0.0, 0.0, 0.0, 1.0, 0.0, 0.0, 0.0, 0.0, 0.0, 1.0 ], [ 0.0, 1.0, 0.0, 0.0, 0.0, 0.0, 1.0, 0.0, 1.0, 0.0, 0.0, 0.0, 0.0, 0.0, 0.0, 1.0 ], [ 0.809017, 0.309017, 0.5, 0.0, 0.309017, 0.5, -0.809017, 0.0, -0.5, 0.809017, 0.309017, 0.0, 0.0, 0.0, 0.0, 1.0 ], [ -0.5, 0.809017, 0.309017, 0.0, 0.809017, 0.309017, 0.5, 0.0, 0.309017, 0.5, -0.809017, 0.0, 0.0, 0.0, 0.0, 1.0 ], [ 0.309017, 0.5, -0.809017, 0.0, -0.5, 0.809017, 0.309017, 0.0, 0.809017, 0.309017, 0.5, 0.0, 0.0, 0.0, 0.0, 1.0 ], [ 0.5, 0.809017, 0.309017, 0.0, 0.809017, -0.309017, -0.5, 0.0, -0.309017, 0.5, -0.809017, 0.0, 0.0, 0.0, 0.0, 1.0 ], [ -0.309017, 0.5, -0.809017, 0.0, 0.5, 0.809017, 0.309017, 0.0, 0.809017, -0.309017, -0.5, 0.0, 0.0, 0.0, 0.0, 1.0 ], [ 0.809017, -0.309017, -0.5, 0.0, -0.309017, 0.5, -0.809017, 0.0, 0.5, 0.809017, 0.309017, 0.0, 0.0, 0.0, 0.0, 1.0 ], [ 0.5, 0.809017, -0.309017, 0.0, 0.809017, -0.309017, 0.5, 0.0, 0.309017, -0.5, -0.809017, 0.0, 0.0, 0.0, 0.0, 1.0 ], [ 0.309017, -0.5, -0.809017, 0.0, 0.5, 0.809017, -0.309017, 0.0, 0.809017, -0.309017, 0.5, 0.0, 0.0, 0.0, 0.0, 1.0 ], [ 0.809017, -0.309017, 0.5, 0.0, 0.309017, -0.5, -0.809017, 0.0, 0.5, 0.809017, -0.309017, 0.0, 0.0, 0.0, 0.0, 1.0 ], [ 0.809017, 0.309017, -0.5, 0.0, 0.309017, 0.5, 0.809017, 0.0, 0.5, -0.809017, 0.309017, 0.0, 0.0, 0.0, 0.0, 1.0 ], [ 0.5, -0.809017, 0.309017, 0.0, 0.809017, 0.309017, -0.5, 0.0, 0.309017, 0.5, 0.809017, 0.0, 0.0, 0.0, 0.0, 1.0 ], [ 0.309017, 0.5, 0.809017, 0.0, 0.5, -0.809017, 0.309017, 0.0, 0.809017, 0.309017, -0.5, 0.0, 0.0, 0.0, 0.0, 1.0 ], [ 1.0, 0.0, 0.0, 0.0, 0.0, -1.0, 0.0, 0.0, 0.0, 0.0, -1.0, 0.0, 0.0, 0.0, 0.0, 1.0 ], [ 0.0, 0.0, 1.0, 0.0, -1.0, 0.0, 0.0, 0.0, 0.0, -1.0, 0.0, 0.0, 0.0, 0.0, 0.0, 1.0 ], [ 0.0, 1.0, 0.0, 0.0, 0.0, 0.0, -1.0, 0.0, -1.0, 0.0, 0.0, 0.0, 0.0, 0.0, 0.0, 1.0 ], [ 0.809017, 0.309017, 0.5, 0.0, -0.309017, -0.5, 0.809017, 0.0, 0.5, -0.809017, -0.309017, 0.0, 0.0, 0.0, 0.0, 1.0 ], [ -0.5, 0.809017, 0.309017, 0.0, -0.809017, -0.309017, -0.5, 0.0, -0.309017, -0.5, 0.809017, 0.0, 0.0, 0.0, 0.0, 1.0 ], [ 0.309017, 0.5, -0.809017, 0.0, 0.5, -0.809017, -0.309017, 0.0, -0.809017, -0.309017, -0.5, 0.0, 0.0, 0.0, 0.0, 1.0 ], [ 0.5, 0.809017, 0.309017, 0.0, -0.809017, 0.309017, 0.5, 0.0, 0.309017, -0.5, 0.809017, 0.0, 0.0, 0.0, 0.0, 1.0 ], [ -0.309017, 0.5, -0.809017, 0.0, -0.5, -0.809017, -0.309017, 0.0, -0.809017, 0.309017, 0.5, 0.0, 0.0, 0.0, 0.0, 1.0 ], [ 0.809017, -0.309017, -0.5, 0.0, 0.309017, -0.5, 0.809017, 0.0, -0.5, -0.809017, -0.309017, 0.0, 0.0, 0.0, 0.0, 1.0 ], [ 0.5, 0.809017, -0.309017, 0.0, -0.809017, 0.309017, -0.5, 0.0, -0.309017, 0.5, 0.809017, 0.0, 0.0, 0.0, 0.0, 1.0 ], [ 0.309017, -0.5, -0.809017, 0.0, -0.5, -0.809017, 0.309017, 0.0, -0.809017, 0.309017, -0.5, 0.0, 0.0, 0.0, 0.0, 1.0 ], [ 0.809017, -0.309017, 0.5, 0.0, -0.309017, 0.5, 0.809017, 0.0, -0.5, -0.809017, 0.309017, 0.0, 0.0, 0.0, 0.0, 1.0 ], [ 0.809017, 0.309017, -0.5, 0.0, -0.309017, -0.5, -0.809017, 0.0, -0.5, 0.809017, -0.309017, 0.0, 0.0, 0.0, 0.0, 1.0 ], [ 0.5, -0.809017, 0.309017, 0.0, -0.809017, -0.309017, 0.5, 0.0, -0.309017, -0.5, -0.809017, 0.0, 0.0, 0.0, 0.0, 1.0 ], [ 0.309017, 0.5, 0.809017, 0.0, -0.5, 0.809017, -0.309017, 0.0, -0.809017, -0.309017, 0.5, 0.0, 0.0, 0.0, 0.0, 1.0 ], [ -1.0, 0.0, 0.0, 0.0, 0.0, -1.0, 0.0, 0.0, 0.0, 0.0, 1.0, 0.0, 0.0, 0.0, 0.0, 1.0 ], [ 0.0, 0.0, -1.0, 0.0, -1.0, 0.0, 0.0, 0.0, 0.0, 1.0, 0.0, 0.0, 0.0, 0.0, 0.0, 1.0 ], [ 0.0, -1.0, 0.0, 0.0, 0.0, 0.0, -1.0, 0.0, 1.0, 0.0, 0.0, 0.0, 0.0, 0.0, 0.0, 1.0 ], [ -0.809017, -0.309017, -0.5, 0.0, -0.309017, -0.5, 0.809017, 0.0, -0.5, 0.809017, 0.309017, 0.0, 0.0, 0.0, 0.0, 1.0 ], [ 0.5, -0.809017, -0.309017, 0.0, -0.809017, -0.309017, -0.5, 0.0, 0.309017, 0.5, -0.809017, 0.0, 0.0, 0.0, 0.0, 1.0 ], [ -0.309017, -0.5, 0.809017, 0.0, 0.5, -0.809017, -0.309017, 0.0, 0.809017, 0.309017, 0.5, 0.0, 0.0, 0.0, 0.0, 1.0 ], [ -0.5, -0.809017, -0.309017, 0.0, -0.809017, 0.309017, 0.5, 0.0, -0.309017, 0.5, -0.809017, 0.0, 0.0, 0.0, 0.0, 1.0 ], [ 0.309017, -0.5, 0.809017, 0.0, -0.5, -0.809017, -0.309017, 0.0, 0.809017, -0.309017, -0.5, 0.0, 0.0, 0.0, 0.0, 1.0 ], [ -0.809017, 0.309017, 0.5, 0.0, 0.309017, -0.5, 0.809017, 0.0, 0.5, 0.809017, 0.309017, 0.0, 0.0, 0.0, 0.0, 1.0 ], [ -0.5, -0.809017, 0.309017, 0.0, -0.809017, 0.309017, -0.5, 0.0, 0.309017, -0.5, -0.809017, 0.0, 0.0, 0.0, 0.0, 1.0 ], [ -0.309017, 0.5, 0.809017, 0.0, -0.5, -0.809017, 0.309017, 0.0, 0.809017, -0.309017, 0.5, 0.0, 0.0, 0.0, 0.0, 1.0 ], [ -0.809017, 0.309017, -0.5, 0.0, -0.309017, 0.5, 0.809017, 0.0, 0.5, 0.809017, -0.309017, 0.0, 0.0, 0.0, 0.0, 1.0 ], [ -0.809017, -0.309017, 0.5, 0.0, -0.309017, -0.5, -0.809017, 0.0, 0.5, -0.809017, 0.309017, 0.0, 0.0, 0.0, 0.0, 1.0 ], [ -0.5, 0.809017, -0.309017, 0.0, -0.809017, -0.309017, 0.5, 0.0, 0.309017, 0.5, 0.809017, 0.0, 0.0, 0.0, 0.0, 1.0 ], [ -0.309017, -0.5, -0.809017, 0.0, -0.5, 0.809017, -0.309017, 0.0, 0.809017, 0.309017, -0.5, 0.0, 0.0, 0.0, 0.0, 1.0 ], [ -1.0, 0.0, 0.0, 0.0, 0.0, 1.0, 0.0, 0.0, 0.0, 0.0, -1.0, 0.0, 0.0, 0.0, 0.0, 1.0 ], [ 0.0, 0.0, -1.0, 0.0, 1.0, 0.0, 0.0, 0.0, 0.0, -1.0, 0.0, 0.0, 0.0, 0.0, 0.0, 1.0 ], [ 0.0, -1.0, 0.0, 0.0, 0.0, 0.0, 1.0, 0.0, -1.0, 0.0, 0.0, 0.0, 0.0, 0.0, 0.0, 1.0 ], [ -0.809017, -0.309017, -0.5, 0.0, 0.309017, 0.5, -0.809017, 0.0, 0.5, -0.809017, -0.309017, 0.0, 0.0, 0.0, 0.0, 1.0 ], [ 0.5, -0.809017, -0.309017, 0.0, 0.809017, 0.309017, 0.5, 0.0, -0.309017, -0.5, 0.809017, 0.0, 0.0, 0.0, 0.0, 1.0 ], [ -0.309017, -0.5, 0.809017, 0.0, -0.5, 0.809017, 0.309017, 0.0, -0.809017, -0.309017, -0.5, 0.0, 0.0, 0.0, 0.0, 1.0 ], [ -0.5, -0.809017, -0.309017, 0.0, 0.809017, -0.309017, -0.5, 0.0, 0.309017, -0.5, 0.809017, 0.0, 0.0, 0.0, 0.0, 1.0 ], [ 0.309017, -0.5, 0.809017, 0.0, 0.5, 0.809017, 0.309017, 0.0, -0.809017, 0.309017, 0.5, 0.0, 0.0, 0.0, 0.0, 1.0 ], [ -0.809017, 0.309017, 0.5, 0.0, -0.309017, 0.5, -0.809017, 0.0, -0.5, -0.809017, -0.309017, 0.0, 0.0, 0.0, 0.0, 1.0 ], [ -0.5, -0.809017, 0.309017, 0.0, 0.809017, -0.309017, 0.5, 0.0, -0.309017, 0.5, 0.809017, 0.0, 0.0, 0.0, 0.0, 1.0 ], [ -0.309017, 0.5, 0.809017, 0.0, 0.5, 0.809017, -0.309017, 0.0, -0.809017, 0.309017, -0.5, 0.0, 0.0, 0.0, 0.0, 1.0 ], [ -0.809017, 0.309017, -0.5, 0.0, 0.309017, -0.5, -0.809017, 0.0, -0.5, -0.809017, 0.309017, 0.0, 0.0, 0.0, 0.0, 1.0 ], [ -0.809017, -0.309017, 0.5, 0.0, 0.309017, 0.5, 0.809017, 0.0, -0.5, 0.809017, -0.309017, 0.0, 0.0, 0.0, 0.0, 1.0 ], [ -0.5, 0.809017, -0.309017, 0.0, 0.809017, 0.309017, -0.5, 0.0, -0.309017, -0.5, -0.809017, 0.0, 0.0, 0.0, 0.0, 1.0 ], [ -0.309017, -0.5, -0.809017, 0.0, 0.5, -0.809017, 0.309017, 0.0, -0.809017, -0.309017, 0.5, 0.0, 0.0, 0.0, 0.0, 1.0 ] ],
  "lights" : {
    "directionalLights" : [ {
      "direction" : [ 1.0, -1.0, -1.0 ],
      "color" : "#EBEBE4"
    }, {
      "direction" : [ -1.0, 0.0, 0.0 ],
      "color" : "#E4E4EB"
    }, {
      "direction" : [ 0.0, 0.0, -1.0 ],
      "color" : "#1E1E1E"
    } ],
    "backgroundColor" : "#AFC8DC",
    "ambientColor" : "#292929"
  },
  "camera" : {
    "width" : 38.488968,
    "position" : {
      "x" : -26.43055,
      "y" : 42.765526,
      "z" : 69.196075
    },
    "stereo" : false,
    "lookAtPoint" : {
      "x" : 0.0,
      "y" : 0.0,
      "z" : 0.0
    },
    "lookDirection" : {
      "x" : 0.309017,
      "y" : -0.5,
      "z" : -0.809017
    },
    "upDirection" : {
      "x" : 0.85065085,
      "y" : 0.5257311,
      "z" : 1.5668007E-8
    },
    "farClipDistance" : 171.0621,
    "nearClipDistance" : 0.21382761,
    "perspective" : true,
    "fieldOfView" : 0.44262883,
    "lookDirectionRV" : {
      "x" : 0.309017,
      "y" : -0.5,
      "z" : -0.809017,
      "zero" : false
    },
    "lookAtPointRV" : {
      "x" : 0.0,
      "y" : 0.0,
      "z" : 0.0,
      "zero" : true
    },
    "viewDistance" : 85.53105,
    "upDirectionRV" : {
      "x" : 0.85065085,
      "y" : 0.5257311,
      "z" : 1.5668007E-8,
      "zero" : false
    }
  },
  "embedding" : [ 1.0, 0.0, 0.0, 0.0, 0.0, 1.0, 0.0, 0.0, 0.0, 0.0, 1.0, 0.0, 0.0, 0.0, 0.0, 1.0 ],
  "shapes" : [ {
    "id" : "33be1444-5891-4096-bf2c-0db4720c1a65",
    "orbit" : "blue",
    "orbitC" : "[[0,0,1],[0,0,1]]",
    "length" : "[1,0,1]",
    "name" : "b1",
    "vertices" : [ {
      "x" : 1.0,
      "y" : 0.309017,
      "z" : 0.19098301
    }, {
      "x" : 1.0,
      "y" : -0.309017,
      "z" : 0.19098301
    }, {
      "x" : 7.472136,
      "y" : -0.309017,
      "z" : 0.19098301
    }, {
      "x" : 7.472136,
      "y" : 0.309017,
      "z" : 0.19098301
    }, {
      "x" : 7.472136,
      "y" : -0.309017,
      "z" : -0.19098301
    }, {
      "x" : 7.472136,
      "y" : 0.309017,
      "z" : -0.19098301
    }, {
      "x" : 8.09017,
      "y" : 0.0,
      "z" : 0.0
    }, {
      "x" : 0.38196602,
      "y" : 0.0,
      "z" : 0.0
    }, {
      "x" : 1.0,
      "y" : 0.309017,
      "z" : -0.19098301
    }, {
      "x" : 1.0,
      "y" : -0.309017,
      "z" : -0.19098301
    }, {
      "x" : 8.472136,
      "y" : 0.0,
      "z" : 0.0
    } ],
    "faces" : [ {
      "vertices" : [ 1, 9, 4, 2 ]
    }, {
      "vertices" : [ 0, 3, 5, 8 ]
    }, {
      "vertices" : [ 1, 7, 9 ]
    }, {
      "vertices" : [ 0, 1, 2, 3 ]
    }, {
      "vertices" : [ 7, 8, 9 ]
    }, {
      "vertices" : [ 0, 7, 1 ]
    }, {
      "vertices" : [ 4, 9, 8, 5 ]
    }, {
      "vertices" : [ 2, 6, 3 ]
    }, {
      "vertices" : [ 2, 4, 6 ]
    }, {
      "vertices" : [ 3, 6, 5 ]
    }, {
      "vertices" : [ 4, 5, 6 ]
    }, {
      "vertices" : [ 0, 8, 7 ]
    } ]
  }, {
    "id" : "b8d06f0c-23fc-4483-858e-40fe480e41b8",
    "vertices" : [ {
      "x" : 0.0,
      "y" : 0.0,
      "z" : 0.0
    }, {
      "x" : 0.0,
      "y" : -7.210284,
      "z" : -4.4562006
    }, {
      "x" : -2.618034,
      "y" : -2.9742162,
      "z" : -11.310303
    }, {
      "x" : -2.618034,
      "y" : 4.236068,
      "z" : -6.854102
    } ],
    "faces" : [ {
      "vertices" : [ 0, 1, 2, 3 ]
    }, {
      "vertices" : [ 0, 3, 2, 1 ]
    } ]
  }, {
    "id" : "7b6dec62-6ddd-4557-a1bb-f1ffaf8243ad",
    "name" : "ball",
    "vertices" : [ {
      "x" : -0.309017,
      "y" : -0.19098301,
      "z" : 0.0
    }, {
      "x" : -0.309017,
      "y" : 0.19098301,
      "z" : 0.0
    }, {
      "x" : -0.19098301,
      "y" : 0.0,
      "z" : -0.309017
    }, {
      "x" : -0.19098301,
      "y" : 0.0,
      "z" : 0.309017
    }, {
      "x" : 0.0,
      "y" : -0.309017,
      "z" : -0.19098301
    }, {
      "x" : 0.0,
      "y" : -0.309017,
      "z" : 0.19098301
    }, {
      "x" : 0.0,
      "y" : 0.309017,
      "z" : -0.19098301
    }, {
      "x" : 0.0,
      "y" : 0.309017,
      "z" : 0.19098301
    }, {
      "x" : 0.19098301,
      "y" : 0.0,
      "z" : -0.309017
    }, {
      "x" : 0.19098301,
      "y" : 0.0,
      "z" : 0.309017
    }, {
      "x" : 0.309017,
      "y" : -0.19098301,
      "z" : 0.0
    }, {
      "x" : 0.309017,
      "y" : 0.19098301,
      "z" : 0.0
    } ],
    "faces" : [ {
      "vertices" : [ 0, 1, 2 ]
    }, {
      "vertices" : [ 0, 3, 1 ]
    }, {
      "vertices" : [ 0, 2, 4 ]
    }, {
      "vertices" : [ 0, 5, 3 ]
    }, {
      "vertices" : [ 0, 4, 5 ]
    }, {
      "vertices" : [ 1, 6, 2 ]
    }, {
      "vertices" : [ 1, 3, 7 ]
    }, {
      "vertices" : [ 1, 7, 6 ]
    }, {
      "vertices" : [ 2, 8, 4 ]
    }, {
      "vertices" : [ 2, 6, 8 ]
    }, {
      "vertices" : [ 3, 5, 9 ]
    }, {
      "vertices" : [ 3, 9, 7 ]
    }, {
      "vertices" : [ 4, 10, 5 ]
    }, {
      "vertices" : [ 4, 8, 10 ]
    }, {
      "vertices" : [ 5, 10, 9 ]
    }, {
      "vertices" : [ 6, 7, 11 ]
    }, {
      "vertices" : [ 6, 11, 8 ]
    }, {
      "vertices" : [ 7, 9, 11 ]
    }, {
      "vertices" : [ 8, 11, 10 ]
    }, {
      "vertices" : [ 9, 10, 11 ]
    } ]
  }, {
    "id" : "b2dd9fec-bf52-49c2-801f-695a3d791e46",
    "orbit" : "red",
    "orbitC" : "[[-1,1,1],[0,0,1]]",
    "length" : "[749,0,712]",
    "name" : " :749/712",
    "vertices" : [ {
      "x" : 0.9045085,
      "y" : 0.3454915,
      "z" : 0.25
    }, {
      "x" : 6.496759,
      "y" : 3.8016922,
      "z" : 0.25
    }, {
      "x" : 6.3057756,
      "y" : 4.110709,
      "z" : 0.25
    }, {
      "x" : 0.7135255,
      "y" : 0.6545085,
      "z" : 0.25
    }, {
      "x" : 0.809017,
      "y" : 0.5,
      "z" : -0.309017
    }, {
      "x" : 0.9635255,
      "y" : 0.25,
      "z" : -0.095491506
    }, {
      "x" : 0.309017,
      "y" : 0.19098301,
      "z" : 0.0
    }, {
      "x" : 6.901267,
      "y" : 4.265218,
      "z" : 0.0
    }, {
      "x" : 6.246759,
      "y" : 4.2062006,
      "z" : -0.095491506
    }, {
      "x" : 6.401267,
      "y" : 3.9562008,
      "z" : -0.309017
    }, {
      "x" : 7.210284,
      "y" : 4.4562006,
      "z" : 0.0
    }, {
      "x" : 0.6545085,
      "y" : 0.75,
      "z" : -0.095491506
    }, {
      "x" : 6.5557756,
      "y" : 3.7062008,
      "z" : -0.095491506
    } ],
    "faces" : [ {
      "vertices" : [ 4, 11, 8, 9 ]
    }, {
      "vertices" : [ 0, 1, 2, 3 ]
    }, {
      "vertices" : [ 0, 3, 6 ]
    }, {
      "vertices" : [ 1, 7, 2 ]
    }, {
      "vertices" : [ 0, 6, 5 ]
    }, {
      "vertices" : [ 4, 5, 6 ]
    }, {
      "vertices" : [ 2, 7, 8 ]
    }, {
      "vertices" : [ 0, 5, 12, 1 ]
    }, {
      "vertices" : [ 1, 12, 7 ]
    }, {
      "vertices" : [ 3, 11, 6 ]
    }, {
      "vertices" : [ 4, 6, 11 ]
    }, {
      "vertices" : [ 7, 9, 8 ]
    }, {
      "vertices" : [ 2, 8, 11, 3 ]
    }, {
      "vertices" : [ 7, 12, 9 ]
    }, {
      "vertices" : [ 4, 9, 12, 5 ]
    } ]
  }, {
    "id" : "7ce38365-e3e4-43ca-a428-97984dc2e3b6",
    "vertices" : [ {
      "x" : 0.0,
      "y" : 0.0,
      "z" : 0.0
    }, {
      "x" : 4.236068,
      "y" : -6.854102,
      "z" : 2.618034
    }, {
      "x" : 6.854102,
      "y" : -11.09017,
      "z" : -4.236068
    }, {
      "x" : 4.236068,
      "y" : -6.854102,
      "z" : -11.09017
    }, {
      "x" : 0.0,
      "y" : 0.0,
      "z" : -8.472136
    } ],
    "faces" : [ {
      "vertices" : [ 0, 1, 2, 3, 4 ]
    }, {
      "vertices" : [ 0, 4, 3, 2, 1 ]
    } ]
  }, {
    "id" : "18922a8b-49cd-4b70-af49-c18bd75bbb71",
    "vertices" : [ {
      "x" : 0.0,
      "y" : 0.0,
      "z" : 0.0
    }, {
      "x" : 2.618034,
      "y" : -4.236068,
      "z" : 6.854102
    }, {
      "x" : 6.854102,
      "y" : -11.09017,
      "z" : 4.236068
    }, {
      "x" : 6.854102,
      "y" : -11.09017,
      "z" : -4.236068
    }, {
      "x" : 2.618034,
      "y" : -4.236068,
      "z" : -6.854102
    } ],
    "faces" : [ {
      "vertices" : [ 0, 1, 2, 3, 4 ]
    }, {
      "vertices" : [ 0, 4, 3, 2, 1 ]
    } ]
  } ],
  "instances" : [ {
    "shape" : "33be1444-5891-4096-bf2c-0db4720c1a65",
    "color" : "#008EC2",
    "position" : {
      "x" : 6.6703897,
      "y" : -2.7315743,
      "z" : 4.236068
    },
    "orientation" : 47
  }, {
    "shape" : "b8d06f0c-23fc-4483-858e-40fe480e41b8",
    "color" : "#F5A87F",
    "position" : {
      "x" : -0.18371226,
      "y" : 8.358596,
      "z" : 0.0
    },
    "orientation" : 4
  }, {
    "shape" : "33be1444-5891-4096-bf2c-0db4720c1a65",
    "color" : "#008EC2",
    "position" : {
      "x" : -0.5398945,
      "y" : -7.187775,
      "z" : 4.236068
    },
    "orientation" : 47
  }, {
    "shape" : "33be1444-5891-4096-bf2c-0db4720c1a65",
    "color" : "#008EC2",
    "position" : {
      "x" : -0.5398945,
      "y" : -7.187775,
      "z" : -4.236068
    },
    "orientation" : 54
  }, {
    "shape" : "7b6dec62-6ddd-4557-a1bb-f1ffaf8243ad",
    "color" : "#F2F2F2",
    "position" : {
      "x" : -0.5398945,
      "y" : -7.187775,
      "z" : -4.236068
    }
  }, {
    "shape" : "33be1444-5891-4096-bf2c-0db4720c1a65",
    "color" : "#008EC2",
    "position" : {
      "x" : -0.5398945,
      "y" : -7.187775,
      "z" : 4.236068
    },
    "orientation" : 51
  }, {
    "shape" : "33be1444-5891-4096-bf2c-0db4720c1a65",
    "color" : "#008EC2",
    "position" : {
      "x" : 2.4343216,
      "y" : 4.1225276,
      "z" : -6.854102
    },
    "orientation" : 7
  }, {
    "shape" : "7b6dec62-6ddd-4557-a1bb-f1ffaf8243ad",
    "color" : "#F2F2F2",
    "position" : {
      "x" : -4.7759624,
      "y" : -0.33367318,
      "z" : 6.854102
    }
  }, {
    "shape" : "7b6dec62-6ddd-4557-a1bb-f1ffaf8243ad",
    "color" : "#F2F2F2",
    "position" : {
      "x" : 2.4343216,
      "y" : 4.1225276,
      "z" : -6.854102
    }
  }, {
    "shape" : "7b6dec62-6ddd-4557-a1bb-f1ffaf8243ad",
    "color" : "#F2F2F2",
    "position" : {
      "x" : 6.6703897,
      "y" : -2.7315743,
      "z" : -4.236068
    }
  }, {
    "shape" : "33be1444-5891-4096-bf2c-0db4720c1a65",
    "color" : "#008EC2",
    "position" : {
      "x" : -4.7759624,
      "y" : -0.33367318,
      "z" : 6.854102
    },
    "orientation" : 55
  }, {
    "shape" : "33be1444-5891-4096-bf2c-0db4720c1a65",
    "color" : "#008EC2",
    "position" : {
      "x" : -7.3939967,
      "y" : 3.9023948,
      "z" : 0.0
    },
    "orientation" : 25
  }, {
    "shape" : "b2dd9fec-bf52-49c2-801f-695a3d791e46",
    "color" : "#D91218",
    "position" : {
      "x" : -0.5398945,
      "y" : -7.187775,
      "z" : 4.236068
    },
    "orientation" : 0
  }, {
    "shape" : "7b6dec62-6ddd-4557-a1bb-f1ffaf8243ad",
    "color" : "#F2F2F2",
    "position" : {
      "x" : 6.6703897,
      "y" : -2.7315743,
      "z" : 4.236068
    }
  }, {
    "shape" : "b2dd9fec-bf52-49c2-801f-695a3d791e46",
    "color" : "#D91218",
    "position" : {
      "x" : -4.7759624,
      "y" : -0.33367318,
      "z" : 6.854102
    },
    "orientation" : 0
  }, {
    "shape" : "7b6dec62-6ddd-4557-a1bb-f1ffaf8243ad",
    "color" : "#F2F2F2",
    "position" : {
      "x" : -0.18371226,
      "y" : 8.358596,
      "z" : 0.0
    }
  }, {
    "shape" : "7ce38365-e3e4-43ca-a428-97984dc2e3b6",
    "color" : "#EC888B",
    "position" : {
      "x" : -0.5398945,
      "y" : -7.187775,
      "z" : 4.236068
    },
    "orientation" : 30
  }, {
    "shape" : "b8d06f0c-23fc-4483-858e-40fe480e41b8",
    "color" : "#F5A87F",
    "position" : {
      "x" : 2.4343216,
      "y" : 4.1225276,
      "z" : -6.854102
    },
    "orientation" : 55
  }, {
    "shape" : "b2dd9fec-bf52-49c2-801f-695a3d791e46",
    "color" : "#D91218",
    "position" : {
      "x" : -4.7759624,
      "y" : -0.33367318,
      "z" : -6.854102
    },
    "orientation" : 0
  }, {
    "shape" : "7b6dec62-6ddd-4557-a1bb-f1ffaf8243ad",
    "color" : "#F2F2F2",
    "position" : {
      "x" : -0.5398945,
      "y" : -7.187775,
      "z" : 4.236068
    }
  }, {
    "shape" : "7b6dec62-6ddd-4557-a1bb-f1ffaf8243ad",
    "color" : "#F2F2F2",
    "position" : {
      "x" : 2.4343216,
      "y" : 4.1225276,
      "z" : 6.854102
    }
  }, {
    "shape" : "b2dd9fec-bf52-49c2-801f-695a3d791e46",
    "color" : "#D91218",
    "position" : {
      "x" : -7.3939967,
      "y" : 3.9023948,
      "z" : 0.0
    },
    "orientation" : 0
  }, {
    "shape" : "33be1444-5891-4096-bf2c-0db4720c1a65",
    "color" : "#008EC2",
    "position" : {
      "x" : 6.6703897,
      "y" : -2.7315743,
      "z" : -4.236068
    },
    "orientation" : 54
  }, {
    "shape" : "b8d06f0c-23fc-4483-858e-40fe480e41b8",
    "color" : "#F5A87F",
    "position" : {
      "x" : 6.6703897,
      "y" : -2.7315743,
      "z" : -4.236068
    },
    "orientation" : 29
  }, {
    "shape" : "7b6dec62-6ddd-4557-a1bb-f1ffaf8243ad",
    "color" : "#F2F2F2",
    "position" : {
      "x" : -7.3939967,
      "y" : 3.9023948,
      "z" : 0.0
    }
  }, {
    "shape" : "7b6dec62-6ddd-4557-a1bb-f1ffaf8243ad",
    "color" : "#F2F2F2",
    "position" : {
      "x" : -4.7759624,
      "y" : -0.33367318,
      "z" : -6.854102
    }
  }, {
    "shape" : "33be1444-5891-4096-bf2c-0db4720c1a65",
    "color" : "#008EC2",
    "position" : {
      "x" : 2.4343216,
      "y" : 4.1225276,
      "z" : 6.854102
    },
    "orientation" : 24
  }, {
    "shape" : "33be1444-5891-4096-bf2c-0db4720c1a65",
    "color" : "#008EC2",
    "position" : {
      "x" : -0.18371226,
      "y" : 8.358596,
      "z" : 0.0
    },
    "orientation" : 37
  }, {
    "shape" : "18922a8b-49cd-4b70-af49-c18bd75bbb71",
    "color" : "#EC888B",
    "position" : {
      "x" : -0.18371226,
      "y" : 8.358596,
      "z" : 0.0
    },
    "orientation" : 0
  }, {
    "shape" : "b2dd9fec-bf52-49c2-801f-695a3d791e46",
    "color" : "#D91218",
    "position" : {
      "x" : -0.5398945,
      "y" : -7.187775,
      "z" : -4.236068
    },
    "orientation" : 0
  }, {
    "shape" : "b8d06f0c-23fc-4483-858e-40fe480e41b8",
    "color" : "#F5A87F",
    "position" : {
      "x" : 2.4343216,
      "y" : 4.1225276,
      "z" : 6.854102
    },
    "orientation" : 2
  }, {
    "shape" : "b8d06f0c-23fc-4483-858e-40fe480e41b8",
    "color" : "#F5A87F",
    "position" : {
      "x" : 6.6703897,
      "y" : -2.7315743,
      "z" : 4.236068
    },
    "orientation" : 21
  } ],
  "scenes" : [ {
    "title" : "Edges",
    "content" : "",
    "view" : {
      "width" : 38.488968,
      "position" : {
        "x" : -26.43055,
        "y" : 42.765526,
        "z" : 69.196075
      },
      "stereo" : false,
      "lookAtPoint" : {
        "x" : 0.0,
        "y" : 0.0,
        "z" : 0.0
      },
      "lookDirection" : {
        "x" : 0.309017,
        "y" : -0.5,
        "z" : -0.809017
      },
      "upDirection" : {
        "x" : 0.85065085,
        "y" : 0.5257311,
        "z" : 1.5668007E-8
      },
      "farClipDistance" : 171.0621,
      "nearClipDistance" : 0.21382761,
      "perspective" : false,
      "fieldOfView" : 0.44262883,
      "lookDirectionRV" : {
        "x" : 0.309017,
        "y" : -0.5,
        "z" : -0.809017,
        "zero" : false
      },
      "lookAtPointRV" : {
        "x" : 0.0,
        "y" : 0.0,
        "z" : 0.0,
        "zero" : true
      },
      "viewDistance" : 85.53105,
      "upDirectionRV" : {
        "x" : 0.85065085,
        "y" : 0.5257311,
        "z" : 1.5668007E-8,
        "zero" : false
      }
    },
    "snapshot" : 5
  }, {
    "title" : "Faces",
    "content" : "",
    "view" : {
      "width" : 38.488968,
      "position" : {
        "x" : -42.765526,
        "y" : 69.196075,
        "z" : -26.43055
      },
      "stereo" : false,
      "lookAtPoint" : {
        "x" : 0.0,
        "y" : 0.0,
        "z" : 0.0
      },
      "lookDirection" : {
        "x" : 0.5,
        "y" : -0.809017,
        "z" : 0.309017
      },
      "upDirection" : {
        "x" : 0.8506508,
        "y" : 0.5257311,
        "z" : 0.0
      },
      "farClipDistance" : 171.0621,
      "nearClipDistance" : 0.21382761,
      "perspective" : false,
      "fieldOfView" : 0.44262883,
      "lookDirectionRV" : {
        "x" : 0.5,
        "y" : -0.809017,
        "z" : 0.309017,
        "zero" : false
      },
      "lookAtPointRV" : {
        "x" : 0.0,
        "y" : 0.0,
        "z" : 0.0,
        "zero" : true
      },
      "viewDistance" : 85.53105,
      "upDirectionRV" : {
        "x" : 0.8506508,
        "y" : 0.5257311,
        "z" : 0.0,
        "zero" : false
      }
    },
    "snapshot" : 8
  }, {
    "title" : "Complete",
    "content" : "",
    "view" : {
      "width" : 38.488968,
      "position" : {
        "x" : -26.43055,
        "y" : 42.765526,
        "z" : 69.196075
      },
      "stereo" : false,
      "lookAtPoint" : {
        "x" : 0.0,
        "y" : 0.0,
        "z" : 0.0
      },
      "lookDirection" : {
        "x" : 0.309017,
        "y" : -0.5,
        "z" : -0.809017
      },
      "upDirection" : {
        "x" : 0.85065085,
        "y" : 0.5257311,
        "z" : 1.5668007E-8
      },
      "farClipDistance" : 171.0621,
      "nearClipDistance" : 0.21382761,
      "perspective" : false,
      "fieldOfView" : 0.44262883,
      "lookDirectionRV" : {
        "x" : 0.309017,
        "y" : -0.5,
        "z" : -0.809017,
        "zero" : false
      },
      "lookAtPointRV" : {
        "x" : 0.0,
        "y" : 0.0,
        "z" : 0.0,
        "zero" : true
      },
      "viewDistance" : 85.53105,
      "upDirectionRV" : {
        "x" : 0.85065085,
        "y" : 0.5257311,
        "z" : 1.5668007E-8,
        "zero" : false
      }
    },
    "snapshot" : 6
  }, {
    "title" : "Edges Rotated",
    "content" : "",
    "view" : {
      "width" : 38.488968,
      "position" : {
        "x" : -42.765526,
        "y" : 69.196075,
        "z" : 26.43055
      },
      "stereo" : false,
      "lookAtPoint" : {
        "x" : 0.0,
        "y" : 0.0,
        "z" : 0.0
      },
      "lookDirection" : {
        "x" : 0.5,
        "y" : -0.809017,
        "z" : -0.309017
      },
      "upDirection" : {
        "x" : 0.8506508,
        "y" : 0.5257311,
        "z" : 0.0
      },
      "farClipDistance" : 171.0621,
      "nearClipDistance" : 0.21382761,
      "perspective" : false,
      "fieldOfView" : 0.44262883,
      "lookDirectionRV" : {
        "x" : 0.5,
        "y" : -0.809017,
        "z" : -0.309017,
        "zero" : false
      },
      "lookAtPointRV" : {
        "x" : 0.0,
        "y" : 0.0,
        "z" : 0.0,
        "zero" : true
      },
      "viewDistance" : 85.53105,
      "upDirectionRV" : {
        "x" : 0.8506508,
        "y" : 0.5257311,
        "z" : 0.0,
        "zero" : false
      }
    },
    "snapshot" : 10
  }, {
    "title" : "Faces Rotated",
    "content" : "",
    "view" : {
      "width" : 38.488968,
      "position" : {
        "x" : -42.765526,
        "y" : 69.196075,
        "z" : 26.43055
      },
      "stereo" : false,
      "lookAtPoint" : {
        "x" : 0.0,
        "y" : 0.0,
        "z" : 0.0
      },
      "lookDirection" : {
        "x" : 0.5,
        "y" : -0.809017,
        "z" : -0.309017
      },
      "upDirection" : {
        "x" : 0.8506508,
        "y" : 0.5257311,
        "z" : 0.0
      },
      "farClipDistance" : 171.0621,
      "nearClipDistance" : 0.21382761,
      "perspective" : false,
      "fieldOfView" : 0.44262883,
      "lookDirectionRV" : {
        "x" : 0.5,
        "y" : -0.809017,
        "z" : -0.309017,
        "zero" : false
      },
      "lookAtPointRV" : {
        "x" : 0.0,
        "y" : 0.0,
        "z" : 0.0,
        "zero" : true
      },
      "viewDistance" : 85.53105,
      "upDirectionRV" : {
        "x" : 0.8506508,
        "y" : 0.5257311,
        "z" : 0.0,
        "zero" : false
      }
    },
    "snapshot" : 9
  }, {
    "title" : "Rotated",
    "content" : "",
    "view" : {
      "width" : 38.488968,
      "position" : {
        "x" : 0.0,
        "y" : 0.0,
        "z" : 85.53105
      },
      "stereo" : false,
      "lookAtPoint" : {
        "x" : 0.0,
        "y" : 0.0,
        "z" : 0.0
      },
      "lookDirection" : {
        "x" : 0.0,
        "y" : 0.0,
        "z" : -1.0
      },
      "upDirection" : {
        "x" : 0.8506508,
        "y" : 0.5257311,
        "z" : 0.0
      },
      "farClipDistance" : 171.0621,
      "nearClipDistance" : 0.21382761,
      "perspective" : false,
      "fieldOfView" : 0.44262883,
      "lookDirectionRV" : {
        "x" : 0.0,
        "y" : 0.0,
        "z" : -1.0,
        "zero" : false
      },
      "lookAtPointRV" : {
        "x" : 0.0,
        "y" : 0.0,
        "z" : 0.0,
        "zero" : true
      },
      "viewDistance" : 85.53105,
      "upDirectionRV" : {
        "x" : 0.8506508,
        "y" : 0.5257311,
        "z" : 0.0,
        "zero" : false
      }
    },
    "snapshot" : 7
  }, {
    "title" : "Faces Default",
    "content" : "",
    "view" : {
      "width" : 38.488968,
      "position" : {
        "x" : 0.0,
        "y" : 0.0,
        "z" : -85.53105
      },
      "stereo" : false,
      "lookAtPoint" : {
        "x" : 0.0,
        "y" : 0.0,
        "z" : 0.0
      },
      "lookDirection" : {
        "x" : 0.0,
        "y" : 0.0,
        "z" : 1.0
      },
      "upDirection" : {
        "x" : 0.8506508,
        "y" : 0.5257311,
        "z" : -0.0
      },
      "farClipDistance" : 171.0621,
      "nearClipDistance" : 0.21382761,
      "perspective" : false,
      "fieldOfView" : 0.44262883,
      "lookDirectionRV" : {
        "x" : 0.0,
        "y" : 0.0,
        "z" : 1.0,
        "zero" : false
      },
      "lookAtPointRV" : {
        "x" : 0.0,
        "y" : 0.0,
        "z" : 0.0,
        "zero" : true
      },
      "viewDistance" : 85.53105,
      "upDirectionRV" : {
        "x" : 0.8506508,
        "y" : 0.5257311,
        "z" : -0.0,
        "zero" : false
      }
    },
    "snapshot" : 14
  }, {
    "title" : "Complete Default",
    "content" : "",
    "view" : {
      "width" : 38.488968,
      "position" : {
        "x" : 0.0,
        "y" : 0.0,
        "z" : -85.53105
      },
      "stereo" : false,
      "lookAtPoint" : {
        "x" : 0.0,
        "y" : 0.0,
        "z" : 0.0
      },
      "lookDirection" : {
        "x" : 0.0,
        "y" : 0.0,
        "z" : 1.0
      },
      "upDirection" : {
        "x" : 0.8506508,
        "y" : 0.5257311,
        "z" : -0.0
      },
      "farClipDistance" : 171.0621,
      "nearClipDistance" : 0.21382761,
      "perspective" : false,
      "fieldOfView" : 0.44262883,
      "lookDirectionRV" : {
        "x" : 0.0,
        "y" : 0.0,
        "z" : 1.0,
        "zero" : false
      },
      "lookAtPointRV" : {
        "x" : 0.0,
        "y" : 0.0,
        "z" : 0.0,
        "zero" : true
      },
      "viewDistance" : 85.53105,
      "upDirectionRV" : {
        "x" : 0.8506508,
        "y" : 0.5257311,
        "z" : -0.0,
        "zero" : false
      }
    },
    "snapshot" : 11
  }, {
    "title" : "Faces Rotated",
    "content" : "",
    "view" : {
      "width" : 38.488968,
      "position" : {
        "x" : -26.43055,
        "y" : 42.765526,
        "z" : -69.196075
      },
      "stereo" : false,
      "lookAtPoint" : {
        "x" : 0.0,
        "y" : 0.0,
        "z" : 0.0
      },
      "lookDirection" : {
        "x" : 0.309017,
        "y" : -0.5,
        "z" : 0.809017
      },
      "upDirection" : {
        "x" : 0.85065085,
        "y" : 0.5257311,
        "z" : -1.5668007E-8
      },
      "farClipDistance" : 171.0621,
      "nearClipDistance" : 0.21382761,
      "perspective" : false,
      "fieldOfView" : 0.44262883,
      "lookDirectionRV" : {
        "x" : 0.309017,
        "y" : -0.5,
        "z" : 0.809017,
        "zero" : false
      },
      "lookAtPointRV" : {
        "x" : 0.0,
        "y" : 0.0,
        "z" : 0.0,
        "zero" : true
      },
      "viewDistance" : 85.53105,
      "upDirectionRV" : {
        "x" : 0.85065085,
        "y" : 0.5257311,
        "z" : -1.5668007E-8,
        "zero" : false
      }
    },
    "snapshot" : 13
  }, {
    "title" : "Complete Rotated Default",
    "content" : "",
    "view" : {
      "width" : 38.488968,
      "position" : {
        "x" : -26.43055,
        "y" : 42.765526,
        "z" : -69.196075
      },
      "stereo" : false,
      "lookAtPoint" : {
        "x" : 0.0,
        "y" : 0.0,
        "z" : 0.0
      },
      "lookDirection" : {
        "x" : 0.309017,
        "y" : -0.5,
        "z" : 0.809017
      },
      "upDirection" : {
        "x" : 0.85065085,
        "y" : 0.5257311,
        "z" : -1.5668007E-8
      },
      "farClipDistance" : 171.0621,
      "nearClipDistance" : 0.21382761,
      "perspective" : false,
      "fieldOfView" : 0.44262883,
      "lookDirectionRV" : {
        "x" : 0.309017,
        "y" : -0.5,
        "z" : 0.809017,
        "zero" : false
      },
      "lookAtPointRV" : {
        "x" : 0.0,
        "y" : 0.0,
        "z" : 0.0,
        "zero" : true
      },
      "viewDistance" : 85.53105,
      "upDirectionRV" : {
        "x" : 0.85065085,
        "y" : 0.5257311,
        "z" : -1.5668007E-8,
        "zero" : false
      }
    },
    "snapshot" : 12
  } ],
  "snapshots" : [ [ ], [ ], [ ], [ ], [ ], [ {
    "shape" : "b2dd9fec-bf52-49c2-801f-695a3d791e46",
    "color" : "#D91218",
    "position" : {
      "x" : -7.3939967,
      "y" : 3.9023948,
      "z" : 0.0
    },
    "orientation" : 0
  }, {
    "shape" : "7b6dec62-6ddd-4557-a1bb-f1ffaf8243ad",
    "color" : "#F2F2F2",
    "position" : {
      "x" : 6.6703897,
      "y" : -2.7315743,
      "z" : 4.236068
    },
    "orientation" : 0
  }, {
    "shape" : "33be1444-5891-4096-bf2c-0db4720c1a65",
    "color" : "#008EC2",
    "position" : {
      "x" : 2.4343216,
      "y" : 4.1225276,
      "z" : -6.854102
    },
    "orientation" : 7
  }, {
    "shape" : "b2dd9fec-bf52-49c2-801f-695a3d791e46",
    "color" : "#D91218",
    "position" : {
      "x" : -4.7759624,
      "y" : -0.33367318,
      "z" : 6.854102
    },
    "orientation" : 0
  }, {
    "shape" : "33be1444-5891-4096-bf2c-0db4720c1a65",
    "color" : "#008EC2",
    "position" : {
      "x" : -0.5398945,
      "y" : -7.187775,
      "z" : 4.236068
    },
    "orientation" : 47
  }, {
    "shape" : "7b6dec62-6ddd-4557-a1bb-f1ffaf8243ad",
    "color" : "#F2F2F2",
    "position" : {
      "x" : 2.4343216,
      "y" : 4.1225276,
      "z" : 6.854102
    },
    "orientation" : 0
  }, {
    "shape" : "7b6dec62-6ddd-4557-a1bb-f1ffaf8243ad",
    "color" : "#F2F2F2",
    "position" : {
      "x" : -0.5398945,
      "y" : -7.187775,
      "z" : -4.236068
    },
    "orientation" : 0
  }, {
    "shape" : "33be1444-5891-4096-bf2c-0db4720c1a65",
    "color" : "#008EC2",
    "position" : {
      "x" : 2.4343216,
      "y" : 4.1225276,
      "z" : 6.854102
    },
    "orientation" : 24
  }, {
    "shape" : "33be1444-5891-4096-bf2c-0db4720c1a65",
    "color" : "#008EC2",
    "position" : {
      "x" : -0.5398945,
      "y" : -7.187775,
      "z" : 4.236068
    },
    "orientation" : 51
  }, {
    "shape" : "33be1444-5891-4096-bf2c-0db4720c1a65",
    "color" : "#008EC2",
    "position" : {
      "x" : -4.7759624,
      "y" : -0.33367318,
      "z" : 6.854102
    },
    "orientation" : 55
  }, {
    "shape" : "7b6dec62-6ddd-4557-a1bb-f1ffaf8243ad",
    "color" : "#F2F2F2",
    "position" : {
      "x" : 6.6703897,
      "y" : -2.7315743,
      "z" : -4.236068
    },
    "orientation" : 0
  }, {
    "shape" : "b2dd9fec-bf52-49c2-801f-695a3d791e46",
    "color" : "#D91218",
    "position" : {
      "x" : -4.7759624,
      "y" : -0.33367318,
      "z" : -6.854102
    },
    "orientation" : 0
  }, {
    "shape" : "33be1444-5891-4096-bf2c-0db4720c1a65",
    "color" : "#008EC2",
    "position" : {
      "x" : -0.18371226,
      "y" : 8.358596,
      "z" : 0.0
    },
    "orientation" : 37
  }, {
    "shape" : "b2dd9fec-bf52-49c2-801f-695a3d791e46",
    "color" : "#D91218",
    "position" : {
      "x" : -0.5398945,
      "y" : -7.187775,
      "z" : -4.236068
    },
    "orientation" : 0
  }, {
    "shape" : "33be1444-5891-4096-bf2c-0db4720c1a65",
    "color" : "#008EC2",
    "position" : {
      "x" : 6.6703897,
      "y" : -2.7315743,
      "z" : -4.236068
    },
    "orientation" : 54
  }, {
    "shape" : "7b6dec62-6ddd-4557-a1bb-f1ffaf8243ad",
    "color" : "#F2F2F2",
    "position" : {
      "x" : 2.4343216,
      "y" : 4.1225276,
      "z" : -6.854102
    },
    "orientation" : 0
  }, {
    "shape" : "7b6dec62-6ddd-4557-a1bb-f1ffaf8243ad",
    "color" : "#F2F2F2",
    "position" : {
      "x" : -4.7759624,
      "y" : -0.33367318,
      "z" : -6.854102
    },
    "orientation" : 0
  }, {
    "shape" : "7b6dec62-6ddd-4557-a1bb-f1ffaf8243ad",
    "color" : "#F2F2F2",
    "position" : {
      "x" : -0.5398945,
      "y" : -7.187775,
      "z" : 4.236068
    },
    "orientation" : 0
  }, {
    "shape" : "33be1444-5891-4096-bf2c-0db4720c1a65",
    "color" : "#008EC2",
    "position" : {
      "x" : 6.6703897,
      "y" : -2.7315743,
      "z" : 4.236068
    },
    "orientation" : 47
  }, {
    "shape" : "b2dd9fec-bf52-49c2-801f-695a3d791e46",
    "color" : "#D91218",
    "position" : {
      "x" : -0.5398945,
      "y" : -7.187775,
      "z" : 4.236068
    },
    "orientation" : 0
  }, {
    "shape" : "33be1444-5891-4096-bf2c-0db4720c1a65",
    "color" : "#008EC2",
    "position" : {
      "x" : -0.5398945,
      "y" : -7.187775,
      "z" : -4.236068
    },
    "orientation" : 54
  }, {
    "shape" : "7b6dec62-6ddd-4557-a1bb-f1ffaf8243ad",
    "color" : "#F2F2F2",
    "position" : {
      "x" : -0.18371226,
      "y" : 8.358596,
      "z" : 0.0
    },
    "orientation" : 0
  }, {
    "shape" : "7b6dec62-6ddd-4557-a1bb-f1ffaf8243ad",
    "color" : "#F2F2F2",
    "position" : {
      "x" : -4.7759624,
      "y" : -0.33367318,
      "z" : 6.854102
    },
    "orientation" : 0
  }, {
    "shape" : "7b6dec62-6ddd-4557-a1bb-f1ffaf8243ad",
    "color" : "#F2F2F2",
    "position" : {
      "x" : -7.3939967,
      "y" : 3.9023948,
      "z" : 0.0
    },
    "orientation" : 0
  }, {
    "shape" : "33be1444-5891-4096-bf2c-0db4720c1a65",
    "color" : "#008EC2",
    "position" : {
      "x" : -7.3939967,
      "y" : 3.9023948,
      "z" : 0.0
    },
    "orientation" : 25
  } ], [ {
    "shape" : "33be1444-5891-4096-bf2c-0db4720c1a65",
    "color" : "#008EC2",
    "position" : {
      "x" : -0.5398945,
      "y" : -7.187775,
      "z" : -4.236068
    },
    "orientation" : 54
  }, {
    "shape" : "7b6dec62-6ddd-4557-a1bb-f1ffaf8243ad",
    "color" : "#F2F2F2",
    "position" : {
      "x" : 2.4343216,
      "y" : 4.1225276,
      "z" : -6.854102
    },
    "orientation" : 0
  }, {
    "shape" : "33be1444-5891-4096-bf2c-0db4720c1a65",
    "color" : "#008EC2",
    "position" : {
      "x" : -7.3939967,
      "y" : 3.9023948,
      "z" : 0.0
    },
    "orientation" : 25
  }, {
    "shape" : "33be1444-5891-4096-bf2c-0db4720c1a65",
    "color" : "#008EC2",
    "position" : {
      "x" : 2.4343216,
      "y" : 4.1225276,
      "z" : -6.854102
    },
    "orientation" : 7
  }, {
    "shape" : "7b6dec62-6ddd-4557-a1bb-f1ffaf8243ad",
    "color" : "#F2F2F2",
    "position" : {
      "x" : -4.7759624,
      "y" : -0.33367318,
      "z" : 6.854102
    },
    "orientation" : 0
  }, {
    "shape" : "b8d06f0c-23fc-4483-858e-40fe480e41b8",
    "color" : "#FFFF00",
    "position" : {
      "x" : -0.18371226,
      "y" : 8.358596,
      "z" : 0.0
    },
    "orientation" : 4
  }, {
    "shape" : "33be1444-5891-4096-bf2c-0db4720c1a65",
    "color" : "#008EC2",
    "position" : {
      "x" : 6.6703897,
      "y" : -2.7315743,
      "z" : -4.236068
    },
    "orientation" : 54
  }, {
    "shape" : "7b6dec62-6ddd-4557-a1bb-f1ffaf8243ad",
