{
  "field" : "golden",
  "symmetry" : "icosahedral",
  "orientations" : [ [ 1.0, 0.0, 0.0, 0.0, 0.0, 1.0, 0.0, 0.0, 0.0, 0.0, 1.0, 0.0, 0.0, 0.0, 0.0, 1.0 ], [ 0.0, 0.0, 1.0, 0.0, 1.0, 0.0, 0.0, 0.0, 0.0, 1.0, 0.0, 0.0, 0.0, 0.0, 0.0, 1.0 ], [ 0.0, 1.0, 0.0, 0.0, 0.0, 0.0, 1.0, 0.0, 1.0, 0.0, 0.0, 0.0, 0.0, 0.0, 0.0, 1.0 ], [ 0.809017, 0.309017, 0.5, 0.0, 0.309017, 0.5, -0.809017, 0.0, -0.5, 0.809017, 0.309017, 0.0, 0.0, 0.0, 0.0, 1.0 ], [ -0.5, 0.809017, 0.309017, 0.0, 0.809017, 0.309017, 0.5, 0.0, 0.309017, 0.5, -0.809017, 0.0, 0.0, 0.0, 0.0, 1.0 ], [ 0.309017, 0.5, -0.809017, 0.0, -0.5, 0.809017, 0.309017, 0.0, 0.809017, 0.309017, 0.5, 0.0, 0.0, 0.0, 0.0, 1.0 ], [ 0.5, 0.809017, 0.309017, 0.0, 0.809017, -0.309017, -0.5, 0.0, -0.309017, 0.5, -0.809017, 0.0, 0.0, 0.0, 0.0, 1.0 ], [ -0.309017, 0.5, -0.809017, 0.0, 0.5, 0.809017, 0.309017, 0.0, 0.809017, -0.309017, -0.5, 0.0, 0.0, 0.0, 0.0, 1.0 ], [ 0.809017, -0.309017, -0.5, 0.0, -0.309017, 0.5, -0.809017, 0.0, 0.5, 0.809017, 0.309017, 0.0, 0.0, 0.0, 0.0, 1.0 ], [ 0.5, 0.809017, -0.309017, 0.0, 0.809017, -0.309017, 0.5, 0.0, 0.309017, -0.5, -0.809017, 0.0, 0.0, 0.0, 0.0, 1.0 ], [ 0.309017, -0.5, -0.809017, 0.0, 0.5, 0.809017, -0.309017, 0.0, 0.809017, -0.309017, 0.5, 0.0, 0.0, 0.0, 0.0, 1.0 ], [ 0.809017, -0.309017, 0.5, 0.0, 0.309017, -0.5, -0.809017, 0.0, 0.5, 0.809017, -0.309017, 0.0, 0.0, 0.0, 0.0, 1.0 ], [ 0.809017, 0.309017, -0.5, 0.0, 0.309017, 0.5, 0.809017, 0.0, 0.5, -0.809017, 0.309017, 0.0, 0.0, 0.0, 0.0, 1.0 ], [ 0.5, -0.809017, 0.309017, 0.0, 0.809017, 0.309017, -0.5, 0.0, 0.309017, 0.5, 0.809017, 0.0, 0.0, 0.0, 0.0, 1.0 ], [ 0.309017, 0.5, 0.809017, 0.0, 0.5, -0.809017, 0.309017, 0.0, 0.809017, 0.309017, -0.5, 0.0, 0.0, 0.0, 0.0, 1.0 ], [ 1.0, 0.0, 0.0, 0.0, 0.0, -1.0, 0.0, 0.0, 0.0, 0.0, -1.0, 0.0, 0.0, 0.0, 0.0, 1.0 ], [ 0.0, 0.0, 1.0, 0.0, -1.0, 0.0, 0.0, 0.0, 0.0, -1.0, 0.0, 0.0, 0.0, 0.0, 0.0, 1.0 ], [ 0.0, 1.0, 0.0, 0.0, 0.0, 0.0, -1.0, 0.0, -1.0, 0.0, 0.0, 0.0, 0.0, 0.0, 0.0, 1.0 ], [ 0.809017, 0.309017, 0.5, 0.0, -0.309017, -0.5, 0.809017, 0.0, 0.5, -0.809017, -0.309017, 0.0, 0.0, 0.0, 0.0, 1.0 ], [ -0.5, 0.809017, 0.309017, 0.0, -0.809017, -0.309017, -0.5, 0.0, -0.309017, -0.5, 0.809017, 0.0, 0.0, 0.0, 0.0, 1.0 ], [ 0.309017, 0.5, -0.809017, 0.0, 0.5, -0.809017, -0.309017, 0.0, -0.809017, -0.309017, -0.5, 0.0, 0.0, 0.0, 0.0, 1.0 ], [ 0.5, 0.809017, 0.309017, 0.0, -0.809017, 0.309017, 0.5, 0.0, 0.309017, -0.5, 0.809017, 0.0, 0.0, 0.0, 0.0, 1.0 ], [ -0.309017, 0.5, -0.809017, 0.0, -0.5, -0.809017, -0.309017, 0.0, -0.809017, 0.309017, 0.5, 0.0, 0.0, 0.0, 0.0, 1.0 ], [ 0.809017, -0.309017, -0.5, 0.0, 0.309017, -0.5, 0.809017, 0.0, -0.5, -0.809017, -0.309017, 0.0, 0.0, 0.0, 0.0, 1.0 ], [ 0.5, 0.809017, -0.309017, 0.0, -0.809017, 0.309017, -0.5, 0.0, -0.309017, 0.5, 0.809017, 0.0, 0.0, 0.0, 0.0, 1.0 ], [ 0.309017, -0.5, -0.809017, 0.0, -0.5, -0.809017, 0.309017, 0.0, -0.809017, 0.309017, -0.5, 0.0, 0.0, 0.0, 0.0, 1.0 ], [ 0.809017, -0.309017, 0.5, 0.0, -0.309017, 0.5, 0.809017, 0.0, -0.5, -0.809017, 0.309017, 0.0, 0.0, 0.0, 0.0, 1.0 ], [ 0.809017, 0.309017, -0.5, 0.0, -0.309017, -0.5, -0.809017, 0.0, -0.5, 0.809017, -0.309017, 0.0, 0.0, 0.0, 0.0, 1.0 ], [ 0.5, -0.809017, 0.309017, 0.0, -0.809017, -0.309017, 0.5, 0.0, -0.309017, -0.5, -0.809017, 0.0, 0.0, 0.0, 0.0, 1.0 ], [ 0.309017, 0.5, 0.809017, 0.0, -0.5, 0.809017, -0.309017, 0.0, -0.809017, -0.309017, 0.5, 0.0, 0.0, 0.0, 0.0, 1.0 ], [ -1.0, 0.0, 0.0, 0.0, 0.0, -1.0, 0.0, 0.0, 0.0, 0.0, 1.0, 0.0, 0.0, 0.0, 0.0, 1.0 ], [ 0.0, 0.0, -1.0, 0.0, -1.0, 0.0, 0.0, 0.0, 0.0, 1.0, 0.0, 0.0, 0.0, 0.0, 0.0, 1.0 ], [ 0.0, -1.0, 0.0, 0.0, 0.0, 0.0, -1.0, 0.0, 1.0, 0.0, 0.0, 0.0, 0.0, 0.0, 0.0, 1.0 ], [ -0.809017, -0.309017, -0.5, 0.0, -0.309017, -0.5, 0.809017, 0.0, -0.5, 0.809017, 0.309017, 0.0, 0.0, 0.0, 0.0, 1.0 ], [ 0.5, -0.809017, -0.309017, 0.0, -0.809017, -0.309017, -0.5, 0.0, 0.309017, 0.5, -0.809017, 0.0, 0.0, 0.0, 0.0, 1.0 ], [ -0.309017, -0.5, 0.809017, 0.0, 0.5, -0.809017, -0.309017, 0.0, 0.809017, 0.309017, 0.5, 0.0, 0.0, 0.0, 0.0, 1.0 ], [ -0.5, -0.809017, -0.309017, 0.0, -0.809017, 0.309017, 0.5, 0.0, -0.309017, 0.5, -0.809017, 0.0, 0.0, 0.0, 0.0, 1.0 ], [ 0.309017, -0.5, 0.809017, 0.0, -0.5, -0.809017, -0.309017, 0.0, 0.809017, -0.309017, -0.5, 0.0, 0.0, 0.0, 0.0, 1.0 ], [ -0.809017, 0.309017, 0.5, 0.0, 0.309017, -0.5, 0.809017, 0.0, 0.5, 0.809017, 0.309017, 0.0, 0.0, 0.0, 0.0, 1.0 ], [ -0.5, -0.809017, 0.309017, 0.0, -0.809017, 0.309017, -0.5, 0.0, 0.309017, -0.5, -0.809017, 0.0, 0.0, 0.0, 0.0, 1.0 ], [ -0.309017, 0.5, 0.809017, 0.0, -0.5, -0.809017, 0.309017, 0.0, 0.809017, -0.309017, 0.5, 0.0, 0.0, 0.0, 0.0, 1.0 ], [ -0.809017, 0.309017, -0.5, 0.0, -0.309017, 0.5, 0.809017, 0.0, 0.5, 0.809017, -0.309017, 0.0, 0.0, 0.0, 0.0, 1.0 ], [ -0.809017, -0.309017, 0.5, 0.0, -0.309017, -0.5, -0.809017, 0.0, 0.5, -0.809017, 0.309017, 0.0, 0.0, 0.0, 0.0, 1.0 ], [ -0.5, 0.809017, -0.309017, 0.0, -0.809017, -0.309017, 0.5, 0.0, 0.309017, 0.5, 0.809017, 0.0, 0.0, 0.0, 0.0, 1.0 ], [ -0.309017, -0.5, -0.809017, 0.0, -0.5, 0.809017, -0.309017, 0.0, 0.809017, 0.309017, -0.5, 0.0, 0.0, 0.0, 0.0, 1.0 ], [ -1.0, 0.0, 0.0, 0.0, 0.0, 1.0, 0.0, 0.0, 0.0, 0.0, -1.0, 0.0, 0.0, 0.0, 0.0, 1.0 ], [ 0.0, 0.0, -1.0, 0.0, 1.0, 0.0, 0.0, 0.0, 0.0, -1.0, 0.0, 0.0, 0.0, 0.0, 0.0, 1.0 ], [ 0.0, -1.0, 0.0, 0.0, 0.0, 0.0, 1.0, 0.0, -1.0, 0.0, 0.0, 0.0, 0.0, 0.0, 0.0, 1.0 ], [ -0.809017, -0.309017, -0.5, 0.0, 0.309017, 0.5, -0.809017, 0.0, 0.5, -0.809017, -0.309017, 0.0, 0.0, 0.0, 0.0, 1.0 ], [ 0.5, -0.809017, -0.309017, 0.0, 0.809017, 0.309017, 0.5, 0.0, -0.309017, -0.5, 0.809017, 0.0, 0.0, 0.0, 0.0, 1.0 ], [ -0.309017, -0.5, 0.809017, 0.0, -0.5, 0.809017, 0.309017, 0.0, -0.809017, -0.309017, -0.5, 0.0, 0.0, 0.0, 0.0, 1.0 ], [ -0.5, -0.809017, -0.309017, 0.0, 0.809017, -0.309017, -0.5, 0.0, 0.309017, -0.5, 0.809017, 0.0, 0.0, 0.0, 0.0, 1.0 ], [ 0.309017, -0.5, 0.809017, 0.0, 0.5, 0.809017, 0.309017, 0.0, -0.809017, 0.309017, 0.5, 0.0, 0.0, 0.0, 0.0, 1.0 ], [ -0.809017, 0.309017, 0.5, 0.0, -0.309017, 0.5, -0.809017, 0.0, -0.5, -0.809017, -0.309017, 0.0, 0.0, 0.0, 0.0, 1.0 ], [ -0.5, -0.809017, 0.309017, 0.0, 0.809017, -0.309017, 0.5, 0.0, -0.309017, 0.5, 0.809017, 0.0, 0.0, 0.0, 0.0, 1.0 ], [ -0.309017, 0.5, 0.809017, 0.0, 0.5, 0.809017, -0.309017, 0.0, -0.809017, 0.309017, -0.5, 0.0, 0.0, 0.0, 0.0, 1.0 ], [ -0.809017, 0.309017, -0.5, 0.0, 0.309017, -0.5, -0.809017, 0.0, -0.5, -0.809017, 0.309017, 0.0, 0.0, 0.0, 0.0, 1.0 ], [ -0.809017, -0.309017, 0.5, 0.0, 0.309017, 0.5, 0.809017, 0.0, -0.5, 0.809017, -0.309017, 0.0, 0.0, 0.0, 0.0, 1.0 ], [ -0.5, 0.809017, -0.309017, 0.0, 0.809017, 0.309017, -0.5, 0.0, -0.309017, -0.5, -0.809017, 0.0, 0.0, 0.0, 0.0, 1.0 ], [ -0.309017, -0.5, -0.809017, 0.0, 0.5, -0.809017, 0.309017, 0.0, -0.809017, -0.309017, 0.5, 0.0, 0.0, 0.0, 0.0, 1.0 ] ],
  "lights" : {
    "directionalLights" : [ {
      "direction" : {
        "x" : 1.0,
        "y" : -1.0,
        "z" : -1.0
      },
      "color" : "#EBEBE4"
    }, {
      "direction" : {
        "x" : -1.0,
        "y" : 0.0,
        "z" : 0.0
      },
      "color" : "#E4E4EB"
    }, {
      "direction" : {
        "x" : 0.0,
        "y" : 0.0,
        "z" : -1.0
      },
      "color" : "#1E1E1E"
    } ],
    "ambientColor" : "#292929",
    "backgroundColor" : "#AFC8DC"
  },
  "camera" : {
    "position" : {
      "x" : 149.29347,
      "y" : 0.0,
      "z" : -241.56192
    },
    "width" : 127.7879,
    "stereo" : false,
    "lookAtPoint" : {
      "x" : 0.0,
      "y" : 0.0,
      "z" : 0.0
    },
    "upDirection" : {
      "x" : 0.0,
      "y" : -1.0,
      "z" : 0.0
    },
    "lookDirection" : {
      "x" : -0.5257311,
      "y" : 0.0,
      "z" : 0.8506508
    },
    "perspective" : false,
    "nearClipDistance" : 0.7099326,
    "viewDistance" : 283.97308,
    "fieldOfView" : 0.44262892,
    "farClipDistance" : 567.9459
  },
  "embedding" : [ 1.0, 0.0, 0.0, 0.0, 0.0, 1.0, 0.0, 0.0, 0.0, 0.0, 1.0, 0.0, 0.0, 0.0, 0.0, 1.0 ],
  "shapes" : [ {
    "id" : "df875550-f90b-4c71-abb4-1c09b5044d6d",
    "vertices" : [ {
      "x" : 0.309017,
      "y" : -0.809017,
      "z" : 0.618034
    }, {
      "x" : 0.809017,
      "y" : -0.618034,
      "z" : 0.309017
    }, {
      "x" : 0.618034,
      "y" : -0.309017,
      "z" : 0.809017
    }, {
      "x" : 1.0,
      "y" : 0.309017,
      "z" : 0.19098301
    }, {
      "x" : 0.809017,
      "y" : 0.618034,
      "z" : 0.309017
    }, {
      "x" : 0.618034,
      "y" : 0.309017,
      "z" : 0.809017
    }, {
      "x" : 0.809017,
      "y" : 0.0,
      "z" : 0.690983
    }, {
      "x" : 0.19098301,
      "y" : -1.0,
      "z" : 0.309017
    }, {
      "x" : -0.19098301,
      "y" : -1.0,
      "z" : 0.309017
    }, {
      "x" : -0.19098301,
      "y" : -1.0,
      "z" : -0.309017
    }, {
      "x" : 0.19098301,
      "y" : -1.0,
      "z" : -0.309017
    }, {
      "x" : 1.0,
      "y" : -0.309017,
      "z" : -0.19098301
    }, {
      "x" : 0.809017,
      "y" : -0.618034,
      "z" : -0.309017
    }, {
      "x" : 0.618034,
      "y" : -0.309017,
      "z" : -0.809017
    }, {
      "x" : 0.809017,
      "y" : 0.0,
      "z" : -0.690983
    }, {
      "x" : 0.0,
      "y" : 0.690983,
      "z" : -0.809017
    }, {
      "x" : 0.309017,
      "y" : 0.809017,
      "z" : -0.618034
    }, {
      "x" : 0.618034,
      "y" : 0.309017,
      "z" : -0.809017
    }, {
      "x" : 0.309017,
      "y" : 0.19098301,
      "z" : -1.0
    }, {
      "x" : 1.0,
      "y" : 0.309017,
      "z" : -0.19098301
    }, {
      "x" : -0.309017,
      "y" : -0.809017,
      "z" : 0.618034
    }, {
      "x" : 0.0,
      "y" : -0.690983,
      "z" : 0.809017
    }, {
      "x" : 0.809017,
      "y" : 0.618034,
      "z" : -0.309017
    }, {
      "x" : 0.690983,
      "y" : 0.809017,
      "z" : 0.0
    }, {
      "x" : -0.690983,
      "y" : 0.809017,
      "z" : 0.0
    }, {
      "x" : -0.809017,
      "y" : 0.618034,
      "z" : 0.309017
    }, {
      "x" : -0.309017,
      "y" : 0.809017,
      "z" : 0.618034
    }, {
      "x" : -0.19098301,
      "y" : 1.0,
      "z" : 0.309017
    }, {
      "x" : 0.309017,
      "y" : -0.19098301,
      "z" : -1.0
    }, {
      "x" : 0.19098301,
      "y" : 1.0,
      "z" : 0.309017
    }, {
      "x" : 0.309017,
      "y" : 0.809017,
      "z" : 0.618034
    }, {
      "x" : -0.809017,
      "y" : -0.618034,
      "z" : 0.309017
    }, {
      "x" : -0.690983,
      "y" : -0.809017,
      "z" : 0.0
    }, {
      "x" : 0.0,
      "y" : 0.690983,
      "z" : 0.809017
    }, {
      "x" : 0.309017,
      "y" : -0.809017,
      "z" : -0.618034
    }, {
      "x" : 0.0,
      "y" : -0.690983,
      "z" : -0.809017
    }, {
      "x" : -1.0,
      "y" : 0.309017,
      "z" : 0.19098301
    }, {
      "x" : -0.809017,
      "y" : 0.0,
      "z" : 0.690983
    }, {
      "x" : -0.618034,
      "y" : 0.309017,
      "z" : 0.809017
    }, {
      "x" : 1.0,
      "y" : -0.309017,
      "z" : 0.19098301
    }, {
      "x" : -0.309017,
      "y" : -0.809017,
      "z" : -0.618034
    }, {
      "x" : -1.0,
      "y" : 0.309017,
      "z" : -0.19098301
    }, {
      "x" : -1.0,
      "y" : -0.309017,
      "z" : -0.19098301
    }, {
      "x" : -1.0,
      "y" : -0.309017,
      "z" : 0.19098301
    }, {
      "x" : 0.19098301,
      "y" : 1.0,
      "z" : -0.309017
    }, {
      "x" : -0.809017,
      "y" : 0.618034,
      "z" : -0.309017
    }, {
      "x" : -0.19098301,
      "y" : 1.0,
      "z" : -0.309017
    }, {
      "x" : -0.309017,
      "y" : 0.809017,
      "z" : -0.618034
    }, {
      "x" : -0.618034,
      "y" : -0.309017,
      "z" : 0.809017
    }, {
      "x" : 0.309017,
      "y" : 0.19098301,
      "z" : 1.0
    }, {
      "x" : -0.309017,
      "y" : 0.19098301,
      "z" : -1.0
    }, {
      "x" : -0.309017,
      "y" : 0.19098301,
      "z" : 1.0
    }, {
      "x" : -0.309017,
      "y" : -0.19098301,
      "z" : 1.0
    }, {
      "x" : 0.309017,
      "y" : -0.19098301,
      "z" : 1.0
    }, {
      "x" : 0.690983,
      "y" : -0.809017,
      "z" : 0.0
    }, {
      "x" : -0.809017,
      "y" : 0.0,
      "z" : -0.690983
    }, {
      "x" : -0.618034,
      "y" : -0.309017,
      "z" : -0.809017
    }, {
      "x" : -0.309017,
      "y" : -0.19098301,
      "z" : -1.0
    }, {
      "x" : -0.618034,
      "y" : 0.309017,
      "z" : -0.809017
    }, {
      "x" : -0.809017,
      "y" : -0.618034,
      "z" : -0.309017
    } ],
    "faces" : [ {
      "vertices" : [ 9, 40, 35 ]
    }, {
      "vertices" : [ 9, 35, 34 ]
    }, {
      "vertices" : [ 9, 34, 10 ]
    }, {
      "vertices" : [ 0, 1, 2 ]
    }, {
      "vertices" : [ 33, 51, 49 ]
    }, {
      "vertices" : [ 25, 36, 37 ]
    }, {
      "vertices" : [ 25, 37, 38 ]
    }, {
      "vertices" : [ 41, 55, 42 ]
    }, {
      "vertices" : [ 9, 32, 59 ]
    }, {
      "vertices" : [ 9, 59, 40 ]
    }, {
      "vertices" : [ 20, 21, 52 ]
    }, {
      "vertices" : [ 20, 52, 48 ]
    }, {
      "vertices" : [ 26, 33, 30 ]
    }, {
      "vertices" : [ 26, 30, 29 ]
    }, {
      "vertices" : [ 26, 29, 27 ]
    }, {
      "vertices" : [ 3, 4, 5 ]
    }, {
      "vertices" : [ 3, 5, 6 ]
    }, {
      "vertices" : [ 27, 29, 44 ]
    }, {
      "vertices" : [ 27, 44, 46 ]
    }, {
      "vertices" : [ 50, 57, 56 ]
    }, {
      "vertices" : [ 50, 56, 55 ]
    }, {
      "vertices" : [ 50, 55, 58 ]
    }, {
      "vertices" : [ 26, 38, 51 ]
    }, {
      "vertices" : [ 26, 51, 33 ]
    }, {
      "vertices" : [ 45, 47, 58 ]
    }, {
      "vertices" : [ 18, 28, 57 ]
    }, {
      "vertices" : [ 18, 57, 50 ]
    }, {
      "vertices" : [ 40, 59, 56 ]
    }, {
      "vertices" : [ 31, 48, 37 ]
    }, {
      "vertices" : [ 31, 37, 43 ]
    }, {
      "vertices" : [ 7, 8, 9 ]
    }, {
      "vertices" : [ 7, 9, 10 ]
    }, {
      "vertices" : [ 36, 41, 42 ]
    }, {
      "vertices" : [ 36, 42, 43 ]
    }, {
      "vertices" : [ 24, 46, 47 ]
    }, {
      "vertices" : [ 24, 47, 45 ]
    }, {
      "vertices" : [ 4, 30, 5 ]
    }, {
      "vertices" : [ 15, 47, 46 ]
    }, {
      "vertices" : [ 15, 46, 44 ]
    }, {
      "vertices" : [ 15, 44, 16 ]
    }, {
      "vertices" : [ 15, 50, 58 ]
    }, {
      "vertices" : [ 15, 58, 47 ]
    }, {
      "vertices" : [ 24, 45, 41 ]
    }, {
      "vertices" : [ 24, 41, 36 ]
    }, {
      "vertices" : [ 24, 36, 25 ]
    }, {
      "vertices" : [ 11, 14, 19 ]
    }, {
      "vertices" : [ 3, 6, 39 ]
    }, {
      "vertices" : [ 1, 39, 6 ]
    }, {
      "vertices" : [ 1, 6, 2 ]
    }, {
      "vertices" : [ 8, 32, 9 ]
    }, {
      "vertices" : [ 11, 12, 13 ]
    }, {
      "vertices" : [ 11, 13, 14 ]
    }, {
      "vertices" : [ 16, 22, 17 ]
    }, {
      "vertices" : [ 0, 21, 20 ]
    }, {
      "vertices" : [ 0, 20, 8 ]
    }, {
      "vertices" : [ 0, 8, 7 ]
    }, {
      "vertices" : [ 12, 34, 13 ]
    }, {
      "vertices" : [ 35, 40, 56 ]
    }, {
      "vertices" : [ 35, 56, 57 ]
    }, {
      "vertices" : [ 0, 7, 54 ]
    }, {
      "vertices" : [ 0, 54, 1 ]
    }, {
      "vertices" : [ 15, 16, 17 ]
    }, {
      "vertices" : [ 15, 17, 18 ]
    }, {
      "vertices" : [ 3, 19, 22 ]
    }, {
      "vertices" : [ 3, 22, 23 ]
    }, {
      "vertices" : [ 3, 23, 4 ]
    }, {
      "vertices" : [ 7, 10, 54 ]
    }, {
      "vertices" : [ 41, 45, 58 ]
    }, {
      "vertices" : [ 41, 58, 55 ]
    }, {
      "vertices" : [ 3, 39, 11 ]
    }, {
      "vertices" : [ 3, 11, 19 ]
    }, {
      "vertices" : [ 14, 17, 22 ]
    }, {
      "vertices" : [ 14, 22, 19 ]
    }, {
      "vertices" : [ 0, 2, 53 ]
    }, {
      "vertices" : [ 0, 53, 21 ]
    }, {
      "vertices" : [ 49, 51, 52 ]
    }, {
      "vertices" : [ 49, 52, 53 ]
    }, {
      "vertices" : [ 31, 43, 42 ]
    }, {
      "vertices" : [ 31, 42, 59 ]
    }, {
      "vertices" : [ 31, 59, 32 ]
    }, {
      "vertices" : [ 15, 18, 50 ]
    }, {
      "vertices" : [ 42, 55, 56 ]
    }, {
      "vertices" : [ 42, 56, 59 ]
    }, {
      "vertices" : [ 4, 23, 29 ]
    }, {
      "vertices" : [ 4, 29, 30 ]
    }, {
      "vertices" : [ 25, 38, 26 ]
    }, {
      "vertices" : [ 13, 28, 18 ]
    }, {
      "vertices" : [ 13, 18, 17 ]
    }, {
      "vertices" : [ 13, 17, 14 ]
    }, {
      "vertices" : [ 8, 20, 31 ]
    }, {
      "vertices" : [ 8, 31, 32 ]
    }, {
      "vertices" : [ 23, 44, 29 ]
    }, {
      "vertices" : [ 24, 27, 46 ]
    }, {
      "vertices" : [ 37, 48, 52 ]
    }, {
      "vertices" : [ 37, 52, 51 ]
    }, {
      "vertices" : [ 37, 51, 38 ]
    }, {
      "vertices" : [ 20, 48, 31 ]
    }, {
      "vertices" : [ 24, 25, 26 ]
    }, {
      "vertices" : [ 24, 26, 27 ]
    }, {
      "vertices" : [ 16, 44, 23 ]
    }, {
      "vertices" : [ 16, 23, 22 ]
    }, {
      "vertices" : [ 13, 34, 35 ]
    }, {
      "vertices" : [ 13, 35, 28 ]
    }, {
      "vertices" : [ 10, 34, 12 ]
    }, {
      "vertices" : [ 10, 12, 54 ]
    }, {
      "vertices" : [ 2, 6, 5 ]
    }, {
      "vertices" : [ 2, 5, 49 ]
    }, {
      "vertices" : [ 2, 49, 53 ]
    }, {
      "vertices" : [ 36, 43, 37 ]
    }, {
      "vertices" : [ 5, 30, 33 ]
    }, {
      "vertices" : [ 5, 33, 49 ]
    }, {
      "vertices" : [ 1, 54, 12 ]
    }, {
      "vertices" : [ 1, 12, 11 ]
    }, {
      "vertices" : [ 1, 11, 39 ]
    }, {
      "vertices" : [ 28, 35, 57 ]
    }, {
      "vertices" : [ 21, 53, 52 ]
    } ]
  }, {
    "id" : "7cd77f75-48c1-4b79-89fa-4c678d3966b5",
    "vertices" : [ {
      "x" : -6.887062,
      "y" : 13.29663,
      "z" : 23.664524
    }, {
      "x" : -7.287062,
      "y" : 13.1966305,
      "z" : 23.564524
    }, {
      "x" : -0.4330454,
      "y" : 0.41157374,
      "z" : 0.3798376
    }, {
      "x" : -0.033045378,
      "y" : 0.51157373,
      "z" : 0.4798376
    }, {
      "x" : -7.4203954,
      "y" : 13.49663,
      "z" : 23.33119
    }, {
      "x" : -7.0203953,
      "y" : 13.59663,
      "z" : 23.43119
    }, {
      "x" : 0.10028795,
      "y" : 0.21157375,
      "z" : 0.71317095
    }, {
      "x" : -0.29971203,
      "y" : 0.111573756,
      "z" : 0.6131709
    } ],
    "faces" : [ {
      "vertices" : [ 2, 3, 6 ]
    }, {
      "vertices" : [ 2, 6, 7 ]
    }, {
      "vertices" : [ 0, 5, 4 ]
    }, {
      "vertices" : [ 0, 4, 1 ]
    }, {
      "vertices" : [ 2, 4, 5 ]
    }, {
      "vertices" : [ 2, 5, 3 ]
    }, {
      "vertices" : [ 0, 6, 3 ]
    }, {
      "vertices" : [ 0, 3, 5 ]
    }, {
      "vertices" : [ 0, 1, 7 ]
    }, {
      "vertices" : [ 0, 7, 6 ]
    }, {
      "vertices" : [ 1, 4, 2 ]
    }, {
      "vertices" : [ 1, 2, 7 ]
    } ]
  }, {
    "id" : "4e16cd29-26b7-40f5-84d0-dcbbf72b8bdc",
    "vertices" : [ {
      "x" : 0.0,
      "y" : 1.8640214,
      "z" : -28.568436
    }, {
      "x" : -22.18034,
      "y" : 12.200179,
      "z" : -13.708204
    }, {
      "x" : -11.844182,
      "y" : 25.19639,
      "z" : -7.3201075
    }, {
      "x" : 10.336158,
      "y" : 14.860232,
      "z" : -22.18034
    } ],
    "faces" : [ {
      "vertices" : [ 0, 1, 2 ]
    }, {
      "vertices" : [ 0, 2, 3 ]
    }, {
      "vertices" : [ 0, 3, 2 ]
    }, {
      "vertices" : [ 0, 2, 1 ]
    } ]
  }, {
    "id" : "49dbd1d3-d55e-4c43-89bb-4ee284f580b8",
    "vertices" : [ {
      "x" : -1.8640214,
      "y" : -10.336158,
      "z" : 24.044361
    }, {
      "x" : -16.724255,
      "y" : -13.708204,
      "z" : 14.860232
    }, {
      "x" : -3.01605,
      "y" : -28.568436,
      "z" : -1.8640214
    }, {
      "x" : 11.844182,
      "y" : -25.19639,
      "z" : 7.3201075
    } ],
    "faces" : [ {
      "vertices" : [ 0, 1, 2 ]
    }, {
      "vertices" : [ 0, 2, 3 ]
    }, {
      "vertices" : [ 0, 3, 2 ]
    }, {
      "vertices" : [ 0, 2, 1 ]
    } ]
  }, {
    "id" : "0fd0df60-1165-424d-b29b-9c7ae7bd579a",
    "vertices" : [ {
      "x" : 13.371991,
      "y" : -6.9968524,
      "z" : 8.061339
    }, {
      "x" : 13.271991,
      "y" : -7.3968525,
      "z" : 7.9613395
    }, {
      "x" : 0.33621287,
      "y" : -0.5432729,
      "z" : 0.41079664
    }, {
      "x" : 0.43621287,
      "y" : -0.14327289,
      "z" : 0.51079667
    }, {
      "x" : 13.038658,
      "y" : -7.5301857,
      "z" : 8.261339
    }, {
      "x" : 13.138658,
      "y" : -7.1301856,
      "z" : 8.36134
    }, {
      "x" : 0.6695462,
      "y" : -0.009939562,
      "z" : 0.21079664
    }, {
      "x" : 0.56954616,
      "y" : -0.40993956,
      "z" : 0.11079664
    } ],
    "faces" : [ {
      "vertices" : [ 2, 3, 6 ]
    }, {
      "vertices" : [ 2, 6, 7 ]
    }, {
      "vertices" : [ 0, 5, 4 ]
    }, {
      "vertices" : [ 0, 4, 1 ]
    }, {
      "vertices" : [ 2, 4, 5 ]
    }, {
      "vertices" : [ 2, 5, 3 ]
    }, {
      "vertices" : [ 0, 6, 3 ]
    }, {
      "vertices" : [ 0, 3, 5 ]
    }, {
      "vertices" : [ 0, 1, 7 ]
    }, {
      "vertices" : [ 0, 7, 6 ]
    }, {
      "vertices" : [ 1, 4, 2 ]
    }, {
      "vertices" : [ 1, 2, 7 ]
    } ]
  }, {
    "id" : "8bf70740-9580-4278-8bcd-299a3a0d4039",
    "vertices" : [ {
      "x" : 10.336158,
      "y" : 14.860232,
      "z" : -22.18034
    }, {
      "x" : -11.844182,
      "y" : 25.19639,
      "z" : -7.3201075
    }, {
      "x" : 3.01605,
      "y" : 28.568436,
      "z" : 1.8640214
    } ],
    "faces" : [ {
      "vertices" : [ 0, 1, 2 ]
    }, {
      "vertices" : [ 0, 2, 1 ]
    } ]
  }, {
    "id" : "272e849e-d2db-44e4-97a2-b736f03170cf",
    "vertices" : [ {
      "x" : 11.844182,
      "y" : -25.19639,
      "z" : 7.3201075
    }, {
      "x" : 22.18034,
      "y" : -10.336158,
      "z" : -14.860232
    }, {
      "x" : 22.18034,
      "y" : -12.200179,
      "z" : 13.708204
    } ],
    "faces" : [ {
      "vertices" : [ 0, 1, 2 ]
    }, {
      "vertices" : [ 0, 2, 1 ]
    } ]
  }, {
    "id" : "b0535a73-2191-406f-8de7-043170957505",
    "vertices" : [ {
      "x" : -24.044361,
      "y" : 1.8640214,
      "z" : 10.336158
    }, {
      "x" : -13.708204,
      "y" : 14.860232,
      "z" : 16.724255
    }, {
      "x" : -11.844182,
      "y" : 25.19639,
      "z" : -7.3201075
    }, {
      "x" : -22.18034,
      "y" : 12.200179,
      "z" : -13.708204
    } ],
    "faces" : [ {
      "vertices" : [ 0, 1, 2 ]
    }, {
      "vertices" : [ 0, 2, 3 ]
    }, {
      "vertices" : [ 0, 3, 2 ]
    }, {
      "vertices" : [ 0, 2, 1 ]
    } ]
  }, {
    "id" : "8adfb9eb-b972-4641-9998-36e7a6c63ae2",
    "vertices" : [ {
      "x" : -16.361042,
      "y" : -13.489182,
      "z" : 14.278267
    }, {
      "x" : -16.461042,
      "y" : -13.089183,
      "z" : 14.378266
    }, {
      "x" : -0.363212,
      "y" : -0.21902104,
      "z" : 0.581966
    }, {
      "x" : -0.26321197,
      "y" : -0.61902106,
      "z" : 0.48196602
    }, {
      "x" : -16.227709,
      "y" : -13.222516,
      "z" : 14.678267
    }, {
      "x" : -16.127708,
      "y" : -13.622517,
      "z" : 14.578266
    }, {
      "x" : -0.4965453,
      "y" : -0.4856877,
      "z" : 0.181966
    }, {
      "x" : -0.59654534,
      "y" : -0.08568771,
      "z" : 0.281966
    } ],
    "faces" : [ {
      "vertices" : [ 2, 3, 6 ]
    }, {
      "vertices" : [ 2, 6, 7 ]
    }, {
      "vertices" : [ 0, 5, 4 ]
    }, {
      "vertices" : [ 0, 4, 1 ]
    }, {
      "vertices" : [ 2, 4, 5 ]
    }, {
      "vertices" : [ 2, 5, 3 ]
    }, {
      "vertices" : [ 0, 6, 3 ]
    }, {
      "vertices" : [ 0, 3, 5 ]
    }, {
      "vertices" : [ 0, 1, 7 ]
    }, {
      "vertices" : [ 0, 7, 6 ]
    }, {
      "vertices" : [ 1, 4, 2 ]
    }, {
      "vertices" : [ 1, 2, 7 ]
    } ]
  }, {
    "id" : "5684f721-18ab-4b2a-85e8-fd990d0600d8",
    "vertices" : [ {
      "x" : 0.0,
      "y" : 7.3201075,
      "z" : 25.19639
    }, {
      "x" : -13.708204,
      "y" : 14.860232,
      "z" : 16.724255
    }, {
      "x" : -24.044361,
      "y" : 1.8640214,
      "z" : 10.336158
    }, {
      "x" : -16.724255,
      "y" : -13.708204,
      "z" : 14.860232
    }, {
      "x" : -1.8640214,
      "y" : -10.336158,
      "z" : 24.044361
    } ],
    "faces" : [ {
      "vertices" : [ 0, 1, 2 ]
    }, {
      "vertices" : [ 0, 2, 3 ]
    }, {
      "vertices" : [ 0, 3, 4 ]
    }, {
      "vertices" : [ 0, 4, 3 ]
    }, {
      "vertices" : [ 0, 3, 2 ]
    }, {
      "vertices" : [ 0, 2, 1 ]
    } ]
  }, {
    "id" : "34ebe38d-6a15-478a-a725-dd41ea0d166a",
    "vertices" : [ {
      "x" : -3.01605,
      "y" : -28.568436,
      "z" : -1.8640214
    }, {
      "x" : -16.724255,
      "y" : -13.708204,
      "z" : 14.860232
    }, {
      "x" : -16.724255,
      "y" : -21.02831,
      "z" : -10.336158
    } ],
    "faces" : [ {
      "vertices" : [ 0, 1, 2 ]
    }, {
      "vertices" : [ 0, 2, 1 ]
    } ]
  }, {
    "id" : "4dca120c-71e3-421e-9af2-0cdebeac695c",
    "vertices" : [ {
      "x" : -3.01605,
      "y" : -28.568436,
      "z" : -1.8640214
    }, {
      "x" : 7.3201075,
      "y" : -13.708204,
      "z" : -24.044361
    }, {
      "x" : 22.18034,
      "y" : -10.336158,
      "z" : -14.860232
    }, {
      "x" : 11.844182,
      "y" : -25.19639,
      "z" : 7.3201075
    } ],
    "faces" : [ {
      "vertices" : [ 0, 1, 2 ]
    }, {
      "vertices" : [ 0, 2, 3 ]
    }, {
      "vertices" : [ 0, 3, 2 ]
    }, {
      "vertices" : [ 0, 2, 1 ]
    } ]
  }, {
    "id" : "7bd19d1f-dc24-41bd-b4dd-d335ddb3d9fe",
    "vertices" : [ {
      "x" : 0.0,
      "y" : 7.3201075,
      "z" : 25.19639
    }, {
      "x" : 16.724255,
      "y" : 21.02831,
      "z" : 10.336158
    }, {
      "x" : 3.01605,
      "y" : 28.568436,
      "z" : 1.8640214
    }, {
      "x" : -13.708204,
      "y" : 14.860232,
      "z" : 16.724255
    } ],
    "faces" : [ {
      "vertices" : [ 0, 1, 2 ]
    }, {
      "vertices" : [ 0, 2, 3 ]
    }, {
      "vertices" : [ 0, 3, 2 ]
    }, {
      "vertices" : [ 0, 2, 1 ]
    } ]
  }, {
    "id" : "63c0f4b5-b4dd-4ba3-b805-978975f54b16",
    "vertices" : [ {
      "x" : -24.044361,
      "y" : -5.4560857,
      "z" : -14.860232
    }, {
      "x" : -22.18034,
      "y" : 12.200179,
      "z" : -13.708204
    }, {
      "x" : 0.0,
      "y" : 1.8640214,
      "z" : -28.568436
    } ],
    "faces" : [ {
      "vertices" : [ 0, 1, 2 ]
    }, {
      "vertices" : [ 0, 2, 1 ]
    } ]
  }, {
    "id" : "329d6e32-f9c4-4a1d-a9bd-3ebb5e6aca72",
    "vertices" : [ {
      "x" : 22.18034,
      "y" : -12.200179,
      "z" : 13.708204
    }, {
      "x" : 24.044361,
      "y" : 5.4560857,
      "z" : 14.860232
    }, {
      "x" : 0.0,
      "y" : 7.3201075,
      "z" : 25.19639
    }, {
      "x" : -1.8640214,
      "y" : -10.336158,
      "z" : 24.044361
    } ],
    "faces" : [ {
      "vertices" : [ 0, 1, 2 ]
    }, {
      "vertices" : [ 0, 2, 3 ]
    }, {
      "vertices" : [ 0, 3, 2 ]
    }, {
      "vertices" : [ 0, 2, 1 ]
    } ]
  }, {
    "id" : "e709486b-6e0d-483b-b4eb-effe158a5e03",
    "vertices" : [ {
      "x" : 11.844182,
      "y" : -25.19639,
      "z" : 7.3201075
    }, {
      "x" : 22.18034,
      "y" : -12.200179,
      "z" : 13.708204
    }, {
      "x" : -1.8640214,
      "y" : -10.336158,
      "z" : 24.044361
    } ],
    "faces" : [ {
      "vertices" : [ 0, 1, 2 ]
    }, {
      "vertices" : [ 0, 2, 1 ]
    } ]
  }, {
    "id" : "31322c84-09ed-46b5-a42e-2875f07a7463",
    "vertices" : [ {
      "x" : -24.044361,
      "y" : 1.8640214,
      "z" : 10.336158
    }, {
      "x" : -22.18034,
      "y" : 12.200179,
      "z" : -13.708204
    }, {
      "x" : -24.044361,
      "y" : -5.4560857,
      "z" : -14.860232
    } ],
    "faces" : [ {
      "vertices" : [ 0, 1, 2 ]
    }, {
      "vertices" : [ 0, 2, 1 ]
    } ]
  }, {
    "id" : "a9f2a1a9-c787-4fe2-a39b-1905fc5eeecc",
    "vertices" : [ {
      "x" : -13.708204,
      "y" : 14.860232,
      "z" : 16.724255
    }, {
      "x" : 3.01605,
      "y" : 28.568436,
      "z" : 1.8640214
    }, {
      "x" : -11.844182,
      "y" : 25.19639,
      "z" : -7.3201075
    } ],
    "faces" : [ {
      "vertices" : [ 0, 1, 2 ]
    }, {
      "vertices" : [ 0, 2, 1 ]
    } ]
  }, {
    "id" : "82f8e695-56dd-44f5-aa1b-c666f15652cc",
    "vertices" : [ {
      "x" : -16.724255,
      "y" : -21.02831,
      "z" : -10.336158
    }, {
      "x" : -24.044361,
      "y" : -5.4560857,
      "z" : -14.860232
    }, {
      "x" : 0.0,
      "y" : 1.8640214,
      "z" : -28.568436
    }, {
      "x" : 7.3201075,
      "y" : -13.708204,
      "z" : -24.044361
    } ],
    "faces" : [ {
      "vertices" : [ 0, 1, 2 ]
    }, {
      "vertices" : [ 0, 2, 3 ]
    }, {
      "vertices" : [ 0, 3, 2 ]
    }, {
      "vertices" : [ 0, 2, 1 ]
    } ]
  }, {
    "id" : "c4eeb2ee-e413-46ec-88c3-9bd0d430680b",
    "vertices" : [ {
      "x" : 10.336158,
      "y" : 14.860232,
      "z" : -22.18034
    }, {
      "x" : 3.01605,
      "y" : 28.568436,
      "z" : 1.8640214
    }, {
      "x" : 16.724255,
      "y" : 21.02831,
      "z" : 10.336158
    }, {
      "x" : 24.044361,
      "y" : 7.3201075,
      "z" : -13.708204
    } ],
    "faces" : [ {
      "vertices" : [ 0, 1, 2 ]
    }, {
      "vertices" : [ 0, 2, 3 ]
    }, {
      "vertices" : [ 0, 3, 2 ]
    }, {
      "vertices" : [ 0, 2, 1 ]
    } ]
  }, {
    "id" : "98dc2c6b-87a4-404a-8216-b543b17860f6",
    "vertices" : [ {
      "x" : 24.044361,
      "y" : 7.3201075,
      "z" : -13.708204
    }, {
      "x" : 16.724255,
      "y" : 21.02831,
      "z" : 10.336158
    }, {
      "x" : 24.044361,
      "y" : 5.4560857,
      "z" : 14.860232
    } ],
    "faces" : [ {
      "vertices" : [ 0, 1, 2 ]
    }, {
      "vertices" : [ 0, 2, 1 ]
    } ]
  }, {
    "id" : "ca67e698-76ec-49e1-aeb3-c9e5ca46f2bb",
    "vertices" : [ {
      "x" : 24.044361,
      "y" : 7.3201075,
      "z" : -13.708204
    }, {
      "x" : 22.18034,
      "y" : -10.336158,
      "z" : -14.860232
    }, {
      "x" : 7.3201075,
      "y" : -13.708204,
      "z" : -24.044361
    }, {
      "x" : 0.0,
      "y" : 1.8640214,
      "z" : -28.568436
    }, {
      "x" : 10.336158,
      "y" : 14.860232,
      "z" : -22.18034
    } ],
    "faces" : [ {
      "vertices" : [ 0, 1, 2 ]
    }, {
      "vertices" : [ 0, 2, 3 ]
    }, {
      "vertices" : [ 0, 3, 4 ]
    }, {
      "vertices" : [ 0, 4, 3 ]
    }, {
      "vertices" : [ 0, 3, 2 ]
    }, {
      "vertices" : [ 0, 2, 1 ]
    } ]
  }, {
    "id" : "7d421154-1788-46e6-b76f-861b6415cbe1",
    "vertices" : [ {
      "x" : -16.724255,
      "y" : -13.708204,
      "z" : 14.860232
    }, {
      "x" : -24.044361,
      "y" : 1.8640214,
      "z" : 10.336158
    }, {
      "x" : -24.044361,
      "y" : -5.4560857,
      "z" : -14.860232
    }, {
      "x" : -16.724255,
      "y" : -21.02831,
      "z" : -10.336158
    } ],
    "faces" : [ {
      "vertices" : [ 0, 1, 2 ]
    }, {
      "vertices" : [ 0, 2, 3 ]
    }, {
      "vertices" : [ 0, 3, 2 ]
    }, {
      "vertices" : [ 0, 2, 1 ]
    } ]
  }, {
    "id" : "bd3ba62d-6e36-42d9-b64e-9cc63ffef104",
    "vertices" : [ {
      "x" : -3.01605,
      "y" : -28.568436,
      "z" : -1.8640214
    }, {
      "x" : -16.724255,
      "y" : -21.02831,
      "z" : -10.336158
    }, {
      "x" : 7.3201075,
      "y" : -13.708204,
      "z" : -24.044361
    } ],
    "faces" : [ {
      "vertices" : [ 0, 1, 2 ]
    }, {
      "vertices" : [ 0, 2, 1 ]
    } ]
  }, {
    "id" : "e5f4b9fc-4c53-4a68-8f97-d33d5e6f88a2",
    "vertices" : [ {
      "x" : 24.044361,
      "y" : 5.4560857,
      "z" : 14.860232
    }, {
      "x" : 16.724255,
      "y" : 21.02831,
      "z" : 10.336158
    }, {
      "x" : 0.0,
      "y" : 7.3201075,
      "z" : 25.19639
    } ],
    "faces" : [ {
      "vertices" : [ 0, 1, 2 ]
    }, {
      "vertices" : [ 0, 2, 1 ]
    } ]
  }, {
    "id" : "7df49bc6-d026-459d-8ecc-b2a648d00203",
    "vertices" : [ {
      "x" : 22.18034,
      "y" : -12.200179,
      "z" : 13.708204
    }, {
      "x" : 22.18034,
      "y" : -10.336158,
      "z" : -14.860232
    }, {
      "x" : 24.044361,
      "y" : 7.3201075,
      "z" : -13.708204
    }, {
      "x" : 24.044361,
      "y" : 5.4560857,
      "z" : 14.860232
    } ],
    "faces" : [ {
      "vertices" : [ 0, 1, 2 ]
    }, {
      "vertices" : [ 0, 2, 3 ]
    }, {
      "vertices" : [ 0, 3, 2 ]
    }, {
      "vertices" : [ 0, 2, 1 ]
    } ]
  } ],
  "instances" : [ {
    "shape" : "df875550-f90b-4c71-abb4-1c09b5044d6d",
    "color" : "#000000",
    "position" : {
      "x" : 22.18034,
      "y" : -10.336158,
      "z" : -14.860232
    }
  }, {
    "shape" : "df875550-f90b-4c71-abb4-1c09b5044d6d",
    "color" : "#000000",
    "position" : {
      "x" : 0.0,
      "y" : 1.8640214,
      "z" : -28.568436
    }
  }, {
    "shape" : "7cd77f75-48c1-4b79-89fa-4c678d3966b5",
    "color" : "#000000",
    "position" : {
      "x" : 3.01605,
      "y" : 28.568436,
      "z" : 1.8640214
    },
    "orientation" : 58
  }, {
    "shape" : "4e16cd29-26b7-40f5-84d0-dcbbf72b8bdc",
    "color" : "#FFFFFF",
    "position" : {
      "x" : 0.0,
      "y" : 0.0,
      "z" : 0.0
    }
  }, {
    "shape" : "7cd77f75-48c1-4b79-89fa-4c678d3966b5",
    "color" : "#000000",
    "position" : {
      "x" : 22.18034,
      "y" : -12.200179,
      "z" : 13.708204
    },
    "orientation" : 9
  }, {
    "shape" : "49dbd1d3-d55e-4c43-89bb-4ee284f580b8",
    "color" : "#FFFFFF",
    "position" : {
      "x" : 0.0,
      "y" : 0.0,
      "z" : 0.0
    }
  }, {
    "shape" : "df875550-f90b-4c71-abb4-1c09b5044d6d",
    "color" : "#000000",
    "position" : {
      "x" : -16.724255,
      "y" : -21.02831,
      "z" : -10.336158
    }
  }, {
    "shape" : "0fd0df60-1165-424d-b29b-9c7ae7bd579a",
    "color" : "#000000",
    "position" : {
      "x" : -1.8640214,
      "y" : -10.336158,
      "z" : 24.044361
    },
    "orientation" : 22
  }, {
    "shape" : "8bf70740-9580-4278-8bcd-299a3a0d4039",
    "color" : "#FFFFFF",
    "position" : {
      "x" : 0.0,
      "y" : 0.0,
      "z" : 0.0
    }
  }, {
    "shape" : "272e849e-d2db-44e4-97a2-b736f03170cf",
    "color" : "#FFFFFF",
    "position" : {
      "x" : 0.0,
      "y" : 0.0,
      "z" : 0.0
    }
  }, {
    "shape" : "0fd0df60-1165-424d-b29b-9c7ae7bd579a",
    "color" : "#000000",
    "position" : {
      "x" : 11.844182,
      "y" : -25.19639,
      "z" : 7.3201075
    },
    "orientation" : 22
  }, {
    "shape" : "0fd0df60-1165-424d-b29b-9c7ae7bd579a",
    "color" : "#000000",
    "position" : {
      "x" : -24.044361,
      "y" : 1.8640214,
      "z" : 10.336158
    },
    "orientation" : 49
  }, {
    "shape" : "df875550-f90b-4c71-abb4-1c09b5044d6d",
    "color" : "#000000",
    "position" : {
      "x" : 22.18034,
      "y" : -12.200179,
      "z" : 13.708204
    }
  }, {
    "shape" : "b0535a73-2191-406f-8de7-043170957505",
    "color" : "#FFFFFF",
    "position" : {
      "x" : 0.0,
      "y" : 0.0,
      "z" : 0.0
    }
  }, {
    "shape" : "df875550-f90b-4c71-abb4-1c09b5044d6d",
    "color" : "#000000",
    "position" : {
      "x" : -22.18034,
      "y" : 12.200179,
      "z" : -13.708204
    }
  }, {
    "shape" : "0fd0df60-1165-424d-b29b-9c7ae7bd579a",
    "color" : "#000000",
    "position" : {
      "x" : -16.724255,
      "y" : -21.02831,
      "z" : -10.336158
    },
    "orientation" : 0
  }, {
    "shape" : "df875550-f90b-4c71-abb4-1c09b5044d6d",
    "color" : "#000000",
    "position" : {
      "x" : 16.724255,
      "y" : 21.02831,
      "z" : 10.336158
    }
  }, {
    "shape" : "8adfb9eb-b972-4641-9998-36e7a6c63ae2",
    "color" : "#000000",
    "position" : {
      "x" : 16.724255,
      "y" : 21.02831,
      "z" : 10.336158
    },
    "orientation" : 0
  }, {
    "shape" : "7cd77f75-48c1-4b79-89fa-4c678d3966b5",
    "color" : "#000000",
    "position" : {
      "x" : 24.044361,
      "y" : 7.3201075,
      "z" : -13.708204
    },
    "orientation" : 24
  }, {
    "shape" : "5684f721-18ab-4b2a-85e8-fd990d0600d8",
    "color" : "#D77F7F",
    "position" : {
      "x" : 0.0,
      "y" : 0.0,
      "z" : 0.0
    }
  }, {
    "shape" : "df875550-f90b-4c71-abb4-1c09b5044d6d",
    "color" : "#000000",
    "position" : {
      "x" : 24.044361,
      "y" : 5.4560857,
      "z" : 14.860232
    }
  }, {
    "shape" : "0fd0df60-1165-424d-b29b-9c7ae7bd579a",
    "color" : "#000000",
    "position" : {
      "x" : 7.3201075,
      "y" : -13.708204,
      "z" : -24.044361
    },
    "orientation" : 59
  }, {
    "shape" : "0fd0df60-1165-424d-b29b-9c7ae7bd579a",
    "color" : "#000000",
    "position" : {
      "x" : 10.336158,
      "y" : 14.860232,
      "z" : -22.18034
    },
    "orientation" : 0
  }, {
    "shape" : "0fd0df60-1165-424d-b29b-9c7ae7bd579a",
    "color" : "#000000",
    "position" : {
      "x" : 0.0,
      "y" : 7.3201075,
      "z" : 25.19639
    },
    "orientation" : 24
  }, {
    "shape" : "34ebe38d-6a15-478a-a725-dd41ea0d166a",
    "color" : "#FFFFFF",
    "position" : {
      "x" : 0.0,
      "y" : 0.0,
      "z" : 0.0
    }
  }, {
    "shape" : "7cd77f75-48c1-4b79-89fa-4c678d3966b5",
    "color" : "#000000",
    "position" : {
      "x" : 7.3201075,
      "y" : -13.708204,
      "z" : -24.044361
    },
    "orientation" : 59
  }, {
    "shape" : "4dca120c-71e3-421e-9af2-0cdebeac695c",
    "color" : "#FFFFFF",
    "position" : {
      "x" : 0.0,
      "y" : 0.0,
      "z" : 0.0
    }
  }, {
    "shape" : "8adfb9eb-b972-4641-9998-36e7a6c63ae2",
    "color" : "#000000",
    "position" : {
      "x" : 11.844182,
      "y" : -25.19639,
      "z" : 7.3201075
    },
    "orientation" : 22
  }, {
    "shape" : "df875550-f90b-4c71-abb4-1c09b5044d6d",
    "color" : "#000000",
    "position" : {
      "x" : 7.3201075,
      "y" : -13.708204,
      "z" : -24.044361
    }
  }, {
    "shape" : "df875550-f90b-4c71-abb4-1c09b5044d6d",
    "color" : "#000000",
    "position" : {
      "x" : 11.844182,
      "y" : -25.19639,
      "z" : 7.3201075
    }
  }, {
    "shape" : "8adfb9eb-b972-4641-9998-36e7a6c63ae2",
    "color" : "#000000",
    "position" : {
      "x" : 22.18034,
      "y" : -12.200179,
      "z" : 13.708204
    },
    "orientation" : 24
  }, {
    "shape" : "7bd19d1f-dc24-41bd-b4dd-d335ddb3d9fe",
    "color" : "#FFFFFF",
    "position" : {
      "x" : 0.0,
      "y" : 0.0,
      "z" : 0.0
    }
  }, {
    "shape" : "df875550-f90b-4c71-abb4-1c09b5044d6d",
    "color" : "#000000",
    "position" : {
      "x" : -13.708204,
      "y" : 14.860232,
      "z" : 16.724255
    }
  }, {
    "shape" : "df875550-f90b-4c71-abb4-1c09b5044d6d",
    "color" : "#000000",
    "position" : {
      "x" : -16.724255,
      "y" : -13.708204,
      "z" : 14.860232
    }
  }, {
