{
  "polygons" : "true",
  "field" : "golden",
  "symmetry" : "icosahedral",
  "orientations" : [ [ 1.0, 0.0, 0.0, 0.0, 0.0, 1.0, 0.0, 0.0, 0.0, 0.0, 1.0, 0.0, 0.0, 0.0, 0.0, 1.0 ], [ 0.0, 0.0, 1.0, 0.0, 1.0, 0.0, 0.0, 0.0, 0.0, 1.0, 0.0, 0.0, 0.0, 0.0, 0.0, 1.0 ], [ 0.0, 1.0, 0.0, 0.0, 0.0, 0.0, 1.0, 0.0, 1.0, 0.0, 0.0, 0.0, 0.0, 0.0, 0.0, 1.0 ], [ 0.809017, 0.309017, 0.5, 0.0, 0.309017, 0.5, -0.809017, 0.0, -0.5, 0.809017, 0.309017, 0.0, 0.0, 0.0, 0.0, 1.0 ], [ -0.5, 0.809017, 0.309017, 0.0, 0.809017, 0.309017, 0.5, 0.0, 0.309017, 0.5, -0.809017, 0.0, 0.0, 0.0, 0.0, 1.0 ], [ 0.309017, 0.5, -0.809017, 0.0, -0.5, 0.809017, 0.309017, 0.0, 0.809017, 0.309017, 0.5, 0.0, 0.0, 0.0, 0.0, 1.0 ], [ 0.5, 0.809017, 0.309017, 0.0, 0.809017, -0.309017, -0.5, 0.0, -0.309017, 0.5, -0.809017, 0.0, 0.0, 0.0, 0.0, 1.0 ], [ -0.309017, 0.5, -0.809017, 0.0, 0.5, 0.809017, 0.309017, 0.0, 0.809017, -0.309017, -0.5, 0.0, 0.0, 0.0, 0.0, 1.0 ], [ 0.809017, -0.309017, -0.5, 0.0, -0.309017, 0.5, -0.809017, 0.0, 0.5, 0.809017, 0.309017, 0.0, 0.0, 0.0, 0.0, 1.0 ], [ 0.5, 0.809017, -0.309017, 0.0, 0.809017, -0.309017, 0.5, 0.0, 0.309017, -0.5, -0.809017, 0.0, 0.0, 0.0, 0.0, 1.0 ], [ 0.309017, -0.5, -0.809017, 0.0, 0.5, 0.809017, -0.309017, 0.0, 0.809017, -0.309017, 0.5, 0.0, 0.0, 0.0, 0.0, 1.0 ], [ 0.809017, -0.309017, 0.5, 0.0, 0.309017, -0.5, -0.809017, 0.0, 0.5, 0.809017, -0.309017, 0.0, 0.0, 0.0, 0.0, 1.0 ], [ 0.809017, 0.309017, -0.5, 0.0, 0.309017, 0.5, 0.809017, 0.0, 0.5, -0.809017, 0.309017, 0.0, 0.0, 0.0, 0.0, 1.0 ], [ 0.5, -0.809017, 0.309017, 0.0, 0.809017, 0.309017, -0.5, 0.0, 0.309017, 0.5, 0.809017, 0.0, 0.0, 0.0, 0.0, 1.0 ], [ 0.309017, 0.5, 0.809017, 0.0, 0.5, -0.809017, 0.309017, 0.0, 0.809017, 0.309017, -0.5, 0.0, 0.0, 0.0, 0.0, 1.0 ], [ 1.0, 0.0, 0.0, 0.0, 0.0, -1.0, 0.0, 0.0, 0.0, 0.0, -1.0, 0.0, 0.0, 0.0, 0.0, 1.0 ], [ 0.0, 0.0, 1.0, 0.0, -1.0, 0.0, 0.0, 0.0, 0.0, -1.0, 0.0, 0.0, 0.0, 0.0, 0.0, 1.0 ], [ 0.0, 1.0, 0.0, 0.0, 0.0, 0.0, -1.0, 0.0, -1.0, 0.0, 0.0, 0.0, 0.0, 0.0, 0.0, 1.0 ], [ 0.809017, 0.309017, 0.5, 0.0, -0.309017, -0.5, 0.809017, 0.0, 0.5, -0.809017, -0.309017, 0.0, 0.0, 0.0, 0.0, 1.0 ], [ -0.5, 0.809017, 0.309017, 0.0, -0.809017, -0.309017, -0.5, 0.0, -0.309017, -0.5, 0.809017, 0.0, 0.0, 0.0, 0.0, 1.0 ], [ 0.309017, 0.5, -0.809017, 0.0, 0.5, -0.809017, -0.309017, 0.0, -0.809017, -0.309017, -0.5, 0.0, 0.0, 0.0, 0.0, 1.0 ], [ 0.5, 0.809017, 0.309017, 0.0, -0.809017, 0.309017, 0.5, 0.0, 0.309017, -0.5, 0.809017, 0.0, 0.0, 0.0, 0.0, 1.0 ], [ -0.309017, 0.5, -0.809017, 0.0, -0.5, -0.809017, -0.309017, 0.0, -0.809017, 0.309017, 0.5, 0.0, 0.0, 0.0, 0.0, 1.0 ], [ 0.809017, -0.309017, -0.5, 0.0, 0.309017, -0.5, 0.809017, 0.0, -0.5, -0.809017, -0.309017, 0.0, 0.0, 0.0, 0.0, 1.0 ], [ 0.5, 0.809017, -0.309017, 0.0, -0.809017, 0.309017, -0.5, 0.0, -0.309017, 0.5, 0.809017, 0.0, 0.0, 0.0, 0.0, 1.0 ], [ 0.309017, -0.5, -0.809017, 0.0, -0.5, -0.809017, 0.309017, 0.0, -0.809017, 0.309017, -0.5, 0.0, 0.0, 0.0, 0.0, 1.0 ], [ 0.809017, -0.309017, 0.5, 0.0, -0.309017, 0.5, 0.809017, 0.0, -0.5, -0.809017, 0.309017, 0.0, 0.0, 0.0, 0.0, 1.0 ], [ 0.809017, 0.309017, -0.5, 0.0, -0.309017, -0.5, -0.809017, 0.0, -0.5, 0.809017, -0.309017, 0.0, 0.0, 0.0, 0.0, 1.0 ], [ 0.5, -0.809017, 0.309017, 0.0, -0.809017, -0.309017, 0.5, 0.0, -0.309017, -0.5, -0.809017, 0.0, 0.0, 0.0, 0.0, 1.0 ], [ 0.309017, 0.5, 0.809017, 0.0, -0.5, 0.809017, -0.309017, 0.0, -0.809017, -0.309017, 0.5, 0.0, 0.0, 0.0, 0.0, 1.0 ], [ -1.0, 0.0, 0.0, 0.0, 0.0, -1.0, 0.0, 0.0, 0.0, 0.0, 1.0, 0.0, 0.0, 0.0, 0.0, 1.0 ], [ 0.0, 0.0, -1.0, 0.0, -1.0, 0.0, 0.0, 0.0, 0.0, 1.0, 0.0, 0.0, 0.0, 0.0, 0.0, 1.0 ], [ 0.0, -1.0, 0.0, 0.0, 0.0, 0.0, -1.0, 0.0, 1.0, 0.0, 0.0, 0.0, 0.0, 0.0, 0.0, 1.0 ], [ -0.809017, -0.309017, -0.5, 0.0, -0.309017, -0.5, 0.809017, 0.0, -0.5, 0.809017, 0.309017, 0.0, 0.0, 0.0, 0.0, 1.0 ], [ 0.5, -0.809017, -0.309017, 0.0, -0.809017, -0.309017, -0.5, 0.0, 0.309017, 0.5, -0.809017, 0.0, 0.0, 0.0, 0.0, 1.0 ], [ -0.309017, -0.5, 0.809017, 0.0, 0.5, -0.809017, -0.309017, 0.0, 0.809017, 0.309017, 0.5, 0.0, 0.0, 0.0, 0.0, 1.0 ], [ -0.5, -0.809017, -0.309017, 0.0, -0.809017, 0.309017, 0.5, 0.0, -0.309017, 0.5, -0.809017, 0.0, 0.0, 0.0, 0.0, 1.0 ], [ 0.309017, -0.5, 0.809017, 0.0, -0.5, -0.809017, -0.309017, 0.0, 0.809017, -0.309017, -0.5, 0.0, 0.0, 0.0, 0.0, 1.0 ], [ -0.809017, 0.309017, 0.5, 0.0, 0.309017, -0.5, 0.809017, 0.0, 0.5, 0.809017, 0.309017, 0.0, 0.0, 0.0, 0.0, 1.0 ], [ -0.5, -0.809017, 0.309017, 0.0, -0.809017, 0.309017, -0.5, 0.0, 0.309017, -0.5, -0.809017, 0.0, 0.0, 0.0, 0.0, 1.0 ], [ -0.309017, 0.5, 0.809017, 0.0, -0.5, -0.809017, 0.309017, 0.0, 0.809017, -0.309017, 0.5, 0.0, 0.0, 0.0, 0.0, 1.0 ], [ -0.809017, 0.309017, -0.5, 0.0, -0.309017, 0.5, 0.809017, 0.0, 0.5, 0.809017, -0.309017, 0.0, 0.0, 0.0, 0.0, 1.0 ], [ -0.809017, -0.309017, 0.5, 0.0, -0.309017, -0.5, -0.809017, 0.0, 0.5, -0.809017, 0.309017, 0.0, 0.0, 0.0, 0.0, 1.0 ], [ -0.5, 0.809017, -0.309017, 0.0, -0.809017, -0.309017, 0.5, 0.0, 0.309017, 0.5, 0.809017, 0.0, 0.0, 0.0, 0.0, 1.0 ], [ -0.309017, -0.5, -0.809017, 0.0, -0.5, 0.809017, -0.309017, 0.0, 0.809017, 0.309017, -0.5, 0.0, 0.0, 0.0, 0.0, 1.0 ], [ -1.0, 0.0, 0.0, 0.0, 0.0, 1.0, 0.0, 0.0, 0.0, 0.0, -1.0, 0.0, 0.0, 0.0, 0.0, 1.0 ], [ 0.0, 0.0, -1.0, 0.0, 1.0, 0.0, 0.0, 0.0, 0.0, -1.0, 0.0, 0.0, 0.0, 0.0, 0.0, 1.0 ], [ 0.0, -1.0, 0.0, 0.0, 0.0, 0.0, 1.0, 0.0, -1.0, 0.0, 0.0, 0.0, 0.0, 0.0, 0.0, 1.0 ], [ -0.809017, -0.309017, -0.5, 0.0, 0.309017, 0.5, -0.809017, 0.0, 0.5, -0.809017, -0.309017, 0.0, 0.0, 0.0, 0.0, 1.0 ], [ 0.5, -0.809017, -0.309017, 0.0, 0.809017, 0.309017, 0.5, 0.0, -0.309017, -0.5, 0.809017, 0.0, 0.0, 0.0, 0.0, 1.0 ], [ -0.309017, -0.5, 0.809017, 0.0, -0.5, 0.809017, 0.309017, 0.0, -0.809017, -0.309017, -0.5, 0.0, 0.0, 0.0, 0.0, 1.0 ], [ -0.5, -0.809017, -0.309017, 0.0, 0.809017, -0.309017, -0.5, 0.0, 0.309017, -0.5, 0.809017, 0.0, 0.0, 0.0, 0.0, 1.0 ], [ 0.309017, -0.5, 0.809017, 0.0, 0.5, 0.809017, 0.309017, 0.0, -0.809017, 0.309017, 0.5, 0.0, 0.0, 0.0, 0.0, 1.0 ], [ -0.809017, 0.309017, 0.5, 0.0, -0.309017, 0.5, -0.809017, 0.0, -0.5, -0.809017, -0.309017, 0.0, 0.0, 0.0, 0.0, 1.0 ], [ -0.5, -0.809017, 0.309017, 0.0, 0.809017, -0.309017, 0.5, 0.0, -0.309017, 0.5, 0.809017, 0.0, 0.0, 0.0, 0.0, 1.0 ], [ -0.309017, 0.5, 0.809017, 0.0, 0.5, 0.809017, -0.309017, 0.0, -0.809017, 0.309017, -0.5, 0.0, 0.0, 0.0, 0.0, 1.0 ], [ -0.809017, 0.309017, -0.5, 0.0, 0.309017, -0.5, -0.809017, 0.0, -0.5, -0.809017, 0.309017, 0.0, 0.0, 0.0, 0.0, 1.0 ], [ -0.809017, -0.309017, 0.5, 0.0, 0.309017, 0.5, 0.809017, 0.0, -0.5, 0.809017, -0.309017, 0.0, 0.0, 0.0, 0.0, 1.0 ], [ -0.5, 0.809017, -0.309017, 0.0, 0.809017, 0.309017, -0.5, 0.0, -0.309017, -0.5, -0.809017, 0.0, 0.0, 0.0, 0.0, 1.0 ], [ -0.309017, -0.5, -0.809017, 0.0, 0.5, -0.809017, 0.309017, 0.0, -0.809017, -0.309017, 0.5, 0.0, 0.0, 0.0, 0.0, 1.0 ] ],
  "lights" : {
    "directionalLights" : [ {
      "direction" : [ 1.0, -1.0, -1.0 ],
      "color" : "#EBEBE4"
    }, {
      "direction" : [ -1.0, 0.0, 0.0 ],
      "color" : "#E4E4EB"
    }, {
      "direction" : [ 0.0, 0.0, -1.0 ],
      "color" : "#1E1E1E"
    } ],
    "backgroundColor" : "#AFC8DC",
    "ambientColor" : "#292929"
  },
  "camera" : {
    "width" : 278.76614,
    "position" : {
      "x" : 19.416409,
      "y" : -458.98236,
      "z" : -430.0381
    },
    "stereo" : false,
    "nearClipDistance" : 1.5487043,
    "upDirection" : {
      "x" : -1.0,
      "y" : 0.0,
      "z" : 0.0
    },
    "lookAtPoint" : {
      "x" : 19.416409,
      "y" : -20.944271,
      "z" : 8.0
    },
    "farClipDistance" : 1238.9563,
    "lookDirection" : {
      "x" : 0.0,
      "y" : 0.70710677,
      "z" : 0.70710677
    },
    "lookDirectionRV" : {
      "x" : 0.0,
      "y" : 0.70710677,
      "z" : 0.70710677,
      "zero" : false
    },
    "fieldOfView" : 0.4426295,
    "upDirectionRV" : {
      "x" : -1.0,
      "y" : 0.0,
      "z" : 0.0,
      "zero" : false
    },
    "viewDistance" : 619.47943,
    "perspective" : false,
    "lookAtPointRV" : {
      "x" : 19.416409,
      "y" : -20.944271,
      "z" : 8.0,
      "zero" : false
    }
  },
  "embedding" : [ 1.0, 0.0, 0.0, 0.0, 0.0, 1.0, 0.0, 0.0, 0.0, 0.0, 1.0, 0.0, 0.0, 0.0, 0.0, 1.0 ],
  "shapes" : [ {
    "id" : "6c776163-b055-4c17-9774-3a74ddbc3764",
    "name" : "ball",
    "vertices" : [ {
      "x" : 0.309017,
      "y" : -0.809017,
      "z" : 0.618034
    }, {
      "x" : 0.809017,
      "y" : -0.618034,
      "z" : 0.309017
    }, {
      "x" : 0.618034,
      "y" : -0.309017,
      "z" : 0.809017
    }, {
      "x" : 1.0,
      "y" : 0.309017,
      "z" : 0.19098301
    }, {
      "x" : 0.809017,
      "y" : 0.618034,
      "z" : 0.309017
    }, {
      "x" : 0.618034,
      "y" : 0.309017,
      "z" : 0.809017
    }, {
      "x" : 0.809017,
      "y" : 0.0,
      "z" : 0.690983
    }, {
      "x" : 0.19098301,
      "y" : -1.0,
      "z" : 0.309017
    }, {
      "x" : -0.19098301,
      "y" : -1.0,
      "z" : 0.309017
    }, {
      "x" : -0.19098301,
      "y" : -1.0,
      "z" : -0.309017
    }, {
      "x" : 0.19098301,
      "y" : -1.0,
      "z" : -0.309017
    }, {
      "x" : 1.0,
      "y" : -0.309017,
      "z" : -0.19098301
    }, {
      "x" : 0.809017,
      "y" : -0.618034,
      "z" : -0.309017
    }, {
      "x" : 0.618034,
      "y" : -0.309017,
      "z" : -0.809017
    }, {
      "x" : 0.809017,
      "y" : 0.0,
      "z" : -0.690983
    }, {
      "x" : 0.0,
      "y" : 0.690983,
      "z" : -0.809017
    }, {
      "x" : 0.309017,
      "y" : 0.809017,
      "z" : -0.618034
    }, {
      "x" : 0.618034,
      "y" : 0.309017,
      "z" : -0.809017
    }, {
      "x" : 0.309017,
      "y" : 0.19098301,
      "z" : -1.0
    }, {
      "x" : 1.0,
      "y" : 0.309017,
      "z" : -0.19098301
    }, {
      "x" : -0.309017,
      "y" : -0.809017,
      "z" : 0.618034
    }, {
      "x" : 0.0,
      "y" : -0.690983,
      "z" : 0.809017
    }, {
      "x" : 0.809017,
      "y" : 0.618034,
      "z" : -0.309017
    }, {
      "x" : 0.690983,
      "y" : 0.809017,
      "z" : 0.0
    }, {
      "x" : -0.690983,
      "y" : 0.809017,
      "z" : 0.0
    }, {
      "x" : -0.809017,
      "y" : 0.618034,
      "z" : 0.309017
    }, {
      "x" : -0.309017,
      "y" : 0.809017,
      "z" : 0.618034
    }, {
      "x" : -0.19098301,
      "y" : 1.0,
      "z" : 0.309017
    }, {
      "x" : 0.309017,
      "y" : -0.19098301,
      "z" : -1.0
    }, {
      "x" : 0.19098301,
      "y" : 1.0,
      "z" : 0.309017
    }, {
      "x" : 0.309017,
      "y" : 0.809017,
      "z" : 0.618034
    }, {
      "x" : -0.809017,
      "y" : -0.618034,
      "z" : 0.309017
    }, {
      "x" : -0.690983,
      "y" : -0.809017,
      "z" : 0.0
    }, {
      "x" : 0.0,
      "y" : 0.690983,
      "z" : 0.809017
    }, {
      "x" : 0.309017,
      "y" : -0.809017,
      "z" : -0.618034
    }, {
      "x" : 0.0,
      "y" : -0.690983,
      "z" : -0.809017
    }, {
      "x" : -1.0,
      "y" : 0.309017,
      "z" : 0.19098301
    }, {
      "x" : -0.809017,
      "y" : 0.0,
      "z" : 0.690983
    }, {
      "x" : -0.618034,
      "y" : 0.309017,
      "z" : 0.809017
    }, {
      "x" : 1.0,
      "y" : -0.309017,
      "z" : 0.19098301
    }, {
      "x" : -0.309017,
      "y" : -0.809017,
      "z" : -0.618034
    }, {
      "x" : -1.0,
      "y" : 0.309017,
      "z" : -0.19098301
    }, {
      "x" : -1.0,
      "y" : -0.309017,
      "z" : -0.19098301
    }, {
      "x" : -1.0,
      "y" : -0.309017,
      "z" : 0.19098301
    }, {
      "x" : 0.19098301,
      "y" : 1.0,
      "z" : -0.309017
    }, {
      "x" : -0.809017,
      "y" : 0.618034,
      "z" : -0.309017
    }, {
      "x" : -0.19098301,
      "y" : 1.0,
      "z" : -0.309017
    }, {
      "x" : -0.309017,
      "y" : 0.809017,
      "z" : -0.618034
    }, {
      "x" : -0.618034,
      "y" : -0.309017,
      "z" : 0.809017
    }, {
      "x" : 0.309017,
      "y" : 0.19098301,
      "z" : 1.0
    }, {
      "x" : -0.309017,
      "y" : 0.19098301,
      "z" : -1.0
    }, {
      "x" : -0.309017,
      "y" : 0.19098301,
      "z" : 1.0
    }, {
      "x" : -0.309017,
      "y" : -0.19098301,
      "z" : 1.0
    }, {
      "x" : 0.309017,
      "y" : -0.19098301,
      "z" : 1.0
    }, {
      "x" : 0.690983,
      "y" : -0.809017,
      "z" : 0.0
    }, {
      "x" : -0.809017,
      "y" : 0.0,
      "z" : -0.690983
    }, {
      "x" : -0.618034,
      "y" : -0.309017,
      "z" : -0.809017
    }, {
      "x" : -0.309017,
      "y" : -0.19098301,
      "z" : -1.0
    }, {
      "x" : -0.618034,
      "y" : 0.309017,
      "z" : -0.809017
    }, {
      "x" : -0.809017,
      "y" : -0.618034,
      "z" : -0.309017
    } ],
    "faces" : [ {
      "vertices" : [ 9, 40, 35, 34, 10 ]
    }, {
      "vertices" : [ 0, 1, 2 ]
    }, {
      "vertices" : [ 33, 51, 49 ]
    }, {
      "vertices" : [ 25, 36, 37, 38 ]
    }, {
      "vertices" : [ 41, 55, 42 ]
    }, {
      "vertices" : [ 9, 32, 59, 40 ]
    }, {
      "vertices" : [ 20, 21, 52, 48 ]
    }, {
      "vertices" : [ 26, 33, 30, 29, 27 ]
    }, {
      "vertices" : [ 3, 4, 5, 6 ]
    }, {
      "vertices" : [ 27, 29, 44, 46 ]
    }, {
      "vertices" : [ 50, 57, 56, 55, 58 ]
    }, {
      "vertices" : [ 26, 38, 51, 33 ]
    }, {
      "vertices" : [ 45, 47, 58 ]
    }, {
      "vertices" : [ 18, 28, 57, 50 ]
    }, {
      "vertices" : [ 40, 59, 56 ]
    }, {
      "vertices" : [ 31, 48, 37, 43 ]
    }, {
      "vertices" : [ 7, 8, 9, 10 ]
    }, {
      "vertices" : [ 36, 41, 42, 43 ]
    }, {
      "vertices" : [ 24, 46, 47, 45 ]
    }, {
      "vertices" : [ 4, 30, 5 ]
    }, {
      "vertices" : [ 15, 47, 46, 44, 16 ]
    }, {
      "vertices" : [ 15, 50, 58, 47 ]
    }, {
      "vertices" : [ 24, 45, 41, 36, 25 ]
    }, {
      "vertices" : [ 11, 14, 19 ]
    }, {
      "vertices" : [ 3, 6, 39 ]
    }, {
      "vertices" : [ 1, 39, 6, 2 ]
    }, {
      "vertices" : [ 8, 32, 9 ]
    }, {
      "vertices" : [ 11, 12, 13, 14 ]
    }, {
      "vertices" : [ 16, 22, 17 ]
    }, {
      "vertices" : [ 0, 21, 20, 8, 7 ]
    }, {
      "vertices" : [ 12, 34, 13 ]
    }, {
      "vertices" : [ 35, 40, 56, 57 ]
    }, {
      "vertices" : [ 0, 7, 54, 1 ]
    }, {
      "vertices" : [ 15, 16, 17, 18 ]
    }, {
      "vertices" : [ 3, 19, 22, 23, 4 ]
    }, {
      "vertices" : [ 7, 10, 54 ]
    }, {
      "vertices" : [ 41, 45, 58, 55 ]
    }, {
      "vertices" : [ 3, 39, 11, 19 ]
    }, {
      "vertices" : [ 14, 17, 22, 19 ]
    }, {
      "vertices" : [ 0, 2, 53, 21 ]
    }, {
      "vertices" : [ 49, 51, 52, 53 ]
    }, {
      "vertices" : [ 31, 43, 42, 59, 32 ]
    }, {
      "vertices" : [ 15, 18, 50 ]
    }, {
      "vertices" : [ 42, 55, 56, 59 ]
    }, {
      "vertices" : [ 4, 23, 29, 30 ]
    }, {
      "vertices" : [ 25, 38, 26 ]
    }, {
      "vertices" : [ 13, 28, 18, 17, 14 ]
    }, {
      "vertices" : [ 8, 20, 31, 32 ]
    }, {
      "vertices" : [ 23, 44, 29 ]
    }, {
      "vertices" : [ 24, 27, 46 ]
    }, {
      "vertices" : [ 37, 48, 52, 51, 38 ]
    }, {
      "vertices" : [ 20, 48, 31 ]
    }, {
      "vertices" : [ 24, 25, 26, 27 ]
    }, {
      "vertices" : [ 16, 44, 23, 22 ]
    }, {
      "vertices" : [ 13, 34, 35, 28 ]
    }, {
      "vertices" : [ 10, 34, 12, 54 ]
    }, {
      "vertices" : [ 2, 6, 5, 49, 53 ]
    }, {
      "vertices" : [ 36, 43, 37 ]
    }, {
      "vertices" : [ 5, 30, 33, 49 ]
    }, {
      "vertices" : [ 1, 54, 12, 11, 39 ]
    }, {
      "vertices" : [ 28, 35, 57 ]
    }, {
      "vertices" : [ 21, 53, 52 ]
    } ]
  }, {
    "id" : "89ad9750-c42d-44ae-a073-07e73ff0ec3f",
    "orbit" : "purple",
    "orbitC" : "[[2,-1,1],[0,0,1]]",
    "length" : "[4,-2,1]",
    "name" : " :4 -2*phi",
    "vertices" : [ {
      "x" : 0.690983,
      "y" : 0.809017,
      "z" : 0.0
    }, {
      "x" : 0.809017,
      "y" : 0.618034,
      "z" : -0.309017
    }, {
      "x" : 0.809017,
      "y" : 0.618034,
      "z" : 0.309017
    }, {
      "x" : 1.0,
      "y" : 0.309017,
      "z" : -0.19098301
    }, {
      "x" : 1.0,
      "y" : 0.309017,
      "z" : 0.19098301
    }, {
      "x" : 1.618034,
      "y" : 0.42705098,
      "z" : -0.309017
    }, {
      "x" : 1.618034,
      "y" : 0.42705098,
      "z" : 0.309017
    }, {
      "x" : 1.618034,
      "y" : 0.809017,
      "z" : -0.309017
    }, {
      "x" : 1.618034,
      "y" : 0.809017,
      "z" : 0.309017
    }, {
      "x" : 3.618034,
      "y" : 1.190983,
      "z" : -0.309017
    }, {
      "x" : 3.618034,
      "y" : 1.190983,
      "z" : 0.309017
    }, {
      "x" : 3.618034,
      "y" : 1.572949,
      "z" : -0.309017
    }, {
      "x" : 3.618034,
      "y" : 1.572949,
      "z" : 0.309017
    }, {
      "x" : 4.236068,
      "y" : 1.690983,
      "z" : -0.19098301
    }, {
      "x" : 4.236068,
      "y" : 1.690983,
      "z" : 0.19098301
    }, {
      "x" : 4.427051,
      "y" : 1.381966,
      "z" : -0.309017
    }, {
      "x" : 4.427051,
      "y" : 1.381966,
      "z" : 0.309017
    }, {
      "x" : 4.545085,
      "y" : 1.190983,
      "z" : 0.0
    }, {
      "x" : 5.236068,
      "y" : 2.0,
      "z" : 0.0
    } ],
    "faces" : [ {
      "vertices" : [ 5, 7, 11, 9 ]
    }, {
      "vertices" : [ 9, 11, 15 ]
    }, {
      "vertices" : [ 9, 17, 10 ]
    }, {
      "vertices" : [ 6, 10, 12, 8 ]
    }, {
      "vertices" : [ 10, 16, 12 ]
    }, {
      "vertices" : [ 7, 8, 12, 11 ]
    }, {
      "vertices" : [ 11, 13, 15 ]
    }, {
      "vertices" : [ 0, 7, 1 ]
    }, {
      "vertices" : [ 1, 5, 3 ]
    }, {
      "vertices" : [ 9, 15, 17 ]
    }, {
      "vertices" : [ 0, 2, 8 ]
    }, {
      "vertices" : [ 12, 16, 14 ]
    }, {
      "vertices" : [ 0, 1, 3, 4, 2 ]
    }, {
      "vertices" : [ 10, 17, 16 ]
    }, {
      "vertices" : [ 13, 14, 16, 17, 15 ]
    }, {
      "vertices" : [ 2, 4, 6 ]
    }, {
      "vertices" : [ 1, 7, 5 ]
    }, {
      "vertices" : [ 0, 8, 7 ]
    }, {
      "vertices" : [ 2, 6, 8 ]
    }, {
      "vertices" : [ 3, 5, 6, 4 ]
    }, {
      "vertices" : [ 11, 12, 14, 13 ]
    }, {
      "vertices" : [ 5, 9, 10, 6 ]
    } ]
  }, {
    "id" : "ff85967d-afc8-49ba-a323-7b7d4783fa78",
    "vertices" : [ {
      "x" : 0.0,
      "y" : 0.0,
      "z" : 0.0
    }, {
      "x" : -2.0,
      "y" : 0.0,
      "z" : -5.236068
    }, {
      "x" : -3.0,
      "y" : 4.854102,
      "z" : -7.854102
    }, {
      "x" : -2.0,
      "y" : 9.708204,
      "z" : -5.236068
    }, {
      "x" : 0.0,
      "y" : 9.708204,
      "z" : 0.0
    }, {
      "x" : 1.0,
      "y" : 4.854102,
      "z" : 2.618034
    } ],
    "faces" : [ {
      "vertices" : [ 0, 1, 2, 3, 4, 5 ]
    }, {
      "vertices" : [ 0, 5, 4, 3, 2, 1 ]
    } ]
  }, {
    "id" : "b5971e4c-e17e-41b9-96a2-e18700d96422",
    "vertices" : [ {
      "x" : 0.0,
      "y" : 0.0,
      "z" : 0.0
    }, {
      "x" : 2.0,
      "y" : 0.0,
      "z" : 5.236068
    }, {
      "x" : 3.0,
      "y" : -4.854102,
      "z" : 7.854102
    }, {
      "x" : 2.0,
      "y" : -9.708204,
      "z" : 5.236068
    }, {
      "x" : 0.0,
      "y" : -9.708204,
      "z" : 0.0
    }, {
      "x" : -1.0,
      "y" : -4.854102,
      "z" : -2.618034
    } ],
    "faces" : [ {
      "vertices" : [ 0, 1, 2, 3, 4, 5 ]
    }, {
      "vertices" : [ 0, 5, 4, 3, 2, 1 ]
    } ]
  }, {
    "id" : "9ba7df38-5daf-4b1b-8284-5f6de52f1125",
    "vertices" : [ {
      "x" : 0.0,
      "y" : 0.0,
      "z" : 0.0
    }, {
      "x" : -1.0,
      "y" : 4.854102,
      "z" : -2.618034
    }, {
      "x" : 0.0,
      "y" : 9.708204,
      "z" : 0.0
    }, {
      "x" : 2.0,
      "y" : 9.708204,
      "z" : 5.236068
    }, {
      "x" : 3.0,
      "y" : 4.854102,
      "z" : 7.854102
    }, {
      "x" : 2.0,
      "y" : 0.0,
      "z" : 5.236068
    } ],
    "faces" : [ {
      "vertices" : [ 0, 1, 2, 3, 4, 5 ]
    }, {
      "vertices" : [ 0, 5, 4, 3, 2, 1 ]
    } ]
  }, {
    "id" : "eb36179c-09f2-40d2-a512-4779397940ff",
    "vertices" : [ {
      "x" : 0.0,
      "y" : 0.0,
      "z" : 0.0
    }, {
      "x" : 1.0,
      "y" : 4.854102,
      "z" : 2.618034
    }, {
      "x" : 3.0,
      "y" : 4.854102,
      "z" : 7.854102
    }, {
      "x" : 4.0,
      "y" : 0.0,
      "z" : 10.472136
    }, {
      "x" : 3.0,
      "y" : -4.854102,
      "z" : 7.854102
    }, {
      "x" : 1.0,
      "y" : -4.854102,
      "z" : 2.618034
    } ],
    "faces" : [ {
      "vertices" : [ 0, 1, 2, 3, 4, 5 ]
    }, {
      "vertices" : [ 0, 5, 4, 3, 2, 1 ]
    } ]
  } ],
  "instances" : [ {
    "shape" : "6c776163-b055-4c17-9774-3a74ddbc3764",
    "color" : "#F2F2F2",
    "position" : {
      "x" : 4.854102,
      "y" : 34.034443,
      "z" : -13.0
    }
  }, {
    "shape" : "89ad9750-c42d-44ae-a073-07e73ff0ec3f",
    "color" : "#000000",
    "position" : {
      "x" : -14.562305,
      "y" : 13.09017,
      "z" : -5.0
    },
    "orientation" : 42
  }, {
    "shape" : "6c776163-b055-4c17-9774-3a74ddbc3764",
    "color" : "#F2F2F2",
    "position" : {
      "x" : -19.416409,
      "y" : 41.888542,
      "z" : -16.0
    }
  }, {
    "shape" : "ff85967d-afc8-49ba-a323-7b7d4783fa78",
    "color" : "#FFFF00",
    "position" : {
      "x" : 4.854102,
      "y" : 34.034443,
      "z" : -13.0
    },
    "orientation" : 22
  }, {
    "shape" : "89ad9750-c42d-44ae-a073-07e73ff0ec3f",
    "color" : "#7D36D3",
    "position" : {
      "x" : -29.12461,
      "y" : -5.236068,
      "z" : 2.0
    },
    "orientation" : 31
  }, {
    "shape" : "6c776163-b055-4c17-9774-3a74ddbc3764",
    "color" : "#F2F2F2",
    "position" : {
      "x" : -29.12461,
      "y" : -5.236068,
      "z" : 2.0
    }
  }, {
    "shape" : "6c776163-b055-4c17-9774-3a74ddbc3764",
    "color" : "#F2F2F2",
    "position" : {
      "x" : -9.708204,
      "y" : 36.652477,
      "z" : -14.0
    }
  }, {
    "shape" : "89ad9750-c42d-44ae-a073-07e73ff0ec3f",
    "color" : "#7D36D3",
    "position" : {
      "x" : -24.27051,
      "y" : 2.618034,
      "z" : -1.0
    },
    "orientation" : 31
  }, {
    "shape" : "89ad9750-c42d-44ae-a073-07e73ff0ec3f",
    "color" : "#000000",
    "position" : {
      "x" : -38.832817,
      "y" : -20.944271,
      "z" : 8.0
    },
    "orientation" : 31
  }, {
    "shape" : "6c776163-b055-4c17-9774-3a74ddbc3764",
    "color" : "#F2F2F2",
    "position" : {
      "x" : 0.0,
      "y" : 5.236068,
      "z" : -2.0
    }
  }, {
    "shape" : "6c776163-b055-4c17-9774-3a74ddbc3764",
    "color" : "#F2F2F2",
    "position" : {
      "x" : 48.54102,
      "y" : -10.472136,
      "z" : 4.0
    }
  }, {
    "shape" : "89ad9750-c42d-44ae-a073-07e73ff0ec3f",
    "color" : "#000000",
    "position" : {
      "x" : -38.832817,
      "y" : -26.18034,
      "z" : 10.0
    },
    "orientation" : 18
  }, {
    "shape" : "89ad9750-c42d-44ae-a073-07e73ff0ec3f",
    "color" : "#000000",
    "position" : {
      "x" : 33.978714,
      "y" : -18.326239,
      "z" : 7.0
    },
    "orientation" : 18
  }, {
    "shape" : "89ad9750-c42d-44ae-a073-07e73ff0ec3f",
    "color" : "#000000",
    "position" : {
      "x" : -4.854102,
      "y" : 44.506577,
      "z" : -17.0
    },
    "orientation" : 42
  }, {
    "shape" : "89ad9750-c42d-44ae-a073-07e73ff0ec3f",
    "color" : "#000000",
    "position" : {
      "x" : 33.978714,
      "y" : -34.034443,
      "z" : 13.0
    },
    "orientation" : 42
  }, {
    "shape" : "89ad9750-c42d-44ae-a073-07e73ff0ec3f",
    "color" : "#7D36D3",
    "position" : {
      "x" : 14.562305,
      "y" : -34.034443,
      "z" : 13.0
    },
    "orientation" : 42
  }, {
    "shape" : "6c776163-b055-4c17-9774-3a74ddbc3764",
    "color" : "#F2F2F2",
    "position" : {
      "x" : 0.0,
      "y" : -41.888542,
      "z" : 16.0
    }
  }, {
    "shape" : "89ad9750-c42d-44ae-a073-07e73ff0ec3f",
    "color" : "#7D36D3",
    "position" : {
      "x" : 4.854102,
      "y" : -34.034443,
      "z" : 13.0
    },
    "orientation" : 18
  }, {
    "shape" : "89ad9750-c42d-44ae-a073-07e73ff0ec3f",
    "color" : "#000000",
    "position" : {
      "x" : 43.686916,
      "y" : -18.326239,
      "z" : 7.0
    },
    "orientation" : 42
  }, {
    "shape" : "89ad9750-c42d-44ae-a073-07e73ff0ec3f",
    "color" : "#7D36D3",
    "position" : {
      "x" : -33.978714,
      "y" : -18.326239,
      "z" : 7.0
    },
    "orientation" : 18
  }, {
    "shape" : "6c776163-b055-4c17-9774-3a74ddbc3764",
    "color" : "#F2F2F2",
    "position" : {
      "x" : 29.12461,
      "y" : -52.36068,
      "z" : 20.0
    }
  }, {
    "shape" : "89ad9750-c42d-44ae-a073-07e73ff0ec3f",
    "color" : "#7D36D3",
    "position" : {
      "x" : 0.0,
      "y" : 26.18034,
      "z" : -10.0
    },
    "orientation" : 31
  }, {
    "shape" : "6c776163-b055-4c17-9774-3a74ddbc3764",
    "color" : "#F2F2F2",
    "position" : {
      "x" : -24.27051,
      "y" : -13.09017,
      "z" : 5.0
    }
  }, {
    "shape" : "89ad9750-c42d-44ae-a073-07e73ff0ec3f",
    "color" : "#7D36D3",
    "position" : {
      "x" : 24.27051,
      "y" : -34.034443,
      "z" : 13.0
    },
    "orientation" : 18
  }, {
    "shape" : "6c776163-b055-4c17-9774-3a74ddbc3764",
    "color" : "#F2F2F2",
    "position" : {
      "x" : -14.562305,
      "y" : 28.798374,
      "z" : -11.0
    }
  }, {
    "shape" : "89ad9750-c42d-44ae-a073-07e73ff0ec3f",
    "color" : "#000000",
    "position" : {
      "x" : -33.978714,
      "y" : 2.618034,
      "z" : -1.0
    },
    "orientation" : 31
  }, {
    "shape" : "b5971e4c-e17e-41b9-96a2-e18700d96422",
    "color" : "#00FF00",
    "position" : {
      "x" : 29.12461,
      "y" : -41.888542,
      "z" : 16.0
    },
    "orientation" : 22
  }, {
    "shape" : "ff85967d-afc8-49ba-a323-7b7d4783fa78",
    "color" : "#FF0000",
    "position" : {
      "x" : -19.416409,
      "y" : -5.236068,
      "z" : 2.0
    },
    "orientation" : 22
  }, {
    "shape" : "89ad9750-c42d-44ae-a073-07e73ff0ec3f",
    "color" : "#000000",
    "position" : {
      "x" : -19.416409,
      "y" : -26.18034,
      "z" : 10.0
    },
    "orientation" : 18
  }, {
    "shape" : "89ad9750-c42d-44ae-a073-07e73ff0ec3f",
    "color" : "#7D36D3",
    "position" : {
      "x" : 4.854102,
      "y" : 13.09017,
      "z" : -5.0
    },
    "orientation" : 42
  }, {
    "shape" : "6c776163-b055-4c17-9774-3a74ddbc3764",
    "color" : "#F2F2F2",
    "position" : {
      "x" : 9.708204,
      "y" : 5.236068,
      "z" : -2.0
    }
  }, {
    "shape" : "89ad9750-c42d-44ae-a073-07e73ff0ec3f",
    "color" : "#000000",
    "position" : {
      "x" : -4.854102,
      "y" : -2.618034,
      "z" : 1.0
    },
    "orientation" : 18
  }, {
    "shape" : "6c776163-b055-4c17-9774-3a74ddbc3764",
    "color" : "#F2F2F2",
    "position" : {
      "x" : -29.12461,
      "y" : -20.944271,
      "z" : 8.0
    }
  }, {
    "shape" : "6c776163-b055-4c17-9774-3a74ddbc3764",
    "color" : "#F2F2F2",
    "position" : {
      "x" : -24.27051,
      "y" : -28.798374,
      "z" : 11.0
    }
  }, {
    "shape" : "89ad9750-c42d-44ae-a073-07e73ff0ec3f",
    "color" : "#7D36D3",
    "position" : {
      "x" : -9.708204,
      "y" : 26.18034,
      "z" : -10.0
    },
    "orientation" : 31
  }, {
    "shape" : "89ad9750-c42d-44ae-a073-07e73ff0ec3f",
    "color" : "#000000",
    "position" : {
      "x" : -33.978714,
      "y" : -28.798374,
      "z" : 11.0
    },
    "orientation" : 31
  }, {
    "shape" : "6c776163-b055-4c17-9774-3a74ddbc3764",
    "color" : "#F2F2F2",
    "position" : {
      "x" : -14.562305,
      "y" : 2.618034,
      "z" : -1.0
    }
  }, {
    "shape" : "89ad9750-c42d-44ae-a073-07e73ff0ec3f",
    "color" : "#000000",
    "position" : {
      "x" : -14.562305,
      "y" : 44.506577,
      "z" : -17.0
    },
    "orientation" : 42
  }, {
    "shape" : "6c776163-b055-4c17-9774-3a74ddbc3764",
    "color" : "#F2F2F2",
    "position" : {
      "x" : -14.562305,
      "y" : 44.506577,
      "z" : -17.0
    }
  }, {
    "shape" : "89ad9750-c42d-44ae-a073-07e73ff0ec3f",
    "color" : "#000000",
    "position" : {
      "x" : 29.12461,
      "y" : -36.652477,
      "z" : 14.0
    },
    "orientation" : 31
  }, {
    "shape" : "89ad9750-c42d-44ae-a073-07e73ff0ec3f",
    "color" : "#000000",
    "position" : {
      "x" : 9.708204,
      "y" : 20.944271,
      "z" : -8.0
    },
    "orientation" : 42
  }, {
    "shape" : "6c776163-b055-4c17-9774-3a74ddbc3764",
    "color" : "#F2F2F2",
    "position" : {
      "x" : 19.416409,
      "y" : -20.944271,
      "z" : 8.0
    }
  }, {
    "shape" : "ff85967d-afc8-49ba-a323-7b7d4783fa78",
    "color" : "#FF0000",
    "position" : {
      "x" : -33.978714,
      "y" : 2.618034,
      "z" : -1.0
    },
    "orientation" : 22
  }, {
    "shape" : "ff85967d-afc8-49ba-a323-7b7d4783fa78",
    "color" : "#FF0000",
    "position" : {
      "x" : 9.708204,
      "y" : -5.236068,
      "z" : 2.0
    },
    "orientation" : 22
  }, {
    "shape" : "89ad9750-c42d-44ae-a073-07e73ff0ec3f",
    "color" : "#000000",
    "position" : {
      "x" : 14.562305,
      "y" : -18.326239,
      "z" : 7.0
    },
    "orientation" : 18
  }, {
    "shape" : "89ad9750-c42d-44ae-a073-07e73ff0ec3f",
    "color" : "#7D36D3",
    "position" : {
      "x" : -14.562305,
      "y" : 13.09017,
      "z" : -5.0
    },
    "orientation" : 18
  }, {
    "shape" : "89ad9750-c42d-44ae-a073-07e73ff0ec3f",
    "color" : "#000000",
    "position" : {
      "x" : 0.0,
      "y" : -36.652477,
      "z" : 14.0
    },
    "orientation" : 31
  }, {
    "shape" : "6c776163-b055-4c17-9774-3a74ddbc3764",
    "color" : "#F2F2F2",
    "position" : {
      "x" : 9.708204,
      "y" : 20.944271,
      "z" : -8.0
    }
  }, {
    "shape" : "6c776163-b055-4c17-9774-3a74ddbc3764",
    "color" : "#F2F2F2",
    "position" : {
      "x" : 0.0,
      "y" : -5.236068,
      "z" : 2.0
    }
  }, {
    "shape" : "89ad9750-c42d-44ae-a073-07e73ff0ec3f",
    "color" : "#000000",
    "position" : {
      "x" : -19.416409,
      "y" : -5.236068,
      "z" : 2.0
    },
    "orientation" : 31
  }, {
    "shape" : "89ad9750-c42d-44ae-a073-07e73ff0ec3f",
    "color" : "#000000",
    "position" : {
      "x" : 0.0,
      "y" : 20.944271,
      "z" : -8.0
    },
    "orientation" : 42
  }, {
    "shape" : "89ad9750-c42d-44ae-a073-07e73ff0ec3f",
    "color" : "#7D36D3",
    "position" : {
      "x" : 19.416409,
      "y" : -10.472136,
      "z" : 4.0
    },
    "orientation" : 18
  }, {
    "shape" : "6c776163-b055-4c17-9774-3a74ddbc3764",
    "color" : "#F2F2F2",
    "position" : {
      "x" : 0.0,
      "y" : 20.944271,
      "z" : -8.0
    }
  }, {
    "shape" : "9ba7df38-5daf-4b1b-8284-5f6de52f1125",
    "color" : "#FFA500",
    "position" : {
      "x" : 9.708204,
      "y" : 20.944271,
      "z" : -8.0
    },
    "orientation" : 22
  }, {
    "shape" : "6c776163-b055-4c17-9774-3a74ddbc3764",
    "color" : "#F2F2F2",
    "position" : {
      "x" : -33.978714,
      "y" : 2.618034,
      "z" : -1.0
    }
  }, {
    "shape" : "ff85967d-afc8-49ba-a323-7b7d4783fa78",
    "color" : "#FFFFFF",
    "position" : {
      "x" : -9.708204,
      "y" : 26.18034,
      "z" : -10.0
    },
    "orientation" : 22
  }, {
    "shape" : "89ad9750-c42d-44ae-a073-07e73ff0ec3f",
    "color" : "#000000",
    "position" : {
      "x" : -29.12461,
      "y" : 5.236068,
      "z" : -2.0
    },
    "orientation" : 42
  }, {
    "shape" : "6c776163-b055-4c17-9774-3a74ddbc3764",
    "color" : "#F2F2F2",
    "position" : {
      "x" : -14.562305,
      "y" : -28.798374,
      "z" : 11.0
    }
  }, {
    "shape" : "89ad9750-c42d-44ae-a073-07e73ff0ec3f",
    "color" : "#7D36D3",
    "position" : {
      "x" : -19.416409,
      "y" : 10.472136,
      "z" : -4.0
    },
    "orientation" : 31
  }, {
    "shape" : "89ad9750-c42d-44ae-a073-07e73ff0ec3f",
    "color" : "#000000",
    "position" : {
      "x" : 19.416409,
      "y" : -5.236068,
      "z" : 2.0
    },
    "orientation" : 31
  }, {
    "shape" : "6c776163-b055-4c17-9774-3a74ddbc3764",
    "color" : "#F2F2F2",
    "position" : {
      "x" : 38.832817,
      "y" : -20.944271,
      "z" : 8.0
    }
  }, {
    "shape" : "ff85967d-afc8-49ba-a323-7b7d4783fa78",
    "color" : "#FF69B4",
    "position" : {
      "x" : 19.416409,
      "y" : -20.944271,
      "z" : 8.0
    },
    "orientation" : 22
  }, {
    "shape" : "ff85967d-afc8-49ba-a323-7b7d4783fa78",
    "color" : "#FFA500",
    "position" : {
      "x" : -9.708204,
      "y" : 10.472136,
      "z" : -4.0
    },
    "orientation" : 22
  }, {
    "shape" : "89ad9750-c42d-44ae-a073-07e73ff0ec3f",
    "color" : "#7D36D3",
    "position" : {
      "x" : -29.12461,
      "y" : -26.18034,
      "z" : 10.0
    },
    "orientation" : 18
  }, {
    "shape" : "89ad9750-c42d-44ae-a073-07e73ff0ec3f",
    "color" : "#000000",
    "position" : {
      "x" : -24.27051,
      "y" : -2.618034,
      "z" : 1.0
    },
    "orientation" : 42
  }, {
    "shape" : "6c776163-b055-4c17-9774-3a74ddbc3764",
    "color" : "#F2F2F2",
    "position" : {
      "x" : 33.978714,
      "y" : -44.506577,
      "z" : 17.0
    }
  }, {
    "shape" : "89ad9750-c42d-44ae-a073-07e73ff0ec3f",
    "color" : "#000000",
    "position" : {
      "x" : -14.562305,
      "y" : 34.034443,
      "z" : -13.0
    },
    "orientation" : 31
  }, {
    "shape" : "89ad9750-c42d-44ae-a073-07e73ff0ec3f",
    "color" : "#7D36D3",
    "position" : {
      "x" : 9.708204,
      "y" : -5.236068,
      "z" : 2.0
    },
    "orientation" : 31
  }, {
    "shape" : "6c776163-b055-4c17-9774-3a74ddbc3764",
    "color" : "#F2F2F2",
    "position" : {
      "x" : 43.686916,
      "y" : -2.618034,
      "z" : 1.0
    }
  }, {
    "shape" : "89ad9750-c42d-44ae-a073-07e73ff0ec3f",
    "color" : "#000000",
    "position" : {
      "x" : -24.27051,
      "y" : 13.09017,
      "z" : -5.0
    },
    "orientation" : 42
  }, {
    "shape" : "6c776163-b055-4c17-9774-3a74ddbc3764",
    "color" : "#F2F2F2",
    "position" : {
      "x" : 33.978714,
      "y" : -28.798374,
      "z" : 11.0
    }
  }, {
    "shape" : "89ad9750-c42d-44ae-a073-07e73ff0ec3f",
    "color" : "#7D36D3",
    "position" : {
      "x" : 4.854102,
      "y" : -18.326239,
      "z" : 7.0
    },
    "orientation" : 42
  }, {
    "shape" : "89ad9750-c42d-44ae-a073-07e73ff0ec3f",
    "color" : "#7D36D3",
    "position" : {
      "x" : 4.854102,
      "y" : 34.034443,
      "z" : -13.0
    },
    "orientation" : 31
  }, {
    "shape" : "6c776163-b055-4c17-9774-3a74ddbc3764",
    "color" : "#F2F2F2",
    "position" : {
      "x" : -14.562305,
      "y" : 18.326239,
      "z" : -7.0
    }
  }, {
    "shape" : "89ad9750-c42d-44ae-a073-07e73ff0ec3f",
    "color" : "#7D36D3",
    "position" : {
      "x" : 0.0,
      "y" : -10.472136,
      "z" : 4.0
    },
    "orientation" : 18
  }, {
    "shape" : "89ad9750-c42d-44ae-a073-07e73ff0ec3f",
    "color" : "#000000",
    "position" : {
      "x" : 14.562305,
      "y" : -13.09017,
      "z" : 5.0
    },
    "orientation" : 31
  }, {
    "shape" : "89ad9750-c42d-44ae-a073-07e73ff0ec3f",
    "color" : "#7D36D3",
    "position" : {
      "x" : 4.854102,
      "y" : 18.326239,
      "z" : -7.0
    },
    "orientation" : 31
  }, {
    "shape" : "6c776163-b055-4c17-9774-3a74ddbc3764",
    "color" : "#F2F2F2",
    "position" : {
      "x" : 14.562305,
      "y" : 34.034443,
      "z" : -13.0
    }
  }, {
    "shape" : "89ad9750-c42d-44ae-a073-07e73ff0ec3f",
    "color" : "#7D36D3",
    "position" : {
      "x" : 38.832817,
      "y" : -10.472136,
      "z" : 4.0
    },
    "orientation" : 18
  }, {
    "shape" : "89ad9750-c42d-44ae-a073-07e73ff0ec3f",
    "color" : "#000000",
    "position" : {
      "x" : -24.27051,
      "y" : 13.09017,
      "z" : -5.0
    },
    "orientation" : 18
  }, {
    "shape" : "89ad9750-c42d-44ae-a073-07e73ff0ec3f",
    "color" : "#000000",
    "position" : {
      "x" : 0.0,
      "y" : 5.236068,
      "z" : -2.0
    },
    "orientation" : 42
  }, {
    "shape" : "89ad9750-c42d-44ae-a073-07e73ff0ec3f",
    "color" : "#7D36D3",
    "position" : {
      "x" : -24.27051,
      "y" : -18.326239,
      "z" : 7.0
    },
    "orientation" : 18
  }, {
    "shape" : "6c776163-b055-4c17-9774-3a74ddbc3764",
    "color" : "#F2F2F2",
    "position" : {
      "x" : -4.854102,
      "y" : -13.09017,
      "z" : 5.0
    }
  }, {
    "shape" : "89ad9750-c42d-44ae-a073-07e73ff0ec3f",
    "color" : "#000000",
    "position" : {
      "x" : 24.27051,
      "y" : -2.618034,
      "z" : 1.0
    },
    "orientation" : 42
  }, {
    "shape" : "89ad9750-c42d-44ae-a073-07e73ff0ec3f",
    "color" : "#7D36D3",
    "position" : {
      "x" : -24.27051,
      "y" : -13.09017,
      "z" : 5.0
    },
    "orientation" : 31
  }, {
    "shape" : "6c776163-b055-4c17-9774-3a74ddbc3764",
    "color" : "#F2F2F2",
    "position" : {
      "x" : 0.0,
      "y" : -36.652477,
      "z" : 14.0
    }
  }, {
    "shape" : "89ad9750-c42d-44ae-a073-07e73ff0ec3f",
    "color" : "#7D36D3",
    "position" : {
      "x" : 9.708204,
      "y" : 5.236068,
      "z" : -2.0
    },
    "orientation" : 42
  }, {
    "shape" : "6c776163-b055-4c17-9774-3a74ddbc3764",
    "color" : "#F2F2F2",
    "position" : {
      "x" : 38.832817,
      "y" : -5.236068,
      "z" : 2.0
    }
  }, {
    "shape" : "89ad9750-c42d-44ae-a073-07e73ff0ec3f",
    "color" : "#000000",
    "position" : {
      "x" : 14.562305,
      "y" : -2.618034,
      "z" : 1.0
    },
    "orientation" : 42
  }, {
    "shape" : "89ad9750-c42d-44ae-a073-07e73ff0ec3f",
    "color" : "#7D36D3",
    "position" : {
      "x" : 19.416409,
      "y" : -36.652477,
      "z" : 14.0
    },
    "orientation" : 31
  }, {
    "shape" : "89ad9750-c42d-44ae-a073-07e73ff0ec3f",
    "color" : "#7D36D3",
    "position" : {
      "x" : -9.708204,
      "y" : 36.652477,
      "z" : -14.0
    },
    "orientation" : 42
  }, {
    "shape" : "6c776163-b055-4c17-9774-3a74ddbc3764",
    "color" : "#F2F2F2",
    "position" : {
      "x" : 29.12461,
      "y" : 5.236068,
      "z" : -2.0
    }
  }, {
    "shape" : "6c776163-b055-4c17-9774-3a74ddbc3764",
    "color" : "#F2F2F2",
    "position" : {
      "x" : 9.708204,
      "y" : -26.18034,
      "z" : 10.0
    }
  }, {
    "shape" : "89ad9750-c42d-44ae-a073-07e73ff0ec3f",
    "color" : "#7D36D3",
    "position" : {
      "x" : -9.708204,
      "y" : 36.652477,
      "z" : -14.0
    },
    "orientation" : 18
  }, {
    "shape" : "89ad9750-c42d-44ae-a073-07e73ff0ec3f",
    "color" : "#7D36D3",
    "position" : {
      "x" : -14.562305,
      "y" : 28.798374,
      "z" : -11.0
    },
    "orientation" : 18
  }, {
