{
  "polygons" : "true",
  "field" : "golden",
  "symmetry" : "icosahedral",
  "orientations" : [ [ 1.0, 0.0, 0.0, 0.0, 0.0, 1.0, 0.0, 0.0, 0.0, 0.0, 1.0, 0.0, 0.0, 0.0, 0.0, 1.0 ], [ 0.0, 0.0, 1.0, 0.0, 1.0, 0.0, 0.0, 0.0, 0.0, 1.0, 0.0, 0.0, 0.0, 0.0, 0.0, 1.0 ], [ 0.0, 1.0, 0.0, 0.0, 0.0, 0.0, 1.0, 0.0, 1.0, 0.0, 0.0, 0.0, 0.0, 0.0, 0.0, 1.0 ], [ 0.809017, 0.309017, 0.5, 0.0, 0.309017, 0.5, -0.809017, 0.0, -0.5, 0.809017, 0.309017, 0.0, 0.0, 0.0, 0.0, 1.0 ], [ -0.5, 0.809017, 0.309017, 0.0, 0.809017, 0.309017, 0.5, 0.0, 0.309017, 0.5, -0.809017, 0.0, 0.0, 0.0, 0.0, 1.0 ], [ 0.309017, 0.5, -0.809017, 0.0, -0.5, 0.809017, 0.309017, 0.0, 0.809017, 0.309017, 0.5, 0.0, 0.0, 0.0, 0.0, 1.0 ], [ 0.5, 0.809017, 0.309017, 0.0, 0.809017, -0.309017, -0.5, 0.0, -0.309017, 0.5, -0.809017, 0.0, 0.0, 0.0, 0.0, 1.0 ], [ -0.309017, 0.5, -0.809017, 0.0, 0.5, 0.809017, 0.309017, 0.0, 0.809017, -0.309017, -0.5, 0.0, 0.0, 0.0, 0.0, 1.0 ], [ 0.809017, -0.309017, -0.5, 0.0, -0.309017, 0.5, -0.809017, 0.0, 0.5, 0.809017, 0.309017, 0.0, 0.0, 0.0, 0.0, 1.0 ], [ 0.5, 0.809017, -0.309017, 0.0, 0.809017, -0.309017, 0.5, 0.0, 0.309017, -0.5, -0.809017, 0.0, 0.0, 0.0, 0.0, 1.0 ], [ 0.309017, -0.5, -0.809017, 0.0, 0.5, 0.809017, -0.309017, 0.0, 0.809017, -0.309017, 0.5, 0.0, 0.0, 0.0, 0.0, 1.0 ], [ 0.809017, -0.309017, 0.5, 0.0, 0.309017, -0.5, -0.809017, 0.0, 0.5, 0.809017, -0.309017, 0.0, 0.0, 0.0, 0.0, 1.0 ], [ 0.809017, 0.309017, -0.5, 0.0, 0.309017, 0.5, 0.809017, 0.0, 0.5, -0.809017, 0.309017, 0.0, 0.0, 0.0, 0.0, 1.0 ], [ 0.5, -0.809017, 0.309017, 0.0, 0.809017, 0.309017, -0.5, 0.0, 0.309017, 0.5, 0.809017, 0.0, 0.0, 0.0, 0.0, 1.0 ], [ 0.309017, 0.5, 0.809017, 0.0, 0.5, -0.809017, 0.309017, 0.0, 0.809017, 0.309017, -0.5, 0.0, 0.0, 0.0, 0.0, 1.0 ], [ 1.0, 0.0, 0.0, 0.0, 0.0, -1.0, 0.0, 0.0, 0.0, 0.0, -1.0, 0.0, 0.0, 0.0, 0.0, 1.0 ], [ 0.0, 0.0, 1.0, 0.0, -1.0, 0.0, 0.0, 0.0, 0.0, -1.0, 0.0, 0.0, 0.0, 0.0, 0.0, 1.0 ], [ 0.0, 1.0, 0.0, 0.0, 0.0, 0.0, -1.0, 0.0, -1.0, 0.0, 0.0, 0.0, 0.0, 0.0, 0.0, 1.0 ], [ 0.809017, 0.309017, 0.5, 0.0, -0.309017, -0.5, 0.809017, 0.0, 0.5, -0.809017, -0.309017, 0.0, 0.0, 0.0, 0.0, 1.0 ], [ -0.5, 0.809017, 0.309017, 0.0, -0.809017, -0.309017, -0.5, 0.0, -0.309017, -0.5, 0.809017, 0.0, 0.0, 0.0, 0.0, 1.0 ], [ 0.309017, 0.5, -0.809017, 0.0, 0.5, -0.809017, -0.309017, 0.0, -0.809017, -0.309017, -0.5, 0.0, 0.0, 0.0, 0.0, 1.0 ], [ 0.5, 0.809017, 0.309017, 0.0, -0.809017, 0.309017, 0.5, 0.0, 0.309017, -0.5, 0.809017, 0.0, 0.0, 0.0, 0.0, 1.0 ], [ -0.309017, 0.5, -0.809017, 0.0, -0.5, -0.809017, -0.309017, 0.0, -0.809017, 0.309017, 0.5, 0.0, 0.0, 0.0, 0.0, 1.0 ], [ 0.809017, -0.309017, -0.5, 0.0, 0.309017, -0.5, 0.809017, 0.0, -0.5, -0.809017, -0.309017, 0.0, 0.0, 0.0, 0.0, 1.0 ], [ 0.5, 0.809017, -0.309017, 0.0, -0.809017, 0.309017, -0.5, 0.0, -0.309017, 0.5, 0.809017, 0.0, 0.0, 0.0, 0.0, 1.0 ], [ 0.309017, -0.5, -0.809017, 0.0, -0.5, -0.809017, 0.309017, 0.0, -0.809017, 0.309017, -0.5, 0.0, 0.0, 0.0, 0.0, 1.0 ], [ 0.809017, -0.309017, 0.5, 0.0, -0.309017, 0.5, 0.809017, 0.0, -0.5, -0.809017, 0.309017, 0.0, 0.0, 0.0, 0.0, 1.0 ], [ 0.809017, 0.309017, -0.5, 0.0, -0.309017, -0.5, -0.809017, 0.0, -0.5, 0.809017, -0.309017, 0.0, 0.0, 0.0, 0.0, 1.0 ], [ 0.5, -0.809017, 0.309017, 0.0, -0.809017, -0.309017, 0.5, 0.0, -0.309017, -0.5, -0.809017, 0.0, 0.0, 0.0, 0.0, 1.0 ], [ 0.309017, 0.5, 0.809017, 0.0, -0.5, 0.809017, -0.309017, 0.0, -0.809017, -0.309017, 0.5, 0.0, 0.0, 0.0, 0.0, 1.0 ], [ -1.0, 0.0, 0.0, 0.0, 0.0, -1.0, 0.0, 0.0, 0.0, 0.0, 1.0, 0.0, 0.0, 0.0, 0.0, 1.0 ], [ 0.0, 0.0, -1.0, 0.0, -1.0, 0.0, 0.0, 0.0, 0.0, 1.0, 0.0, 0.0, 0.0, 0.0, 0.0, 1.0 ], [ 0.0, -1.0, 0.0, 0.0, 0.0, 0.0, -1.0, 0.0, 1.0, 0.0, 0.0, 0.0, 0.0, 0.0, 0.0, 1.0 ], [ -0.809017, -0.309017, -0.5, 0.0, -0.309017, -0.5, 0.809017, 0.0, -0.5, 0.809017, 0.309017, 0.0, 0.0, 0.0, 0.0, 1.0 ], [ 0.5, -0.809017, -0.309017, 0.0, -0.809017, -0.309017, -0.5, 0.0, 0.309017, 0.5, -0.809017, 0.0, 0.0, 0.0, 0.0, 1.0 ], [ -0.309017, -0.5, 0.809017, 0.0, 0.5, -0.809017, -0.309017, 0.0, 0.809017, 0.309017, 0.5, 0.0, 0.0, 0.0, 0.0, 1.0 ], [ -0.5, -0.809017, -0.309017, 0.0, -0.809017, 0.309017, 0.5, 0.0, -0.309017, 0.5, -0.809017, 0.0, 0.0, 0.0, 0.0, 1.0 ], [ 0.309017, -0.5, 0.809017, 0.0, -0.5, -0.809017, -0.309017, 0.0, 0.809017, -0.309017, -0.5, 0.0, 0.0, 0.0, 0.0, 1.0 ], [ -0.809017, 0.309017, 0.5, 0.0, 0.309017, -0.5, 0.809017, 0.0, 0.5, 0.809017, 0.309017, 0.0, 0.0, 0.0, 0.0, 1.0 ], [ -0.5, -0.809017, 0.309017, 0.0, -0.809017, 0.309017, -0.5, 0.0, 0.309017, -0.5, -0.809017, 0.0, 0.0, 0.0, 0.0, 1.0 ], [ -0.309017, 0.5, 0.809017, 0.0, -0.5, -0.809017, 0.309017, 0.0, 0.809017, -0.309017, 0.5, 0.0, 0.0, 0.0, 0.0, 1.0 ], [ -0.809017, 0.309017, -0.5, 0.0, -0.309017, 0.5, 0.809017, 0.0, 0.5, 0.809017, -0.309017, 0.0, 0.0, 0.0, 0.0, 1.0 ], [ -0.809017, -0.309017, 0.5, 0.0, -0.309017, -0.5, -0.809017, 0.0, 0.5, -0.809017, 0.309017, 0.0, 0.0, 0.0, 0.0, 1.0 ], [ -0.5, 0.809017, -0.309017, 0.0, -0.809017, -0.309017, 0.5, 0.0, 0.309017, 0.5, 0.809017, 0.0, 0.0, 0.0, 0.0, 1.0 ], [ -0.309017, -0.5, -0.809017, 0.0, -0.5, 0.809017, -0.309017, 0.0, 0.809017, 0.309017, -0.5, 0.0, 0.0, 0.0, 0.0, 1.0 ], [ -1.0, 0.0, 0.0, 0.0, 0.0, 1.0, 0.0, 0.0, 0.0, 0.0, -1.0, 0.0, 0.0, 0.0, 0.0, 1.0 ], [ 0.0, 0.0, -1.0, 0.0, 1.0, 0.0, 0.0, 0.0, 0.0, -1.0, 0.0, 0.0, 0.0, 0.0, 0.0, 1.0 ], [ 0.0, -1.0, 0.0, 0.0, 0.0, 0.0, 1.0, 0.0, -1.0, 0.0, 0.0, 0.0, 0.0, 0.0, 0.0, 1.0 ], [ -0.809017, -0.309017, -0.5, 0.0, 0.309017, 0.5, -0.809017, 0.0, 0.5, -0.809017, -0.309017, 0.0, 0.0, 0.0, 0.0, 1.0 ], [ 0.5, -0.809017, -0.309017, 0.0, 0.809017, 0.309017, 0.5, 0.0, -0.309017, -0.5, 0.809017, 0.0, 0.0, 0.0, 0.0, 1.0 ], [ -0.309017, -0.5, 0.809017, 0.0, -0.5, 0.809017, 0.309017, 0.0, -0.809017, -0.309017, -0.5, 0.0, 0.0, 0.0, 0.0, 1.0 ], [ -0.5, -0.809017, -0.309017, 0.0, 0.809017, -0.309017, -0.5, 0.0, 0.309017, -0.5, 0.809017, 0.0, 0.0, 0.0, 0.0, 1.0 ], [ 0.309017, -0.5, 0.809017, 0.0, 0.5, 0.809017, 0.309017, 0.0, -0.809017, 0.309017, 0.5, 0.0, 0.0, 0.0, 0.0, 1.0 ], [ -0.809017, 0.309017, 0.5, 0.0, -0.309017, 0.5, -0.809017, 0.0, -0.5, -0.809017, -0.309017, 0.0, 0.0, 0.0, 0.0, 1.0 ], [ -0.5, -0.809017, 0.309017, 0.0, 0.809017, -0.309017, 0.5, 0.0, -0.309017, 0.5, 0.809017, 0.0, 0.0, 0.0, 0.0, 1.0 ], [ -0.309017, 0.5, 0.809017, 0.0, 0.5, 0.809017, -0.309017, 0.0, -0.809017, 0.309017, -0.5, 0.0, 0.0, 0.0, 0.0, 1.0 ], [ -0.809017, 0.309017, -0.5, 0.0, 0.309017, -0.5, -0.809017, 0.0, -0.5, -0.809017, 0.309017, 0.0, 0.0, 0.0, 0.0, 1.0 ], [ -0.809017, -0.309017, 0.5, 0.0, 0.309017, 0.5, 0.809017, 0.0, -0.5, 0.809017, -0.309017, 0.0, 0.0, 0.0, 0.0, 1.0 ], [ -0.5, 0.809017, -0.309017, 0.0, 0.809017, 0.309017, -0.5, 0.0, -0.309017, -0.5, -0.809017, 0.0, 0.0, 0.0, 0.0, 1.0 ], [ -0.309017, -0.5, -0.809017, 0.0, 0.5, -0.809017, 0.309017, 0.0, -0.809017, -0.309017, 0.5, 0.0, 0.0, 0.0, 0.0, 1.0 ] ],
  "lights" : {
    "directionalLights" : [ {
      "direction" : [ 1.0, -1.0, -1.0 ],
      "color" : "#EBEBE4"
    }, {
      "direction" : [ -1.0, 0.0, 0.0 ],
      "color" : "#E4E4EB"
    }, {
      "direction" : [ 0.0, 0.0, -1.0 ],
      "color" : "#1E1E1E"
    } ],
    "backgroundColor" : "#AFC8DC",
    "ambientColor" : "#292929"
  },
  "camera" : {
    "lookAtPointRV" : {
      "x" : 0.0,
      "y" : 0.0,
      "z" : 0.0,
      "zero" : true
    },
    "lookDirectionRV" : {
      "x" : 0.103041604,
      "y" : 0.030023789,
      "z" : 0.9942224,
      "zero" : false
    },
    "upDirectionRV" : {
      "x" : 0.85004836,
      "y" : -0.5217098,
      "z" : -0.072343804,
      "zero" : false
    },
    "perspective" : true,
    "fieldOfView" : 0.4426289,
    "viewDistance" : 227.89374,
    "upDirection" : {
      "x" : 0.85004836,
      "y" : -0.5217098,
      "z" : -0.072343804
    },
    "lookAtPoint" : {
      "x" : 0.0,
      "y" : 0.0,
      "z" : 0.0
    },
    "farClipDistance" : 455.78748,
    "lookDirection" : {
      "x" : 0.103041604,
      "y" : 0.030023789,
      "z" : 0.9942224
    },
    "width" : 102.552185,
    "position" : {
      "x" : -23.482536,
      "y" : -6.8422337,
      "z" : -226.57706
    },
    "nearClipDistance" : 0.56973433,
    "stereo" : false
  },
  "embedding" : [ 1.0, 0.0, 0.0, 0.0, 0.0, 1.0, 0.0, 0.0, 0.0, 0.0, 1.0, 0.0, 0.0, 0.0, 0.0, 1.0 ],
  "shapes" : [ {
    "id" : "ac5e8816-739b-400d-8675-85415f9e8d37",
    "vertices" : [ {
      "x" : 0.0,
      "y" : 0.0,
      "z" : 0.0
    }, {
      "x" : 0.0,
      "y" : -6.854102,
      "z" : -17.944271
    }, {
      "x" : -6.854102,
      "y" : 11.09017,
      "z" : -17.944271
    }, {
      "x" : -6.854102,
      "y" : 17.944271,
      "z" : 0.0
    } ],
    "faces" : [ {
      "vertices" : [ 0, 1, 2, 3 ]
    }, {
      "vertices" : [ 0, 3, 2, 1 ]
    } ]
  }, {
    "id" : "30ad5f7e-9fb7-4610-885a-6205d6c82dda",
    "vertices" : [ {
      "x" : 0.0,
      "y" : 0.0,
      "z" : 0.0
    }, {
      "x" : 0.0,
      "y" : -6.854102,
      "z" : -17.944271
    }, {
      "x" : 0.0,
      "y" : 0.0,
      "z" : -35.888542
    }, {
      "x" : 0.0,
      "y" : 6.854102,
      "z" : -17.944271
    } ],
    "faces" : [ {
      "vertices" : [ 0, 1, 2, 3 ]
    }, {
      "vertices" : [ 0, 3, 2, 1 ]
    } ]
  }, {
    "id" : "cf17dc67-879b-4965-86f9-8968ebad5bd5",
    "vertices" : [ {
      "x" : 0.0,
      "y" : 0.0,
      "z" : 0.0
    }, {
      "x" : 0.0,
      "y" : 6.854102,
      "z" : 17.944271
    }, {
      "x" : 0.0,
      "y" : 0.0,
      "z" : 35.888542
    }, {
      "x" : 0.0,
      "y" : -6.854102,
      "z" : 17.944271
    } ],
    "faces" : [ {
      "vertices" : [ 0, 1, 2, 3 ]
    }, {
      "vertices" : [ 0, 3, 2, 1 ]
    } ]
  }, {
    "id" : "fd18d7b4-5e0e-4f38-a2ca-7e7829254ec0",
    "orbit" : "yellow",
    "orbitC" : "[[0,0,1],[2,-1,1]]",
    "length" : "[1,1,1]",
    "name" : "y3",
    "vertices" : [ {
      "x" : 0.809017,
      "y" : 0.0,
      "z" : -0.690983
    }, {
      "x" : 1.0,
      "y" : 0.309017,
      "z" : -0.19098301
    }, {
      "x" : 8.163119,
      "y" : 0.309017,
      "z" : -2.927051
    }, {
      "x" : 7.972136,
      "y" : 0.0,
      "z" : -3.427051
    }, {
      "x" : 16.944271,
      "y" : 0.309017,
      "z" : -6.663119
    }, {
      "x" : 1.0,
      "y" : -0.309017,
      "z" : -0.19098301
    }, {
      "x" : 8.163119,
      "y" : -0.309017,
      "z" : -2.927051
    }, {
      "x" : 9.781153,
      "y" : 0.309017,
      "z" : -3.927051
    }, {
      "x" : 9.972136,
      "y" : 0.0,
      "z" : -3.427051
    }, {
      "x" : 17.944271,
      "y" : 0.0,
      "z" : -6.854102
    }, {
      "x" : 9.781153,
      "y" : -0.309017,
      "z" : -3.927051
    }, {
      "x" : 17.135256,
      "y" : 0.0,
      "z" : -6.163119
    }, {
      "x" : 16.944271,
      "y" : -0.309017,
      "z" : -6.663119
    } ],
    "faces" : [ {
      "vertices" : [ 2, 6, 8 ]
    }, {
      "vertices" : [ 4, 12, 10, 7 ]
    }, {
      "vertices" : [ 2, 8, 7 ]
    }, {
      "vertices" : [ 3, 10, 6 ]
    }, {
      "vertices" : [ 3, 7, 10 ]
    }, {
      "vertices" : [ 0, 1, 2, 3 ]
    }, {
      "vertices" : [ 6, 10, 8 ]
    }, {
      "vertices" : [ 8, 10, 12, 11 ]
    }, {
      "vertices" : [ 2, 7, 3 ]
    }, {
      "vertices" : [ 0, 3, 6, 5 ]
    }, {
      "vertices" : [ 1, 5, 6, 2 ]
    }, {
      "vertices" : [ 4, 7, 8, 11 ]
    } ]
  }, {
    "id" : "198cfca0-2a5f-4175-a7da-3dd7a72ba9c4",
    "name" : "ball",
    "vertices" : [ {
      "x" : 0.309017,
      "y" : -0.809017,
      "z" : 0.618034
    }, {
      "x" : 0.809017,
      "y" : -0.618034,
      "z" : 0.309017
    }, {
      "x" : 0.618034,
      "y" : -0.309017,
      "z" : 0.809017
    }, {
      "x" : 1.0,
      "y" : 0.309017,
      "z" : 0.19098301
    }, {
      "x" : 0.809017,
      "y" : 0.618034,
      "z" : 0.309017
    }, {
      "x" : 0.618034,
      "y" : 0.309017,
      "z" : 0.809017
    }, {
      "x" : 0.809017,
      "y" : 0.0,
      "z" : 0.690983
    }, {
      "x" : 0.19098301,
      "y" : -1.0,
      "z" : 0.309017
    }, {
      "x" : -0.19098301,
      "y" : -1.0,
      "z" : 0.309017
    }, {
      "x" : -0.19098301,
      "y" : -1.0,
      "z" : -0.309017
    }, {
      "x" : 0.19098301,
      "y" : -1.0,
      "z" : -0.309017
    }, {
      "x" : 1.0,
      "y" : -0.309017,
      "z" : -0.19098301
    }, {
      "x" : 0.809017,
      "y" : -0.618034,
      "z" : -0.309017
    }, {
      "x" : 0.618034,
      "y" : -0.309017,
      "z" : -0.809017
    }, {
      "x" : 0.809017,
      "y" : 0.0,
      "z" : -0.690983
    }, {
      "x" : 0.0,
      "y" : 0.690983,
      "z" : -0.809017
    }, {
      "x" : 0.309017,
      "y" : 0.809017,
      "z" : -0.618034
    }, {
      "x" : 0.618034,
      "y" : 0.309017,
      "z" : -0.809017
    }, {
      "x" : 0.309017,
      "y" : 0.19098301,
      "z" : -1.0
    }, {
      "x" : 1.0,
      "y" : 0.309017,
      "z" : -0.19098301
    }, {
      "x" : -0.309017,
      "y" : -0.809017,
      "z" : 0.618034
    }, {
      "x" : 0.0,
      "y" : -0.690983,
      "z" : 0.809017
    }, {
      "x" : 0.809017,
      "y" : 0.618034,
      "z" : -0.309017
    }, {
      "x" : 0.690983,
      "y" : 0.809017,
      "z" : 0.0
    }, {
      "x" : -0.690983,
      "y" : 0.809017,
      "z" : 0.0
    }, {
      "x" : -0.809017,
      "y" : 0.618034,
      "z" : 0.309017
    }, {
      "x" : -0.309017,
      "y" : 0.809017,
      "z" : 0.618034
    }, {
      "x" : -0.19098301,
      "y" : 1.0,
      "z" : 0.309017
    }, {
      "x" : 0.309017,
      "y" : -0.19098301,
      "z" : -1.0
    }, {
      "x" : 0.19098301,
      "y" : 1.0,
      "z" : 0.309017
    }, {
      "x" : 0.309017,
      "y" : 0.809017,
      "z" : 0.618034
    }, {
      "x" : -0.809017,
      "y" : -0.618034,
      "z" : 0.309017
    }, {
      "x" : -0.690983,
      "y" : -0.809017,
      "z" : 0.0
    }, {
      "x" : 0.0,
      "y" : 0.690983,
      "z" : 0.809017
    }, {
      "x" : 0.309017,
      "y" : -0.809017,
      "z" : -0.618034
    }, {
      "x" : 0.0,
      "y" : -0.690983,
      "z" : -0.809017
    }, {
      "x" : -1.0,
      "y" : 0.309017,
      "z" : 0.19098301
    }, {
      "x" : -0.809017,
      "y" : 0.0,
      "z" : 0.690983
    }, {
      "x" : -0.618034,
      "y" : 0.309017,
      "z" : 0.809017
    }, {
      "x" : 1.0,
      "y" : -0.309017,
      "z" : 0.19098301
    }, {
      "x" : -0.309017,
      "y" : -0.809017,
      "z" : -0.618034
    }, {
      "x" : -1.0,
      "y" : 0.309017,
      "z" : -0.19098301
    }, {
      "x" : -1.0,
      "y" : -0.309017,
      "z" : -0.19098301
    }, {
      "x" : -1.0,
      "y" : -0.309017,
      "z" : 0.19098301
    }, {
      "x" : 0.19098301,
      "y" : 1.0,
      "z" : -0.309017
    }, {
      "x" : -0.809017,
      "y" : 0.618034,
      "z" : -0.309017
    }, {
      "x" : -0.19098301,
      "y" : 1.0,
      "z" : -0.309017
    }, {
      "x" : -0.309017,
      "y" : 0.809017,
      "z" : -0.618034
    }, {
      "x" : -0.618034,
      "y" : -0.309017,
      "z" : 0.809017
    }, {
      "x" : 0.309017,
      "y" : 0.19098301,
      "z" : 1.0
    }, {
      "x" : -0.309017,
      "y" : 0.19098301,
      "z" : -1.0
    }, {
      "x" : -0.309017,
      "y" : 0.19098301,
      "z" : 1.0
    }, {
      "x" : -0.309017,
      "y" : -0.19098301,
      "z" : 1.0
    }, {
      "x" : 0.309017,
      "y" : -0.19098301,
      "z" : 1.0
    }, {
      "x" : 0.690983,
      "y" : -0.809017,
      "z" : 0.0
    }, {
      "x" : -0.809017,
      "y" : 0.0,
      "z" : -0.690983
    }, {
      "x" : -0.618034,
      "y" : -0.309017,
      "z" : -0.809017
    }, {
      "x" : -0.309017,
      "y" : -0.19098301,
      "z" : -1.0
    }, {
      "x" : -0.618034,
      "y" : 0.309017,
      "z" : -0.809017
    }, {
      "x" : -0.809017,
      "y" : -0.618034,
      "z" : -0.309017
    } ],
    "faces" : [ {
      "vertices" : [ 9, 40, 35, 34, 10 ]
    }, {
      "vertices" : [ 0, 1, 2 ]
    }, {
      "vertices" : [ 33, 51, 49 ]
    }, {
      "vertices" : [ 25, 36, 37, 38 ]
    }, {
      "vertices" : [ 41, 55, 42 ]
    }, {
      "vertices" : [ 9, 32, 59, 40 ]
    }, {
      "vertices" : [ 20, 21, 52, 48 ]
    }, {
      "vertices" : [ 26, 33, 30, 29, 27 ]
    }, {
      "vertices" : [ 3, 4, 5, 6 ]
    }, {
      "vertices" : [ 27, 29, 44, 46 ]
    }, {
      "vertices" : [ 50, 57, 56, 55, 58 ]
    }, {
      "vertices" : [ 26, 38, 51, 33 ]
    }, {
      "vertices" : [ 45, 47, 58 ]
    }, {
      "vertices" : [ 18, 28, 57, 50 ]
    }, {
      "vertices" : [ 40, 59, 56 ]
    }, {
      "vertices" : [ 31, 48, 37, 43 ]
    }, {
      "vertices" : [ 7, 8, 9, 10 ]
    }, {
      "vertices" : [ 36, 41, 42, 43 ]
    }, {
      "vertices" : [ 24, 46, 47, 45 ]
    }, {
      "vertices" : [ 4, 30, 5 ]
    }, {
      "vertices" : [ 15, 47, 46, 44, 16 ]
    }, {
      "vertices" : [ 15, 50, 58, 47 ]
    }, {
      "vertices" : [ 24, 45, 41, 36, 25 ]
    }, {
      "vertices" : [ 11, 14, 19 ]
    }, {
      "vertices" : [ 3, 6, 39 ]
    }, {
      "vertices" : [ 1, 39, 6, 2 ]
    }, {
      "vertices" : [ 8, 32, 9 ]
    }, {
      "vertices" : [ 11, 12, 13, 14 ]
    }, {
      "vertices" : [ 16, 22, 17 ]
    }, {
      "vertices" : [ 0, 21, 20, 8, 7 ]
    }, {
      "vertices" : [ 12, 34, 13 ]
    }, {
      "vertices" : [ 35, 40, 56, 57 ]
    }, {
      "vertices" : [ 0, 7, 54, 1 ]
    }, {
      "vertices" : [ 15, 16, 17, 18 ]
    }, {
      "vertices" : [ 3, 19, 22, 23, 4 ]
    }, {
      "vertices" : [ 7, 10, 54 ]
    }, {
      "vertices" : [ 41, 45, 58, 55 ]
    }, {
      "vertices" : [ 3, 39, 11, 19 ]
    }, {
      "vertices" : [ 14, 17, 22, 19 ]
    }, {
      "vertices" : [ 0, 2, 53, 21 ]
    }, {
      "vertices" : [ 49, 51, 52, 53 ]
    }, {
      "vertices" : [ 31, 43, 42, 59, 32 ]
    }, {
      "vertices" : [ 15, 18, 50 ]
    }, {
      "vertices" : [ 42, 55, 56, 59 ]
    }, {
      "vertices" : [ 4, 23, 29, 30 ]
    }, {
      "vertices" : [ 25, 38, 26 ]
    }, {
      "vertices" : [ 13, 28, 18, 17, 14 ]
    }, {
      "vertices" : [ 8, 20, 31, 32 ]
    }, {
      "vertices" : [ 23, 44, 29 ]
    }, {
      "vertices" : [ 24, 27, 46 ]
    }, {
      "vertices" : [ 37, 48, 52, 51, 38 ]
    }, {
      "vertices" : [ 20, 48, 31 ]
    }, {
      "vertices" : [ 24, 25, 26, 27 ]
    }, {
      "vertices" : [ 16, 44, 23, 22 ]
    }, {
      "vertices" : [ 13, 34, 35, 28 ]
    }, {
      "vertices" : [ 10, 34, 12, 54 ]
    }, {
      "vertices" : [ 2, 6, 5, 49, 53 ]
    }, {
      "vertices" : [ 36, 43, 37 ]
    }, {
      "vertices" : [ 5, 30, 33, 49 ]
    }, {
      "vertices" : [ 1, 54, 12, 11, 39 ]
    }, {
      "vertices" : [ 28, 35, 57 ]
    }, {
      "vertices" : [ 21, 53, 52 ]
    } ]
  } ],
  "instances" : [ {
    "shape" : "ac5e8816-739b-400d-8675-85415f9e8d37",
    "color" : "#7FC69A",
    "position" : {
      "x" : -11.09017,
      "y" : -13.708204,
      "z" : 4.236068
    },
    "orientation" : 7
  }, {
    "shape" : "ac5e8816-739b-400d-8675-85415f9e8d37",
    "color" : "#7FC69A",
    "position" : {
      "x" : 2.618034,
      "y" : 0.0,
      "z" : 17.944271
    },
    "orientation" : 16
  }, {
    "shape" : "ac5e8816-739b-400d-8675-85415f9e8d37",
    "color" : "#7FC69A",
    "position" : {
      "x" : -13.708204,
      "y" : 4.236068,
      "z" : 11.09017
    },
    "orientation" : 19
  }, {
    "shape" : "ac5e8816-739b-400d-8675-85415f9e8d37",
    "color" : "#7FC69A",
    "position" : {
      "x" : -17.944271,
      "y" : 2.618034,
      "z" : 0.0
    },
    "orientation" : 2
  }, {
    "shape" : "ac5e8816-739b-400d-8675-85415f9e8d37",
    "color" : "#7FC69A",
    "position" : {
      "x" : -4.236068,
      "y" : 11.09017,
      "z" : -13.708204
    },
    "orientation" : 38
  }, {
    "shape" : "ac5e8816-739b-400d-8675-85415f9e8d37",
    "color" : "#7FC69A",
    "position" : {
      "x" : 15.326238,
      "y" : -6.854102,
      "z" : 6.854102
    },
    "orientation" : 39
  }, {
    "shape" : "ac5e8816-739b-400d-8675-85415f9e8d37",
    "color" : "#7FC69A",
    "position" : {
      "x" : 17.944271,
      "y" : 2.618034,
      "z" : 0.0
    },
    "orientation" : 47
  }, {
    "shape" : "30ad5f7e-9fb7-4610-885a-6205d6c82dda",
    "color" : "#7FBACA",
    "position" : {
      "x" : -6.854102,
      "y" : -15.326238,
      "z" : 6.854102
    },
    "orientation" : 56
  }, {
    "shape" : "30ad5f7e-9fb7-4610-885a-6205d6c82dda",
    "color" : "#7FBACA",
    "position" : {
      "x" : -13.708204,
      "y" : 4.236068,
      "z" : -11.09017
    },
    "orientation" : 7
  }, {
    "shape" : "cf17dc67-879b-4965-86f9-8968ebad5bd5",
    "color" : "#7FBACA",
    "position" : {
      "x" : -11.09017,
      "y" : 13.708204,
      "z" : 4.236068
    },
    "orientation" : 11
  }, {
    "shape" : "cf17dc67-879b-4965-86f9-8968ebad5bd5",
    "color" : "#7FBACA",
    "position" : {
      "x" : 11.09017,
      "y" : -13.708204,
      "z" : 4.236068
    },
    "orientation" : 41
  }, {
    "shape" : "ac5e8816-739b-400d-8675-85415f9e8d37",
    "color" : "#7FC69A",
    "position" : {
      "x" : -11.09017,
      "y" : 13.708204,
      "z" : -4.236068
    },
    "orientation" : 22
  }, {
    "shape" : "ac5e8816-739b-400d-8675-85415f9e8d37",
    "color" : "#7FC69A",
    "position" : {
      "x" : 6.854102,
      "y" : 6.854102,
      "z" : 15.326238
    },
    "orientation" : 42
  }, {
    "shape" : "ac5e8816-739b-400d-8675-85415f9e8d37",
    "color" : "#7FC69A",
    "position" : {
      "x" : -6.854102,
      "y" : 6.854102,
      "z" : 15.326238
    },
    "orientation" : 56
  }, {
    "shape" : "ac5e8816-739b-400d-8675-85415f9e8d37",
    "color" : "#7FC69A",
    "position" : {
      "x" : -4.236068,
      "y" : -11.09017,
      "z" : 13.708204
    },
    "orientation" : 53
  }, {
    "shape" : "ac5e8816-739b-400d-8675-85415f9e8d37",
    "color" : "#7FC69A",
    "position" : {
      "x" : 6.854102,
      "y" : -6.854102,
      "z" : -15.326238
    },
    "orientation" : 57
  }, {
    "shape" : "ac5e8816-739b-400d-8675-85415f9e8d37",
    "color" : "#7FC69A",
    "position" : {
      "x" : -6.854102,
      "y" : -15.326238,
      "z" : -6.854102
    },
    "orientation" : 55
  }, {
    "shape" : "ac5e8816-739b-400d-8675-85415f9e8d37",
    "color" : "#7FC69A",
    "position" : {
      "x" : 4.236068,
      "y" : -11.09017,
      "z" : 13.708204
    },
    "orientation" : 48
  }, {
    "shape" : "ac5e8816-739b-400d-8675-85415f9e8d37",
    "color" : "#7FC69A",
    "position" : {
      "x" : -6.854102,
      "y" : -6.854102,
      "z" : -15.326238
    },
    "orientation" : 41
  }, {
    "shape" : "ac5e8816-739b-400d-8675-85415f9e8d37",
    "color" : "#7FC69A",
    "position" : {
      "x" : -13.708204,
      "y" : -4.236068,
      "z" : -11.09017
    },
    "orientation" : 4
  }, {
    "shape" : "ac5e8816-739b-400d-8675-85415f9e8d37",
    "color" : "#7FC69A",
    "position" : {
      "x" : 6.854102,
      "y" : 15.326238,
      "z" : 6.854102
    },
    "orientation" : 59
  }, {
    "shape" : "ac5e8816-739b-400d-8675-85415f9e8d37",
    "color" : "#7FC69A",
    "position" : {
      "x" : -17.944271,
      "y" : -2.618034,
      "z" : 0.0
    },
    "orientation" : 17
  }, {
    "shape" : "ac5e8816-739b-400d-8675-85415f9e8d37",
    "color" : "#7FC69A",
    "position" : {
      "x" : 13.708204,
      "y" : 4.236068,
      "z" : -11.09017
    },
    "orientation" : 34
  }, {
    "shape" : "30ad5f7e-9fb7-4610-885a-6205d6c82dda",
    "color" : "#7FBACA",
    "position" : {
      "x" : -15.326238,
      "y" : 6.854102,
      "z" : -6.854102
    },
    "orientation" : 25
  }, {
    "shape" : "ac5e8816-739b-400d-8675-85415f9e8d37",
    "color" : "#7FC69A",
    "position" : {
      "x" : -13.708204,
      "y" : -4.236068,
      "z" : 11.09017
    },
    "orientation" : 21
  }, {
    "shape" : "ac5e8816-739b-400d-8675-85415f9e8d37",
    "color" : "#7FC69A",
    "position" : {
      "x" : -11.09017,
      "y" : -13.708204,
      "z" : -4.236068
    },
    "orientation" : 5
  }, {
    "shape" : "ac5e8816-739b-400d-8675-85415f9e8d37",
    "color" : "#7FC69A",
    "position" : {
      "x" : -15.326238,
      "y" : 6.854102,
      "z" : -6.854102
    },
    "orientation" : 43
  }, {
    "shape" : "cf17dc67-879b-4965-86f9-8968ebad5bd5",
    "color" : "#7FBACA",
    "position" : {
      "x" : -13.708204,
      "y" : 4.236068,
      "z" : 11.09017
    },
    "orientation" : 55
  }, {
    "shape" : "ac5e8816-739b-400d-8675-85415f9e8d37",
    "color" : "#7FC69A",
    "position" : {
      "x" : -4.236068,
      "y" : -11.09017,
      "z" : -13.708204
    },
    "orientation" : 3
  }, {
    "shape" : "ac5e8816-739b-400d-8675-85415f9e8d37",
    "color" : "#7FC69A",
    "position" : {
      "x" : 6.854102,
      "y" : -15.326238,
      "z" : -6.854102
    },
    "orientation" : 44
  }, {
    "shape" : "30ad5f7e-9fb7-4610-885a-6205d6c82dda",
    "color" : "#7FBACA",
    "position" : {
      "x" : 6.854102,
      "y" : 6.854102,
      "z" : 15.326238
    },
    "orientation" : 54
  }, {
    "shape" : "30ad5f7e-9fb7-4610-885a-6205d6c82dda",
    "color" : "#7FBACA",
    "position" : {
      "x" : -11.09017,
      "y" : -13.708204,
      "z" : 4.236068
    },
    "orientation" : 8
  }, {
    "shape" : "ac5e8816-739b-400d-8675-85415f9e8d37",
    "color" : "#7FC69A",
    "position" : {
      "x" : -4.236068,
      "y" : 11.09017,
      "z" : 13.708204
    },
    "orientation" : 18
  }, {
    "shape" : "ac5e8816-739b-400d-8675-85415f9e8d37",
    "color" : "#7FC69A",
    "position" : {
      "x" : 13.708204,
      "y" : -4.236068,
      "z" : 11.09017
    },
    "orientation" : 49
  }, {
    "shape" : "30ad5f7e-9fb7-4610-885a-6205d6c82dda",
    "color" : "#7FBACA",
    "position" : {
      "x" : 6.854102,
      "y" : -6.854102,
      "z" : -15.326238
    },
    "orientation" : 39
  }, {
    "shape" : "30ad5f7e-9fb7-4610-885a-6205d6c82dda",
    "color" : "#7FBACA",
    "position" : {
      "x" : 11.09017,
      "y" : -13.708204,
      "z" : -4.236068
    },
    "orientation" : 53
  }, {
    "shape" : "ac5e8816-739b-400d-8675-85415f9e8d37",
    "color" : "#7FC69A",
    "position" : {
      "x" : -2.618034,
      "y" : 0.0,
      "z" : 17.944271
    },
    "orientation" : 46
  }, {
    "shape" : "30ad5f7e-9fb7-4610-885a-6205d6c82dda",
    "color" : "#7FBACA",
    "position" : {
      "x" : -13.708204,
      "y" : -4.236068,
      "z" : 11.09017
    },
    "orientation" : 22
  }, {
    "shape" : "ac5e8816-739b-400d-8675-85415f9e8d37",
    "color" : "#7FC69A",
    "position" : {
      "x" : -15.326238,
      "y" : -6.854102,
      "z" : -6.854102
    },
    "orientation" : 24
  }, {
    "shape" : "ac5e8816-739b-400d-8675-85415f9e8d37",
    "color" : "#7FC69A",
    "position" : {
      "x" : 15.326238,
      "y" : 6.854102,
      "z" : 6.854102
    },
    "orientation" : 28
  }, {
    "shape" : "cf17dc67-879b-4965-86f9-8968ebad5bd5",
    "color" : "#7FBACA",
    "position" : {
      "x" : 4.236068,
      "y" : 11.09017,
      "z" : -13.708204
    },
    "orientation" : 24
  }, {
    "shape" : "30ad5f7e-9fb7-4610-885a-6205d6c82dda",
    "color" : "#7FBACA",
    "position" : {
      "x" : 11.09017,
      "y" : 13.708204,
      "z" : 4.236068
    },
    "orientation" : 38
  }, {
    "shape" : "ac5e8816-739b-400d-8675-85415f9e8d37",
    "color" : "#7FC69A",
    "position" : {
      "x" : 6.854102,
      "y" : 15.326238,
      "z" : -6.854102
    },
    "orientation" : 25
  }, {
    "shape" : "ac5e8816-739b-400d-8675-85415f9e8d37",
    "color" : "#7FC69A",
    "position" : {
      "x" : 13.708204,
      "y" : -4.236068,
      "z" : -11.09017
    },
    "orientation" : 36
  }, {
    "shape" : "30ad5f7e-9fb7-4610-885a-6205d6c82dda",
    "color" : "#7FBACA",
    "position" : {
      "x" : 13.708204,
      "y" : -4.236068,
      "z" : -11.09017
    },
    "orientation" : 37
  }, {
    "shape" : "cf17dc67-879b-4965-86f9-8968ebad5bd5",
    "color" : "#7FBACA",
    "position" : {
      "x" : 2.618034,
      "y" : 0.0,
      "z" : 17.944271
    },
    "orientation" : 45
  }, {
    "shape" : "ac5e8816-739b-400d-8675-85415f9e8d37",
    "color" : "#7FC69A",
    "position" : {
      "x" : -11.09017,
      "y" : 13.708204,
      "z" : 4.236068
    },
    "orientation" : 20
  }, {
    "shape" : "ac5e8816-739b-400d-8675-85415f9e8d37",
    "color" : "#7FC69A",
    "position" : {
      "x" : 0.0,
      "y" : 17.944271,
      "z" : 2.618034
    },
    "orientation" : 30
  }, {
    "shape" : "cf17dc67-879b-4965-86f9-8968ebad5bd5",
    "color" : "#7FBACA",
    "position" : {
      "x" : 4.236068,
      "y" : -11.09017,
      "z" : 13.708204
    },
    "orientation" : 9
  }, {
    "shape" : "ac5e8816-739b-400d-8675-85415f9e8d37",
    "color" : "#7FC69A",
    "position" : {
      "x" : -6.854102,
      "y" : 15.326238,
      "z" : -6.854102
    },
    "orientation" : 14
  }, {
    "shape" : "30ad5f7e-9fb7-4610-885a-6205d6c82dda",
    "color" : "#7FBACA",
    "position" : {
      "x" : -11.09017,
      "y" : 13.708204,
      "z" : -4.236068
    },
    "orientation" : 23
  }, {
    "shape" : "cf17dc67-879b-4965-86f9-8968ebad5bd5",
    "color" : "#7FBACA",
    "position" : {
      "x" : -13.708204,
      "y" : -4.236068,
      "z" : -11.09017
    },
    "orientation" : 40
  }, {
    "shape" : "ac5e8816-739b-400d-8675-85415f9e8d37",
    "color" : "#7FC69A",
    "position" : {
      "x" : 13.708204,
      "y" : 4.236068,
      "z" : 11.09017
    },
    "orientation" : 51
  }, {
    "shape" : "ac5e8816-739b-400d-8675-85415f9e8d37",
    "color" : "#7FC69A",
    "position" : {
      "x" : 15.326238,
      "y" : -6.854102,
      "z" : -6.854102
    },
    "orientation" : 13
  }, {
    "shape" : "ac5e8816-739b-400d-8675-85415f9e8d37",
    "color" : "#7FC69A",
    "position" : {
      "x" : 11.09017,
      "y" : -13.708204,
      "z" : -4.236068
    },
    "orientation" : 52
  }, {
    "shape" : "30ad5f7e-9fb7-4610-885a-6205d6c82dda",
    "color" : "#7FBACA",
    "position" : {
      "x" : 17.944271,
      "y" : -2.618034,
      "z" : 0.0
    },
    "orientation" : 1
  }, {
    "shape" : "ac5e8816-739b-400d-8675-85415f9e8d37",
    "color" : "#7FC69A",
    "position" : {
      "x" : -15.326238,
      "y" : 6.854102,
      "z" : 6.854102
    },
    "orientation" : 9
  }, {
    "shape" : "ac5e8816-739b-400d-8675-85415f9e8d37",
    "color" : "#7FC69A",
    "position" : {
      "x" : 6.854102,
      "y" : 6.854102,
      "z" : -15.326238
    },
    "orientation" : 11
  }, {
    "shape" : "30ad5f7e-9fb7-4610-885a-6205d6c82dda",
    "color" : "#7FBACA",
    "position" : {
      "x" : 6.854102,
      "y" : 15.326238,
      "z" : 6.854102
    },
    "orientation" : 26
  }, {
    "shape" : "ac5e8816-739b-400d-8675-85415f9e8d37",
    "color" : "#7FC69A",
    "position" : {
      "x" : 17.944271,
      "y" : -2.618034,
      "z" : 0.0
    },
    "orientation" : 32
  }, {
    "shape" : "ac5e8816-739b-400d-8675-85415f9e8d37",
    "color" : "#7FC69A",
    "position" : {
      "x" : 11.09017,
      "y" : -13.708204,
      "z" : 4.236068
    },
    "orientation" : 50
  }, {
    "shape" : "cf17dc67-879b-4965-86f9-8968ebad5bd5",
    "color" : "#7FBACA",
    "position" : {
      "x" : 0.0,
      "y" : -17.944271,
      "z" : -2.618034
    },
    "orientation" : 2
  }, {
    "shape" : "ac5e8816-739b-400d-8675-85415f9e8d37",
    "color" : "#7FC69A",
    "position" : {
      "x" : -6.854102,
      "y" : 15.326238,
      "z" : 6.854102
    },
    "orientation" : 40
  }, {
    "shape" : "ac5e8816-739b-400d-8675-85415f9e8d37",
    "color" : "#7FC69A",
    "position" : {
      "x" : 4.236068,
      "y" : 11.09017,
      "z" : 13.708204
    },
    "orientation" : 23
  }, {
    "shape" : "30ad5f7e-9fb7-4610-885a-6205d6c82dda",
    "color" : "#7FBACA",
    "position" : {
      "x" : 17.944271,
      "y" : 2.618034,
      "z" : 0.0
    },
    "orientation" : 16
  }, {
    "shape" : "ac5e8816-739b-400d-8675-85415f9e8d37",
    "color" : "#7FC69A",
    "position" : {
      "x" : -6.854102,
      "y" : -15.326238,
      "z" : 6.854102
    },
    "orientation" : 29
  }, {
    "shape" : "ac5e8816-739b-400d-8675-85415f9e8d37",
    "color" : "#7FC69A",
    "position" : {
      "x" : 0.0,
      "y" : -17.944271,
      "z" : -2.618034
    },
    "orientation" : 45
  }, {
    "shape" : "ac5e8816-739b-400d-8675-85415f9e8d37",
    "color" : "#7FC69A",
    "position" : {
      "x" : -15.326238,
      "y" : -6.854102,
      "z" : 6.854102
    },
    "orientation" : 58
  }, {
    "shape" : "30ad5f7e-9fb7-4610-885a-6205d6c82dda",
    "color" : "#7FBACA",
    "position" : {
      "x" : 4.236068,
      "y" : -11.09017,
      "z" : -13.708204
    },
    "orientation" : 6
  }, {
    "shape" : "30ad5f7e-9fb7-4610-885a-6205d6c82dda",
    "color" : "#7FBACA",
    "position" : {
      "x" : 13.708204,
      "y" : 4.236068,
      "z" : 11.09017
    },
    "orientation" : 52
  }, {
    "shape" : "ac5e8816-739b-400d-8675-85415f9e8d37",
    "color" : "#7FC69A",
    "position" : {
      "x" : 15.326238,
      "y" : 6.854102,
      "z" : -6.854102
    },
    "orientation" : 54
  }, {
    "shape" : "ac5e8816-739b-400d-8675-85415f9e8d37",
    "color" : "#7FC69A",
    "position" : {
      "x" : -13.708204,
      "y" : 4.236068,
      "z" : -11.09017
    },
    "orientation" : 6
  }, {
    "shape" : "ac5e8816-739b-400d-8675-85415f9e8d37",
    "color" : "#7FC69A",
    "position" : {
      "x" : -6.854102,
      "y" : 6.854102,
      "z" : -15.326238
    },
    "orientation" : 27
  }, {
    "shape" : "ac5e8816-739b-400d-8675-85415f9e8d37",
    "color" : "#7FC69A",
    "position" : {
      "x" : 2.618034,
      "y" : 0.0,
      "z" : -17.944271
    },
    "orientation" : 1
  }, {
    "shape" : "ac5e8816-739b-400d-8675-85415f9e8d37",
    "color" : "#7FC69A",
    "position" : {
      "x" : 6.854102,
      "y" : -15.326238,
      "z" : 6.854102
    },
    "orientation" : 10
  }, {
    "shape" : "30ad5f7e-9fb7-4610-885a-6205d6c82dda",
    "color" : "#7FBACA",
    "position" : {
      "x" : -4.236068,
      "y" : -11.09017,
      "z" : 13.708204
    },
    "orientation" : 51
  }, {
    "shape" : "30ad5f7e-9fb7-4610-885a-6205d6c82dda",
    "color" : "#7FBACA",
    "position" : {
      "x" : -4.236068,
      "y" : 11.09017,
      "z" : -13.708204
    },
    "orientation" : 36
  }, {
    "shape" : "ac5e8816-739b-400d-8675-85415f9e8d37",
    "color" : "#7FC69A",
    "position" : {
      "x" : 6.854102,
      "y" : -6.854102,
      "z" : 15.326238
    },
    "orientation" : 26
  }, {
    "shape" : "ac5e8816-739b-400d-8675-85415f9e8d37",
    "color" : "#7FC69A",
    "position" : {
      "x" : 11.09017,
      "y" : 13.708204,
      "z" : 4.236068
    },
    "orientation" : 37
  }, {
    "shape" : "ac5e8816-739b-400d-8675-85415f9e8d37",
    "color" : "#7FC69A",
    "position" : {
      "x" : -6.854102,
      "y" : -6.854102,
      "z" : 15.326238
    },
    "orientation" : 12
  }, {
    "shape" : "ac5e8816-739b-400d-8675-85415f9e8d37",
    "color" : "#7FC69A",
    "position" : {
      "x" : 0.0,
      "y" : 17.944271,
      "z" : -2.618034
    },
    "orientation" : 15
  }, {
    "shape" : "ac5e8816-739b-400d-8675-85415f9e8d37",
    "color" : "#7FC69A",
    "position" : {
      "x" : -2.618034,
      "y" : 0.0,
      "z" : -17.944271
    },
    "orientation" : 31
  }, {
    "shape" : "ac5e8816-739b-400d-8675-85415f9e8d37",
    "color" : "#7FC69A",
    "position" : {
      "x" : 11.09017,
      "y" : 13.708204,
      "z" : -4.236068
    },
    "orientation" : 35
  }, {
    "shape" : "ac5e8816-739b-400d-8675-85415f9e8d37",
    "color" : "#7FC69A",
    "position" : {
      "x" : 4.236068,
      "y" : -11.09017,
      "z" : -13.708204
    },
    "orientation" : 8
  }, {
    "shape" : "30ad5f7e-9fb7-4610-885a-6205d6c82dda",
    "color" : "#7FBACA",
    "position" : {
      "x" : 0.0,
      "y" : 17.944271,
      "z" : 2.618034
    },
    "orientation" : 47
  }, {
    "shape" : "30ad5f7e-9fb7-4610-885a-6205d6c82dda",
    "color" : "#7FBACA",
    "position" : {
      "x" : -2.618034,
      "y" : 0.0,
      "z" : 17.944271
    },
    "orientation" : 0
  }, {
    "shape" : "30ad5f7e-9fb7-4610-885a-6205d6c82dda",
    "color" : "#7FBACA",
    "position" : {
      "x" : -15.326238,
      "y" : -6.854102,
      "z" : 6.854102
    },
    "orientation" : 10
  }, {
    "shape" : "ac5e8816-739b-400d-8675-85415f9e8d37",
    "color" : "#7FC69A",
    "position" : {
      "x" : 4.236068,
      "y" : 11.09017,
      "z" : -13.708204
    },
    "orientation" : 33
  }, {
    "shape" : "ac5e8816-739b-400d-8675-85415f9e8d37",
    "color" : "#7FC69A",
    "position" : {
      "x" : 0.0,
      "y" : -17.944271,
      "z" : 2.618034
    },
    "orientation" : 0
  }, {
    "shape" : "30ad5f7e-9fb7-4610-885a-6205d6c82dda",
    "color" : "#7FBACA",
    "position" : {
      "x" : 4.236068,
      "y" : 11.09017,
      "z" : 13.708204
    },
    "orientation" : 21
  } ],
  "scenes" : [ {
    "title" : "Edges",
    "content" : "",
    "view" : {
      "lookAtPointRV" : {
        "x" : 0.0,
        "y" : 0.0,
        "z" : 0.0,
        "zero" : true
      },
      "lookDirectionRV" : {
        "x" : -0.24259733,
        "y" : -0.7882563,
        "z" : -0.5655065,
        "zero" : false
      },
      "upDirectionRV" : {
        "x" : 0.90769726,
        "y" : -0.39016673,
        "z" : 0.15445742,
        "zero" : false
      },
      "perspective" : false,
      "fieldOfView" : 0.4426289,
      "viewDistance" : 227.89374,
      "upDirection" : {
        "x" : 0.90769726,
        "y" : -0.39016673,
        "z" : 0.15445742
      },
      "lookAtPoint" : {
        "x" : 0.0,
        "y" : 0.0,
        "z" : 0.0
      },
      "farClipDistance" : 455.78748,
      "lookDirection" : {
        "x" : -0.24259733,
        "y" : -0.7882563,
        "z" : -0.5655065
      },
      "width" : 102.552185,
      "position" : {
        "x" : 55.28641,
        "y" : 179.63867,
        "z" : 128.8754
      },
      "nearClipDistance" : 0.56973433,
      "stereo" : false
    },
    "snapshot" : 1
  }, {
    "title" : "Faces",
    "content" : "",
    "view" : {
      "lookAtPointRV" : {
        "x" : 0.0,
        "y" : 0.0,
        "z" : 0.0,
        "zero" : true
      },
      "lookDirectionRV" : {
        "x" : -0.24259733,
        "y" : -0.7882563,
        "z" : -0.5655065,
        "zero" : false
      },
      "upDirectionRV" : {
        "x" : 0.90769726,
        "y" : -0.39016673,
        "z" : 0.15445742,
        "zero" : false
      },
      "perspective" : false,
      "fieldOfView" : 0.4426289,
      "viewDistance" : 227.89374,
      "upDirection" : {
        "x" : 0.90769726,
        "y" : -0.39016673,
        "z" : 0.15445742
