{
  "polygons" : "true",
  "field" : "golden",
  "symmetry" : "icosahedral",
  "orientations" : [ [ 1.0, 0.0, 0.0, 0.0, 0.0, 1.0, 0.0, 0.0, 0.0, 0.0, 1.0, 0.0, 0.0, 0.0, 0.0, 1.0 ], [ 0.0, 0.0, 1.0, 0.0, 1.0, 0.0, 0.0, 0.0, 0.0, 1.0, 0.0, 0.0, 0.0, 0.0, 0.0, 1.0 ], [ 0.0, 1.0, 0.0, 0.0, 0.0, 0.0, 1.0, 0.0, 1.0, 0.0, 0.0, 0.0, 0.0, 0.0, 0.0, 1.0 ], [ 0.809017, 0.309017, 0.5, 0.0, 0.309017, 0.5, -0.809017, 0.0, -0.5, 0.809017, 0.309017, 0.0, 0.0, 0.0, 0.0, 1.0 ], [ -0.5, 0.809017, 0.309017, 0.0, 0.809017, 0.309017, 0.5, 0.0, 0.309017, 0.5, -0.809017, 0.0, 0.0, 0.0, 0.0, 1.0 ], [ 0.309017, 0.5, -0.809017, 0.0, -0.5, 0.809017, 0.309017, 0.0, 0.809017, 0.309017, 0.5, 0.0, 0.0, 0.0, 0.0, 1.0 ], [ 0.5, 0.809017, 0.309017, 0.0, 0.809017, -0.309017, -0.5, 0.0, -0.309017, 0.5, -0.809017, 0.0, 0.0, 0.0, 0.0, 1.0 ], [ -0.309017, 0.5, -0.809017, 0.0, 0.5, 0.809017, 0.309017, 0.0, 0.809017, -0.309017, -0.5, 0.0, 0.0, 0.0, 0.0, 1.0 ], [ 0.809017, -0.309017, -0.5, 0.0, -0.309017, 0.5, -0.809017, 0.0, 0.5, 0.809017, 0.309017, 0.0, 0.0, 0.0, 0.0, 1.0 ], [ 0.5, 0.809017, -0.309017, 0.0, 0.809017, -0.309017, 0.5, 0.0, 0.309017, -0.5, -0.809017, 0.0, 0.0, 0.0, 0.0, 1.0 ], [ 0.309017, -0.5, -0.809017, 0.0, 0.5, 0.809017, -0.309017, 0.0, 0.809017, -0.309017, 0.5, 0.0, 0.0, 0.0, 0.0, 1.0 ], [ 0.809017, -0.309017, 0.5, 0.0, 0.309017, -0.5, -0.809017, 0.0, 0.5, 0.809017, -0.309017, 0.0, 0.0, 0.0, 0.0, 1.0 ], [ 0.809017, 0.309017, -0.5, 0.0, 0.309017, 0.5, 0.809017, 0.0, 0.5, -0.809017, 0.309017, 0.0, 0.0, 0.0, 0.0, 1.0 ], [ 0.5, -0.809017, 0.309017, 0.0, 0.809017, 0.309017, -0.5, 0.0, 0.309017, 0.5, 0.809017, 0.0, 0.0, 0.0, 0.0, 1.0 ], [ 0.309017, 0.5, 0.809017, 0.0, 0.5, -0.809017, 0.309017, 0.0, 0.809017, 0.309017, -0.5, 0.0, 0.0, 0.0, 0.0, 1.0 ], [ 1.0, 0.0, 0.0, 0.0, 0.0, -1.0, 0.0, 0.0, 0.0, 0.0, -1.0, 0.0, 0.0, 0.0, 0.0, 1.0 ], [ 0.0, 0.0, 1.0, 0.0, -1.0, 0.0, 0.0, 0.0, 0.0, -1.0, 0.0, 0.0, 0.0, 0.0, 0.0, 1.0 ], [ 0.0, 1.0, 0.0, 0.0, 0.0, 0.0, -1.0, 0.0, -1.0, 0.0, 0.0, 0.0, 0.0, 0.0, 0.0, 1.0 ], [ 0.809017, 0.309017, 0.5, 0.0, -0.309017, -0.5, 0.809017, 0.0, 0.5, -0.809017, -0.309017, 0.0, 0.0, 0.0, 0.0, 1.0 ], [ -0.5, 0.809017, 0.309017, 0.0, -0.809017, -0.309017, -0.5, 0.0, -0.309017, -0.5, 0.809017, 0.0, 0.0, 0.0, 0.0, 1.0 ], [ 0.309017, 0.5, -0.809017, 0.0, 0.5, -0.809017, -0.309017, 0.0, -0.809017, -0.309017, -0.5, 0.0, 0.0, 0.0, 0.0, 1.0 ], [ 0.5, 0.809017, 0.309017, 0.0, -0.809017, 0.309017, 0.5, 0.0, 0.309017, -0.5, 0.809017, 0.0, 0.0, 0.0, 0.0, 1.0 ], [ -0.309017, 0.5, -0.809017, 0.0, -0.5, -0.809017, -0.309017, 0.0, -0.809017, 0.309017, 0.5, 0.0, 0.0, 0.0, 0.0, 1.0 ], [ 0.809017, -0.309017, -0.5, 0.0, 0.309017, -0.5, 0.809017, 0.0, -0.5, -0.809017, -0.309017, 0.0, 0.0, 0.0, 0.0, 1.0 ], [ 0.5, 0.809017, -0.309017, 0.0, -0.809017, 0.309017, -0.5, 0.0, -0.309017, 0.5, 0.809017, 0.0, 0.0, 0.0, 0.0, 1.0 ], [ 0.309017, -0.5, -0.809017, 0.0, -0.5, -0.809017, 0.309017, 0.0, -0.809017, 0.309017, -0.5, 0.0, 0.0, 0.0, 0.0, 1.0 ], [ 0.809017, -0.309017, 0.5, 0.0, -0.309017, 0.5, 0.809017, 0.0, -0.5, -0.809017, 0.309017, 0.0, 0.0, 0.0, 0.0, 1.0 ], [ 0.809017, 0.309017, -0.5, 0.0, -0.309017, -0.5, -0.809017, 0.0, -0.5, 0.809017, -0.309017, 0.0, 0.0, 0.0, 0.0, 1.0 ], [ 0.5, -0.809017, 0.309017, 0.0, -0.809017, -0.309017, 0.5, 0.0, -0.309017, -0.5, -0.809017, 0.0, 0.0, 0.0, 0.0, 1.0 ], [ 0.309017, 0.5, 0.809017, 0.0, -0.5, 0.809017, -0.309017, 0.0, -0.809017, -0.309017, 0.5, 0.0, 0.0, 0.0, 0.0, 1.0 ], [ -1.0, 0.0, 0.0, 0.0, 0.0, -1.0, 0.0, 0.0, 0.0, 0.0, 1.0, 0.0, 0.0, 0.0, 0.0, 1.0 ], [ 0.0, 0.0, -1.0, 0.0, -1.0, 0.0, 0.0, 0.0, 0.0, 1.0, 0.0, 0.0, 0.0, 0.0, 0.0, 1.0 ], [ 0.0, -1.0, 0.0, 0.0, 0.0, 0.0, -1.0, 0.0, 1.0, 0.0, 0.0, 0.0, 0.0, 0.0, 0.0, 1.0 ], [ -0.809017, -0.309017, -0.5, 0.0, -0.309017, -0.5, 0.809017, 0.0, -0.5, 0.809017, 0.309017, 0.0, 0.0, 0.0, 0.0, 1.0 ], [ 0.5, -0.809017, -0.309017, 0.0, -0.809017, -0.309017, -0.5, 0.0, 0.309017, 0.5, -0.809017, 0.0, 0.0, 0.0, 0.0, 1.0 ], [ -0.309017, -0.5, 0.809017, 0.0, 0.5, -0.809017, -0.309017, 0.0, 0.809017, 0.309017, 0.5, 0.0, 0.0, 0.0, 0.0, 1.0 ], [ -0.5, -0.809017, -0.309017, 0.0, -0.809017, 0.309017, 0.5, 0.0, -0.309017, 0.5, -0.809017, 0.0, 0.0, 0.0, 0.0, 1.0 ], [ 0.309017, -0.5, 0.809017, 0.0, -0.5, -0.809017, -0.309017, 0.0, 0.809017, -0.309017, -0.5, 0.0, 0.0, 0.0, 0.0, 1.0 ], [ -0.809017, 0.309017, 0.5, 0.0, 0.309017, -0.5, 0.809017, 0.0, 0.5, 0.809017, 0.309017, 0.0, 0.0, 0.0, 0.0, 1.0 ], [ -0.5, -0.809017, 0.309017, 0.0, -0.809017, 0.309017, -0.5, 0.0, 0.309017, -0.5, -0.809017, 0.0, 0.0, 0.0, 0.0, 1.0 ], [ -0.309017, 0.5, 0.809017, 0.0, -0.5, -0.809017, 0.309017, 0.0, 0.809017, -0.309017, 0.5, 0.0, 0.0, 0.0, 0.0, 1.0 ], [ -0.809017, 0.309017, -0.5, 0.0, -0.309017, 0.5, 0.809017, 0.0, 0.5, 0.809017, -0.309017, 0.0, 0.0, 0.0, 0.0, 1.0 ], [ -0.809017, -0.309017, 0.5, 0.0, -0.309017, -0.5, -0.809017, 0.0, 0.5, -0.809017, 0.309017, 0.0, 0.0, 0.0, 0.0, 1.0 ], [ -0.5, 0.809017, -0.309017, 0.0, -0.809017, -0.309017, 0.5, 0.0, 0.309017, 0.5, 0.809017, 0.0, 0.0, 0.0, 0.0, 1.0 ], [ -0.309017, -0.5, -0.809017, 0.0, -0.5, 0.809017, -0.309017, 0.0, 0.809017, 0.309017, -0.5, 0.0, 0.0, 0.0, 0.0, 1.0 ], [ -1.0, 0.0, 0.0, 0.0, 0.0, 1.0, 0.0, 0.0, 0.0, 0.0, -1.0, 0.0, 0.0, 0.0, 0.0, 1.0 ], [ 0.0, 0.0, -1.0, 0.0, 1.0, 0.0, 0.0, 0.0, 0.0, -1.0, 0.0, 0.0, 0.0, 0.0, 0.0, 1.0 ], [ 0.0, -1.0, 0.0, 0.0, 0.0, 0.0, 1.0, 0.0, -1.0, 0.0, 0.0, 0.0, 0.0, 0.0, 0.0, 1.0 ], [ -0.809017, -0.309017, -0.5, 0.0, 0.309017, 0.5, -0.809017, 0.0, 0.5, -0.809017, -0.309017, 0.0, 0.0, 0.0, 0.0, 1.0 ], [ 0.5, -0.809017, -0.309017, 0.0, 0.809017, 0.309017, 0.5, 0.0, -0.309017, -0.5, 0.809017, 0.0, 0.0, 0.0, 0.0, 1.0 ], [ -0.309017, -0.5, 0.809017, 0.0, -0.5, 0.809017, 0.309017, 0.0, -0.809017, -0.309017, -0.5, 0.0, 0.0, 0.0, 0.0, 1.0 ], [ -0.5, -0.809017, -0.309017, 0.0, 0.809017, -0.309017, -0.5, 0.0, 0.309017, -0.5, 0.809017, 0.0, 0.0, 0.0, 0.0, 1.0 ], [ 0.309017, -0.5, 0.809017, 0.0, 0.5, 0.809017, 0.309017, 0.0, -0.809017, 0.309017, 0.5, 0.0, 0.0, 0.0, 0.0, 1.0 ], [ -0.809017, 0.309017, 0.5, 0.0, -0.309017, 0.5, -0.809017, 0.0, -0.5, -0.809017, -0.309017, 0.0, 0.0, 0.0, 0.0, 1.0 ], [ -0.5, -0.809017, 0.309017, 0.0, 0.809017, -0.309017, 0.5, 0.0, -0.309017, 0.5, 0.809017, 0.0, 0.0, 0.0, 0.0, 1.0 ], [ -0.309017, 0.5, 0.809017, 0.0, 0.5, 0.809017, -0.309017, 0.0, -0.809017, 0.309017, -0.5, 0.0, 0.0, 0.0, 0.0, 1.0 ], [ -0.809017, 0.309017, -0.5, 0.0, 0.309017, -0.5, -0.809017, 0.0, -0.5, -0.809017, 0.309017, 0.0, 0.0, 0.0, 0.0, 1.0 ], [ -0.809017, -0.309017, 0.5, 0.0, 0.309017, 0.5, 0.809017, 0.0, -0.5, 0.809017, -0.309017, 0.0, 0.0, 0.0, 0.0, 1.0 ], [ -0.5, 0.809017, -0.309017, 0.0, 0.809017, 0.309017, -0.5, 0.0, -0.309017, -0.5, -0.809017, 0.0, 0.0, 0.0, 0.0, 1.0 ], [ -0.309017, -0.5, -0.809017, 0.0, 0.5, -0.809017, 0.309017, 0.0, -0.809017, -0.309017, 0.5, 0.0, 0.0, 0.0, 0.0, 1.0 ] ],
  "lights" : {
    "directionalLights" : [ {
      "direction" : [ 1.0, -1.0, -1.0 ],
      "color" : "#EBEBE4"
    }, {
      "direction" : [ -1.0, 0.0, 0.0 ],
      "color" : "#E4E4EB"
    }, {
      "direction" : [ 0.0, 0.0, -1.0 ],
      "color" : "#1E1E1E"
    } ],
    "ambientColor" : "#292929",
    "backgroundColor" : "#AFC8DC"
  },
  "camera" : {
    "width" : 361.5397,
    "position" : {
      "x" : 0.0,
      "y" : 0.0,
      "z" : 803.42145
    },
    "perspective" : true,
    "lookAtPointRV" : {
      "x" : 0.0,
      "y" : 0.0,
      "z" : 0.0,
      "zero" : true
    },
    "fieldOfView" : 0.44262895,
    "viewDistance" : 803.42145,
    "lookDirectionRV" : {
      "x" : 0.0,
      "y" : 0.0,
      "z" : -1.0,
      "zero" : false
    },
    "upDirectionRV" : {
      "x" : 0.0,
      "y" : 1.0,
      "z" : 0.0,
      "zero" : false
    },
    "nearClipDistance" : 2.0085528,
    "upDirection" : {
      "x" : 0.0,
      "y" : 1.0,
      "z" : 0.0
    },
    "lookAtPoint" : {
      "x" : 0.0,
      "y" : 0.0,
      "z" : 0.0
    },
    "lookDirection" : {
      "x" : 0.0,
      "y" : 0.0,
      "z" : -1.0
    },
    "stereo" : false,
    "farClipDistance" : 1606.842
  },
  "embedding" : [ 1.0, 0.0, 0.0, 0.0, 0.0, 1.0, 0.0, 0.0, 0.0, 0.0, 1.0, 0.0, 0.0, 0.0, 0.0, 1.0 ],
  "shapes" : [ {
    "id" : "8c06d2fb-feb4-4db2-b3b3-e211c33a5655",
    "vertices" : [ {
      "x" : 0.0,
      "y" : 0.0,
      "z" : 0.0
    }, {
      "x" : 7.663119,
      "y" : -12.399187,
      "z" : 20.062305
    }, {
      "x" : 23.489357,
      "y" : -8.972136,
      "z" : 0.809017
    } ],
    "faces" : [ {
      "vertices" : [ 0, 1, 2 ]
    }, {
      "vertices" : [ 0, 2, 1 ]
    } ]
  }, {
    "id" : "dfb03cc7-bf92-45f8-be22-dec581b3227b",
    "vertices" : [ {
      "x" : 0.0,
      "y" : 0.0,
      "z" : 0.0
    }, {
      "x" : 8.8054695,
      "y" : 0.0,
      "z" : 23.053019
    }, {
      "x" : 4.236068,
      "y" : -22.18034,
      "z" : 11.09017
    } ],
    "faces" : [ {
      "vertices" : [ 0, 1, 2 ]
    }, {
      "vertices" : [ 0, 2, 1 ]
    } ]
  }, {
    "id" : "3630be6b-0b82-42e2-a655-9763806b2c60",
    "name" : "ball",
    "vertices" : [ {
      "x" : 0.309017,
      "y" : -0.809017,
      "z" : 0.618034
    }, {
      "x" : 0.809017,
      "y" : -0.618034,
      "z" : 0.309017
    }, {
      "x" : 0.618034,
      "y" : -0.309017,
      "z" : 0.809017
    }, {
      "x" : 1.0,
      "y" : 0.309017,
      "z" : 0.19098301
    }, {
      "x" : 0.809017,
      "y" : 0.618034,
      "z" : 0.309017
    }, {
      "x" : 0.618034,
      "y" : 0.309017,
      "z" : 0.809017
    }, {
      "x" : 0.809017,
      "y" : 0.0,
      "z" : 0.690983
    }, {
      "x" : 0.19098301,
      "y" : -1.0,
      "z" : 0.309017
    }, {
      "x" : -0.19098301,
      "y" : -1.0,
      "z" : 0.309017
    }, {
      "x" : -0.19098301,
      "y" : -1.0,
      "z" : -0.309017
    }, {
      "x" : 0.19098301,
      "y" : -1.0,
      "z" : -0.309017
    }, {
      "x" : 1.0,
      "y" : -0.309017,
      "z" : -0.19098301
    }, {
      "x" : 0.809017,
      "y" : -0.618034,
      "z" : -0.309017
    }, {
      "x" : 0.618034,
      "y" : -0.309017,
      "z" : -0.809017
    }, {
      "x" : 0.809017,
      "y" : 0.0,
      "z" : -0.690983
    }, {
      "x" : 0.0,
      "y" : 0.690983,
      "z" : -0.809017
    }, {
      "x" : 0.309017,
      "y" : 0.809017,
      "z" : -0.618034
    }, {
      "x" : 0.618034,
      "y" : 0.309017,
      "z" : -0.809017
    }, {
      "x" : 0.309017,
      "y" : 0.19098301,
      "z" : -1.0
    }, {
      "x" : 1.0,
      "y" : 0.309017,
      "z" : -0.19098301
    }, {
      "x" : -0.309017,
      "y" : -0.809017,
      "z" : 0.618034
    }, {
      "x" : 0.0,
      "y" : -0.690983,
      "z" : 0.809017
    }, {
      "x" : 0.809017,
      "y" : 0.618034,
      "z" : -0.309017
    }, {
      "x" : 0.690983,
      "y" : 0.809017,
      "z" : 0.0
    }, {
      "x" : -0.690983,
      "y" : 0.809017,
      "z" : 0.0
    }, {
      "x" : -0.809017,
      "y" : 0.618034,
      "z" : 0.309017
    }, {
      "x" : -0.309017,
      "y" : 0.809017,
      "z" : 0.618034
    }, {
      "x" : -0.19098301,
      "y" : 1.0,
      "z" : 0.309017
    }, {
      "x" : 0.309017,
      "y" : -0.19098301,
      "z" : -1.0
    }, {
      "x" : 0.19098301,
      "y" : 1.0,
      "z" : 0.309017
    }, {
      "x" : 0.309017,
      "y" : 0.809017,
      "z" : 0.618034
    }, {
      "x" : -0.809017,
      "y" : -0.618034,
      "z" : 0.309017
    }, {
      "x" : -0.690983,
      "y" : -0.809017,
      "z" : 0.0
    }, {
      "x" : 0.0,
      "y" : 0.690983,
      "z" : 0.809017
    }, {
      "x" : 0.309017,
      "y" : -0.809017,
      "z" : -0.618034
    }, {
      "x" : 0.0,
      "y" : -0.690983,
      "z" : -0.809017
    }, {
      "x" : -1.0,
      "y" : 0.309017,
      "z" : 0.19098301
    }, {
      "x" : -0.809017,
      "y" : 0.0,
      "z" : 0.690983
    }, {
      "x" : -0.618034,
      "y" : 0.309017,
      "z" : 0.809017
    }, {
      "x" : 1.0,
      "y" : -0.309017,
      "z" : 0.19098301
    }, {
      "x" : -0.309017,
      "y" : -0.809017,
      "z" : -0.618034
    }, {
      "x" : -1.0,
      "y" : 0.309017,
      "z" : -0.19098301
    }, {
      "x" : -1.0,
      "y" : -0.309017,
      "z" : -0.19098301
    }, {
      "x" : -1.0,
      "y" : -0.309017,
      "z" : 0.19098301
    }, {
      "x" : 0.19098301,
      "y" : 1.0,
      "z" : -0.309017
    }, {
      "x" : -0.809017,
      "y" : 0.618034,
      "z" : -0.309017
    }, {
      "x" : -0.19098301,
      "y" : 1.0,
      "z" : -0.309017
    }, {
      "x" : -0.309017,
      "y" : 0.809017,
      "z" : -0.618034
    }, {
      "x" : -0.618034,
      "y" : -0.309017,
      "z" : 0.809017
    }, {
      "x" : 0.309017,
      "y" : 0.19098301,
      "z" : 1.0
    }, {
      "x" : -0.309017,
      "y" : 0.19098301,
      "z" : -1.0
    }, {
      "x" : -0.309017,
      "y" : 0.19098301,
      "z" : 1.0
    }, {
      "x" : -0.309017,
      "y" : -0.19098301,
      "z" : 1.0
    }, {
      "x" : 0.309017,
      "y" : -0.19098301,
      "z" : 1.0
    }, {
      "x" : 0.690983,
      "y" : -0.809017,
      "z" : 0.0
    }, {
      "x" : -0.809017,
      "y" : 0.0,
      "z" : -0.690983
    }, {
      "x" : -0.618034,
      "y" : -0.309017,
      "z" : -0.809017
    }, {
      "x" : -0.309017,
      "y" : -0.19098301,
      "z" : -1.0
    }, {
      "x" : -0.618034,
      "y" : 0.309017,
      "z" : -0.809017
    }, {
      "x" : -0.809017,
      "y" : -0.618034,
      "z" : -0.309017
    } ],
    "faces" : [ {
      "vertices" : [ 9, 40, 35, 34, 10 ]
    }, {
      "vertices" : [ 0, 1, 2 ]
    }, {
      "vertices" : [ 33, 51, 49 ]
    }, {
      "vertices" : [ 25, 36, 37, 38 ]
    }, {
      "vertices" : [ 41, 55, 42 ]
    }, {
      "vertices" : [ 9, 32, 59, 40 ]
    }, {
      "vertices" : [ 20, 21, 52, 48 ]
    }, {
      "vertices" : [ 26, 33, 30, 29, 27 ]
    }, {
      "vertices" : [ 3, 4, 5, 6 ]
    }, {
      "vertices" : [ 27, 29, 44, 46 ]
    }, {
      "vertices" : [ 50, 57, 56, 55, 58 ]
    }, {
      "vertices" : [ 26, 38, 51, 33 ]
    }, {
      "vertices" : [ 45, 47, 58 ]
    }, {
      "vertices" : [ 18, 28, 57, 50 ]
    }, {
      "vertices" : [ 40, 59, 56 ]
    }, {
      "vertices" : [ 31, 48, 37, 43 ]
    }, {
      "vertices" : [ 7, 8, 9, 10 ]
    }, {
      "vertices" : [ 36, 41, 42, 43 ]
    }, {
      "vertices" : [ 24, 46, 47, 45 ]
    }, {
      "vertices" : [ 4, 30, 5 ]
    }, {
      "vertices" : [ 15, 47, 46, 44, 16 ]
    }, {
      "vertices" : [ 15, 50, 58, 47 ]
    }, {
      "vertices" : [ 24, 45, 41, 36, 25 ]
    }, {
      "vertices" : [ 11, 14, 19 ]
    }, {
      "vertices" : [ 3, 6, 39 ]
    }, {
      "vertices" : [ 1, 39, 6, 2 ]
    }, {
      "vertices" : [ 8, 32, 9 ]
    }, {
      "vertices" : [ 11, 12, 13, 14 ]
    }, {
      "vertices" : [ 16, 22, 17 ]
    }, {
      "vertices" : [ 0, 21, 20, 8, 7 ]
    }, {
      "vertices" : [ 12, 34, 13 ]
    }, {
      "vertices" : [ 35, 40, 56, 57 ]
    }, {
      "vertices" : [ 0, 7, 54, 1 ]
    }, {
      "vertices" : [ 15, 16, 17, 18 ]
    }, {
      "vertices" : [ 3, 19, 22, 23, 4 ]
    }, {
      "vertices" : [ 7, 10, 54 ]
    }, {
      "vertices" : [ 41, 45, 58, 55 ]
    }, {
      "vertices" : [ 3, 39, 11, 19 ]
    }, {
      "vertices" : [ 14, 17, 22, 19 ]
    }, {
      "vertices" : [ 0, 2, 53, 21 ]
    }, {
      "vertices" : [ 49, 51, 52, 53 ]
    }, {
      "vertices" : [ 31, 43, 42, 59, 32 ]
    }, {
      "vertices" : [ 15, 18, 50 ]
    }, {
      "vertices" : [ 42, 55, 56, 59 ]
    }, {
      "vertices" : [ 4, 23, 29, 30 ]
    }, {
      "vertices" : [ 25, 38, 26 ]
    }, {
      "vertices" : [ 13, 28, 18, 17, 14 ]
    }, {
      "vertices" : [ 8, 20, 31, 32 ]
    }, {
      "vertices" : [ 23, 44, 29 ]
    }, {
      "vertices" : [ 24, 27, 46 ]
    }, {
      "vertices" : [ 37, 48, 52, 51, 38 ]
    }, {
      "vertices" : [ 20, 48, 31 ]
    }, {
      "vertices" : [ 24, 25, 26, 27 ]
    }, {
      "vertices" : [ 16, 44, 23, 22 ]
    }, {
      "vertices" : [ 13, 34, 35, 28 ]
    }, {
      "vertices" : [ 10, 34, 12, 54 ]
    }, {
      "vertices" : [ 2, 6, 5, 49, 53 ]
    }, {
      "vertices" : [ 36, 43, 37 ]
    }, {
      "vertices" : [ 5, 30, 33, 49 ]
    }, {
      "vertices" : [ 1, 54, 12, 11, 39 ]
    }, {
      "vertices" : [ 28, 35, 57 ]
    }, {
      "vertices" : [ 21, 53, 52 ]
    } ]
  }, {
    "id" : "f86cb53f-004b-4fbb-8391-30f041b4f3f7",
    "vertices" : [ {
      "x" : 0.0,
      "y" : 0.0,
      "z" : 0.0
    }, {
      "x" : 4.736068,
      "y" : -21.371323,
      "z" : 12.399187
    }, {
      "x" : -4.4027348,
      "y" : -21.371323,
      "z" : -11.526509
    } ],
    "faces" : [ {
      "vertices" : [ 0, 1, 2 ]
    }, {
      "vertices" : [ 0, 2, 1 ]
    } ]
  }, {
    "id" : "4f40e031-3afa-4453-827f-21e6cae48ff3",
    "orbit" : "purple",
    "orbitC" : "[[2,-1,1],[0,0,1]]",
    "length" : "[4,4,3]",
    "name" : " :4/3 +4/3*phi",
    "vertices" : [ {
      "x" : 0.690983,
      "y" : 0.809017,
      "z" : 0.0
    }, {
      "x" : 0.809017,
      "y" : 0.618034,
      "z" : -0.309017
    }, {
      "x" : 0.809017,
      "y" : 0.618034,
      "z" : 0.309017
    }, {
      "x" : 1.0,
      "y" : 0.309017,
      "z" : -0.19098301
    }, {
      "x" : 1.0,
      "y" : 0.309017,
      "z" : 0.19098301
    }, {
      "x" : 1.618034,
      "y" : 0.42705098,
      "z" : -0.309017
    }, {
      "x" : 1.618034,
      "y" : 0.42705098,
      "z" : 0.309017
    }, {
      "x" : 1.618034,
      "y" : 0.809017,
      "z" : -0.309017
    }, {
      "x" : 1.618034,
      "y" : 0.809017,
      "z" : 0.309017
    }, {
      "x" : 22.307661,
      "y" : 8.329785,
      "z" : -0.309017
    }, {
      "x" : 22.307661,
      "y" : 8.329785,
      "z" : 0.309017
    }, {
      "x" : 22.307661,
      "y" : 8.711752,
      "z" : -0.309017
    }, {
      "x" : 22.307661,
      "y" : 8.711752,
      "z" : 0.309017
    }, {
      "x" : 22.925695,
      "y" : 8.829785,
      "z" : -0.19098301
    }, {
      "x" : 22.925695,
      "y" : 8.829785,
      "z" : 0.19098301
    }, {
      "x" : 23.116678,
      "y" : 8.520768,
      "z" : -0.309017
    }, {
      "x" : 23.116678,
      "y" : 8.520768,
      "z" : 0.309017
    }, {
      "x" : 23.234713,
      "y" : 8.329785,
      "z" : 0.0
    }, {
      "x" : 23.925695,
      "y" : 9.138803,
      "z" : 0.0
    } ],
    "faces" : [ {
      "vertices" : [ 5, 7, 11, 9 ]
    }, {
      "vertices" : [ 9, 11, 15 ]
    }, {
      "vertices" : [ 9, 17, 10 ]
    }, {
      "vertices" : [ 6, 10, 12, 8 ]
    }, {
      "vertices" : [ 10, 16, 12 ]
    }, {
      "vertices" : [ 7, 8, 12, 11 ]
    }, {
      "vertices" : [ 11, 13, 15 ]
    }, {
      "vertices" : [ 0, 7, 1 ]
    }, {
      "vertices" : [ 1, 5, 3 ]
    }, {
      "vertices" : [ 9, 15, 17 ]
    }, {
      "vertices" : [ 0, 2, 8 ]
    }, {
      "vertices" : [ 12, 16, 14 ]
    }, {
      "vertices" : [ 0, 1, 3, 4, 2 ]
    }, {
      "vertices" : [ 10, 17, 16 ]
    }, {
      "vertices" : [ 13, 14, 16, 17, 15 ]
    }, {
      "vertices" : [ 2, 4, 6 ]
    }, {
      "vertices" : [ 1, 7, 5 ]
    }, {
      "vertices" : [ 0, 8, 7 ]
    }, {
      "vertices" : [ 2, 6, 8 ]
    }, {
      "vertices" : [ 3, 5, 6, 4 ]
    }, {
      "vertices" : [ 11, 12, 14, 13 ]
    }, {
      "vertices" : [ 5, 9, 10, 6 ]
    } ]
  }, {
    "id" : "75678ad0-f227-4220-b967-921779025128",
    "orbit" : "purple",
    "orbitC" : "[[2,-1,1],[0,0,1]]",
    "length" : "[2,5,3]",
    "name" : " :2/3 +5/3*phi",
    "vertices" : [ {
      "x" : 0.690983,
      "y" : 0.809017,
      "z" : 0.0
    }, {
      "x" : 0.809017,
      "y" : 0.618034,
      "z" : -0.309017
    }, {
      "x" : 0.809017,
      "y" : 0.618034,
      "z" : 0.309017
    }, {
      "x" : 1.0,
      "y" : 0.309017,
      "z" : -0.19098301
    }, {
      "x" : 1.0,
      "y" : 0.309017,
      "z" : 0.19098301
    }, {
      "x" : 1.618034,
      "y" : 0.42705098,
      "z" : -0.309017
    }, {
      "x" : 1.618034,
      "y" : 0.42705098,
      "z" : 0.309017
    }, {
      "x" : 1.618034,
      "y" : 0.809017,
      "z" : -0.309017
    }, {
      "x" : 1.618034,
      "y" : 0.809017,
      "z" : 0.309017
    }, {
      "x" : 21.434984,
      "y" : 7.9964523,
      "z" : -0.309017
    }, {
      "x" : 21.434984,
      "y" : 7.9964523,
      "z" : 0.309017
    }, {
      "x" : 21.434984,
      "y" : 8.378418,
      "z" : -0.309017
    }, {
      "x" : 21.434984,
      "y" : 8.378418,
      "z" : 0.309017
    }, {
      "x" : 22.053019,
      "y" : 8.496452,
      "z" : -0.19098301
    }, {
      "x" : 22.053019,
      "y" : 8.496452,
      "z" : 0.19098301
    }, {
      "x" : 22.244001,
      "y" : 8.187435,
      "z" : -0.309017
    }, {
      "x" : 22.244001,
      "y" : 8.187435,
      "z" : 0.309017
    }, {
      "x" : 22.362036,
      "y" : 7.9964523,
      "z" : 0.0
    }, {
      "x" : 23.053019,
      "y" : 8.8054695,
      "z" : 0.0
    } ],
    "faces" : [ {
      "vertices" : [ 5, 7, 11, 9 ]
    }, {
      "vertices" : [ 9, 11, 15 ]
    }, {
      "vertices" : [ 9, 17, 10 ]
    }, {
      "vertices" : [ 6, 10, 12, 8 ]
    }, {
      "vertices" : [ 10, 16, 12 ]
    }, {
      "vertices" : [ 7, 8, 12, 11 ]
    }, {
      "vertices" : [ 11, 13, 15 ]
    }, {
      "vertices" : [ 0, 7, 1 ]
    }, {
      "vertices" : [ 1, 5, 3 ]
    }, {
      "vertices" : [ 9, 15, 17 ]
    }, {
      "vertices" : [ 0, 2, 8 ]
    }, {
      "vertices" : [ 12, 16, 14 ]
    }, {
      "vertices" : [ 0, 1, 3, 4, 2 ]
    }, {
      "vertices" : [ 10, 17, 16 ]
    }, {
      "vertices" : [ 13, 14, 16, 17, 15 ]
    }, {
      "vertices" : [ 2, 4, 6 ]
    }, {
      "vertices" : [ 1, 7, 5 ]
    }, {
      "vertices" : [ 0, 8, 7 ]
    }, {
      "vertices" : [ 2, 6, 8 ]
    }, {
      "vertices" : [ 3, 5, 6, 4 ]
    }, {
      "vertices" : [ 11, 12, 14, 13 ]
    }, {
      "vertices" : [ 5, 9, 10, 6 ]
    } ]
  }, {
    "id" : "1df710f3-1ce3-417d-9e17-a337d3282895",
    "vertices" : [ {
      "x" : 0.0,
      "y" : 0.0,
      "z" : 0.0
    }, {
      "x" : 4.236068,
      "y" : 22.18034,
      "z" : 11.09017
    }, {
      "x" : 8.8054695,
      "y" : 0.0,
      "z" : 23.053019
    } ],
    "faces" : [ {
      "vertices" : [ 0, 1, 2 ]
    }, {
      "vertices" : [ 0, 2, 1 ]
    } ]
  }, {
    "id" : "c9571c28-9b63-4710-aa16-c3f7651d8890",
    "vertices" : [ {
      "x" : 0.0,
      "y" : 0.0,
      "z" : 0.0
    }, {
      "x" : -4.4027348,
      "y" : -21.371323,
      "z" : -11.526509
    }, {
      "x" : -8.972136,
      "y" : 0.809017,
      "z" : -23.489357
    } ],
    "faces" : [ {
      "vertices" : [ 0, 1, 2 ]
    }, {
      "vertices" : [ 0, 2, 1 ]
    } ]
  }, {
    "id" : "34ce7640-0e30-41c8-a98f-dafc6e232499",
    "vertices" : [ {
      "x" : 0.0,
      "y" : 0.0,
      "z" : 0.0
    }, {
      "x" : -4.4027348,
      "y" : 21.371323,
      "z" : -11.526509
    }, {
      "x" : 4.736068,
      "y" : 21.371323,
      "z" : 12.399187
    } ],
    "faces" : [ {
      "vertices" : [ 0, 1, 2 ]
    }, {
      "vertices" : [ 0, 2, 1 ]
    } ]
  }, {
    "id" : "98d276fe-ee86-4223-af94-f05648e43a7f",
    "vertices" : [ {
      "x" : 0.0,
      "y" : 0.0,
      "z" : 0.0
    }, {
      "x" : -8.972136,
      "y" : -0.809017,
      "z" : -23.489357
    }, {
      "x" : -4.4027348,
      "y" : 21.371323,
      "z" : -11.526509
    } ],
    "faces" : [ {
      "vertices" : [ 0, 1, 2 ]
    }, {
      "vertices" : [ 0, 2, 1 ]
    } ]
  }, {
    "id" : "5ca7c01b-6433-4d38-8cf2-5808617372c9",
    "vertices" : [ {
      "x" : 0.0,
      "y" : 0.0,
      "z" : 0.0
    }, {
      "x" : 0.0,
      "y" : 0.0,
      "z" : -24.798374
    }, {
      "x" : -12.399187,
      "y" : 20.062305,
      "z" : -32.461494
    }, {
      "x" : -20.062305,
      "y" : 32.461494,
      "z" : -12.399187
    }, {
      "x" : -12.399187,
      "y" : 20.062305,
      "z" : 7.663119
    } ],
    "faces" : [ {
      "vertices" : [ 0, 1, 2, 3, 4 ]
    }, {
      "vertices" : [ 0, 4, 3, 2, 1 ]
    } ]
  }, {
    "id" : "b1ffa231-77c6-44da-8591-8f7a247c10ce",
    "vertices" : [ {
      "x" : 0.0,
      "y" : 0.0,
      "z" : 0.0
    }, {
      "x" : -4.5694013,
      "y" : -22.18034,
      "z" : -11.962848
    }, {
      "x" : -8.8054695,
      "y" : 0.0,
      "z" : -23.053019
    } ],
    "faces" : [ {
      "vertices" : [ 0, 1, 2 ]
    }, {
      "vertices" : [ 0, 2, 1 ]
    } ]
  }, {
    "id" : "dd1e51af-02a8-40b2-b7ae-619a97fb9752",
    "vertices" : [ {
      "x" : 0.0,
      "y" : 0.0,
      "z" : 0.0
    }, {
      "x" : -12.399187,
      "y" : 20.062305,
      "z" : -7.663119
    }, {
      "x" : -20.062305,
      "y" : 32.461494,
      "z" : 12.399187
    }, {
      "x" : -12.399187,
      "y" : 20.062305,
      "z" : 32.461494
    }, {
      "x" : 0.0,
      "y" : 0.0,
      "z" : 24.798374
    } ],
    "faces" : [ {
      "vertices" : [ 0, 1, 2, 3, 4 ]
    }, {
      "vertices" : [ 0, 4, 3, 2, 1 ]
    } ]
  }, {
    "id" : "a00b1118-80fa-4b6c-9b1c-5c8bdf859854",
    "vertices" : [ {
      "x" : 0.0,
      "y" : 0.0,
      "z" : 0.0
    }, {
      "x" : -4.736068,
      "y" : -21.371323,
      "z" : -12.399187
    }, {
      "x" : -9.138803,
      "y" : 0.0,
      "z" : -23.925695
    } ],
    "faces" : [ {
      "vertices" : [ 0, 1, 2 ]
    }, {
      "vertices" : [ 0, 2, 1 ]
    } ]
  }, {
    "id" : "8d4dceae-9298-4db8-ad65-e11a38950154",
    "vertices" : [ {
      "x" : 0.0,
      "y" : 0.0,
      "z" : 0.0
    }, {
      "x" : 7.663119,
      "y" : -12.399187,
      "z" : 20.062305
    }, {
      "x" : 20.062305,
      "y" : -32.461494,
      "z" : 12.399187
    }, {
      "x" : 20.062305,
      "y" : -32.461494,
      "z" : -12.399187
    }, {
      "x" : 7.663119,
      "y" : -12.399187,
      "z" : -20.062305
    } ],
    "faces" : [ {
      "vertices" : [ 0, 1, 2, 3, 4 ]
    }, {
      "vertices" : [ 0, 4, 3, 2, 1 ]
    } ]
  }, {
    "id" : "4a3f64db-0ed7-47a9-9da1-4f443936fede",
    "vertices" : [ {
      "x" : 0.0,
      "y" : 0.0,
      "z" : 0.0
    }, {
      "x" : 4.5694013,
      "y" : -22.18034,
      "z" : 11.962848
    }, {
      "x" : -4.236068,
      "y" : -22.18034,
      "z" : -11.09017
    } ],
    "faces" : [ {
      "vertices" : [ 0, 1, 2 ]
    }, {
      "vertices" : [ 0, 2, 1 ]
    } ]
  }, {
    "id" : "613595ed-1358-4b3f-a652-2625917fc6fb",
    "vertices" : [ {
      "x" : 0.0,
      "y" : 0.0,
      "z" : 0.0
    }, {
      "x" : 4.4027348,
      "y" : -21.371323,
      "z" : 11.526509
    }, {
      "x" : -4.5694013,
      "y" : -22.18034,
      "z" : -11.962848
    } ],
    "faces" : [ {
      "vertices" : [ 0, 1, 2 ]
    }, {
      "vertices" : [ 0, 2, 1 ]
    } ]
  } ],
  "instances" : [ {
    "shape" : "8c06d2fb-feb4-4db2-b3b3-e211c33a5655",
    "color" : "#00FF00",
    "position" : {
      "x" : 53.832817,
      "y" : 0.0,
      "z" : -46.978714
    },
    "orientation" : 9
  }, {
    "shape" : "8c06d2fb-feb4-4db2-b3b3-e211c33a5655",
    "color" : "#00CC00",
    "position" : {
      "x" : -41.433628,
      "y" : 20.062305,
      "z" : -54.641834
    },
    "orientation" : 48
  }, {
    "shape" : "dfb03cc7-bf92-45f8-be22-dec581b3227b",
    "color" : "#00FF00",
    "position" : {
      "x" : 21.371323,
      "y" : -12.399187,
      "z" : -67.04102
    },
    "orientation" : 22
  }, {
    "shape" : "dfb03cc7-bf92-45f8-be22-dec581b3227b",
    "color" : "#CC00CC",
    "position" : {
      "x" : 41.433628,
      "y" : 20.062305,
      "z" : 54.641834
    },
    "orientation" : 9
  }, {
    "shape" : "3630be6b-0b82-42e2-a655-9763806b2c60",
    "color" : "#F2F2F2",
    "position" : {
      "x" : 53.832817,
      "y" : 0.0,
      "z" : -46.978714
    }
  }, {
    "shape" : "f86cb53f-004b-4fbb-8391-30f041b4f3f7",
    "color" : "#FF9999",
    "position" : {
      "x" : -54.641834,
      "y" : 41.433628,
      "z" : -20.062305
    },
    "orientation" : 54
  }, {
    "shape" : "f86cb53f-004b-4fbb-8391-30f041b4f3f7",
    "color" : "#FF0000",
    "position" : {
      "x" : -20.062305,
      "y" : 54.641834,
      "z" : 41.433628
    },
    "orientation" : 4
  }, {
    "shape" : "3630be6b-0b82-42e2-a655-9763806b2c60",
    "color" : "#F2F2F2",
    "position" : {
      "x" : -67.04102,
      "y" : 21.371323,
      "z" : -12.399187
    }
  }, {
    "shape" : "8c06d2fb-feb4-4db2-b3b3-e211c33a5655",
    "color" : "#FFFF33",
    "position" : {
      "x" : 12.399187,
      "y" : 67.04102,
      "z" : -21.371323
    },
    "orientation" : 7
  }, {
    "shape" : "4f40e031-3afa-4453-827f-21e6cae48ff3",
    "color" : "#000000",
    "position" : {
      "x" : 35.888542,
      "y" : -58.068882,
      "z" : -22.18034
    },
    "orientation" : 44
  }, {
    "shape" : "75678ad0-f227-4220-b967-921779025128",
    "color" : "#000000",
    "position" : {
      "x" : 20.062305,
      "y" : -54.641834,
      "z" : 41.433628
    },
    "orientation" : 6
  }, {
    "shape" : "1df710f3-1ce3-417d-9e17-a337d3282895",
    "color" : "#00CC00",
    "position" : {
      "x" : -41.433628,
      "y" : 20.062305,
      "z" : -54.641834
    },
    "orientation" : 54
  }, {
    "shape" : "c9571c28-9b63-4710-aa16-c3f7651d8890",
    "color" : "#CC00CC",
    "position" : {
      "x" : 21.371323,
      "y" : -12.399187,
      "z" : 67.04102
    },
    "orientation" : 2
  }, {
    "shape" : "8c06d2fb-feb4-4db2-b3b3-e211c33a5655",
    "color" : "#00FF00",
    "position" : {
      "x" : 21.371323,
      "y" : -12.399187,
      "z" : -67.04102
    },
    "orientation" : 16
  }, {
    "shape" : "3630be6b-0b82-42e2-a655-9763806b2c60",
    "color" : "#F2F2F2",
    "position" : {
      "x" : 58.068882,
      "y" : -22.18034,
      "z" : 35.888542
    }
  }, {
    "shape" : "4f40e031-3afa-4453-827f-21e6cae48ff3",
    "color" : "#000000",
    "position" : {
      "x" : -22.18034,
      "y" : 35.888542,
      "z" : 58.068882
    },
    "orientation" : 56
  }, {
    "shape" : "3630be6b-0b82-42e2-a655-9763806b2c60",
    "color" : "#F2F2F2",
    "position" : {
      "x" : 35.888542,
      "y" : 58.068882,
      "z" : 22.18034
    }
  }, {
    "shape" : "8c06d2fb-feb4-4db2-b3b3-e211c33a5655",
    "color" : "#FF0000",
    "position" : {
      "x" : -12.399187,
      "y" : 67.04102,
      "z" : 21.371323
    },
    "orientation" : 52
  }, {
    "shape" : "f86cb53f-004b-4fbb-8391-30f041b4f3f7",
    "color" : "#FF0000",
    "position" : {
      "x" : -12.399187,
      "y" : -67.04102,
      "z" : -21.371323
    },
    "orientation" : 16
  }, {
    "shape" : "34ce7640-0e30-41c8-a98f-dafc6e232499",
    "color" : "#00CC00",
    "position" : {
      "x" : -21.371323,
      "y" : 12.399187,
      "z" : -67.04102
    },
    "orientation" : 17
  }, {
    "shape" : "75678ad0-f227-4220-b967-921779025128",
    "color" : "#000000",
    "position" : {
      "x" : -41.433628,
      "y" : -20.062305,
      "z" : -54.641834
    },
    "orientation" : 37
  }, {
    "shape" : "c9571c28-9b63-4710-aa16-c3f7651d8890",
    "color" : "#FF0000",
    "position" : {
      "x" : -12.399187,
      "y" : 67.04102,
      "z" : 21.371323
    },
    "orientation" : 1
  }, {
    "shape" : "3630be6b-0b82-42e2-a655-9763806b2c60",
    "color" : "#F2F2F2",
    "position" : {
      "x" : 0.0,
      "y" : 46.978714,
      "z" : -53.832817
    }
  }, {
    "shape" : "8c06d2fb-feb4-4db2-b3b3-e211c33a5655",
    "color" : "#FF9999",
    "position" : {
      "x" : -67.04102,
      "y" : 21.371323,
      "z" : -12.399187
    },
    "orientation" : 47
  }, {
    "shape" : "1df710f3-1ce3-417d-9e17-a337d3282895",
    "color" : "#FF3333",
    "position" : {
      "x" : -67.04102,
      "y" : -21.371323,
      "z" : 12.399187
    },
    "orientation" : 38
  }, {
    "shape" : "4f40e031-3afa-4453-827f-21e6cae48ff3",
    "color" : "#000000",
    "position" : {
      "x" : -71.777084,
      "y" : 0.0,
      "z" : 0.0
    },
    "orientation" : 17
  }, {
    "shape" : "8c06d2fb-feb4-4db2-b3b3-e211c33a5655",
    "color" : "#3300FF",
    "position" : {
      "x" : -21.371323,
      "y" : 12.399187,
      "z" : 67.04102
    },
    "orientation" : 8
  }, {
    "shape" : "3630be6b-0b82-42e2-a655-9763806b2c60",
    "color" : "#F2F2F2",
    "position" : {
      "x" : -54.641834,
      "y" : 41.433628,
      "z" : 20.062305
    }
  }, {
    "shape" : "3630be6b-0b82-42e2-a655-9763806b2c60",
    "color" : "#F2F2F2",
    "position" : {
      "x" : 35.888542,
      "y" : -58.068882,
      "z" : -22.18034
    }
  }, {
    "shape" : "75678ad0-f227-4220-b967-921779025128",
    "color" : "#000000",
    "position" : {
      "x" : 21.371323,
      "y" : 12.399187,
      "z" : 67.04102
    },
    "orientation" : 57
  }, {
    "shape" : "75678ad0-f227-4220-b967-921779025128",
    "color" : "#000000",
    "position" : {
      "x" : -12.399187,
      "y" : -67.04102,
      "z" : -21.371323
    },
    "orientation" : 35
  }, {
    "shape" : "4f40e031-3afa-4453-827f-21e6cae48ff3",
    "color" : "#000000",
    "position" : {
      "x" : -58.068882,
      "y" : 22.18034,
      "z" : -35.888542
    },
    "orientation" : 6
  }, {
    "shape" : "3630be6b-0b82-42e2-a655-9763806b2c60",
    "color" : "#F2F2F2",
    "position" : {
      "x" : 62.638287,
      "y" : 0.0,
      "z" : -23.925695
    }
  }, {
    "shape" : "34ce7640-0e30-41c8-a98f-dafc6e232499",
    "color" : "#FFFF33",
    "position" : {
      "x" : 12.399187,
      "y" : 67.04102,
      "z" : -21.371323
    },
    "orientation" : 6
  }, {
    "shape" : "1df710f3-1ce3-417d-9e17-a337d3282895",
    "color" : "#FF9999",
    "position" : {
      "x" : -46.978714,
      "y" : 53.832817,
      "z" : 0.0
    },
    "orientation" : 1
  }, {
    "shape" : "34ce7640-0e30-41c8-a98f-dafc6e232499",
    "color" : "#FFCC66",
    "position" : {
      "x" : 67.04102,
      "y" : -21.371323,
      "z" : 12.399187
    },
    "orientation" : 8
  }, {
    "shape" : "3630be6b-0b82-42e2-a655-9763806b2c60",
    "color" : "#F2F2F2",
    "position" : {
      "x" : -38.71259,
      "y" : -38.71259,
      "z" : -38.71259
    }
  }, {
    "shape" : "4f40e031-3afa-4453-827f-21e6cae48ff3",
    "color" : "#000000",
    "position" : {
      "x" : -22.18034,
      "y" : -35.888542,
      "z" : -58.068882
    },
    "orientation" : 41
  }, {
    "shape" : "98d276fe-ee86-4223-af94-f05648e43a7f",
    "color" : "#FFCC66",
    "position" : {
      "x" : 67.04102,
      "y" : -21.371323,
      "z" : -12.399187
    },
    "orientation" : 0
  }, {
    "shape" : "3630be6b-0b82-42e2-a655-9763806b2c60",
    "color" : "#F2F2F2",
    "position" : {
      "x" : 0.0,
      "y" : 0.0,
      "z" : 0.0
    }
  }, {
    "shape" : "75678ad0-f227-4220-b967-921779025128",
    "color" : "#000000",
    "position" : {
      "x" : 67.04102,
      "y" : -21.371323,
      "z" : 12.399187
    },
    "orientation" : 4
  }, {
    "shape" : "4f40e031-3afa-4453-827f-21e6cae48ff3",
    "color" : "#000000",
    "position" : {
      "x" : -58.068882,
      "y" : 22.18034,
      "z" : -35.888542
    },
    "orientation" : 43
  }, {
    "shape" : "4f40e031-3afa-4453-827f-21e6cae48ff3",
    "color" : "#000000",
    "position" : {
      "x" : 22.18034,
      "y" : -35.888542,
      "z" : -58.068882
    },
    "orientation" : 8
  }, {
    "shape" : "4f40e031-3afa-4453-827f-21e6cae48ff3",
    "color" : "#000000",
    "position" : {
      "x" : 35.888542,
      "y" : 58.068882,
      "z" : -22.18034
    },
    "orientation" : 35
  }, {
    "shape" : "f86cb53f-004b-4fbb-8391-30f041b4f3f7",
    "color" : "#FF0000",
    "position" : {
      "x" : 0.0,
      "y" : 46.978714,
      "z" : 53.832817
    },
    "orientation" : 7
  }, {
    "shape" : "75678ad0-f227-4220-b967-921779025128",
    "color" : "#000000",
    "position" : {
      "x" : 46.978714,
      "y" : -53.832817,
      "z" : 0.0
    },
    "orientation" : 30
  }, {
    "shape" : "98d276fe-ee86-4223-af94-f05648e43a7f",
    "color" : "#FF9999",
    "position" : {
      "x" : -67.04102,
      "y" : 21.371323,
      "z" : -12.399187
    },
    "orientation" : 30
  }, {
    "shape" : "3630be6b-0b82-42e2-a655-9763806b2c60",
    "color" : "#F2F2F2",
    "position" : {
      "x" : -62.638287,
      "y" : 0.0,
      "z" : 23.925695
    }
  }, {
    "shape" : "75678ad0-f227-4220-b967-921779025128",
    "color" : "#000000",
    "position" : {
      "x" : 53.832817,
      "y" : 0.0,
      "z" : -46.978714
    },
    "orientation" : 2
  }, {
    "shape" : "75678ad0-f227-4220-b967-921779025128",
    "color" : "#000000",
    "position" : {
      "x" : 53.832817,
      "y" : 0.0,
      "z" : 46.978714
    },
    "orientation" : 17
  }, {
    "shape" : "c9571c28-9b63-4710-aa16-c3f7651d8890",
    "color" : "#CC00CC",
    "position" : {
      "x" : 41.433628,
      "y" : -20.062305,
      "z" : 54.641834
    },
    "orientation" : 5
  }, {
    "shape" : "dfb03cc7-bf92-45f8-be22-dec581b3227b",
    "color" : "#00CC00",
    "position" : {
      "x" : -41.433628,
      "y" : -20.062305,
      "z" : -54.641834
    },
    "orientation" : 19
  }, {
    "shape" : "3630be6b-0b82-42e2-a655-9763806b2c60",
    "color" : "#F2F2F2",
    "position" : {
      "x" : -58.068882,
      "y" : 22.18034,
      "z" : -35.888542
    }
  }, {
    "shape" : "75678ad0-f227-4220-b967-921779025128",
    "color" : "#000000",
    "position" : {
      "x" : 20.062305,
      "y" : 54.641834,
      "z" : 41.433628
    },
    "orientation" : 24
  }, {
    "shape" : "8c06d2fb-feb4-4db2-b3b3-e211c33a5655",
    "color" : "#00CC00",
    "position" : {
      "x" : -21.371323,
      "y" : -12.399187,
      "z" : -67.04102
    },
    "orientation" : 23
  }, {
    "shape" : "3630be6b-0b82-42e2-a655-9763806b2c60",
    "color" : "#F2F2F2",
    "position" : {
      "x" : -23.925695,
      "y" : -62.638287,
      "z" : 0.0
    }
  }, {
    "shape" : "3630be6b-0b82-42e2-a655-9763806b2c60",
    "color" : "#F2F2F2",
    "position" : {
      "x" : -54.641834,
      "y" : 41.433628,
      "z" : -20.062305
    }
  }, {
    "shape" : "3630be6b-0b82-42e2-a655-9763806b2c60",
    "color" : "#F2F2F2",
    "position" : {
      "x" : -46.978714,
      "y" : -53.832817,
      "z" : 0.0
    }
  }, {
    "shape" : "75678ad0-f227-4220-b967-921779025128",
    "color" : "#000000",
    "position" : {
      "x" : -21.371323,
      "y" : -12.399187,
      "z" : 67.04102
    },
    "orientation" : 27
  }, {
    "shape" : "4f40e031-3afa-4453-827f-21e6cae48ff3",
    "color" : "#000000",
    "position" : {
      "x" : -35.888542,
      "y" : 58.068882,
      "z" : 22.18034
    },
    "orientation" : 40
  }, {
    "shape" : "8c06d2fb-feb4-4db2-b3b3-e211c33a5655",
    "color" : "#3300FF",
    "position" : {
      "x" : -21.371323,
      "y" : -12.399187,
