{
  "polygons" : "true",
  "field" : "golden",
  "symmetry" : "icosahedral",
  "orientations" : [ [ 1.0, 0.0, 0.0, 0.0, 0.0, 1.0, 0.0, 0.0, 0.0, 0.0, 1.0, 0.0, 0.0, 0.0, 0.0, 1.0 ], [ 0.0, 0.0, 1.0, 0.0, 1.0, 0.0, 0.0, 0.0, 0.0, 1.0, 0.0, 0.0, 0.0, 0.0, 0.0, 1.0 ], [ 0.0, 1.0, 0.0, 0.0, 0.0, 0.0, 1.0, 0.0, 1.0, 0.0, 0.0, 0.0, 0.0, 0.0, 0.0, 1.0 ], [ 0.809017, 0.309017, 0.5, 0.0, 0.309017, 0.5, -0.809017, 0.0, -0.5, 0.809017, 0.309017, 0.0, 0.0, 0.0, 0.0, 1.0 ], [ -0.5, 0.809017, 0.309017, 0.0, 0.809017, 0.309017, 0.5, 0.0, 0.309017, 0.5, -0.809017, 0.0, 0.0, 0.0, 0.0, 1.0 ], [ 0.309017, 0.5, -0.809017, 0.0, -0.5, 0.809017, 0.309017, 0.0, 0.809017, 0.309017, 0.5, 0.0, 0.0, 0.0, 0.0, 1.0 ], [ 0.5, 0.809017, 0.309017, 0.0, 0.809017, -0.309017, -0.5, 0.0, -0.309017, 0.5, -0.809017, 0.0, 0.0, 0.0, 0.0, 1.0 ], [ -0.309017, 0.5, -0.809017, 0.0, 0.5, 0.809017, 0.309017, 0.0, 0.809017, -0.309017, -0.5, 0.0, 0.0, 0.0, 0.0, 1.0 ], [ 0.809017, -0.309017, -0.5, 0.0, -0.309017, 0.5, -0.809017, 0.0, 0.5, 0.809017, 0.309017, 0.0, 0.0, 0.0, 0.0, 1.0 ], [ 0.5, 0.809017, -0.309017, 0.0, 0.809017, -0.309017, 0.5, 0.0, 0.309017, -0.5, -0.809017, 0.0, 0.0, 0.0, 0.0, 1.0 ], [ 0.309017, -0.5, -0.809017, 0.0, 0.5, 0.809017, -0.309017, 0.0, 0.809017, -0.309017, 0.5, 0.0, 0.0, 0.0, 0.0, 1.0 ], [ 0.809017, -0.309017, 0.5, 0.0, 0.309017, -0.5, -0.809017, 0.0, 0.5, 0.809017, -0.309017, 0.0, 0.0, 0.0, 0.0, 1.0 ], [ 0.809017, 0.309017, -0.5, 0.0, 0.309017, 0.5, 0.809017, 0.0, 0.5, -0.809017, 0.309017, 0.0, 0.0, 0.0, 0.0, 1.0 ], [ 0.5, -0.809017, 0.309017, 0.0, 0.809017, 0.309017, -0.5, 0.0, 0.309017, 0.5, 0.809017, 0.0, 0.0, 0.0, 0.0, 1.0 ], [ 0.309017, 0.5, 0.809017, 0.0, 0.5, -0.809017, 0.309017, 0.0, 0.809017, 0.309017, -0.5, 0.0, 0.0, 0.0, 0.0, 1.0 ], [ 1.0, 0.0, 0.0, 0.0, 0.0, -1.0, 0.0, 0.0, 0.0, 0.0, -1.0, 0.0, 0.0, 0.0, 0.0, 1.0 ], [ 0.0, 0.0, 1.0, 0.0, -1.0, 0.0, 0.0, 0.0, 0.0, -1.0, 0.0, 0.0, 0.0, 0.0, 0.0, 1.0 ], [ 0.0, 1.0, 0.0, 0.0, 0.0, 0.0, -1.0, 0.0, -1.0, 0.0, 0.0, 0.0, 0.0, 0.0, 0.0, 1.0 ], [ 0.809017, 0.309017, 0.5, 0.0, -0.309017, -0.5, 0.809017, 0.0, 0.5, -0.809017, -0.309017, 0.0, 0.0, 0.0, 0.0, 1.0 ], [ -0.5, 0.809017, 0.309017, 0.0, -0.809017, -0.309017, -0.5, 0.0, -0.309017, -0.5, 0.809017, 0.0, 0.0, 0.0, 0.0, 1.0 ], [ 0.309017, 0.5, -0.809017, 0.0, 0.5, -0.809017, -0.309017, 0.0, -0.809017, -0.309017, -0.5, 0.0, 0.0, 0.0, 0.0, 1.0 ], [ 0.5, 0.809017, 0.309017, 0.0, -0.809017, 0.309017, 0.5, 0.0, 0.309017, -0.5, 0.809017, 0.0, 0.0, 0.0, 0.0, 1.0 ], [ -0.309017, 0.5, -0.809017, 0.0, -0.5, -0.809017, -0.309017, 0.0, -0.809017, 0.309017, 0.5, 0.0, 0.0, 0.0, 0.0, 1.0 ], [ 0.809017, -0.309017, -0.5, 0.0, 0.309017, -0.5, 0.809017, 0.0, -0.5, -0.809017, -0.309017, 0.0, 0.0, 0.0, 0.0, 1.0 ], [ 0.5, 0.809017, -0.309017, 0.0, -0.809017, 0.309017, -0.5, 0.0, -0.309017, 0.5, 0.809017, 0.0, 0.0, 0.0, 0.0, 1.0 ], [ 0.309017, -0.5, -0.809017, 0.0, -0.5, -0.809017, 0.309017, 0.0, -0.809017, 0.309017, -0.5, 0.0, 0.0, 0.0, 0.0, 1.0 ], [ 0.809017, -0.309017, 0.5, 0.0, -0.309017, 0.5, 0.809017, 0.0, -0.5, -0.809017, 0.309017, 0.0, 0.0, 0.0, 0.0, 1.0 ], [ 0.809017, 0.309017, -0.5, 0.0, -0.309017, -0.5, -0.809017, 0.0, -0.5, 0.809017, -0.309017, 0.0, 0.0, 0.0, 0.0, 1.0 ], [ 0.5, -0.809017, 0.309017, 0.0, -0.809017, -0.309017, 0.5, 0.0, -0.309017, -0.5, -0.809017, 0.0, 0.0, 0.0, 0.0, 1.0 ], [ 0.309017, 0.5, 0.809017, 0.0, -0.5, 0.809017, -0.309017, 0.0, -0.809017, -0.309017, 0.5, 0.0, 0.0, 0.0, 0.0, 1.0 ], [ -1.0, 0.0, 0.0, 0.0, 0.0, -1.0, 0.0, 0.0, 0.0, 0.0, 1.0, 0.0, 0.0, 0.0, 0.0, 1.0 ], [ 0.0, 0.0, -1.0, 0.0, -1.0, 0.0, 0.0, 0.0, 0.0, 1.0, 0.0, 0.0, 0.0, 0.0, 0.0, 1.0 ], [ 0.0, -1.0, 0.0, 0.0, 0.0, 0.0, -1.0, 0.0, 1.0, 0.0, 0.0, 0.0, 0.0, 0.0, 0.0, 1.0 ], [ -0.809017, -0.309017, -0.5, 0.0, -0.309017, -0.5, 0.809017, 0.0, -0.5, 0.809017, 0.309017, 0.0, 0.0, 0.0, 0.0, 1.0 ], [ 0.5, -0.809017, -0.309017, 0.0, -0.809017, -0.309017, -0.5, 0.0, 0.309017, 0.5, -0.809017, 0.0, 0.0, 0.0, 0.0, 1.0 ], [ -0.309017, -0.5, 0.809017, 0.0, 0.5, -0.809017, -0.309017, 0.0, 0.809017, 0.309017, 0.5, 0.0, 0.0, 0.0, 0.0, 1.0 ], [ -0.5, -0.809017, -0.309017, 0.0, -0.809017, 0.309017, 0.5, 0.0, -0.309017, 0.5, -0.809017, 0.0, 0.0, 0.0, 0.0, 1.0 ], [ 0.309017, -0.5, 0.809017, 0.0, -0.5, -0.809017, -0.309017, 0.0, 0.809017, -0.309017, -0.5, 0.0, 0.0, 0.0, 0.0, 1.0 ], [ -0.809017, 0.309017, 0.5, 0.0, 0.309017, -0.5, 0.809017, 0.0, 0.5, 0.809017, 0.309017, 0.0, 0.0, 0.0, 0.0, 1.0 ], [ -0.5, -0.809017, 0.309017, 0.0, -0.809017, 0.309017, -0.5, 0.0, 0.309017, -0.5, -0.809017, 0.0, 0.0, 0.0, 0.0, 1.0 ], [ -0.309017, 0.5, 0.809017, 0.0, -0.5, -0.809017, 0.309017, 0.0, 0.809017, -0.309017, 0.5, 0.0, 0.0, 0.0, 0.0, 1.0 ], [ -0.809017, 0.309017, -0.5, 0.0, -0.309017, 0.5, 0.809017, 0.0, 0.5, 0.809017, -0.309017, 0.0, 0.0, 0.0, 0.0, 1.0 ], [ -0.809017, -0.309017, 0.5, 0.0, -0.309017, -0.5, -0.809017, 0.0, 0.5, -0.809017, 0.309017, 0.0, 0.0, 0.0, 0.0, 1.0 ], [ -0.5, 0.809017, -0.309017, 0.0, -0.809017, -0.309017, 0.5, 0.0, 0.309017, 0.5, 0.809017, 0.0, 0.0, 0.0, 0.0, 1.0 ], [ -0.309017, -0.5, -0.809017, 0.0, -0.5, 0.809017, -0.309017, 0.0, 0.809017, 0.309017, -0.5, 0.0, 0.0, 0.0, 0.0, 1.0 ], [ -1.0, 0.0, 0.0, 0.0, 0.0, 1.0, 0.0, 0.0, 0.0, 0.0, -1.0, 0.0, 0.0, 0.0, 0.0, 1.0 ], [ 0.0, 0.0, -1.0, 0.0, 1.0, 0.0, 0.0, 0.0, 0.0, -1.0, 0.0, 0.0, 0.0, 0.0, 0.0, 1.0 ], [ 0.0, -1.0, 0.0, 0.0, 0.0, 0.0, 1.0, 0.0, -1.0, 0.0, 0.0, 0.0, 0.0, 0.0, 0.0, 1.0 ], [ -0.809017, -0.309017, -0.5, 0.0, 0.309017, 0.5, -0.809017, 0.0, 0.5, -0.809017, -0.309017, 0.0, 0.0, 0.0, 0.0, 1.0 ], [ 0.5, -0.809017, -0.309017, 0.0, 0.809017, 0.309017, 0.5, 0.0, -0.309017, -0.5, 0.809017, 0.0, 0.0, 0.0, 0.0, 1.0 ], [ -0.309017, -0.5, 0.809017, 0.0, -0.5, 0.809017, 0.309017, 0.0, -0.809017, -0.309017, -0.5, 0.0, 0.0, 0.0, 0.0, 1.0 ], [ -0.5, -0.809017, -0.309017, 0.0, 0.809017, -0.309017, -0.5, 0.0, 0.309017, -0.5, 0.809017, 0.0, 0.0, 0.0, 0.0, 1.0 ], [ 0.309017, -0.5, 0.809017, 0.0, 0.5, 0.809017, 0.309017, 0.0, -0.809017, 0.309017, 0.5, 0.0, 0.0, 0.0, 0.0, 1.0 ], [ -0.809017, 0.309017, 0.5, 0.0, -0.309017, 0.5, -0.809017, 0.0, -0.5, -0.809017, -0.309017, 0.0, 0.0, 0.0, 0.0, 1.0 ], [ -0.5, -0.809017, 0.309017, 0.0, 0.809017, -0.309017, 0.5, 0.0, -0.309017, 0.5, 0.809017, 0.0, 0.0, 0.0, 0.0, 1.0 ], [ -0.309017, 0.5, 0.809017, 0.0, 0.5, 0.809017, -0.309017, 0.0, -0.809017, 0.309017, -0.5, 0.0, 0.0, 0.0, 0.0, 1.0 ], [ -0.809017, 0.309017, -0.5, 0.0, 0.309017, -0.5, -0.809017, 0.0, -0.5, -0.809017, 0.309017, 0.0, 0.0, 0.0, 0.0, 1.0 ], [ -0.809017, -0.309017, 0.5, 0.0, 0.309017, 0.5, 0.809017, 0.0, -0.5, 0.809017, -0.309017, 0.0, 0.0, 0.0, 0.0, 1.0 ], [ -0.5, 0.809017, -0.309017, 0.0, 0.809017, 0.309017, -0.5, 0.0, -0.309017, -0.5, -0.809017, 0.0, 0.0, 0.0, 0.0, 1.0 ], [ -0.309017, -0.5, -0.809017, 0.0, 0.5, -0.809017, 0.309017, 0.0, -0.809017, -0.309017, 0.5, 0.0, 0.0, 0.0, 0.0, 1.0 ] ],
  "lights" : {
    "directionalLights" : [ {
      "direction" : [ 1.0, -1.0, -1.0 ],
      "color" : "#EBEBE4"
    }, {
      "direction" : [ -1.0, 0.0, 0.0 ],
      "color" : "#E4E4EB"
    }, {
      "direction" : [ 0.0, 0.0, -1.0 ],
      "color" : "#1E1E1E"
    } ],
    "backgroundColor" : "#AFC8DC",
    "ambientColor" : "#292929"
  },
  "camera" : {
    "width" : 63.457596,
    "position" : {
      "x" : 43.576607,
      "y" : -70.50843,
      "z" : 114.08504
    },
    "stereo" : false,
    "lookAtPoint" : {
      "x" : 0.0,
      "y" : 0.0,
      "z" : 0.0
    },
    "lookDirection" : {
      "x" : -0.309017,
      "y" : 0.5,
      "z" : -0.809017
    },
    "upDirection" : {
      "x" : 0.85065085,
      "y" : 0.5257311,
      "z" : -1.5668007E-8
    },
    "farClipDistance" : 282.03372,
    "nearClipDistance" : 0.35254216,
    "perspective" : false,
    "fieldOfView" : 0.44262892,
    "lookDirectionRV" : {
      "x" : -0.309017,
      "y" : 0.5,
      "z" : -0.809017,
      "zero" : false
    },
    "lookAtPointRV" : {
      "x" : 0.0,
      "y" : 0.0,
      "z" : 0.0,
      "zero" : true
    },
    "viewDistance" : 141.01686,
    "upDirectionRV" : {
      "x" : 0.85065085,
      "y" : 0.5257311,
      "z" : -1.5668007E-8,
      "zero" : false
    }
  },
  "embedding" : [ 1.0, 0.0, 0.0, 0.0, 0.0, 1.0, 0.0, 0.0, 0.0, 0.0, 1.0, 0.0, 0.0, 0.0, 0.0, 1.0 ],
  "shapes" : [ {
    "id" : "b81ac0b5-ac45-4361-8c32-5b30a68f8a64",
    "vertices" : [ {
      "x" : 0.0,
      "y" : 0.0,
      "z" : 0.0
    }, {
      "x" : 4.236068,
      "y" : -6.854102,
      "z" : 2.618034
    }, {
      "x" : -0.7236068,
      "y" : -7.301316,
      "z" : -4.236068
    } ],
    "faces" : [ {
      "vertices" : [ 0, 1, 2 ]
    }, {
      "vertices" : [ 0, 2, 1 ]
    } ]
  }, {
    "id" : "e3c08be7-87c1-4c1e-9d17-3a3711bb1703",
    "orbit" : "blue",
    "orbitC" : "[[0,0,1],[0,0,1]]",
    "length" : "[1,0,1]",
    "name" : "b1",
    "vertices" : [ {
      "x" : 1.0,
      "y" : 0.309017,
      "z" : 0.19098301
    }, {
      "x" : 1.0,
      "y" : -0.309017,
      "z" : 0.19098301
    }, {
      "x" : 7.472136,
      "y" : -0.309017,
      "z" : 0.19098301
    }, {
      "x" : 7.472136,
      "y" : 0.309017,
      "z" : 0.19098301
    }, {
      "x" : 7.472136,
      "y" : -0.309017,
      "z" : -0.19098301
    }, {
      "x" : 7.472136,
      "y" : 0.309017,
      "z" : -0.19098301
    }, {
      "x" : 8.09017,
      "y" : 0.0,
      "z" : 0.0
    }, {
      "x" : 0.38196602,
      "y" : 0.0,
      "z" : 0.0
    }, {
      "x" : 1.0,
      "y" : 0.309017,
      "z" : -0.19098301
    }, {
      "x" : 1.0,
      "y" : -0.309017,
      "z" : -0.19098301
    }, {
      "x" : 8.472136,
      "y" : 0.0,
      "z" : 0.0
    } ],
    "faces" : [ {
      "vertices" : [ 1, 9, 4, 2 ]
    }, {
      "vertices" : [ 0, 3, 5, 8 ]
    }, {
      "vertices" : [ 1, 7, 9 ]
    }, {
      "vertices" : [ 0, 1, 2, 3 ]
    }, {
      "vertices" : [ 7, 8, 9 ]
    }, {
      "vertices" : [ 0, 7, 1 ]
    }, {
      "vertices" : [ 4, 9, 8, 5 ]
    }, {
      "vertices" : [ 2, 6, 3 ]
    }, {
      "vertices" : [ 2, 4, 6 ]
    }, {
      "vertices" : [ 3, 6, 5 ]
    }, {
      "vertices" : [ 4, 5, 6 ]
    }, {
      "vertices" : [ 0, 8, 7 ]
    } ]
  }, {
    "id" : "faa75fc4-4f78-408f-b050-6ffa380f7397",
    "vertices" : [ {
      "x" : 0.0,
      "y" : 0.0,
      "z" : 0.0
    }, {
      "x" : -4.959675,
      "y" : -0.4472136,
      "z" : -6.854102
    }, {
      "x" : -4.236068,
      "y" : 6.854102,
      "z" : -2.618034
    } ],
    "faces" : [ {
      "vertices" : [ 0, 1, 2 ]
    }, {
      "vertices" : [ 0, 2, 1 ]
    } ]
  }, {
    "id" : "1d263d82-fe97-46a9-9f2a-15cdcdd85072",
    "name" : "ball",
    "vertices" : [ {
      "x" : -0.309017,
      "y" : -0.19098301,
      "z" : 0.0
    }, {
      "x" : -0.309017,
      "y" : 0.19098301,
      "z" : 0.0
    }, {
      "x" : -0.19098301,
      "y" : 0.0,
      "z" : -0.309017
    }, {
      "x" : -0.19098301,
      "y" : 0.0,
      "z" : 0.309017
    }, {
      "x" : 0.0,
      "y" : -0.309017,
      "z" : -0.19098301
    }, {
      "x" : 0.0,
      "y" : -0.309017,
      "z" : 0.19098301
    }, {
      "x" : 0.0,
      "y" : 0.309017,
      "z" : -0.19098301
    }, {
      "x" : 0.0,
      "y" : 0.309017,
      "z" : 0.19098301
    }, {
      "x" : 0.19098301,
      "y" : 0.0,
      "z" : -0.309017
    }, {
      "x" : 0.19098301,
      "y" : 0.0,
      "z" : 0.309017
    }, {
      "x" : 0.309017,
      "y" : -0.19098301,
      "z" : 0.0
    }, {
      "x" : 0.309017,
      "y" : 0.19098301,
      "z" : 0.0
    } ],
    "faces" : [ {
      "vertices" : [ 0, 1, 2 ]
    }, {
      "vertices" : [ 0, 3, 1 ]
    }, {
      "vertices" : [ 0, 2, 4 ]
    }, {
      "vertices" : [ 0, 5, 3 ]
    }, {
      "vertices" : [ 0, 4, 5 ]
    }, {
      "vertices" : [ 1, 6, 2 ]
    }, {
      "vertices" : [ 1, 3, 7 ]
    }, {
      "vertices" : [ 1, 7, 6 ]
    }, {
      "vertices" : [ 2, 8, 4 ]
    }, {
      "vertices" : [ 2, 6, 8 ]
    }, {
      "vertices" : [ 3, 5, 9 ]
    }, {
      "vertices" : [ 3, 9, 7 ]
    }, {
      "vertices" : [ 4, 10, 5 ]
    }, {
      "vertices" : [ 4, 8, 10 ]
    }, {
      "vertices" : [ 5, 10, 9 ]
    }, {
      "vertices" : [ 6, 7, 11 ]
    }, {
      "vertices" : [ 6, 11, 8 ]
    }, {
      "vertices" : [ 7, 9, 11 ]
    }, {
      "vertices" : [ 8, 11, 10 ]
    }, {
      "vertices" : [ 9, 10, 11 ]
    } ]
  }, {
    "id" : "3054f40c-c330-4a52-a54a-eda936d90cec",
    "orbit" : "0",
    "orbitC" : "[[1,0,2],[0,0,1]]",
    "length" : "[1,0,1]",
    "name" : "short",
    "vertices" : [ {
      "x" : -0.39980802,
      "y" : -6.8915095,
      "z" : 3.8016107
    }, {
      "x" : -0.799808,
      "y" : -6.7915096,
      "z" : 3.7016108
    }, {
      "x" : -0.32379878,
      "y" : -0.40980613,
      "z" : 0.43445724
    }, {
      "x" : 0.076201215,
      "y" : -0.50980616,
      "z" : 0.53445727
    }, {
      "x" : -0.93314135,
      "y" : -6.558176,
      "z" : 4.0016108
    }, {
      "x" : -0.5331413,
      "y" : -6.658176,
      "z" : 4.1016107
    }, {
      "x" : 0.20953454,
      "y" : -0.74313945,
      "z" : 0.23445725
    }, {
      "x" : -0.19046545,
      "y" : -0.6431395,
      "z" : 0.13445726
    } ],
    "faces" : [ {
      "vertices" : [ 2, 3, 6, 7 ]
    }, {
      "vertices" : [ 0, 5, 4, 1 ]
    }, {
      "vertices" : [ 2, 4, 5, 3 ]
    }, {
      "vertices" : [ 0, 6, 3, 5 ]
    }, {
      "vertices" : [ 0, 1, 7, 6 ]
    }, {
      "vertices" : [ 1, 4, 2, 7 ]
    } ]
  }, {
    "id" : "4cdddfb5-7514-4e62-baf8-ddc7e968da29",
    "orbit" : "1",
    "orbitC" : "[[-8,5,1],[-11,7,1]]",
    "length" : "[1,0,1]",
    "name" : "short",
    "vertices" : [ {
      "x" : 5.0443144,
      "y" : 4.365937,
      "z" : -4.033109
    }, {
      "x" : 5.1443143,
      "y" : 4.465937,
      "z" : -3.6331093
    }, {
      "x" : 0.36257407,
      "y" : 0.5937375,
      "z" : -0.20295861
    }, {
      "x" : 0.26257408,
      "y" : 0.49373746,
      "z" : -0.6029586
    }, {
      "x" : 4.910981,
      "y" : 4.7659373,
      "z" : -3.7664428
    }, {
      "x" : 4.810981,
      "y" : 4.6659374,
      "z" : -4.166443
    }, {
      "x" : 0.49590743,
      "y" : 0.19373746,
      "z" : -0.46962526
    }, {
      "x" : 0.5959074,
      "y" : 0.29373747,
      "z" : -0.06962527
    } ],
    "faces" : [ {
      "vertices" : [ 2, 3, 6, 7 ]
    }, {
      "vertices" : [ 0, 5, 4, 1 ]
    }, {
      "vertices" : [ 2, 4, 5, 3 ]
    }, {
      "vertices" : [ 0, 6, 3, 5 ]
    }, {
      "vertices" : [ 0, 1, 7, 6 ]
    }, {
      "vertices" : [ 1, 4, 2, 7 ]
    } ]
  }, {
    "id" : "5ad82746-f920-4f49-a4c3-7a3706cb660e",
    "vertices" : [ {
      "x" : 0.0,
      "y" : 0.0,
      "z" : 0.0
    }, {
      "x" : -2.618034,
      "y" : 4.236068,
      "z" : -6.854102
    }, {
      "x" : 0.0,
      "y" : 8.472136,
      "z" : 0.0
    } ],
    "faces" : [ {
      "vertices" : [ 0, 1, 2 ]
    }, {
      "vertices" : [ 0, 2, 1 ]
    } ]
  }, {
    "id" : "6463798a-ee7c-4b70-b034-aeb8550499e1",
    "vertices" : [ {
      "x" : 0.0,
      "y" : 0.0,
      "z" : 0.0
    }, {
      "x" : -0.7236068,
      "y" : -7.301316,
      "z" : 4.236068
    }, {
      "x" : -6.130495,
      "y" : -12.26099,
      "z" : 0.0
    }, {
      "x" : -8.748529,
      "y" : -8.024922,
      "z" : -6.854102
    }, {
      "x" : -4.959675,
      "y" : -0.4472136,
      "z" : -6.854102
    } ],
    "faces" : [ {
      "vertices" : [ 0, 1, 2, 3, 4 ]
    }, {
      "vertices" : [ 0, 4, 3, 2, 1 ]
    } ]
  }, {
    "id" : "f1c50496-fcd1-4283-b3b8-a35ff70fd85d",
    "vertices" : [ {
      "x" : 0.0,
      "y" : 0.0,
      "z" : 0.0
    }, {
      "x" : -3.7888544,
      "y" : -7.5777087,
      "z" : 0.0
    }, {
      "x" : -8.024922,
      "y" : -0.7236068,
      "z" : -2.618034
    } ],
    "faces" : [ {
      "vertices" : [ 0, 1, 2 ]
    }, {
      "vertices" : [ 0, 2, 1 ]
    } ]
  }, {
    "id" : "2f3eba3e-a471-43d7-8a95-5a167b94cb03",
    "vertices" : [ {
      "x" : 0.0,
      "y" : 0.0,
      "z" : 0.0
    }, {
      "x" : 0.7236068,
      "y" : 7.301316,
      "z" : 4.236068
    }, {
      "x" : 4.959675,
      "y" : 0.4472136,
      "z" : 6.854102
    } ],
    "faces" : [ {
      "vertices" : [ 0, 1, 2 ]
    }, {
      "vertices" : [ 0, 2, 1 ]
    } ]
  }, {
    "id" : "ac12073a-581b-4a9c-9000-f70fda6627e0",
    "vertices" : [ {
      "x" : 0.0,
      "y" : 0.0,
      "z" : 0.0
    }, {
      "x" : 4.959675,
      "y" : 0.4472136,
      "z" : 6.854102
    }, {
      "x" : 9.195743,
      "y" : -6.4068885,
      "z" : 4.236068
    }, {
      "x" : 4.236068,
      "y" : -6.854102,
      "z" : -2.618034
    } ],
    "faces" : [ {
      "vertices" : [ 0, 1, 2, 3 ]
    }, {
      "vertices" : [ 0, 3, 2, 1 ]
    } ]
  }, {
    "id" : "7aae1e23-09c1-4ac9-a41a-8c1209808d83",
    "vertices" : [ {
      "x" : 0.0,
      "y" : 0.0,
      "z" : 0.0
    }, {
      "x" : 2.618034,
      "y" : 4.236068,
      "z" : 6.854102
    }, {
      "x" : 2.618034,
      "y" : -4.236068,
      "z" : 6.854102
    } ],
    "faces" : [ {
      "vertices" : [ 0, 1, 2 ]
    }, {
      "vertices" : [ 0, 2, 1 ]
    } ]
  }, {
    "id" : "84a0425c-f2ae-4c0f-9561-3efc47af5157",
    "vertices" : [ {
      "x" : 0.0,
      "y" : 0.0,
      "z" : 0.0
    }, {
      "x" : -2.618034,
      "y" : 4.236068,
      "z" : 6.854102
    }, {
      "x" : 0.0,
      "y" : 0.0,
      "z" : 13.708204
    }, {
      "x" : 4.236068,
      "y" : -6.854102,
      "z" : 11.09017
    }, {
      "x" : 4.236068,
      "y" : -6.854102,
      "z" : 2.618034
    } ],
    "faces" : [ {
      "vertices" : [ 0, 1, 2, 3, 4 ]
    }, {
      "vertices" : [ 0, 4, 3, 2, 1 ]
    } ]
  }, {
    "id" : "a760416b-c4fd-4e6c-bba0-3984527f52f1",
    "vertices" : [ {
      "x" : 0.0,
      "y" : 0.0,
      "z" : 0.0
    }, {
      "x" : 4.236068,
      "y" : -6.854102,
      "z" : -2.618034
    }, {
      "x" : -0.7236068,
      "y" : -7.301316,
      "z" : -9.472136
    }, {
      "x" : -4.959675,
      "y" : -0.4472136,
      "z" : -6.854102
    } ],
    "faces" : [ {
      "vertices" : [ 0, 1, 2, 3 ]
    }, {
      "vertices" : [ 0, 3, 2, 1 ]
    } ]
  }, {
    "id" : "4b348a86-2a5e-41c9-a487-bef60318f137",
    "vertices" : [ {
      "x" : 0.0,
      "y" : 0.0,
      "z" : 0.0
    }, {
      "x" : 0.0,
      "y" : -8.472136,
      "z" : 0.0
    }, {
      "x" : -2.618034,
      "y" : -4.236068,
      "z" : -6.854102
    } ],
    "faces" : [ {
      "vertices" : [ 0, 1, 2 ]
    }, {
      "vertices" : [ 0, 2, 1 ]
    } ]
  }, {
    "id" : "0c533483-3123-410e-a8aa-1d3dee350b45",
    "vertices" : [ {
      "x" : 0.0,
      "y" : 0.0,
      "z" : 0.0
    }, {
      "x" : -4.236068,
      "y" : 6.854102,
      "z" : 2.618034
    }, {
      "x" : -4.236068,
      "y" : 6.854102,
      "z" : 11.09017
    }, {
      "x" : 0.0,
      "y" : 0.0,
      "z" : 13.708204
    }, {
      "x" : 2.618034,
      "y" : -4.236068,
      "z" : 6.854102
    } ],
    "faces" : [ {
      "vertices" : [ 0, 1, 2, 3, 4 ]
    }, {
      "vertices" : [ 0, 4, 3, 2, 1 ]
    } ]
  }, {
    "id" : "f5c510c7-92ff-4bf1-a2b4-c83026d65b48",
    "vertices" : [ {
      "x" : 0.0,
      "y" : 0.0,
      "z" : 0.0
    }, {
      "x" : -4.959675,
      "y" : -0.4472136,
      "z" : -6.854102
    }, {
      "x" : -9.195743,
      "y" : 6.4068885,
      "z" : -4.236068
    }, {
      "x" : -4.236068,
      "y" : 6.854102,
      "z" : 2.618034
    } ],
    "faces" : [ {
      "vertices" : [ 0, 1, 2, 3 ]
    }, {
      "vertices" : [ 0, 3, 2, 1 ]
    } ]
  }, {
    "id" : "1d9635ed-dc78-41fe-8e48-2c52c847ca6e",
    "vertices" : [ {
      "x" : 0.0,
      "y" : 0.0,
      "z" : 0.0
    }, {
      "x" : -4.236068,
      "y" : 6.854102,
      "z" : 2.618034
    }, {
      "x" : 0.7236068,
      "y" : 7.301316,
      "z" : 9.472136
    }, {
      "x" : 4.959675,
      "y" : 0.4472136,
      "z" : 6.854102
    } ],
    "faces" : [ {
      "vertices" : [ 0, 1, 2, 3 ]
    }, {
      "vertices" : [ 0, 3, 2, 1 ]
    } ]
  } ],
  "instances" : [ {
    "shape" : "b81ac0b5-ac45-4361-8c32-5b30a68f8a64",
    "color" : "#FFFFFF",
    "position" : {
      "x" : 3.0652475,
      "y" : -13.43181,
      "z" : -4.236068
    },
    "orientation" : 42
  }, {
    "shape" : "e3c08be7-87c1-4c1e-9d17-3a3711bb1703",
    "color" : "#008EC2",
    "position" : {
      "x" : -3.7888544,
      "y" : -2.3416407,
      "z" : -13.708204
    },
    "orientation" : 21
  }, {
    "shape" : "faa75fc4-4f78-408f-b050-6ffa380f7397",
    "color" : "#FFFFFF",
    "position" : {
      "x" : 2.3416407,
      "y" : 9.91935,
      "z" : 0.0
    },
    "orientation" : 6
  }, {
    "shape" : "e3c08be7-87c1-4c1e-9d17-3a3711bb1703",
    "color" : "#008EC2",
    "position" : {
      "x" : 1.1708204,
      "y" : -1.8944272,
      "z" : 6.854102
    },
    "orientation" : 25
  }, {
    "shape" : "e3c08be7-87c1-4c1e-9d17-3a3711bb1703",
    "color" : "#008EC2",
    "position" : {
      "x" : 2.3416407,
      "y" : 9.91935,
      "z" : 0.0
    },
    "orientation" : 37
  }, {
    "shape" : "faa75fc4-4f78-408f-b050-6ffa380f7397",
    "color" : "#FFFFFF",
    "position" : {
      "x" : 4.959675,
      "y" : 5.6832814,
      "z" : -6.854102
    },
    "orientation" : 3
  }, {
    "shape" : "1d263d82-fe97-46a9-9f2a-15cdcdd85072",
    "color" : "#F2F2F2",
    "position" : {
      "x" : 1.1708204,
      "y" : -1.8944272,
      "z" : 6.854102
    }
  }, {
    "shape" : "e3c08be7-87c1-4c1e-9d17-3a3711bb1703",
    "color" : "#008EC2",
    "position" : {
      "x" : 3.0652475,
      "y" : -13.43181,
      "z" : 4.236068
    },
    "orientation" : 47
  }, {
    "shape" : "e3c08be7-87c1-4c1e-9d17-3a3711bb1703",
    "color" : "#008EC2",
    "position" : {
      "x" : -3.0652475,
      "y" : 4.959675,
      "z" : 4.236068
    },
    "orientation" : 39
  }, {
    "shape" : "1d263d82-fe97-46a9-9f2a-15cdcdd85072",
    "color" : "#F2F2F2",
    "position" : {
      "x" : 8.472136,
      "y" : -8.472136,
      "z" : 0.0
    }
  }, {
    "shape" : "e3c08be7-87c1-4c1e-9d17-3a3711bb1703",
    "color" : "#008EC2",
    "position" : {
      "x" : 0.4472136,
      "y" : -9.195743,
      "z" : 11.09017
    },
    "orientation" : 25
  }, {
    "shape" : "1d263d82-fe97-46a9-9f2a-15cdcdd85072",
    "color" : "#F2F2F2",
    "position" : {
      "x" : -3.0652475,
      "y" : 4.959675,
      "z" : -4.236068
    }
  }, {
    "shape" : "1d263d82-fe97-46a9-9f2a-15cdcdd85072",
    "color" : "#F2F2F2",
    "position" : {
      "x" : -2.618034,
      "y" : 9.472136,
      "z" : -6.854102
    }
  }, {
    "shape" : "1d263d82-fe97-46a9-9f2a-15cdcdd85072",
    "color" : "#F2F2F2",
    "position" : {
      "x" : 4.236068,
      "y" : -1.618034,
      "z" : 11.09017
    }
  }, {
    "shape" : "3054f40c-c330-4a52-a54a-eda936d90cec",
    "color" : "#B8860B",
    "position" : {
      "x" : 3.7888544,
      "y" : -6.130495,
      "z" : 0.0
    },
    "orientation" : 0
  }, {
    "shape" : "1d263d82-fe97-46a9-9f2a-15cdcdd85072",
    "color" : "#F2F2F2",
    "position" : {
      "x" : -8.024922,
      "y" : 4.512461,
      "z" : 11.09017
    }
  }, {
    "shape" : "e3c08be7-87c1-4c1e-9d17-3a3711bb1703",
    "color" : "#008EC2",
    "position" : {
      "x" : 3.7888544,
      "y" : -6.130495,
      "z" : 0.0
    },
    "orientation" : 55
  }, {
    "shape" : "1d263d82-fe97-46a9-9f2a-15cdcdd85072",
    "color" : "#F2F2F2",
    "position" : {
      "x" : 3.7888544,
      "y" : -6.130495,
      "z" : 0.0
    }
  }, {
    "shape" : "1d263d82-fe97-46a9-9f2a-15cdcdd85072",
    "color" : "#F2F2F2",
    "position" : {
      "x" : 3.0652475,
      "y" : -13.43181,
      "z" : 4.236068
    }
  }, {
    "shape" : "4cdddfb5-7514-4e62-baf8-ddc7e968da29",
    "color" : "#B0E0E6",
    "position" : {
      "x" : 4.236068,
      "y" : -1.618034,
      "z" : 11.09017
    },
    "orientation" : 33
  }, {
    "shape" : "5ad82746-f920-4f49-a4c3-7a3706cb660e",
    "color" : "#FFD98C",
    "position" : {
      "x" : -3.0652475,
      "y" : -8.748529,
      "z" : 4.236068
    },
    "orientation" : 5
  }, {
    "shape" : "6463798a-ee7c-4b70-b034-aeb8550499e1",
    "color" : "#FFFFFF",
    "position" : {
      "x" : 2.3416407,
      "y" : 9.91935,
      "z" : 0.0
    },
    "orientation" : 6
  }, {
    "shape" : "1d263d82-fe97-46a9-9f2a-15cdcdd85072",
    "color" : "#F2F2F2",
    "position" : {
      "x" : 3.0652475,
      "y" : -13.43181,
      "z" : -4.236068
    }
  }, {
    "shape" : "1d263d82-fe97-46a9-9f2a-15cdcdd85072",
    "color" : "#F2F2F2",
    "position" : {
      "x" : 4.959675,
      "y" : 5.6832814,
      "z" : 6.854102
    }
  }, {
    "shape" : "f1c50496-fcd1-4283-b3b8-a35ff70fd85d",
    "color" : "#FFFFFF",
    "position" : {
      "x" : -2.618034,
      "y" : 9.472136,
      "z" : -6.854102
    },
    "orientation" : 3
  }, {
    "shape" : "e3c08be7-87c1-4c1e-9d17-3a3711bb1703",
    "color" : "#008EC2",
    "position" : {
      "x" : 3.0652475,
      "y" : -13.43181,
      "z" : -4.236068
    },
    "orientation" : 55
  }, {
    "shape" : "3054f40c-c330-4a52-a54a-eda936d90cec",
    "color" : "#B8860B",
    "position" : {
      "x" : -3.0652475,
      "y" : 4.959675,
      "z" : -4.236068
    },
    "orientation" : 9
  }, {
    "shape" : "e3c08be7-87c1-4c1e-9d17-3a3711bb1703",
    "color" : "#008EC2",
    "position" : {
      "x" : -10.642957,
      "y" : 8.748529,
      "z" : 4.236068
    },
    "orientation" : 47
  }, {
    "shape" : "2f3eba3e-a471-43d7-8a95-5a167b94cb03",
    "color" : "#FFFFFF",
    "position" : {
      "x" : 1.1708204,
      "y" : -1.8944272,
      "z" : 6.854102
    },
    "orientation" : 30
  }, {
    "shape" : "3054f40c-c330-4a52-a54a-eda936d90cec",
    "color" : "#B8860B",
    "position" : {
      "x" : 4.959675,
      "y" : 5.6832814,
      "z" : 6.854102
    },
    "orientation" : 0
  }, {
    "shape" : "1d263d82-fe97-46a9-9f2a-15cdcdd85072",
    "color" : "#F2F2F2",
    "position" : {
      "x" : -7.301316,
      "y" : -1.8944272,
      "z" : -6.854102
    }
  }, {
    "shape" : "4cdddfb5-7514-4e62-baf8-ddc7e968da29",
    "color" : "#B0E0E6",
    "position" : {
      "x" : -8.024922,
      "y" : 4.512461,
      "z" : 11.09017
    },
    "orientation" : 0
  }, {
    "shape" : "ac12073a-581b-4a9c-9000-f70fda6627e0",
    "color" : "#D7EFF2",
    "position" : {
      "x" : 1.1708204,
      "y" : -1.8944272,
      "z" : 6.854102
    },
    "orientation" : 30
  }, {
    "shape" : "7aae1e23-09c1-4ac9-a41a-8c1209808d83",
    "color" : "#FFD98C",
    "position" : {
      "x" : 1.1708204,
      "y" : -1.8944272,
      "z" : -6.854102
    },
    "orientation" : 24
  }, {
    "shape" : "6463798a-ee7c-4b70-b034-aeb8550499e1",
    "color" : "#FFFFFF",
    "position" : {
      "x" : 4.959675,
      "y" : 5.6832814,
      "z" : 6.854102
    },
    "orientation" : 9
  }, {
    "shape" : "84a0425c-f2ae-4c0f-9561-3efc47af5157",
    "color" : "#EC888B",
    "position" : {
      "x" : 4.959675,
      "y" : 5.6832814,
      "z" : -6.854102
    },
    "orientation" : 0
  }, {
    "shape" : "a760416b-c4fd-4e6c-bba0-3984527f52f1",
    "color" : "#D7EFF2",
    "position" : {
      "x" : 3.0652475,
      "y" : -13.43181,
      "z" : 4.236068
    },
    "orientation" : 42
  }, {
    "shape" : "f1c50496-fcd1-4283-b3b8-a35ff70fd85d",
    "color" : "#FFFFFF",
    "position" : {
      "x" : 8.472136,
      "y" : -8.472136,
      "z" : 0.0
    },
    "orientation" : 12
  }, {
    "shape" : "e3c08be7-87c1-4c1e-9d17-3a3711bb1703",
    "color" : "#008EC2",
    "position" : {
      "x" : 0.4472136,
      "y" : -9.195743,
      "z" : 11.09017
    },
    "orientation" : 51
  }, {
    "shape" : "3054f40c-c330-4a52-a54a-eda936d90cec",
    "color" : "#B8860B",
    "position" : {
      "x" : 8.472136,
      "y" : -8.472136,
      "z" : 0.0
    },
    "orientation" : 33
  }, {
    "shape" : "faa75fc4-4f78-408f-b050-6ffa380f7397",
    "color" : "#FFFFFF",
    "position" : {
      "x" : -8.024922,
      "y" : 4.512461,
      "z" : -11.09017
    },
    "orientation" : 36
  }, {
    "shape" : "6463798a-ee7c-4b70-b034-aeb8550499e1",
    "color" : "#FFFFFF",
    "position" : {
      "x" : 4.959675,
      "y" : 5.6832814,
      "z" : -6.854102
    },
    "orientation" : 3
  }, {
    "shape" : "7aae1e23-09c1-4ac9-a41a-8c1209808d83",
    "color" : "#FFD98C",
    "position" : {
      "x" : -7.301316,
      "y" : -1.8944272,
      "z" : -6.854102
    },
    "orientation" : 54
  }, {
    "shape" : "e3c08be7-87c1-4c1e-9d17-3a3711bb1703",
    "color" : "#008EC2",
    "position" : {
      "x" : -3.7888544,
      "y" : -2.3416407,
      "z" : -13.708204
    },
    "orientation" : 51
  }, {
    "shape" : "4cdddfb5-7514-4e62-baf8-ddc7e968da29",
    "color" : "#B0E0E6",
    "position" : {
      "x" : 4.236068,
      "y" : -1.618034,
      "z" : 11.09017
    },
    "orientation" : 39
  }, {
    "shape" : "e3c08be7-87c1-4c1e-9d17-3a3711bb1703",
    "color" : "#008EC2",
    "position" : {
      "x" : -8.024922,
      "y" : 4.512461,
      "z" : 11.09017
    },
    "orientation" : 55
  }, {
    "shape" : "1d263d82-fe97-46a9-9f2a-15cdcdd85072",
    "color" : "#F2F2F2",
    "position" : {
      "x" : -10.642957,
      "y" : 8.748529,
      "z" : -4.236068
    }
  }, {
    "shape" : "7aae1e23-09c1-4ac9-a41a-8c1209808d83",
    "color" : "#FFD98C",
    "position" : {
      "x" : 1.1708204,
      "y" : -1.8944272,
      "z" : -6.854102
    },
    "orientation" : 22
  }, {
    "shape" : "5ad82746-f920-4f49-a4c3-7a3706cb660e",
    "color" : "#FFD98C",
    "position" : {
      "x" : -7.301316,
      "y" : -1.8944272,
      "z" : 6.854102
    },
    "orientation" : 7
  }, {
    "shape" : "3054f40c-c330-4a52-a54a-eda936d90cec",
    "color" : "#B8860B",
    "position" : {
      "x" : -3.0652475,
      "y" : 4.959675,
      "z" : -4.236068
    },
    "orientation" : 6
  }, {
    "shape" : "4cdddfb5-7514-4e62-baf8-ddc7e968da29",
    "color" : "#B0E0E6",
    "position" : {
      "x" : 0.4472136,
      "y" : -9.195743,
      "z" : -11.09017
    },
    "orientation" : 3
  }, {
    "shape" : "e3c08be7-87c1-4c1e-9d17-3a3711bb1703",
    "color" : "#008EC2",
    "position" : {
      "x" : -7.301316,
      "y" : -1.8944272,
      "z" : 6.854102
    },
    "orientation" : 0
  }, {
    "shape" : "3054f40c-c330-4a52-a54a-eda936d90cec",
    "color" : "#B8860B",
    "position" : {
      "x" : 1.1708204,
      "y" : -1.8944272,
      "z" : 6.854102
    },
    "orientation" : 0
  }, {
    "shape" : "1d263d82-fe97-46a9-9f2a-15cdcdd85072",
    "color" : "#F2F2F2",
    "position" : {
      "x" : 1.1708204,
      "y" : -1.8944272,
      "z" : -6.854102
    }
  }, {
    "shape" : "3054f40c-c330-4a52-a54a-eda936d90cec",
    "color" : "#B8860B",
    "position" : {
      "x" : 4.236068,
      "y" : -1.618034,
      "z" : -11.09017
    },
    "orientation" : 42
  }, {
    "shape" : "e3c08be7-87c1-4c1e-9d17-3a3711bb1703",
    "color" : "#008EC2",
    "position" : {
      "x" : -3.7888544,
      "y" : -2.3416407,
      "z" : 13.708204
    },
    "orientation" : 54
  }, {
    "shape" : "e3c08be7-87c1-4c1e-9d17-3a3711bb1703",
    "color" : "#008EC2",
    "position" : {
      "x" : -7.301316,
      "y" : -1.8944272,
      "z" : -6.854102
    },
    "orientation" : 9
  }, {
    "shape" : "4b348a86-2a5e-41c9-a487-bef60318f137",
    "color" : "#FFD98C",
    "position" : {
      "x" : 1.1708204,
      "y" : -1.8944272,
      "z" : -6.854102
    },
    "orientation" : 17
  }, {
    "shape" : "1d263d82-fe97-46a9-9f2a-15cdcdd85072",
    "color" : "#F2F2F2",
    "position" : {
      "x" : -3.0652475,
      "y" : 4.959675,
      "z" : 4.236068
    }
  }, {
    "shape" : "e3c08be7-87c1-4c1e-9d17-3a3711bb1703",
    "color" : "#008EC2",
    "position" : {
      "x" : 4.959675,
      "y" : 5.6832814,
      "z" : -6.854102
    },
    "orientation" : 7
  }, {
    "shape" : "e3c08be7-87c1-4c1e-9d17-3a3711bb1703",
    "color" : "#008EC2",
    "position" : {
      "x" : -7.301316,
      "y" : -1.8944272,
      "z" : -6.854102
    },
    "orientation" : 0
  }, {
    "shape" : "1d263d82-fe97-46a9-9f2a-15cdcdd85072",
    "color" : "#F2F2F2",
    "position" : {
      "x" : -3.7888544,
      "y" : -2.3416407,
      "z" : 13.708204
    }
  }, {
    "shape" : "1d263d82-fe97-46a9-9f2a-15cdcdd85072",
    "color" : "#F2F2F2",
    "position" : {
      "x" : -7.301316,
      "y" : -1.8944272,
      "z" : 6.854102
    }
  }, {
    "shape" : "1d263d82-fe97-46a9-9f2a-15cdcdd85072",
    "color" : "#F2F2F2",
    "position" : {
      "x" : -10.642957,
      "y" : 8.748529,
      "z" : 4.236068
    }
  }, {
    "shape" : "5ad82746-f920-4f49-a4c3-7a3706cb660e",
    "color" : "#FFD98C",
    "position" : {
      "x" : -9.91935,
      "y" : 2.3416407,
      "z" : 0.0
    },
    "orientation" : 4
  }, {
    "shape" : "1d263d82-fe97-46a9-9f2a-15cdcdd85072",
    "color" : "#F2F2F2",
    "position" : {
      "x" : 2.3416407,
      "y" : 9.91935,
      "z" : 0.0
    }
  }, {
    "shape" : "e3c08be7-87c1-4c1e-9d17-3a3711bb1703",
    "color" : "#008EC2",
    "position" : {
      "x" : 9.195743,
      "y" : -1.1708204,
      "z" : -4.236068
    },
    "orientation" : 54
  }, {
    "shape" : "1d263d82-fe97-46a9-9f2a-15cdcdd85072",
    "color" : "#F2F2F2",
    "position" : {
      "x" : 9.195743,
      "y" : -1.1708204,
      "z" : 4.236068
    }
  }, {
    "shape" : "e3c08be7-87c1-4c1e-9d17-3a3711bb1703",
    "color" : "#008EC2",
    "position" : {
      "x" : -3.0652475,
      "y" : 4.959675,
      "z" : -4.236068
    },
    "orientation" : 2
  }, {
    "shape" : "e3c08be7-87c1-4c1e-9d17-3a3711bb1703",
    "color" : "#008EC2",
    "position" : {
      "x" : -3.0652475,
      "y" : -8.748529,
      "z" : -4.236068
    },
    "orientation" : 11
  }, {
    "shape" : "7aae1e23-09c1-4ac9-a41a-8c1209808d83",
    "color" : "#FFD98C",
    "position" : {
      "x" : -3.0652475,
      "y" : -8.748529,
      "z" : -4.236068
    },
    "orientation" : 21
  }, {
    "shape" : "3054f40c-c330-4a52-a54a-eda936d90cec",
    "color" : "#B8860B",
    "position" : {
      "x" : 3.7888544,
      "y" : -6.130495,
      "z" : 0.0
    },
    "orientation" : 3
  }, {
    "shape" : "e3c08be7-87c1-4c1e-9d17-3a3711bb1703",
    "color" : "#008EC2",
    "position" : {
      "x" : -8.024922,
      "y" : 4.512461,
      "z" : -11.09017
    },
    "orientation" : 7
  }, {
    "shape" : "e3c08be7-87c1-4c1e-9d17-3a3711bb1703",
    "color" : "#008EC2",
    "position" : {
      "x" : -9.91935,
      "y" : 2.3416407,
      "z" : 0.0
    },
    "orientation" : 37
  }, {
    "shape" : "0c533483-3123-410e-a8aa-1d3dee350b45",
    "color" : "#EC888B",
    "position" : {
      "x" : -7.301316,
      "y" : -1.8944272,
      "z" : -6.854102
    },
    "orientation" : 30
  }, {
    "shape" : "4cdddfb5-7514-4e62-baf8-ddc7e968da29",
    "color" : "#B0E0E6",
    "position" : {
      "x" : -2.618034,
      "y" : 9.472136,
      "z" : -6.854102
    },
    "orientation" : 39
  }, {
    "shape" : "e3c08be7-87c1-4c1e-9d17-3a3711bb1703",
    "color" : "#008EC2",
    "position" : {
      "x" : -9.91935,
      "y" : 2.3416407,
      "z" : 0.0
    },
    "orientation" : 23
  }, {
    "shape" : "4cdddfb5-7514-4e62-baf8-ddc7e968da29",
    "color" : "#B0E0E6",
    "position" : {
      "x" : -10.642957,
      "y" : 8.748529,
      "z" : 4.236068
    },
    "orientation" : 9
  }, {
    "shape" : "4cdddfb5-7514-4e62-baf8-ddc7e968da29",
    "color" : "#B0E0E6",
    "position" : {
      "x" : -2.618034,
      "y" : 9.472136,
      "z" : -6.854102
    },
    "orientation" : 30
  }, {
    "shape" : "e3c08be7-87c1-4c1e-9d17-3a3711bb1703",
    "color" : "#008EC2",
    "position" : {
      "x" : -3.0652475,
      "y" : 4.959675,
      "z" : 4.236068
    },
    "orientation" : 53
  }, {
    "shape" : "7aae1e23-09c1-4ac9-a41a-8c1209808d83",
    "color" : "#FFD98C",
    "position" : {
      "x" : -9.91935,
      "y" : 2.3416407,
      "z" : 0.0
    },
    "orientation" : 1
  }, {
    "shape" : "faa75fc4-4f78-408f-b050-6ffa380f7397",
    "color" : "#FFFFFF",
    "position" : {
      "x" : 0.4472136,
      "y" : -9.195743,
      "z" : -11.09017
    },
    "orientation" : 39
  }, {
    "shape" : "e3c08be7-87c1-4c1e-9d17-3a3711bb1703",
    "color" : "#008EC2",
    "position" : {
      "x" : 1.1708204,
      "y" : -1.8944272,
      "z" : -6.854102
    },
    "orientation" : 51
  }, {
    "shape" : "6463798a-ee7c-4b70-b034-aeb8550499e1",
    "color" : "#FFFFFF",
    "position" : {
      "x" : 9.195743,
      "y" : -1.1708204,
      "z" : -4.236068
    },
    "orientation" : 0
  }, {
    "shape" : "f1c50496-fcd1-4283-b3b8-a35ff70fd85d",
    "color" : "#FFFFFF",
    "position" : {
      "x" : 4.236068,
      "y" : -1.618034,
      "z" : 11.09017
    },
    "orientation" : 9
  }, {
    "shape" : "faa75fc4-4f78-408f-b050-6ffa380f7397",
    "color" : "#FFFFFF",
    "position" : {
      "x" : 4.959675,
      "y" : 5.6832814,
      "z" : 6.854102
    },
    "orientation" : 9
  }, {
    "shape" : "e3c08be7-87c1-4c1e-9d17-3a3711bb1703",
    "color" : "#008EC2",
    "position" : {
      "x" : 1.1708204,
      "y" : -1.8944272,
      "z" : -6.854102
    },
    "orientation" : 39
  }, {
    "shape" : "f5c510c7-92ff-4bf1-a2b4-c83026d65b48",
    "color" : "#D7EFF2",
    "position" : {
      "x" : -3.7888544,
      "y" : -2.3416407,
      "z" : -13.708204
    },
    "orientation" : 36
  }, {
    "shape" : "3054f40c-c330-4a52-a54a-eda936d90cec",
    "color" : "#B8860B",
    "position" : {
      "x" : 4.959675,
      "y" : 5.6832814,
      "z" : 6.854102
    },
    "orientation" : 9
  }, {
    "shape" : "3054f40c-c330-4a52-a54a-eda936d90cec",
    "color" : "#B8860B",
    "position" : {
      "x" : 2.3416407,
      "y" : 9.91935,
      "z" : 0.0
    },
    "orientation" : 6
  }, {
    "shape" : "3054f40c-c330-4a52-a54a-eda936d90cec",
    "color" : "#B8860B",
    "position" : {
      "x" : -3.0652475,
      "y" : 4.959675,
      "z" : 4.236068
    },
    "orientation" : 9
  }, {
    "shape" : "3054f40c-c330-4a52-a54a-eda936d90cec",
    "color" : "#B8860B",
    "position" : {
      "x" : 1.1708204,
      "y" : -1.8944272,
      "z" : -6.854102
    },
    "orientation" : 6
  }, {
    "shape" : "e3c08be7-87c1-4c1e-9d17-3a3711bb1703",
    "color" : "#008EC2",
    "position" : {
      "x" : -3.0652475,
      "y" : -8.748529,
      "z" : 4.236068
    },
    "orientation" : 47
  }, {
    "shape" : "e3c08be7-87c1-4c1e-9d17-3a3711bb1703",
    "color" : "#008EC2",
    "position" : {
      "x" : 4.959675,
      "y" : 5.6832814,
      "z" : 6.854102
    },
    "orientation" : 24
  }, {
    "shape" : "2f3eba3e-a471-43d7-8a95-5a167b94cb03",
    "color" : "#FFFFFF",
    "position" : {
      "x" : -3.0652475,
      "y" : 4.959675,
      "z" : 4.236068
