{
  "field" : "golden",
  "symmetry" : "icosahedral",
  "orientations" : [ [ 1.0, 0.0, 0.0, 0.0, 0.0, 1.0, 0.0, 0.0, 0.0, 0.0, 1.0, 0.0, 0.0, 0.0, 0.0, 1.0 ], [ 0.0, 0.0, 1.0, 0.0, 1.0, 0.0, 0.0, 0.0, 0.0, 1.0, 0.0, 0.0, 0.0, 0.0, 0.0, 1.0 ], [ 0.0, 1.0, 0.0, 0.0, 0.0, 0.0, 1.0, 0.0, 1.0, 0.0, 0.0, 0.0, 0.0, 0.0, 0.0, 1.0 ], [ 0.809017, 0.309017, 0.5, 0.0, 0.309017, 0.5, -0.809017, 0.0, -0.5, 0.809017, 0.309017, 0.0, 0.0, 0.0, 0.0, 1.0 ], [ -0.5, 0.809017, 0.309017, 0.0, 0.809017, 0.309017, 0.5, 0.0, 0.309017, 0.5, -0.809017, 0.0, 0.0, 0.0, 0.0, 1.0 ], [ 0.309017, 0.5, -0.809017, 0.0, -0.5, 0.809017, 0.309017, 0.0, 0.809017, 0.309017, 0.5, 0.0, 0.0, 0.0, 0.0, 1.0 ], [ 0.5, 0.809017, 0.309017, 0.0, 0.809017, -0.309017, -0.5, 0.0, -0.309017, 0.5, -0.809017, 0.0, 0.0, 0.0, 0.0, 1.0 ], [ -0.309017, 0.5, -0.809017, 0.0, 0.5, 0.809017, 0.309017, 0.0, 0.809017, -0.309017, -0.5, 0.0, 0.0, 0.0, 0.0, 1.0 ], [ 0.809017, -0.309017, -0.5, 0.0, -0.309017, 0.5, -0.809017, 0.0, 0.5, 0.809017, 0.309017, 0.0, 0.0, 0.0, 0.0, 1.0 ], [ 0.5, 0.809017, -0.309017, 0.0, 0.809017, -0.309017, 0.5, 0.0, 0.309017, -0.5, -0.809017, 0.0, 0.0, 0.0, 0.0, 1.0 ], [ 0.309017, -0.5, -0.809017, 0.0, 0.5, 0.809017, -0.309017, 0.0, 0.809017, -0.309017, 0.5, 0.0, 0.0, 0.0, 0.0, 1.0 ], [ 0.809017, -0.309017, 0.5, 0.0, 0.309017, -0.5, -0.809017, 0.0, 0.5, 0.809017, -0.309017, 0.0, 0.0, 0.0, 0.0, 1.0 ], [ 0.809017, 0.309017, -0.5, 0.0, 0.309017, 0.5, 0.809017, 0.0, 0.5, -0.809017, 0.309017, 0.0, 0.0, 0.0, 0.0, 1.0 ], [ 0.5, -0.809017, 0.309017, 0.0, 0.809017, 0.309017, -0.5, 0.0, 0.309017, 0.5, 0.809017, 0.0, 0.0, 0.0, 0.0, 1.0 ], [ 0.309017, 0.5, 0.809017, 0.0, 0.5, -0.809017, 0.309017, 0.0, 0.809017, 0.309017, -0.5, 0.0, 0.0, 0.0, 0.0, 1.0 ], [ 1.0, 0.0, 0.0, 0.0, 0.0, -1.0, 0.0, 0.0, 0.0, 0.0, -1.0, 0.0, 0.0, 0.0, 0.0, 1.0 ], [ 0.0, 0.0, 1.0, 0.0, -1.0, 0.0, 0.0, 0.0, 0.0, -1.0, 0.0, 0.0, 0.0, 0.0, 0.0, 1.0 ], [ 0.0, 1.0, 0.0, 0.0, 0.0, 0.0, -1.0, 0.0, -1.0, 0.0, 0.0, 0.0, 0.0, 0.0, 0.0, 1.0 ], [ 0.809017, 0.309017, 0.5, 0.0, -0.309017, -0.5, 0.809017, 0.0, 0.5, -0.809017, -0.309017, 0.0, 0.0, 0.0, 0.0, 1.0 ], [ -0.5, 0.809017, 0.309017, 0.0, -0.809017, -0.309017, -0.5, 0.0, -0.309017, -0.5, 0.809017, 0.0, 0.0, 0.0, 0.0, 1.0 ], [ 0.309017, 0.5, -0.809017, 0.0, 0.5, -0.809017, -0.309017, 0.0, -0.809017, -0.309017, -0.5, 0.0, 0.0, 0.0, 0.0, 1.0 ], [ 0.5, 0.809017, 0.309017, 0.0, -0.809017, 0.309017, 0.5, 0.0, 0.309017, -0.5, 0.809017, 0.0, 0.0, 0.0, 0.0, 1.0 ], [ -0.309017, 0.5, -0.809017, 0.0, -0.5, -0.809017, -0.309017, 0.0, -0.809017, 0.309017, 0.5, 0.0, 0.0, 0.0, 0.0, 1.0 ], [ 0.809017, -0.309017, -0.5, 0.0, 0.309017, -0.5, 0.809017, 0.0, -0.5, -0.809017, -0.309017, 0.0, 0.0, 0.0, 0.0, 1.0 ], [ 0.5, 0.809017, -0.309017, 0.0, -0.809017, 0.309017, -0.5, 0.0, -0.309017, 0.5, 0.809017, 0.0, 0.0, 0.0, 0.0, 1.0 ], [ 0.309017, -0.5, -0.809017, 0.0, -0.5, -0.809017, 0.309017, 0.0, -0.809017, 0.309017, -0.5, 0.0, 0.0, 0.0, 0.0, 1.0 ], [ 0.809017, -0.309017, 0.5, 0.0, -0.309017, 0.5, 0.809017, 0.0, -0.5, -0.809017, 0.309017, 0.0, 0.0, 0.0, 0.0, 1.0 ], [ 0.809017, 0.309017, -0.5, 0.0, -0.309017, -0.5, -0.809017, 0.0, -0.5, 0.809017, -0.309017, 0.0, 0.0, 0.0, 0.0, 1.0 ], [ 0.5, -0.809017, 0.309017, 0.0, -0.809017, -0.309017, 0.5, 0.0, -0.309017, -0.5, -0.809017, 0.0, 0.0, 0.0, 0.0, 1.0 ], [ 0.309017, 0.5, 0.809017, 0.0, -0.5, 0.809017, -0.309017, 0.0, -0.809017, -0.309017, 0.5, 0.0, 0.0, 0.0, 0.0, 1.0 ], [ -1.0, 0.0, 0.0, 0.0, 0.0, -1.0, 0.0, 0.0, 0.0, 0.0, 1.0, 0.0, 0.0, 0.0, 0.0, 1.0 ], [ 0.0, 0.0, -1.0, 0.0, -1.0, 0.0, 0.0, 0.0, 0.0, 1.0, 0.0, 0.0, 0.0, 0.0, 0.0, 1.0 ], [ 0.0, -1.0, 0.0, 0.0, 0.0, 0.0, -1.0, 0.0, 1.0, 0.0, 0.0, 0.0, 0.0, 0.0, 0.0, 1.0 ], [ -0.809017, -0.309017, -0.5, 0.0, -0.309017, -0.5, 0.809017, 0.0, -0.5, 0.809017, 0.309017, 0.0, 0.0, 0.0, 0.0, 1.0 ], [ 0.5, -0.809017, -0.309017, 0.0, -0.809017, -0.309017, -0.5, 0.0, 0.309017, 0.5, -0.809017, 0.0, 0.0, 0.0, 0.0, 1.0 ], [ -0.309017, -0.5, 0.809017, 0.0, 0.5, -0.809017, -0.309017, 0.0, 0.809017, 0.309017, 0.5, 0.0, 0.0, 0.0, 0.0, 1.0 ], [ -0.5, -0.809017, -0.309017, 0.0, -0.809017, 0.309017, 0.5, 0.0, -0.309017, 0.5, -0.809017, 0.0, 0.0, 0.0, 0.0, 1.0 ], [ 0.309017, -0.5, 0.809017, 0.0, -0.5, -0.809017, -0.309017, 0.0, 0.809017, -0.309017, -0.5, 0.0, 0.0, 0.0, 0.0, 1.0 ], [ -0.809017, 0.309017, 0.5, 0.0, 0.309017, -0.5, 0.809017, 0.0, 0.5, 0.809017, 0.309017, 0.0, 0.0, 0.0, 0.0, 1.0 ], [ -0.5, -0.809017, 0.309017, 0.0, -0.809017, 0.309017, -0.5, 0.0, 0.309017, -0.5, -0.809017, 0.0, 0.0, 0.0, 0.0, 1.0 ], [ -0.309017, 0.5, 0.809017, 0.0, -0.5, -0.809017, 0.309017, 0.0, 0.809017, -0.309017, 0.5, 0.0, 0.0, 0.0, 0.0, 1.0 ], [ -0.809017, 0.309017, -0.5, 0.0, -0.309017, 0.5, 0.809017, 0.0, 0.5, 0.809017, -0.309017, 0.0, 0.0, 0.0, 0.0, 1.0 ], [ -0.809017, -0.309017, 0.5, 0.0, -0.309017, -0.5, -0.809017, 0.0, 0.5, -0.809017, 0.309017, 0.0, 0.0, 0.0, 0.0, 1.0 ], [ -0.5, 0.809017, -0.309017, 0.0, -0.809017, -0.309017, 0.5, 0.0, 0.309017, 0.5, 0.809017, 0.0, 0.0, 0.0, 0.0, 1.0 ], [ -0.309017, -0.5, -0.809017, 0.0, -0.5, 0.809017, -0.309017, 0.0, 0.809017, 0.309017, -0.5, 0.0, 0.0, 0.0, 0.0, 1.0 ], [ -1.0, 0.0, 0.0, 0.0, 0.0, 1.0, 0.0, 0.0, 0.0, 0.0, -1.0, 0.0, 0.0, 0.0, 0.0, 1.0 ], [ 0.0, 0.0, -1.0, 0.0, 1.0, 0.0, 0.0, 0.0, 0.0, -1.0, 0.0, 0.0, 0.0, 0.0, 0.0, 1.0 ], [ 0.0, -1.0, 0.0, 0.0, 0.0, 0.0, 1.0, 0.0, -1.0, 0.0, 0.0, 0.0, 0.0, 0.0, 0.0, 1.0 ], [ -0.809017, -0.309017, -0.5, 0.0, 0.309017, 0.5, -0.809017, 0.0, 0.5, -0.809017, -0.309017, 0.0, 0.0, 0.0, 0.0, 1.0 ], [ 0.5, -0.809017, -0.309017, 0.0, 0.809017, 0.309017, 0.5, 0.0, -0.309017, -0.5, 0.809017, 0.0, 0.0, 0.0, 0.0, 1.0 ], [ -0.309017, -0.5, 0.809017, 0.0, -0.5, 0.809017, 0.309017, 0.0, -0.809017, -0.309017, -0.5, 0.0, 0.0, 0.0, 0.0, 1.0 ], [ -0.5, -0.809017, -0.309017, 0.0, 0.809017, -0.309017, -0.5, 0.0, 0.309017, -0.5, 0.809017, 0.0, 0.0, 0.0, 0.0, 1.0 ], [ 0.309017, -0.5, 0.809017, 0.0, 0.5, 0.809017, 0.309017, 0.0, -0.809017, 0.309017, 0.5, 0.0, 0.0, 0.0, 0.0, 1.0 ], [ -0.809017, 0.309017, 0.5, 0.0, -0.309017, 0.5, -0.809017, 0.0, -0.5, -0.809017, -0.309017, 0.0, 0.0, 0.0, 0.0, 1.0 ], [ -0.5, -0.809017, 0.309017, 0.0, 0.809017, -0.309017, 0.5, 0.0, -0.309017, 0.5, 0.809017, 0.0, 0.0, 0.0, 0.0, 1.0 ], [ -0.309017, 0.5, 0.809017, 0.0, 0.5, 0.809017, -0.309017, 0.0, -0.809017, 0.309017, -0.5, 0.0, 0.0, 0.0, 0.0, 1.0 ], [ -0.809017, 0.309017, -0.5, 0.0, 0.309017, -0.5, -0.809017, 0.0, -0.5, -0.809017, 0.309017, 0.0, 0.0, 0.0, 0.0, 1.0 ], [ -0.809017, -0.309017, 0.5, 0.0, 0.309017, 0.5, 0.809017, 0.0, -0.5, 0.809017, -0.309017, 0.0, 0.0, 0.0, 0.0, 1.0 ], [ -0.5, 0.809017, -0.309017, 0.0, 0.809017, 0.309017, -0.5, 0.0, -0.309017, -0.5, -0.809017, 0.0, 0.0, 0.0, 0.0, 1.0 ], [ -0.309017, -0.5, -0.809017, 0.0, 0.5, -0.809017, 0.309017, 0.0, -0.809017, -0.309017, 0.5, 0.0, 0.0, 0.0, 0.0, 1.0 ] ],
  "lights" : {
    "directionalLights" : [ {
      "direction" : {
        "x" : 1.0,
        "y" : -1.0,
        "z" : -1.0
      },
      "color" : "#EBEBE4"
    }, {
      "direction" : {
        "x" : -1.0,
        "y" : 0.0,
        "z" : 0.0
      },
      "color" : "#E4E4EB"
    }, {
      "direction" : {
        "x" : 0.0,
        "y" : 0.0,
        "z" : -1.0
      },
      "color" : "#1E1E1E"
    } ],
    "backgroundColor" : "#AFC8DC",
    "ambientColor" : "#292929"
  },
  "camera" : {
    "position" : {
      "x" : -71.85148,
      "y" : -8.979273,
      "z" : 111.3275
    },
    "width" : 59.76209,
    "fieldOfView" : 0.44262874,
    "viewDistance" : 132.80469,
    "lookAtPoint" : {
      "x" : 0.0,
      "y" : 0.0,
      "z" : 0.0
    },
    "perspective" : false,
    "nearClipDistance" : 0.33201173,
    "farClipDistance" : 265.6092,
    "lookDirection" : {
      "x" : 0.5410312,
      "y" : 0.06761262,
      "z" : -0.8382799
    },
    "upDirection" : {
      "x" : 0.69034714,
      "y" : -0.604976,
      "z" : 0.3967636
    },
    "stereo" : false
  },
  "embedding" : [ 1.0, 0.0, 0.0, 0.0, 0.0, 1.0, 0.0, 0.0, 0.0, 0.0, 1.0, 0.0, 0.0, 0.0, 0.0, 1.0 ],
  "shapes" : [ {
    "id" : "9cb9dcbb-88a9-475d-8ce0-c486aca0e5aa",
    "vertices" : [ {
      "x" : 0.8959853,
      "y" : 0.13333334,
      "z" : -11.125344
    }, {
      "x" : 0.99598527,
      "y" : -0.26666668,
      "z" : -11.225345
    }, {
      "x" : 0.2748351,
      "y" : -0.13333334,
      "z" : -0.6884323
    }, {
      "x" : 0.1748351,
      "y" : 0.26666668,
      "z" : -0.58843225
    }, {
      "x" : 1.2959853,
      "y" : -0.13333334,
      "z" : -10.992011
    }, {
      "x" : 1.1959853,
      "y" : 0.26666668,
      "z" : -10.892011
    }, {
      "x" : -0.1251649,
      "y" : 0.13333334,
      "z" : -0.8217656
    }, {
      "x" : -0.025164895,
      "y" : -0.26666668,
      "z" : -0.9217656
    } ],
    "faces" : [ {
      "vertices" : [ 2, 3, 6 ]
    }, {
      "vertices" : [ 2, 6, 7 ]
    }, {
      "vertices" : [ 0, 5, 4 ]
    }, {
      "vertices" : [ 0, 4, 1 ]
    }, {
      "vertices" : [ 2, 4, 5 ]
    }, {
      "vertices" : [ 2, 5, 3 ]
    }, {
      "vertices" : [ 0, 6, 3 ]
    }, {
      "vertices" : [ 0, 3, 5 ]
    }, {
      "vertices" : [ 0, 1, 7 ]
    }, {
      "vertices" : [ 0, 7, 6 ]
    }, {
      "vertices" : [ 1, 4, 2 ]
    }, {
      "vertices" : [ 1, 2, 7 ]
    } ]
  }, {
    "id" : "454b28a0-48f1-4095-ac39-789ea824efac",
    "vertices" : [ {
      "x" : 6.1405764,
      "y" : 1.0163119,
      "z" : -1.3354102
    }, {
      "x" : 6.5086102,
      "y" : 1.1118034,
      "z" : -1.7989357
    }, {
      "x" : 1.0954915,
      "y" : 0.1545085,
      "z" : 0.059016995
    }, {
      "x" : 5.9495935,
      "y" : 1.325329,
      "z" : -1.8354102
    }, {
      "x" : 0.9045085,
      "y" : 0.4635255,
      "z" : -0.440983
    }, {
      "x" : 5.9495935,
      "y" : 0.7072949,
      "z" : -1.4534442
    }, {
      "x" : 0.9045085,
      "y" : -0.1545085,
      "z" : -0.059016995
    }, {
      "x" : 5.7586102,
      "y" : 1.0163119,
      "z" : -1.9534442
    }, {
      "x" : 6.854102,
      "y" : 1.1708204,
      "z" : -1.8944272
    }, {
      "x" : 0.3454915,
      "y" : 0.059016995,
      "z" : -0.095491506
    }, {
      "x" : 0.7135255,
      "y" : 0.1545085,
      "z" : -0.559017
    } ],
    "faces" : [ {
      "vertices" : [ 2, 9, 6 ]
    }, {
      "vertices" : [ 0, 1, 3 ]
    }, {
      "vertices" : [ 0, 5, 1 ]
    }, {
      "vertices" : [ 4, 10, 9 ]
    }, {
      "vertices" : [ 3, 7, 10 ]
    }, {
      "vertices" : [ 3, 10, 4 ]
    }, {
      "vertices" : [ 0, 3, 4 ]
    }, {
      "vertices" : [ 0, 4, 2 ]
    }, {
      "vertices" : [ 6, 9, 10 ]
    }, {
      "vertices" : [ 1, 7, 3 ]
    }, {
      "vertices" : [ 5, 6, 10 ]
    }, {
      "vertices" : [ 5, 10, 7 ]
    }, {
      "vertices" : [ 0, 2, 6 ]
    }, {
      "vertices" : [ 0, 6, 5 ]
    }, {
      "vertices" : [ 1, 5, 7 ]
    }, {
      "vertices" : [ 2, 4, 9 ]
    } ]
  }, {
    "id" : "0b3f6131-0050-4690-bb45-ad8e5ecf20ab",
    "vertices" : [ {
      "x" : 0.309017,
      "y" : -0.309017,
      "z" : -0.309017
    }, {
      "x" : 0.5,
      "y" : 0.0,
      "z" : -0.19098301
    }, {
      "x" : 0.5,
      "y" : 0.0,
      "z" : 0.19098301
    }, {
      "x" : 0.309017,
      "y" : -0.309017,
      "z" : 0.309017
    }, {
      "x" : 0.19098301,
      "y" : -0.5,
      "z" : 0.0
    }, {
      "x" : 0.0,
      "y" : 0.19098301,
      "z" : 0.5
    }, {
      "x" : 0.0,
      "y" : -0.19098301,
      "z" : 0.5
    }, {
      "x" : 0.309017,
      "y" : 0.309017,
      "z" : 0.309017
    }, {
      "x" : -0.309017,
      "y" : -0.309017,
      "z" : 0.309017
    }, {
      "x" : -0.309017,
      "y" : 0.309017,
      "z" : 0.309017
    }, {
      "x" : -0.5,
      "y" : 0.0,
      "z" : 0.19098301
    }, {
      "x" : 0.0,
      "y" : -0.19098301,
      "z" : -0.5
    }, {
      "x" : 0.0,
      "y" : 0.19098301,
      "z" : -0.5
    }, {
      "x" : 0.309017,
      "y" : 0.309017,
      "z" : -0.309017
    }, {
      "x" : -0.309017,
      "y" : -0.309017,
      "z" : -0.309017
    }, {
      "x" : -0.19098301,
      "y" : -0.5,
      "z" : 0.0
    }, {
      "x" : -0.5,
      "y" : 0.0,
      "z" : -0.19098301
    }, {
      "x" : 0.19098301,
      "y" : 0.5,
      "z" : 0.0
    }, {
      "x" : -0.309017,
      "y" : 0.309017,
      "z" : -0.309017
    }, {
      "x" : 0.0,
      "y" : 0.0,
      "z" : 0.0
    }, {
      "x" : -0.19098301,
      "y" : 0.5,
      "z" : 0.0
    } ],
    "faces" : [ {
      "vertices" : [ 12, 18, 20 ]
    }, {
      "vertices" : [ 12, 20, 17 ]
    }, {
      "vertices" : [ 12, 17, 13 ]
    }, {
      "vertices" : [ 3, 6, 8 ]
    }, {
      "vertices" : [ 3, 8, 15 ]
    }, {
      "vertices" : [ 3, 15, 4 ]
    }, {
      "vertices" : [ 0, 11, 12 ]
    }, {
      "vertices" : [ 0, 12, 13 ]
    }, {
      "vertices" : [ 0, 13, 1 ]
    }, {
      "vertices" : [ 5, 9, 10 ]
    }, {
      "vertices" : [ 5, 10, 8 ]
    }, {
      "vertices" : [ 5, 8, 6 ]
    }, {
      "vertices" : [ 2, 7, 5 ]
    }, {
      "vertices" : [ 2, 5, 6 ]
    }, {
      "vertices" : [ 2, 6, 3 ]
    }, {
      "vertices" : [ 11, 14, 16 ]
    }, {
      "vertices" : [ 11, 16, 18 ]
    }, {
      "vertices" : [ 11, 18, 12 ]
    }, {
      "vertices" : [ 1, 13, 17 ]
    }, {
      "vertices" : [ 1, 17, 7 ]
    }, {
      "vertices" : [ 1, 7, 2 ]
    }, {
      "vertices" : [ 9, 20, 18 ]
    }, {
      "vertices" : [ 9, 18, 16 ]
    }, {
      "vertices" : [ 9, 16, 10 ]
    }, {
      "vertices" : [ 0, 1, 2 ]
    }, {
      "vertices" : [ 0, 2, 3 ]
    }, {
      "vertices" : [ 0, 3, 4 ]
    }, {
      "vertices" : [ 5, 7, 17 ]
    }, {
      "vertices" : [ 5, 17, 20 ]
    }, {
      "vertices" : [ 5, 20, 9 ]
    }, {
      "vertices" : [ 0, 4, 15 ]
    }, {
      "vertices" : [ 0, 15, 14 ]
    }, {
      "vertices" : [ 0, 14, 11 ]
    }, {
      "vertices" : [ 8, 10, 16 ]
    }, {
      "vertices" : [ 8, 16, 14 ]
    }, {
      "vertices" : [ 8, 14, 15 ]
    } ]
  }, {
    "id" : "c86a4b03-af93-4908-973a-bdc2ed2f4a78",
    "vertices" : [ {
      "x" : -9.91935,
      "y" : 0.0,
      "z" : 6.130495
    }, {
      "x" : -4.959675,
      "y" : -4.236068,
      "z" : 3.0652475
    }, {
      "x" : 0.0,
      "y" : -4.236068,
      "z" : 11.09017
    } ],
    "faces" : [ {
      "vertices" : [ 0, 1, 2 ]
    }, {
      "vertices" : [ 0, 2, 1 ]
    } ]
  }, {
    "id" : "0f2d244b-53f2-4d0d-8bac-09d8143e1709",
    "vertices" : [ {
      "x" : -3.0652475,
      "y" : 11.09017,
      "z" : 1.8944272
    }, {
      "x" : -4.959675,
      "y" : 4.236068,
      "z" : 3.0652475
    }, {
      "x" : 0.0,
      "y" : 4.236068,
      "z" : 11.09017
    } ],
    "faces" : [ {
      "vertices" : [ 0, 1, 2 ]
    }, {
      "vertices" : [ 0, 2, 1 ]
    } ]
  }, {
    "id" : "5457a965-0825-413c-9891-f09a3ea393fb",
    "vertices" : [ {
      "x" : -3.0652475,
      "y" : -11.09017,
      "z" : 1.8944272
    }, {
      "x" : 1.8944272,
      "y" : -6.854102,
      "z" : -1.1708204
    }, {
      "x" : 8.024922,
      "y" : -6.854102,
      "z" : -4.959675
    }, {
      "x" : 3.0652475,
      "y" : -11.09017,
      "z" : -1.8944272
    } ],
    "faces" : [ {
      "vertices" : [ 0, 1, 2 ]
    }, {
      "vertices" : [ 0, 2, 3 ]
    }, {
      "vertices" : [ 0, 3, 2 ]
    }, {
      "vertices" : [ 0, 2, 1 ]
    } ]
  }, {
    "id" : "4694a9b5-a35d-4376-bc61-bc795d5e2fdd",
    "vertices" : [ {
      "x" : -0.98620105,
      "y" : -0.26666668,
      "z" : -9.784001
    }, {
      "x" : -0.886201,
      "y" : 0.13333334,
      "z" : -9.684001
    }, {
      "x" : -0.18461935,
      "y" : 0.26666668,
      "z" : -0.58256173
    }, {
      "x" : -0.28461936,
      "y" : -0.13333334,
      "z" : -0.6825617
    }, {
      "x" : -1.1862011,
      "y" : 0.26666668,
      "z" : -9.450668
    }, {
      "x" : -1.286201,
      "y" : -0.13333334,
      "z" : -9.550668
    }, {
      "x" : 0.015380646,
      "y" : -0.26666668,
      "z" : -0.91589504
    }, {
      "x" : 0.115380645,
      "y" : 0.13333334,
      "z" : -0.8158951
    } ],
    "faces" : [ {
      "vertices" : [ 2, 3, 6 ]
    }, {
      "vertices" : [ 2, 6, 7 ]
    }, {
      "vertices" : [ 0, 5, 4 ]
    }, {
      "vertices" : [ 0, 4, 1 ]
    }, {
      "vertices" : [ 2, 4, 5 ]
    }, {
      "vertices" : [ 2, 5, 3 ]
    }, {
      "vertices" : [ 0, 6, 3 ]
    }, {
      "vertices" : [ 0, 3, 5 ]
    }, {
      "vertices" : [ 0, 1, 7 ]
    }, {
      "vertices" : [ 0, 7, 6 ]
    }, {
      "vertices" : [ 1, 4, 2 ]
    }, {
      "vertices" : [ 1, 2, 7 ]
    } ]
  }, {
    "id" : "a3d1a645-b6a3-44e2-bddd-187f639792fc",
    "vertices" : [ {
      "x" : 8.024922,
      "y" : 6.854102,
      "z" : -4.959675
    }, {
      "x" : 6.130495,
      "y" : 0.0,
      "z" : -3.7888544
    }, {
      "x" : 0.0,
      "y" : 0.0,
      "z" : 0.0
    }, {
      "x" : 1.8944272,
      "y" : 6.854102,
      "z" : -1.1708204
    } ],
    "faces" : [ {
      "vertices" : [ 0, 1, 2 ]
    }, {
      "vertices" : [ 0, 2, 3 ]
    }, {
      "vertices" : [ 0, 3, 2 ]
    }, {
      "vertices" : [ 0, 2, 1 ]
    } ]
  }, {
    "id" : "42e4ecf8-ecbf-41c6-b387-b83a5547f366",
    "vertices" : [ {
      "x" : 0.0,
      "y" : 4.236068,
      "z" : 11.09017
    }, {
      "x" : -9.91935,
      "y" : 0.0,
      "z" : 6.130495
    }, {
      "x" : 0.0,
      "y" : -4.236068,
      "z" : 11.09017
    }, {
      "x" : 9.91935,
      "y" : 0.0,
      "z" : 16.049845
    } ],
    "faces" : [ {
      "vertices" : [ 0, 1, 2 ]
    }, {
      "vertices" : [ 0, 2, 3 ]
    }, {
      "vertices" : [ 0, 3, 2 ]
    }, {
      "vertices" : [ 0, 2, 1 ]
    } ]
  }, {
    "id" : "eba5fda8-05cd-40d7-80d9-4b30dcb90b1b",
    "vertices" : [ {
      "x" : 8.024922,
      "y" : -6.854102,
      "z" : -4.959675
    }, {
      "x" : 9.91935,
      "y" : 0.0,
      "z" : -6.130495
    }, {
      "x" : 11.09017,
      "y" : 0.0,
      "z" : 4.236068
    } ],
    "faces" : [ {
      "vertices" : [ 0, 1, 2 ]
    }, {
      "vertices" : [ 0, 2, 1 ]
    } ]
  }, {
    "id" : "b0cab52e-32f3-4735-9a42-8c44e45e93bd",
    "vertices" : [ {
      "x" : 1.8944272,
      "y" : 6.854102,
      "z" : -1.1708204
    }, {
      "x" : 6.854102,
      "y" : 6.854102,
      "z" : 6.854102
    }, {
      "x" : 9.91935,
      "y" : 0.0,
      "z" : 16.049845
    }, {
      "x" : 0.0,
      "y" : 0.0,
      "z" : 0.0
    } ],
    "faces" : [ {
      "vertices" : [ 0, 1, 2 ]
    }, {
      "vertices" : [ 0, 2, 3 ]
    }, {
      "vertices" : [ 0, 3, 2 ]
    }, {
      "vertices" : [ 0, 2, 1 ]
    } ]
  }, {
    "id" : "c68a9066-09c7-4af1-a448-1257e87cdd68",
    "vertices" : [ {
      "x" : 0.9045085,
      "y" : 0.3454915,
      "z" : 0.25
    }, {
      "x" : 7.311397,
      "y" : 4.3051662,
      "z" : 0.25
    }, {
      "x" : 7.120414,
      "y" : 4.6141834,
      "z" : 0.25
    }, {
      "x" : 0.7135255,
      "y" : 0.6545085,
      "z" : 0.25
    }, {
      "x" : 0.809017,
      "y" : 0.5,
      "z" : -0.309017
    }, {
      "x" : 0.9635255,
      "y" : 0.25,
      "z" : -0.095491506
    }, {
      "x" : 0.309017,
      "y" : 0.19098301,
      "z" : 0.0
    }, {
      "x" : 7.715905,
      "y" : 4.7686915,
      "z" : 0.0
    }, {
      "x" : 7.061397,
      "y" : 4.709675,
      "z" : -0.095491506
    }, {
      "x" : 7.215905,
      "y" : 4.459675,
      "z" : -0.309017
    }, {
      "x" : 8.024922,
      "y" : 4.959675,
      "z" : 0.0
    }, {
      "x" : 0.6545085,
      "y" : 0.75,
      "z" : -0.095491506
    }, {
      "x" : 7.370414,
      "y" : 4.209675,
      "z" : -0.095491506
    } ],
    "faces" : [ {
      "vertices" : [ 4, 11, 8 ]
    }, {
      "vertices" : [ 4, 8, 9 ]
    }, {
      "vertices" : [ 0, 1, 2 ]
    }, {
      "vertices" : [ 0, 2, 3 ]
    }, {
      "vertices" : [ 0, 3, 6 ]
    }, {
      "vertices" : [ 1, 7, 2 ]
    }, {
      "vertices" : [ 0, 6, 5 ]
    }, {
      "vertices" : [ 4, 5, 6 ]
    }, {
      "vertices" : [ 2, 7, 8 ]
    }, {
      "vertices" : [ 0, 5, 12 ]
    }, {
      "vertices" : [ 0, 12, 1 ]
    }, {
      "vertices" : [ 1, 12, 7 ]
    }, {
      "vertices" : [ 3, 11, 6 ]
    }, {
      "vertices" : [ 4, 6, 11 ]
    }, {
      "vertices" : [ 7, 9, 8 ]
    }, {
      "vertices" : [ 2, 8, 11 ]
    }, {
      "vertices" : [ 2, 11, 3 ]
    }, {
      "vertices" : [ 7, 12, 9 ]
    }, {
      "vertices" : [ 4, 9, 12 ]
    }, {
      "vertices" : [ 4, 12, 5 ]
    } ]
  }, {
    "id" : "32882265-56e7-4c60-8c32-34894256b368",
    "vertices" : [ {
      "x" : 3.0652475,
      "y" : -11.09017,
      "z" : -1.8944272
    }, {
      "x" : 6.854102,
      "y" : -6.854102,
      "z" : 6.854102
    }, {
      "x" : 8.024922,
      "y" : -6.854102,
      "z" : -4.959675
    } ],
    "faces" : [ {
      "vertices" : [ 0, 1, 2 ]
    }, {
      "vertices" : [ 0, 2, 1 ]
    } ]
  }, {
    "id" : "c3fff44b-01ab-4601-a474-9ce6f8638a8c",
    "vertices" : [ {
      "x" : -4.959675,
      "y" : 4.236068,
      "z" : 3.0652475
    }, {
      "x" : 0.0,
      "y" : 4.236068,
      "z" : 11.09017
    }, {
      "x" : 9.91935,
      "y" : 0.0,
      "z" : 16.049845
    }, {
      "x" : 0.0,
      "y" : 0.0,
      "z" : 0.0
    } ],
    "faces" : [ {
      "vertices" : [ 0, 1, 2 ]
    }, {
      "vertices" : [ 0, 2, 3 ]
    }, {
      "vertices" : [ 0, 3, 2 ]
    }, {
      "vertices" : [ 0, 2, 1 ]
    } ]
  }, {
    "id" : "eeed6333-60e0-4ae9-8e22-110cd0762508",
    "vertices" : [ {
      "x" : -8.024922,
      "y" : 6.854102,
      "z" : 4.959675
    }, {
      "x" : 0.0,
      "y" : 4.236068,
      "z" : 11.09017
    }, {
      "x" : -9.91935,
      "y" : 0.0,
      "z" : 6.130495
    } ],
    "faces" : [ {
      "vertices" : [ 0, 1, 2 ]
    }, {
      "vertices" : [ 0, 2, 1 ]
    } ]
  }, {
    "id" : "a1843076-b900-469d-8f62-88484a2c84d4",
    "vertices" : [ {
      "x" : 8.024922,
      "y" : -6.854102,
      "z" : -4.959675
    }, {
      "x" : 6.130495,
      "y" : 0.0,
      "z" : -3.7888544
    }, {
      "x" : 11.09017,
      "y" : 0.0,
      "z" : 4.236068
    } ],
    "faces" : [ {
      "vertices" : [ 0, 1, 2 ]
    }, {
      "vertices" : [ 0, 2, 1 ]
    } ]
  }, {
    "id" : "2a7b4e48-bdb4-4032-88fc-e018fe0f4dfe",
    "vertices" : [ {
      "x" : -4.959675,
      "y" : -4.236068,
      "z" : 3.0652475
    }, {
      "x" : -3.0652475,
      "y" : -11.09017,
      "z" : 1.8944272
    }, {
      "x" : 0.0,
      "y" : -4.236068,
      "z" : 11.09017
    } ],
    "faces" : [ {
      "vertices" : [ 0, 1, 2 ]
    }, {
      "vertices" : [ 0, 2, 1 ]
    } ]
  }, {
    "id" : "3e8feac6-b756-45ea-a37e-57a167a0ef63",
    "vertices" : [ {
      "x" : -3.0652475,
      "y" : 11.09017,
      "z" : 1.8944272
    }, {
      "x" : 1.8944272,
      "y" : 6.854102,
      "z" : -1.1708204
    }, {
      "x" : 0.0,
      "y" : 0.0,
      "z" : 0.0
    }, {
      "x" : -4.959675,
      "y" : 4.236068,
      "z" : 3.0652475
    } ],
    "faces" : [ {
      "vertices" : [ 0, 1, 2 ]
    }, {
      "vertices" : [ 0, 2, 3 ]
    }, {
      "vertices" : [ 0, 3, 2 ]
    }, {
      "vertices" : [ 0, 2, 1 ]
    } ]
  }, {
    "id" : "b28094e8-e02d-4905-afb3-1c8818b3a3d0",
    "vertices" : [ {
      "x" : -9.91935,
      "y" : 0.0,
      "z" : 6.130495
    }, {
      "x" : -4.959675,
      "y" : -4.236068,
      "z" : 3.0652475
    }, {
      "x" : -3.0652475,
      "y" : -11.09017,
      "z" : 1.8944272
    }, {
      "x" : -8.024922,
      "y" : -6.854102,
      "z" : 4.959675
    } ],
    "faces" : [ {
      "vertices" : [ 0, 1, 2 ]
    }, {
      "vertices" : [ 0, 2, 3 ]
    }, {
      "vertices" : [ 0, 3, 2 ]
    }, {
      "vertices" : [ 0, 2, 1 ]
    } ]
  }, {
    "id" : "28ea0573-26ac-43ef-8656-2a62e6ec6633",
    "vertices" : [ {
      "x" : 6.130495,
      "y" : 0.0,
      "z" : -3.7888544
    }, {
      "x" : 8.024922,
      "y" : 6.854102,
      "z" : -4.959675
    }, {
      "x" : 11.09017,
      "y" : 0.0,
      "z" : 4.236068
    } ],
    "faces" : [ {
      "vertices" : [ 0, 1, 2 ]
    }, {
      "vertices" : [ 0, 2, 1 ]
    } ]
  }, {
    "id" : "bdf70ffb-2dcb-4d1e-8e43-126cc8d05088",
    "vertices" : [ {
      "x" : 8.024922,
      "y" : -6.854102,
      "z" : -4.959675
    }, {
      "x" : 6.130495,
      "y" : 0.0,
      "z" : -3.7888544
    }, {
      "x" : 8.024922,
      "y" : 6.854102,
      "z" : -4.959675
    }, {
      "x" : 9.91935,
      "y" : 0.0,
      "z" : -6.130495
    } ],
    "faces" : [ {
      "vertices" : [ 0, 1, 2 ]
    }, {
      "vertices" : [ 0, 2, 3 ]
    }, {
      "vertices" : [ 0, 3, 2 ]
    }, {
      "vertices" : [ 0, 2, 1 ]
    } ]
  }, {
    "id" : "4032ed4b-6625-4824-b6ed-33c5864b2320",
    "vertices" : [ {
      "x" : 11.09017,
      "y" : 0.0,
      "z" : 4.236068
    }, {
      "x" : 8.024922,
      "y" : 6.854102,
      "z" : -4.959675
    }, {
      "x" : 6.854102,
      "y" : 6.854102,
      "z" : 6.854102
    }, {
      "x" : 9.91935,
      "y" : 0.0,
      "z" : 16.049845
    } ],
    "faces" : [ {
      "vertices" : [ 0, 1, 2 ]
    }, {
      "vertices" : [ 0, 2, 3 ]
    }, {
      "vertices" : [ 0, 3, 2 ]
    }, {
      "vertices" : [ 0, 2, 1 ]
    } ]
  }, {
    "id" : "70cfb418-b34a-42c2-8725-a28a0ebf1876",
    "vertices" : [ {
      "x" : -9.91935,
      "y" : 0.0,
      "z" : 6.130495
    }, {
      "x" : -4.959675,
      "y" : 4.236068,
      "z" : 3.0652475
    }, {
      "x" : 0.0,
      "y" : 0.0,
      "z" : 0.0
    }, {
      "x" : -4.959675,
      "y" : -4.236068,
      "z" : 3.0652475
    } ],
    "faces" : [ {
      "vertices" : [ 0, 1, 2 ]
    }, {
      "vertices" : [ 0, 2, 3 ]
    }, {
      "vertices" : [ 0, 3, 2 ]
    }, {
      "vertices" : [ 0, 2, 1 ]
    } ]
  }, {
    "id" : "902db058-36bc-4a7a-ba53-52b659b7d177",
    "vertices" : [ {
      "x" : 6.854102,
      "y" : 6.854102,
      "z" : 6.854102
    }, {
      "x" : -3.0652475,
      "y" : 11.09017,
      "z" : 1.8944272
    }, {
      "x" : 0.0,
      "y" : 4.236068,
      "z" : 11.09017
    }, {
      "x" : 9.91935,
      "y" : 0.0,
      "z" : 16.049845
    } ],
    "faces" : [ {
      "vertices" : [ 0, 1, 2 ]
    }, {
      "vertices" : [ 0, 2, 3 ]
    }, {
      "vertices" : [ 0, 3, 2 ]
    }, {
      "vertices" : [ 0, 2, 1 ]
    } ]
  }, {
    "id" : "3caf1dc7-4719-4bce-a293-bfc75fb78a3a",
    "vertices" : [ {
      "x" : 1.8944272,
      "y" : 6.854102,
      "z" : -1.1708204
    }, {
      "x" : -3.0652475,
      "y" : 11.09017,
      "z" : 1.8944272
    }, {
      "x" : 6.854102,
      "y" : 6.854102,
      "z" : 6.854102
    } ],
    "faces" : [ {
      "vertices" : [ 0, 1, 2 ]
    }, {
      "vertices" : [ 0, 2, 1 ]
    } ]
  }, {
    "id" : "0c65b1c0-9202-42fc-827e-4853510a401a",
    "vertices" : [ {
      "x" : 8.024922,
      "y" : 6.854102,
      "z" : -4.959675
    }, {
      "x" : 1.8944272,
      "y" : 6.854102,
      "z" : -1.1708204
    }, {
      "x" : -3.0652475,
      "y" : 11.09017,
      "z" : 1.8944272
    }, {
      "x" : 3.0652475,
      "y" : 11.09017,
      "z" : -1.8944272
    } ],
    "faces" : [ {
      "vertices" : [ 0, 1, 2 ]
    }, {
      "vertices" : [ 0, 2, 3 ]
    }, {
      "vertices" : [ 0, 3, 2 ]
    }, {
      "vertices" : [ 0, 2, 1 ]
    } ]
  }, {
    "id" : "a5b19302-e11a-4a3d-ab24-51a4d3e9a6e6",
    "vertices" : [ {
      "x" : 0.0,
      "y" : -4.236068,
      "z" : 11.09017
    }, {
      "x" : -3.0652475,
      "y" : -11.09017,
      "z" : 1.8944272
    }, {
      "x" : 6.854102,
      "y" : -6.854102,
      "z" : 6.854102
    }, {
      "x" : 9.91935,
      "y" : 0.0,
      "z" : 16.049845
    } ],
    "faces" : [ {
      "vertices" : [ 0, 1, 2 ]
    }, {
      "vertices" : [ 0, 2, 3 ]
    }, {
      "vertices" : [ 0, 3, 2 ]
    }, {
      "vertices" : [ 0, 2, 1 ]
    } ]
  }, {
    "id" : "7530e3c0-c4bc-48a5-a0f5-b9bc608baf3b",
    "vertices" : [ {
      "x" : -3.0652475,
      "y" : -11.09017,
      "z" : 1.8944272
    }, {
      "x" : 3.0652475,
      "y" : -11.09017,
      "z" : -1.8944272
    }, {
      "x" : 6.854102,
      "y" : -6.854102,
      "z" : 6.854102
    } ],
    "faces" : [ {
      "vertices" : [ 0, 1, 2 ]
    }, {
      "vertices" : [ 0, 2, 1 ]
    } ]
  }, {
    "id" : "b6146313-bed4-4a9c-87c7-e1d2bb7db199",
    "vertices" : [ {
      "x" : 8.024922,
      "y" : 6.854102,
      "z" : -4.959675
    }, {
      "x" : 1.8944272,
      "y" : 6.854102,
      "z" : -1.1708204
    }, {
      "x" : 6.854102,
      "y" : 6.854102,
      "z" : 6.854102
    } ],
    "faces" : [ {
      "vertices" : [ 0, 1, 2 ]
    }, {
      "vertices" : [ 0, 2, 1 ]
    } ]
  }, {
    "id" : "e02c6224-e354-4fb1-819c-77e0779f1765",
    "vertices" : [ {
      "x" : -9.91935,
      "y" : 0.0,
      "z" : 6.130495
    }, {
      "x" : -8.024922,
      "y" : -6.854102,
      "z" : 4.959675
    }, {
      "x" : 0.0,
      "y" : -4.236068,
      "z" : 11.09017
    } ],
    "faces" : [ {
      "vertices" : [ 0, 1, 2 ]
    }, {
      "vertices" : [ 0, 2, 1 ]
    } ]
  }, {
    "id" : "ca8ab40f-5da5-4f37-a3ec-a9ef4056aa35",
    "vertices" : [ {
      "x" : -8.024922,
      "y" : -6.854102,
      "z" : 4.959675
    }, {
      "x" : 0.0,
      "y" : -4.236068,
      "z" : 11.09017
    }, {
      "x" : -3.0652475,
      "y" : -11.09017,
      "z" : 1.8944272
    } ],
    "faces" : [ {
      "vertices" : [ 0, 1, 2 ]
    }, {
      "vertices" : [ 0, 2, 1 ]
    } ]
  }, {
    "id" : "8793f434-9f8e-493a-b821-0f9264ab3e13",
    "vertices" : [ {
      "x" : 0.9045085,
      "y" : 0.3454915,
      "z" : 0.25
    }, {
      "x" : 15.336319,
      "y" : 9.264841,
      "z" : 0.25
    }, {
      "x" : 15.145336,
      "y" : 9.573858,
      "z" : 0.25
    }, {
      "x" : 0.7135255,
      "y" : 0.6545085,
      "z" : 0.25
    }, {
      "x" : 0.809017,
      "y" : 0.5,
      "z" : -0.309017
    }, {
      "x" : 0.9635255,
      "y" : 0.25,
      "z" : -0.095491506
    }, {
      "x" : 0.309017,
      "y" : 0.19098301,
      "z" : 0.0
    }, {
      "x" : 15.740828,
      "y" : 9.728367,
      "z" : 0.0
    }, {
      "x" : 15.086319,
      "y" : 9.66935,
      "z" : -0.095491506
    }, {
      "x" : 15.240828,
      "y" : 9.41935,
      "z" : -0.309017
    }, {
      "x" : 16.049845,
      "y" : 9.91935,
      "z" : 0.0
    }, {
      "x" : 0.6545085,
      "y" : 0.75,
      "z" : -0.095491506
    }, {
      "x" : 15.395336,
      "y" : 9.16935,
      "z" : -0.095491506
    } ],
    "faces" : [ {
      "vertices" : [ 4, 11, 8 ]
    }, {
      "vertices" : [ 4, 8, 9 ]
    }, {
      "vertices" : [ 0, 1, 2 ]
    }, {
      "vertices" : [ 0, 2, 3 ]
    }, {
      "vertices" : [ 0, 3, 6 ]
    }, {
      "vertices" : [ 1, 7, 2 ]
    }, {
      "vertices" : [ 0, 6, 5 ]
    }, {
      "vertices" : [ 4, 5, 6 ]
    }, {
      "vertices" : [ 2, 7, 8 ]
    }, {
      "vertices" : [ 0, 5, 12 ]
    }, {
      "vertices" : [ 0, 12, 1 ]
    }, {
      "vertices" : [ 1, 12, 7 ]
    }, {
      "vertices" : [ 3, 11, 6 ]
    }, {
      "vertices" : [ 4, 6, 11 ]
    }, {
      "vertices" : [ 7, 9, 8 ]
    }, {
      "vertices" : [ 2, 8, 11 ]
    }, {
      "vertices" : [ 2, 11, 3 ]
    }, {
      "vertices" : [ 7, 12, 9 ]
    }, {
      "vertices" : [ 4, 9, 12 ]
    }, {
      "vertices" : [ 4, 12, 5 ]
    } ]
  }, {
    "id" : "4f3fb748-fd39-42e6-9ce4-b6b698ad2ff9",
    "vertices" : [ {
      "x" : -3.0652475,
      "y" : -11.09017,
      "z" : 1.8944272
    }, {
      "x" : 1.8944272,
      "y" : -6.854102,
      "z" : -1.1708204
    }, {
      "x" : 6.854102,
      "y" : -6.854102,
      "z" : 6.854102
    } ],
    "faces" : [ {
      "vertices" : [ 0, 1, 2 ]
    }, {
      "vertices" : [ 0, 2, 1 ]
    } ]
  }, {
    "id" : "cb36132d-f9bb-4f33-9697-71c8901e7b0e",
    "vertices" : [ {
      "x" : -3.0652475,
      "y" : 11.09017,
      "z" : 1.8944272
    }, {
      "x" : -8.024922,
      "y" : 6.854102,
      "z" : 4.959675
    }, {
      "x" : 0.0,
      "y" : 4.236068,
      "z" : 11.09017
    } ],
    "faces" : [ {
      "vertices" : [ 0, 1, 2 ]
    }, {
      "vertices" : [ 0, 2, 1 ]
    } ]
  }, {
    "id" : "edecb385-b6bc-47a5-a4c6-f37e6decec2e",
    "vertices" : [ {
      "x" : 6.130495,
      "y" : 0.0,
      "z" : -3.7888544
    }, {
      "x" : 11.09017,
      "y" : 0.0,
      "z" : 4.236068
    }, {
      "x" : 9.91935,
      "y" : 0.0,
      "z" : 16.049845
    }, {
      "x" : 0.0,
      "y" : 0.0,
      "z" : 0.0
    } ],
    "faces" : [ {
      "vertices" : [ 0, 1, 2 ]
    }, {
      "vertices" : [ 0, 2, 3 ]
    }, {
      "vertices" : [ 0, 3, 2 ]
    }, {
      "vertices" : [ 0, 2, 1 ]
    } ]
  }, {
    "id" : "54e09cb2-d084-403e-a883-c3dd1e32cdba",
    "vertices" : [ {
      "x" : -3.0652475,
      "y" : -11.09017,
      "z" : 1.8944272
    }, {
      "x" : -4.959675,
      "y" : -4.236068,
      "z" : 3.0652475
    }, {
      "x" : 0.0,
      "y" : 0.0,
      "z" : 0.0
    }, {
      "x" : 1.8944272,
      "y" : -6.854102,
      "z" : -1.1708204
    } ],
    "faces" : [ {
      "vertices" : [ 0, 1, 2 ]
    }, {
      "vertices" : [ 0, 2, 3 ]
    }, {
      "vertices" : [ 0, 3, 2 ]
    }, {
      "vertices" : [ 0, 2, 1 ]
    } ]
  }, {
    "id" : "fb3e8e92-2d12-44ee-ae61-882e9fc0c280",
    "vertices" : [ {
      "x" : 6.854102,
      "y" : -6.854102,
      "z" : 6.854102
    }, {
      "x" : 8.024922,
      "y" : -6.854102,
      "z" : -4.959675
    }, {
      "x" : 11.09017,
      "y" : 0.0,
      "z" : 4.236068
    }, {
      "x" : 9.91935,
      "y" : 0.0,
      "z" : 16.049845
    } ],
    "faces" : [ {
      "vertices" : [ 0, 1, 2 ]
    }, {
      "vertices" : [ 0, 2, 3 ]
    }, {
      "vertices" : [ 0, 3, 2 ]
    }, {
      "vertices" : [ 0, 2, 1 ]
    } ]
  }, {
    "id" : "3d54d938-d950-470f-9de6-1d78c2a35f9d",
    "vertices" : [ {
      "x" : -4.959675,
      "y" : -4.236068,
      "z" : 3.0652475
    }, {
      "x" : 0.0,
      "y" : -4.236068,
      "z" : 11.09017
    }, {
      "x" : 9.91935,
      "y" : 0.0,
      "z" : 16.049845
    }, {
      "x" : 0.0,
      "y" : 0.0,
      "z" : 0.0
    } ],
    "faces" : [ {
      "vertices" : [ 0, 1, 2 ]
    }, {
      "vertices" : [ 0, 2, 3 ]
    }, {
      "vertices" : [ 0, 3, 2 ]
    }, {
      "vertices" : [ 0, 2, 1 ]
    } ]
  }, {
    "id" : "711e7fa4-3b1e-4e7f-a489-7220efce34f0",
    "vertices" : [ {
      "x" : 9.91935,
      "y" : 0.0,
      "z" : -6.130495
    }, {
      "x" : 11.09017,
      "y" : 0.0,
      "z" : 4.236068
    }, {
      "x" : 8.024922,
      "y" : 6.854102,
      "z" : -4.959675
    } ],
    "faces" : [ {
      "vertices" : [ 0, 1, 2 ]
    }, {
      "vertices" : [ 0, 2, 1 ]
    } ]
  }, {
    "id" : "6b8d6bd7-bebc-4e45-83cd-69afe2da75bf",
    "vertices" : [ {
      "x" : -4.959675,
      "y" : 4.236068,
      "z" : 3.0652475
    }, {
      "x" : -9.91935,
      "y" : 0.0,
      "z" : 6.130495
    }, {
      "x" : 0.0,
      "y" : 4.236068,
      "z" : 11.09017
    } ],
    "faces" : [ {
      "vertices" : [ 0, 1, 2 ]
    }, {
      "vertices" : [ 0, 2, 1 ]
    } ]
  }, {
    "id" : "bc596168-860e-4369-9793-f752d9c2a165",
    "vertices" : [ {
      "x" : 8.024922,
      "y" : 6.854102,
      "z" : -4.959675
    }, {
      "x" : 3.0652475,
      "y" : 11.09017,
      "z" : -1.8944272
    }, {
      "x" : 6.854102,
      "y" : 6.854102,
      "z" : 6.854102
    } ],
    "faces" : [ {
      "vertices" : [ 0, 1, 2 ]
    }, {
      "vertices" : [ 0, 2, 1 ]
    } ]
  }, {
    "id" : "7b2f4773-b2f8-4ff1-89bb-7a2b69f90594",
    "vertices" : [ {
      "x" : 8.024922,
      "y" : -6.854102,
      "z" : -4.959675
    }, {
      "x" : 1.8944272,
      "y" : -6.854102,
      "z" : -1.1708204
    }, {
      "x" : 0.0,
      "y" : 0.0,
      "z" : 0.0
    }, {
      "x" : 6.130495,
      "y" : 0.0,
      "z" : -3.7888544
    } ],
    "faces" : [ {
      "vertices" : [ 0, 1, 2 ]
    }, {
      "vertices" : [ 0, 2, 3 ]
    }, {
      "vertices" : [ 0, 3, 2 ]
    }, {
      "vertices" : [ 0, 2, 1 ]
    } ]
  }, {
    "id" : "501ee555-9326-46a0-aa5c-6f6b14b1b01b",
    "vertices" : [ {
      "x" : -3.0652475,
      "y" : 11.09017,
      "z" : 1.8944272
    }, {
      "x" : -4.959675,
      "y" : 4.236068,
      "z" : 3.0652475
    }, {
      "x" : -9.91935,
      "y" : 0.0,
      "z" : 6.130495
    }, {
      "x" : -8.024922,
      "y" : 6.854102,
      "z" : 4.959675
    } ],
    "faces" : [ {
      "vertices" : [ 0, 1, 2 ]
    }, {
      "vertices" : [ 0, 2, 3 ]
    }, {
      "vertices" : [ 0, 3, 2 ]
    }, {
      "vertices" : [ 0, 2, 1 ]
    } ]
  }, {
    "id" : "53ba86be-be21-42f6-831f-bf46df76910c",
    "vertices" : [ {
      "x" : 1.8944272,
      "y" : -6.854102,
      "z" : -1.1708204
    }, {
      "x" : 8.024922,
      "y" : -6.854102,
      "z" : -4.959675
    }, {
      "x" : 6.854102,
      "y" : -6.854102,
      "z" : 6.854102
    } ],
    "faces" : [ {
      "vertices" : [ 0, 1, 2 ]
    }, {
      "vertices" : [ 0, 2, 1 ]
    } ]
  }, {
    "id" : "fa119053-0a8d-4dbc-b242-e7cf815c2719",
    "vertices" : [ {
      "x" : 3.0652475,
      "y" : 11.09017,
      "z" : -1.8944272
    }, {
      "x" : 6.854102,
      "y" : 6.854102,
      "z" : 6.854102
    }, {
      "x" : -3.0652475,
      "y" : 11.09017,
      "z" : 1.8944272
    } ],
    "faces" : [ {
      "vertices" : [ 0, 1, 2 ]
    }, {
      "vertices" : [ 0, 2, 1 ]
    } ]
  }, {
    "id" : "900b833e-f11b-4ac2-88dc-c8ff8757298c",
    "vertices" : [ {
      "x" : 9.91935,
      "y" : 0.0,
      "z" : 16.049845
    }, {
      "x" : 6.854102,
      "y" : -6.854102,
      "z" : 6.854102
    }, {
      "x" : 1.8944272,
      "y" : -6.854102,
      "z" : -1.1708204
    }, {
      "x" : 0.0,
      "y" : 0.0,
      "z" : 0.0
    } ],
    "faces" : [ {
      "vertices" : [ 0, 1, 2 ]
    }, {
      "vertices" : [ 0, 2, 3 ]
    }, {
      "vertices" : [ 0, 3, 2 ]
    }, {
      "vertices" : [ 0, 2, 1 ]
    } ]
  } ],
  "instances" : [ {
    "shape" : "9cb9dcbb-88a9-475d-8ce0-c486aca0e5aa",
    "color" : "#FFFFFF",
    "position" : {
      "x" : 0.0,
      "y" : 4.236068,
      "z" : 11.09017
    },
    "orientation" : 40
  }, {
    "shape" : "454b28a0-48f1-4095-ac39-789ea824efac",
    "color" : "#DC4C00",
    "position" : {
      "x" : 8.024922,
      "y" : 6.854102,
      "z" : -4.959675
    },
    "orientation" : 43
  }, {
    "shape" : "0b3f6131-0050-4690-bb45-ad8e5ecf20ab",
    "color" : "#FFFFFF",
    "position" : {
      "x" : -8.024922,
      "y" : 6.854102,
      "z" : 4.959675
    }
  }, {
    "shape" : "c86a4b03-af93-4908-973a-bdc2ed2f4a78",
    "color" : "#FFFF00",
    "position" : {
      "x" : 0.0,
      "y" : 0.0,
      "z" : 0.0
    }
  }, {
