{
  "polygons" : "true",
  "field" : "golden",
  "symmetry" : "icosahedral",
  "orientations" : [ [ 1.0, 0.0, 0.0, 0.0, 0.0, 1.0, 0.0, 0.0, 0.0, 0.0, 1.0, 0.0, 0.0, 0.0, 0.0, 1.0 ], [ 0.0, 0.0, 1.0, 0.0, 1.0, 0.0, 0.0, 0.0, 0.0, 1.0, 0.0, 0.0, 0.0, 0.0, 0.0, 1.0 ], [ 0.0, 1.0, 0.0, 0.0, 0.0, 0.0, 1.0, 0.0, 1.0, 0.0, 0.0, 0.0, 0.0, 0.0, 0.0, 1.0 ], [ 0.809017, 0.309017, 0.5, 0.0, 0.309017, 0.5, -0.809017, 0.0, -0.5, 0.809017, 0.309017, 0.0, 0.0, 0.0, 0.0, 1.0 ], [ -0.5, 0.809017, 0.309017, 0.0, 0.809017, 0.309017, 0.5, 0.0, 0.309017, 0.5, -0.809017, 0.0, 0.0, 0.0, 0.0, 1.0 ], [ 0.309017, 0.5, -0.809017, 0.0, -0.5, 0.809017, 0.309017, 0.0, 0.809017, 0.309017, 0.5, 0.0, 0.0, 0.0, 0.0, 1.0 ], [ 0.5, 0.809017, 0.309017, 0.0, 0.809017, -0.309017, -0.5, 0.0, -0.309017, 0.5, -0.809017, 0.0, 0.0, 0.0, 0.0, 1.0 ], [ -0.309017, 0.5, -0.809017, 0.0, 0.5, 0.809017, 0.309017, 0.0, 0.809017, -0.309017, -0.5, 0.0, 0.0, 0.0, 0.0, 1.0 ], [ 0.809017, -0.309017, -0.5, 0.0, -0.309017, 0.5, -0.809017, 0.0, 0.5, 0.809017, 0.309017, 0.0, 0.0, 0.0, 0.0, 1.0 ], [ 0.5, 0.809017, -0.309017, 0.0, 0.809017, -0.309017, 0.5, 0.0, 0.309017, -0.5, -0.809017, 0.0, 0.0, 0.0, 0.0, 1.0 ], [ 0.309017, -0.5, -0.809017, 0.0, 0.5, 0.809017, -0.309017, 0.0, 0.809017, -0.309017, 0.5, 0.0, 0.0, 0.0, 0.0, 1.0 ], [ 0.809017, -0.309017, 0.5, 0.0, 0.309017, -0.5, -0.809017, 0.0, 0.5, 0.809017, -0.309017, 0.0, 0.0, 0.0, 0.0, 1.0 ], [ 0.809017, 0.309017, -0.5, 0.0, 0.309017, 0.5, 0.809017, 0.0, 0.5, -0.809017, 0.309017, 0.0, 0.0, 0.0, 0.0, 1.0 ], [ 0.5, -0.809017, 0.309017, 0.0, 0.809017, 0.309017, -0.5, 0.0, 0.309017, 0.5, 0.809017, 0.0, 0.0, 0.0, 0.0, 1.0 ], [ 0.309017, 0.5, 0.809017, 0.0, 0.5, -0.809017, 0.309017, 0.0, 0.809017, 0.309017, -0.5, 0.0, 0.0, 0.0, 0.0, 1.0 ], [ 1.0, 0.0, 0.0, 0.0, 0.0, -1.0, 0.0, 0.0, 0.0, 0.0, -1.0, 0.0, 0.0, 0.0, 0.0, 1.0 ], [ 0.0, 0.0, 1.0, 0.0, -1.0, 0.0, 0.0, 0.0, 0.0, -1.0, 0.0, 0.0, 0.0, 0.0, 0.0, 1.0 ], [ 0.0, 1.0, 0.0, 0.0, 0.0, 0.0, -1.0, 0.0, -1.0, 0.0, 0.0, 0.0, 0.0, 0.0, 0.0, 1.0 ], [ 0.809017, 0.309017, 0.5, 0.0, -0.309017, -0.5, 0.809017, 0.0, 0.5, -0.809017, -0.309017, 0.0, 0.0, 0.0, 0.0, 1.0 ], [ -0.5, 0.809017, 0.309017, 0.0, -0.809017, -0.309017, -0.5, 0.0, -0.309017, -0.5, 0.809017, 0.0, 0.0, 0.0, 0.0, 1.0 ], [ 0.309017, 0.5, -0.809017, 0.0, 0.5, -0.809017, -0.309017, 0.0, -0.809017, -0.309017, -0.5, 0.0, 0.0, 0.0, 0.0, 1.0 ], [ 0.5, 0.809017, 0.309017, 0.0, -0.809017, 0.309017, 0.5, 0.0, 0.309017, -0.5, 0.809017, 0.0, 0.0, 0.0, 0.0, 1.0 ], [ -0.309017, 0.5, -0.809017, 0.0, -0.5, -0.809017, -0.309017, 0.0, -0.809017, 0.309017, 0.5, 0.0, 0.0, 0.0, 0.0, 1.0 ], [ 0.809017, -0.309017, -0.5, 0.0, 0.309017, -0.5, 0.809017, 0.0, -0.5, -0.809017, -0.309017, 0.0, 0.0, 0.0, 0.0, 1.0 ], [ 0.5, 0.809017, -0.309017, 0.0, -0.809017, 0.309017, -0.5, 0.0, -0.309017, 0.5, 0.809017, 0.0, 0.0, 0.0, 0.0, 1.0 ], [ 0.309017, -0.5, -0.809017, 0.0, -0.5, -0.809017, 0.309017, 0.0, -0.809017, 0.309017, -0.5, 0.0, 0.0, 0.0, 0.0, 1.0 ], [ 0.809017, -0.309017, 0.5, 0.0, -0.309017, 0.5, 0.809017, 0.0, -0.5, -0.809017, 0.309017, 0.0, 0.0, 0.0, 0.0, 1.0 ], [ 0.809017, 0.309017, -0.5, 0.0, -0.309017, -0.5, -0.809017, 0.0, -0.5, 0.809017, -0.309017, 0.0, 0.0, 0.0, 0.0, 1.0 ], [ 0.5, -0.809017, 0.309017, 0.0, -0.809017, -0.309017, 0.5, 0.0, -0.309017, -0.5, -0.809017, 0.0, 0.0, 0.0, 0.0, 1.0 ], [ 0.309017, 0.5, 0.809017, 0.0, -0.5, 0.809017, -0.309017, 0.0, -0.809017, -0.309017, 0.5, 0.0, 0.0, 0.0, 0.0, 1.0 ], [ -1.0, 0.0, 0.0, 0.0, 0.0, -1.0, 0.0, 0.0, 0.0, 0.0, 1.0, 0.0, 0.0, 0.0, 0.0, 1.0 ], [ 0.0, 0.0, -1.0, 0.0, -1.0, 0.0, 0.0, 0.0, 0.0, 1.0, 0.0, 0.0, 0.0, 0.0, 0.0, 1.0 ], [ 0.0, -1.0, 0.0, 0.0, 0.0, 0.0, -1.0, 0.0, 1.0, 0.0, 0.0, 0.0, 0.0, 0.0, 0.0, 1.0 ], [ -0.809017, -0.309017, -0.5, 0.0, -0.309017, -0.5, 0.809017, 0.0, -0.5, 0.809017, 0.309017, 0.0, 0.0, 0.0, 0.0, 1.0 ], [ 0.5, -0.809017, -0.309017, 0.0, -0.809017, -0.309017, -0.5, 0.0, 0.309017, 0.5, -0.809017, 0.0, 0.0, 0.0, 0.0, 1.0 ], [ -0.309017, -0.5, 0.809017, 0.0, 0.5, -0.809017, -0.309017, 0.0, 0.809017, 0.309017, 0.5, 0.0, 0.0, 0.0, 0.0, 1.0 ], [ -0.5, -0.809017, -0.309017, 0.0, -0.809017, 0.309017, 0.5, 0.0, -0.309017, 0.5, -0.809017, 0.0, 0.0, 0.0, 0.0, 1.0 ], [ 0.309017, -0.5, 0.809017, 0.0, -0.5, -0.809017, -0.309017, 0.0, 0.809017, -0.309017, -0.5, 0.0, 0.0, 0.0, 0.0, 1.0 ], [ -0.809017, 0.309017, 0.5, 0.0, 0.309017, -0.5, 0.809017, 0.0, 0.5, 0.809017, 0.309017, 0.0, 0.0, 0.0, 0.0, 1.0 ], [ -0.5, -0.809017, 0.309017, 0.0, -0.809017, 0.309017, -0.5, 0.0, 0.309017, -0.5, -0.809017, 0.0, 0.0, 0.0, 0.0, 1.0 ], [ -0.309017, 0.5, 0.809017, 0.0, -0.5, -0.809017, 0.309017, 0.0, 0.809017, -0.309017, 0.5, 0.0, 0.0, 0.0, 0.0, 1.0 ], [ -0.809017, 0.309017, -0.5, 0.0, -0.309017, 0.5, 0.809017, 0.0, 0.5, 0.809017, -0.309017, 0.0, 0.0, 0.0, 0.0, 1.0 ], [ -0.809017, -0.309017, 0.5, 0.0, -0.309017, -0.5, -0.809017, 0.0, 0.5, -0.809017, 0.309017, 0.0, 0.0, 0.0, 0.0, 1.0 ], [ -0.5, 0.809017, -0.309017, 0.0, -0.809017, -0.309017, 0.5, 0.0, 0.309017, 0.5, 0.809017, 0.0, 0.0, 0.0, 0.0, 1.0 ], [ -0.309017, -0.5, -0.809017, 0.0, -0.5, 0.809017, -0.309017, 0.0, 0.809017, 0.309017, -0.5, 0.0, 0.0, 0.0, 0.0, 1.0 ], [ -1.0, 0.0, 0.0, 0.0, 0.0, 1.0, 0.0, 0.0, 0.0, 0.0, -1.0, 0.0, 0.0, 0.0, 0.0, 1.0 ], [ 0.0, 0.0, -1.0, 0.0, 1.0, 0.0, 0.0, 0.0, 0.0, -1.0, 0.0, 0.0, 0.0, 0.0, 0.0, 1.0 ], [ 0.0, -1.0, 0.0, 0.0, 0.0, 0.0, 1.0, 0.0, -1.0, 0.0, 0.0, 0.0, 0.0, 0.0, 0.0, 1.0 ], [ -0.809017, -0.309017, -0.5, 0.0, 0.309017, 0.5, -0.809017, 0.0, 0.5, -0.809017, -0.309017, 0.0, 0.0, 0.0, 0.0, 1.0 ], [ 0.5, -0.809017, -0.309017, 0.0, 0.809017, 0.309017, 0.5, 0.0, -0.309017, -0.5, 0.809017, 0.0, 0.0, 0.0, 0.0, 1.0 ], [ -0.309017, -0.5, 0.809017, 0.0, -0.5, 0.809017, 0.309017, 0.0, -0.809017, -0.309017, -0.5, 0.0, 0.0, 0.0, 0.0, 1.0 ], [ -0.5, -0.809017, -0.309017, 0.0, 0.809017, -0.309017, -0.5, 0.0, 0.309017, -0.5, 0.809017, 0.0, 0.0, 0.0, 0.0, 1.0 ], [ 0.309017, -0.5, 0.809017, 0.0, 0.5, 0.809017, 0.309017, 0.0, -0.809017, 0.309017, 0.5, 0.0, 0.0, 0.0, 0.0, 1.0 ], [ -0.809017, 0.309017, 0.5, 0.0, -0.309017, 0.5, -0.809017, 0.0, -0.5, -0.809017, -0.309017, 0.0, 0.0, 0.0, 0.0, 1.0 ], [ -0.5, -0.809017, 0.309017, 0.0, 0.809017, -0.309017, 0.5, 0.0, -0.309017, 0.5, 0.809017, 0.0, 0.0, 0.0, 0.0, 1.0 ], [ -0.309017, 0.5, 0.809017, 0.0, 0.5, 0.809017, -0.309017, 0.0, -0.809017, 0.309017, -0.5, 0.0, 0.0, 0.0, 0.0, 1.0 ], [ -0.809017, 0.309017, -0.5, 0.0, 0.309017, -0.5, -0.809017, 0.0, -0.5, -0.809017, 0.309017, 0.0, 0.0, 0.0, 0.0, 1.0 ], [ -0.809017, -0.309017, 0.5, 0.0, 0.309017, 0.5, 0.809017, 0.0, -0.5, 0.809017, -0.309017, 0.0, 0.0, 0.0, 0.0, 1.0 ], [ -0.5, 0.809017, -0.309017, 0.0, 0.809017, 0.309017, -0.5, 0.0, -0.309017, -0.5, -0.809017, 0.0, 0.0, 0.0, 0.0, 1.0 ], [ -0.309017, -0.5, -0.809017, 0.0, 0.5, -0.809017, 0.309017, 0.0, -0.809017, -0.309017, 0.5, 0.0, 0.0, 0.0, 0.0, 1.0 ] ],
  "lights" : {
    "directionalLights" : [ {
      "direction" : [ 1.0, -1.0, -1.0 ],
      "color" : "#EBEBE4"
    }, {
      "direction" : [ -1.0, 0.0, 0.0 ],
      "color" : "#E4E4EB"
    }, {
      "direction" : [ 0.0, 0.0, -1.0 ],
      "color" : "#1E1E1E"
    } ],
    "ambientColor" : "#292929",
    "backgroundColor" : "#AFC8DC"
  },
  "camera" : {
    "position" : {
      "x" : 0.0,
      "y" : 0.0,
      "z" : 90.81999
    },
    "width" : 40.868996,
    "perspective" : false,
    "upDirectionRV" : {
      "x" : -0.8506508,
      "y" : -0.5257311,
      "z" : -0.0,
      "zero" : false
    },
    "lookAtPointRV" : {
      "x" : 0.0,
      "y" : 0.0,
      "z" : 0.0,
      "zero" : true
    },
    "lookDirectionRV" : {
      "x" : 0.0,
      "y" : 0.0,
      "z" : -1.0,
      "zero" : false
    },
    "viewDistance" : 90.81999,
    "fieldOfView" : 0.44262886,
    "nearClipDistance" : 0.22704998,
    "lookDirection" : {
      "x" : 0.0,
      "y" : 0.0,
      "z" : -1.0
    },
    "lookAtPoint" : {
      "x" : 0.0,
      "y" : 0.0,
      "z" : 0.0
    },
    "upDirection" : {
      "x" : -0.8506508,
      "y" : -0.5257311,
      "z" : -0.0
    },
    "farClipDistance" : 181.63998,
    "stereo" : false
  },
  "embedding" : [ 1.0, 0.0, 0.0, 0.0, 0.0, 1.0, 0.0, 0.0, 0.0, 0.0, 1.0, 0.0, 0.0, 0.0, 0.0, 1.0 ],
  "shapes" : [ {
    "id" : "5a67f084-32ef-4682-9fb1-9262268395c1",
    "vertices" : [ {
      "x" : 0.0,
      "y" : 0.0,
      "z" : 0.0
    }, {
      "x" : 0.0,
      "y" : 8.472136,
      "z" : 0.0
    }, {
      "x" : 2.618034,
      "y" : 4.236068,
      "z" : 6.854102
    } ],
    "faces" : [ {
      "vertices" : [ 0, 1, 2 ]
    }, {
      "vertices" : [ 0, 2, 1 ]
    } ]
  }, {
    "id" : "e1abd78c-15ab-4216-b1e1-446aee2e051a",
    "orbit" : "blue",
    "orbitC" : "[[0,0,1],[0,0,1]]",
    "length" : "[1,0,1]",
    "name" : "b1",
    "vertices" : [ {
      "x" : 1.0,
      "y" : 0.309017,
      "z" : 0.19098301
    }, {
      "x" : 1.0,
      "y" : -0.309017,
      "z" : 0.19098301
    }, {
      "x" : 7.472136,
      "y" : -0.309017,
      "z" : 0.19098301
    }, {
      "x" : 7.472136,
      "y" : 0.309017,
      "z" : 0.19098301
    }, {
      "x" : 7.472136,
      "y" : -0.309017,
      "z" : -0.19098301
    }, {
      "x" : 7.472136,
      "y" : 0.309017,
      "z" : -0.19098301
    }, {
      "x" : 8.09017,
      "y" : 0.0,
      "z" : 0.0
    }, {
      "x" : 0.38196602,
      "y" : 0.0,
      "z" : 0.0
    }, {
      "x" : 1.0,
      "y" : 0.309017,
      "z" : -0.19098301
    }, {
      "x" : 1.0,
      "y" : -0.309017,
      "z" : -0.19098301
    }, {
      "x" : 8.472136,
      "y" : 0.0,
      "z" : 0.0
    } ],
    "faces" : [ {
      "vertices" : [ 1, 9, 4, 2 ]
    }, {
      "vertices" : [ 0, 3, 5, 8 ]
    }, {
      "vertices" : [ 1, 7, 9 ]
    }, {
      "vertices" : [ 0, 1, 2, 3 ]
    }, {
      "vertices" : [ 7, 8, 9 ]
    }, {
      "vertices" : [ 0, 7, 1 ]
    }, {
      "vertices" : [ 4, 9, 8, 5 ]
    }, {
      "vertices" : [ 2, 6, 3 ]
    }, {
      "vertices" : [ 2, 4, 6 ]
    }, {
      "vertices" : [ 3, 6, 5 ]
    }, {
      "vertices" : [ 4, 5, 6 ]
    }, {
      "vertices" : [ 0, 8, 7 ]
    } ]
  }, {
    "id" : "01c0e975-f8c4-40d7-86d0-b4531840a75a",
    "name" : "ball",
    "vertices" : [ {
      "x" : -0.309017,
      "y" : -0.19098301,
      "z" : 0.0
    }, {
      "x" : -0.309017,
      "y" : 0.19098301,
      "z" : 0.0
    }, {
      "x" : -0.19098301,
      "y" : 0.0,
      "z" : -0.309017
    }, {
      "x" : -0.19098301,
      "y" : 0.0,
      "z" : 0.309017
    }, {
      "x" : 0.0,
      "y" : -0.309017,
      "z" : -0.19098301
    }, {
      "x" : 0.0,
      "y" : -0.309017,
      "z" : 0.19098301
    }, {
      "x" : 0.0,
      "y" : 0.309017,
      "z" : -0.19098301
    }, {
      "x" : 0.0,
      "y" : 0.309017,
      "z" : 0.19098301
    }, {
      "x" : 0.19098301,
      "y" : 0.0,
      "z" : -0.309017
    }, {
      "x" : 0.19098301,
      "y" : 0.0,
      "z" : 0.309017
    }, {
      "x" : 0.309017,
      "y" : -0.19098301,
      "z" : 0.0
    }, {
      "x" : 0.309017,
      "y" : 0.19098301,
      "z" : 0.0
    } ],
    "faces" : [ {
      "vertices" : [ 0, 1, 2 ]
    }, {
      "vertices" : [ 0, 3, 1 ]
    }, {
      "vertices" : [ 0, 2, 4 ]
    }, {
      "vertices" : [ 0, 5, 3 ]
    }, {
      "vertices" : [ 0, 4, 5 ]
    }, {
      "vertices" : [ 1, 6, 2 ]
    }, {
      "vertices" : [ 1, 3, 7 ]
    }, {
      "vertices" : [ 1, 7, 6 ]
    }, {
      "vertices" : [ 2, 8, 4 ]
    }, {
      "vertices" : [ 2, 6, 8 ]
    }, {
      "vertices" : [ 3, 5, 9 ]
    }, {
      "vertices" : [ 3, 9, 7 ]
    }, {
      "vertices" : [ 4, 10, 5 ]
    }, {
      "vertices" : [ 4, 8, 10 ]
    }, {
      "vertices" : [ 5, 10, 9 ]
    }, {
      "vertices" : [ 6, 7, 11 ]
    }, {
      "vertices" : [ 6, 11, 8 ]
    }, {
      "vertices" : [ 7, 9, 11 ]
    }, {
      "vertices" : [ 8, 11, 10 ]
    }, {
      "vertices" : [ 9, 10, 11 ]
    } ]
  }, {
    "id" : "53d8fb58-e028-4a07-8bd3-432e99b448ca",
    "vertices" : [ {
      "x" : 0.0,
      "y" : 0.0,
      "z" : 0.0
    }, {
      "x" : 5.4068885,
      "y" : 4.959675,
      "z" : -4.236068
    }, {
      "x" : 12.984597,
      "y" : 1.1708204,
      "z" : -4.236068
    }, {
      "x" : 12.26099,
      "y" : -6.130495,
      "z" : 0.0
    }, {
      "x" : 4.236068,
      "y" : -6.854102,
      "z" : 2.618034
    } ],
    "faces" : [ {
      "vertices" : [ 0, 1, 2, 3, 4 ]
    }, {
      "vertices" : [ 0, 4, 3, 2, 1 ]
    } ]
  }, {
    "id" : "8cfca782-dfcc-4dbd-8258-b45c39f6ab0d",
    "orbit" : "0",
    "orbitC" : "[[1,0,2],[0,0,1]]",
    "length" : "[1,0,1]",
    "name" : "short",
    "vertices" : [ {
      "x" : 4.3632493,
      "y" : 0.5448013,
      "z" : -6.372922
    }, {
      "x" : 4.463249,
      "y" : 0.14480127,
      "z" : -6.4729223
    }, {
      "x" : 0.5964254,
      "y" : -0.097587675,
      "z" : -0.4811798
    }, {
      "x" : 0.49642542,
      "y" : 0.30241233,
      "z" : -0.3811798
    }, {
      "x" : 4.7632494,
      "y" : 0.2781346,
      "z" : -6.2395887
    }, {
      "x" : 4.6632495,
      "y" : 0.6781346,
      "z" : -6.139589
    }, {
      "x" : 0.19642544,
      "y" : 0.16907899,
      "z" : -0.61451316
    }, {
      "x" : 0.29642543,
      "y" : -0.230921,
      "z" : -0.7145131
    } ],
    "faces" : [ {
      "vertices" : [ 2, 3, 6, 7 ]
    }, {
      "vertices" : [ 0, 5, 4, 1 ]
    }, {
      "vertices" : [ 2, 4, 5, 3 ]
    }, {
      "vertices" : [ 0, 6, 3, 5 ]
    }, {
      "vertices" : [ 0, 1, 7, 6 ]
    }, {
      "vertices" : [ 1, 4, 2, 7 ]
    } ]
  }, {
    "id" : "7df7b652-a12f-4aa4-9f2c-79593da8613c",
    "vertices" : [ {
      "x" : 0.0,
      "y" : 0.0,
      "z" : 0.0
    }, {
      "x" : 0.0,
      "y" : 0.0,
      "z" : -8.472136
    }, {
      "x" : 5.4068885,
      "y" : 4.959675,
      "z" : -4.236068
    } ],
    "faces" : [ {
      "vertices" : [ 0, 1, 2 ]
    }, {
      "vertices" : [ 0, 2, 1 ]
    } ]
  }, {
    "id" : "d4094632-0ecf-4c4b-82a1-5951ba3a178a",
    "vertices" : [ {
      "x" : 0.0,
      "y" : 0.0,
      "z" : 0.0
    }, {
      "x" : 2.618034,
      "y" : -4.236068,
      "z" : -6.854102
    }, {
      "x" : 0.0,
      "y" : 0.0,
      "z" : -13.708204
    }, {
      "x" : -4.236068,
      "y" : 6.854102,
      "z" : -11.09017
    }, {
      "x" : -4.236068,
      "y" : 6.854102,
      "z" : -2.618034
    } ],
    "faces" : [ {
      "vertices" : [ 0, 1, 2, 3, 4 ]
    }, {
      "vertices" : [ 0, 4, 3, 2, 1 ]
    } ]
  }, {
    "id" : "c6e11e58-76ce-449b-a1ff-eef5d3b7c8ac",
    "vertices" : [ {
      "x" : 0.0,
      "y" : 0.0,
      "z" : 0.0
    }, {
      "x" : 2.618034,
      "y" : -4.236068,
      "z" : 6.854102
    }, {
      "x" : 7.5777087,
      "y" : -3.7888544,
      "z" : 0.0
    } ],
    "faces" : [ {
      "vertices" : [ 0, 1, 2 ]
    }, {
      "vertices" : [ 0, 2, 1 ]
    } ]
  }, {
    "id" : "dee6b6e6-ec47-40e0-b197-7b32516eb97f",
    "vertices" : [ {
      "x" : 0.0,
      "y" : 0.0,
      "z" : 0.0
    }, {
      "x" : -2.618034,
      "y" : 4.236068,
      "z" : -6.854102
    }, {
      "x" : 0.0,
      "y" : 8.472136,
      "z" : 0.0
    } ],
    "faces" : [ {
      "vertices" : [ 0, 1, 2 ]
    }, {
      "vertices" : [ 0, 2, 1 ]
    } ]
  }, {
    "id" : "5c272d4a-1a58-4bb4-ba61-ccfdceaf7d0a",
    "vertices" : [ {
      "x" : 0.0,
      "y" : 0.0,
      "z" : 0.0
    }, {
      "x" : 5.4068885,
      "y" : 4.959675,
      "z" : 4.236068
    }, {
      "x" : 0.0,
      "y" : 0.0,
      "z" : 8.472136
    } ],
    "faces" : [ {
      "vertices" : [ 0, 1, 2 ]
    }, {
      "vertices" : [ 0, 2, 1 ]
    } ]
  }, {
    "id" : "b1408b10-625b-4196-9c26-f94fc1ce6f78",
    "vertices" : [ {
      "x" : 0.0,
      "y" : 0.0,
      "z" : 0.0
    }, {
      "x" : -2.618034,
      "y" : -4.236068,
      "z" : -6.854102
    }, {
      "x" : -2.618034,
      "y" : 4.236068,
      "z" : -6.854102
    } ],
    "faces" : [ {
      "vertices" : [ 0, 1, 2 ]
    }, {
      "vertices" : [ 0, 2, 1 ]
    } ]
  }, {
    "id" : "5c1b7004-04e4-4f58-b970-59b02978dfb8",
    "orbit" : "1",
    "orbitC" : "[[-8,5,1],[-11,7,1]]",
    "length" : "[1,0,1]",
    "name" : "short",
    "vertices" : [ {
      "x" : -7.4421387,
      "y" : -0.79837924,
      "z" : 2.2061586
    }, {
      "x" : -7.5421386,
      "y" : -0.39837924,
      "z" : 2.3061585
    }, {
      "x" : -0.58278376,
      "y" : 0.074772425,
      "z" : 0.41187537
    }, {
      "x" : -0.48278376,
      "y" : -0.3252276,
      "z" : 0.31187534
    }, {
      "x" : -7.3088055,
      "y" : -0.53171253,
      "z" : 2.6061587
    }, {
      "x" : -7.208805,
      "y" : -0.93171257,
      "z" : 2.5061586
    }, {
      "x" : -0.7161171,
      "y" : -0.19189425,
      "z" : 0.011875356
    }, {
      "x" : -0.8161171,
      "y" : 0.20810576,
      "z" : 0.111875355
    } ],
    "faces" : [ {
      "vertices" : [ 2, 3, 6, 7 ]
    }, {
      "vertices" : [ 0, 5, 4, 1 ]
    }, {
      "vertices" : [ 2, 4, 5, 3 ]
    }, {
      "vertices" : [ 0, 6, 3, 5 ]
    }, {
      "vertices" : [ 0, 1, 7, 6 ]
    }, {
      "vertices" : [ 1, 4, 2, 7 ]
    } ]
  }, {
    "id" : "fc9b33f9-ea8a-468a-9f60-f7a19d8caa30",
    "vertices" : [ {
      "x" : 0.0,
      "y" : 0.0,
      "z" : 0.0
    }, {
      "x" : 2.618034,
      "y" : -4.236068,
      "z" : 6.854102
    }, {
      "x" : 0.0,
      "y" : -8.472136,
      "z" : 0.0
    } ],
    "faces" : [ {
      "vertices" : [ 0, 1, 2 ]
    }, {
      "vertices" : [ 0, 2, 1 ]
    } ]
  }, {
    "id" : "b5365fe5-3900-4e1e-8d40-84db5d708b11",
    "vertices" : [ {
      "x" : 0.0,
      "y" : 0.0,
      "z" : 0.0
    }, {
      "x" : 2.618034,
      "y" : -4.236068,
      "z" : 6.854102
    }, {
      "x" : 6.854102,
      "y" : -11.09017,
      "z" : 4.236068
    }, {
      "x" : 6.854102,
      "y" : -11.09017,
      "z" : -4.236068
    }, {
      "x" : 2.618034,
      "y" : -4.236068,
      "z" : -6.854102
    } ],
    "faces" : [ {
      "vertices" : [ 0, 1, 2, 3, 4 ]
    }, {
      "vertices" : [ 0, 4, 3, 2, 1 ]
    } ]
  }, {
    "id" : "cbfe3ec4-c984-469b-ad38-d7d56e27a7fd",
    "vertices" : [ {
      "x" : 0.0,
      "y" : 0.0,
      "z" : 0.0
    }, {
      "x" : -5.4068885,
      "y" : -4.959675,
      "z" : 4.236068
    }, {
      "x" : -5.4068885,
      "y" : -4.959675,
      "z" : -4.236068
    } ],
    "faces" : [ {
      "vertices" : [ 0, 1, 2 ]
    }, {
      "vertices" : [ 0, 2, 1 ]
    } ]
  }, {
    "id" : "cfdc02ac-edee-4b44-aa43-bc60f1eb4d68",
    "vertices" : [ {
      "x" : 0.0,
      "y" : 0.0,
      "z" : 0.0
    }, {
      "x" : -7.5777087,
      "y" : 3.7888544,
      "z" : 0.0
    }, {
      "x" : -4.959675,
      "y" : -0.4472136,
      "z" : 6.854102
    } ],
    "faces" : [ {
      "vertices" : [ 0, 1, 2 ]
    }, {
      "vertices" : [ 0, 2, 1 ]
    } ]
  } ],
  "instances" : [ {
    "shape" : "5a67f084-32ef-4682-9fb1-9262268395c1",
    "color" : "#FFD98C",
    "position" : {
      "x" : -6.130495,
      "y" : 9.91935,
      "z" : 0.0
    },
    "orientation" : 17
  }, {
    "shape" : "e1abd78c-15ab-4216-b1e1-446aee2e051a",
    "color" : "#008EC2",
    "position" : {
      "x" : 9.195743,
      "y" : -1.1708204,
      "z" : 4.236068
    },
    "orientation" : 51
  }, {
    "shape" : "e1abd78c-15ab-4216-b1e1-446aee2e051a",
    "color" : "#008EC2",
    "position" : {
      "x" : 4.959675,
      "y" : -8.024922,
      "z" : 6.854102
    },
    "orientation" : 6
  }, {
    "shape" : "01c0e975-f8c4-40d7-86d0-b4531840a75a",
    "color" : "#F2F2F2",
    "position" : {
      "x" : -1.8944272,
      "y" : 3.0652475,
      "z" : 11.09017
    }
  }, {
    "shape" : "e1abd78c-15ab-4216-b1e1-446aee2e051a",
    "color" : "#008EC2",
    "position" : {
      "x" : -1.8944272,
      "y" : 3.0652475,
      "z" : -2.618034
    },
    "orientation" : 51
  }, {
    "shape" : "e1abd78c-15ab-4216-b1e1-446aee2e051a",
    "color" : "#008EC2",
    "position" : {
      "x" : 9.195743,
      "y" : -1.1708204,
      "z" : -4.236068
    },
    "orientation" : 2
  }, {
    "shape" : "53d8fb58-e028-4a07-8bd3-432e99b448ca",
    "color" : "#FFFFFF",
    "position" : {
      "x" : -7.301316,
      "y" : -1.8944272,
      "z" : 6.854102
    },
    "orientation" : 6
  }, {
    "shape" : "01c0e975-f8c4-40d7-86d0-b4531840a75a",
    "color" : "#F2F2F2",
    "position" : {
      "x" : 9.195743,
      "y" : -1.1708204,
      "z" : -4.236068
    }
  }, {
    "shape" : "8cfca782-dfcc-4dbd-8258-b45c39f6ab0d",
    "color" : "#B8860B",
    "position" : {
      "x" : -1.1708204,
      "y" : 10.366563,
      "z" : -6.854102
    },
    "orientation" : 39
  }, {
    "shape" : "e1abd78c-15ab-4216-b1e1-446aee2e051a",
    "color" : "#008EC2",
    "position" : {
      "x" : 2.3416407,
      "y" : -3.7888544,
      "z" : 0.0
    },
    "orientation" : 16
  }, {
    "shape" : "7df7b652-a12f-4aa4-9f2c-79593da8613c",
    "color" : "#FFFFFF",
    "position" : {
      "x" : 4.959675,
      "y" : -8.024922,
      "z" : -6.854102
    },
    "orientation" : 39
  }, {
    "shape" : "01c0e975-f8c4-40d7-86d0-b4531840a75a",
    "color" : "#F2F2F2",
    "position" : {
      "x" : 0.7236068,
      "y" : -1.1708204,
      "z" : -4.236068
    }
  }, {
    "shape" : "d4094632-0ecf-4c4b-82a1-5951ba3a178a",
    "color" : "#EC888B",
    "position" : {
      "x" : -7.301316,
      "y" : -1.8944272,
      "z" : 6.854102
    },
    "orientation" : 30
  }, {
    "shape" : "c6e11e58-76ce-449b-a1ff-eef5d3b7c8ac",
    "color" : "#FFFFFF",
    "position" : {
      "x" : -1.8944272,
      "y" : 3.0652475,
      "z" : -11.09017
    },
    "orientation" : 0
  }, {
    "shape" : "01c0e975-f8c4-40d7-86d0-b4531840a75a",
    "color" : "#F2F2F2",
    "position" : {
      "x" : -9.91935,
      "y" : 2.3416407,
      "z" : 0.0
    }
  }, {
    "shape" : "dee6b6e6-ec47-40e0-b197-7b32516eb97f",
    "color" : "#FFD98C",
    "position" : {
      "x" : 2.3416407,
      "y" : -3.7888544,
      "z" : 0.0
    },
    "orientation" : 30
  }, {
    "shape" : "8cfca782-dfcc-4dbd-8258-b45c39f6ab0d",
    "color" : "#B8860B",
    "position" : {
      "x" : 4.959675,
      "y" : -8.024922,
      "z" : 6.854102
    },
    "orientation" : 6
  }, {
    "shape" : "e1abd78c-15ab-4216-b1e1-446aee2e051a",
    "color" : "#008EC2",
    "position" : {
      "x" : 4.959675,
      "y" : 5.6832814,
      "z" : -6.854102
    },
    "orientation" : 41
  }, {
    "shape" : "e1abd78c-15ab-4216-b1e1-446aee2e051a",
    "color" : "#008EC2",
    "position" : {
      "x" : 2.3416407,
      "y" : 9.91935,
      "z" : 0.0
    },
    "orientation" : 45
  }, {
    "shape" : "5a67f084-32ef-4682-9fb1-9262268395c1",
    "color" : "#FFD98C",
    "position" : {
      "x" : 0.7236068,
      "y" : -1.1708204,
      "z" : 4.236068
    },
    "orientation" : 2
  }, {
    "shape" : "01c0e975-f8c4-40d7-86d0-b4531840a75a",
    "color" : "#F2F2F2",
    "position" : {
      "x" : 2.3416407,
      "y" : -12.26099,
      "z" : 0.0
    }
  }, {
    "shape" : "5c272d4a-1a58-4bb4-ba61-ccfdceaf7d0a",
    "color" : "#FFFFFF",
    "position" : {
      "x" : -3.0652475,
      "y" : -8.748529,
      "z" : -4.236068
    },
    "orientation" : 0
  }, {
    "shape" : "8cfca782-dfcc-4dbd-8258-b45c39f6ab0d",
    "color" : "#B8860B",
    "position" : {
      "x" : 5.6832814,
      "y" : -0.7236068,
      "z" : -11.09017
    },
    "orientation" : 42
  }, {
    "shape" : "e1abd78c-15ab-4216-b1e1-446aee2e051a",
    "color" : "#008EC2",
    "position" : {
      "x" : 0.7236068,
      "y" : -1.1708204,
      "z" : 4.236068
    },
    "orientation" : 21
  }, {
    "shape" : "01c0e975-f8c4-40d7-86d0-b4531840a75a",
    "color" : "#F2F2F2",
    "position" : {
      "x" : 0.7236068,
      "y" : -1.1708204,
      "z" : 4.236068
    }
  }, {
    "shape" : "e1abd78c-15ab-4216-b1e1-446aee2e051a",
    "color" : "#008EC2",
    "position" : {
      "x" : 4.959675,
      "y" : -8.024922,
      "z" : 6.854102
    },
    "orientation" : 22
  }, {
    "shape" : "e1abd78c-15ab-4216-b1e1-446aee2e051a",
    "color" : "#008EC2",
    "position" : {
      "x" : -3.0652475,
      "y" : -8.748529,
      "z" : -4.236068
    },
    "orientation" : 2
  }, {
    "shape" : "b1408b10-625b-4196-9c26-f94fc1ce6f78",
    "color" : "#FFD98C",
    "position" : {
      "x" : 0.7236068,
      "y" : -1.1708204,
      "z" : -4.236068
    },
    "orientation" : 22
  }, {
    "shape" : "01c0e975-f8c4-40d7-86d0-b4531840a75a",
    "color" : "#F2F2F2",
    "position" : {
      "x" : 4.959675,
      "y" : 5.6832814,
      "z" : -6.854102
    }
  }, {
    "shape" : "e1abd78c-15ab-4216-b1e1-446aee2e051a",
    "color" : "#008EC2",
    "position" : {
      "x" : 2.3416407,
      "y" : -3.7888544,
      "z" : 0.0
    },
    "orientation" : 37
  }, {
    "shape" : "53d8fb58-e028-4a07-8bd3-432e99b448ca",
    "color" : "#FFFFFF",
    "position" : {
      "x" : -3.0652475,
      "y" : -8.748529,
      "z" : 4.236068
    },
    "orientation" : 9
  }, {
    "shape" : "01c0e975-f8c4-40d7-86d0-b4531840a75a",
    "color" : "#F2F2F2",
    "position" : {
      "x" : -3.0652475,
      "y" : -8.748529,
      "z" : -4.236068
    }
  }, {
    "shape" : "01c0e975-f8c4-40d7-86d0-b4531840a75a",
    "color" : "#F2F2F2",
    "position" : {
      "x" : 2.3416407,
      "y" : -3.7888544,
      "z" : 0.0
    }
  }, {
    "shape" : "5c1b7004-04e4-4f58-b970-59b02978dfb8",
    "color" : "#B0E0E6",
    "position" : {
      "x" : -6.130495,
      "y" : 9.91935,
      "z" : 0.0
    },
    "orientation" : 6
  }, {
    "shape" : "8cfca782-dfcc-4dbd-8258-b45c39f6ab0d",
    "color" : "#B8860B",
    "position" : {
      "x" : 0.7236068,
      "y" : -1.1708204,
      "z" : -4.236068
    },
    "orientation" : 0
  }, {
    "shape" : "5a67f084-32ef-4682-9fb1-9262268395c1",
    "color" : "#FFD98C",
    "position" : {
      "x" : 0.7236068,
      "y" : -1.1708204,
      "z" : -4.236068
    },
    "orientation" : 17
  }, {
    "shape" : "fc9b33f9-ea8a-468a-9f60-f7a19d8caa30",
    "color" : "#FFD98C",
    "position" : {
      "x" : -1.8944272,
      "y" : 3.0652475,
      "z" : -2.618034
    },
    "orientation" : 1
  }, {
    "shape" : "01c0e975-f8c4-40d7-86d0-b4531840a75a",
    "color" : "#F2F2F2",
    "position" : {
      "x" : -1.1708204,
      "y" : 10.366563,
      "z" : 6.854102
    }
  }, {
    "shape" : "53d8fb58-e028-4a07-8bd3-432e99b448ca",
    "color" : "#FFFFFF",
    "position" : {
      "x" : -7.301316,
      "y" : -1.8944272,
      "z" : -6.854102
    },
    "orientation" : 0
  }, {
    "shape" : "e1abd78c-15ab-4216-b1e1-446aee2e051a",
    "color" : "#008EC2",
    "position" : {
      "x" : 2.3416407,
      "y" : 9.91935,
      "z" : 0.0
    },
    "orientation" : 37
  }, {
    "shape" : "e1abd78c-15ab-4216-b1e1-446aee2e051a",
    "color" : "#008EC2",
    "position" : {
      "x" : 9.195743,
      "y" : -1.1708204,
      "z" : 4.236068
    },
    "orientation" : 45
  }, {
    "shape" : "e1abd78c-15ab-4216-b1e1-446aee2e051a",
    "color" : "#008EC2",
    "position" : {
      "x" : -1.8944272,
      "y" : 3.0652475,
      "z" : -2.618034
    },
    "orientation" : 47
  }, {
    "shape" : "e1abd78c-15ab-4216-b1e1-446aee2e051a",
    "color" : "#008EC2",
    "position" : {
      "x" : 0.7236068,
      "y" : -1.1708204,
      "z" : -4.236068
    },
    "orientation" : 24
  }, {
    "shape" : "01c0e975-f8c4-40d7-86d0-b4531840a75a",
    "color" : "#F2F2F2",
    "position" : {
      "x" : -6.130495,
      "y" : 9.91935,
      "z" : 0.0
    }
  }, {
    "shape" : "5a67f084-32ef-4682-9fb1-9262268395c1",
    "color" : "#FFD98C",
    "position" : {
      "x" : -1.8944272,
      "y" : 3.0652475,
      "z" : 2.618034
    },
    "orientation" : 7
  }, {
    "shape" : "e1abd78c-15ab-4216-b1e1-446aee2e051a",
    "color" : "#008EC2",
    "position" : {
      "x" : 4.959675,
      "y" : 5.6832814,
      "z" : 6.854102
    },
    "orientation" : 41
  }, {
    "shape" : "e1abd78c-15ab-4216-b1e1-446aee2e051a",
    "color" : "#008EC2",
    "position" : {
      "x" : -9.91935,
      "y" : 2.3416407,
      "z" : 0.0
    },
    "orientation" : 37
  }, {
    "shape" : "01c0e975-f8c4-40d7-86d0-b4531840a75a",
    "color" : "#F2F2F2",
    "position" : {
      "x" : -1.1708204,
      "y" : 10.366563,
      "z" : -6.854102
    }
  }, {
    "shape" : "01c0e975-f8c4-40d7-86d0-b4531840a75a",
    "color" : "#F2F2F2",
    "position" : {
      "x" : -7.301316,
      "y" : -1.8944272,
      "z" : 6.854102
    }
  }, {
    "shape" : "e1abd78c-15ab-4216-b1e1-446aee2e051a",
    "color" : "#008EC2",
    "position" : {
      "x" : 4.959675,
      "y" : 5.6832814,
      "z" : -6.854102
    },
    "orientation" : 7
  }, {
    "shape" : "8cfca782-dfcc-4dbd-8258-b45c39f6ab0d",
    "color" : "#B8860B",
    "position" : {
      "x" : 5.6832814,
      "y" : -0.7236068,
      "z" : -11.09017
    },
    "orientation" : 36
  }, {
    "shape" : "e1abd78c-15ab-4216-b1e1-446aee2e051a",
    "color" : "#008EC2",
    "position" : {
      "x" : 9.195743,
      "y" : -1.1708204,
      "z" : -4.236068
    },
    "orientation" : 54
  }, {
    "shape" : "01c0e975-f8c4-40d7-86d0-b4531840a75a",
    "color" : "#F2F2F2",
    "position" : {
      "x" : -1.8944272,
      "y" : 3.0652475,
      "z" : -11.09017
    }
  }, {
    "shape" : "e1abd78c-15ab-4216-b1e1-446aee2e051a",
    "color" : "#008EC2",
    "position" : {
      "x" : 4.959675,
      "y" : 5.6832814,
      "z" : 6.854102
    },
    "orientation" : 36
  }, {
    "shape" : "53d8fb58-e028-4a07-8bd3-432e99b448ca",
    "color" : "#FFFFFF",
    "position" : {
      "x" : -9.91935,
      "y" : 2.3416407,
      "z" : 0.0
    },
    "orientation" : 3
  }, {
    "shape" : "01c0e975-f8c4-40d7-86d0-b4531840a75a",
    "color" : "#F2F2F2",
    "position" : {
      "x" : 4.959675,
      "y" : 5.6832814,
      "z" : 6.854102
    }
  }, {
    "shape" : "5c1b7004-04e4-4f58-b970-59b02978dfb8",
    "color" : "#B0E0E6",
    "position" : {
      "x" : 4.959675,
      "y" : -8.024922,
      "z" : -6.854102
    },
    "orientation" : 0
  }, {
    "shape" : "01c0e975-f8c4-40d7-86d0-b4531840a75a",
    "color" : "#F2F2F2",
    "position" : {
      "x" : -3.0652475,
      "y" : -8.748529,
      "z" : 4.236068
    }
  }, {
    "shape" : "01c0e975-f8c4-40d7-86d0-b4531840a75a",
    "color" : "#F2F2F2",
    "position" : {
      "x" : 5.6832814,
      "y" : -0.7236068,
      "z" : -11.09017
    }
  }, {
    "shape" : "e1abd78c-15ab-4216-b1e1-446aee2e051a",
    "color" : "#008EC2",
    "position" : {
      "x" : 4.959675,
      "y" : -8.024922,
      "z" : -6.854102
    },
    "orientation" : 7
  }, {
    "shape" : "b5365fe5-3900-4e1e-8d40-84db5d708b11",
    "color" : "#EC888B",
    "position" : {
      "x" : 2.3416407,
      "y" : 9.91935,
      "z" : 0.0
    },
    "orientation" : 0
  }, {
    "shape" : "fc9b33f9-ea8a-468a-9f60-f7a19d8caa30",
    "color" : "#FFD98C",
    "position" : {
      "x" : -1.8944272,
      "y" : 3.0652475,
      "z" : 11.09017
    },
    "orientation" : 1
  }, {
    "shape" : "e1abd78c-15ab-4216-b1e1-446aee2e051a",
    "color" : "#008EC2",
    "position" : {
      "x" : 9.195743,
      "y" : -1.1708204,
      "z" : -4.236068
    },
    "orientation" : 45
  }, {
    "shape" : "cbfe3ec4-c984-469b-ad38-d7d56e27a7fd",
    "color" : "#FFFFFF",
    "position" : {
      "x" : -3.0652475,
      "y" : -8.748529,
      "z" : 4.236068
    },
    "orientation" : 36
  }, {
    "shape" : "5c1b7004-04e4-4f58-b970-59b02978dfb8",
    "color" : "#B0E0E6",
    "position" : {
      "x" : 2.3416407,
      "y" : -3.7888544,
      "z" : 0.0
    },
    "orientation" : 9
  }, {
    "shape" : "01c0e975-f8c4-40d7-86d0-b4531840a75a",
    "color" : "#F2F2F2",
    "position" : {
      "x" : 4.959675,
      "y" : -8.024922,
      "z" : -6.854102
    }
  }, {
    "shape" : "e1abd78c-15ab-4216-b1e1-446aee2e051a",
    "color" : "#008EC2",
    "position" : {
      "x" : -3.0652475,
      "y" : -8.748529,
      "z" : -4.236068
    },
    "orientation" : 54
  }, {
    "shape" : "fc9b33f9-ea8a-468a-9f60-f7a19d8caa30",
    "color" : "#FFD98C",
    "position" : {
      "x" : -1.8944272,
      "y" : 3.0652475,
      "z" : -2.618034
    },
    "orientation" : 54
  }, {
    "shape" : "01c0e975-f8c4-40d7-86d0-b4531840a75a",
    "color" : "#F2F2F2",
    "position" : {
      "x" : 5.6832814,
      "y" : -0.7236068,
      "z" : 11.09017
    }
  }, {
    "shape" : "01c0e975-f8c4-40d7-86d0-b4531840a75a",
    "color" : "#F2F2F2",
    "position" : {
      "x" : -1.8944272,
      "y" : 3.0652475,
      "z" : -2.618034
    }
  }, {
    "shape" : "c6e11e58-76ce-449b-a1ff-eef5d3b7c8ac",
    "color" : "#FFFFFF",
    "position" : {
      "x" : -1.8944272,
      "y" : 3.0652475,
      "z" : 11.09017
    },
    "orientation" : 6
  }, {
    "shape" : "e1abd78c-15ab-4216-b1e1-446aee2e051a",
    "color" : "#008EC2",
    "position" : {
      "x" : 0.7236068,
      "y" : -1.1708204,
      "z" : 4.236068
    },
    "orientation" : 7
  }, {
    "shape" : "e1abd78c-15ab-4216-b1e1-446aee2e051a",
    "color" : "#008EC2",
    "position" : {
      "x" : 4.959675,
      "y" : 5.6832814,
      "z" : -6.854102
    },
    "orientation" : 53
  }, {
    "shape" : "c6e11e58-76ce-449b-a1ff-eef5d3b7c8ac",
    "color" : "#FFFFFF",
    "position" : {
      "x" : 4.959675,
      "y" : -8.024922,
      "z" : 6.854102
    },
    "orientation" : 9
  }, {
    "shape" : "cfdc02ac-edee-4b44-aa43-bc60f1eb4d68",
    "color" : "#FFFFFF",
    "position" : {
      "x" : 5.6832814,
      "y" : -0.7236068,
      "z" : 11.09017
    },
    "orientation" : 12
  }, {
    "shape" : "01c0e975-f8c4-40d7-86d0-b4531840a75a",
    "color" : "#F2F2F2",
    "position" : {
      "x" : -1.8944272,
      "y" : 3.0652475,
      "z" : 2.618034
    }
  }, {
    "shape" : "e1abd78c-15ab-4216-b1e1-446aee2e051a",
    "color" : "#008EC2",
    "position" : {
      "x" : -3.0652475,
      "y" : -8.748529,
      "z" : 4.236068
    },
    "orientation" : 51
  }, {
    "shape" : "e1abd78c-15ab-4216-b1e1-446aee2e051a",
    "color" : "#008EC2",
    "position" : {
      "x" : 4.959675,
      "y" : 5.6832814,
      "z" : 6.854102
    },
    "orientation" : 53
  }, {
    "shape" : "5a67f084-32ef-4682-9fb1-9262268395c1",
    "color" : "#FFD98C",
    "position" : {
      "x" : -1.8944272,
      "y" : 3.0652475,
      "z" : -11.09017
    },
    "orientation" : 24
  }, {
    "shape" : "cfdc02ac-edee-4b44-aa43-bc60f1eb4d68",
    "color" : "#FFFFFF",
    "position" : {
      "x" : -1.1708204,
      "y" : 10.366563,
      "z" : 6.854102
    },
    "orientation" : 9
  }, {
    "shape" : "01c0e975-f8c4-40d7-86d0-b4531840a75a",
    "color" : "#F2F2F2",
    "position" : {
      "x" : 9.195743,
      "y" : -1.1708204,
      "z" : 4.236068
    }
  }, {
    "shape" : "e1abd78c-15ab-4216-b1e1-446aee2e051a",
    "color" : "#008EC2",
    "position" : {
      "x" : -1.8944272,
      "y" : 3.0652475,
      "z" : 2.618034
    },
    "orientation" : 54
  }, {
    "shape" : "5a67f084-32ef-4682-9fb1-9262268395c1",
    "color" : "#FFD98C",
    "position" : {
      "x" : 0.7236068,
      "y" : -1.1708204,
      "z" : 4.236068
    },
    "orientation" : 5
  }, {
    "shape" : "5a67f084-32ef-4682-9fb1-9262268395c1",
    "color" : "#FFD98C",
    "position" : {
      "x" : 4.959675,
      "y" : -8.024922,
      "z" : 6.854102
    },
    "orientation" : 7
  }, {
    "shape" : "8cfca782-dfcc-4dbd-8258-b45c39f6ab0d",
    "color" : "#B8860B",
    "position" : {
      "x" : -1.8944272,
      "y" : 3.0652475,
      "z" : -2.618034
    },
    "orientation" : 3
  }, {
    "shape" : "5c1b7004-04e4-4f58-b970-59b02978dfb8",
    "color" : "#B0E0E6",
    "position" : {
      "x" : -1.8944272,
      "y" : 3.0652475,
      "z" : 11.09017
    },
    "orientation" : 9
  }, {
    "shape" : "8cfca782-dfcc-4dbd-8258-b45c39f6ab0d",
    "color" : "#B8860B",
    "position" : {
      "x" : -1.8944272,
      "y" : 3.0652475,
      "z" : 11.09017
    },
    "orientation" : 3
  }, {
    "shape" : "e1abd78c-15ab-4216-b1e1-446aee2e051a",
    "color" : "#008EC2",
    "position" : {
      "x" : 4.959675,
      "y" : -8.024922,
      "z" : -6.854102
    },
    "orientation" : 40
  }, {
    "shape" : "cfdc02ac-edee-4b44-aa43-bc60f1eb4d68",
    "color" : "#FFFFFF",
    "position" : {
      "x" : 5.6832814,
      "y" : -0.7236068,
      "z" : -11.09017
    },
    "orientation" : 3
  }, {
    "shape" : "e1abd78c-15ab-4216-b1e1-446aee2e051a",
    "color" : "#008EC2",
    "position" : {
      "x" : 2.3416407,
      "y" : 9.91935,
      "z" : 0.0
    },
    "orientation" : 36
  }, {
    "shape" : "5c1b7004-04e4-4f58-b970-59b02978dfb8",
    "color" : "#B0E0E6",
    "position" : {
      "x" : 2.3416407,
      "y" : -3.7888544,
      "z" : 0.0
    },
    "orientation" : 3
  }, {
    "shape" : "cfdc02ac-edee-4b44-aa43-bc60f1eb4d68",
    "color" : "#FFFFFF",
    "position" : {
      "x" : -1.1708204,
      "y" : 10.366563,
      "z" : -6.854102
    },
    "orientation" : 6
  }, {
    "shape" : "01c0e975-f8c4-40d7-86d0-b4531840a75a",
    "color" : "#F2F2F2",
    "position" : {
      "x" : -7.301316,
      "y" : -1.8944272,
      "z" : -6.854102
    }
  }, {
    "shape" : "8cfca782-dfcc-4dbd-8258-b45c39f6ab0d",
    "color" : "#B8860B",
    "position" : {
      "x" : -6.130495,
      "y" : 9.91935,
      "z" : 0.0
    },
    "orientation" : 9
  }, {
    "shape" : "5c1b7004-04e4-4f58-b970-59b02978dfb8",
    "color" : "#B0E0E6",
    "position" : {
      "x" : -7.301316,
      "y" : -1.8944272,
      "z" : -6.854102
    },
    "orientation" : 39
  }, {
    "shape" : "01c0e975-f8c4-40d7-86d0-b4531840a75a",
    "color" : "#F2F2F2",
    "position" : {
      "x" : 4.959675,
      "y" : -8.024922,
      "z" : 6.854102
    }
  }, {
    "shape" : "8cfca782-dfcc-4dbd-8258-b45c39f6ab0d",
    "color" : "#B8860B",
    "position" : {
      "x" : -1.1708204,
      "y" : 10.366563,
      "z" : -6.854102
    },
    "orientation" : 33
  }, {
    "shape" : "dee6b6e6-ec47-40e0-b197-7b32516eb97f",
    "color" : "#FFD98C",
    "position" : {
      "x" : 2.3416407,
      "y" : -3.7888544,
      "z" : 0.0
    },
    "orientation" : 38
  }, {
    "shape" : "e1abd78c-15ab-4216-b1e1-446aee2e051a",
    "color" : "#008EC2",
    "position" : {
      "x" : 4.959675,
      "y" : -8.024922,
      "z" : -6.854102
    },
    "orientation" : 9
  }, {
    "shape" : "8cfca782-dfcc-4dbd-8258-b45c39f6ab0d",
    "color" : "#B8860B",
    "position" : {
      "x" : 0.7236068,
      "y" : -1.1708204,
      "z" : 4.236068
    },
    "orientation" : 9
  }, {
    "shape" : "e1abd78c-15ab-4216-b1e1-446aee2e051a",
    "color" : "#008EC2",
    "position" : {
      "x" : 4.959675,
      "y" : 5.6832814,
      "z" : -6.854102
    },
    "orientation" : 39
  }, {
